id,Att,Live,Dead,FK,TB,Sw,Crs,TI,CK,In,Out,Str,Cmp,Off,Blocks
8f5cdf66,18.0,18.0,0.0,0.0,0.0,0.0,0,0.0,0.0,0.0,0.0,0.0,10.0,0.0,0.0
f586779e,366.0,336.0,27.0,1.0,2.0,1.0,5,1.0,0.0,0.0,0.0,0.0,251.0,3.0,5.0
771a2cfe,8.0,8.0,0.0,0.0,0.0,0.0,0,0.0,0.0,0.0,0.0,0.0,8.0,0.0,0.0
b96b595c,909.0,860.0,46.0,31.0,1.0,9.0,7,7.0,0.0,0.0,0.0,0.0,796.0,3.0,2.0
26777636,60.0,58.0,2.0,1.0,0.0,1.0,4,1.0,0.0,0.0,0.0,0.0,38.0,0.0,4.0
f9c927de,389.0,367.0,19.0,7.0,0.0,2.0,13,7.0,4.0,1.0,3.0,0.0,319.0,3.0,10.0
0154d290,135.0,132.0,3.0,0.0,0.0,1.0,4,2.0,0.0,0.0,0.0,0.0,102.0,0.0,4.0
46fa7204,516.0,497.0,14.0,2.0,2.0,1.0,23,4.0,5.0,3.0,2.0,0.0,369.0,5.0,25.0
246d153b,464.0,369.0,91.0,7.0,0.0,1.0,28,81.0,3.0,0.0,0.0,0.0,346.0,4.0,16.0
d810c13b,604.0,518.0,84.0,18.0,1.0,4.0,4,57.0,0.0,0.0,0.0,0.0,465.0,2.0,10.0
fdf4b948,225.0,223.0,2.0,2.0,1.0,1.0,4,0.0,0.0,0.0,0.0,0.0,175.0,0.0,9.0
5294a83f,994.0,864.0,125.0,38.0,8.0,4.0,84,5.0,65.0,33.0,27.0,0.0,800.0,5.0,16.0
ab472696,69.0,65.0,4.0,0.0,0.0,1.0,2,0.0,1.0,0.0,1.0,0.0,56.0,0.0,1.0
bcc81786,555.0,447.0,106.0,10.0,1.0,2.0,11,95.0,0.0,0.0,0.0,0.0,416.0,2.0,12.0
2df7cc43,16.0,9.0,7.0,0.0,0.0,0.0,0,3.0,0.0,0.0,0.0,0.0,11.0,0.0,1.0
2df7cc43,550.0,491.0,57.0,20.0,0.0,0.0,3,37.0,0.0,0.0,0.0,0.0,430.0,2.0,10.0
10b9fa99,850.0,776.0,69.0,34.0,2.0,12.0,10,35.0,0.0,0.0,0.0,0.0,653.0,5.0,12.0
5a2cb25d,1049.0,979.0,68.0,60.0,0.0,15.0,20,7.0,0.0,0.0,0.0,0.0,925.0,2.0,14.0
9f1893b9,859.0,834.0,23.0,2.0,3.0,5.0,29,10.0,3.0,1.0,2.0,0.0,659.0,2.0,25.0
38d9ce53,18.0,18.0,0.0,0.0,0.0,0.0,0,0.0,0.0,0.0,0.0,0.0,13.0,0.0,0.0
108fe016,206.0,204.0,2.0,2.0,0.0,0.0,0,0.0,0.0,0.0,0.0,0.0,184.0,0.0,0.0
8f68aa41,111.0,101.0,10.0,2.0,0.0,0.0,1,8.0,0.0,0.0,0.0,0.0,92.0,0.0,1.0
00459419,367.0,330.0,31.0,0.0,2.0,0.0,8,3.0,0.0,0.0,0.0,0.0,260.0,6.0,12.0
963a328b,414.0,380.0,34.0,20.0,0.0,10.0,20,5.0,9.0,3.0,1.0,0.0,334.0,0.0,10.0
a820e429,165.0,152.0,13.0,0.0,0.0,0.0,1,2.0,0.0,0.0,0.0,0.0,116.0,0.0,10.0
e26fcca3,435.0,412.0,21.0,11.0,0.0,4.0,5,5.0,5.0,0.0,3.0,0.0,358.0,2.0,9.0
a69cc629,228.0,196.0,31.0,11.0,0.0,7.0,19,3.0,15.0,7.0,6.0,0.0,144.0,1.0,7.0
0fdcef0e,226.0,215.0,10.0,5.0,1.0,2.0,8,0.0,5.0,2.0,2.0,0.0,196.0,1.0,3.0
649b01d8,885.0,602.0,278.0,84.0,0.0,0.0,0,0.0,0.0,0.0,0.0,0.0,594.0,5.0,2.0
3cd3b384,1094.0,870.0,223.0,29.0,0.0,5.0,88,192.0,2.0,0.0,2.0,0.0,782.0,1.0,48.0
2200181e,332.0,311.0,20.0,15.0,0.0,7.0,0,2.0,0.0,0.0,0.0,0.0,288.0,1.0,2.0
dfd24c07,48.0,44.0,4.0,2.0,0.0,0.0,9,0.0,2.0,0.0,1.0,0.0,32.0,0.0,2.0
f42d6c13,348.0,305.0,43.0,9.0,0.0,4.0,35,8.0,18.0,10.0,5.0,0.0,260.0,0.0,8.0
f42d6c13,103.0,94.0,9.0,2.0,0.0,0.0,11,1.0,6.0,1.0,4.0,0.0,73.0,0.0,4.0
59bf127b,3.0,3.0,0.0,0.0,0.0,0.0,0,0.0,0.0,0.0,0.0,0.0,2.0,0.0,0.0
102e2599,366.0,341.0,24.0,4.0,2.0,2.0,8,0.0,0.0,0.0,0.0,0.0,303.0,1.0,12.0
f449640d,118.0,90.0,28.0,2.0,0.0,1.0,8,26.0,0.0,0.0,0.0,0.0,103.0,0.0,2.0
8a6de8c7,287.0,276.0,10.0,1.0,0.0,0.0,32,3.0,6.0,3.0,0.0,0.0,183.0,1.0,17.0
d44360be,723.0,668.0,50.0,8.0,1.0,4.0,67,31.0,9.0,3.0,5.0,0.0,532.0,5.0,30.0
01efac19,14.0,13.0,1.0,0.0,0.0,0.0,1,0.0,0.0,0.0,0.0,0.0,11.0,0.0,0.0
01efac19,457.0,441.0,15.0,6.0,2.0,4.0,9,4.0,0.0,0.0,0.0,0.0,372.0,1.0,14.0
32ebfe1e,158.0,150.0,8.0,5.0,0.0,0.0,4,1.0,2.0,0.0,2.0,0.0,133.0,0.0,2.0
6928979a,1080.0,1051.0,23.0,11.0,5.0,12.0,60,7.0,3.0,0.0,1.0,0.0,872.0,6.0,18.0
6caffe81,43.0,42.0,1.0,1.0,0.0,0.0,0,0.0,0.0,0.0,0.0,0.0,35.0,0.0,4.0
e5bf73f3,369.0,314.0,51.0,10.0,1.0,10.0,58,6.0,30.0,12.0,16.0,0.0,247.0,4.0,11.0
5a08ee41,913.0,835.0,72.0,48.0,1.0,16.0,8,18.0,0.0,0.0,0.0,0.0,664.0,6.0,7.0
80556f08,222.0,205.0,17.0,5.0,2.0,0.0,17,0.0,5.0,2.0,3.0,0.0,161.0,0.0,11.0
75b86fb3,1124.0,1021.0,98.0,40.0,1.0,15.0,28,51.0,0.0,0.0,0.0,0.0,941.0,5.0,15.0
1ac232b8,469.0,374.0,94.0,21.0,2.0,4.0,86,31.0,42.0,24.0,14.0,0.0,281.0,1.0,29.0
78e6bf2c,46.0,35.0,11.0,0.0,0.0,0.0,1,11.0,0.0,0.0,0.0,0.0,29.0,0.0,5.0
19e4eab9,913.0,781.0,131.0,38.0,1.0,6.0,12,93.0,0.0,0.0,0.0,0.0,716.0,1.0,23.0
e892c325,5.0,5.0,0.0,0.0,0.0,0.0,0,0.0,0.0,0.0,0.0,0.0,5.0,0.0,0.0
e3756e72,115.0,102.0,13.0,0.0,0.0,2.0,14,13.0,0.0,0.0,0.0,0.0,86.0,0.0,4.0
d705ba44,141.0,131.0,7.0,0.0,0.0,1.0,3,2.0,0.0,0.0,0.0,0.0,94.0,3.0,7.0
0000acda,105.0,94.0,11.0,5.0,0.0,4.0,7,6.0,0.0,0.0,0.0,0.0,91.0,0.0,1.0
0000acda,167.0,142.0,25.0,3.0,0.0,1.0,20,1.0,12.0,3.0,7.0,0.0,122.0,0.0,5.0
db092d3b,1006.0,922.0,82.0,48.0,3.0,7.0,46,4.0,28.0,9.0,17.0,0.0,867.0,2.0,15.0
53a0e358,496.0,456.0,39.0,9.0,5.0,20.0,44,3.0,27.0,16.0,5.0,0.0,335.0,1.0,18.0
61b3978f,644.0,480.0,161.0,28.0,0.0,1.0,31,133.0,0.0,0.0,0.0,0.0,471.0,3.0,19.0
ed5c0319,209.0,200.0,8.0,0.0,0.0,0.0,9,0.0,0.0,0.0,0.0,0.0,131.0,1.0,8.0
b3a20f18,598.0,546.0,49.0,33.0,0.0,2.0,2,1.0,0.0,0.0,0.0,0.0,460.0,3.0,5.0
d65cf468,54.0,52.0,2.0,2.0,0.0,3.0,1,0.0,0.0,0.0,0.0,0.0,46.0,0.0,0.0
6fdac234,749.0,727.0,19.0,18.0,2.0,4.0,1,0.0,0.0,0.0,0.0,0.0,636.0,3.0,4.0
9e1577aa,1368.0,996.0,367.0,59.0,0.0,16.0,213,192.0,116.0,50.0,47.0,0.0,982.0,5.0,29.0
204ac005,536.0,447.0,89.0,4.0,0.0,4.0,58,85.0,0.0,0.0,0.0,0.0,387.0,0.0,11.0
79370f8c,140.0,119.0,21.0,11.0,0.0,3.0,21,0.0,7.0,3.0,3.0,0.0,101.0,0.0,6.0
c69ef855,615.0,580.0,34.0,10.0,0.0,6.0,18,11.0,1.0,1.0,0.0,0.0,495.0,1.0,7.0
fe012aca,289.0,260.0,28.0,7.0,2.0,1.0,27,6.0,15.0,10.0,2.0,0.0,235.0,1.0,4.0
c83c203f,179.0,170.0,9.0,9.0,0.0,1.0,1,0.0,0.0,0.0,0.0,0.0,156.0,0.0,3.0
d995ed27,734.0,703.0,30.0,16.0,3.0,4.0,35,4.0,4.0,0.0,3.0,0.0,609.0,1.0,18.0
bf57eaab,327.0,300.0,26.0,2.0,3.0,12.0,4,0.0,0.0,0.0,0.0,0.0,244.0,1.0,12.0
0def2376,51.0,48.0,3.0,2.0,0.0,0.0,0,1.0,0.0,0.0,0.0,0.0,45.0,0.0,1.0
fb77bfef,251.0,242.0,9.0,9.0,0.0,3.0,1,0.0,0.0,0.0,0.0,0.0,215.0,0.0,1.0
52ec54d0,354.0,325.0,28.0,10.0,1.0,6.0,0,0.0,0.0,0.0,0.0,0.0,302.0,1.0,0.0
3d13d9e4,86.0,83.0,2.0,0.0,0.0,0.0,3,0.0,0.0,0.0,0.0,0.0,54.0,1.0,4.0
0d077b88,921.0,862.0,54.0,26.0,4.0,3.0,45,4.0,24.0,18.0,3.0,0.0,705.0,5.0,21.0
ae94a6c5,91.0,86.0,5.0,1.0,0.0,1.0,1,1.0,2.0,0.0,0.0,0.0,72.0,0.0,3.0
c609e90e,31.0,31.0,0.0,0.0,0.0,0.0,4,0.0,0.0,0.0,0.0,0.0,22.0,0.0,4.0
8bbe2df5,636.0,501.0,132.0,25.0,0.0,5.0,51,103.0,4.0,1.0,1.0,0.0,475.0,3.0,16.0
d4a2533d,19.0,19.0,0.0,0.0,0.0,0.0,2,0.0,0.0,0.0,0.0,0.0,14.0,0.0,1.0
5fd5ed86,1085.0,1042.0,43.0,16.0,0.0,5.0,0,2.0,0.0,0.0,0.0,0.0,964.0,0.0,5.0
edd81e2a,866.0,813.0,49.0,31.0,1.0,12.0,6,18.0,0.0,0.0,0.0,0.0,732.0,4.0,7.0
33b8d077,641.0,609.0,31.0,25.0,1.0,3.0,9,0.0,6.0,1.0,2.0,0.0,557.0,1.0,5.0
f3a9fa26,269.0,217.0,51.0,8.0,0.0,2.0,42,10.0,26.0,15.0,7.0,0.0,169.0,1.0,5.0
4ae67f27,801.0,779.0,19.0,14.0,0.0,0.0,6,3.0,0.0,0.0,0.0,0.0,663.0,3.0,14.0
ef6eef89,55.0,51.0,4.0,1.0,0.0,2.0,2,3.0,0.0,0.0,0.0,0.0,37.0,0.0,3.0
dd86e8e4,237.0,188.0,49.0,3.0,0.0,1.0,13,46.0,0.0,0.0,0.0,0.0,186.0,0.0,5.0
2146785a,733.0,608.0,121.0,10.0,0.0,2.0,29,106.0,5.0,0.0,5.0,0.0,586.0,4.0,13.0
ac7e640b,472.0,426.0,44.0,22.0,0.0,2.0,1,8.0,0.0,0.0,0.0,0.0,365.0,2.0,4.0
226008f1,875.0,838.0,36.0,25.0,1.0,6.0,5,4.0,0.0,0.0,0.0,0.0,768.0,1.0,6.0
cd0fa27b,1132.0,1007.0,122.0,48.0,4.0,15.0,104,5.0,69.0,23.0,40.0,0.0,948.0,3.0,7.0
13ea2544,186.0,183.0,2.0,2.0,0.0,0.0,5,0.0,0.0,0.0,0.0,0.0,145.0,1.0,5.0
91ff775f,210.0,203.0,6.0,1.0,0.0,0.0,17,3.0,1.0,0.0,0.0,0.0,158.0,1.0,13.0
247ed022,911.0,744.0,165.0,15.0,0.0,2.0,43,149.0,1.0,1.0,0.0,0.0,723.0,2.0,26.0
b6a1cdf9,76.0,75.0,1.0,0.0,0.0,0.0,5,1.0,0.0,0.0,0.0,0.0,56.0,0.0,3.0
356c9002,1139.0,943.0,193.0,32.0,4.0,20.0,143,121.0,38.0,3.0,19.0,0.0,826.0,3.0,36.0
54e53b7e,693.0,655.0,34.0,5.0,2.0,8.0,46,4.0,19.0,4.0,13.0,0.0,551.0,4.0,17.0
5bd72174,237.0,208.0,28.0,0.0,0.0,0.0,3,2.0,0.0,0.0,0.0,0.0,168.0,1.0,9.0
5bd72174,153.0,149.0,4.0,1.0,1.0,0.0,3,0.0,0.0,0.0,0.0,0.0,113.0,0.0,6.0
f7e2af2c,87.0,74.0,13.0,1.0,0.0,1.0,5,11.0,1.0,0.0,1.0,0.0,69.0,0.0,3.0
b033f803,25.0,20.0,5.0,0.0,0.0,0.0,8,5.0,0.0,0.0,0.0,0.0,17.0,0.0,4.0
707b98f1,13.0,13.0,0.0,0.0,0.0,0.0,0,0.0,0.0,0.0,0.0,0.0,9.0,0.0,0.0
8d3cd59d,1064.0,865.0,194.0,12.0,2.0,3.0,37,177.0,0.0,0.0,0.0,0.0,873.0,5.0,30.0
8ec56e62,494.0,328.0,164.0,51.0,0.0,5.0,0,0.0,0.0,0.0,0.0,0.0,294.0,2.0,0.0
3f5f38fb,967.0,910.0,57.0,54.0,2.0,6.0,0,1.0,0.0,0.0,0.0,0.0,892.0,0.0,3.0
ad92526f,413.0,370.0,42.0,24.0,1.0,5.0,24,6.0,11.0,7.0,4.0,0.0,303.0,1.0,7.0
0728bebe,50.0,48.0,2.0,1.0,1.0,0.0,1,1.0,0.0,0.0,0.0,0.0,41.0,0.0,0.0
ba3d3bea,1067.0,991.0,72.0,37.0,1.0,4.0,43,3.0,32.0,6.0,19.0,0.0,910.0,4.0,11.0
4d1efb48,6.0,5.0,1.0,1.0,0.0,0.0,0,0.0,0.0,0.0,0.0,0.0,3.0,0.0,0.0
d9624b51,475.0,431.0,44.0,13.0,0.0,1.0,4,28.0,0.0,0.0,0.0,0.0,359.0,0.0,14.0
07f8bcc8,228.0,212.0,14.0,0.0,0.0,0.0,6,4.0,1.0,0.0,0.0,0.0,136.0,2.0,8.0
98a84572,109.0,106.0,3.0,0.0,1.0,0.0,4,3.0,0.0,0.0,0.0,0.0,75.0,0.0,7.0
31a62dc7,616.0,484.0,130.0,10.0,0.0,2.0,24,120.0,0.0,0.0,0.0,0.0,467.0,2.0,10.0
b0f7e36c,145.0,123.0,22.0,3.0,1.0,0.0,16,16.0,3.0,0.0,1.0,0.0,107.0,0.0,7.0
c316607a,292.0,276.0,16.0,15.0,1.0,1.0,0,0.0,0.0,0.0,0.0,0.0,247.0,0.0,2.0
b09a3ecc,98.0,95.0,2.0,0.0,1.0,1.0,2,0.0,0.0,0.0,0.0,0.0,56.0,1.0,3.0
039a4fb6,23.0,19.0,4.0,1.0,0.0,0.0,1,2.0,1.0,1.0,0.0,0.0,16.0,0.0,1.0
5de3866c,735.0,606.0,127.0,10.0,1.0,1.0,53,101.0,16.0,0.0,11.0,0.0,580.0,2.0,8.0
8b95acda,714.0,681.0,32.0,22.0,0.0,4.0,0,3.0,0.0,0.0,0.0,0.0,615.0,1.0,1.0
04df29a5,246.0,235.0,9.0,0.0,0.0,6.0,8,0.0,0.0,0.0,0.0,0.0,157.0,2.0,9.0
6499048c,222.0,201.0,17.0,3.0,1.0,5.0,17,2.0,12.0,3.0,9.0,0.0,174.0,4.0,2.0
8cabdc1e,967.0,690.0,276.0,71.0,0.0,2.0,0,0.0,0.0,0.0,0.0,0.0,765.0,1.0,0.0
8fef5412,11.0,7.0,4.0,0.0,0.0,0.0,0,4.0,0.0,0.0,0.0,0.0,6.0,0.0,0.0
22ae86f9,386.0,337.0,46.0,7.0,0.0,1.0,2,39.0,0.0,0.0,0.0,0.0,283.0,3.0,6.0
45b9b619,122.0,118.0,2.0,1.0,2.0,0.0,1,1.0,0.0,0.0,0.0,0.0,90.0,2.0,8.0
bfc359ed,6.0,6.0,0.0,0.0,0.0,0.0,1,0.0,0.0,0.0,0.0,0.0,5.0,0.0,0.0
85a44ecc,709.0,693.0,14.0,12.0,2.0,3.0,8,2.0,0.0,0.0,0.0,0.0,595.0,2.0,16.0
f554e29b,31.0,24.0,7.0,1.0,0.0,0.0,0,0.0,0.0,0.0,0.0,0.0,29.0,0.0,0.0
16657b95,1177.0,1122.0,51.0,48.0,6.0,26.0,8,3.0,0.0,0.0,0.0,0.0,956.0,4.0,13.0
22cd43d2,95.0,94.0,1.0,1.0,0.0,0.0,0,0.0,0.0,0.0,0.0,0.0,69.0,0.0,3.0
0ab1f153,707.0,621.0,84.0,14.0,0.0,13.0,47,50.0,20.0,7.0,12.0,0.0,591.0,2.0,9.0
5722eced,83.0,77.0,6.0,2.0,1.0,0.0,3,1.0,1.0,0.0,1.0,0.0,66.0,0.0,2.0
060606ec,115.0,100.0,14.0,2.0,0.0,0.0,13,12.0,0.0,0.0,0.0,0.0,79.0,1.0,3.0
44eb9093,109.0,105.0,4.0,3.0,0.0,0.0,2,1.0,0.0,0.0,0.0,0.0,95.0,0.0,1.0
f778fe3f,84.0,80.0,4.0,0.0,1.0,0.0,7,1.0,3.0,0.0,0.0,0.0,61.0,0.0,1.0
7ef972c3,669.0,640.0,27.0,21.0,0.0,8.0,0,6.0,0.0,0.0,0.0,0.0,581.0,2.0,7.0
94b2001f,1382.0,1264.0,112.0,35.0,3.0,12.0,16,67.0,0.0,0.0,0.0,0.0,1152.0,6.0,13.0
96e0490d,700.0,607.0,91.0,6.0,1.0,5.0,23,85.0,0.0,0.0,0.0,0.0,590.0,2.0,12.0
16bb656a,499.0,462.0,36.0,13.0,1.0,0.0,8,23.0,0.0,0.0,0.0,0.0,372.0,1.0,7.0
2ef7c612,250.0,239.0,11.0,1.0,2.0,2.0,7,2.0,0.0,0.0,0.0,0.0,191.0,0.0,8.0
60e3603d,7.0,7.0,0.0,0.0,0.0,0.0,0,0.0,0.0,0.0,0.0,0.0,5.0,0.0,0.0
ae4e2852,451.0,375.0,75.0,4.0,0.0,4.0,20,71.0,0.0,0.0,0.0,0.0,358.0,1.0,3.0
e74f0e59,260.0,197.0,63.0,5.0,1.0,1.0,6,58.0,0.0,0.0,0.0,0.0,184.0,0.0,3.0
f4797849,407.0,389.0,18.0,10.0,0.0,0.0,0,1.0,0.0,0.0,0.0,0.0,356.0,0.0,2.0
854ee61a,105.0,90.0,15.0,0.0,0.0,1.0,0,0.0,0.0,0.0,0.0,0.0,87.0,0.0,2.0
0e0d6c53,0.0,0.0,0.0,0.0,0.0,0.0,0,0.0,0.0,0.0,0.0,0.0,0.0,0.0,0.0
e3cceee6,529.0,474.0,55.0,31.0,0.0,3.0,1,1.0,0.0,0.0,0.0,0.0,449.0,0.0,1.0
dc3fa3b5,67.0,67.0,0.0,0.0,0.0,0.0,0,0.0,0.0,0.0,0.0,0.0,66.0,0.0,0.0
d97f2e8d,473.0,348.0,122.0,2.0,0.0,1.0,35,118.0,2.0,1.0,1.0,0.0,312.0,3.0,12.0
d97f2e8d,95.0,75.0,20.0,1.0,1.0,0.0,8,19.0,0.0,0.0,0.0,0.0,74.0,0.0,1.0
2990c466,2.0,2.0,0.0,0.0,0.0,0.0,0,0.0,0.0,0.0,0.0,0.0,1.0,0.0,0.0
dcb38abe,213.0,189.0,24.0,0.0,1.0,1.0,7,3.0,0.0,0.0,0.0,0.0,136.0,0.0,6.0
5976f83e,198.0,154.0,44.0,1.0,0.0,1.0,4,43.0,0.0,0.0,0.0,0.0,169.0,0.0,5.0
d7d32194,59.0,57.0,2.0,0.0,0.0,0.0,1,0.0,0.0,0.0,0.0,0.0,33.0,0.0,4.0
39583cfd,588.0,475.0,110.0,27.0,1.0,0.0,59,14.0,43.0,20.0,14.0,0.0,443.0,3.0,14.0
ef94dc2f,8.0,7.0,1.0,0.0,0.0,0.0,0,0.0,0.0,0.0,0.0,0.0,6.0,0.0,0.0
1fca9171,340.0,303.0,35.0,2.0,4.0,2.0,28,8.0,25.0,0.0,2.0,0.0,233.0,2.0,12.0
4e0c8d66,906.0,698.0,208.0,66.0,0.0,6.0,0,0.0,0.0,0.0,0.0,0.0,681.0,0.0,0.0
230a2fac,1756.0,1485.0,263.0,48.0,1.0,17.0,59,211.0,2.0,0.0,0.0,0.0,1500.0,8.0,29.0
19cda00b,357.0,296.0,57.0,17.0,6.0,8.0,53,9.0,28.0,9.0,17.0,0.0,260.0,4.0,9.0
244bc2c8,372.0,366.0,4.0,0.0,2.0,4.0,6,1.0,0.0,0.0,0.0,0.0,282.0,2.0,21.0
407feb71,437.0,411.0,25.0,5.0,6.0,1.0,12,6.0,5.0,0.0,4.0,0.0,347.0,1.0,14.0
970b8574,983.0,810.0,171.0,34.0,0.0,20.0,164,84.0,48.0,10.0,32.0,0.0,713.0,2.0,15.0
933d3b51,987.0,961.0,23.0,9.0,1.0,9.0,13,13.0,0.0,0.0,0.0,0.0,844.0,3.0,16.0
6eee05f1,538.0,513.0,24.0,12.0,0.0,0.0,0,11.0,0.0,0.0,0.0,0.0,464.0,1.0,1.0
b5f7d10b,901.0,788.0,112.0,13.0,0.0,1.0,30,99.0,0.0,0.0,0.0,0.0,749.0,1.0,15.0
2f69d881,463.0,351.0,109.0,1.0,0.0,0.0,44,106.0,2.0,2.0,0.0,0.0,305.0,3.0,17.0
20b3a502,896.0,844.0,45.0,26.0,13.0,11.0,12,15.0,0.0,0.0,0.0,0.0,717.0,7.0,18.0
22051fbe,210.0,187.0,22.0,6.0,0.0,2.0,9,16.0,0.0,0.0,0.0,0.0,176.0,1.0,2.0
085e71a7,693.0,505.0,187.0,55.0,0.0,1.0,0,0.0,0.0,0.0,0.0,0.0,471.0,1.0,1.0
79ca3e23,163.0,150.0,12.0,7.0,2.0,2.0,5,0.0,2.0,1.0,1.0,0.0,121.0,1.0,5.0
481c9ece,562.0,465.0,96.0,3.0,0.0,1.0,49,93.0,0.0,0.0,0.0,0.0,414.0,1.0,13.0
528492ea,303.0,293.0,9.0,7.0,2.0,1.0,12,2.0,0.0,0.0,0.0,0.0,233.0,1.0,7.0
e0921a4f,599.0,538.0,59.0,14.0,3.0,19.0,57,6.0,36.0,8.0,27.0,0.0,460.0,2.0,20.0
3bb7f478,418.0,398.0,18.0,1.0,6.0,6.0,17,1.0,0.0,0.0,0.0,0.0,294.0,2.0,12.0
dbfa4f16,35.0,32.0,3.0,0.0,0.0,0.0,6,3.0,0.0,0.0,0.0,0.0,26.0,0.0,1.0
9ba7b4fa,557.0,479.0,77.0,17.0,0.0,11.0,15,59.0,1.0,0.0,0.0,0.0,453.0,1.0,3.0
6af30900,458.0,354.0,102.0,4.0,0.0,0.0,16,98.0,0.0,0.0,0.0,0.0,354.0,2.0,15.0
a9202def,583.0,566.0,16.0,9.0,0.0,11.0,11,1.0,3.0,1.0,0.0,0.0,468.0,1.0,15.0
76b2817e,363.0,314.0,49.0,1.0,0.0,1.0,25,47.0,1.0,0.0,0.0,0.0,261.0,0.0,17.0
f503ea63,346.0,332.0,12.0,11.0,0.0,2.0,1,0.0,0.0,0.0,0.0,0.0,264.0,2.0,6.0
c20892ee,4.0,4.0,0.0,0.0,0.0,0.0,0,0.0,0.0,0.0,0.0,0.0,3.0,0.0,0.0
c55967eb,40.0,39.0,1.0,0.0,0.0,0.0,3,0.0,1.0,1.0,0.0,0.0,24.0,0.0,1.0
cf007308,519.0,494.0,22.0,8.0,2.0,0.0,13,3.0,9.0,2.0,3.0,0.0,439.0,3.0,3.0
0fee6bda,830.0,794.0,35.0,32.0,0.0,15.0,0,3.0,0.0,0.0,0.0,0.0,720.0,1.0,5.0
3f79a1c8,290.0,279.0,8.0,4.0,0.0,1.0,1,0.0,0.0,0.0,0.0,0.0,222.0,3.0,8.0
5cf5c9ad,136.0,124.0,12.0,9.0,0.0,2.0,5,0.0,3.0,0.0,3.0,0.0,105.0,0.0,1.0
366be751,308.0,291.0,17.0,6.0,0.0,8.0,14,4.0,7.0,1.0,3.0,0.0,255.0,0.0,5.0
9f5a610b,783.0,513.0,265.0,76.0,0.0,4.0,0,0.0,0.0,0.0,0.0,0.0,394.0,5.0,0.0
aae9d04a,232.0,185.0,44.0,0.0,1.0,6.0,14,44.0,0.0,0.0,0.0,0.0,151.0,3.0,4.0
4e358a2d,528.0,495.0,33.0,18.0,0.0,8.0,4,15.0,0.0,0.0,0.0,0.0,408.0,0.0,6.0
06b08c45,92.0,88.0,4.0,2.0,0.0,0.0,3,1.0,1.0,0.0,1.0,0.0,76.0,0.0,1.0
ee64a822,580.0,565.0,13.0,4.0,3.0,0.0,8,8.0,0.0,0.0,0.0,0.0,474.0,2.0,12.0
d0dbca9f,456.0,433.0,23.0,21.0,0.0,3.0,4,2.0,0.0,0.0,0.0,0.0,384.0,0.0,8.0
d0dbca9f,288.0,273.0,15.0,11.0,0.0,3.0,2,4.0,0.0,0.0,0.0,0.0,217.0,0.0,3.0
eb76987d,65.0,58.0,7.0,1.0,0.0,0.0,1,6.0,0.0,0.0,0.0,0.0,53.0,0.0,1.0
e288d4b3,79.0,58.0,20.0,3.0,0.0,0.0,5,14.0,3.0,0.0,3.0,0.0,62.0,1.0,0.0
2a7d27c1,696.0,678.0,17.0,13.0,4.0,16.0,13,4.0,0.0,0.0,0.0,0.0,540.0,1.0,18.0
c235e803,351.0,339.0,12.0,6.0,0.0,1.0,2,1.0,0.0,0.0,0.0,0.0,281.0,0.0,2.0
8f866fe8,363.0,334.0,26.0,4.0,2.0,1.0,22,3.0,12.0,2.0,8.0,0.0,234.0,3.0,11.0
3b387cc7,27.0,23.0,2.0,2.0,0.0,0.0,0,0.0,0.0,0.0,0.0,0.0,19.0,2.0,1.0
ce30bfc8,180.0,176.0,3.0,2.0,1.0,1.0,6,1.0,0.0,0.0,0.0,0.0,141.0,1.0,2.0
8dfed6e9,48.0,46.0,1.0,0.0,0.0,0.0,0,0.0,0.0,0.0,0.0,0.0,26.0,1.0,0.0
dd403465,31.0,30.0,1.0,0.0,0.0,0.0,3,1.0,0.0,0.0,0.0,0.0,21.0,0.0,0.0
c74d63ac,802.0,624.0,173.0,19.0,0.0,10.0,58,154.0,0.0,0.0,0.0,0.0,540.0,5.0,15.0
18dd3219,372.0,352.0,18.0,13.0,0.0,11.0,1,3.0,0.0,0.0,0.0,0.0,308.0,2.0,4.0
822ed0ec,970.0,717.0,250.0,13.0,1.0,5.0,45,237.0,0.0,0.0,0.0,0.0,683.0,3.0,24.0
71dc23da,205.0,157.0,48.0,1.0,0.0,1.0,31,45.0,2.0,0.0,2.0,0.0,107.0,0.0,10.0
9c435456,61.0,56.0,5.0,3.0,0.0,0.0,0,2.0,0.0,0.0,0.0,0.0,56.0,0.0,0.0
548bd0de,29.0,29.0,0.0,0.0,0.0,0.0,0,0.0,0.0,0.0,0.0,0.0,21.0,0.0,2.0
16ceb862,383.0,357.0,25.0,2.0,1.0,0.0,1,1.0,0.0,0.0,0.0,0.0,241.0,1.0,8.0
f0f7f62f,126.0,111.0,15.0,4.0,0.0,0.0,0,0.0,0.0,0.0,0.0,0.0,96.0,0.0,0.0
f025eade,559.0,528.0,30.0,6.0,2.0,5.0,21,11.0,0.0,0.0,0.0,0.0,423.0,1.0,12.0
2374aaca,309.0,293.0,13.0,5.0,1.0,6.0,22,8.0,0.0,0.0,0.0,0.0,201.0,3.0,11.0
2d970560,331.0,280.0,48.0,0.0,0.0,1.0,25,48.0,0.0,0.0,0.0,0.0,241.0,3.0,8.0
6cc97b6a,234.0,225.0,9.0,9.0,0.0,1.0,0,0.0,0.0,0.0,0.0,0.0,192.0,0.0,1.0
49136c42,15.0,14.0,1.0,0.0,0.0,0.0,0,1.0,0.0,0.0,0.0,0.0,14.0,0.0,0.0
f1f1f238,422.0,400.0,21.0,20.0,0.0,3.0,3,1.0,0.0,0.0,0.0,0.0,323.0,1.0,5.0
f9758dae,496.0,435.0,61.0,3.0,1.0,1.0,11,33.0,2.0,0.0,0.0,0.0,402.0,0.0,13.0
0be276c6,424.0,405.0,19.0,14.0,0.0,5.0,2,4.0,0.0,0.0,0.0,0.0,365.0,0.0,2.0
9250bcff,89.0,81.0,7.0,0.0,0.0,0.0,1,0.0,0.0,0.0,0.0,0.0,61.0,1.0,4.0
fa449bba,309.0,300.0,9.0,4.0,0.0,0.0,10,2.0,0.0,0.0,0.0,0.0,229.0,0.0,13.0
74419746,345.0,277.0,65.0,13.0,0.0,0.0,0,0.0,0.0,0.0,0.0,0.0,307.0,3.0,0.0
65fd099c,145.0,141.0,4.0,0.0,1.0,1.0,8,2.0,0.0,0.0,0.0,0.0,114.0,0.0,6.0
3b333ac3,703.0,571.0,130.0,3.0,2.0,1.0,23,127.0,0.0,0.0,0.0,0.0,561.0,2.0,13.0
d7918b13,391.0,371.0,16.0,7.0,3.0,3.0,19,2.0,2.0,1.0,0.0,0.0,320.0,4.0,6.0
ffed43e3,137.0,122.0,15.0,7.0,0.0,1.0,1,5.0,0.0,0.0,0.0,0.0,118.0,0.0,1.0
a2d9f138,456.0,441.0,15.0,9.0,3.0,4.0,3,5.0,1.0,0.0,0.0,0.0,387.0,0.0,12.0
9ef42479,226.0,213.0,9.0,0.0,1.0,2.0,5,1.0,0.0,0.0,0.0,0.0,115.0,4.0,9.0
d4c9725f,1035.0,815.0,218.0,30.0,1.0,17.0,59,173.0,15.0,1.0,12.0,0.0,801.0,2.0,24.0
12806697,725.0,682.0,40.0,18.0,0.0,4.0,1,22.0,0.0,0.0,0.0,0.0,531.0,3.0,14.0
d4456fb3,819.0,774.0,42.0,41.0,0.0,11.0,9,0.0,0.0,0.0,0.0,0.0,638.0,3.0,13.0
c2357b65,574.0,463.0,109.0,1.0,1.0,3.0,50,108.0,0.0,0.0,0.0,0.0,343.0,2.0,21.0
b85bf253,212.0,204.0,8.0,5.0,0.0,3.0,8,1.0,0.0,0.0,0.0,0.0,166.0,0.0,1.0
d8800a46,207.0,168.0,38.0,9.0,0.0,3.0,1,29.0,0.0,0.0,0.0,0.0,160.0,1.0,1.0
1f2d714c,94.0,82.0,12.0,6.0,0.0,1.0,7,0.0,4.0,2.0,0.0,0.0,75.0,0.0,4.0
2f3452eb,638.0,548.0,89.0,10.0,2.0,2.0,9,79.0,0.0,0.0,0.0,0.0,525.0,1.0,8.0
491a433d,285.0,269.0,14.0,0.0,1.0,1.0,3,0.0,0.0,0.0,0.0,0.0,212.0,2.0,9.0
82efe6fa,1264.0,1219.0,44.0,35.0,2.0,8.0,1,8.0,0.0,0.0,0.0,0.0,1111.0,1.0,8.0
4cde5509,9.0,9.0,0.0,0.0,0.0,0.0,0,0.0,0.0,0.0,0.0,0.0,7.0,0.0,0.0
a4e85758,888.0,848.0,39.0,32.0,0.0,10.0,1,7.0,0.0,0.0,0.0,0.0,787.0,1.0,8.0
42eaa028,457.0,437.0,19.0,3.0,1.0,8.0,18,16.0,0.0,0.0,0.0,0.0,378.0,1.0,12.0
bb376bed,401.0,332.0,68.0,17.0,1.0,3.0,47,2.0,39.0,14.0,19.0,0.0,279.0,1.0,13.0
bb376bed,128.0,126.0,2.0,2.0,0.0,0.0,2,0.0,0.0,0.0,0.0,0.0,115.0,0.0,1.0
ba492306,40.0,38.0,2.0,1.0,0.0,0.0,4,0.0,1.0,0.0,1.0,0.0,31.0,0.0,1.0
a47c6309,43.0,41.0,2.0,2.0,0.0,2.0,0,0.0,0.0,0.0,0.0,0.0,36.0,0.0,0.0
a47c6309,8.0,8.0,0.0,0.0,0.0,0.0,0,0.0,0.0,0.0,0.0,0.0,7.0,0.0,0.0
4431aed2,404.0,383.0,17.0,0.0,4.0,2.0,5,6.0,0.0,0.0,0.0,0.0,296.0,4.0,17.0
6b635f5c,693.0,655.0,37.0,20.0,0.0,3.0,0,2.0,0.0,0.0,0.0,0.0,580.0,1.0,13.0
89976232,888.0,825.0,58.0,44.0,1.0,10.0,5,14.0,0.0,0.0,0.0,0.0,753.0,5.0,6.0
8c65eb5f,29.0,29.0,0.0,0.0,0.0,2.0,0,0.0,0.0,0.0,0.0,0.0,23.0,0.0,2.0
4a537185,15.0,13.0,2.0,0.0,0.0,0.0,0,0.0,0.0,0.0,0.0,0.0,11.0,0.0,2.0
79083382,449.0,430.0,18.0,14.0,0.0,0.0,0,3.0,0.0,0.0,0.0,0.0,404.0,1.0,0.0
dc765618,48.0,40.0,8.0,1.0,0.0,0.0,9,0.0,6.0,5.0,1.0,0.0,35.0,0.0,0.0
4d8cd038,214.0,187.0,25.0,0.0,0.0,0.0,1,0.0,0.0,0.0,0.0,0.0,159.0,2.0,5.0
570bb4b9,245.0,219.0,22.0,3.0,1.0,4.0,26,2.0,16.0,6.0,4.0,0.0,184.0,4.0,14.0
f95f49d2,184.0,172.0,11.0,2.0,0.0,0.0,25,4.0,0.0,0.0,0.0,0.0,120.0,1.0,7.0
85f7d1be,1250.0,1154.0,95.0,34.0,2.0,1.0,14,56.0,0.0,0.0,0.0,0.0,1083.0,1.0,8.0
8b66d9cc,104.0,98.0,5.0,0.0,0.0,2.0,7,1.0,0.0,0.0,0.0,0.0,77.0,1.0,7.0
9f84febe,340.0,274.0,65.0,2.0,3.0,1.0,14,63.0,0.0,0.0,0.0,0.0,265.0,1.0,6.0
7ae36711,192.0,156.0,35.0,1.0,0.0,3.0,12,34.0,0.0,0.0,0.0,0.0,143.0,1.0,3.0
2a82aa85,165.0,154.0,7.0,6.0,0.0,4.0,6,0.0,1.0,0.0,0.0,0.0,120.0,4.0,6.0
3d50bcdb,150.0,142.0,6.0,0.0,1.0,0.0,3,0.0,0.0,0.0,0.0,0.0,108.0,2.0,8.0
dc3e663e,775.0,683.0,89.0,34.0,1.0,3.0,14,12.0,9.0,6.0,3.0,0.0,653.0,3.0,4.0
8b8a56ce,429.0,420.0,9.0,8.0,0.0,2.0,1,1.0,0.0,0.0,0.0,0.0,371.0,0.0,0.0
a26fb8aa,1255.0,1141.0,110.0,40.0,4.0,16.0,102,20.0,47.0,18.0,22.0,0.0,931.0,4.0,22.0
b1cd37e6,797.0,695.0,99.0,9.0,2.0,4.0,144,63.0,27.0,2.0,24.0,0.0,556.0,3.0,35.0
58e933d2,532.0,505.0,26.0,2.0,1.0,6.0,39,16.0,2.0,0.0,0.0,0.0,379.0,1.0,13.0
9d60028d,167.0,160.0,7.0,2.0,0.0,3.0,6,3.0,2.0,1.0,0.0,0.0,134.0,0.0,6.0
b804c280,2.0,2.0,0.0,0.0,0.0,0.0,0,0.0,0.0,0.0,0.0,0.0,0.0,0.0,0.0
b4101c2e,2.0,2.0,0.0,0.0,0.0,0.0,0,0.0,0.0,0.0,0.0,0.0,1.0,0.0,0.0
817c6964,363.0,349.0,14.0,9.0,1.0,1.0,3,2.0,3.0,1.0,1.0,0.0,296.0,0.0,10.0
a40819d9,143.0,141.0,2.0,2.0,0.0,0.0,0,0.0,0.0,0.0,0.0,0.0,128.0,0.0,1.0
dea88efd,558.0,537.0,18.0,2.0,8.0,6.0,30,10.0,6.0,2.0,1.0,0.0,434.0,3.0,15.0
0a483542,74.0,64.0,10.0,2.0,0.0,0.0,10,8.0,0.0,0.0,0.0,0.0,54.0,0.0,3.0
0a483542,391.0,332.0,56.0,7.0,0.0,6.0,39,39.0,10.0,2.0,5.0,0.0,300.0,3.0,9.0
c283ddef,165.0,161.0,4.0,0.0,1.0,0.0,2,1.0,0.0,0.0,0.0,0.0,110.0,0.0,6.0
c283ddef,230.0,226.0,3.0,0.0,0.0,0.0,4,0.0,0.0,0.0,0.0,0.0,143.0,1.0,8.0
09538fdb,210.0,193.0,13.0,1.0,0.0,1.0,9,1.0,0.0,0.0,0.0,0.0,129.0,4.0,12.0
2d22cea7,520.0,466.0,54.0,13.0,1.0,3.0,81,7.0,33.0,21.0,7.0,0.0,379.0,0.0,16.0
016ff750,695.0,525.0,168.0,20.0,0.0,1.0,65,115.0,33.0,9.0,15.0,1.0,524.0,2.0,16.0
93088fbb,1.0,1.0,0.0,0.0,0.0,0.0,0,0.0,0.0,0.0,0.0,0.0,1.0,0.0,0.0
5128bde4,588.0,505.0,74.0,7.0,3.0,1.0,80,44.0,23.0,9.0,9.0,0.0,371.0,9.0,29.0
02caf6e0,798.0,665.0,132.0,12.0,0.0,1.0,22,119.0,1.0,0.0,1.0,0.0,705.0,1.0,14.0
20730eae,529.0,504.0,23.0,2.0,3.0,14.0,41,18.0,3.0,0.0,0.0,0.0,384.0,2.0,18.0
7d3cbc67,605.0,569.0,32.0,2.0,3.0,5.0,41,30.0,0.0,0.0,0.0,0.0,402.0,4.0,30.0
d023d70f,713.0,676.0,33.0,21.0,3.0,9.0,14,1.0,11.0,2.0,7.0,0.0,610.0,4.0,7.0
a3695ac2,24.0,23.0,1.0,0.0,0.0,0.0,3,1.0,0.0,0.0,0.0,0.0,16.0,0.0,0.0
bba30585,0.0,0.0,0.0,0.0,0.0,0.0,0,0.0,0.0,0.0,0.0,0.0,0.0,0.0,0.0
e1cbb531,1467.0,1442.0,23.0,18.0,0.0,11.0,0,1.0,0.0,0.0,0.0,0.0,1383.0,2.0,5.0
a8a874f1,899.0,855.0,42.0,33.0,0.0,17.0,8,4.0,4.0,0.0,3.0,0.0,722.0,2.0,21.0
c8ad0857,504.0,481.0,22.0,17.0,0.0,1.0,5,5.0,0.0,0.0,0.0,0.0,395.0,1.0,4.0
7c104bb7,536.0,494.0,42.0,6.0,5.0,2.0,34,10.0,16.0,2.0,7.0,0.0,406.0,0.0,19.0
20094685,874.0,846.0,26.0,19.0,2.0,6.0,12,2.0,5.0,1.0,1.0,0.0,763.0,2.0,8.0
5fa57166,195.0,187.0,8.0,8.0,1.0,2.0,0,0.0,0.0,0.0,0.0,0.0,167.0,0.0,1.0
966eea58,586.0,545.0,38.0,17.0,3.0,10.0,44,3.0,18.0,4.0,6.0,0.0,465.0,3.0,7.0
a69e4806,410.0,404.0,4.0,0.0,0.0,2.0,53,3.0,1.0,0.0,0.0,0.0,302.0,2.0,17.0
80490d7f,1024.0,967.0,55.0,44.0,1.0,14.0,1,0.0,0.0,0.0,0.0,0.0,887.0,2.0,11.0
921f6058,299.0,280.0,19.0,13.0,0.0,0.0,2,6.0,0.0,0.0,0.0,0.0,242.0,0.0,5.0
5eae500a,140.0,138.0,1.0,0.0,0.0,2.0,8,0.0,0.0,0.0,0.0,0.0,90.0,1.0,7.0
c6e8cf1f,732.0,692.0,38.0,29.0,1.0,6.0,25,5.0,4.0,0.0,4.0,0.0,627.0,2.0,7.0
997fff07,1019.0,894.0,124.0,51.0,1.0,3.0,1,1.0,0.0,0.0,0.0,0.0,882.0,1.0,5.0
5efc5389,631.0,522.0,106.0,8.0,1.0,8.0,59,87.0,11.0,6.0,3.0,0.0,448.0,3.0,26.0
957e4c87,369.0,358.0,7.0,5.0,3.0,3.0,2,1.0,0.0,0.0,0.0,0.0,283.0,4.0,6.0
cce9f582,200.0,193.0,7.0,5.0,0.0,3.0,1,2.0,0.0,0.0,0.0,0.0,140.0,0.0,1.0
fcb38f57,285.0,253.0,29.0,8.0,0.0,0.0,0,0.0,0.0,0.0,0.0,0.0,217.0,3.0,0.0
22bfb57e,316.0,315.0,1.0,1.0,0.0,0.0,6,0.0,0.0,0.0,0.0,0.0,264.0,0.0,9.0
2bffcbf2,2.0,2.0,0.0,0.0,0.0,0.0,0,0.0,0.0,0.0,0.0,0.0,2.0,0.0,0.0
801831fe,112.0,101.0,11.0,1.0,0.0,0.0,7,0.0,5.0,4.0,1.0,0.0,82.0,0.0,3.0
4c8845f7,116.0,111.0,4.0,3.0,0.0,1.0,7,1.0,0.0,0.0,0.0,0.0,95.0,1.0,2.0
4c8845f7,89.0,83.0,6.0,2.0,0.0,0.0,4,1.0,2.0,0.0,0.0,0.0,65.0,0.0,3.0
48d5bd33,332.0,304.0,23.0,8.0,2.0,11.0,23,2.0,13.0,6.0,6.0,0.0,248.0,5.0,6.0
5aa53281,1165.0,1105.0,53.0,47.0,2.0,14.0,15,4.0,0.0,0.0,0.0,0.0,938.0,7.0,10.0
c7259b83,581.0,522.0,56.0,30.0,1.0,11.0,41,3.0,23.0,11.0,7.0,0.0,471.0,3.0,9.0
f794b426,18.0,9.0,9.0,1.0,0.0,0.0,0,0.0,0.0,0.0,0.0,0.0,14.0,0.0,0.0
91d0fabf,107.0,85.0,22.0,3.0,0.0,1.0,7,18.0,1.0,0.0,1.0,0.0,84.0,0.0,1.0
8650af85,829.0,733.0,94.0,64.0,0.0,13.0,1,4.0,0.0,0.0,0.0,0.0,705.0,2.0,4.0
aa54ec6f,842.0,792.0,46.0,28.0,0.0,4.0,0,6.0,0.0,0.0,0.0,0.0,733.0,4.0,5.0
7fac99d4,1005.0,877.0,121.0,67.0,2.0,8.0,70,2.0,52.0,20.0,21.0,0.0,808.0,7.0,21.0
cdf65d12,764.0,725.0,39.0,26.0,0.0,2.0,3,7.0,0.0,0.0,0.0,0.0,704.0,0.0,1.0
ea468ea8,84.0,78.0,6.0,6.0,0.0,0.0,0,0.0,0.0,0.0,0.0,0.0,78.0,0.0,0.0
f7036e1c,485.0,448.0,36.0,1.0,5.0,6.0,8,2.0,0.0,0.0,0.0,0.0,351.0,1.0,16.0
3ec3c1c9,970.0,937.0,31.0,28.0,0.0,24.0,0,3.0,0.0,0.0,0.0,0.0,789.0,2.0,8.0
d4535821,1453.0,1258.0,192.0,24.0,0.0,8.0,11,168.0,0.0,0.0,0.0,0.0,1252.0,3.0,13.0
de0f152c,238.0,210.0,26.0,8.0,0.0,5.0,8,18.0,0.0,0.0,0.0,0.0,183.0,2.0,1.0
eb7822d7,871.0,822.0,44.0,41.0,1.0,11.0,7,2.0,1.0,0.0,0.0,0.0,740.0,5.0,11.0
3318286e,4.0,4.0,0.0,0.0,0.0,0.0,0,0.0,0.0,0.0,0.0,0.0,3.0,0.0,0.0
eb0ec070,590.0,458.0,130.0,8.0,1.0,4.0,59,107.0,15.0,0.0,14.0,0.0,440.0,2.0,20.0
01c3aff5,418.0,389.0,27.0,3.0,1.0,2.0,15,24.0,0.0,0.0,0.0,0.0,336.0,2.0,7.0
563a68ad,942.0,897.0,45.0,42.0,1.0,8.0,4,2.0,0.0,0.0,0.0,0.0,833.0,0.0,7.0
5cec2c74,536.0,519.0,13.0,10.0,1.0,5.0,8,2.0,0.0,0.0,0.0,0.0,442.0,4.0,9.0
9413b19f,666.0,484.0,182.0,34.0,0.0,0.0,0,0.0,0.0,0.0,0.0,0.0,578.0,0.0,0.0
c730da00,3.0,3.0,0.0,0.0,0.0,0.0,0,0.0,0.0,0.0,0.0,0.0,2.0,0.0,1.0
f49c4ae9,385.0,359.0,25.0,4.0,2.0,1.0,15,21.0,0.0,0.0,0.0,0.0,287.0,1.0,9.0
b2561711,14.0,11.0,3.0,1.0,0.0,0.0,2,0.0,1.0,0.0,1.0,0.0,10.0,0.0,0.0
bee704fc,899.0,866.0,30.0,26.0,0.0,7.0,0,4.0,0.0,0.0,0.0,0.0,773.0,3.0,4.0
85613cf0,279.0,260.0,15.0,2.0,2.0,2.0,4,0.0,0.0,0.0,0.0,0.0,218.0,4.0,6.0
4e6dbac4,1227.0,1197.0,26.0,16.0,11.0,13.0,21,9.0,1.0,0.0,1.0,0.0,903.0,4.0,28.0
9fa26bc2,1077.0,825.0,243.0,62.0,0.0,6.0,0,1.0,0.0,0.0,0.0,0.0,625.0,9.0,0.0
e0f8151c,1809.0,1771.0,35.0,33.0,1.0,24.0,3,1.0,0.0,0.0,0.0,0.0,1629.0,3.0,11.0
a9aa0d1d,558.0,531.0,25.0,3.0,5.0,2.0,24,5.0,17.0,11.0,0.0,0.0,453.0,2.0,12.0
34693494,369.0,348.0,19.0,4.0,1.0,3.0,17,5.0,8.0,3.0,4.0,0.0,261.0,2.0,12.0
dd0daf32,716.0,702.0,11.0,4.0,3.0,4.0,15,5.0,2.0,1.0,1.0,0.0,619.0,3.0,9.0
54ab971f,114.0,96.0,17.0,2.0,0.0,0.0,14,15.0,0.0,0.0,0.0,0.0,86.0,1.0,3.0
ca73910d,40.0,37.0,1.0,0.0,0.0,0.0,1,0.0,0.0,0.0,0.0,0.0,23.0,2.0,0.0
c1d95617,777.0,514.0,261.0,74.0,0.0,2.0,0,0.0,0.0,0.0,0.0,0.0,487.0,2.0,0.0
ff579c7e,281.0,269.0,9.0,5.0,1.0,5.0,8,4.0,0.0,0.0,0.0,0.0,210.0,3.0,5.0
efc9e31f,362.0,341.0,20.0,1.0,1.0,2.0,30,5.0,0.0,0.0,0.0,0.0,246.0,1.0,22.0
a0aee24e,42.0,34.0,8.0,0.0,0.0,0.0,3,8.0,0.0,0.0,0.0,0.0,30.0,0.0,2.0
1295552e,1.0,1.0,0.0,0.0,0.0,0.0,0,0.0,0.0,0.0,0.0,0.0,1.0,0.0,0.0
eb2fe5b6,273.0,242.0,30.0,5.0,5.0,8.0,32,6.0,11.0,6.0,3.0,0.0,170.0,1.0,8.0
b233e8e4,438.0,394.0,43.0,23.0,1.0,5.0,1,20.0,0.0,0.0,0.0,0.0,353.0,1.0,6.0
d183e9d6,176.0,150.0,25.0,1.0,0.0,0.0,6,24.0,0.0,0.0,0.0,0.0,126.0,1.0,2.0
a111cf41,551.0,392.0,158.0,41.0,0.0,2.0,0,0.0,0.0,0.0,0.0,0.0,409.0,1.0,1.0
c459a650,856.0,708.0,146.0,4.0,1.0,2.0,23,141.0,1.0,0.0,1.0,0.0,698.0,2.0,23.0
599d91d0,130.0,125.0,5.0,4.0,0.0,1.0,0,0.0,0.0,0.0,0.0,0.0,112.0,0.0,1.0
5cdddffa,425.0,416.0,9.0,5.0,0.0,0.0,0,2.0,0.0,0.0,0.0,0.0,381.0,0.0,8.0
b1236c63,34.0,34.0,0.0,0.0,2.0,0.0,0,0.0,0.0,0.0,0.0,0.0,25.0,0.0,1.0
2b8360f1,71.0,67.0,2.0,0.0,1.0,1.0,4,0.0,1.0,0.0,0.0,0.0,47.0,2.0,2.0
b136c945,196.0,186.0,9.0,7.0,0.0,1.0,3,0.0,2.0,0.0,0.0,0.0,148.0,1.0,3.0
cf961d8d,1074.0,1008.0,61.0,29.0,0.0,21.0,4,21.0,0.0,0.0,0.0,0.0,874.0,5.0,6.0
e33f36d5,139.0,124.0,14.0,4.0,0.0,3.0,0,9.0,0.0,0.0,0.0,0.0,113.0,1.0,2.0
e33f36d5,299.0,277.0,20.0,18.0,0.0,1.0,0,2.0,0.0,0.0,0.0,0.0,254.0,2.0,2.0
a4948e67,369.0,353.0,14.0,1.0,0.0,0.0,5,2.0,0.0,0.0,0.0,0.0,291.0,2.0,8.0
ba1e04b3,309.0,287.0,21.0,21.0,0.0,8.0,1,0.0,0.0,0.0,0.0,0.0,257.0,1.0,4.0
1e9bde92,263.0,174.0,87.0,24.0,0.0,0.0,0,0.0,0.0,0.0,0.0,0.0,154.0,2.0,0.0
d125f22f,363.0,349.0,10.0,1.0,2.0,1.0,19,6.0,0.0,0.0,0.0,0.0,248.0,4.0,20.0
8ec109e6,387.0,363.0,24.0,17.0,0.0,3.0,1,5.0,0.0,0.0,0.0,0.0,297.0,0.0,6.0
41c12f75,590.0,491.0,97.0,12.0,0.0,2.0,7,85.0,0.0,0.0,0.0,0.0,511.0,2.0,10.0
e9c0c1b2,616.0,501.0,114.0,16.0,0.0,4.0,0,0.0,0.0,0.0,0.0,0.0,489.0,1.0,0.0
43a166b4,117.0,111.0,6.0,0.0,0.0,1.0,8,0.0,0.0,0.0,0.0,0.0,75.0,0.0,2.0
e14ec482,595.0,523.0,71.0,21.0,0.0,26.0,74,4.0,44.0,25.0,11.0,0.0,370.0,1.0,30.0
8c90fd7a,237.0,228.0,9.0,0.0,1.0,3.0,7,3.0,0.0,0.0,0.0,0.0,169.0,0.0,17.0
ea02beaf,195.0,178.0,16.0,3.0,0.0,2.0,26,4.0,9.0,4.0,2.0,0.0,113.0,1.0,10.0
ed90babd,17.0,16.0,0.0,0.0,0.0,1.0,0,0.0,0.0,0.0,0.0,0.0,13.0,1.0,1.0
8daee720,9.0,9.0,0.0,0.0,0.0,0.0,0,0.0,0.0,0.0,0.0,0.0,7.0,0.0,0.0
3d6cee81,47.0,42.0,4.0,2.0,0.0,2.0,1,2.0,0.0,0.0,0.0,0.0,38.0,1.0,4.0
dff153a4,404.0,355.0,48.0,31.0,1.0,1.0,20,3.0,14.0,9.0,5.0,0.0,360.0,1.0,2.0
0967845b,999.0,792.0,202.0,24.0,1.0,4.0,35,177.0,1.0,1.0,0.0,0.0,757.0,5.0,28.0
e599253a,386.0,373.0,12.0,4.0,0.0,2.0,2,0.0,0.0,0.0,0.0,0.0,313.0,1.0,6.0
f7223718,728.0,664.0,63.0,30.0,0.0,18.0,0,0.0,0.0,0.0,0.0,0.0,650.0,1.0,0.0
79b0d6a0,612.0,397.0,213.0,40.0,0.0,0.0,0,0.0,0.0,0.0,0.0,0.0,478.0,2.0,0.0
3ca7254a,650.0,627.0,19.0,8.0,2.0,9.0,24,9.0,2.0,2.0,0.0,0.0,520.0,4.0,9.0
f058ed1f,77.0,56.0,21.0,5.0,0.0,0.0,0,0.0,0.0,0.0,0.0,0.0,64.0,0.0,0.0
a44d3a3c,58.0,50.0,8.0,1.0,0.0,0.0,3,0.0,0.0,0.0,0.0,0.0,42.0,0.0,4.0
4a5a45c7,755.0,638.0,117.0,49.0,7.0,7.0,93,2.0,59.0,26.0,33.0,0.0,562.0,0.0,16.0
7afb1573,430.0,417.0,12.0,8.0,1.0,1.0,10,2.0,2.0,0.0,1.0,0.0,349.0,1.0,8.0
75f2c59f,820.0,747.0,71.0,21.0,1.0,7.0,50,43.0,4.0,2.0,1.0,0.0,651.0,2.0,27.0
f7c491f1,1190.0,1061.0,128.0,34.0,0.0,40.0,15,90.0,0.0,0.0,0.0,0.0,1016.0,1.0,10.0
4c62d0c8,276.0,208.0,67.0,17.0,0.0,0.0,0,0.0,0.0,0.0,0.0,0.0,202.0,1.0,0.0
780e3631,1181.0,1123.0,53.0,31.0,1.0,4.0,29,5.0,15.0,0.0,12.0,0.0,995.0,5.0,37.0
03f946ed,275.0,244.0,28.0,0.0,1.0,6.0,3,0.0,0.0,0.0,0.0,0.0,198.0,3.0,7.0
149c5f5d,376.0,285.0,90.0,9.0,0.0,3.0,20,80.0,1.0,0.0,1.0,0.0,296.0,1.0,10.0
17f3620a,355.0,316.0,36.0,0.0,0.0,1.0,10,1.0,0.0,0.0,0.0,0.0,248.0,3.0,8.0
1cadaf34,25.0,23.0,1.0,0.0,0.0,0.0,3,0.0,0.0,0.0,0.0,0.0,13.0,1.0,0.0
1cadaf34,22.0,22.0,0.0,0.0,0.0,0.0,0,0.0,0.0,0.0,0.0,0.0,15.0,0.0,1.0
f71ad8cb,655.0,637.0,15.0,5.0,0.0,0.0,5,3.0,0.0,0.0,0.0,0.0,505.0,3.0,16.0
08aa9cd1,319.0,285.0,34.0,0.0,1.0,2.0,9,0.0,0.0,0.0,0.0,0.0,202.0,0.0,18.0
caec77da,412.0,393.0,17.0,12.0,0.0,2.0,1,5.0,0.0,0.0,0.0,0.0,325.0,2.0,7.0
2c38b327,194.0,173.0,21.0,4.0,0.0,0.0,16,0.0,12.0,5.0,4.0,0.0,154.0,0.0,3.0
55a1cac2,224.0,219.0,5.0,4.0,0.0,0.0,2,0.0,0.0,0.0,0.0,0.0,169.0,0.0,7.0
867239d3,10.0,10.0,0.0,0.0,0.0,0.0,0,0.0,0.0,0.0,0.0,0.0,5.0,0.0,1.0
5e861944,472.0,425.0,43.0,10.0,2.0,7.0,54,13.0,20.0,14.0,2.0,0.0,339.0,4.0,20.0
2a6cd437,361.0,324.0,37.0,37.0,0.0,3.0,0,0.0,0.0,0.0,0.0,0.0,296.0,0.0,1.0
7f609bfc,983.0,823.0,158.0,15.0,4.0,8.0,31,143.0,0.0,0.0,0.0,0.0,737.0,2.0,27.0
277da414,873.0,679.0,190.0,58.0,0.0,7.0,0,0.0,0.0,0.0,0.0,0.0,693.0,4.0,0.0
62437b4f,56.0,55.0,1.0,1.0,0.0,1.0,5,0.0,0.0,0.0,0.0,0.0,34.0,0.0,4.0
88f53b75,20.0,20.0,0.0,0.0,0.0,0.0,0,0.0,0.0,0.0,0.0,0.0,14.0,0.0,0.0
ee4f2f3b,108.0,101.0,7.0,1.0,1.0,3.0,7,2.0,0.0,0.0,0.0,0.0,72.0,0.0,7.0
1b9c7401,249.0,191.0,57.0,1.0,0.0,0.0,40,52.0,4.0,0.0,3.0,0.0,153.0,1.0,13.0
8794e251,684.0,661.0,20.0,9.0,2.0,3.0,20,11.0,0.0,0.0,0.0,0.0,557.0,3.0,15.0
0630eb63,309.0,287.0,21.0,0.0,1.0,4.0,50,2.0,19.0,11.0,5.0,0.0,193.0,1.0,15.0
023937a9,265.0,252.0,12.0,12.0,2.0,3.0,0,0.0,0.0,0.0,0.0,0.0,214.0,1.0,1.0
67f649be,336.0,248.0,84.0,17.0,0.0,0.0,0,0.0,0.0,0.0,0.0,0.0,221.0,4.0,0.0
ce1a6c7e,4.0,4.0,0.0,0.0,0.0,0.0,0,0.0,0.0,0.0,0.0,0.0,3.0,0.0,0.0
8c63fae5,148.0,146.0,2.0,2.0,0.0,1.0,0,0.0,0.0,0.0,0.0,0.0,116.0,0.0,3.0
539230cf,19.0,15.0,4.0,1.0,0.0,0.0,0,0.0,0.0,0.0,0.0,0.0,16.0,0.0,0.0
d9ebed1c,236.0,223.0,13.0,7.0,3.0,8.0,13,2.0,4.0,0.0,4.0,0.0,185.0,0.0,5.0
6e058f06,299.0,277.0,22.0,7.0,0.0,6.0,15,1.0,9.0,5.0,1.0,0.0,227.0,0.0,10.0
6e058f06,12.0,9.0,3.0,0.0,0.0,0.0,1,0.0,1.0,1.0,0.0,0.0,10.0,0.0,0.0
536cebe5,176.0,167.0,6.0,2.0,4.0,1.0,17,1.0,0.0,0.0,0.0,0.0,94.0,3.0,11.0
6213fd82,808.0,647.0,157.0,3.0,0.0,9.0,60,154.0,0.0,0.0,0.0,0.0,559.0,4.0,29.0
4bd00a50,56.0,43.0,12.0,3.0,0.0,1.0,0,9.0,0.0,0.0,0.0,0.0,44.0,1.0,1.0
f61c7c4e,22.0,21.0,0.0,0.0,0.0,0.0,0,0.0,0.0,0.0,0.0,0.0,19.0,1.0,0.0
9823be92,712.0,678.0,31.0,26.0,2.0,4.0,11,1.0,4.0,3.0,1.0,0.0,632.0,3.0,7.0
f1cfc209,698.0,670.0,25.0,17.0,1.0,12.0,12,4.0,1.0,0.0,1.0,0.0,563.0,3.0,4.0
1d4e63b6,21.0,18.0,3.0,0.0,0.0,0.0,4,1.0,2.0,0.0,1.0,0.0,14.0,0.0,2.0
7f78ad23,1022.0,957.0,63.0,29.0,0.0,12.0,38,20.0,9.0,6.0,3.0,0.0,843.0,2.0,14.0
10e7f486,1276.0,1031.0,241.0,33.0,0.0,15.0,67,208.0,0.0,0.0,0.0,0.0,1006.0,4.0,35.0
3ead85f9,1039.0,942.0,97.0,58.0,1.0,8.0,0,1.0,0.0,0.0,0.0,0.0,924.0,0.0,4.0
ca6edaa0,80.0,78.0,2.0,0.0,0.0,0.0,0,2.0,0.0,0.0,0.0,0.0,70.0,0.0,1.0
2a1beb34,1013.0,969.0,42.0,30.0,0.0,17.0,9,8.0,0.0,0.0,0.0,0.0,832.0,2.0,12.0
e58cbfd5,849.0,803.0,43.0,35.0,0.0,14.0,19,3.0,5.0,0.0,4.0,0.0,744.0,3.0,9.0
e58cbfd5,25.0,22.0,3.0,1.0,0.0,2.0,3,1.0,1.0,1.0,0.0,0.0,22.0,0.0,1.0
4b3e1a38,1261.0,1216.0,44.0,41.0,0.0,22.0,1,3.0,0.0,0.0,0.0,0.0,1147.0,1.0,2.0
a378a02a,414.0,386.0,27.0,19.0,0.0,1.0,0,1.0,0.0,0.0,0.0,0.0,367.0,1.0,2.0
14b8fcdf,193.0,188.0,5.0,3.0,0.0,3.0,0,0.0,0.0,0.0,0.0,0.0,169.0,0.0,0.0
ae9898c5,330.0,276.0,52.0,4.0,0.0,2.0,20,48.0,0.0,0.0,0.0,0.0,266.0,2.0,3.0
0b5a292a,1509.0,1238.0,264.0,60.0,2.0,29.0,92,166.0,38.0,15.0,16.0,0.0,1224.0,7.0,18.0
4830e0af,427.0,362.0,63.0,30.0,3.0,7.0,51,2.0,30.0,7.0,19.0,0.0,286.0,2.0,11.0
ee251371,293.0,278.0,15.0,2.0,1.0,2.0,21,13.0,0.0,0.0,0.0,0.0,221.0,0.0,6.0
da5a981b,46.0,40.0,6.0,4.0,0.0,0.0,4,1.0,0.0,0.0,0.0,0.0,36.0,0.0,5.0
217c93a1,489.0,419.0,68.0,22.0,2.0,11.0,59,2.0,43.0,21.0,13.0,0.0,386.0,2.0,7.0
24eb7ed6,250.0,203.0,47.0,3.0,0.0,1.0,17,38.0,6.0,3.0,2.0,0.0,205.0,0.0,4.0
0a447501,374.0,339.0,34.0,2.0,0.0,3.0,0,2.0,0.0,0.0,0.0,0.0,287.0,1.0,9.0
4295f19c,12.0,11.0,1.0,0.0,0.0,0.0,2,0.0,0.0,0.0,0.0,0.0,9.0,0.0,0.0
0d82903c,978.0,860.0,115.0,16.0,0.0,6.0,13,88.0,0.0,0.0,0.0,0.0,848.0,3.0,9.0
7eb97a8e,114.0,102.0,10.0,0.0,0.0,1.0,9,0.0,5.0,4.0,0.0,0.0,83.0,2.0,4.0
3bb7af3b,330.0,325.0,3.0,0.0,2.0,6.0,19,3.0,0.0,0.0,0.0,0.0,244.0,2.0,6.0
86383d0e,311.0,302.0,8.0,0.0,1.0,1.0,14,6.0,0.0,0.0,0.0,0.0,210.0,1.0,9.0
1e9aa637,835.0,814.0,19.0,16.0,1.0,17.0,6,3.0,0.0,0.0,0.0,0.0,663.0,2.0,10.0
2cfae697,710.0,707.0,2.0,2.0,3.0,9.0,3,0.0,0.0,0.0,0.0,0.0,598.0,1.0,9.0
e613313c,698.0,681.0,17.0,15.0,0.0,0.0,1,2.0,0.0,0.0,0.0,0.0,612.0,0.0,7.0
16463a79,117.0,113.0,3.0,0.0,2.0,0.0,5,0.0,0.0,0.0,0.0,0.0,88.0,1.0,4.0
3cb132e6,9.0,9.0,0.0,0.0,0.0,0.0,0,0.0,0.0,0.0,0.0,0.0,8.0,0.0,0.0
b6baba31,0.0,0.0,0.0,0.0,0.0,0.0,0,0.0,0.0,0.0,0.0,0.0,0.0,0.0,0.0
b70bde8f,895.0,821.0,72.0,40.0,2.0,13.0,38,4.0,28.0,9.0,14.0,0.0,763.0,2.0,8.0
343f753a,648.0,435.0,209.0,55.0,0.0,1.0,0,0.0,0.0,0.0,0.0,0.0,441.0,4.0,0.0
dd7febd8,680.0,519.0,157.0,4.0,2.0,5.0,88,141.0,12.0,0.0,11.0,0.0,436.0,4.0,17.0
d3aaad90,481.0,403.0,78.0,9.0,2.0,6.0,9,67.0,1.0,1.0,0.0,0.0,393.0,0.0,14.0
57469b2d,63.0,57.0,6.0,0.0,1.0,0.0,0,0.0,0.0,0.0,0.0,0.0,50.0,0.0,3.0
57469b2d,33.0,31.0,2.0,0.0,0.0,0.0,0,1.0,0.0,0.0,0.0,0.0,25.0,0.0,1.0
0d422df7,699.0,464.0,233.0,46.0,0.0,3.0,0,0.0,0.0,0.0,0.0,0.0,544.0,2.0,0.0
343c0d52,61.0,60.0,1.0,0.0,0.0,1.0,2,0.0,0.0,0.0,0.0,0.0,43.0,0.0,2.0
8b609c34,675.0,542.0,127.0,13.0,1.0,4.0,28,114.0,0.0,0.0,0.0,0.0,505.0,6.0,6.0
b35a7399,193.0,184.0,8.0,7.0,0.0,5.0,0,1.0,0.0,0.0,0.0,0.0,164.0,1.0,1.0
ab4449d6,809.0,558.0,248.0,69.0,0.0,3.0,0,0.0,0.0,0.0,0.0,0.0,618.0,3.0,0.0
30f5ffa9,1397.0,1328.0,67.0,43.0,1.0,13.0,5,22.0,0.0,0.0,0.0,0.0,1275.0,2.0,6.0
b6964eb6,928.0,905.0,21.0,20.0,1.0,2.0,0,1.0,0.0,0.0,0.0,0.0,795.0,2.0,6.0
78f13530,43.0,39.0,4.0,0.0,1.0,1.0,3,2.0,2.0,2.0,0.0,0.0,30.0,0.0,0.0
28f66c2e,32.0,29.0,2.0,0.0,0.0,0.0,1,2.0,0.0,0.0,0.0,0.0,22.0,1.0,0.0
28f66c2e,280.0,222.0,58.0,0.0,1.0,0.0,14,58.0,0.0,0.0,0.0,0.0,212.0,0.0,10.0
9d4c45d6,520.0,511.0,9.0,4.0,5.0,3.0,11,5.0,0.0,0.0,0.0,0.0,417.0,0.0,13.0
50841bef,261.0,248.0,13.0,13.0,0.0,5.0,0,0.0,0.0,0.0,0.0,0.0,204.0,0.0,4.0
94816803,157.0,155.0,2.0,1.0,1.0,1.0,20,1.0,0.0,0.0,0.0,0.0,127.0,0.0,3.0
c13ddd3e,111.0,99.0,12.0,1.0,0.0,3.0,6,9.0,2.0,2.0,0.0,0.0,91.0,0.0,3.0
7b075c75,633.0,595.0,32.0,31.0,0.0,0.0,0,1.0,0.0,0.0,0.0,0.0,579.0,6.0,4.0
3626daea,569.0,457.0,111.0,8.0,2.0,9.0,28,103.0,0.0,0.0,0.0,0.0,435.0,1.0,11.0
ac4003af,242.0,170.0,72.0,11.0,0.0,0.0,0,0.0,0.0,0.0,0.0,0.0,194.0,0.0,0.0
13b44b02,766.0,608.0,157.0,13.0,2.0,16.0,22,143.0,1.0,0.0,1.0,0.0,602.0,1.0,20.0
674cfc5a,573.0,515.0,51.0,16.0,2.0,12.0,84,9.0,26.0,11.0,8.0,0.0,355.0,7.0,23.0
2cb9486d,43.0,40.0,3.0,0.0,0.0,0.0,0,0.0,0.0,0.0,0.0,0.0,25.0,0.0,2.0
f573a8bf,457.0,443.0,7.0,0.0,8.0,7.0,12,0.0,0.0,0.0,0.0,0.0,294.0,7.0,15.0
230c3f3a,103.0,103.0,0.0,0.0,0.0,2.0,2,0.0,0.0,0.0,0.0,0.0,73.0,0.0,3.0
01b8a2b2,474.0,354.0,119.0,31.0,0.0,4.0,0,0.0,0.0,0.0,0.0,0.0,358.0,1.0,1.0
eb3022c3,65.0,64.0,1.0,1.0,0.0,1.0,3,0.0,0.0,0.0,0.0,0.0,57.0,0.0,1.0
8da74c05,660.0,620.0,35.0,28.0,0.0,5.0,7,2.0,0.0,0.0,0.0,0.0,497.0,5.0,13.0
b056e3da,560.0,445.0,111.0,28.0,0.0,2.0,0,0.0,0.0,0.0,0.0,0.0,434.0,4.0,0.0
5cbb5ad6,208.0,181.0,27.0,6.0,0.0,3.0,16,19.0,2.0,1.0,1.0,0.0,143.0,0.0,7.0
e1b0a70d,767.0,556.0,208.0,66.0,0.0,1.0,0,0.0,0.0,0.0,0.0,0.0,588.0,3.0,1.0
3ef0a2d7,438.0,352.0,85.0,5.0,0.0,0.0,48,72.0,8.0,0.0,5.0,0.0,357.0,1.0,11.0
2b9fdeea,62.0,46.0,15.0,3.0,1.0,0.0,18,1.0,9.0,6.0,1.0,0.0,34.0,1.0,2.0
ff5ea0bf,223.0,219.0,4.0,1.0,0.0,1.0,0,2.0,0.0,0.0,0.0,0.0,177.0,0.0,3.0
76ff8d0d,381.0,370.0,11.0,6.0,0.0,1.0,7,5.0,0.0,0.0,0.0,0.0,295.0,0.0,13.0
a96e5dc0,1003.0,807.0,196.0,20.0,2.0,6.0,13,176.0,0.0,0.0,0.0,0.0,844.0,0.0,22.0
c56dc39e,954.0,916.0,34.0,14.0,2.0,7.0,13,19.0,0.0,0.0,0.0,0.0,750.0,4.0,13.0
7edfbb8a,1131.0,1032.0,93.0,32.0,0.0,14.0,3,10.0,0.0,0.0,0.0,0.0,981.0,6.0,13.0
0db169ae,836.0,716.0,111.0,61.0,5.0,7.0,64,11.0,36.0,13.0,18.0,0.0,606.0,9.0,15.0
7ed4921e,127.0,125.0,2.0,2.0,0.0,0.0,1,0.0,0.0,0.0,0.0,0.0,106.0,0.0,1.0
0588a092,119.0,117.0,2.0,0.0,0.0,0.0,2,0.0,0.0,0.0,0.0,0.0,72.0,0.0,1.0
26c54058,146.0,140.0,6.0,5.0,0.0,2.0,1,0.0,0.0,0.0,0.0,0.0,103.0,0.0,0.0
7cd520e8,736.0,629.0,106.0,15.0,1.0,1.0,17,88.0,3.0,0.0,0.0,0.0,606.0,1.0,24.0
3eed9821,399.0,374.0,23.0,23.0,0.0,2.0,1,0.0,0.0,0.0,0.0,0.0,326.0,2.0,7.0
71005acd,75.0,69.0,6.0,0.0,0.0,0.0,5,6.0,0.0,0.0,0.0,0.0,52.0,0.0,3.0
ec52b661,705.0,510.0,187.0,16.0,2.0,12.0,89,159.0,12.0,0.0,12.0,0.0,392.0,8.0,31.0
c414df9d,97.0,95.0,1.0,1.0,0.0,2.0,1,0.0,0.0,0.0,0.0,0.0,78.0,1.0,2.0
5eaed77a,339.0,301.0,37.0,17.0,0.0,1.0,3,18.0,0.0,0.0,0.0,0.0,246.0,1.0,8.0
44ac04e9,640.0,637.0,2.0,2.0,1.0,3.0,1,0.0,0.0,0.0,0.0,0.0,530.0,1.0,10.0
ab1ca213,436.0,375.0,59.0,33.0,1.0,3.0,45,4.0,20.0,12.0,6.0,1.0,313.0,2.0,10.0
983ff2c7,424.0,352.0,71.0,9.0,0.0,0.0,23,59.0,3.0,0.0,2.0,0.0,352.0,1.0,9.0
d3298c99,236.0,179.0,55.0,11.0,0.0,3.0,35,8.0,25.0,13.0,10.0,0.0,156.0,2.0,3.0
0375723e,217.0,175.0,39.0,7.0,3.0,7.0,42,4.0,21.0,10.0,9.0,0.0,137.0,3.0,16.0
33ecf462,398.0,361.0,33.0,16.0,3.0,2.0,33,4.0,9.0,2.0,6.0,0.0,282.0,4.0,15.0
77d6fd4d,1008.0,786.0,221.0,83.0,0.0,0.0,0,0.0,0.0,0.0,0.0,0.0,749.0,1.0,0.0
75e60d75,0.0,0.0,0.0,0.0,0.0,0.0,1,0.0,0.0,0.0,0.0,0.0,0.0,0.0,0.0
75e60d75,0.0,0.0,0.0,0.0,0.0,0.0,1,0.0,0.0,0.0,0.0,0.0,0.0,0.0,0.0
ec5dae45,99.0,97.0,2.0,0.0,0.0,2.0,2,1.0,1.0,1.0,0.0,0.0,79.0,0.0,2.0
ec5dae45,14.0,14.0,0.0,0.0,0.0,0.0,1,0.0,0.0,0.0,0.0,0.0,12.0,0.0,1.0
a14d0ab0,13.0,13.0,0.0,0.0,0.0,0.0,1,0.0,0.0,0.0,0.0,0.0,11.0,0.0,0.0
c7069d87,578.0,526.0,49.0,18.0,1.0,8.0,37,8.0,23.0,3.0,13.0,0.0,439.0,3.0,16.0
bdc74a8f,381.0,345.0,35.0,31.0,0.0,0.0,7,0.0,3.0,1.0,2.0,0.0,317.0,1.0,1.0
08eb3b58,30.0,20.0,10.0,0.0,0.0,0.0,2,10.0,0.0,0.0,0.0,0.0,22.0,0.0,0.0
79443529,241.0,222.0,18.0,1.0,0.0,3.0,4,0.0,0.0,0.0,0.0,0.0,173.0,1.0,11.0
aa8e289e,667.0,648.0,16.0,2.0,0.0,6.0,32,1.0,7.0,4.0,2.0,0.0,529.0,3.0,31.0
b3ef6517,19.0,19.0,0.0,0.0,0.0,0.0,1,0.0,0.0,0.0,0.0,0.0,14.0,0.0,0.0
be2706c0,737.0,616.0,117.0,8.0,3.0,11.0,30,103.0,6.0,3.0,0.0,0.0,563.0,4.0,11.0
72f87f25,87.0,82.0,5.0,1.0,1.0,0.0,9,1.0,2.0,1.0,1.0,0.0,67.0,0.0,3.0
f052fb01,29.0,28.0,1.0,0.0,0.0,0.0,0,1.0,0.0,0.0,0.0,0.0,19.0,0.0,0.0
f86cd5df,36.0,36.0,0.0,0.0,0.0,0.0,3,0.0,0.0,0.0,0.0,0.0,21.0,0.0,0.0
d0d8dd44,731.0,716.0,14.0,13.0,1.0,0.0,0,1.0,0.0,0.0,0.0,0.0,644.0,1.0,3.0
26db8853,1183.0,1130.0,48.0,35.0,0.0,15.0,17,6.0,0.0,0.0,0.0,0.0,983.0,5.0,21.0
217875a4,78.0,75.0,1.0,1.0,0.0,1.0,0,0.0,0.0,0.0,0.0,0.0,68.0,2.0,0.0
eb58eef0,60.0,55.0,4.0,4.0,0.0,0.0,0,0.0,0.0,0.0,0.0,0.0,53.0,1.0,1.0
2f7acede,348.0,309.0,39.0,21.0,0.0,2.0,25,0.0,15.0,6.0,5.0,0.0,275.0,0.0,7.0
1bfe5ac9,40.0,34.0,6.0,4.0,0.0,1.0,0,2.0,0.0,0.0,0.0,0.0,25.0,0.0,3.0
ee9040b4,105.0,99.0,6.0,6.0,0.0,0.0,0,0.0,0.0,0.0,0.0,0.0,77.0,0.0,0.0
d85c238b,561.0,548.0,13.0,3.0,0.0,6.0,35,4.0,6.0,4.0,1.0,0.0,446.0,0.0,21.0
384d58d9,38.0,37.0,0.0,0.0,0.0,0.0,3,0.0,0.0,0.0,0.0,0.0,32.0,1.0,2.0
45191c29,694.0,557.0,133.0,9.0,2.0,6.0,42,117.0,7.0,4.0,2.0,0.0,519.0,4.0,13.0
6bb2c084,1301.0,1284.0,15.0,13.0,1.0,0.0,11,2.0,0.0,0.0,0.0,0.0,1139.0,2.0,17.0
5e834dce,312.0,271.0,40.0,8.0,0.0,1.0,46,2.0,21.0,9.0,10.0,0.0,213.0,1.0,9.0
9907b1c8,196.0,184.0,11.0,4.0,3.0,6.0,20,1.0,5.0,4.0,1.0,0.0,125.0,1.0,12.0
3b12b11f,185.0,156.0,28.0,4.0,0.0,0.0,12,24.0,0.0,0.0,0.0,0.0,132.0,1.0,11.0
3b12b11f,11.0,10.0,1.0,0.0,0.0,0.0,1,1.0,0.0,0.0,0.0,0.0,9.0,0.0,1.0
d3de9af0,214.0,203.0,9.0,1.0,0.0,4.0,11,0.0,0.0,0.0,0.0,0.0,143.0,2.0,4.0
7fe90ccd,280.0,220.0,60.0,1.0,0.0,0.0,7,59.0,0.0,0.0,0.0,0.0,234.0,0.0,7.0
58a2e9f6,7.0,6.0,1.0,0.0,0.0,1.0,1,1.0,0.0,0.0,0.0,0.0,5.0,0.0,0.0
d19ef4ef,22.0,21.0,0.0,0.0,0.0,0.0,0,0.0,0.0,0.0,0.0,0.0,12.0,1.0,1.0
a5296e55,961.0,869.0,89.0,18.0,0.0,5.0,68,2.0,52.0,21.0,20.0,1.0,795.0,3.0,20.0
acf7e795,197.0,194.0,3.0,3.0,0.0,0.0,0,0.0,0.0,0.0,0.0,0.0,154.0,0.0,3.0
028e70b9,138.0,127.0,11.0,0.0,2.0,0.0,0,0.0,0.0,0.0,0.0,0.0,105.0,0.0,6.0
cc1a0c57,65.0,54.0,11.0,3.0,0.0,0.0,0,0.0,0.0,0.0,0.0,0.0,34.0,0.0,0.0
82598b71,98.0,83.0,15.0,0.0,1.0,0.0,10,15.0,0.0,0.0,0.0,0.0,60.0,0.0,6.0
82598b71,231.0,189.0,42.0,6.0,0.0,0.0,13,36.0,0.0,0.0,0.0,0.0,187.0,0.0,6.0
54f6afe3,36.0,21.0,15.0,2.0,0.0,0.0,0,0.0,0.0,0.0,0.0,0.0,22.0,0.0,0.0
4e1d5e59,19.0,19.0,0.0,0.0,0.0,0.0,1,0.0,0.0,0.0,0.0,0.0,17.0,0.0,1.0
4e1d5e59,4.0,4.0,0.0,0.0,0.0,0.0,0,0.0,0.0,0.0,0.0,0.0,2.0,0.0,0.0
405f6586,288.0,287.0,1.0,0.0,2.0,0.0,0,0.0,0.0,0.0,0.0,0.0,154.0,0.0,1.0
eccbe56a,502.0,472.0,29.0,10.0,1.0,3.0,24,7.0,8.0,0.0,7.0,0.0,384.0,1.0,25.0
