id,Touches,Def Pen,Def 3rd,Mid 3rd,Att 3rd,Att Pen,Live,Att,Succ,Tkld,Carries,TotDist,PrgDist,PrgC,1/3,CPA,Mis,Dis,Rec,PrgR
5f09991f,88.0,6.0,23.0,38.0,27.0,1.0,88.0,3.0,2.0,1.0,46.0,193.0,43.0,0.0,3.0,0.0,2.0,0.0,54.0,9.0
0e46fa2f,46.0,2.0,3.0,21.0,22.0,12.0,46.0,3.0,2.0,1.0,31.0,237.0,128.0,5.0,3.0,4.0,4.0,0.0,33.0,7.0
8bc373ea,251.0,38.0,153.0,89.0,9.0,7.0,251.0,1.0,0.0,1.0,155.0,650.0,299.0,2.0,1.0,1.0,2.0,1.0,167.0,1.0
f586779e,162.0,1.0,6.0,77.0,81.0,19.0,162.0,14.0,3.0,8.0,102.0,499.0,216.0,8.0,6.0,3.0,14.0,4.0,120.0,23.0
47aaf574,129.0,5.0,12.0,74.0,45.0,14.0,129.0,8.0,1.0,4.0,63.0,250.0,85.0,2.0,1.0,1.0,12.0,4.0,84.0,20.0
81442ecb,128.0,3.0,26.0,52.0,51.0,3.0,128.0,7.0,5.0,2.0,65.0,311.0,167.0,5.0,4.0,1.0,5.0,4.0,68.0,7.0
82e12fe7,29.0,2.0,6.0,10.0,13.0,8.0,29.0,0.0,0.0,0.0,12.0,33.0,6.0,0.0,0.0,0.0,6.0,0.0,19.0,7.0
65d62814,85.0,80.0,85.0,0.0,0.0,0.0,85.0,1.0,1.0,0.0,57.0,256.0,152.0,0.0,0.0,0.0,0.0,0.0,49.0,0.0
4dcec659,160.0,2.0,30.0,60.0,73.0,17.0,160.0,22.0,6.0,13.0,96.0,783.0,413.0,11.0,5.0,6.0,7.0,4.0,110.0,27.0
dcfb17f4,65.0,1.0,9.0,29.0,28.0,5.0,65.0,6.0,6.0,0.0,31.0,190.0,106.0,5.0,2.0,3.0,0.0,1.0,43.0,12.0
4b00cd47,290.0,56.0,201.0,83.0,7.0,5.0,290.0,1.0,0.0,1.0,162.0,843.0,456.0,1.0,0.0,0.0,1.0,0.0,156.0,2.0
3dd738a1,98.0,1.0,24.0,49.0,25.0,1.0,98.0,0.0,0.0,0.0,50.0,286.0,203.0,6.0,2.0,0.0,1.0,0.0,66.0,8.0
9c4f39b3,121.0,2.0,4.0,45.0,75.0,20.0,121.0,16.0,9.0,6.0,74.0,568.0,285.0,13.0,9.0,6.0,7.0,4.0,88.0,26.0
2b1c4abd,91.0,3.0,3.0,34.0,55.0,16.0,91.0,14.0,5.0,7.0,56.0,310.0,82.0,3.0,4.0,1.0,11.0,4.0,59.0,19.0
b625b241,30.0,0.0,5.0,6.0,20.0,3.0,30.0,6.0,3.0,2.0,22.0,141.0,72.0,1.0,1.0,0.0,2.0,1.0,19.0,6.0
31f5b89b,246.0,7.0,51.0,169.0,26.0,1.0,246.0,2.0,2.0,0.0,163.0,767.0,364.0,3.0,4.0,0.0,3.0,0.0,186.0,2.0
4601e194,62.0,3.0,11.0,23.0,28.0,3.0,62.0,2.0,2.0,0.0,34.0,210.0,137.0,3.0,1.0,1.0,1.0,0.0,39.0,9.0
5294a83f,321.0,3.0,33.0,192.0,97.0,4.0,321.0,4.0,3.0,1.0,258.0,1413.0,670.0,12.0,18.0,0.0,6.0,2.0,262.0,18.0
9e17ccff,46.0,39.0,46.0,0.0,0.0,0.0,46.0,0.0,0.0,0.0,26.0,120.0,41.0,0.0,0.0,0.0,0.0,0.0,20.0,0.0
cd6a1a59,360.0,10.0,87.0,237.0,38.0,2.0,360.0,9.0,4.0,4.0,239.0,1036.0,475.0,3.0,4.0,0.0,2.0,3.0,247.0,2.0
f8405304,34.0,1.0,2.0,7.0,27.0,1.0,34.0,10.0,3.0,5.0,23.0,153.0,38.0,1.0,3.0,1.0,4.0,0.0,28.0,6.0
1a7fcf39,266.0,3.0,35.0,128.0,104.0,5.0,266.0,2.0,1.0,1.0,125.0,506.0,252.0,5.0,7.0,0.0,8.0,1.0,180.0,26.0
5c46e908,172.0,11.0,65.0,83.0,24.0,2.0,172.0,0.0,0.0,0.0,88.0,297.0,143.0,0.0,1.0,0.0,3.0,0.0,107.0,0.0
bdf8165d,289.0,5.0,64.0,185.0,40.0,0.0,289.0,6.0,2.0,4.0,172.0,804.0,336.0,2.0,2.0,0.0,2.0,1.0,212.0,5.0
f4290206,65.0,8.0,28.0,29.0,8.0,1.0,65.0,0.0,0.0,0.0,36.0,234.0,130.0,1.0,2.0,0.0,1.0,0.0,45.0,0.0
0afff3b7,141.0,6.0,20.0,60.0,62.0,13.0,141.0,17.0,6.0,6.0,86.0,555.0,237.0,13.0,6.0,3.0,9.0,8.0,103.0,21.0
8b3ab7ad,186.0,12.0,35.0,142.0,10.0,2.0,186.0,3.0,2.0,1.0,127.0,523.0,325.0,2.0,3.0,0.0,1.0,1.0,131.0,4.0
555d5edd,82.0,0.0,14.0,40.0,30.0,2.0,82.0,9.0,3.0,6.0,49.0,235.0,107.0,4.0,5.0,0.0,4.0,3.0,62.0,7.0
7fdb872a,43.0,7.0,27.0,16.0,0.0,0.0,43.0,0.0,0.0,0.0,31.0,236.0,139.0,0.0,0.0,0.0,1.0,0.0,38.0,0.0
9f1893b9,256.0,1.0,25.0,107.0,132.0,26.0,256.0,20.0,8.0,9.0,206.0,1171.0,502.0,15.0,13.0,5.0,13.0,7.0,194.0,60.0
b5f66351,239.0,15.0,84.0,115.0,43.0,1.0,239.0,1.0,1.0,0.0,88.0,335.0,125.0,2.0,2.0,0.0,4.0,1.0,99.0,5.0
8382b207,35.0,0.0,7.0,13.0,16.0,2.0,35.0,5.0,0.0,4.0,23.0,204.0,85.0,2.0,3.0,2.0,3.0,0.0,21.0,4.0
4f9f721c,48.0,0.0,7.0,21.0,20.0,0.0,48.0,1.0,0.0,1.0,25.0,132.0,43.0,2.0,2.0,0.0,5.0,3.0,28.0,4.0
40dc75f0,1.0,0.0,0.0,1.0,0.0,0.0,1.0,0.0,0.0,0.0,1.0,2.0,1.0,0.0,0.0,0.0,0.0,0.0,1.0,0.0
e0b113a7,153.0,6.0,40.0,98.0,17.0,3.0,153.0,3.0,3.0,0.0,56.0,321.0,179.0,3.0,5.0,1.0,1.0,1.0,98.0,1.0
4e3f5992,71.0,0.0,13.0,50.0,10.0,1.0,71.0,1.0,1.0,0.0,43.0,289.0,162.0,2.0,2.0,0.0,2.0,0.0,46.0,2.0
2a70dcc9,67.0,2.0,24.0,21.0,23.0,1.0,67.0,1.0,0.0,0.0,46.0,259.0,104.0,1.0,4.0,0.0,2.0,3.0,44.0,8.0
4a7078f9,273.0,16.0,92.0,124.0,62.0,7.0,273.0,11.0,4.0,5.0,167.0,1044.0,601.0,11.0,6.0,0.0,8.0,2.0,162.0,12.0
50cddd19,75.0,3.0,9.0,33.0,33.0,9.0,75.0,6.0,1.0,4.0,42.0,187.0,54.0,1.0,2.0,1.0,9.0,4.0,52.0,14.0
108fe016,129.0,4.0,33.0,82.0,14.0,0.0,129.0,1.0,1.0,0.0,115.0,487.0,202.0,2.0,1.0,0.0,2.0,0.0,105.0,0.0
99127249,240.0,1.0,17.0,88.0,141.0,11.0,240.0,26.0,9.0,8.0,175.0,922.0,364.0,11.0,9.0,2.0,5.0,8.0,179.0,58.0
feb5d3ab,197.0,14.0,68.0,69.0,60.0,5.0,197.0,3.0,0.0,3.0,80.0,491.0,229.0,11.0,3.0,1.0,6.0,3.0,89.0,19.0
c63f6e46,90.0,1.0,11.0,43.0,36.0,5.0,90.0,4.0,2.0,2.0,56.0,228.0,72.0,2.0,1.0,0.0,11.0,4.0,68.0,8.0
7e6b3664,18.0,6.0,17.0,1.0,0.0,0.0,18.0,0.0,0.0,0.0,11.0,59.0,6.0,0.0,1.0,0.0,0.0,0.0,8.0,0.0
f28876e5,40.0,0.0,16.0,10.0,14.0,0.0,40.0,0.0,0.0,0.0,22.0,81.0,12.0,0.0,0.0,0.0,0.0,0.0,24.0,2.0
f47a530a,125.0,1.0,27.0,86.0,12.0,3.0,125.0,2.0,0.0,2.0,40.0,149.0,59.0,0.0,1.0,0.0,2.0,2.0,73.0,1.0
2bef2bca,101.0,7.0,42.0,44.0,16.0,3.0,101.0,2.0,2.0,0.0,55.0,385.0,246.0,3.0,1.0,0.0,3.0,0.0,68.0,3.0
184ad240,92.0,2.0,14.0,40.0,39.0,6.0,92.0,7.0,3.0,4.0,64.0,542.0,310.0,12.0,11.0,2.0,4.0,3.0,67.0,11.0
31b7d437,42.0,0.0,6.0,16.0,22.0,2.0,42.0,6.0,1.0,5.0,22.0,186.0,82.0,3.0,4.0,1.0,4.0,1.0,22.0,5.0
b026bbf6,198.0,10.0,43.0,88.0,69.0,10.0,198.0,7.0,5.0,2.0,114.0,779.0,356.0,13.0,3.0,2.0,6.0,4.0,110.0,16.0
8f5bfaac,146.0,2.0,18.0,70.0,61.0,6.0,145.0,12.0,5.0,7.0,69.0,499.0,181.0,5.0,4.0,2.0,15.0,6.0,89.0,6.0
dbd1b101,46.0,39.0,46.0,0.0,0.0,0.0,46.0,0.0,0.0,0.0,21.0,136.0,60.0,0.0,0.0,0.0,0.0,0.0,18.0,0.0
e65a7469,35.0,1.0,5.0,12.0,18.0,2.0,35.0,2.0,0.0,2.0,20.0,139.0,33.0,0.0,1.0,0.0,1.0,0.0,26.0,9.0
dd95af65,6.0,0.0,1.0,3.0,2.0,0.0,6.0,0.0,0.0,0.0,4.0,13.0,0.0,0.0,0.0,0.0,0.0,0.0,4.0,0.0
8e34b9f5,216.0,11.0,93.0,118.0,8.0,6.0,216.0,0.0,0.0,0.0,106.0,487.0,312.0,3.0,1.0,0.0,1.0,1.0,158.0,1.0
10549b49,6.0,0.0,4.0,1.0,1.0,0.0,6.0,0.0,0.0,0.0,3.0,1.0,0.0,0.0,0.0,0.0,1.0,0.0,4.0,0.0
85f476cc,36.0,0.0,6.0,20.0,11.0,2.0,36.0,1.0,1.0,0.0,18.0,87.0,45.0,2.0,0.0,1.0,0.0,1.0,25.0,2.0
60c07b31,139.0,35.0,99.0,42.0,0.0,0.0,139.0,1.0,0.0,1.0,82.0,379.0,107.0,0.0,0.0,0.0,0.0,1.0,85.0,0.0
75229233,35.0,2.0,11.0,23.0,1.0,0.0,35.0,2.0,2.0,0.0,14.0,80.0,30.0,1.0,0.0,0.0,0.0,2.0,11.0,0.0
114bbdee,13.0,5.0,8.0,5.0,0.0,0.0,13.0,0.0,0.0,0.0,5.0,33.0,23.0,1.0,0.0,0.0,0.0,0.0,6.0,0.0
06df8256,328.0,35.0,112.0,196.0,23.0,4.0,328.0,0.0,0.0,0.0,241.0,1244.0,649.0,4.0,5.0,0.0,0.0,0.0,218.0,1.0
d7abc42e,262.0,3.0,41.0,128.0,97.0,6.0,262.0,12.0,3.0,7.0,131.0,783.0,364.0,11.0,9.0,3.0,22.0,13.0,154.0,19.0
dead55e5,408.0,4.0,31.0,235.0,149.0,9.0,408.0,6.0,3.0,0.0,295.0,1166.0,495.0,12.0,9.0,3.0,6.0,2.0,320.0,22.0
0caa2fd4,133.0,1.0,17.0,50.0,67.0,14.0,133.0,11.0,4.0,6.0,84.0,534.0,295.0,10.0,9.0,0.0,5.0,2.0,92.0,34.0
a8567629,96.0,3.0,28.0,32.0,36.0,3.0,96.0,5.0,3.0,1.0,58.0,181.0,42.0,2.0,0.0,0.0,2.0,2.0,58.0,9.0
5ccc9672,76.0,1.0,31.0,24.0,23.0,4.0,76.0,7.0,6.0,1.0,48.0,301.0,110.0,5.0,6.0,2.0,4.0,5.0,44.0,7.0
be47b750,56.0,1.0,2.0,25.0,30.0,10.0,56.0,1.0,1.0,0.0,26.0,90.0,29.0,3.0,1.0,2.0,7.0,2.0,46.0,13.0
cac2537b,158.0,5.0,24.0,75.0,62.0,7.0,158.0,5.0,3.0,2.0,111.0,592.0,275.0,6.0,6.0,4.0,6.0,7.0,113.0,16.0
3098c0df,72.0,2.0,10.0,35.0,30.0,1.0,72.0,3.0,2.0,1.0,48.0,314.0,160.0,3.0,3.0,0.0,6.0,4.0,55.0,5.0
200e89e1,7.0,0.0,2.0,2.0,4.0,0.0,7.0,1.0,1.0,0.0,5.0,41.0,15.0,1.0,1.0,0.0,0.0,0.0,4.0,0.0
b742cc0d,519.0,46.0,200.0,275.0,44.0,9.0,519.0,7.0,5.0,2.0,336.0,1809.0,1116.0,6.0,8.0,0.0,8.0,2.0,378.0,7.0
80556f08,115.0,4.0,19.0,63.0,33.0,7.0,115.0,4.0,2.0,2.0,92.0,546.0,264.0,8.0,3.0,1.0,3.0,2.0,89.0,12.0
a36524bf,231.0,15.0,64.0,157.0,10.0,4.0,231.0,0.0,0.0,0.0,182.0,725.0,360.0,0.0,2.0,0.0,2.0,1.0,182.0,1.0
2973d8ff,95.0,2.0,7.0,45.0,45.0,20.0,94.0,8.0,4.0,4.0,60.0,228.0,82.0,4.0,1.0,1.0,11.0,5.0,81.0,24.0
072e68ed,184.0,145.0,184.0,0.0,0.0,0.0,184.0,0.0,0.0,0.0,102.0,453.0,276.0,0.0,0.0,0.0,2.0,0.0,83.0,0.0
a74ea18d,154.0,2.0,38.0,72.0,45.0,7.0,154.0,4.0,2.0,2.0,72.0,459.0,176.0,4.0,5.0,0.0,3.0,2.0,88.0,20.0
8eb55dbb,254.0,1.0,15.0,69.0,172.0,31.0,254.0,13.0,7.0,5.0,176.0,1450.0,798.0,36.0,22.0,12.0,18.0,9.0,188.0,77.0
50dc94ce,30.0,0.0,4.0,15.0,11.0,2.0,30.0,0.0,0.0,0.0,19.0,60.0,9.0,1.0,1.0,0.0,1.0,1.0,23.0,6.0
30ae134d,136.0,8.0,10.0,81.0,47.0,14.0,136.0,2.0,1.0,1.0,66.0,313.0,100.0,2.0,4.0,0.0,11.0,5.0,99.0,13.0
71115017,459.0,30.0,161.0,239.0,62.0,4.0,459.0,4.0,1.0,1.0,236.0,1403.0,969.0,12.0,3.0,1.0,5.0,1.0,271.0,13.0
f874dd44,64.0,1.0,20.0,26.0,18.0,3.0,64.0,5.0,2.0,3.0,37.0,214.0,131.0,3.0,1.0,1.0,3.0,2.0,43.0,13.0
c678ddd7,239.0,14.0,97.0,140.0,3.0,1.0,239.0,0.0,0.0,0.0,175.0,741.0,400.0,1.0,1.0,0.0,0.0,0.0,195.0,0.0
d705ba44,154.0,1.0,8.0,50.0,96.0,26.0,154.0,6.0,1.0,1.0,113.0,526.0,138.0,5.0,2.0,2.0,18.0,7.0,127.0,32.0
3bd65247,82.0,0.0,6.0,47.0,31.0,4.0,82.0,8.0,1.0,6.0,52.0,289.0,145.0,4.0,4.0,0.0,3.0,1.0,62.0,14.0
942b4f90,197.0,0.0,3.0,77.0,119.0,31.0,195.0,4.0,3.0,1.0,134.0,690.0,268.0,8.0,4.0,6.0,13.0,7.0,133.0,36.0
8a2248b4,211.0,193.0,211.0,0.0,0.0,0.0,211.0,0.0,0.0,0.0,108.0,509.0,285.0,0.0,0.0,0.0,0.0,0.0,83.0,0.0
e4114f5d,316.0,14.0,79.0,173.0,69.0,0.0,316.0,3.0,1.0,1.0,149.0,918.0,494.0,5.0,4.0,0.0,4.0,2.0,213.0,6.0
713c144a,157.0,4.0,13.0,94.0,52.0,5.0,157.0,5.0,3.0,2.0,123.0,562.0,172.0,6.0,4.0,2.0,3.0,2.0,123.0,24.0
a29b1131,88.0,1.0,1.0,39.0,48.0,4.0,88.0,4.0,2.0,1.0,70.0,370.0,175.0,5.0,7.0,2.0,6.0,4.0,72.0,24.0
17370b95,79.0,7.0,39.0,39.0,2.0,0.0,79.0,0.0,0.0,0.0,38.0,218.0,121.0,2.0,0.0,0.0,1.0,0.0,48.0,2.0
7ca9f0f0,205.0,11.0,55.0,121.0,32.0,1.0,205.0,6.0,3.0,2.0,117.0,844.0,408.0,8.0,4.0,1.0,4.0,2.0,118.0,5.0
11c0fa9d,86.0,1.0,6.0,53.0,28.0,3.0,86.0,2.0,0.0,1.0,43.0,164.0,41.0,1.0,1.0,0.0,8.0,3.0,56.0,11.0
a0b730dc,133.0,3.0,12.0,75.0,47.0,6.0,133.0,6.0,2.0,2.0,84.0,376.0,146.0,1.0,5.0,0.0,8.0,1.0,100.0,13.0
1c59240b,182.0,5.0,21.0,89.0,73.0,8.0,182.0,14.0,4.0,9.0,103.0,489.0,169.0,3.0,6.0,1.0,11.0,6.0,124.0,23.0
53d93280,242.0,217.0,241.0,1.0,0.0,0.0,242.0,0.0,0.0,0.0,175.0,846.0,438.0,0.0,0.0,0.0,1.0,0.0,114.0,0.0
4c6e2ab5,0.0,0.0,0.0,0.0,0.0,0.0,0.0,0.0,0.0,0.0,0.0,0.0,0.0,0.0,0.0,0.0,0.0,0.0,0.0,0.0
6191093d,391.0,0.0,30.0,188.0,185.0,28.0,391.0,52.0,27.0,21.0,254.0,1942.0,982.0,31.0,22.0,11.0,16.0,19.0,290.0,54.0
5b479568,45.0,1.0,3.0,18.0,24.0,5.0,45.0,3.0,1.0,2.0,30.0,102.0,42.0,1.0,2.0,2.0,4.0,5.0,32.0,13.0
9c2b4382,41.0,1.0,5.0,22.0,16.0,4.0,41.0,6.0,4.0,2.0,24.0,130.0,42.0,1.0,3.0,1.0,8.0,1.0,29.0,2.0
7713c72a,170.0,23.0,114.0,56.0,1.0,0.0,170.0,0.0,0.0,0.0,97.0,361.0,152.0,0.0,0.0,0.0,1.0,0.0,125.0,0.0
415568b5,117.0,6.0,37.0,58.0,22.0,2.0,116.0,1.0,0.0,0.0,66.0,324.0,156.0,1.0,2.0,0.0,6.0,2.0,91.0,4.0
b146275b,183.0,5.0,10.0,86.0,89.0,23.0,183.0,23.0,11.0,11.0,122.0,952.0,327.0,10.0,4.0,5.0,19.0,9.0,144.0,33.0
52ec54d0,10.0,5.0,6.0,3.0,1.0,0.0,10.0,0.0,0.0,0.0,6.0,48.0,28.0,0.0,0.0,0.0,0.0,0.0,7.0,0.0
f893dba4,314.0,19.0,93.0,140.0,82.0,6.0,314.0,7.0,5.0,2.0,149.0,770.0,381.0,10.0,7.0,1.0,7.0,2.0,173.0,29.0
ae05689a,306.0,6.0,31.0,112.0,173.0,27.0,306.0,27.0,13.0,11.0,170.0,1030.0,522.0,22.0,17.0,7.0,17.0,8.0,178.0,31.0
9d7d5334,15.0,1.0,6.0,8.0,1.0,0.0,15.0,0.0,0.0,0.0,10.0,31.0,8.0,0.0,0.0,0.0,0.0,0.0,9.0,0.0
5e8936be,219.0,182.0,214.0,5.0,0.0,0.0,219.0,0.0,0.0,0.0,130.0,763.0,531.0,0.0,0.0,0.0,0.0,0.0,101.0,0.0
1443ca7d,57.0,9.0,38.0,18.0,1.0,0.0,57.0,1.0,0.0,0.0,29.0,96.0,55.0,0.0,0.0,0.0,1.0,0.0,35.0,1.0
2cb77ec6,232.0,33.0,110.0,97.0,27.0,1.0,232.0,6.0,2.0,2.0,108.0,567.0,292.0,2.0,2.0,0.0,1.0,4.0,95.0,4.0
1c07b06e,253.0,7.0,70.0,165.0,20.0,1.0,253.0,1.0,1.0,0.0,158.0,625.0,306.0,1.0,3.0,0.0,3.0,2.0,179.0,5.0
541127d5,111.0,5.0,25.0,44.0,43.0,12.0,111.0,5.0,0.0,4.0,64.0,304.0,146.0,6.0,4.0,2.0,5.0,2.0,75.0,10.0
f6798fc3,46.0,28.0,43.0,3.0,0.0,0.0,46.0,0.0,0.0,0.0,25.0,79.0,40.0,0.0,0.0,0.0,0.0,0.0,28.0,0.0
20e73fac,357.0,10.0,52.0,154.0,153.0,9.0,357.0,7.0,2.0,5.0,226.0,1078.0,428.0,9.0,10.0,1.0,7.0,3.0,220.0,30.0
ae94a6c5,51.0,0.0,3.0,30.0,18.0,3.0,51.0,2.0,0.0,2.0,35.0,174.0,57.0,1.0,0.0,0.0,1.0,1.0,37.0,1.0
ea39a081,61.0,0.0,13.0,33.0,18.0,4.0,61.0,8.0,2.0,6.0,48.0,433.0,235.0,8.0,3.0,2.0,2.0,3.0,49.0,10.0
1e064bfb,83.0,77.0,83.0,0.0,0.0,0.0,83.0,0.0,0.0,0.0,50.0,228.0,118.0,0.0,0.0,0.0,0.0,0.0,38.0,0.0
6e2c94ad,89.0,0.0,6.0,45.0,38.0,7.0,89.0,1.0,1.0,0.0,58.0,229.0,64.0,1.0,1.0,1.0,7.0,5.0,70.0,15.0
c1949191,166.0,24.0,90.0,73.0,3.0,0.0,166.0,0.0,0.0,0.0,98.0,325.0,137.0,0.0,1.0,0.0,1.0,1.0,112.0,0.0
10072610,152.0,126.0,151.0,1.0,0.0,0.0,152.0,0.0,0.0,0.0,87.0,515.0,309.0,0.0,0.0,0.0,0.0,0.0,55.0,0.0
6115fddd,272.0,235.0,271.0,1.0,0.0,0.0,272.0,0.0,0.0,0.0,151.0,642.0,355.0,0.0,0.0,0.0,0.0,0.0,145.0,0.0
5fd5ed86,154.0,31.0,79.0,69.0,6.0,4.0,154.0,0.0,0.0,0.0,84.0,294.0,139.0,0.0,0.0,0.0,1.0,0.0,103.0,0.0
4c184730,24.0,1.0,1.0,2.0,21.0,5.0,24.0,1.0,0.0,1.0,12.0,30.0,0.0,0.0,0.0,0.0,5.0,1.0,16.0,10.0
582beb9d,252.0,18.0,70.0,100.0,86.0,15.0,252.0,10.0,3.0,7.0,150.0,882.0,363.0,14.0,4.0,6.0,17.0,5.0,151.0,29.0
7b5ab7f2,85.0,1.0,7.0,33.0,46.0,5.0,85.0,11.0,5.0,5.0,59.0,421.0,184.0,7.0,1.0,3.0,4.0,3.0,64.0,19.0
eab85789,154.0,3.0,14.0,57.0,87.0,18.0,154.0,16.0,10.0,4.0,101.0,718.0,392.0,15.0,9.0,4.0,15.0,6.0,111.0,43.0
e0b5ac38,16.0,0.0,0.0,10.0,6.0,0.0,16.0,0.0,0.0,0.0,11.0,43.0,15.0,0.0,0.0,0.0,1.0,0.0,13.0,5.0
44f050bc,35.0,6.0,26.0,9.0,0.0,0.0,35.0,0.0,0.0,0.0,15.0,69.0,20.0,0.0,0.0,0.0,0.0,0.0,16.0,0.0
f8766ef9,390.0,46.0,214.0,172.0,7.0,2.0,390.0,2.0,2.0,0.0,213.0,1125.0,624.0,6.0,0.0,0.0,2.0,0.0,219.0,1.0
eb2b33aa,0.0,0.0,0.0,0.0,0.0,0.0,0.0,0.0,0.0,0.0,0.0,0.0,0.0,0.0,0.0,0.0,0.0,0.0,0.0,0.0
5ab0ea87,69.0,7.0,24.0,39.0,6.0,0.0,69.0,1.0,1.0,0.0,22.0,78.0,43.0,0.0,0.0,0.0,1.0,0.0,29.0,0.0
8e456005,76.0,0.0,7.0,26.0,43.0,6.0,76.0,2.0,1.0,1.0,47.0,228.0,40.0,1.0,1.0,0.0,4.0,6.0,54.0,19.0
b8814868,148.0,2.0,12.0,78.0,59.0,12.0,148.0,5.0,3.0,2.0,91.0,327.0,157.0,5.0,4.0,0.0,11.0,5.0,104.0,22.0
f63a8347,212.0,178.0,212.0,0.0,0.0,0.0,212.0,0.0,0.0,0.0,108.0,575.0,427.0,0.0,0.0,0.0,0.0,0.0,99.0,0.0
13ea2544,162.0,1.0,18.0,113.0,35.0,2.0,162.0,1.0,0.0,1.0,132.0,797.0,368.0,2.0,4.0,0.0,1.0,3.0,123.0,3.0
489e80e3,407.0,9.0,89.0,269.0,56.0,2.0,407.0,20.0,11.0,5.0,277.0,1415.0,670.0,5.0,10.0,0.0,6.0,3.0,276.0,10.0
a6de370d,424.0,1.0,39.0,227.0,164.0,10.0,424.0,8.0,4.0,4.0,305.0,1726.0,946.0,18.0,20.0,1.0,4.0,4.0,337.0,26.0
b6a1cdf9,93.0,2.0,13.0,42.0,40.0,12.0,93.0,9.0,6.0,1.0,63.0,425.0,157.0,4.0,3.0,2.0,9.0,1.0,60.0,15.0
6885cc44,70.0,1.0,15.0,31.0,24.0,3.0,70.0,0.0,0.0,0.0,22.0,118.0,62.0,2.0,1.0,0.0,3.0,2.0,35.0,5.0
dee86451,169.0,1.0,12.0,120.0,38.0,5.0,169.0,2.0,1.0,1.0,126.0,610.0,332.0,3.0,5.0,0.0,2.0,0.0,143.0,4.0
3f5f38fb,93.0,6.0,38.0,55.0,1.0,1.0,93.0,0.0,0.0,0.0,79.0,481.0,227.0,0.0,0.0,0.0,2.0,0.0,76.0,1.0
4d224fe8,557.0,26.0,135.0,313.0,110.0,13.0,557.0,3.0,1.0,1.0,307.0,1024.0,538.0,8.0,2.0,0.0,4.0,5.0,358.0,15.0
f54d2149,202.0,11.0,75.0,114.0,14.0,0.0,202.0,3.0,2.0,1.0,113.0,572.0,201.0,3.0,0.0,0.0,6.0,1.0,123.0,3.0
e0f3a1f6,329.0,48.0,164.0,133.0,36.0,9.0,329.0,0.0,0.0,0.0,136.0,647.0,281.0,2.0,4.0,0.0,5.0,2.0,193.0,4.0
37d0048f,179.0,6.0,29.0,129.0,21.0,0.0,179.0,0.0,0.0,0.0,107.0,542.0,238.0,3.0,5.0,0.0,0.0,1.0,107.0,3.0
ba3d3bea,328.0,12.0,79.0,223.0,29.0,0.0,328.0,5.0,3.0,2.0,267.0,1198.0,282.0,1.0,3.0,0.0,3.0,3.0,249.0,3.0
350ad032,120.0,8.0,35.0,50.0,38.0,4.0,120.0,6.0,2.0,3.0,67.0,520.0,224.0,8.0,8.0,1.0,7.0,5.0,86.0,23.0
2edbd8d5,31.0,29.0,31.0,0.0,0.0,0.0,31.0,0.0,0.0,0.0,8.0,49.0,41.0,0.0,0.0,0.0,0.0,0.0,3.0,0.0
31a62dc7,77.0,5.0,22.0,26.0,29.0,2.0,77.0,3.0,1.0,1.0,36.0,123.0,47.0,1.0,1.0,0.0,0.0,0.0,45.0,8.0
3c6bbbab,136.0,7.0,37.0,57.0,43.0,0.0,136.0,7.0,4.0,2.0,61.0,338.0,174.0,4.0,1.0,0.0,5.0,2.0,88.0,15.0
254b831b,116.0,26.0,63.0,49.0,4.0,4.0,116.0,0.0,0.0,0.0,65.0,228.0,108.0,0.0,1.0,0.0,0.0,0.0,72.0,1.0
e63c5181,237.0,10.0,62.0,128.0,52.0,10.0,237.0,20.0,9.0,9.0,140.0,655.0,252.0,3.0,5.0,1.0,11.0,11.0,146.0,15.0
890f108d,4.0,1.0,1.0,2.0,1.0,0.0,4.0,0.0,0.0,0.0,2.0,2.0,1.0,0.0,0.0,0.0,0.0,0.0,3.0,1.0
b0f7e36c,49.0,0.0,8.0,10.0,31.0,4.0,49.0,4.0,1.0,3.0,31.0,263.0,158.0,4.0,6.0,0.0,0.0,0.0,36.0,6.0
b7b27de0,90.0,1.0,8.0,38.0,45.0,7.0,90.0,12.0,6.0,5.0,70.0,445.0,155.0,5.0,5.0,2.0,12.0,4.0,71.0,17.0
68a26d51,377.0,3.0,55.0,269.0,54.0,0.0,377.0,3.0,3.0,0.0,231.0,1285.0,569.0,4.0,7.0,0.0,3.0,5.0,282.0,5.0
1cb49278,85.0,13.0,51.0,30.0,5.0,2.0,85.0,0.0,0.0,0.0,55.0,430.0,296.0,1.0,1.0,0.0,0.0,0.0,56.0,0.0
6e2e6e4e,0.0,0.0,0.0,0.0,0.0,0.0,0.0,0.0,0.0,0.0,0.0,0.0,0.0,0.0,0.0,0.0,0.0,0.0,0.0,0.0
770ebf00,322.0,4.0,52.0,188.0,85.0,13.0,322.0,2.0,1.0,0.0,160.0,722.0,274.0,4.0,1.0,0.0,4.0,3.0,220.0,23.0
7cd78926,324.0,24.0,128.0,132.0,67.0,4.0,324.0,11.0,3.0,6.0,141.0,845.0,434.0,8.0,5.0,0.0,5.0,5.0,157.0,7.0
5fcb90ac,9.0,0.0,1.0,6.0,2.0,0.0,9.0,0.0,0.0,0.0,3.0,29.0,25.0,1.0,0.0,0.0,0.0,0.0,5.0,1.0
1fbbfbde,170.0,13.0,83.0,83.0,5.0,5.0,170.0,1.0,1.0,0.0,113.0,448.0,256.0,1.0,1.0,1.0,1.0,1.0,118.0,1.0
3010aefb,65.0,2.0,12.0,33.0,21.0,3.0,65.0,3.0,1.0,2.0,37.0,304.0,171.0,8.0,4.0,1.0,2.0,3.0,53.0,5.0
5ef3d210,10.0,0.0,0.0,6.0,4.0,1.0,10.0,1.0,1.0,0.0,9.0,104.0,65.0,3.0,1.0,0.0,0.0,0.0,9.0,0.0
0e7ccfc4,193.0,18.0,56.0,82.0,58.0,1.0,193.0,0.0,0.0,0.0,89.0,486.0,203.0,8.0,3.0,0.0,5.0,3.0,85.0,18.0
9980269a,15.0,0.0,0.0,5.0,10.0,5.0,15.0,1.0,1.0,0.0,7.0,14.0,6.0,0.0,0.0,0.0,2.0,0.0,12.0,1.0
720ebb4e,0.0,0.0,0.0,0.0,0.0,0.0,0.0,0.0,0.0,0.0,0.0,0.0,0.0,0.0,0.0,0.0,0.0,0.0,0.0,0.0
922dfade,250.0,5.0,26.0,156.0,69.0,4.0,250.0,3.0,1.0,1.0,152.0,694.0,270.0,4.0,6.0,0.0,6.0,3.0,194.0,10.0
16657b95,442.0,10.0,80.0,286.0,77.0,15.0,442.0,1.0,1.0,0.0,279.0,1214.0,522.0,5.0,10.0,0.0,7.0,2.0,293.0,6.0
0ab1f153,53.0,1.0,6.0,23.0,26.0,3.0,53.0,5.0,3.0,1.0,28.0,166.0,110.0,2.0,1.0,1.0,0.0,0.0,42.0,8.0
235a646b,231.0,8.0,55.0,109.0,70.0,7.0,231.0,3.0,1.0,2.0,103.0,582.0,334.0,10.0,8.0,1.0,6.0,0.0,131.0,15.0
a04e2dd2,76.0,66.0,76.0,0.0,0.0,0.0,76.0,0.0,0.0,0.0,39.0,261.0,128.0,0.0,0.0,0.0,0.0,0.0,18.0,0.0
d9565625,410.0,10.0,126.0,170.0,118.0,12.0,410.0,7.0,2.0,4.0,259.0,1234.0,667.0,15.0,8.0,3.0,8.0,2.0,263.0,24.0
563cbac0,400.0,67.0,227.0,152.0,23.0,7.0,400.0,3.0,3.0,0.0,246.0,1337.0,701.0,1.0,3.0,0.0,3.0,0.0,259.0,4.0
94b2001f,173.0,15.0,61.0,100.0,14.0,3.0,173.0,0.0,0.0,0.0,100.0,525.0,375.0,5.0,2.0,0.0,1.0,0.0,135.0,1.0
ccd38335,125.0,3.0,15.0,59.0,52.0,15.0,125.0,2.0,2.0,0.0,72.0,221.0,63.0,2.0,1.0,2.0,10.0,5.0,76.0,20.0
da7f2781,324.0,17.0,119.0,158.0,55.0,0.0,324.0,6.0,4.0,1.0,175.0,943.0,576.0,7.0,3.0,0.0,3.0,2.0,157.0,12.0
ae4e2852,120.0,3.0,25.0,46.0,49.0,3.0,120.0,4.0,1.0,3.0,52.0,230.0,115.0,2.0,2.0,0.0,1.0,1.0,88.0,26.0
bc6e544a,123.0,10.0,40.0,56.0,31.0,4.0,123.0,6.0,3.0,3.0,43.0,354.0,246.0,9.0,6.0,2.0,2.0,3.0,54.0,4.0
d99830de,43.0,0.0,8.0,15.0,21.0,1.0,43.0,2.0,0.0,2.0,21.0,114.0,65.0,1.0,2.0,0.0,1.0,1.0,25.0,11.0
d33c706e,16.0,0.0,0.0,11.0,5.0,2.0,16.0,0.0,0.0,0.0,5.0,8.0,2.0,0.0,1.0,0.0,4.0,0.0,12.0,3.0
5832ebfe,231.0,32.0,114.0,101.0,16.0,2.0,231.0,0.0,0.0,0.0,157.0,741.0,455.0,0.0,5.0,1.0,0.0,0.0,167.0,1.0
13c8e5f6,77.0,2.0,8.0,24.0,46.0,13.0,77.0,4.0,0.0,4.0,46.0,259.0,169.0,5.0,2.0,5.0,3.0,2.0,56.0,17.0
19cda00b,157.0,0.0,5.0,92.0,64.0,9.0,156.0,15.0,9.0,6.0,104.0,470.0,242.0,6.0,3.0,0.0,2.0,1.0,131.0,13.0
aeed5c06,38.0,0.0,4.0,15.0,21.0,6.0,38.0,6.0,5.0,1.0,22.0,179.0,90.0,2.0,4.0,2.0,3.0,0.0,27.0,5.0
d4822868,5.0,0.0,0.0,2.0,3.0,0.0,5.0,0.0,0.0,0.0,5.0,17.0,11.0,0.0,0.0,0.0,0.0,0.0,5.0,0.0
8104e41e,312.0,1.0,24.0,132.0,161.0,21.0,312.0,16.0,9.0,3.0,228.0,1203.0,525.0,15.0,15.0,7.0,13.0,11.0,231.0,68.0
a9107589,151.0,139.0,150.0,1.0,0.0,0.0,151.0,0.0,0.0,0.0,78.0,452.0,296.0,0.0,0.0,0.0,0.0,0.0,48.0,0.0
4030c7ae,223.0,207.0,223.0,0.0,0.0,0.0,223.0,0.0,0.0,0.0,122.0,613.0,337.0,0.0,0.0,0.0,0.0,0.0,92.0,0.0
34a0f5ff,172.0,3.0,23.0,72.0,79.0,11.0,172.0,19.0,9.0,7.0,124.0,784.0,389.0,11.0,7.0,5.0,11.0,2.0,126.0,27.0
37143438,32.0,1.0,8.0,15.0,9.0,2.0,32.0,0.0,0.0,0.0,19.0,94.0,32.0,0.0,1.0,0.0,3.0,1.0,21.0,1.0
1581e8db,189.0,7.0,37.0,90.0,63.0,6.0,189.0,7.0,3.0,2.0,96.0,591.0,303.0,8.0,8.0,0.0,7.0,4.0,108.0,8.0
ad82197c,589.0,40.0,206.0,327.0,63.0,14.0,589.0,7.0,5.0,1.0,380.0,2347.0,1312.0,13.0,15.0,1.0,11.0,0.0,384.0,8.0
d6f866ba,118.0,4.0,32.0,68.0,19.0,2.0,118.0,3.0,2.0,0.0,63.0,264.0,80.0,1.0,1.0,0.0,4.0,0.0,65.0,2.0
45c29ae7,55.0,1.0,6.0,23.0,27.0,6.0,55.0,7.0,4.0,1.0,34.0,252.0,134.0,5.0,0.0,2.0,4.0,3.0,34.0,8.0
77ac1d89,133.0,3.0,12.0,53.0,72.0,7.0,133.0,8.0,1.0,6.0,95.0,641.0,329.0,13.0,6.0,4.0,6.0,4.0,103.0,23.0
ac295d9e,46.0,31.0,45.0,1.0,0.0,0.0,46.0,0.0,0.0,0.0,31.0,186.0,109.0,0.0,0.0,0.0,0.0,0.0,23.0,0.0
d01bbb6f,219.0,5.0,18.0,99.0,105.0,20.0,219.0,20.0,9.0,9.0,142.0,794.0,401.0,13.0,9.0,7.0,10.0,8.0,154.0,34.0
f67c9d29,299.0,21.0,108.0,166.0,29.0,9.0,299.0,1.0,1.0,0.0,163.0,805.0,430.0,7.0,5.0,0.0,4.0,4.0,187.0,8.0
fffea3e5,118.0,0.0,5.0,42.0,79.0,14.0,118.0,27.0,17.0,9.0,100.0,902.0,541.0,18.0,9.0,6.0,4.0,3.0,99.0,22.0
67ac5bb8,341.0,31.0,127.0,200.0,15.0,7.0,341.0,0.0,0.0,0.0,236.0,1365.0,905.0,3.0,1.0,0.0,1.0,0.0,251.0,2.0
9e7483ff,122.0,2.0,7.0,64.0,59.0,8.0,122.0,18.0,11.0,6.0,83.0,649.0,367.0,11.0,6.0,1.0,8.0,2.0,80.0,15.0
6fd8a334,272.0,36.0,134.0,130.0,9.0,5.0,272.0,0.0,0.0,0.0,150.0,931.0,602.0,5.0,3.0,0.0,1.0,1.0,163.0,0.0
c6486b01,169.0,5.0,22.0,61.0,88.0,22.0,169.0,3.0,1.0,2.0,103.0,475.0,184.0,8.0,3.0,7.0,13.0,1.0,117.0,22.0
510c6a3f,43.0,40.0,43.0,0.0,0.0,0.0,43.0,0.0,0.0,0.0,27.0,115.0,48.0,0.0,0.0,0.0,0.0,0.0,24.0,0.0
8c5506ec,220.0,15.0,77.0,93.0,53.0,3.0,220.0,2.0,1.0,0.0,115.0,532.0,275.0,5.0,4.0,1.0,5.0,2.0,118.0,21.0
e0921a4f,231.0,0.0,15.0,98.0,123.0,19.0,230.0,23.0,7.0,16.0,152.0,760.0,288.0,8.0,7.0,5.0,13.0,8.0,161.0,29.0
0b243559,27.0,2.0,13.0,11.0,3.0,0.0,27.0,0.0,0.0,0.0,8.0,8.0,5.0,0.0,0.0,0.0,1.0,0.0,9.0,1.0
756959aa,128.0,2.0,35.0,69.0,25.0,1.0,128.0,2.0,1.0,0.0,76.0,392.0,121.0,3.0,3.0,0.0,4.0,4.0,96.0,9.0
29e298a8,144.0,12.0,55.0,69.0,21.0,2.0,144.0,2.0,0.0,2.0,70.0,375.0,153.0,0.0,0.0,0.0,1.0,0.0,75.0,4.0
7f8fb807,30.0,2.0,4.0,10.0,16.0,5.0,30.0,0.0,0.0,0.0,17.0,68.0,22.0,0.0,1.0,0.0,2.0,1.0,20.0,4.0
57760e66,74.0,1.0,4.0,27.0,44.0,8.0,74.0,7.0,3.0,4.0,55.0,371.0,154.0,6.0,6.0,2.0,5.0,3.0,58.0,16.0
beb882a8,190.0,3.0,29.0,132.0,30.0,3.0,190.0,1.0,1.0,0.0,107.0,393.0,176.0,3.0,1.0,0.0,2.0,3.0,131.0,4.0
2fba6108,39.0,1.0,3.0,13.0,24.0,7.0,39.0,5.0,5.0,0.0,34.0,195.0,94.0,3.0,1.0,3.0,2.0,2.0,29.0,10.0
47a34c4f,35.0,0.0,8.0,23.0,5.0,0.0,35.0,0.0,0.0,0.0,16.0,67.0,26.0,0.0,1.0,0.0,0.0,0.0,18.0,0.0
f7dc2ae5,466.0,21.0,144.0,275.0,50.0,6.0,466.0,8.0,2.0,4.0,320.0,1757.0,1220.0,13.0,7.0,2.0,3.0,2.0,327.0,6.0
0b4f388a,117.0,0.0,1.0,44.0,74.0,26.0,116.0,14.0,1.0,11.0,84.0,446.0,163.0,9.0,5.0,1.0,10.0,3.0,93.0,23.0
a0c590b9,47.0,0.0,2.0,15.0,30.0,11.0,47.0,2.0,0.0,2.0,34.0,201.0,83.0,5.0,3.0,3.0,6.0,2.0,39.0,11.0
04e17fd5,59.0,2.0,5.0,34.0,20.0,8.0,59.0,4.0,0.0,3.0,28.0,135.0,38.0,1.0,0.0,0.0,5.0,0.0,45.0,9.0
3fba18d3,62.0,3.0,22.0,24.0,16.0,0.0,62.0,1.0,0.0,0.0,31.0,104.0,55.0,2.0,1.0,0.0,0.0,0.0,34.0,3.0
c75f04f4,2.0,1.0,1.0,1.0,0.0,0.0,2.0,0.0,0.0,0.0,1.0,4.0,0.0,0.0,0.0,0.0,0.0,0.0,1.0,0.0
ea770abf,330.0,32.0,133.0,174.0,29.0,5.0,330.0,3.0,2.0,0.0,182.0,1106.0,619.0,6.0,6.0,0.0,4.0,0.0,176.0,12.0
1469d291,14.0,1.0,7.0,6.0,1.0,0.0,14.0,1.0,0.0,0.0,10.0,39.0,6.0,0.0,0.0,0.0,0.0,0.0,9.0,1.0
8eeb8ba4,364.0,20.0,111.0,183.0,78.0,5.0,364.0,6.0,2.0,3.0,226.0,819.0,393.0,3.0,6.0,2.0,6.0,2.0,233.0,17.0
980522ec,410.0,6.0,52.0,209.0,151.0,3.0,410.0,3.0,1.0,2.0,294.0,1262.0,738.0,15.0,17.0,0.0,5.0,4.0,324.0,15.0
12dcbdcc,91.0,2.0,21.0,37.0,33.0,3.0,91.0,2.0,1.0,1.0,58.0,269.0,157.0,4.0,3.0,0.0,0.0,1.0,62.0,13.0
d7354a36,43.0,3.0,20.0,23.0,1.0,0.0,43.0,2.0,0.0,2.0,21.0,125.0,46.0,0.0,0.0,0.0,3.0,1.0,19.0,0.0
16322a52,107.0,6.0,9.0,65.0,35.0,9.0,107.0,5.0,3.0,2.0,48.0,342.0,112.0,5.0,5.0,2.0,15.0,7.0,66.0,17.0
4352d221,309.0,7.0,48.0,180.0,88.0,9.0,307.0,12.0,5.0,7.0,174.0,1083.0,617.0,11.0,9.0,1.0,11.0,10.0,181.0,18.0
54bb5c3f,78.0,71.0,78.0,0.0,0.0,0.0,78.0,0.0,0.0,0.0,31.0,215.0,140.0,0.0,0.0,0.0,0.0,0.0,19.0,0.0
f5e7fdf9,297.0,11.0,76.0,162.0,61.0,2.0,297.0,9.0,0.0,7.0,156.0,639.0,383.0,4.0,3.0,0.0,7.0,1.0,169.0,17.0
bc7b4580,80.0,7.0,36.0,31.0,15.0,0.0,80.0,4.0,1.0,2.0,31.0,231.0,145.0,6.0,4.0,0.0,1.0,0.0,31.0,2.0
366be751,98.0,1.0,16.0,52.0,31.0,3.0,98.0,2.0,1.0,0.0,55.0,227.0,83.0,2.0,0.0,1.0,1.0,1.0,78.0,8.0
b396a0b1,142.0,3.0,18.0,55.0,70.0,9.0,142.0,29.0,2.0,24.0,94.0,649.0,302.0,8.0,7.0,3.0,5.0,4.0,108.0,35.0
0ba976e4,23.0,1.0,1.0,9.0,13.0,4.0,23.0,0.0,0.0,0.0,11.0,58.0,6.0,0.0,0.0,0.0,2.0,0.0,15.0,2.0
4c1e579e,4.0,0.0,0.0,3.0,1.0,0.0,4.0,0.0,0.0,0.0,3.0,12.0,4.0,0.0,0.0,0.0,0.0,0.0,3.0,1.0
bece776f,88.0,0.0,1.0,37.0,50.0,6.0,88.0,3.0,1.0,2.0,57.0,273.0,119.0,3.0,3.0,2.0,3.0,1.0,72.0,7.0
15d0c248,238.0,29.0,128.0,107.0,3.0,1.0,238.0,0.0,0.0,0.0,165.0,876.0,394.0,0.0,0.0,0.0,0.0,0.0,162.0,0.0
507c7bdf,448.0,10.0,53.0,169.0,233.0,38.0,448.0,11.0,5.0,4.0,275.0,1076.0,569.0,16.0,7.0,6.0,9.0,7.0,322.0,61.0
ef491564,23.0,0.0,5.0,16.0,2.0,0.0,23.0,0.0,0.0,0.0,17.0,129.0,74.0,2.0,0.0,0.0,0.0,2.0,19.0,1.0
e08647d6,56.0,0.0,3.0,16.0,37.0,10.0,56.0,4.0,1.0,3.0,34.0,155.0,30.0,0.0,2.0,0.0,5.0,6.0,41.0,12.0
d9d43555,24.0,0.0,4.0,8.0,13.0,2.0,24.0,5.0,0.0,5.0,11.0,52.0,22.0,1.0,1.0,0.0,3.0,0.0,11.0,2.0
41f32541,117.0,23.0,61.0,48.0,8.0,0.0,117.0,1.0,1.0,0.0,74.0,260.0,85.0,1.0,2.0,0.0,1.0,0.0,73.0,0.0
a92ab7be,227.0,194.0,223.0,4.0,0.0,0.0,227.0,1.0,1.0,0.0,146.0,739.0,424.0,0.0,0.0,0.0,0.0,0.0,126.0,0.0
822d51d7,490.0,11.0,67.0,302.0,135.0,11.0,490.0,19.0,11.0,8.0,349.0,2041.0,1033.0,24.0,24.0,2.0,22.0,9.0,338.0,26.0
f620b04f,37.0,0.0,4.0,23.0,10.0,2.0,37.0,0.0,0.0,0.0,21.0,79.0,8.0,1.0,0.0,1.0,6.0,1.0,27.0,4.0
9a794238,48.0,0.0,5.0,20.0,23.0,2.0,48.0,0.0,0.0,0.0,31.0,165.0,103.0,2.0,1.0,0.0,2.0,0.0,38.0,8.0
b853e0ad,253.0,5.0,38.0,119.0,97.0,8.0,253.0,5.0,2.0,2.0,154.0,523.0,237.0,5.0,4.0,1.0,9.0,5.0,164.0,17.0
74f2e748,113.0,5.0,24.0,44.0,47.0,11.0,113.0,11.0,6.0,4.0,67.0,616.0,365.0,12.0,10.0,8.0,8.0,0.0,76.0,19.0
f360f047,16.0,0.0,3.0,4.0,9.0,2.0,16.0,1.0,0.0,1.0,11.0,114.0,75.0,3.0,2.0,2.0,2.0,2.0,9.0,1.0
1971591f,169.0,6.0,28.0,64.0,80.0,13.0,169.0,10.0,6.0,3.0,108.0,630.0,316.0,12.0,3.0,7.0,16.0,9.0,111.0,30.0
3da8cba0,39.0,4.0,17.0,16.0,7.0,0.0,39.0,3.0,1.0,2.0,17.0,79.0,36.0,1.0,1.0,0.0,1.0,2.0,18.0,2.0
23c63b7f,86.0,0.0,11.0,41.0,35.0,14.0,86.0,2.0,0.0,2.0,56.0,346.0,121.0,6.0,1.0,4.0,8.0,3.0,67.0,21.0
a372a9f2,290.0,8.0,64.0,195.0,32.0,1.0,290.0,4.0,3.0,1.0,179.0,747.0,427.0,2.0,2.0,1.0,2.0,1.0,190.0,1.0
7aa8adfe,116.0,5.0,15.0,25.0,77.0,15.0,116.0,12.0,5.0,5.0,81.0,744.0,416.0,16.0,4.0,9.0,10.0,2.0,89.0,31.0
62f7c156,142.0,25.0,97.0,42.0,5.0,4.0,142.0,1.0,1.0,0.0,73.0,249.0,116.0,0.0,1.0,0.0,1.0,0.0,74.0,0.0
19cae58d,60.0,1.0,4.0,23.0,33.0,5.0,60.0,3.0,1.0,2.0,32.0,213.0,84.0,3.0,1.0,1.0,5.0,2.0,36.0,6.0
0683f364,247.0,11.0,74.0,102.0,75.0,6.0,247.0,7.0,4.0,2.0,124.0,715.0,385.0,8.0,5.0,2.0,7.0,6.0,129.0,22.0
6bd603db,167.0,7.0,32.0,109.0,28.0,0.0,167.0,6.0,3.0,2.0,117.0,474.0,246.0,4.0,8.0,0.0,4.0,1.0,109.0,1.0
7ba6d84e,250.0,214.0,249.0,1.0,0.0,0.0,250.0,0.0,0.0,0.0,144.0,590.0,397.0,0.0,0.0,0.0,0.0,0.0,142.0,0.0
242e1043,218.0,5.0,58.0,135.0,27.0,4.0,218.0,5.0,0.0,4.0,154.0,690.0,173.0,1.0,2.0,0.0,5.0,2.0,150.0,8.0
ffa90327,97.0,3.0,12.0,42.0,43.0,6.0,97.0,5.0,4.0,1.0,56.0,388.0,201.0,7.0,4.0,4.0,4.0,5.0,79.0,10.0
7242b495,81.0,3.0,15.0,34.0,32.0,1.0,81.0,1.0,1.0,0.0,38.0,210.0,93.0,4.0,3.0,0.0,1.0,1.0,47.0,12.0
d0a0858e,75.0,2.0,17.0,45.0,13.0,0.0,75.0,4.0,1.0,3.0,39.0,202.0,106.0,1.0,1.0,0.0,7.0,1.0,38.0,0.0
9c435456,361.0,51.0,191.0,172.0,0.0,0.0,361.0,2.0,1.0,0.0,293.0,1552.0,628.0,0.0,0.0,0.0,0.0,1.0,265.0,0.0
37337aea,59.0,1.0,3.0,29.0,31.0,15.0,58.0,9.0,3.0,4.0,29.0,123.0,45.0,2.0,0.0,2.0,8.0,3.0,37.0,7.0
f521b80a,340.0,19.0,155.0,173.0,12.0,6.0,340.0,0.0,0.0,0.0,216.0,1133.0,737.0,3.0,1.0,0.0,1.0,0.0,230.0,5.0
3befc2b6,354.0,50.0,183.0,163.0,9.0,5.0,354.0,0.0,0.0,0.0,190.0,999.0,513.0,4.0,2.0,1.0,1.0,0.0,201.0,0.0
c0a38fb2,0.0,0.0,0.0,0.0,0.0,0.0,0.0,0.0,0.0,0.0,0.0,0.0,0.0,0.0,0.0,0.0,0.0,0.0,0.0,0.0
ab57e591,24.0,0.0,1.0,19.0,4.0,0.0,24.0,1.0,0.0,1.0,13.0,87.0,39.0,1.0,2.0,0.0,1.0,0.0,20.0,1.0
50c1ff86,148.0,9.0,40.0,73.0,39.0,1.0,148.0,2.0,0.0,1.0,72.0,433.0,144.0,2.0,3.0,1.0,3.0,1.0,75.0,13.0
51ffa295,106.0,1.0,18.0,40.0,49.0,8.0,106.0,6.0,1.0,5.0,68.0,443.0,175.0,6.0,4.0,2.0,10.0,6.0,73.0,16.0
3708e9fa,338.0,1.0,28.0,129.0,185.0,14.0,338.0,14.0,5.0,9.0,223.0,1412.0,648.0,16.0,19.0,3.0,11.0,4.0,220.0,58.0
8dcf77c0,73.0,3.0,18.0,24.0,31.0,7.0,73.0,9.0,1.0,6.0,45.0,264.0,108.0,4.0,2.0,1.0,8.0,4.0,46.0,12.0
4c2e9442,53.0,1.0,2.0,25.0,26.0,5.0,53.0,2.0,1.0,0.0,38.0,114.0,32.0,2.0,0.0,2.0,6.0,3.0,47.0,11.0
5c78cb9e,11.0,0.0,8.0,3.0,0.0,0.0,11.0,0.0,0.0,0.0,3.0,9.0,4.0,0.0,0.0,0.0,1.0,0.0,8.0,0.0
c275947b,123.0,1.0,11.0,68.0,48.0,9.0,123.0,7.0,3.0,4.0,68.0,335.0,122.0,3.0,6.0,0.0,1.0,1.0,72.0,8.0
49d028db,207.0,21.0,98.0,104.0,7.0,1.0,207.0,0.0,0.0,0.0,132.0,581.0,344.0,0.0,2.0,0.0,0.0,0.0,155.0,0.0
7cc5bd9c,8.0,4.0,6.0,2.0,0.0,0.0,8.0,0.0,0.0,0.0,3.0,13.0,5.0,0.0,0.0,0.0,0.0,0.0,2.0,0.0
c4f5eb61,27.0,0.0,3.0,18.0,6.0,0.0,27.0,0.0,0.0,0.0,15.0,99.0,44.0,1.0,1.0,0.0,0.0,1.0,20.0,0.0
4e4b59a4,4.0,0.0,0.0,4.0,0.0,0.0,4.0,0.0,0.0,0.0,3.0,21.0,6.0,0.0,0.0,0.0,0.0,0.0,4.0,0.0
9c74fa25,230.0,15.0,57.0,142.0,35.0,7.0,230.0,1.0,0.0,1.0,131.0,550.0,266.0,1.0,9.0,1.0,3.0,3.0,132.0,4.0
6f5f82c0,80.0,5.0,24.0,35.0,21.0,1.0,80.0,1.0,1.0,0.0,44.0,191.0,77.0,3.0,0.0,0.0,5.0,1.0,43.0,4.0
aad56ca3,200.0,2.0,17.0,58.0,125.0,27.0,200.0,13.0,6.0,7.0,128.0,670.0,323.0,13.0,10.0,4.0,13.0,5.0,141.0,38.0
3cd7820a,130.0,7.0,27.0,98.0,6.0,0.0,130.0,4.0,2.0,2.0,58.0,496.0,321.0,2.0,3.0,0.0,2.0,1.0,88.0,0.0
8e235926,77.0,2.0,2.0,26.0,50.0,15.0,77.0,1.0,0.0,0.0,33.0,117.0,51.0,1.0,2.0,0.0,6.0,1.0,59.0,11.0
54e4866f,346.0,5.0,34.0,190.0,126.0,14.0,345.0,12.0,5.0,6.0,216.0,1305.0,740.0,20.0,19.0,6.0,6.0,2.0,267.0,33.0
37998008,12.0,11.0,12.0,0.0,0.0,0.0,12.0,0.0,0.0,0.0,6.0,35.0,28.0,0.0,0.0,0.0,0.0,0.0,3.0,0.0
0da5076f,181.0,3.0,31.0,78.0,78.0,9.0,181.0,17.0,4.0,12.0,104.0,912.0,522.0,15.0,12.0,5.0,11.0,7.0,114.0,27.0
5db7ba90,0.0,0.0,0.0,0.0,0.0,0.0,0.0,0.0,0.0,0.0,0.0,0.0,0.0,0.0,0.0,0.0,0.0,0.0,0.0,0.0
ef322658,237.0,2.0,39.0,154.0,46.0,4.0,237.0,5.0,2.0,3.0,169.0,815.0,420.0,2.0,10.0,0.0,7.0,3.0,160.0,6.0
0076ab7f,63.0,11.0,30.0,29.0,4.0,1.0,63.0,0.0,0.0,0.0,27.0,106.0,49.0,0.0,0.0,0.0,0.0,0.0,32.0,0.0
bb598858,89.0,10.0,32.0,33.0,24.0,0.0,89.0,3.0,1.0,2.0,23.0,78.0,25.0,0.0,0.0,0.0,1.0,3.0,43.0,4.0
58a3a572,257.0,13.0,80.0,113.0,67.0,6.0,257.0,10.0,4.0,6.0,129.0,686.0,469.0,11.0,5.0,1.0,9.0,2.0,142.0,25.0
1707d9c6,28.0,0.0,2.0,22.0,4.0,1.0,28.0,0.0,0.0,0.0,22.0,73.0,14.0,0.0,0.0,0.0,0.0,0.0,24.0,1.0
b73f17f8,151.0,4.0,28.0,61.0,65.0,14.0,151.0,24.0,12.0,12.0,90.0,667.0,294.0,12.0,9.0,3.0,11.0,7.0,91.0,26.0
8e48dc61,291.0,9.0,58.0,186.0,47.0,5.0,291.0,0.0,0.0,0.0,168.0,930.0,464.0,6.0,8.0,1.0,3.0,2.0,202.0,13.0
3741ca58,113.0,3.0,20.0,46.0,49.0,5.0,113.0,10.0,6.0,3.0,59.0,307.0,128.0,7.0,4.0,1.0,2.0,5.0,82.0,11.0
8593f88c,394.0,8.0,95.0,163.0,136.0,13.0,394.0,5.0,1.0,4.0,192.0,788.0,461.0,12.0,15.0,5.0,2.0,1.0,240.0,52.0
44400941,231.0,13.0,72.0,120.0,42.0,0.0,231.0,5.0,2.0,2.0,120.0,492.0,205.0,2.0,3.0,0.0,1.0,2.0,129.0,2.0
c7842dab,207.0,8.0,61.0,130.0,16.0,1.0,207.0,0.0,0.0,0.0,95.0,323.0,109.0,1.0,0.0,0.0,2.0,4.0,120.0,2.0
a6979b0f,121.0,3.0,10.0,51.0,63.0,8.0,121.0,3.0,0.0,2.0,77.0,558.0,231.0,9.0,9.0,2.0,11.0,3.0,80.0,20.0
70dcf94d,218.0,4.0,32.0,106.0,82.0,14.0,218.0,7.0,1.0,5.0,80.0,409.0,146.0,4.0,3.0,1.0,8.0,2.0,113.0,21.0
82cfae2a,387.0,53.0,175.0,196.0,17.0,2.0,387.0,1.0,0.0,0.0,208.0,1045.0,596.0,1.0,1.0,0.0,3.0,1.0,229.0,1.0
7673e4bc,8.0,2.0,3.0,3.0,2.0,0.0,8.0,0.0,0.0,0.0,0.0,0.0,0.0,0.0,0.0,0.0,1.0,0.0,0.0,0.0
60831426,287.0,258.0,286.0,1.0,0.0,0.0,287.0,0.0,0.0,0.0,147.0,661.0,365.0,0.0,0.0,0.0,0.0,0.0,156.0,0.0
02b952ce,83.0,21.0,60.0,22.0,1.0,1.0,83.0,0.0,0.0,0.0,58.0,194.0,55.0,0.0,0.0,0.0,0.0,0.0,54.0,0.0
e6ad16b2,388.0,10.0,55.0,257.0,79.0,7.0,388.0,5.0,2.0,3.0,270.0,1112.0,559.0,6.0,6.0,0.0,0.0,1.0,300.0,15.0
4fac8f81,489.0,84.0,304.0,171.0,18.0,7.0,489.0,2.0,0.0,2.0,350.0,1273.0,522.0,2.0,2.0,1.0,5.0,0.0,337.0,3.0
f24ea523,92.0,3.0,18.0,40.0,34.0,4.0,92.0,2.0,0.0,2.0,47.0,240.0,111.0,1.0,3.0,0.0,5.0,0.0,50.0,10.0
bfc5768b,100.0,5.0,18.0,55.0,29.0,7.0,100.0,3.0,0.0,0.0,53.0,252.0,123.0,3.0,4.0,0.0,7.0,4.0,64.0,11.0
39e1138f,128.0,8.0,34.0,68.0,26.0,1.0,128.0,1.0,1.0,0.0,82.0,314.0,130.0,2.0,7.0,0.0,1.0,0.0,70.0,5.0
f0f64209,1.0,0.0,0.0,1.0,0.0,0.0,1.0,0.0,0.0,0.0,1.0,11.0,6.0,0.0,0.0,0.0,0.0,0.0,0.0,0.0
6b658db0,2.0,0.0,1.0,1.0,0.0,0.0,2.0,0.0,0.0,0.0,1.0,0.0,0.0,0.0,0.0,0.0,1.0,0.0,1.0,1.0
10161491,255.0,226.0,254.0,1.0,0.0,0.0,255.0,0.0,0.0,0.0,149.0,797.0,433.0,0.0,0.0,0.0,1.0,0.0,103.0,0.0
50871bcc,22.0,0.0,6.0,10.0,7.0,0.0,22.0,2.0,1.0,1.0,16.0,60.0,25.0,0.0,1.0,0.0,1.0,0.0,17.0,4.0
2dc925d5,24.0,0.0,3.0,10.0,11.0,0.0,24.0,7.0,2.0,5.0,12.0,53.0,5.0,0.0,0.0,0.0,5.0,0.0,13.0,2.0
fa066690,285.0,10.0,136.0,131.0,18.0,13.0,285.0,0.0,0.0,0.0,113.0,450.0,205.0,0.0,3.0,0.0,1.0,0.0,195.0,3.0
8059806f,184.0,8.0,24.0,63.0,98.0,23.0,184.0,14.0,3.0,7.0,126.0,807.0,348.0,11.0,5.0,6.0,11.0,9.0,130.0,39.0
fa94d227,10.0,1.0,4.0,6.0,1.0,0.0,10.0,0.0,0.0,0.0,5.0,10.0,8.0,0.0,0.0,0.0,0.0,0.0,6.0,0.0
90b70194,176.0,8.0,38.0,87.0,51.0,8.0,176.0,3.0,1.0,2.0,111.0,481.0,160.0,2.0,4.0,0.0,8.0,4.0,123.0,16.0
3642b47f,159.0,6.0,28.0,83.0,49.0,6.0,159.0,1.0,0.0,1.0,97.0,553.0,200.0,2.0,3.0,0.0,8.0,2.0,93.0,6.0
0c7a48f8,204.0,18.0,103.0,95.0,6.0,1.0,204.0,0.0,0.0,0.0,90.0,340.0,180.0,2.0,1.0,0.0,2.0,1.0,126.0,0.0
5521f419,48.0,0.0,4.0,29.0,16.0,4.0,48.0,5.0,3.0,2.0,33.0,217.0,153.0,5.0,3.0,1.0,4.0,1.0,38.0,12.0
2116f524,8.0,0.0,2.0,5.0,1.0,1.0,8.0,0.0,0.0,0.0,3.0,26.0,23.0,1.0,0.0,0.0,0.0,0.0,3.0,1.0
9a71e978,99.0,5.0,32.0,50.0,17.0,4.0,99.0,4.0,2.0,1.0,61.0,290.0,202.0,4.0,1.0,2.0,1.0,0.0,68.0,5.0
5d8e331f,379.0,14.0,84.0,259.0,36.0,6.0,379.0,1.0,0.0,0.0,226.0,1115.0,568.0,3.0,2.0,0.0,4.0,1.0,270.0,0.0
d79a8c87,449.0,38.0,180.0,262.0,8.0,4.0,449.0,2.0,0.0,2.0,313.0,1493.0,864.0,4.0,1.0,0.0,3.0,1.0,329.0,0.0
ca618d23,28.0,2.0,10.0,12.0,6.0,1.0,28.0,1.0,1.0,0.0,13.0,82.0,33.0,0.0,0.0,0.0,2.0,3.0,19.0,3.0
16839b27,66.0,2.0,14.0,44.0,8.0,0.0,66.0,0.0,0.0,0.0,37.0,199.0,78.0,1.0,1.0,0.0,1.0,0.0,37.0,0.0
951f1739,264.0,6.0,38.0,170.0,60.0,2.0,264.0,6.0,2.0,4.0,187.0,1108.0,615.0,14.0,17.0,0.0,2.0,3.0,193.0,7.0
6603fed7,259.0,3.0,22.0,130.0,107.0,11.0,258.0,6.0,4.0,1.0,174.0,664.0,337.0,5.0,7.0,0.0,9.0,3.0,191.0,23.0
62de9d42,273.0,3.0,37.0,118.0,121.0,21.0,272.0,6.0,3.0,3.0,161.0,839.0,510.0,13.0,11.0,4.0,9.0,5.0,160.0,27.0
d5efd527,321.0,54.0,222.0,96.0,5.0,3.0,321.0,0.0,0.0,0.0,175.0,805.0,298.0,1.0,0.0,0.0,2.0,0.0,205.0,1.0
73b1d487,219.0,2.0,29.0,91.0,104.0,10.0,219.0,17.0,5.0,11.0,135.0,850.0,371.0,12.0,7.0,2.0,5.0,9.0,157.0,24.0
ad3389d5,73.0,65.0,73.0,0.0,0.0,0.0,73.0,0.0,0.0,0.0,37.0,182.0,110.0,0.0,0.0,0.0,0.0,0.0,31.0,0.0
15f3ec41,6.0,0.0,0.0,1.0,5.0,1.0,6.0,2.0,1.0,1.0,2.0,53.0,0.0,1.0,1.0,0.0,0.0,0.0,3.0,1.0
f2c1300a,244.0,16.0,120.0,119.0,6.0,5.0,244.0,0.0,0.0,0.0,163.0,875.0,492.0,1.0,0.0,0.0,1.0,0.0,188.0,0.0
e09436fb,6.0,1.0,4.0,2.0,1.0,0.0,6.0,1.0,0.0,1.0,5.0,50.0,18.0,1.0,0.0,0.0,1.0,0.0,2.0,1.0
4f5a953e,304.0,29.0,168.0,132.0,5.0,3.0,304.0,0.0,0.0,0.0,179.0,603.0,276.0,0.0,0.0,0.0,1.0,0.0,191.0,0.0
2f3452eb,494.0,17.0,167.0,256.0,75.0,8.0,494.0,10.0,3.0,6.0,343.0,2016.0,1061.0,16.0,10.0,1.0,7.0,4.0,314.0,18.0
952afd27,549.0,66.0,251.0,287.0,12.0,2.0,549.0,2.0,0.0,1.0,354.0,2358.0,1634.0,11.0,7.0,0.0,2.0,1.0,441.0,2.0
82efe6fa,395.0,40.0,191.0,192.0,15.0,7.0,395.0,4.0,2.0,2.0,278.0,1498.0,738.0,6.0,5.0,1.0,8.0,1.0,260.0,1.0
34caa4b3,107.0,3.0,10.0,46.0,51.0,10.0,107.0,8.0,1.0,5.0,85.0,462.0,240.0,11.0,6.0,6.0,7.0,6.0,81.0,22.0
75645f0e,49.0,0.0,2.0,20.0,28.0,7.0,49.0,3.0,2.0,1.0,34.0,173.0,48.0,2.0,3.0,1.0,4.0,1.0,36.0,7.0
d5161564,1.0,0.0,0.0,1.0,0.0,0.0,1.0,0.0,0.0,0.0,1.0,1.0,1.0,0.0,0.0,0.0,0.0,0.0,1.0,0.0
ba492306,3.0,0.0,0.0,0.0,3.0,0.0,3.0,1.0,0.0,1.0,2.0,16.0,0.0,0.0,0.0,0.0,0.0,0.0,3.0,2.0
5ce0b5ba,156.0,2.0,7.0,102.0,49.0,2.0,156.0,2.0,2.0,0.0,106.0,499.0,212.0,4.0,7.0,1.0,2.0,0.0,115.0,8.0
4431aed2,131.0,5.0,11.0,48.0,74.0,23.0,130.0,5.0,2.0,3.0,108.0,588.0,194.0,4.0,4.0,4.0,6.0,4.0,108.0,20.0
92fa5d28,70.0,6.0,28.0,42.0,3.0,0.0,70.0,1.0,0.0,1.0,41.0,163.0,92.0,1.0,1.0,0.0,3.0,3.0,42.0,2.0
33651873,101.0,13.0,46.0,51.0,4.0,3.0,101.0,1.0,1.0,0.0,73.0,364.0,228.0,4.0,0.0,0.0,1.0,0.0,74.0,0.0
85c76f0a,23.0,0.0,0.0,12.0,11.0,1.0,23.0,0.0,0.0,0.0,17.0,130.0,93.0,3.0,2.0,0.0,2.0,1.0,18.0,4.0
f512a009,120.0,5.0,20.0,60.0,40.0,6.0,120.0,2.0,2.0,0.0,59.0,186.0,55.0,1.0,1.0,1.0,8.0,4.0,87.0,15.0
3d3ac5b8,55.0,3.0,17.0,26.0,13.0,1.0,55.0,1.0,0.0,1.0,34.0,140.0,44.0,2.0,1.0,1.0,1.0,1.0,30.0,4.0
5715bb71,270.0,2.0,26.0,89.0,162.0,37.0,270.0,42.0,13.0,21.0,187.0,1444.0,759.0,27.0,20.0,12.0,32.0,8.0,192.0,67.0
4c82730b,166.0,8.0,27.0,84.0,57.0,9.0,166.0,2.0,0.0,1.0,99.0,594.0,183.0,6.0,3.0,0.0,15.0,3.0,112.0,27.0
a93b6f4e,232.0,7.0,73.0,138.0,23.0,1.0,232.0,5.0,2.0,3.0,146.0,605.0,353.0,2.0,6.0,0.0,0.0,2.0,168.0,4.0
08452314,192.0,4.0,19.0,91.0,82.0,16.0,192.0,9.0,6.0,3.0,133.0,640.0,328.0,11.0,5.0,3.0,4.0,2.0,132.0,31.0
a0415710,66.0,2.0,5.0,21.0,41.0,10.0,66.0,2.0,1.0,1.0,38.0,232.0,99.0,4.0,2.0,3.0,2.0,3.0,49.0,24.0
9866afec,238.0,7.0,40.0,146.0,55.0,3.0,238.0,8.0,6.0,1.0,133.0,775.0,369.0,4.0,4.0,0.0,3.0,4.0,159.0,7.0
2c5f04ba,16.0,0.0,0.0,3.0,13.0,3.0,16.0,0.0,0.0,0.0,10.0,25.0,7.0,0.0,0.0,0.0,1.0,0.0,10.0,3.0
53e442e2,64.0,4.0,20.0,27.0,17.0,5.0,64.0,3.0,0.0,3.0,22.0,84.0,31.0,1.0,1.0,1.0,4.0,4.0,25.0,1.0
706a337d,0.0,0.0,0.0,0.0,0.0,0.0,0.0,0.0,0.0,0.0,0.0,0.0,0.0,0.0,0.0,0.0,0.0,0.0,0.0,0.0
b66315ae,121.0,1.0,9.0,46.0,69.0,24.0,121.0,16.0,10.0,5.0,84.0,466.0,193.0,7.0,5.0,4.0,11.0,10.0,92.0,22.0
4c5b14d2,203.0,0.0,17.0,105.0,84.0,5.0,203.0,13.0,6.0,4.0,155.0,925.0,427.0,9.0,6.0,2.0,6.0,3.0,171.0,19.0
1bacc518,111.0,6.0,39.0,55.0,19.0,0.0,111.0,6.0,6.0,0.0,63.0,439.0,167.0,2.0,4.0,0.0,2.0,3.0,68.0,2.0
abb3bb95,119.0,6.0,12.0,56.0,53.0,19.0,119.0,3.0,1.0,2.0,50.0,153.0,31.0,0.0,2.0,0.0,10.0,5.0,84.0,13.0
2a0c8ba4,132.0,2.0,23.0,91.0,19.0,0.0,132.0,2.0,1.0,0.0,79.0,236.0,64.0,0.0,1.0,0.0,1.0,5.0,98.0,2.0
d87e2cae,191.0,9.0,14.0,97.0,80.0,16.0,190.0,5.0,0.0,5.0,115.0,469.0,176.0,6.0,5.0,1.0,7.0,3.0,145.0,34.0
84399660,1.0,0.0,0.0,0.0,1.0,0.0,1.0,0.0,0.0,0.0,1.0,4.0,0.0,0.0,0.0,0.0,0.0,0.0,1.0,1.0
72c01cfb,136.0,15.0,70.0,57.0,10.0,6.0,136.0,3.0,2.0,1.0,68.0,430.0,261.0,3.0,1.0,1.0,1.0,0.0,86.0,1.0
a29e5244,35.0,7.0,12.0,15.0,9.0,1.0,35.0,1.0,1.0,0.0,14.0,87.0,55.0,1.0,2.0,0.0,1.0,1.0,11.0,1.0
6358cb11,184.0,15.0,83.0,79.0,24.0,1.0,184.0,4.0,3.0,1.0,65.0,387.0,236.0,4.0,4.0,1.0,2.0,0.0,93.0,1.0
0a084b35,98.0,9.0,33.0,28.0,37.0,3.0,98.0,2.0,1.0,1.0,25.0,160.0,60.0,1.0,0.0,0.0,2.0,0.0,25.0,4.0
d29202c2,84.0,1.0,4.0,43.0,37.0,9.0,84.0,6.0,4.0,2.0,62.0,278.0,84.0,3.0,1.0,2.0,14.0,3.0,76.0,20.0
390eb94b,146.0,5.0,34.0,68.0,53.0,6.0,146.0,13.0,7.0,5.0,102.0,637.0,194.0,7.0,5.0,1.0,11.0,11.0,90.0,20.0
32f3d97e,66.0,2.0,9.0,42.0,16.0,0.0,66.0,6.0,2.0,3.0,48.0,404.0,167.0,6.0,6.0,1.0,2.0,1.0,46.0,8.0
66c52a77,197.0,2.0,37.0,83.0,79.0,9.0,197.0,6.0,2.0,3.0,87.0,610.0,390.0,10.0,9.0,4.0,4.0,4.0,122.0,20.0
d2800f47,163.0,1.0,16.0,73.0,75.0,5.0,163.0,8.0,5.0,3.0,77.0,467.0,185.0,5.0,3.0,1.0,9.0,1.0,106.0,12.0
d9ac09e2,85.0,4.0,6.0,37.0,43.0,13.0,85.0,4.0,1.0,2.0,48.0,212.0,71.0,2.0,0.0,1.0,7.0,3.0,56.0,17.0
bf4c41f9,108.0,1.0,11.0,47.0,52.0,15.0,108.0,8.0,4.0,4.0,80.0,456.0,202.0,9.0,3.0,4.0,7.0,4.0,90.0,27.0
f38a247a,70.0,4.0,34.0,34.0,2.0,1.0,70.0,0.0,0.0,0.0,50.0,206.0,148.0,1.0,0.0,0.0,0.0,0.0,55.0,0.0
4047c976,80.0,3.0,14.0,23.0,43.0,8.0,80.0,3.0,0.0,2.0,56.0,247.0,129.0,5.0,3.0,1.0,12.0,4.0,57.0,21.0
0f6e3474,310.0,49.0,190.0,110.0,14.0,6.0,310.0,3.0,2.0,0.0,179.0,928.0,445.0,1.0,0.0,0.0,2.0,1.0,199.0,0.0
53342701,382.0,26.0,138.0,182.0,62.0,3.0,382.0,8.0,4.0,2.0,213.0,1284.0,815.0,12.0,11.0,0.0,2.0,1.0,237.0,4.0
af50141d,423.0,2.0,75.0,275.0,76.0,4.0,421.0,13.0,8.0,2.0,274.0,1447.0,660.0,8.0,7.0,0.0,7.0,5.0,304.0,10.0
4123bc9a,131.0,1.0,20.0,82.0,32.0,4.0,131.0,2.0,2.0,0.0,75.0,447.0,230.0,2.0,4.0,0.0,4.0,3.0,80.0,7.0
1bd5735a,55.0,2.0,12.0,22.0,21.0,1.0,55.0,3.0,0.0,3.0,27.0,129.0,67.0,2.0,1.0,1.0,1.0,0.0,27.0,3.0
211589b8,50.0,0.0,1.0,18.0,31.0,8.0,50.0,2.0,1.0,1.0,28.0,144.0,42.0,3.0,0.0,1.0,6.0,6.0,38.0,18.0
9f84febe,89.0,1.0,17.0,29.0,43.0,6.0,89.0,2.0,2.0,0.0,58.0,318.0,118.0,3.0,4.0,2.0,4.0,0.0,53.0,14.0
d5127c3f,179.0,6.0,28.0,80.0,73.0,11.0,179.0,8.0,2.0,5.0,104.0,668.0,261.0,4.0,9.0,2.0,7.0,8.0,126.0,26.0
35bd124a,227.0,42.0,135.0,87.0,9.0,3.0,227.0,4.0,0.0,4.0,147.0,1096.0,604.0,1.0,2.0,1.0,2.0,0.0,132.0,0.0
3d50bcdb,11.0,0.0,1.0,3.0,7.0,1.0,11.0,0.0,0.0,0.0,6.0,22.0,1.0,0.0,0.0,0.0,5.0,0.0,8.0,1.0
dc52c72f,145.0,12.0,61.0,60.0,25.0,1.0,145.0,1.0,1.0,0.0,62.0,144.0,48.0,1.0,1.0,0.0,2.0,2.0,60.0,6.0
d2c580ce,140.0,5.0,36.0,80.0,25.0,4.0,140.0,4.0,2.0,2.0,70.0,295.0,139.0,3.0,4.0,0.0,5.0,6.0,84.0,3.0
136958ad,3.0,0.0,0.0,2.0,1.0,0.0,3.0,0.0,0.0,0.0,1.0,9.0,0.0,0.0,0.0,0.0,0.0,0.0,3.0,0.0
05e19d6a,93.0,2.0,20.0,48.0,26.0,6.0,93.0,3.0,3.0,0.0,62.0,320.0,81.0,4.0,1.0,2.0,1.0,1.0,70.0,11.0
59e4b92e,303.0,4.0,71.0,190.0,49.0,4.0,303.0,4.0,1.0,2.0,122.0,633.0,307.0,2.0,1.0,0.0,3.0,3.0,152.0,4.0
b956af7d,143.0,7.0,14.0,82.0,50.0,11.0,143.0,3.0,0.0,2.0,52.0,182.0,81.0,2.0,1.0,0.0,20.0,6.0,104.0,26.0
718a3a5c,242.0,69.0,167.0,70.0,6.0,0.0,242.0,3.0,2.0,1.0,104.0,634.0,339.0,2.0,0.0,0.0,2.0,0.0,113.0,0.0
43458538,44.0,0.0,2.0,21.0,22.0,5.0,44.0,5.0,1.0,4.0,23.0,118.0,13.0,1.0,0.0,1.0,3.0,2.0,30.0,7.0
fc9b373e,119.0,1.0,14.0,73.0,34.0,7.0,119.0,11.0,4.0,7.0,83.0,411.0,187.0,7.0,5.0,3.0,5.0,7.0,91.0,11.0
ff711ca2,152.0,9.0,63.0,57.0,34.0,3.0,152.0,12.0,7.0,4.0,80.0,580.0,231.0,6.0,7.0,1.0,5.0,5.0,73.0,8.0
2b0852db,21.0,1.0,7.0,9.0,6.0,1.0,21.0,1.0,0.0,1.0,6.0,33.0,23.0,1.0,0.0,0.0,1.0,0.0,11.0,1.0
15fd5593,36.0,1.0,2.0,24.0,10.0,5.0,36.0,0.0,0.0,0.0,20.0,39.0,8.0,0.0,0.0,0.0,2.0,0.0,21.0,2.0
6bd5cd5d,506.0,36.0,214.0,282.0,15.0,10.0,503.0,3.0,1.0,2.0,294.0,1548.0,819.0,4.0,2.0,1.0,5.0,1.0,321.0,1.0
988dfee2,268.0,57.0,175.0,91.0,3.0,3.0,268.0,2.0,0.0,1.0,162.0,869.0,436.0,3.0,1.0,2.0,2.0,0.0,174.0,0.0
ec48abb1,56.0,3.0,15.0,28.0,13.0,2.0,56.0,0.0,0.0,0.0,24.0,93.0,60.0,2.0,0.0,0.0,1.0,1.0,28.0,5.0
ff74841d,59.0,49.0,59.0,0.0,0.0,0.0,59.0,0.0,0.0,0.0,30.0,223.0,165.0,0.0,0.0,0.0,0.0,0.0,18.0,0.0
6747869d,12.0,0.0,5.0,4.0,3.0,1.0,12.0,2.0,1.0,1.0,3.0,11.0,8.0,0.0,0.0,0.0,0.0,0.0,5.0,3.0
9bf914b4,378.0,10.0,68.0,206.0,111.0,7.0,377.0,19.0,10.0,9.0,272.0,1460.0,663.0,8.0,9.0,1.0,9.0,7.0,262.0,9.0
aee634bf,117.0,7.0,42.0,51.0,25.0,7.0,117.0,4.0,1.0,2.0,54.0,262.0,144.0,6.0,2.0,0.0,3.0,5.0,59.0,11.0
0f816ae5,24.0,1.0,7.0,15.0,3.0,0.0,24.0,0.0,0.0,0.0,16.0,85.0,22.0,1.0,1.0,0.0,0.0,0.0,15.0,3.0
1f3afdcb,17.0,0.0,3.0,13.0,1.0,0.0,17.0,0.0,0.0,0.0,5.0,29.0,12.0,1.0,0.0,0.0,3.0,0.0,10.0,0.0
b1cd37e6,76.0,1.0,5.0,25.0,47.0,5.0,76.0,2.0,0.0,2.0,43.0,216.0,125.0,4.0,1.0,1.0,1.0,0.0,53.0,14.0
4d1666ff,140.0,18.0,54.0,65.0,21.0,1.0,140.0,2.0,1.0,1.0,84.0,476.0,297.0,6.0,5.0,1.0,2.0,3.0,85.0,5.0
bc08556f,30.0,1.0,9.0,19.0,2.0,0.0,30.0,0.0,0.0,0.0,20.0,80.0,36.0,0.0,0.0,0.0,1.0,0.0,21.0,0.0
b79d8e93,4.0,2.0,3.0,0.0,1.0,1.0,4.0,0.0,0.0,0.0,3.0,5.0,1.0,0.0,0.0,0.0,0.0,0.0,3.0,0.0
60713cb3,181.0,168.0,181.0,0.0,0.0,0.0,181.0,0.0,0.0,0.0,84.0,488.0,323.0,0.0,0.0,0.0,0.0,0.0,61.0,0.0
50385760,242.0,13.0,87.0,112.0,47.0,0.0,242.0,8.0,5.0,2.0,85.0,535.0,257.0,8.0,4.0,0.0,4.0,1.0,99.0,8.0
2249e65b,68.0,1.0,12.0,38.0,20.0,5.0,68.0,2.0,1.0,0.0,40.0,339.0,186.0,4.0,3.0,1.0,3.0,2.0,46.0,6.0
3543ef90,1.0,0.0,0.0,0.0,1.0,0.0,1.0,0.0,0.0,0.0,1.0,1.0,0.0,0.0,0.0,0.0,1.0,0.0,1.0,0.0
1ac58ba6,185.0,30.0,113.0,72.0,2.0,1.0,184.0,0.0,0.0,0.0,103.0,446.0,235.0,1.0,1.0,0.0,1.0,1.0,131.0,0.0
47420f02,31.0,0.0,9.0,13.0,10.0,5.0,31.0,0.0,0.0,0.0,20.0,98.0,26.0,0.0,1.0,0.0,1.0,2.0,20.0,4.0
2a29eb9b,192.0,11.0,56.0,89.0,48.0,4.0,192.0,0.0,0.0,0.0,104.0,433.0,225.0,4.0,5.0,0.0,0.0,0.0,117.0,15.0
16aa3654,173.0,0.0,11.0,69.0,98.0,13.0,173.0,8.0,4.0,4.0,127.0,756.0,340.0,12.0,15.0,7.0,7.0,3.0,137.0,36.0
a40819d9,2.0,0.0,0.0,2.0,0.0,0.0,2.0,0.0,0.0,0.0,2.0,9.0,0.0,0.0,0.0,0.0,0.0,0.0,1.0,0.0
9ceb7642,287.0,3.0,75.0,173.0,43.0,0.0,287.0,4.0,3.0,1.0,190.0,992.0,532.0,6.0,2.0,0.0,6.0,2.0,198.0,3.0
6d86d9cd,172.0,4.0,10.0,61.0,106.0,33.0,172.0,19.0,7.0,11.0,114.0,679.0,347.0,11.0,9.0,9.0,27.0,6.0,121.0,33.0
9f115e20,146.0,12.0,63.0,81.0,5.0,1.0,146.0,6.0,5.0,1.0,47.0,285.0,51.0,0.0,0.0,0.0,4.0,1.0,52.0,1.0
2770726a,102.0,0.0,3.0,46.0,54.0,10.0,102.0,7.0,3.0,4.0,66.0,352.0,195.0,9.0,9.0,0.0,5.0,3.0,84.0,25.0
ef83dfcc,147.0,9.0,37.0,64.0,46.0,0.0,147.0,0.0,0.0,0.0,61.0,400.0,105.0,0.0,2.0,0.0,4.0,1.0,68.0,4.0
4e7db402,268.0,240.0,267.0,1.0,0.0,0.0,268.0,0.0,0.0,0.0,130.0,626.0,298.0,0.0,0.0,0.0,0.0,0.0,100.0,0.0
651fa4db,16.0,0.0,0.0,6.0,10.0,0.0,16.0,1.0,1.0,0.0,11.0,70.0,55.0,1.0,0.0,0.0,0.0,0.0,14.0,5.0
22798128,239.0,7.0,52.0,133.0,62.0,4.0,239.0,14.0,7.0,5.0,165.0,1010.0,452.0,7.0,8.0,0.0,10.0,6.0,151.0,12.0
22798128,58.0,3.0,14.0,17.0,27.0,5.0,58.0,3.0,2.0,1.0,33.0,146.0,36.0,1.0,0.0,0.0,3.0,5.0,31.0,8.0
bf12926c,57.0,1.0,2.0,23.0,33.0,5.0,57.0,5.0,2.0,2.0,30.0,196.0,96.0,4.0,2.0,2.0,4.0,1.0,33.0,6.0
abe66106,14.0,0.0,2.0,5.0,8.0,1.0,14.0,0.0,0.0,0.0,9.0,44.0,25.0,1.0,1.0,0.0,2.0,0.0,10.0,1.0
8614496d,216.0,29.0,147.0,66.0,3.0,0.0,216.0,0.0,0.0,0.0,108.0,552.0,294.0,1.0,1.0,0.0,2.0,0.0,109.0,1.0
8cd49575,7.0,1.0,1.0,5.0,1.0,1.0,7.0,0.0,0.0,0.0,2.0,1.0,0.0,0.0,0.0,0.0,1.0,0.0,3.0,1.0
8b5504e1,318.0,11.0,73.0,137.0,115.0,9.0,318.0,37.0,18.0,17.0,204.0,1355.0,756.0,20.0,20.0,4.0,11.0,12.0,213.0,32.0
00c9a283,205.0,6.0,51.0,137.0,22.0,1.0,205.0,10.0,6.0,2.0,111.0,474.0,199.0,2.0,3.0,0.0,9.0,3.0,142.0,6.0
02caf6e0,105.0,2.0,27.0,60.0,18.0,1.0,105.0,2.0,1.0,1.0,79.0,413.0,197.0,4.0,1.0,0.0,2.0,0.0,71.0,6.0
9a64e67e,151.0,10.0,55.0,94.0,3.0,0.0,151.0,0.0,0.0,0.0,101.0,588.0,470.0,4.0,3.0,0.0,0.0,0.0,109.0,0.0
56dd5e10,221.0,11.0,62.0,98.0,63.0,10.0,221.0,8.0,0.0,7.0,121.0,655.0,252.0,6.0,6.0,0.0,6.0,1.0,127.0,27.0
d2ddff2d,95.0,4.0,31.0,54.0,11.0,0.0,95.0,1.0,0.0,1.0,52.0,191.0,71.0,1.0,0.0,0.0,2.0,0.0,66.0,3.0
c4987edc,374.0,44.0,170.0,179.0,27.0,11.0,374.0,2.0,1.0,1.0,156.0,918.0,564.0,7.0,3.0,1.0,4.0,1.0,180.0,1.0
8d78e732,59.0,3.0,7.0,32.0,21.0,6.0,58.0,6.0,6.0,0.0,39.0,212.0,46.0,2.0,0.0,1.0,11.0,9.0,44.0,11.0
13fe7b69,14.0,0.0,3.0,4.0,8.0,3.0,14.0,4.0,2.0,2.0,13.0,153.0,50.0,1.0,1.0,1.0,2.0,1.0,11.0,3.0
0c09c984,285.0,11.0,98.0,166.0,22.0,2.0,285.0,0.0,0.0,0.0,166.0,631.0,311.0,2.0,4.0,1.0,1.0,1.0,196.0,2.0
302527b2,383.0,39.0,185.0,195.0,8.0,2.0,383.0,0.0,0.0,0.0,252.0,1631.0,889.0,8.0,4.0,0.0,4.0,0.0,262.0,0.0
27504df8,257.0,4.0,25.0,140.0,94.0,10.0,257.0,9.0,3.0,5.0,119.0,601.0,219.0,6.0,2.0,3.0,6.0,6.0,159.0,23.0
f5deef4c,362.0,21.0,108.0,217.0,37.0,1.0,362.0,0.0,0.0,0.0,241.0,1236.0,711.0,6.0,9.0,0.0,3.0,1.0,274.0,2.0
f99360b9,383.0,22.0,117.0,219.0,49.0,2.0,383.0,3.0,2.0,1.0,240.0,1118.0,514.0,3.0,4.0,0.0,13.0,2.0,269.0,5.0
5e42afa3,105.0,12.0,48.0,42.0,17.0,1.0,105.0,1.0,1.0,0.0,51.0,252.0,150.0,2.0,3.0,0.0,1.0,0.0,44.0,1.0
a8a874f1,129.0,7.0,19.0,81.0,29.0,2.0,129.0,0.0,0.0,0.0,61.0,138.0,80.0,1.0,3.0,0.0,2.0,0.0,102.0,2.0
37f341f0,476.0,43.0,204.0,264.0,11.0,1.0,476.0,3.0,3.0,0.0,341.0,2507.0,1733.0,3.0,4.0,0.0,1.0,0.0,397.0,0.0
975eda74,65.0,0.0,8.0,30.0,28.0,6.0,65.0,15.0,3.0,10.0,38.0,254.0,124.0,4.0,4.0,2.0,4.0,3.0,43.0,10.0
184ea16a,2.0,1.0,2.0,0.0,0.0,0.0,2.0,0.0,0.0,0.0,1.0,8.0,0.0,0.0,0.0,0.0,0.0,0.0,1.0,0.0
8df5b30f,72.0,3.0,9.0,37.0,27.0,8.0,72.0,1.0,1.0,0.0,34.0,118.0,49.0,1.0,0.0,1.0,3.0,6.0,50.0,6.0
9b3ab988,313.0,18.0,104.0,164.0,51.0,6.0,313.0,5.0,1.0,3.0,180.0,878.0,464.0,12.0,9.0,1.0,6.0,3.0,168.0,10.0
939bc634,315.0,274.0,312.0,3.0,0.0,0.0,315.0,0.0,0.0,0.0,187.0,1137.0,606.0,0.0,0.0,0.0,0.0,0.0,132.0,0.0
a99138af,64.0,1.0,11.0,38.0,15.0,1.0,64.0,2.0,0.0,2.0,41.0,274.0,147.0,3.0,4.0,0.0,2.0,1.0,40.0,1.0
83c06f3a,1.0,0.0,0.0,0.0,1.0,0.0,1.0,0.0,0.0,0.0,1.0,0.0,0.0,0.0,0.0,0.0,0.0,0.0,1.0,1.0
0ed60738,339.0,3.0,70.0,215.0,57.0,2.0,339.0,3.0,2.0,1.0,192.0,695.0,266.0,3.0,5.0,2.0,4.0,3.0,232.0,5.0
d4133fa1,189.0,23.0,86.0,95.0,8.0,2.0,189.0,1.0,1.0,0.0,104.0,384.0,107.0,0.0,0.0,0.0,0.0,0.0,103.0,4.0
bf34eebd,47.0,1.0,6.0,16.0,27.0,7.0,47.0,7.0,3.0,4.0,35.0,329.0,172.0,7.0,4.0,5.0,5.0,1.0,39.0,7.0
d8931174,126.0,10.0,49.0,64.0,14.0,1.0,126.0,0.0,0.0,0.0,84.0,514.0,313.0,1.0,3.0,0.0,1.0,0.0,93.0,1.0
d4808594,13.0,0.0,1.0,5.0,7.0,1.0,13.0,1.0,0.0,1.0,9.0,26.0,7.0,0.0,0.0,0.0,0.0,0.0,10.0,1.0
fc46aab1,355.0,4.0,43.0,182.0,141.0,8.0,355.0,18.0,13.0,4.0,244.0,1556.0,752.0,17.0,12.0,1.0,11.0,8.0,253.0,28.0
6b6c793c,412.0,9.0,80.0,196.0,140.0,14.0,412.0,8.0,5.0,3.0,254.0,1267.0,806.0,15.0,14.0,3.0,5.0,2.0,279.0,22.0
42f8775b,115.0,6.0,20.0,65.0,35.0,3.0,115.0,11.0,2.0,7.0,69.0,323.0,118.0,4.0,8.0,0.0,12.0,3.0,63.0,9.0
5aa53281,401.0,30.0,166.0,208.0,32.0,8.0,401.0,1.0,1.0,0.0,283.0,1487.0,935.0,10.0,7.0,0.0,2.0,0.0,278.0,2.0
1d2d5cc8,243.0,179.0,242.0,1.0,0.0,0.0,243.0,0.0,0.0,0.0,147.0,630.0,382.0,0.0,0.0,0.0,0.0,0.0,127.0,0.0
c707411f,37.0,9.0,23.0,14.0,0.0,0.0,37.0,0.0,0.0,0.0,28.0,196.0,120.0,0.0,0.0,0.0,0.0,0.0,26.0,0.0
603116a7,48.0,1.0,6.0,32.0,11.0,2.0,48.0,3.0,1.0,2.0,32.0,151.0,77.0,2.0,2.0,1.0,0.0,0.0,36.0,5.0
8d7323e8,179.0,1.0,17.0,79.0,83.0,13.0,179.0,9.0,2.0,6.0,101.0,421.0,153.0,6.0,3.0,2.0,12.0,4.0,118.0,14.0
a83c19cf,67.0,0.0,2.0,24.0,41.0,7.0,67.0,2.0,1.0,1.0,49.0,265.0,121.0,5.0,3.0,3.0,5.0,2.0,50.0,12.0
d9764034,231.0,32.0,109.0,122.0,2.0,1.0,231.0,2.0,0.0,1.0,143.0,831.0,340.0,0.0,0.0,0.0,1.0,0.0,142.0,0.0
59878425,100.0,2.0,8.0,22.0,70.0,8.0,100.0,5.0,1.0,2.0,67.0,368.0,187.0,4.0,5.0,2.0,6.0,3.0,75.0,27.0
04964f4f,26.0,0.0,2.0,15.0,12.0,1.0,26.0,3.0,2.0,0.0,22.0,144.0,96.0,3.0,2.0,1.0,2.0,2.0,18.0,5.0
8b788c01,17.0,0.0,0.0,4.0,13.0,1.0,17.0,1.0,0.0,1.0,11.0,58.0,12.0,0.0,1.0,0.0,1.0,0.0,16.0,5.0
48a5a5d6,189.0,1.0,14.0,66.0,112.0,19.0,189.0,9.0,4.0,4.0,125.0,797.0,281.0,12.0,5.0,6.0,13.0,5.0,147.0,39.0
52061089,264.0,12.0,88.0,153.0,31.0,0.0,264.0,14.0,7.0,5.0,135.0,722.0,263.0,4.0,3.0,0.0,7.0,8.0,121.0,2.0
bac46a10,551.0,53.0,219.0,310.0,26.0,3.0,551.0,1.0,1.0,0.0,358.0,2018.0,1338.0,15.0,8.0,0.0,6.0,0.0,387.0,0.0
3ef0fa48,21.0,0.0,3.0,6.0,12.0,3.0,21.0,2.0,1.0,1.0,18.0,115.0,35.0,0.0,0.0,0.0,4.0,1.0,17.0,7.0
d4535821,275.0,13.0,96.0,129.0,52.0,3.0,275.0,5.0,2.0,3.0,196.0,894.0,472.0,5.0,7.0,1.0,0.0,1.0,185.0,11.0
9d689a5b,94.0,3.0,25.0,39.0,31.0,6.0,94.0,4.0,1.0,3.0,76.0,423.0,169.0,4.0,2.0,2.0,4.0,3.0,68.0,19.0
15944afd,54.0,4.0,12.0,37.0,5.0,2.0,54.0,0.0,0.0,0.0,28.0,146.0,48.0,0.0,1.0,0.0,0.0,0.0,31.0,1.0
ef3909cd,231.0,197.0,230.0,1.0,0.0,0.0,231.0,1.0,1.0,0.0,133.0,600.0,449.0,0.0,0.0,0.0,0.0,0.0,91.0,0.0
eb7822d7,444.0,8.0,62.0,290.0,98.0,2.0,444.0,15.0,11.0,3.0,319.0,1922.0,1193.0,12.0,21.0,1.0,8.0,4.0,301.0,12.0
cf1ef7ec,69.0,3.0,15.0,47.0,8.0,0.0,69.0,2.0,1.0,0.0,25.0,89.0,47.0,1.0,1.0,0.0,1.0,0.0,38.0,5.0
d8bffa70,178.0,18.0,70.0,71.0,39.0,1.0,178.0,1.0,0.0,0.0,82.0,370.0,172.0,5.0,3.0,1.0,0.0,2.0,84.0,8.0
1adcf39e,208.0,46.0,156.0,50.0,2.0,0.0,208.0,0.0,0.0,0.0,123.0,462.0,222.0,1.0,0.0,0.0,1.0,0.0,150.0,0.0
826e8b63,259.0,19.0,76.0,129.0,57.0,3.0,259.0,2.0,0.0,1.0,169.0,870.0,591.0,12.0,8.0,1.0,2.0,1.0,167.0,12.0
f9de9c23,1.0,0.0,1.0,0.0,0.0,0.0,1.0,0.0,0.0,0.0,0.0,0.0,0.0,0.0,0.0,0.0,0.0,1.0,0.0,0.0
d93c2511,107.0,2.0,19.0,59.0,30.0,5.0,107.0,3.0,1.0,2.0,63.0,219.0,133.0,1.0,4.0,0.0,4.0,1.0,73.0,10.0
97e2aa67,75.0,3.0,8.0,41.0,27.0,1.0,75.0,6.0,3.0,2.0,45.0,249.0,124.0,4.0,3.0,0.0,4.0,2.0,58.0,8.0
89c63f8c,136.0,8.0,49.0,86.0,3.0,0.0,136.0,1.0,1.0,0.0,91.0,609.0,391.0,1.0,0.0,0.0,0.0,0.0,92.0,0.0
e66e4ddc,28.0,5.0,15.0,12.0,2.0,0.0,28.0,0.0,0.0,0.0,4.0,9.0,7.0,0.0,0.0,0.0,1.0,0.0,10.0,0.0
70c52749,338.0,9.0,77.0,159.0,105.0,6.0,338.0,1.0,1.0,0.0,181.0,955.0,369.0,9.0,6.0,2.0,8.0,1.0,171.0,23.0
c9e39d91,308.0,2.0,20.0,139.0,151.0,14.0,307.0,7.0,4.0,3.0,183.0,838.0,359.0,9.0,6.0,5.0,5.0,9.0,211.0,18.0
de89f3c3,22.0,0.0,3.0,9.0,10.0,2.0,22.0,1.0,0.0,1.0,12.0,77.0,40.0,0.0,0.0,0.0,0.0,0.0,15.0,3.0
d080ed5e,255.0,9.0,34.0,143.0,84.0,7.0,255.0,5.0,2.0,2.0,147.0,576.0,271.0,5.0,11.0,0.0,7.0,2.0,166.0,13.0
0bfca6a1,270.0,15.0,66.0,137.0,69.0,2.0,270.0,4.0,2.0,2.0,163.0,904.0,364.0,4.0,6.0,0.0,5.0,2.0,160.0,7.0
ef2ad14e,104.0,9.0,62.0,41.0,1.0,1.0,104.0,0.0,0.0,0.0,81.0,395.0,194.0,1.0,0.0,0.0,0.0,0.0,83.0,0.0
1e274a0a,51.0,1.0,2.0,25.0,24.0,10.0,51.0,2.0,1.0,1.0,28.0,121.0,33.0,1.0,1.0,2.0,6.0,0.0,36.0,8.0
c54638ba,9.0,0.0,1.0,3.0,5.0,0.0,9.0,0.0,0.0,0.0,5.0,27.0,2.0,0.0,0.0,0.0,1.0,2.0,7.0,1.0
903b3b77,288.0,44.0,170.0,114.0,7.0,0.0,288.0,2.0,2.0,0.0,159.0,1080.0,708.0,2.0,2.0,0.0,5.0,0.0,155.0,0.0
37aa57c0,377.0,69.0,215.0,160.0,3.0,1.0,377.0,0.0,0.0,0.0,208.0,1069.0,622.0,0.0,1.0,0.0,2.0,1.0,221.0,0.0
4e6dbac4,303.0,3.0,46.0,170.0,89.0,13.0,303.0,17.0,5.0,10.0,242.0,1227.0,445.0,7.0,7.0,2.0,16.0,8.0,251.0,19.0
746b64a7,287.0,42.0,161.0,115.0,12.0,6.0,287.0,2.0,2.0,0.0,170.0,1071.0,602.0,0.0,3.0,0.0,2.0,0.0,156.0,2.0
f833a830,101.0,1.0,5.0,56.0,41.0,9.0,101.0,6.0,3.0,2.0,78.0,463.0,175.0,3.0,2.0,0.0,9.0,1.0,77.0,18.0
bbf5c11b,3.0,0.0,0.0,1.0,2.0,0.0,3.0,0.0,0.0,0.0,1.0,39.0,0.0,0.0,1.0,0.0,1.0,0.0,1.0,0.0
ead61f73,358.0,24.0,106.0,151.0,102.0,10.0,358.0,7.0,4.0,2.0,232.0,1074.0,528.0,10.0,6.0,1.0,4.0,4.0,244.0,32.0
232b3da4,108.0,1.0,12.0,45.0,53.0,15.0,108.0,13.0,6.0,5.0,71.0,699.0,419.0,19.0,8.0,8.0,10.0,5.0,77.0,33.0
8a56c04c,137.0,7.0,15.0,55.0,67.0,18.0,137.0,11.0,1.0,9.0,85.0,472.0,111.0,3.0,3.0,3.0,15.0,10.0,113.0,24.0
bf80db4d,359.0,83.0,222.0,136.0,5.0,2.0,359.0,1.0,1.0,0.0,226.0,1307.0,783.0,5.0,1.0,1.0,3.0,2.0,218.0,0.0
a55ba2f8,172.0,32.0,110.0,61.0,1.0,0.0,172.0,0.0,0.0,0.0,125.0,564.0,290.0,1.0,0.0,0.0,1.0,2.0,141.0,0.0
595e6f3e,195.0,14.0,20.0,80.0,95.0,35.0,195.0,11.0,3.0,8.0,94.0,407.0,102.0,2.0,6.0,1.0,22.0,9.0,127.0,34.0
b62878a5,76.0,2.0,7.0,22.0,48.0,10.0,76.0,7.0,1.0,6.0,60.0,300.0,75.0,1.0,1.0,0.0,9.0,9.0,57.0,13.0
00844823,53.0,7.0,25.0,25.0,3.0,1.0,53.0,2.0,2.0,0.0,29.0,227.0,112.0,2.0,0.0,0.0,1.0,0.0,30.0,0.0
7e82a78f,57.0,0.0,10.0,30.0,18.0,1.0,57.0,2.0,0.0,2.0,37.0,206.0,110.0,1.0,0.0,0.0,1.0,1.0,42.0,4.0
374d5158,18.0,1.0,8.0,7.0,3.0,0.0,18.0,1.0,0.0,1.0,10.0,24.0,5.0,0.0,0.0,0.0,0.0,0.0,10.0,0.0
0c3f7197,104.0,1.0,8.0,42.0,54.0,13.0,104.0,6.0,6.0,0.0,68.0,396.0,161.0,5.0,2.0,4.0,8.0,4.0,79.0,16.0
16e9d0ea,64.0,5.0,20.0,28.0,17.0,2.0,64.0,3.0,2.0,0.0,32.0,154.0,64.0,2.0,1.0,2.0,6.0,0.0,34.0,3.0
99351886,225.0,172.0,222.0,3.0,0.0,0.0,225.0,0.0,0.0,0.0,122.0,568.0,385.0,0.0,0.0,0.0,0.0,0.0,105.0,0.0
a650c75b,32.0,1.0,11.0,15.0,6.0,2.0,32.0,0.0,0.0,0.0,17.0,81.0,40.0,0.0,0.0,0.0,1.0,0.0,22.0,0.0
1774c547,7.0,0.0,3.0,4.0,1.0,1.0,7.0,0.0,0.0,0.0,6.0,30.0,15.0,0.0,0.0,0.0,1.0,1.0,3.0,2.0
af0c835b,328.0,15.0,76.0,196.0,68.0,7.0,328.0,9.0,7.0,2.0,183.0,1048.0,583.0,11.0,15.0,1.0,1.0,4.0,208.0,3.0
0959184b,146.0,1.0,15.0,46.0,86.0,14.0,146.0,20.0,10.0,10.0,96.0,740.0,351.0,12.0,6.0,6.0,12.0,3.0,110.0,50.0
228b0d9d,52.0,1.0,15.0,24.0,15.0,0.0,52.0,3.0,2.0,0.0,27.0,273.0,189.0,6.0,4.0,0.0,3.0,1.0,23.0,0.0
1d438d6c,14.0,1.0,4.0,3.0,7.0,0.0,14.0,1.0,0.0,1.0,11.0,31.0,7.0,0.0,0.0,0.0,0.0,0.0,10.0,3.0
808035bd,361.0,52.0,203.0,152.0,7.0,1.0,361.0,1.0,1.0,0.0,187.0,1017.0,471.0,0.0,1.0,0.0,4.0,0.0,205.0,0.0
6445d6fe,42.0,2.0,7.0,21.0,14.0,3.0,42.0,2.0,0.0,2.0,33.0,151.0,54.0,2.0,1.0,2.0,2.0,4.0,35.0,7.0
15317e60,0.0,0.0,0.0,0.0,0.0,0.0,0.0,0.0,0.0,0.0,0.0,0.0,0.0,0.0,0.0,0.0,0.0,0.0,0.0,0.0
2ff76adc,372.0,16.0,129.0,168.0,78.0,8.0,372.0,5.0,3.0,2.0,210.0,1011.0,521.0,11.0,9.0,1.0,7.0,3.0,226.0,18.0
3e9bd29d,138.0,6.0,42.0,67.0,31.0,3.0,138.0,2.0,2.0,0.0,69.0,456.0,300.0,7.0,4.0,2.0,3.0,0.0,89.0,13.0
d4aa40b8,32.0,0.0,0.0,16.0,16.0,2.0,32.0,1.0,0.0,1.0,18.0,77.0,21.0,0.0,1.0,1.0,6.0,0.0,16.0,4.0
f32a988d,35.0,1.0,8.0,11.0,17.0,1.0,35.0,4.0,1.0,1.0,23.0,114.0,45.0,1.0,0.0,0.0,4.0,2.0,19.0,7.0
c997b942,129.0,0.0,7.0,51.0,73.0,19.0,129.0,10.0,4.0,5.0,89.0,678.0,303.0,10.0,3.0,5.0,10.0,1.0,101.0,21.0
3f10bd22,123.0,6.0,28.0,40.0,55.0,3.0,123.0,0.0,0.0,0.0,74.0,278.0,94.0,2.0,2.0,2.0,2.0,1.0,82.0,19.0
ed45a7d7,16.0,0.0,6.0,10.0,0.0,0.0,16.0,1.0,0.0,1.0,5.0,26.0,7.0,0.0,0.0,0.0,1.0,0.0,9.0,0.0
244a31b9,402.0,43.0,221.0,161.0,23.0,5.0,402.0,2.0,2.0,0.0,218.0,1117.0,658.0,6.0,2.0,2.0,1.0,0.0,265.0,5.0
c5bdb6e3,100.0,1.0,10.0,37.0,55.0,7.0,100.0,7.0,2.0,4.0,57.0,465.0,156.0,3.0,6.0,2.0,3.0,3.0,65.0,18.0
0880e10b,82.0,73.0,82.0,0.0,0.0,0.0,82.0,0.0,0.0,0.0,43.0,217.0,150.0,0.0,0.0,0.0,0.0,0.0,39.0,0.0
36a79857,132.0,1.0,23.0,55.0,57.0,16.0,131.0,8.0,3.0,5.0,89.0,556.0,279.0,6.0,3.0,3.0,10.0,3.0,86.0,22.0
8eef18aa,46.0,2.0,29.0,15.0,2.0,1.0,46.0,1.0,1.0,0.0,31.0,100.0,48.0,0.0,0.0,0.0,1.0,2.0,30.0,1.0
5853ac44,99.0,9.0,36.0,57.0,7.0,1.0,99.0,2.0,1.0,0.0,62.0,182.0,65.0,0.0,1.0,0.0,3.0,2.0,74.0,1.0
06e5b0e4,111.0,22.0,55.0,53.0,4.0,0.0,111.0,1.0,0.0,1.0,52.0,220.0,116.0,0.0,0.0,0.0,1.0,0.0,53.0,0.0
f40dd3c7,265.0,19.0,68.0,110.0,88.0,10.0,265.0,3.0,1.0,2.0,121.0,321.0,119.0,1.0,2.0,0.0,1.0,4.0,163.0,32.0
30fab1ee,46.0,1.0,7.0,29.0,10.0,1.0,46.0,2.0,2.0,0.0,29.0,133.0,48.0,0.0,0.0,0.0,2.0,0.0,31.0,1.0
a7d48b00,56.0,2.0,9.0,22.0,25.0,10.0,56.0,8.0,2.0,6.0,26.0,170.0,86.0,3.0,2.0,3.0,1.0,0.0,34.0,6.0
a53649b7,219.0,1.0,9.0,79.0,135.0,38.0,219.0,21.0,5.0,13.0,144.0,1125.0,435.0,21.0,16.0,4.0,11.0,9.0,176.0,48.0
b91a6912,87.0,2.0,21.0,48.0,20.0,4.0,87.0,2.0,2.0,0.0,54.0,364.0,174.0,3.0,3.0,2.0,2.0,3.0,69.0,2.0
56bcde74,86.0,28.0,55.0,30.0,1.0,1.0,86.0,0.0,0.0,0.0,49.0,183.0,123.0,0.0,1.0,1.0,2.0,0.0,54.0,0.0
afb0c500,286.0,240.0,282.0,4.0,0.0,0.0,286.0,0.0,0.0,0.0,172.0,901.0,484.0,0.0,0.0,0.0,1.0,0.0,123.0,0.0
2ffa6348,291.0,30.0,151.0,138.0,3.0,1.0,291.0,2.0,1.0,1.0,204.0,795.0,377.0,0.0,0.0,0.0,3.0,1.0,217.0,0.0
a08b974a,57.0,0.0,10.0,24.0,23.0,4.0,57.0,5.0,3.0,2.0,34.0,185.0,32.0,1.0,1.0,1.0,5.0,2.0,40.0,10.0
ca607d59,66.0,1.0,7.0,28.0,32.0,4.0,66.0,6.0,3.0,3.0,35.0,252.0,132.0,4.0,4.0,0.0,9.0,1.0,46.0,15.0
2bc17985,134.0,2.0,16.0,49.0,72.0,14.0,134.0,11.0,1.0,9.0,82.0,446.0,221.0,10.0,5.0,7.0,7.0,7.0,90.0,24.0
743ffce1,87.0,4.0,6.0,43.0,40.0,8.0,87.0,2.0,0.0,1.0,51.0,339.0,135.0,6.0,4.0,2.0,14.0,5.0,60.0,11.0
a8fbae1d,425.0,31.0,209.0,216.0,1.0,1.0,425.0,1.0,1.0,0.0,289.0,1096.0,438.0,3.0,1.0,0.0,1.0,0.0,297.0,0.0
2b53f7a5,349.0,3.0,34.0,165.0,159.0,22.0,349.0,22.0,9.0,12.0,211.0,1505.0,809.0,21.0,20.0,7.0,25.0,7.0,261.0,38.0
fa73ccc7,308.0,9.0,69.0,180.0,59.0,8.0,308.0,8.0,2.0,5.0,163.0,847.0,263.0,3.0,4.0,2.0,10.0,4.0,187.0,10.0
2f72f79e,177.0,7.0,42.0,88.0,47.0,2.0,177.0,2.0,0.0,1.0,96.0,513.0,259.0,9.0,5.0,0.0,8.0,1.0,116.0,16.0
095ec83c,53.0,4.0,12.0,24.0,20.0,2.0,53.0,6.0,1.0,5.0,28.0,278.0,143.0,4.0,3.0,1.0,5.0,2.0,27.0,5.0
4534a352,185.0,6.0,57.0,123.0,5.0,0.0,185.0,1.0,0.0,1.0,109.0,579.0,379.0,4.0,3.0,0.0,2.0,0.0,146.0,0.0
6456e745,171.0,0.0,12.0,84.0,76.0,8.0,171.0,2.0,1.0,1.0,121.0,612.0,333.0,9.0,8.0,1.0,6.0,0.0,125.0,18.0
c0347e9b,70.0,9.0,32.0,28.0,10.0,3.0,70.0,2.0,1.0,1.0,45.0,230.0,145.0,4.0,3.0,0.0,3.0,0.0,45.0,5.0
5333d7de,14.0,2.0,11.0,3.0,0.0,0.0,14.0,0.0,0.0,0.0,4.0,36.0,0.0,0.0,0.0,0.0,1.0,0.0,4.0,0.0
03b6afa9,286.0,5.0,55.0,156.0,80.0,10.0,286.0,14.0,8.0,2.0,133.0,969.0,447.0,13.0,16.0,6.0,10.0,6.0,168.0,30.0
6578600f,70.0,0.0,3.0,32.0,36.0,4.0,70.0,7.0,0.0,5.0,47.0,391.0,171.0,7.0,5.0,3.0,8.0,2.0,55.0,12.0
2f88752d,141.0,10.0,41.0,71.0,31.0,1.0,141.0,2.0,2.0,0.0,66.0,304.0,105.0,1.0,2.0,0.0,2.0,2.0,64.0,0.0
a8f41212,85.0,0.0,3.0,41.0,42.0,5.0,84.0,5.0,0.0,4.0,52.0,310.0,145.0,4.0,5.0,0.0,7.0,1.0,58.0,16.0
44150beb,419.0,50.0,177.0,237.0,9.0,2.0,419.0,0.0,0.0,0.0,310.0,1918.0,1380.0,6.0,5.0,0.0,0.0,0.0,325.0,0.0
be855308,259.0,234.0,258.0,1.0,0.0,0.0,259.0,0.0,0.0,0.0,148.0,708.0,403.0,0.0,0.0,0.0,0.0,0.0,152.0,0.0
089c7323,39.0,2.0,5.0,21.0,13.0,2.0,39.0,3.0,2.0,1.0,26.0,190.0,73.0,4.0,1.0,0.0,2.0,0.0,22.0,5.0
e82adcab,232.0,7.0,50.0,149.0,34.0,4.0,232.0,3.0,3.0,0.0,115.0,482.0,213.0,3.0,4.0,1.0,1.0,3.0,164.0,1.0
779847d6,338.0,37.0,170.0,163.0,10.0,1.0,338.0,2.0,1.0,1.0,169.0,861.0,411.0,2.0,2.0,0.0,2.0,0.0,180.0,0.0
16ea3bb1,168.0,19.0,79.0,86.0,4.0,2.0,168.0,2.0,0.0,1.0,92.0,420.0,248.0,4.0,0.0,0.0,4.0,3.0,98.0,1.0
1e8dbb59,16.0,3.0,9.0,6.0,1.0,0.0,16.0,0.0,0.0,0.0,9.0,67.0,42.0,0.0,1.0,0.0,0.0,0.0,14.0,0.0
b682dcf6,45.0,9.0,32.0,12.0,1.0,1.0,45.0,1.0,0.0,1.0,15.0,45.0,3.0,0.0,1.0,0.0,0.0,0.0,18.0,0.0
e1bbb68d,103.0,3.0,13.0,53.0,37.0,5.0,103.0,11.0,1.0,8.0,68.0,384.0,193.0,4.0,3.0,2.0,2.0,0.0,81.0,7.0
dff153a4,79.0,4.0,15.0,54.0,10.0,0.0,79.0,0.0,0.0,0.0,42.0,170.0,103.0,2.0,0.0,0.0,1.0,0.0,62.0,0.0
52522325,12.0,0.0,2.0,4.0,7.0,1.0,12.0,1.0,1.0,0.0,10.0,82.0,39.0,2.0,1.0,1.0,0.0,0.0,7.0,3.0
529f49ab,73.0,1.0,14.0,51.0,8.0,1.0,73.0,0.0,0.0,0.0,48.0,223.0,117.0,1.0,1.0,0.0,0.0,1.0,53.0,0.0
4c5039bd,95.0,87.0,95.0,0.0,0.0,0.0,95.0,0.0,0.0,0.0,49.0,263.0,134.0,0.0,0.0,0.0,0.0,0.0,28.0,0.0
1da13ab9,195.0,7.0,66.0,86.0,45.0,1.0,195.0,3.0,0.0,2.0,92.0,457.0,204.0,3.0,2.0,0.0,6.0,1.0,92.0,8.0
f7223718,207.0,31.0,113.0,94.0,0.0,0.0,207.0,0.0,0.0,0.0,158.0,691.0,236.0,0.0,0.0,0.0,1.0,0.0,144.0,0.0
79b0d6a0,172.0,157.0,172.0,0.0,0.0,0.0,172.0,0.0,0.0,0.0,117.0,587.0,312.0,0.0,0.0,0.0,0.0,0.0,73.0,0.0
a62c16d0,37.0,2.0,3.0,20.0,14.0,5.0,37.0,3.0,2.0,1.0,22.0,148.0,20.0,1.0,1.0,0.0,2.0,1.0,24.0,8.0
f3fa599d,413.0,16.0,160.0,187.0,73.0,6.0,413.0,17.0,6.0,10.0,231.0,1162.0,672.0,8.0,6.0,2.0,7.0,1.0,228.0,15.0
25146df0,74.0,7.0,25.0,45.0,4.0,0.0,74.0,1.0,1.0,0.0,30.0,196.0,97.0,1.0,2.0,0.0,1.0,1.0,50.0,2.0
596cc50e,232.0,17.0,85.0,109.0,42.0,12.0,232.0,7.0,3.0,4.0,144.0,855.0,440.0,13.0,7.0,4.0,5.0,0.0,131.0,19.0
0d9b2d31,23.0,0.0,3.0,11.0,10.0,3.0,23.0,0.0,0.0,0.0,16.0,89.0,15.0,0.0,0.0,0.0,0.0,1.0,16.0,5.0
8b0d9f35,152.0,13.0,53.0,90.0,12.0,0.0,152.0,3.0,1.0,1.0,80.0,335.0,159.0,2.0,2.0,0.0,0.0,1.0,94.0,0.0
3ca7254a,167.0,0.0,26.0,80.0,63.0,14.0,167.0,7.0,5.0,2.0,142.0,1002.0,446.0,17.0,7.0,5.0,4.0,6.0,136.0,29.0
81255c03,69.0,0.0,1.0,22.0,47.0,9.0,69.0,9.0,3.0,5.0,39.0,153.0,77.0,4.0,2.0,1.0,7.0,0.0,50.0,10.0
b684a484,88.0,4.0,10.0,44.0,35.0,13.0,88.0,4.0,2.0,1.0,37.0,125.0,46.0,1.0,2.0,1.0,10.0,4.0,63.0,9.0
4a5a45c7,358.0,7.0,34.0,149.0,178.0,28.0,356.0,18.0,8.0,9.0,223.0,1131.0,472.0,15.0,9.0,4.0,24.0,7.0,229.0,41.0
9d9e69df,89.0,0.0,10.0,26.0,54.0,9.0,89.0,1.0,1.0,0.0,53.0,326.0,214.0,9.0,3.0,4.0,4.0,1.0,57.0,27.0
7af31216,225.0,24.0,123.0,98.0,6.0,0.0,225.0,1.0,1.0,0.0,144.0,563.0,197.0,0.0,1.0,0.0,2.0,0.0,149.0,1.0
eda8506a,162.0,2.0,46.0,102.0,14.0,0.0,162.0,3.0,1.0,2.0,79.0,357.0,173.0,2.0,1.0,0.0,4.0,2.0,106.0,0.0
b7de5bad,127.0,3.0,25.0,58.0,48.0,0.0,127.0,1.0,1.0,0.0,87.0,475.0,311.0,9.0,6.0,0.0,1.0,0.0,83.0,19.0
a5549ec1,104.0,3.0,42.0,58.0,4.0,1.0,104.0,0.0,0.0,0.0,47.0,211.0,119.0,1.0,0.0,0.0,0.0,0.0,76.0,2.0
ec61b68f,113.0,4.0,24.0,47.0,48.0,6.0,113.0,11.0,7.0,3.0,46.0,371.0,203.0,5.0,4.0,3.0,7.0,8.0,54.0,10.0
a2f2d806,102.0,3.0,4.0,42.0,58.0,25.0,102.0,6.0,0.0,4.0,66.0,355.0,107.0,5.0,4.0,2.0,11.0,9.0,83.0,30.0
f93e6e94,116.0,7.0,26.0,44.0,47.0,13.0,115.0,4.0,2.0,1.0,53.0,212.0,37.0,2.0,1.0,1.0,4.0,1.0,73.0,20.0
6db16dda,7.0,0.0,3.0,3.0,1.0,1.0,7.0,0.0,0.0,0.0,2.0,13.0,0.0,0.0,0.0,0.0,1.0,0.0,3.0,1.0
8c725b43,158.0,16.0,83.0,71.0,4.0,3.0,158.0,2.0,2.0,0.0,105.0,438.0,166.0,0.0,0.0,0.0,0.0,0.0,108.0,0.0
af686bed,315.0,10.0,87.0,176.0,57.0,6.0,315.0,9.0,7.0,1.0,181.0,1185.0,623.0,10.0,7.0,0.0,7.0,4.0,215.0,8.0
10f1cd17,199.0,14.0,62.0,84.0,56.0,5.0,199.0,14.0,8.0,6.0,111.0,695.0,348.0,13.0,8.0,1.0,10.0,2.0,109.0,19.0
00b86f5e,223.0,185.0,222.0,1.0,0.0,0.0,223.0,0.0,0.0,0.0,113.0,730.0,397.0,0.0,0.0,0.0,1.0,0.0,74.0,0.0
4760b2f2,67.0,20.0,47.0,20.0,0.0,0.0,67.0,0.0,0.0,0.0,37.0,111.0,30.0,0.0,0.0,0.0,0.0,0.0,42.0,0.0
29b61deb,134.0,9.0,36.0,84.0,18.0,3.0,134.0,5.0,0.0,5.0,75.0,376.0,185.0,3.0,4.0,0.0,6.0,3.0,79.0,8.0
67f0703d,121.0,26.0,72.0,47.0,2.0,1.0,121.0,0.0,0.0,0.0,76.0,286.0,65.0,0.0,2.0,0.0,2.0,0.0,75.0,0.0
6637e6a7,262.0,7.0,50.0,136.0,82.0,8.0,262.0,13.0,9.0,3.0,160.0,959.0,519.0,9.0,10.0,2.0,13.0,5.0,160.0,9.0
277da414,268.0,236.0,267.0,1.0,0.0,0.0,268.0,1.0,1.0,0.0,187.0,939.0,449.0,0.0,0.0,0.0,0.0,0.0,130.0,0.0
d03380ec,67.0,6.0,24.0,31.0,13.0,1.0,67.0,2.0,1.0,1.0,27.0,142.0,62.0,3.0,0.0,1.0,2.0,0.0,28.0,5.0
c68b1b13,36.0,1.0,8.0,17.0,12.0,0.0,36.0,3.0,1.0,2.0,19.0,125.0,50.0,2.0,1.0,0.0,1.0,0.0,22.0,4.0
185a2732,65.0,5.0,21.0,27.0,18.0,3.0,65.0,4.0,2.0,2.0,30.0,225.0,135.0,3.0,4.0,0.0,0.0,1.0,33.0,4.0
9c2e7413,5.0,0.0,1.0,1.0,3.0,0.0,5.0,0.0,0.0,0.0,3.0,3.0,0.0,0.0,0.0,0.0,1.0,1.0,4.0,0.0
8794e251,146.0,8.0,19.0,78.0,50.0,6.0,146.0,7.0,5.0,2.0,83.0,507.0,260.0,8.0,6.0,0.0,3.0,3.0,111.0,6.0
faed84db,151.0,12.0,29.0,98.0,28.0,5.0,151.0,3.0,2.0,0.0,100.0,492.0,204.0,5.0,4.0,0.0,3.0,3.0,101.0,5.0
30e03a25,237.0,61.0,140.0,92.0,8.0,3.0,237.0,0.0,0.0,0.0,85.0,475.0,263.0,1.0,2.0,0.0,2.0,0.0,102.0,1.0
53de807a,70.0,3.0,19.0,49.0,3.0,0.0,70.0,0.0,0.0,0.0,57.0,297.0,133.0,1.0,0.0,0.0,0.0,1.0,51.0,2.0
cbeed9e6,13.0,0.0,1.0,6.0,6.0,2.0,13.0,0.0,0.0,0.0,9.0,40.0,22.0,1.0,0.0,1.0,0.0,1.0,11.0,2.0
67b054d1,306.0,23.0,149.0,143.0,15.0,0.0,306.0,0.0,0.0,0.0,162.0,587.0,312.0,1.0,2.0,0.0,3.0,1.0,187.0,2.0
e150254d,108.0,3.0,27.0,55.0,26.0,6.0,108.0,4.0,0.0,4.0,46.0,193.0,66.0,1.0,0.0,0.0,12.0,5.0,54.0,10.0
89f951b5,144.0,2.0,17.0,72.0,56.0,5.0,144.0,2.0,1.0,0.0,75.0,316.0,124.0,4.0,3.0,0.0,2.0,3.0,99.0,5.0
7483d9f9,472.0,72.0,287.0,183.0,4.0,1.0,472.0,1.0,1.0,0.0,294.0,1309.0,700.0,2.0,3.0,0.0,3.0,0.0,318.0,1.0
466fb2c5,71.0,51.0,71.0,0.0,0.0,0.0,71.0,0.0,0.0,0.0,50.0,290.0,166.0,0.0,0.0,0.0,0.0,0.0,36.0,0.0
3423f250,99.0,0.0,10.0,35.0,54.0,5.0,99.0,12.0,4.0,8.0,61.0,347.0,147.0,6.0,6.0,3.0,3.0,2.0,70.0,11.0
9937ce4a,186.0,1.0,22.0,68.0,98.0,22.0,186.0,24.0,9.0,13.0,102.0,703.0,355.0,16.0,4.0,10.0,24.0,9.0,141.0,36.0
a1d5bd30,215.0,1.0,7.0,54.0,157.0,41.0,215.0,24.0,7.0,11.0,150.0,785.0,393.0,18.0,6.0,15.0,10.0,5.0,160.0,42.0
6c249ea7,196.0,12.0,79.0,81.0,37.0,1.0,196.0,1.0,0.0,0.0,95.0,321.0,169.0,3.0,2.0,0.0,0.0,3.0,98.0,15.0
92d6bdc9,1.0,0.0,1.0,0.0,0.0,0.0,1.0,0.0,0.0,0.0,1.0,1.0,1.0,0.0,0.0,0.0,0.0,0.0,1.0,0.0
ae1159bf,82.0,10.0,39.0,37.0,6.0,1.0,82.0,0.0,0.0,0.0,59.0,249.0,123.0,0.0,0.0,0.0,2.0,0.0,59.0,1.0
374ee424,211.0,188.0,211.0,0.0,0.0,0.0,211.0,0.0,0.0,0.0,138.0,644.0,352.0,0.0,0.0,0.0,0.0,0.0,124.0,0.0
c5cbbcff,135.0,7.0,31.0,79.0,28.0,2.0,135.0,0.0,0.0,0.0,87.0,380.0,251.0,2.0,2.0,0.0,3.0,1.0,90.0,15.0
4bd00a50,188.0,18.0,88.0,94.0,8.0,1.0,188.0,3.0,2.0,1.0,138.0,854.0,499.0,5.0,1.0,0.0,0.0,0.0,141.0,0.0
ba6d9ff6,150.0,2.0,18.0,62.0,77.0,13.0,150.0,12.0,4.0,7.0,111.0,976.0,662.0,21.0,17.0,3.0,11.0,6.0,118.0,23.0
d9ba39fc,330.0,6.0,77.0,152.0,104.0,3.0,330.0,9.0,2.0,6.0,189.0,832.0,381.0,11.0,11.0,2.0,6.0,4.0,191.0,20.0
572498c7,92.0,5.0,28.0,42.0,23.0,5.0,92.0,1.0,0.0,1.0,47.0,217.0,135.0,5.0,2.0,1.0,5.0,0.0,56.0,8.0
6ff91a3a,47.0,2.0,18.0,26.0,4.0,0.0,47.0,1.0,0.0,1.0,33.0,157.0,50.0,0.0,1.0,0.0,0.0,0.0,26.0,2.0
335fa267,67.0,1.0,11.0,31.0,26.0,5.0,67.0,0.0,0.0,0.0,40.0,154.0,82.0,1.0,2.0,1.0,2.0,2.0,51.0,4.0
4dedd469,310.0,26.0,102.0,148.0,62.0,6.0,310.0,2.0,1.0,1.0,150.0,776.0,255.0,5.0,7.0,0.0,4.0,2.0,160.0,22.0
8d62d31a,280.0,27.0,136.0,143.0,4.0,1.0,280.0,1.0,0.0,1.0,184.0,1120.0,492.0,3.0,2.0,1.0,0.0,1.0,185.0,1.0
85bed4ee,271.0,2.0,25.0,128.0,124.0,8.0,271.0,25.0,16.0,8.0,202.0,1230.0,492.0,12.0,14.0,0.0,7.0,5.0,212.0,30.0
2ab7149e,57.0,9.0,36.0,20.0,1.0,1.0,57.0,0.0,0.0,0.0,37.0,104.0,38.0,0.0,0.0,0.0,0.0,0.0,38.0,0.0
149895bf,41.0,0.0,6.0,16.0,20.0,5.0,41.0,4.0,2.0,0.0,30.0,241.0,124.0,7.0,1.0,4.0,2.0,1.0,32.0,9.0
34e393f2,186.0,10.0,50.0,120.0,18.0,1.0,186.0,3.0,3.0,0.0,112.0,461.0,233.0,3.0,3.0,1.0,0.0,2.0,122.0,3.0
55e81c76,80.0,8.0,21.0,48.0,11.0,1.0,80.0,4.0,3.0,1.0,52.0,265.0,154.0,2.0,0.0,0.0,0.0,1.0,58.0,1.0
ac4961c8,82.0,4.0,20.0,29.0,33.0,8.0,82.0,7.0,5.0,2.0,47.0,587.0,297.0,13.0,5.0,5.0,4.0,2.0,48.0,13.0
3ead85f9,304.0,34.0,132.0,168.0,7.0,1.0,304.0,1.0,1.0,0.0,256.0,1122.0,449.0,0.0,2.0,0.0,1.0,0.0,236.0,0.0
fef20ac5,69.0,2.0,21.0,39.0,9.0,0.0,69.0,1.0,1.0,0.0,36.0,222.0,119.0,3.0,1.0,0.0,0.0,2.0,40.0,1.0
ca6edaa0,30.0,0.0,0.0,12.0,19.0,4.0,30.0,4.0,3.0,1.0,23.0,173.0,64.0,1.0,1.0,1.0,1.0,2.0,21.0,4.0
dea698d9,244.0,3.0,10.0,79.0,155.0,41.0,243.0,11.0,2.0,7.0,147.0,499.0,257.0,8.0,5.0,6.0,13.0,4.0,211.0,55.0
81069528,240.0,21.0,84.0,90.0,66.0,3.0,240.0,3.0,2.0,1.0,105.0,400.0,119.0,3.0,1.0,0.0,4.0,3.0,118.0,13.0
a81dba8c,143.0,1.0,8.0,55.0,81.0,14.0,143.0,10.0,3.0,6.0,77.0,477.0,187.0,9.0,7.0,7.0,12.0,6.0,105.0,21.0
13203c45,55.0,2.0,16.0,19.0,20.0,1.0,55.0,2.0,2.0,0.0,23.0,140.0,48.0,3.0,1.0,0.0,3.0,2.0,22.0,3.0
a55d8df5,441.0,15.0,114.0,208.0,122.0,12.0,441.0,8.0,4.0,2.0,297.0,1534.0,830.0,14.0,11.0,4.0,14.0,7.0,297.0,26.0
6cbf8d0d,147.0,3.0,8.0,64.0,78.0,19.0,147.0,10.0,3.0,7.0,92.0,444.0,206.0,10.0,4.0,7.0,13.0,8.0,105.0,41.0
b3dc6eca,169.0,12.0,92.0,78.0,1.0,0.0,169.0,2.0,2.0,0.0,114.0,516.0,248.0,1.0,1.0,0.0,1.0,1.0,125.0,0.0
625c144a,63.0,50.0,61.0,2.0,0.0,0.0,63.0,0.0,0.0,0.0,36.0,183.0,138.0,0.0,0.0,0.0,0.0,0.0,30.0,0.0
009a4f60,244.0,12.0,66.0,108.0,75.0,4.0,244.0,9.0,6.0,3.0,108.0,660.0,289.0,11.0,7.0,0.0,10.0,3.0,102.0,19.0
a70b8345,296.0,208.0,292.0,5.0,0.0,0.0,296.0,0.0,0.0,0.0,154.0,752.0,438.0,0.0,0.0,0.0,0.0,0.0,156.0,0.0
fbbb9269,32.0,1.0,5.0,17.0,10.0,1.0,32.0,1.0,1.0,0.0,26.0,151.0,109.0,2.0,3.0,0.0,1.0,0.0,25.0,3.0
686cbe7d,12.0,1.0,1.0,7.0,4.0,1.0,12.0,1.0,1.0,0.0,8.0,50.0,26.0,1.0,0.0,1.0,1.0,1.0,7.0,2.0
595ccab1,242.0,205.0,242.0,0.0,0.0,0.0,242.0,0.0,0.0,0.0,148.0,808.0,478.0,0.0,0.0,0.0,0.0,0.0,125.0,0.0
3ec9f005,169.0,1.0,15.0,77.0,79.0,12.0,169.0,13.0,6.0,6.0,137.0,799.0,464.0,15.0,10.0,5.0,6.0,5.0,133.0,27.0
bc7dc64d,150.0,1.0,11.0,44.0,99.0,24.0,150.0,11.0,8.0,1.0,93.0,716.0,402.0,16.0,6.0,9.0,15.0,5.0,109.0,41.0
cad3fd4d,35.0,1.0,6.0,12.0,18.0,4.0,35.0,6.0,2.0,3.0,26.0,88.0,18.0,0.0,0.0,0.0,1.0,0.0,27.0,9.0
972aeb2a,200.0,12.0,102.0,98.0,1.0,0.0,200.0,0.0,0.0,0.0,155.0,836.0,487.0,0.0,0.0,0.0,0.0,0.0,162.0,0.0
218e344d,159.0,8.0,32.0,97.0,30.0,0.0,159.0,12.0,2.0,4.0,76.0,553.0,235.0,4.0,7.0,0.0,11.0,3.0,88.0,0.0
bf075f6b,17.0,0.0,6.0,4.0,7.0,0.0,17.0,2.0,0.0,2.0,10.0,58.0,32.0,1.0,1.0,0.0,1.0,0.0,14.0,3.0
f6af14b0,187.0,7.0,42.0,95.0,54.0,14.0,187.0,4.0,1.0,2.0,97.0,707.0,357.0,13.0,9.0,1.0,6.0,4.0,122.0,22.0
4736039a,30.0,2.0,7.0,11.0,12.0,7.0,30.0,3.0,2.0,1.0,11.0,86.0,43.0,3.0,0.0,1.0,3.0,0.0,19.0,4.0
1b4f1169,352.0,11.0,65.0,220.0,69.0,2.0,352.0,7.0,4.0,2.0,242.0,1216.0,590.0,6.0,6.0,2.0,2.0,1.0,270.0,4.0
5d873dfb,459.0,27.0,179.0,212.0,72.0,11.0,459.0,7.0,3.0,2.0,250.0,1571.0,798.0,9.0,5.0,0.0,4.0,2.0,300.0,11.0
dbf053da,186.0,1.0,14.0,60.0,112.0,20.0,186.0,10.0,5.0,3.0,140.0,629.0,324.0,15.0,5.0,8.0,8.0,3.0,137.0,29.0
0d82903c,207.0,10.0,46.0,126.0,35.0,4.0,207.0,3.0,2.0,1.0,119.0,542.0,360.0,5.0,3.0,0.0,2.0,1.0,160.0,4.0
bced0375,319.0,13.0,98.0,168.0,59.0,5.0,319.0,10.0,7.0,1.0,184.0,718.0,327.0,0.0,6.0,0.0,5.0,6.0,199.0,7.0
466824fb,118.0,13.0,42.0,57.0,21.0,5.0,118.0,0.0,0.0,0.0,55.0,226.0,59.0,0.0,0.0,0.0,5.0,2.0,75.0,6.0
90d7dda6,102.0,6.0,45.0,54.0,3.0,0.0,102.0,0.0,0.0,0.0,57.0,214.0,81.0,0.0,0.0,0.0,2.0,3.0,52.0,0.0
5e22e2a4,160.0,4.0,24.0,103.0,35.0,1.0,160.0,0.0,0.0,0.0,90.0,341.0,175.0,4.0,2.0,0.0,2.0,1.0,115.0,5.0
086d7db3,18.0,1.0,1.0,5.0,12.0,6.0,18.0,0.0,0.0,0.0,2.0,9.0,4.0,0.0,0.0,0.0,1.0,0.0,14.0,4.0
a6ee4f55,131.0,1.0,26.0,51.0,55.0,2.0,131.0,0.0,0.0,0.0,95.0,718.0,456.0,20.0,14.0,1.0,1.0,1.0,99.0,17.0
04f661ea,18.0,0.0,6.0,8.0,4.0,0.0,18.0,0.0,0.0,0.0,10.0,27.0,13.0,0.0,0.0,0.0,1.0,0.0,12.0,1.0
33591ff0,60.0,0.0,2.0,29.0,29.0,2.0,60.0,1.0,0.0,1.0,26.0,142.0,57.0,1.0,3.0,1.0,4.0,0.0,30.0,5.0
4315f30d,226.0,25.0,88.0,135.0,3.0,0.0,226.0,2.0,1.0,1.0,150.0,815.0,474.0,4.0,1.0,0.0,1.0,0.0,159.0,0.0
fe6e7156,28.0,0.0,0.0,11.0,17.0,3.0,28.0,7.0,4.0,2.0,24.0,121.0,53.0,2.0,1.0,2.0,2.0,1.0,26.0,8.0
52afb588,63.0,2.0,13.0,33.0,18.0,3.0,63.0,6.0,2.0,4.0,41.0,287.0,183.0,7.0,1.0,1.0,3.0,0.0,46.0,14.0
049751d7,123.0,2.0,23.0,57.0,44.0,5.0,123.0,11.0,5.0,5.0,64.0,446.0,168.0,3.0,3.0,0.0,9.0,0.0,71.0,10.0
5d4f7d61,26.0,0.0,4.0,15.0,7.0,3.0,26.0,2.0,1.0,1.0,17.0,84.0,25.0,1.0,0.0,1.0,3.0,1.0,22.0,4.0
f6bdc830,54.0,9.0,37.0,16.0,1.0,0.0,54.0,0.0,0.0,0.0,21.0,116.0,63.0,0.0,0.0,0.0,1.0,0.0,26.0,0.0
1c341b14,42.0,0.0,15.0,16.0,11.0,4.0,42.0,1.0,1.0,0.0,18.0,63.0,20.0,0.0,0.0,1.0,4.0,1.0,23.0,4.0
28c6e925,113.0,5.0,26.0,59.0,30.0,1.0,113.0,4.0,1.0,3.0,43.0,296.0,168.0,5.0,2.0,0.0,4.0,1.0,68.0,11.0
57d9707f,58.0,2.0,8.0,21.0,30.0,6.0,58.0,12.0,3.0,7.0,37.0,195.0,97.0,3.0,3.0,1.0,4.0,2.0,39.0,9.0
830a34ec,13.0,2.0,2.0,4.0,7.0,3.0,13.0,3.0,2.0,1.0,7.0,52.0,6.0,1.0,0.0,0.0,2.0,1.0,9.0,5.0
4db2157a,277.0,21.0,79.0,150.0,51.0,2.0,277.0,3.0,3.0,0.0,150.0,818.0,338.0,3.0,3.0,0.0,4.0,3.0,161.0,4.0
7a2cf111,479.0,10.0,96.0,261.0,125.0,1.0,479.0,3.0,1.0,2.0,282.0,1027.0,617.0,5.0,11.0,0.0,6.0,3.0,309.0,39.0
03e7a498,51.0,3.0,12.0,25.0,14.0,2.0,51.0,1.0,0.0,0.0,23.0,111.0,41.0,1.0,1.0,0.0,0.0,0.0,36.0,0.0
3260690c,3.0,0.0,0.0,1.0,2.0,1.0,3.0,0.0,0.0,0.0,1.0,12.0,0.0,0.0,0.0,0.0,0.0,0.0,3.0,2.0
d3aaad90,195.0,3.0,31.0,88.0,80.0,17.0,195.0,18.0,10.0,7.0,123.0,930.0,551.0,16.0,8.0,7.0,7.0,1.0,118.0,24.0
17e3e467,26.0,2.0,10.0,13.0,3.0,0.0,26.0,1.0,0.0,0.0,15.0,67.0,26.0,1.0,0.0,0.0,1.0,0.0,13.0,1.0
9c94165b,316.0,18.0,92.0,124.0,104.0,8.0,316.0,4.0,3.0,1.0,178.0,847.0,480.0,14.0,9.0,2.0,5.0,2.0,196.0,21.0
a81ed730,205.0,9.0,46.0,115.0,45.0,3.0,205.0,6.0,2.0,2.0,131.0,697.0,337.0,8.0,3.0,2.0,7.0,2.0,141.0,6.0
14a04bea,139.0,1.0,17.0,50.0,76.0,15.0,139.0,9.0,4.0,3.0,92.0,713.0,399.0,16.0,5.0,7.0,7.0,6.0,99.0,19.0
57469b2d,19.0,0.0,1.0,9.0,10.0,5.0,19.0,3.0,1.0,2.0,14.0,53.0,21.0,1.0,0.0,1.0,2.0,1.0,14.0,4.0
b9392438,153.0,8.0,52.0,77.0,25.0,1.0,153.0,2.0,2.0,0.0,78.0,448.0,253.0,3.0,4.0,0.0,1.0,0.0,105.0,0.0
b69dfb42,210.0,181.0,210.0,0.0,0.0,0.0,210.0,0.0,0.0,0.0,114.0,494.0,288.0,0.0,0.0,0.0,0.0,0.0,84.0,0.0
03998238,19.0,1.0,4.0,7.0,8.0,4.0,19.0,1.0,0.0,0.0,10.0,46.0,28.0,0.0,1.0,0.0,3.0,1.0,14.0,3.0
313254a3,235.0,6.0,68.0,116.0,54.0,4.0,235.0,5.0,3.0,2.0,104.0,569.0,341.0,6.0,6.0,0.0,4.0,1.0,126.0,17.0
0eb83e1a,161.0,2.0,11.0,78.0,78.0,10.0,161.0,19.0,4.0,13.0,93.0,641.0,278.0,8.0,11.0,1.0,19.0,10.0,98.0,20.0
30af8b93,588.0,22.0,131.0,242.0,220.0,15.0,588.0,10.0,3.0,6.0,350.0,2453.0,1458.0,39.0,30.0,8.0,1.0,2.0,344.0,56.0
e2716bd0,124.0,5.0,14.0,64.0,48.0,5.0,124.0,2.0,1.0,0.0,82.0,329.0,137.0,2.0,2.0,1.0,3.0,1.0,94.0,12.0
e7aa9d7c,24.0,3.0,4.0,6.0,15.0,7.0,24.0,0.0,0.0,0.0,11.0,113.0,93.0,4.0,2.0,2.0,1.0,0.0,13.0,3.0
ea83bfa6,29.0,27.0,29.0,0.0,0.0,0.0,29.0,0.0,0.0,0.0,17.0,91.0,62.0,0.0,0.0,0.0,0.0,0.0,13.0,0.0
5f3eaaf5,190.0,1.0,15.0,71.0,107.0,21.0,190.0,19.0,7.0,11.0,108.0,916.0,483.0,24.0,9.0,9.0,19.0,5.0,119.0,29.0
da4d670f,254.0,3.0,41.0,122.0,101.0,12.0,254.0,24.0,16.0,4.0,169.0,1292.0,662.0,26.0,14.0,5.0,16.0,11.0,176.0,37.0
f91fa277,4.0,1.0,1.0,1.0,2.0,0.0,4.0,1.0,0.0,1.0,2.0,22.0,17.0,0.0,0.0,0.0,0.0,0.0,0.0,0.0
36a6f28d,198.0,11.0,28.0,149.0,23.0,0.0,198.0,7.0,1.0,3.0,123.0,521.0,149.0,2.0,3.0,0.0,6.0,2.0,128.0,1.0
c6cf860f,37.0,6.0,20.0,15.0,2.0,0.0,37.0,0.0,0.0,0.0,11.0,38.0,24.0,0.0,0.0,0.0,1.0,0.0,16.0,0.0
2acd49b9,241.0,5.0,41.0,150.0,54.0,9.0,241.0,8.0,6.0,2.0,127.0,930.0,552.0,11.0,5.0,2.0,7.0,5.0,163.0,10.0
fd9c4805,137.0,0.0,24.0,68.0,49.0,4.0,137.0,13.0,7.0,5.0,102.0,718.0,240.0,6.0,3.0,2.0,11.0,4.0,108.0,21.0
65857fdf,20.0,1.0,2.0,6.0,12.0,1.0,20.0,1.0,0.0,1.0,8.0,41.0,20.0,1.0,1.0,0.0,1.0,0.0,11.0,3.0
b6964eb6,379.0,40.0,228.0,141.0,12.0,10.0,379.0,1.0,0.0,1.0,247.0,1002.0,426.0,1.0,2.0,0.0,2.0,1.0,225.0,1.0
839c14e1,4.0,1.0,2.0,0.0,2.0,1.0,4.0,0.0,0.0,0.0,2.0,11.0,2.0,1.0,0.0,1.0,0.0,0.0,2.0,1.0
59671448,229.0,18.0,73.0,85.0,72.0,10.0,229.0,12.0,3.0,8.0,123.0,752.0,345.0,9.0,3.0,5.0,14.0,5.0,109.0,22.0
5fa714d5,134.0,1.0,25.0,67.0,43.0,2.0,134.0,7.0,4.0,2.0,90.0,408.0,124.0,6.0,3.0,1.0,6.0,4.0,90.0,16.0
78f13530,194.0,5.0,13.0,69.0,114.0,13.0,194.0,9.0,2.0,7.0,127.0,1094.0,576.0,20.0,8.0,9.0,9.0,6.0,153.0,52.0
0670ee51,136.0,18.0,52.0,79.0,7.0,2.0,136.0,1.0,1.0,0.0,60.0,427.0,285.0,1.0,1.0,0.0,2.0,0.0,84.0,1.0
c13ddd3e,12.0,1.0,1.0,3.0,8.0,1.0,12.0,0.0,0.0,0.0,4.0,14.0,10.0,0.0,0.0,0.0,0.0,0.0,7.0,2.0
9bc9a519,149.0,2.0,14.0,90.0,48.0,6.0,149.0,6.0,3.0,3.0,89.0,535.0,262.0,7.0,3.0,2.0,1.0,3.0,101.0,13.0
3626daea,270.0,7.0,52.0,101.0,119.0,10.0,270.0,22.0,9.0,11.0,181.0,1433.0,787.0,22.0,21.0,3.0,4.0,1.0,170.0,38.0
cf8ef0a1,109.0,5.0,25.0,54.0,31.0,3.0,109.0,3.0,1.0,1.0,73.0,365.0,143.0,4.0,3.0,0.0,1.0,0.0,72.0,13.0
90339309,179.0,18.0,93.0,77.0,9.0,2.0,179.0,3.0,1.0,2.0,130.0,527.0,270.0,1.0,2.0,0.0,1.0,0.0,141.0,1.0
ee3519f5,107.0,11.0,38.0,60.0,9.0,1.0,107.0,0.0,0.0,0.0,33.0,114.0,41.0,0.0,0.0,0.0,0.0,0.0,58.0,0.0
f91e81c9,366.0,14.0,87.0,204.0,77.0,2.0,366.0,0.0,0.0,0.0,220.0,787.0,361.0,7.0,12.0,0.0,1.0,1.0,249.0,24.0
1e1378e1,108.0,0.0,11.0,67.0,32.0,1.0,108.0,1.0,0.0,1.0,62.0,375.0,191.0,4.0,4.0,0.0,5.0,1.0,83.0,5.0
a793f5a8,175.0,3.0,44.0,105.0,29.0,0.0,175.0,0.0,0.0,0.0,107.0,601.0,317.0,7.0,2.0,0.0,4.0,3.0,144.0,5.0
a62f8bf1,83.0,1.0,8.0,35.0,43.0,5.0,83.0,15.0,6.0,7.0,63.0,534.0,254.0,6.0,3.0,1.0,5.0,3.0,62.0,10.0
4e219ad2,36.0,0.0,1.0,19.0,17.0,3.0,36.0,4.0,3.0,1.0,25.0,158.0,73.0,4.0,3.0,0.0,1.0,4.0,31.0,5.0
9614b550,336.0,47.0,191.0,135.0,11.0,9.0,336.0,2.0,1.0,1.0,194.0,882.0,413.0,0.0,0.0,0.0,2.0,1.0,203.0,0.0
bcf5058a,31.0,25.0,31.0,0.0,0.0,0.0,31.0,0.0,0.0,0.0,15.0,85.0,54.0,0.0,0.0,0.0,0.0,0.0,13.0,0.0
c71e97ba,402.0,17.0,116.0,234.0,56.0,1.0,402.0,8.0,2.0,5.0,236.0,883.0,360.0,6.0,8.0,0.0,5.0,9.0,261.0,7.0
4d0be953,89.0,8.0,30.0,51.0,9.0,1.0,89.0,0.0,0.0,0.0,42.0,217.0,156.0,1.0,0.0,0.0,1.0,1.0,42.0,0.0
3d62c18b,264.0,31.0,168.0,93.0,3.0,2.0,264.0,0.0,0.0,0.0,162.0,805.0,549.0,3.0,0.0,0.0,0.0,0.0,172.0,1.0
50ff205b,431.0,32.0,172.0,243.0,20.0,9.0,431.0,1.0,0.0,1.0,227.0,1080.0,660.0,3.0,1.0,0.0,4.0,0.0,307.0,2.0
01b8a2b2,45.0,44.0,45.0,0.0,0.0,0.0,45.0,0.0,0.0,0.0,29.0,127.0,91.0,0.0,0.0,0.0,0.0,0.0,25.0,0.0
bb718263,167.0,2.0,15.0,74.0,78.0,11.0,167.0,3.0,1.0,1.0,109.0,488.0,236.0,10.0,2.0,4.0,17.0,3.0,109.0,30.0
e92cd3f7,115.0,2.0,4.0,42.0,73.0,15.0,115.0,10.0,5.0,3.0,73.0,560.0,283.0,12.0,9.0,5.0,7.0,6.0,86.0,24.0
2475dcc6,103.0,3.0,6.0,32.0,66.0,10.0,103.0,2.0,1.0,1.0,53.0,113.0,54.0,0.0,2.0,0.0,4.0,2.0,63.0,25.0
bd142efb,169.0,19.0,100.0,68.0,1.0,1.0,169.0,0.0,0.0,0.0,100.0,567.0,353.0,0.0,0.0,0.0,1.0,0.0,117.0,0.0
31139973,22.0,21.0,21.0,1.0,0.0,0.0,22.0,0.0,0.0,0.0,9.0,46.0,26.0,0.0,0.0,0.0,0.0,0.0,7.0,0.0
a0f9b535,306.0,9.0,43.0,175.0,89.0,6.0,306.0,9.0,3.0,3.0,216.0,1259.0,630.0,10.0,14.0,1.0,6.0,3.0,208.0,9.0
031ebd52,28.0,3.0,8.0,16.0,4.0,1.0,28.0,1.0,0.0,1.0,14.0,84.0,62.0,2.0,0.0,0.0,1.0,0.0,15.0,1.0
90def3ab,22.0,1.0,9.0,11.0,2.0,0.0,22.0,1.0,1.0,0.0,16.0,50.0,7.0,0.0,0.0,0.0,1.0,0.0,17.0,0.0
a73c8f95,174.0,18.0,77.0,90.0,8.0,1.0,174.0,2.0,1.0,1.0,101.0,521.0,332.0,2.0,3.0,0.0,0.0,0.0,126.0,1.0
ad9b2747,192.0,4.0,28.0,123.0,44.0,1.0,192.0,6.0,3.0,3.0,142.0,632.0,277.0,5.0,3.0,0.0,3.0,2.0,144.0,3.0
7bf8ad6c,222.0,1.0,35.0,78.0,115.0,15.0,222.0,24.0,9.0,12.0,125.0,1003.0,512.0,22.0,13.0,10.0,13.0,4.0,150.0,29.0
e73c9bb2,61.0,1.0,17.0,32.0,12.0,0.0,61.0,0.0,0.0,0.0,36.0,173.0,68.0,1.0,1.0,0.0,0.0,0.0,42.0,0.0
2ca35213,114.0,15.0,73.0,41.0,0.0,0.0,114.0,0.0,0.0,0.0,57.0,241.0,155.0,0.0,0.0,0.0,0.0,0.0,75.0,0.0
6f51e382,94.0,82.0,93.0,1.0,0.0,0.0,94.0,0.0,0.0,0.0,69.0,365.0,240.0,0.0,0.0,0.0,1.0,0.0,55.0,0.0
bd2f622a,24.0,1.0,4.0,7.0,15.0,0.0,24.0,2.0,2.0,0.0,16.0,95.0,56.0,1.0,0.0,0.0,5.0,1.0,15.0,5.0
5148dcc5,216.0,5.0,21.0,116.0,82.0,19.0,216.0,10.0,3.0,5.0,134.0,883.0,489.0,12.0,5.0,5.0,9.0,4.0,162.0,31.0
efc33b33,1.0,0.0,1.0,0.0,0.0,0.0,1.0,0.0,0.0,0.0,0.0,0.0,0.0,0.0,0.0,0.0,0.0,0.0,0.0,0.0
5c26ca51,500.0,3.0,74.0,309.0,120.0,7.0,500.0,4.0,1.0,2.0,281.0,1300.0,666.0,14.0,6.0,2.0,13.0,6.0,351.0,29.0
82e9b1bb,288.0,46.0,160.0,113.0,16.0,3.0,288.0,0.0,0.0,0.0,191.0,551.0,241.0,3.0,1.0,0.0,0.0,0.0,194.0,4.0
df8d6029,286.0,29.0,113.0,158.0,17.0,6.0,286.0,1.0,1.0,0.0,197.0,1282.0,755.0,7.0,3.0,0.0,1.0,0.0,188.0,1.0
dc45ac24,119.0,3.0,7.0,57.0,56.0,12.0,119.0,9.0,2.0,7.0,49.0,264.0,100.0,3.0,3.0,1.0,15.0,9.0,75.0,25.0
1d2c3e5e,197.0,3.0,33.0,106.0,65.0,12.0,197.0,21.0,9.0,9.0,122.0,681.0,415.0,11.0,11.0,2.0,8.0,5.0,126.0,18.0
d1b49282,97.0,7.0,31.0,36.0,30.0,12.0,97.0,1.0,0.0,1.0,29.0,100.0,21.0,0.0,0.0,0.0,5.0,3.0,45.0,6.0
fce2302c,413.0,8.0,69.0,194.0,153.0,10.0,413.0,4.0,1.0,3.0,238.0,1251.0,675.0,16.0,14.0,2.0,5.0,3.0,283.0,29.0
6e44569a,171.0,3.0,17.0,92.0,62.0,11.0,171.0,0.0,0.0,0.0,115.0,469.0,169.0,3.0,2.0,0.0,14.0,5.0,132.0,22.0
41034650,222.0,9.0,56.0,159.0,9.0,2.0,222.0,1.0,1.0,0.0,173.0,850.0,559.0,5.0,2.0,0.0,1.0,0.0,177.0,3.0
803e7aca,266.0,6.0,61.0,151.0,58.0,4.0,266.0,9.0,4.0,2.0,186.0,898.0,424.0,6.0,6.0,0.0,10.0,13.0,176.0,6.0
a919be14,57.0,1.0,4.0,21.0,33.0,10.0,57.0,4.0,1.0,3.0,34.0,158.0,48.0,3.0,0.0,3.0,6.0,5.0,38.0,17.0
2794a536,25.0,8.0,14.0,11.0,0.0,0.0,25.0,0.0,0.0,0.0,9.0,16.0,6.0,0.0,0.0,0.0,0.0,0.0,12.0,0.0
de4fe7a2,67.0,1.0,10.0,35.0,23.0,4.0,67.0,2.0,1.0,1.0,36.0,131.0,25.0,0.0,1.0,0.0,3.0,2.0,53.0,8.0
5ceba7fc,77.0,2.0,8.0,33.0,37.0,9.0,77.0,12.0,8.0,4.0,50.0,286.0,137.0,5.0,2.0,1.0,6.0,0.0,55.0,10.0
b3af9be1,324.0,7.0,72.0,184.0,71.0,7.0,324.0,2.0,2.0,0.0,209.0,1089.0,313.0,6.0,6.0,1.0,3.0,1.0,219.0,11.0
6aafdc27,305.0,58.0,169.0,132.0,5.0,3.0,305.0,2.0,0.0,2.0,161.0,994.0,422.0,3.0,1.0,0.0,2.0,1.0,165.0,0.0
7c106fcf,23.0,0.0,4.0,10.0,9.0,0.0,23.0,0.0,0.0,0.0,7.0,47.0,23.0,1.0,0.0,0.0,2.0,0.0,16.0,3.0
ed1cc44a,425.0,38.0,181.0,241.0,5.0,1.0,425.0,0.0,0.0,0.0,290.0,1179.0,588.0,2.0,2.0,0.0,3.0,0.0,303.0,1.0
9e1035f8,21.0,0.0,2.0,4.0,15.0,2.0,21.0,3.0,0.0,3.0,8.0,35.0,11.0,1.0,1.0,1.0,2.0,0.0,8.0,6.0
58a9a4d9,83.0,0.0,6.0,42.0,37.0,3.0,83.0,4.0,2.0,2.0,49.0,254.0,120.0,4.0,5.0,0.0,0.0,6.0,66.0,8.0
f9edc384,205.0,11.0,42.0,85.0,82.0,14.0,205.0,12.0,4.0,7.0,133.0,996.0,479.0,17.0,10.0,3.0,9.0,3.0,135.0,36.0
de488e56,53.0,6.0,23.0,18.0,12.0,1.0,53.0,0.0,0.0,0.0,26.0,81.0,51.0,2.0,1.0,1.0,0.0,2.0,29.0,3.0
a4b1028a,181.0,11.0,60.0,92.0,35.0,4.0,181.0,2.0,2.0,0.0,91.0,383.0,201.0,4.0,4.0,1.0,4.0,1.0,94.0,6.0
9d21da85,493.0,56.0,282.0,204.0,8.0,3.0,493.0,1.0,1.0,0.0,390.0,1619.0,877.0,1.0,0.0,0.0,1.0,0.0,369.0,0.0
3ae14ed1,267.0,2.0,25.0,104.0,140.0,28.0,267.0,12.0,2.0,9.0,190.0,1241.0,681.0,17.0,11.0,9.0,12.0,2.0,207.0,58.0
5d4e9f31,84.0,2.0,14.0,55.0,19.0,8.0,83.0,1.0,1.0,0.0,58.0,249.0,61.0,0.0,1.0,0.0,1.0,7.0,61.0,6.0
056d2d95,320.0,10.0,73.0,152.0,100.0,5.0,320.0,5.0,2.0,2.0,137.0,729.0,419.0,11.0,8.0,0.0,6.0,0.0,139.0,16.0
77e39b04,30.0,1.0,11.0,13.0,8.0,1.0,30.0,1.0,0.0,1.0,18.0,79.0,41.0,1.0,0.0,1.0,1.0,0.0,21.0,5.0
41f0b196,98.0,91.0,98.0,0.0,0.0,0.0,98.0,0.0,0.0,0.0,59.0,201.0,95.0,0.0,0.0,0.0,0.0,0.0,60.0,0.0
5d0e0a1f,274.0,13.0,64.0,110.0,104.0,13.0,274.0,20.0,14.0,4.0,146.0,699.0,307.0,11.0,7.0,3.0,10.0,6.0,151.0,33.0
f7e87032,267.0,8.0,39.0,125.0,109.0,15.0,267.0,7.0,3.0,4.0,161.0,883.0,418.0,14.0,8.0,6.0,14.0,7.0,178.0,30.0
3fa66cb2,22.0,2.0,7.0,11.0,4.0,0.0,22.0,0.0,0.0,0.0,14.0,72.0,49.0,1.0,1.0,0.0,0.0,0.0,15.0,0.0
4a51ba65,143.0,102.0,141.0,2.0,0.0,0.0,143.0,0.0,0.0,0.0,87.0,448.0,261.0,0.0,0.0,0.0,0.0,0.0,76.0,0.0
068f4dec,82.0,3.0,12.0,36.0,35.0,2.0,82.0,2.0,1.0,1.0,51.0,265.0,121.0,4.0,0.0,0.0,4.0,1.0,54.0,11.0
3b996663,176.0,8.0,60.0,88.0,30.0,2.0,176.0,6.0,1.0,2.0,100.0,441.0,238.0,3.0,3.0,0.0,3.0,2.0,103.0,9.0
9052e98c,78.0,64.0,77.0,1.0,0.0,0.0,78.0,0.0,0.0,0.0,44.0,206.0,118.0,0.0,0.0,0.0,0.0,0.0,39.0,0.0
c9817014,148.0,4.0,29.0,102.0,23.0,0.0,148.0,5.0,4.0,1.0,110.0,555.0,269.0,4.0,6.0,0.0,5.0,2.0,104.0,1.0
1df4a109,266.0,7.0,56.0,173.0,38.0,3.0,266.0,3.0,1.0,2.0,138.0,670.0,321.0,9.0,3.0,3.0,9.0,3.0,155.0,5.0
a2d873dd,96.0,4.0,12.0,43.0,42.0,15.0,96.0,2.0,0.0,1.0,51.0,271.0,74.0,5.0,2.0,4.0,12.0,3.0,61.0,13.0
1a799243,142.0,5.0,40.0,66.0,36.0,3.0,142.0,5.0,4.0,1.0,45.0,223.0,138.0,2.0,3.0,1.0,2.0,2.0,78.0,12.0
bf25cb29,23.0,0.0,7.0,10.0,6.0,0.0,23.0,2.0,2.0,0.0,17.0,84.0,25.0,1.0,0.0,1.0,1.0,1.0,16.0,2.0
cfd68aa7,147.0,141.0,147.0,0.0,0.0,0.0,147.0,0.0,0.0,0.0,62.0,275.0,126.0,0.0,0.0,0.0,0.0,0.0,49.0,0.0
63567ebc,277.0,11.0,82.0,156.0,42.0,3.0,277.0,7.0,3.0,1.0,185.0,813.0,424.0,3.0,8.0,0.0,10.0,3.0,196.0,8.0
7b456af7,77.0,68.0,77.0,0.0,0.0,0.0,77.0,0.0,0.0,0.0,34.0,165.0,105.0,0.0,0.0,0.0,0.0,0.0,32.0,0.0
7a4cea18,24.0,0.0,4.0,18.0,4.0,0.0,24.0,4.0,1.0,1.0,18.0,117.0,27.0,0.0,0.0,0.0,1.0,0.0,13.0,3.0
fb485406,115.0,0.0,2.0,48.0,67.0,17.0,113.0,22.0,7.0,14.0,69.0,455.0,167.0,7.0,4.0,1.0,8.0,7.0,85.0,26.0
2bf50b37,15.0,0.0,2.0,5.0,8.0,2.0,15.0,0.0,0.0,0.0,9.0,62.0,41.0,2.0,1.0,0.0,0.0,0.0,11.0,4.0
cf9bdd43,311.0,20.0,136.0,155.0,22.0,3.0,311.0,1.0,0.0,1.0,151.0,882.0,481.0,3.0,3.0,0.0,1.0,0.0,166.0,3.0
7287ea6b,47.0,2.0,8.0,24.0,15.0,5.0,47.0,1.0,0.0,1.0,23.0,128.0,79.0,3.0,0.0,0.0,2.0,2.0,30.0,5.0
ee45fd85,293.0,8.0,46.0,155.0,98.0,6.0,293.0,11.0,5.0,5.0,181.0,1167.0,528.0,11.0,8.0,2.0,7.0,4.0,161.0,28.0
d682f554,114.0,1.0,7.0,28.0,80.0,21.0,114.0,13.0,6.0,4.0,70.0,436.0,204.0,16.0,2.0,8.0,11.0,0.0,89.0,37.0
9f8e9423,187.0,22.0,88.0,91.0,11.0,2.0,187.0,2.0,2.0,0.0,116.0,781.0,485.0,5.0,3.0,0.0,1.0,0.0,115.0,0.0
44ac04e9,177.0,3.0,33.0,109.0,38.0,9.0,177.0,2.0,0.0,2.0,138.0,673.0,221.0,3.0,3.0,0.0,5.0,2.0,137.0,15.0
173eb3cd,200.0,15.0,59.0,107.0,35.0,2.0,200.0,6.0,2.0,4.0,118.0,600.0,234.0,3.0,3.0,0.0,6.0,4.0,120.0,4.0
18fae4ac,445.0,17.0,111.0,244.0,91.0,7.0,445.0,3.0,3.0,0.0,281.0,1270.0,404.0,3.0,9.0,0.0,7.0,9.0,300.0,10.0
7cb9de24,414.0,74.0,279.0,128.0,8.0,2.0,414.0,1.0,0.0,0.0,254.0,1309.0,662.0,4.0,1.0,0.0,2.0,0.0,301.0,2.0
e8ef59da,38.0,1.0,5.0,13.0,22.0,8.0,38.0,2.0,1.0,1.0,19.0,164.0,106.0,4.0,4.0,2.0,9.0,1.0,25.0,10.0
24baba9d,285.0,14.0,89.0,110.0,89.0,8.0,285.0,10.0,5.0,4.0,144.0,1001.0,502.0,14.0,5.0,4.0,8.0,6.0,129.0,17.0
aa982b0f,232.0,3.0,38.0,101.0,98.0,14.0,232.0,14.0,7.0,6.0,149.0,1131.0,674.0,22.0,16.0,3.0,14.0,3.0,170.0,20.0
731302dc,135.0,1.0,10.0,42.0,87.0,18.0,135.0,14.0,6.0,8.0,78.0,580.0,190.0,6.0,8.0,4.0,18.0,4.0,74.0,27.0
6412cc03,258.0,2.0,19.0,114.0,129.0,17.0,258.0,7.0,1.0,6.0,160.0,1129.0,358.0,9.0,11.0,2.0,9.0,4.0,184.0,31.0
08eb3b58,179.0,5.0,67.0,85.0,28.0,3.0,179.0,4.0,2.0,1.0,133.0,877.0,596.0,10.0,5.0,0.0,1.0,1.0,124.0,3.0
74d4cec6,164.0,3.0,9.0,60.0,100.0,21.0,164.0,30.0,13.0,14.0,110.0,527.0,232.0,9.0,8.0,1.0,17.0,12.0,125.0,31.0
e4d5e2ae,40.0,1.0,2.0,16.0,22.0,8.0,40.0,2.0,0.0,2.0,28.0,197.0,103.0,5.0,2.0,4.0,6.0,3.0,31.0,10.0
d46d048f,113.0,3.0,57.0,38.0,19.0,1.0,113.0,0.0,0.0,0.0,56.0,316.0,161.0,6.0,2.0,0.0,1.0,1.0,54.0,4.0
0412b9cd,39.0,2.0,6.0,16.0,17.0,3.0,39.0,3.0,0.0,3.0,22.0,100.0,26.0,0.0,0.0,0.0,8.0,0.0,22.0,5.0
79443529,41.0,0.0,0.0,18.0,23.0,7.0,41.0,4.0,1.0,3.0,23.0,84.0,31.0,0.0,0.0,0.0,5.0,2.0,33.0,11.0
64f69877,100.0,1.0,2.0,45.0,53.0,16.0,100.0,0.0,0.0,0.0,73.0,354.0,73.0,2.0,2.0,1.0,10.0,3.0,79.0,24.0
72f87f25,55.0,0.0,3.0,23.0,30.0,5.0,55.0,7.0,4.0,2.0,39.0,285.0,112.0,3.0,2.0,1.0,5.0,2.0,40.0,9.0
d2795011,118.0,4.0,43.0,55.0,22.0,3.0,118.0,2.0,0.0,2.0,69.0,246.0,108.0,2.0,1.0,1.0,5.0,2.0,66.0,11.0
46a8347f,180.0,14.0,69.0,94.0,19.0,1.0,180.0,1.0,1.0,0.0,92.0,458.0,171.0,3.0,2.0,0.0,1.0,0.0,110.0,7.0
e3d3fbeb,59.0,3.0,23.0,33.0,5.0,0.0,59.0,0.0,0.0,0.0,16.0,121.0,22.0,0.0,0.0,0.0,1.0,0.0,25.0,0.0
7d7660da,86.0,1.0,13.0,20.0,55.0,17.0,86.0,8.0,1.0,7.0,65.0,542.0,304.0,10.0,5.0,7.0,5.0,2.0,61.0,29.0
9e525177,103.0,6.0,33.0,43.0,28.0,4.0,103.0,8.0,4.0,4.0,56.0,338.0,227.0,8.0,5.0,4.0,1.0,0.0,60.0,3.0
c4e87b8b,37.0,3.0,8.0,14.0,15.0,3.0,37.0,0.0,0.0,0.0,24.0,57.0,23.0,2.0,0.0,1.0,3.0,2.0,24.0,5.0
dd676a97,67.0,3.0,15.0,29.0,25.0,2.0,67.0,4.0,2.0,1.0,37.0,300.0,173.0,7.0,3.0,1.0,4.0,0.0,39.0,4.0
c1851bfd,364.0,23.0,126.0,201.0,42.0,3.0,364.0,21.0,7.0,13.0,221.0,1552.0,587.0,6.0,7.0,0.0,3.0,2.0,235.0,9.0
35e413f1,158.0,5.0,38.0,85.0,35.0,6.0,158.0,2.0,1.0,1.0,98.0,487.0,220.0,3.0,1.0,2.0,5.0,0.0,107.0,9.0
4876c9ab,55.0,5.0,12.0,30.0,13.0,4.0,55.0,1.0,0.0,1.0,39.0,215.0,91.0,2.0,3.0,0.0,2.0,0.0,40.0,2.0
eb58eef0,12.0,0.0,1.0,2.0,9.0,1.0,12.0,1.0,1.0,0.0,7.0,38.0,15.0,0.0,0.0,0.0,1.0,1.0,8.0,1.0
83300259,26.0,2.0,7.0,13.0,6.0,1.0,26.0,0.0,0.0,0.0,16.0,110.0,40.0,0.0,0.0,0.0,0.0,1.0,19.0,1.0
0362c29e,281.0,32.0,116.0,100.0,69.0,4.0,281.0,4.0,2.0,2.0,150.0,914.0,479.0,10.0,7.0,0.0,6.0,2.0,146.0,14.0
e7fcf289,176.0,0.0,15.0,105.0,61.0,11.0,176.0,15.0,11.0,4.0,107.0,687.0,371.0,15.0,9.0,5.0,9.0,4.0,139.0,12.0
3f30f12a,294.0,20.0,130.0,110.0,55.0,3.0,294.0,2.0,0.0,2.0,138.0,665.0,339.0,5.0,4.0,0.0,2.0,1.0,173.0,17.0
6190474d,116.0,1.0,9.0,57.0,51.0,10.0,116.0,4.0,2.0,2.0,78.0,476.0,192.0,5.0,6.0,1.0,8.0,1.0,92.0,18.0
b003239d,47.0,6.0,21.0,25.0,1.0,1.0,47.0,0.0,0.0,0.0,28.0,136.0,71.0,0.0,0.0,0.0,0.0,0.0,30.0,0.0
7b9ecf02,263.0,31.0,139.0,115.0,12.0,1.0,263.0,4.0,1.0,3.0,160.0,1116.0,641.0,5.0,2.0,0.0,4.0,1.0,153.0,1.0
e61b8aee,285.0,3.0,32.0,155.0,100.0,13.0,285.0,3.0,1.0,2.0,187.0,741.0,344.0,3.0,2.0,0.0,4.0,4.0,221.0,21.0
6510079f,82.0,0.0,6.0,51.0,25.0,1.0,82.0,3.0,2.0,1.0,52.0,392.0,226.0,4.0,5.0,0.0,0.0,2.0,62.0,6.0
f5c8b425,86.0,0.0,7.0,38.0,43.0,9.0,86.0,4.0,3.0,0.0,64.0,230.0,77.0,1.0,1.0,0.0,6.0,4.0,69.0,12.0
ca3478f9,6.0,0.0,0.0,2.0,4.0,1.0,6.0,0.0,0.0,0.0,4.0,18.0,13.0,1.0,1.0,0.0,0.0,0.0,4.0,0.0
6c5af908,210.0,4.0,43.0,130.0,39.0,0.0,210.0,4.0,3.0,0.0,102.0,469.0,241.0,2.0,5.0,0.0,1.0,5.0,142.0,3.0
f50a668a,186.0,41.0,118.0,62.0,6.0,1.0,186.0,2.0,2.0,0.0,81.0,557.0,351.0,3.0,1.0,0.0,1.0,1.0,84.0,0.0
88968486,389.0,54.0,196.0,182.0,17.0,6.0,389.0,7.0,3.0,2.0,265.0,1461.0,858.0,5.0,3.0,0.0,4.0,1.0,280.0,0.0
d85c238b,214.0,2.0,19.0,98.0,98.0,19.0,214.0,18.0,9.0,5.0,183.0,1237.0,696.0,19.0,6.0,11.0,5.0,6.0,180.0,45.0
47dbe004,173.0,7.0,35.0,78.0,62.0,24.0,173.0,6.0,3.0,2.0,96.0,767.0,242.0,8.0,2.0,2.0,10.0,4.0,103.0,32.0
38fc10d2,19.0,0.0,3.0,5.0,11.0,2.0,19.0,2.0,1.0,0.0,10.0,90.0,34.0,2.0,1.0,2.0,3.0,0.0,9.0,2.0
83e4643e,44.0,1.0,5.0,28.0,11.0,0.0,44.0,0.0,0.0,0.0,29.0,141.0,39.0,0.0,1.0,0.0,0.0,1.0,35.0,2.0
45191c29,397.0,10.0,100.0,181.0,120.0,9.0,397.0,23.0,5.0,14.0,225.0,1502.0,779.0,23.0,12.0,4.0,10.0,6.0,219.0,21.0
9907b1c8,87.0,0.0,4.0,27.0,59.0,23.0,87.0,14.0,5.0,8.0,71.0,398.0,228.0,7.0,3.0,4.0,8.0,4.0,71.0,18.0
eca2b6b8,40.0,1.0,5.0,24.0,12.0,0.0,40.0,1.0,1.0,0.0,22.0,118.0,77.0,2.0,2.0,0.0,3.0,1.0,30.0,0.0
51cf8561,24.0,0.0,5.0,8.0,11.0,0.0,24.0,0.0,0.0,0.0,15.0,46.0,7.0,0.0,0.0,0.0,0.0,1.0,14.0,0.0
4a1abff3,383.0,4.0,33.0,128.0,223.0,52.0,383.0,48.0,22.0,23.0,277.0,2025.0,1079.0,49.0,20.0,31.0,11.0,10.0,307.0,76.0
5c7845f6,167.0,10.0,73.0,89.0,6.0,0.0,167.0,0.0,0.0,0.0,118.0,642.0,413.0,2.0,1.0,0.0,0.0,1.0,122.0,1.0
3ee0dd59,107.0,4.0,30.0,66.0,14.0,1.0,107.0,2.0,0.0,1.0,60.0,284.0,145.0,1.0,3.0,0.0,0.0,0.0,62.0,2.0
adfbe1f5,96.0,6.0,19.0,44.0,33.0,5.0,96.0,6.0,4.0,1.0,67.0,461.0,234.0,7.0,8.0,0.0,3.0,4.0,70.0,10.0
5529a99a,10.0,0.0,0.0,1.0,9.0,2.0,10.0,2.0,1.0,1.0,8.0,22.0,8.0,0.0,0.0,0.0,0.0,0.0,6.0,3.0
79300479,145.0,2.0,18.0,68.0,60.0,10.0,145.0,6.0,0.0,5.0,84.0,503.0,240.0,7.0,8.0,2.0,2.0,3.0,110.0,12.0
37557ec4,38.0,0.0,6.0,22.0,11.0,1.0,38.0,0.0,0.0,0.0,21.0,113.0,67.0,2.0,0.0,1.0,1.0,0.0,30.0,4.0
