id,GA,PKA,FK,CK,OG,PSxG,PSxG+/-,Cmp,Att,Att.1,Thr,Att.2,Opp,Stp,#OPA,TotLen,TotLen.1,TotDist
649b01d8,39.0,5.0,0.0,4.0,2.0,31.6,-5.4,152,422,686.0,101,194.0,343.0,23.0,23.0,26754.0,8633.0,326.6
8ec56e62,24.0,2.0,1.0,4.0,1.0,24.9,1.9,74,261,379.0,77,113.0,201.0,14.0,10.0,15349.5,5672.6,130.0
8cabdc1e,32.0,3.0,0.0,3.0,0.0,24.9,-7.1,121,294,761.0,121,205.0,303.0,18.0,23.0,25797.9,6785.5,335.8
f554e29b,3.0,0.0,0.0,0.0,0.0,1.8,-1.2,2,4,25.0,4,6.0,7.0,0.0,2.0,577.5,199.8,50.6
4e0c8d66,31.0,0.0,0.0,3.0,1.0,32.5,2.5,100,292,764.0,144,142.0,322.0,10.0,16.0,25212.0,4771.2,200.0
085e71a7,36.0,1.0,1.0,4.0,0.0,31.2,-4.8,95,294,560.0,103,132.0,292.0,10.0,24.0,19264.0,6111.6,357.6
9f5a610b,27.0,4.0,1.0,5.0,1.0,29.2,3.2,126,486,589.0,93,189.0,356.0,18.0,23.0,24914.7,10035.9,289.8
f0f7f62f,2.0,0.0,0.0,1.0,0.0,1.7,-0.3,13,38,115.0,17,11.0,24.0,1.0,0.0,3726.0,542.3,0.0
74419746,14.0,0.0,0.0,1.0,1.0,10.7,-2.3,29,58,290.0,48,52.0,92.0,2.0,5.0,7627.0,1341.6,72.5
fcb38f57,8.0,1.0,0.0,1.0,0.0,8.2,0.2,36,90,261.0,38,21.0,75.0,5.0,7.0,8691.3,882.0,93.8
f794b426,2.0,0.0,0.0,0.0,0.0,1.5,-0.5,2,4,10.0,2,8.0,8.0,0.0,1.0,243.0,259.2,22.0
3318286e,0.0,0.0,0.0,0.0,0.0,0.0,0.0,2,3,0.0,1,0.0,0.0,0.0,0.0,0.0,0.0,0.0
9413b19f,15.0,1.0,0.0,1.0,0.0,17.9,2.9,40,110,518.0,87,148.0,250.0,8.0,24.0,13934.2,3907.2,393.6
9fa26bc2,29.0,3.0,0.0,5.0,0.0,25.3,-3.7,165,590,888.0,106,180.0,293.0,20.0,39.0,36141.6,12870.0,631.8
c1d95617,37.0,0.0,1.0,3.0,1.0,32.2,-3.8,220,484,588.0,82,187.0,328.0,16.0,48.0,25813.2,9013.4,796.8
a111cf41,19.0,1.0,0.0,2.0,2.0,13.9,-3.1,94,216,433.0,122,117.0,199.0,11.0,17.0,13899.3,5534.1,268.6
1e9bde92,17.0,2.0,0.0,1.0,0.0,17.7,0.7,47,147,198.0,19,63.0,97.0,4.0,5.0,7900.2,3206.7,72.0
e9c0c1b2,14.0,2.0,0.0,2.0,1.0,11.4,-1.6,62,171,517.0,74,98.0,184.0,8.0,5.0,15561.7,3518.2,67.5
79b0d6a0,21.0,1.0,1.0,3.0,1.0,14.0,-6.0,82,202,437.0,89,173.0,279.0,9.0,17.0,14027.7,5587.9,238.0
f058ed1f,3.0,1.0,0.0,0.0,0.0,3.2,0.2,9,18,61.0,10,16.0,28.0,2.0,0.0,1811.7,452.8,0.0
4c62d0c8,4.0,1.0,0.0,0.0,0.0,9.4,5.4,27,92,225.0,42,50.0,121.0,3.0,10.0,6975.0,2000.0,162.0
277da414,19.0,1.0,0.0,4.0,0.0,19.8,0.8,113,260,737.0,108,132.0,312.0,13.0,41.0,24321.0,4593.6,713.4
67f649be,19.0,3.0,0.0,3.0,0.0,21.0,2.0,38,143,265.0,34,67.0,107.0,6.0,9.0,9884.5,3102.1,130.5
343f753a,27.0,4.0,0.0,0.0,0.0,30.2,3.2,76,274,490.0,84,154.0,222.0,16.0,13.0,17591.0,6314.0,184.6
0d422df7,30.0,3.0,1.0,2.0,2.0,27.8,-0.2,95,240,510.0,89,187.0,318.0,6.0,13.0,16677.0,6526.3,172.9
ab4449d6,33.0,6.0,1.0,4.0,2.0,35.3,4.3,107,273,627.0,130,179.0,322.0,19.0,19.0,20691.0,6300.8,256.5
ac4003af,9.0,0.0,1.0,2.0,0.0,7.8,-1.2,31,77,181.0,45,61.0,86.0,7.0,14.0,5158.5,2982.9,278.6
01b8a2b2,15.0,0.0,0.0,4.0,0.0,14.4,-0.6,73,176,385.0,70,88.0,210.0,6.0,12.0,13475.0,3660.8,176.4
b056e3da,22.0,2.0,2.0,4.0,1.0,16.8,-4.2,95,196,473.0,75,83.0,195.0,9.0,13.0,15561.7,3469.4,187.2
e1b0a70d,28.0,3.0,0.0,3.0,1.0,22.5,-4.5,110,265,622.0,80,142.0,189.0,10.0,41.0,20650.4,5609.0,762.6
77d6fd4d,31.0,2.0,0.0,7.0,1.0,32.3,2.3,117,346,869.0,123,138.0,489.0,28.0,15.0,28937.7,5892.6,160.5
cc1a0c57,1.0,0.0,0.0,0.0,0.0,0.7,-0.3,15,43,57.0,5,8.0,24.0,1.0,3.0,2376.9,452.8,47.1
54f6afe3,2.0,0.0,0.0,0.0,0.0,1.7,-0.3,7,21,23.0,3,13.0,24.0,1.0,2.0,807.3,664.3,34.0
