id,Cmp,Att,TotDist,PrgDist,Cmp.1,Att.1,Cmp.2,Att.2,Cmp.3,Att.3,Ast,xAG,xA,A-xAG,KP,1/3,PPA,CrsPA,PrgP
22919e97,106,151,1733,426,53,64,41,55,9,14,2,0.7,1.1,1.3,8,6,10,2,20
501055d8,210,287,2631,763,129,158,56,71,6,15,2,2.0,1.7,0.0,13,12,11,0,27
dcfb17f4,216,282,3069,728,128,158,63,76,13,21,2,1.2,1.2,0.8,14,17,5,1,26
cb6d81b3,16,25,299,144,4,5,9,10,2,6,0,0.1,0.1,-0.1,1,1,1,0,2
a6c58494,449,529,6965,1651,223,242,187,204,21,40,2,1.2,0.9,0.8,15,38,7,2,56
462475ed,64,128,1155,283,34,62,14,34,12,14,1,0.6,0.9,0.4,5,8,2,0,10
6ec6fde0,480,610,9015,3464,163,189,261,296,48,97,0,0.4,0.7,-0.4,3,52,6,2,57
834d0be5,43,64,602,130,24,34,13,18,4,5,0,0.0,0.2,0.0,1,3,0,0,5
00f518d8,43,58,664,267,22,23,18,26,2,5,0,0.3,0.1,-0.3,1,5,5,1,10
8ce30c57,18,30,386,96,4,6,10,13,4,9,0,0.0,0.0,0.0,2,3,0,0,2
cd682b6b,3,3,43,4,2,2,1,1,0,0,0,0.0,0.0,0.0,0,0,0,0,0
555d5edd,290,342,4760,1117,145,157,106,117,29,43,1,0.8,1.0,0.2,10,31,7,1,36
e0b113a7,822,984,13600,3833,401,453,331,390,60,88,2,0.9,0.7,1.1,12,62,9,2,74
30941e96,705,1064,13194,5095,303,354,297,427,95,218,5,4.4,4.8,0.6,39,52,35,18,73
5e66fa06,1061,1342,20972,8173,352,411,594,680,111,209,0,0.8,1.0,-0.8,7,68,10,4,87
0a3f6cde,187,317,3054,1074,101,129,60,108,19,49,6,2.8,2.0,3.2,19,5,18,9,16
56413b1f,248,311,3706,1211,136,154,84,96,15,39,0,0.2,0.2,-0.2,3,21,3,0,32
86e119e0,812,1086,18457,6036,215,248,413,486,169,312,2,3.3,3.7,-1.3,31,70,15,2,97
13ddc856,120,168,1609,481,78,98,36,48,2,7,0,0.6,0.9,-0.6,11,11,9,2,19
35f67a30,30,50,306,35,22,35,4,6,0,0,0,0.2,0.1,-0.2,3,1,0,0,0
fe46e261,94,162,1719,636,43,60,39,63,10,20,0,0.7,0.2,-0.7,2,4,1,1,4
ce81d82d,0,0,0,0,0,0,0,0,0,0,0,0.0,0.0,0.0,0,0,0,0,0
10549b49,81,127,1247,463,41,62,23,34,8,12,1,2.1,0.9,-1.1,10,12,4,0,20
f582d5c1,0,0,0,0,0,0,0,0,0,0,0,0.0,0.0,0.0,0,0,0,0,0
a8567629,508,643,8002,2507,279,318,188,238,32,61,2,1.9,1.2,0.1,13,22,11,2,42
442b56fa,887,1133,16430,5472,349,402,433,524,94,160,1,2.9,3.5,-1.9,21,86,25,8,97
a2a85828,95,138,1405,499,52,65,33,47,5,9,1,0.3,0.9,0.7,4,6,5,1,18
00242b75,233,344,3276,1095,140,176,71,100,10,33,2,1.9,0.8,0.1,10,28,3,1,37
e61bdd69,70,105,1123,280,31,43,33,40,3,8,0,0.5,0.4,-0.5,5,6,4,1,8
44a20f0c,295,413,6140,2592,100,118,152,178,41,109,0,0.3,0.1,-0.3,2,22,2,0,25
47064058,772,959,18797,12809,194,194,372,377,198,376,0,0.0,0.0,0.0,1,11,0,0,1
bd7d2e6d,190,235,3582,1311,73,78,99,109,17,45,0,0.1,0.2,-0.1,2,15,4,2,21
69374ff5,113,141,2155,558,40,51,59,68,12,16,0,0.0,0.1,0.0,1,10,6,1,16
437f2b00,452,668,6937,2138,240,315,149,204,35,61,3,3.8,3.8,-0.8,19,46,24,2,77
fbbc8e15,1,1,10,5,1,1,0,0,0,0,0,0.1,0.0,-0.1,1,0,0,0,0
a53b661f,56,89,708,127,36,46,13,20,2,7,0,0.2,0.3,-0.2,5,4,2,0,6
8eb55dbb,208,357,3628,952,82,135,84,127,29,48,4,2.8,3.7,1.2,27,11,32,23,24
30ae134d,175,283,2342,639,100,147,55,82,7,11,1,0.6,1.0,0.4,13,18,14,1,39
857a5abe,534,694,10445,5075,198,234,243,278,87,151,0,0.5,0.7,-0.5,7,41,7,1,52
bee0bab1,34,51,440,160,23,30,11,18,0,2,0,0.0,0.0,0.0,0,4,0,0,3
57d88cf9,875,1084,15488,5034,389,453,335,391,110,155,4,2.4,2.5,1.6,22,115,32,2,182
378825c7,814,1059,13911,5455,402,451,320,391,75,151,0,1.5,1.6,-1.5,11,63,19,1,75
eb6e14be,135,289,2349,957,59,99,55,106,16,50,4,2.6,2.8,1.4,19,17,8,3,23
7aac47fe,58,79,1224,554,16,19,34,44,8,16,0,0.0,0.0,0.0,0,4,1,0,6
07d3bfec,68,91,1048,306,35,44,21,26,7,11,0,0.7,0.8,-0.7,5,6,3,1,11
dc62fbee,336,472,5034,1213,186,216,122,165,15,47,0,0.5,0.7,-0.5,6,24,9,1,30
663e080e,549,623,11891,6221,151,151,312,313,84,156,0,0.0,0.0,0.0,0,8,0,0,1
691bef82,82,94,1596,634,27,29,48,53,7,9,0,0.1,0.3,-0.1,2,8,1,0,10
f4ec4fd0,73,98,1253,421,35,43,31,40,7,9,0,0.1,0.1,-0.1,2,9,0,0,9
635f2732,240,328,4198,1590,101,127,93,118,31,51,0,0.7,0.8,-0.7,13,28,9,0,48
36578017,8,9,113,17,2,2,3,4,1,1,0,0.0,0.0,0.0,0,0,1,1,0
01834aa0,628,744,11964,4390,208,232,369,407,49,91,0,0.1,0.1,-0.1,1,28,0,0,44
c68da769,165,224,2423,539,98,117,48,65,11,19,2,1.3,1.4,0.7,10,11,4,2,15
a167537f,730,958,10897,2892,423,480,183,244,73,135,4,6.5,5.4,-2.5,53,36,26,6,77
d28339cb,112,124,2619,1477,24,24,57,57,30,42,0,0.0,0.0,0.0,0,0,0,0,0
d4a2533d,103,148,1684,475,57,65,31,41,11,20,1,0.4,0.4,0.6,5,10,4,0,13
e27da244,206,262,4058,1623,73,80,107,123,23,46,0,0.0,0.0,0.0,0,5,1,0,16
bbd79358,10,16,131,28,8,12,1,1,1,2,0,0.0,0.0,0.0,0,0,0,0,0
f0a37d36,519,780,9682,4304,199,234,257,356,58,152,0,1.0,1.5,-1.0,11,33,16,11,54
4e204552,56,77,738,134,37,46,15,18,1,5,0,0.3,0.4,-0.3,5,5,2,0,4
45e95f21,112,161,2184,828,46,55,46,65,19,39,0,0.5,0.5,-0.5,3,13,3,1,16
ab5b7dc1,304,502,4625,1530,184,228,87,147,20,53,0,3.2,2.7,-3.2,26,28,29,14,58
05e2d5ea,31,42,371,55,22,27,5,5,1,2,1,0.1,0.2,0.9,1,1,1,0,3
05f99a4a,71,109,1119,317,37,46,23,32,8,14,2,1.1,1.6,0.9,7,3,9,2,14
f631c17f,53,81,655,185,32,50,15,18,1,4,0,0.3,0.1,-0.3,4,4,3,0,7
b4705807,141,184,2074,705,82,96,48,62,7,14,1,0.3,0.2,0.7,2,9,4,1,10
10745192,92,119,1081,317,65,77,19,25,1,7,1,0.7,1.0,0.3,2,9,5,0,9
0118c54c,505,688,10758,4677,165,198,234,296,97,165,1,1.5,1.5,-0.5,13,59,14,8,54
d1db4b83,30,42,574,388,14,16,10,15,6,8,0,0.2,0.2,-0.2,3,0,2,1,3
d1273f09,91,138,1598,828,40,49,34,53,12,27,0,0.4,0.3,-0.4,4,8,4,0,11
a65ce836,543,615,9710,2763,209,227,249,269,61,83,0,0.3,0.4,-0.3,6,44,1,0,40
bd6351cd,143,177,2209,585,88,95,47,58,7,17,1,0.4,0.6,0.6,4,4,3,2,7
5e080f73,5,10,64,18,3,4,2,3,0,2,0,0.0,0.0,0.0,0,1,0,0,0
db401046,796,1020,24196,16613,107,108,342,346,345,563,1,0.0,0.1,1.0,0,24,0,0,1
ae7058f9,413,489,8432,2727,123,133,243,270,47,81,1,0.6,0.0,0.4,2,24,0,0,18
b3b7f5a6,31,53,680,507,7,19,16,22,7,9,0,0.0,0.0,0.0,1,7,0,0,7
48780156,1,2,17,17,0,0,1,2,0,0,0,0.0,0.0,0.0,0,0,0,0,1
af104654,541,814,15941,12297,91,91,252,258,198,461,0,0.0,0.0,0.0,0,10,0,0,1
c6608135,0,0,0,0,0,0,0,0,0,0,0,0.0,0.0,0.0,0,0,0,0,0
6e17c802,118,155,1920,533,54,65,52,68,8,12,1,0.1,0.1,0.9,3,13,1,0,13
dd5bbe0d,18,31,288,158,12,17,4,6,2,6,0,0.0,0.0,0.0,1,2,1,0,2
042e8a49,375,469,5874,1267,211,234,125,155,29,50,4,3.1,3.7,0.9,28,18,25,10,41
5ddb8f9f,238,387,4293,2198,89,120,122,190,17,51,2,0.8,1.1,1.2,9,27,14,7,40
05ba9d7c,41,57,610,218,27,29,10,14,3,6,0,0.3,0.4,-0.3,1,5,2,1,6
eac044ad,131,186,1645,518,79,105,34,45,5,10,0,0.7,0.9,-0.7,9,10,6,0,26
dee3013b,132,200,4207,3224,20,20,60,60,52,120,0,0.0,0.0,0.0,0,10,0,0,0
db4ed67b,117,155,2109,697,53,64,50,52,13,27,0,0.4,0.1,-0.4,3,14,0,0,15
d3d77413,50,63,663,179,28,32,19,21,0,2,0,0.2,0.1,-0.2,3,5,1,0,9
41bff4fa,101,157,2094,1012,30,39,57,73,14,44,0,0.1,0.1,-0.1,3,10,1,0,15
3eb0f2df,8,12,101,6,5,6,2,3,0,1,0,0.0,0.0,0.0,0,0,0,0,0
d781d855,1064,1219,16766,4614,564,615,420,460,58,90,4,2.7,3.3,1.3,34,88,25,1,100
fe641c1a,91,132,1716,689,37,45,43,54,10,26,0,0.0,0.0,0.0,0,8,0,0,9
54b4dc4e,576,766,9922,3275,277,317,217,262,63,144,3,1.9,3.2,1.1,20,51,10,4,62
ed79b7d3,181,381,2502,932,107,180,57,109,6,25,2,2.7,2.3,-0.7,21,20,14,5,35
7bf9400b,127,152,2537,896,39,41,71,77,15,30,0,0.0,0.0,0.0,0,5,0,0,5
aeed5c06,481,644,7279,1661,271,329,149,193,37,68,3,5.0,4.1,-2.0,38,31,34,12,63
fc62f087,296,345,5556,2367,117,126,146,161,31,52,0,0.1,0.3,-0.1,1,22,4,0,22
d82a310a,2,2,15,0,2,2,0,0,0,0,0,0.0,0.0,0.0,0,0,0,0,0
8779ddf8,39,76,487,111,27,40,7,20,2,5,0,0.3,0.5,-0.3,4,4,0,0,5
95bb6ddc,243,340,3625,1214,144,178,80,108,12,34,1,1.4,1.1,-0.4,8,19,6,1,28
4ccd8957,29,50,483,73,14,23,13,19,2,4,0,0.2,0.3,-0.2,3,1,1,0,4
d01bbb6f,309,430,4580,1207,187,230,87,116,19,29,3,2.1,3.2,0.9,18,26,21,4,47
f67c9d29,407,514,7205,2501,170,193,198,237,31,62,1,0.1,0.5,0.9,2,38,2,0,43
cc83b74d,40,54,499,71,22,27,12,17,1,1,0,0.4,0.2,-0.4,3,1,3,0,4
7f73bdf4,55,78,1033,251,20,29,28,37,6,9,0,0.0,0.1,0.0,0,1,2,0,5
9a2e3a23,50,82,629,112,25,43,19,25,0,2,0,0.2,0.2,-0.2,4,3,3,1,5
809940aa,225,347,3403,1088,116,161,73,106,15,31,3,1.7,1.2,1.3,12,24,12,5,34
638a4d71,387,621,6449,1707,194,247,118,197,46,117,5,3.7,4.6,1.3,39,23,14,5,34
79ca3e23,208,279,3598,866,97,115,82,101,20,37,0,0.7,0.8,-0.7,8,28,5,1,40
beb882a8,429,560,6514,2042,232,277,151,179,23,38,2,0.9,1.2,1.1,14,58,11,1,59
2f7fec15,42,73,574,201,29,39,11,16,1,5,0,0.4,0.8,-0.4,4,3,3,0,7
76b2817e,15,24,275,142,8,10,3,6,4,6,0,0.0,0.0,0.0,0,1,1,0,2
e7f3e8a7,210,265,3133,683,118,139,63,77,19,24,3,1.1,0.8,1.9,8,26,9,0,36
48035304,1251,1352,23117,7240,448,478,680,703,108,140,0,0.3,0.4,-0.3,5,33,0,0,54
c149016b,671,873,12198,3655,276,340,304,366,78,116,2,2.1,2.1,-0.1,25,80,17,0,95
554bcc91,186,278,3561,1548,82,101,72,99,29,57,2,1.5,1.3,0.5,15,32,6,1,37
1e43fad8,158,212,4795,3761,20,21,78,78,59,112,0,0.0,0.0,0.0,0,6,0,0,0
677da306,362,496,7044,2305,121,147,202,243,35,84,1,0.2,0.3,0.8,2,24,2,0,36
3bb625ac,504,689,10566,3860,183,203,218,268,94,186,2,0.7,1.2,1.3,8,40,9,3,39
79f7302a,95,120,1435,823,54,59,35,46,4,9,0,0.0,0.0,0.0,0,7,0,0,9
a92ab7be,663,919,22016,16375,58,60,312,317,292,535,0,0.1,0.2,-0.1,2,39,3,0,0
9642c929,129,185,2170,656,64,82,50,63,11,25,0,0.0,0.1,0.0,1,13,0,0,12
9a2e0ccc,284,344,3928,1046,179,203,79,91,12,20,3,1.3,1.0,1.7,9,37,11,0,43
76fa965f,275,373,4349,1519,151,173,89,119,26,50,5,1.9,1.7,3.1,14,33,11,4,41
a9142dc3,61,76,860,177,40,45,18,22,1,4,0,0.0,0.0,0.0,2,1,1,0,5
626fab5f,33,64,404,291,22,27,9,19,0,10,0,0.0,0.1,0.0,1,2,1,0,3
697dc00a,61,79,929,258,33,36,21,27,4,7,1,0.1,0.1,0.9,2,6,1,0,4
33182cb8,60,110,815,275,34,63,18,26,2,3,2,1.0,0.5,1.0,6,9,3,1,14
f86ad3f5,978,1195,21152,7725,308,330,470,533,184,296,0,0.5,1.3,-0.5,8,87,13,5,83
b77f44a4,630,740,11849,3795,225,241,351,377,50,104,0,0.4,0.6,-0.4,4,16,0,0,30
74f2e748,626,801,8167,2710,434,496,152,200,18,41,4,4.5,4.0,-0.5,27,28,20,7,47
0cf778df,361,478,5947,1388,186,216,136,167,30,60,0,2.8,2.1,-2.8,18,30,13,1,59
4b96c347,188,238,2496,683,123,139,48,69,6,15,1,0.8,0.4,0.2,8,13,10,1,29
4f16405e,414,666,6523,1512,233,321,115,191,44,69,3,2.4,2.4,0.6,25,38,20,1,67
f27680d9,389,583,8094,3389,142,173,161,233,82,152,0,0.5,0.7,-0.5,9,46,14,9,47
6c731625,43,78,552,157,30,46,12,22,0,4,0,0.5,0.2,-0.5,5,7,5,0,10
37f606f0,470,564,8686,2988,197,214,202,228,58,88,2,2.0,1.8,0.0,27,49,8,0,75
62ab9184,294,400,4807,1549,160,190,106,138,22,40,1,0.8,1.3,0.2,12,38,6,1,53
7242b495,413,615,7771,2891,189,229,156,231,63,120,2,1.5,1.8,0.5,20,30,19,10,40
17376543,643,882,19090,13503,99,101,312,319,231,460,0,0.0,0.1,0.0,0,20,1,0,0
f521b80a,1013,1233,20685,7839,291,336,583,652,132,219,1,0.6,1.1,0.4,7,88,8,1,90
88e357ef,476,595,6745,1804,307,353,134,162,26,45,4,3.1,3.4,0.9,21,30,25,4,60
83b9c48f,31,39,488,138,14,17,12,12,3,6,0,0.1,0.0,-0.1,2,0,0,0,3
cc86b9a3,546,662,7903,2577,305,340,182,220,28,46,1,1.6,1.7,-0.6,15,50,13,0,75
9efa1d25,737,973,10683,3081,420,489,235,297,40,87,1,4.2,4.2,-3.2,27,62,24,6,95
1025db8e,645,961,14287,5943,193,251,339,404,107,267,1,1.9,1.2,-0.9,9,67,13,1,59
b8e740fb,157,184,2305,539,91,100,52,60,7,11,0,0.3,0.4,-0.3,4,15,5,0,19
8e235926,221,401,2817,880,132,206,58,112,10,21,3,2.0,2.4,1.0,19,22,15,1,45
f9dfb7ae,100,125,2128,676,22,25,65,73,12,25,0,0.0,0.1,0.0,0,4,1,0,7
54e4866f,625,854,11108,3463,291,342,239,301,76,162,4,4.7,5.1,-0.7,39,53,36,3,92
37998008,121,173,3837,3067,18,18,57,58,46,96,0,0.0,0.0,0.0,0,8,0,0,0
14a7af33,460,564,7017,2036,249,284,162,202,29,37,0,0.3,0.5,-0.3,4,43,5,2,40
ae9b998d,2,4,49,17,1,3,0,0,1,1,0,0.1,0.0,-0.1,1,0,1,1,0
1fc4f3d1,460,533,7582,2068,221,244,199,220,33,50,0,0.2,0.9,-0.2,5,36,9,2,44
f2dd9a21,199,276,4090,1319,63,80,88,110,40,70,0,0.3,0.4,-0.3,6,25,6,0,29
048a1cbc,937,1125,13384,5196,566,621,290,346,41,85,6,3.4,4.2,2.6,29,92,26,5,115
e6c43eec,196,252,3870,1197,72,91,93,117,30,37,0,0.4,0.8,-0.4,4,21,5,0,19
923f4dda,184,268,2576,419,112,139,53,74,8,19,0,0.8,0.5,-0.8,11,9,4,0,19
bcb2ccd8,189,215,4257,2285,44,44,112,112,33,59,0,0.0,0.0,0.0,0,3,0,0,0
25ab9c9c,74,88,1424,379,27,30,39,40,8,16,0,0.0,0.0,0.0,0,5,0,0,5
1df0c0b9,403,622,7001,2904,185,238,169,248,39,101,1,0.6,0.8,0.4,7,23,7,4,42
8593f88c,674,943,11408,3975,321,372,244,335,66,156,3,4.2,3.9,-1.2,44,34,26,19,52
5ad50391,1203,1360,24043,8678,369,399,689,730,138,208,0,0.4,0.6,-0.4,7,73,7,1,80
70dcf94d,279,404,4198,1122,153,195,89,130,17,28,1,1.0,0.8,0.0,13,30,8,2,39
a5ec3ede,426,580,9059,4734,142,169,191,235,86,147,0,0.1,0.8,-0.1,4,35,4,1,52
cd82452e,33,83,542,216,15,25,13,26,2,17,0,0.0,0.0,0.0,1,7,1,0,8
92432bc6,356,431,6010,1907,168,198,149,168,32,48,1,0.8,0.8,0.2,5,40,8,0,37
ba115a40,70,101,850,155,45,58,18,27,2,5,1,1.3,1.0,-0.3,7,3,2,0,5
8ff2354e,661,824,11201,3704,312,346,300,357,41,79,1,0.7,0.8,0.3,8,37,10,3,43
2e77d607,156,246,3137,1407,58,78,73,102,24,60,1,0.0,0.2,1.0,1,20,3,0,16
f24ea523,110,135,1710,460,59,68,37,41,8,11,1,0.3,0.2,0.7,6,16,1,1,15
f24ea523,119,159,1900,486,51,65,47,58,10,14,0,0.3,0.4,-0.3,7,15,3,0,17
9ab16552,342,389,6647,2174,103,113,209,224,28,44,0,0.4,0.1,-0.4,1,11,1,0,15
50871bcc,235,324,3790,1328,121,151,92,118,18,41,0,0.9,0.9,-0.9,11,17,7,1,28
c2009df3,829,1126,15500,5369,359,409,342,428,115,226,1,2.7,2.8,-1.7,23,53,12,8,86
699fb8db,103,118,2075,603,36,39,52,54,14,24,0,0.0,0.0,0.0,0,5,1,0,7
0a89e877,712,953,11868,3832,369,422,278,348,53,119,1,1.0,2.5,0.0,12,59,15,5,64
c3ee18ef,337,377,6346,2535,133,140,153,170,43,51,0,0.2,0.1,-0.2,1,29,2,0,34
dfb6490a,64,92,969,376,34,37,24,34,3,11,0,0.4,0.6,-0.4,3,7,3,1,6
0c7a48f8,906,1098,15082,4860,443,479,396,457,59,121,0,0.7,0.5,-0.7,5,35,5,3,50
5521f419,191,258,2765,822,118,142,48,64,16,25,3,2.5,1.3,0.5,17,17,5,0,28
5d8e331f,750,891,12503,3424,319,358,342,392,53,78,1,0.9,0.5,0.1,4,58,4,0,68
2903a856,685,930,11890,3732,327,373,239,306,83,164,7,7.0,6.1,0.0,62,37,25,5,63
877bc844,275,478,3658,849,181,280,76,147,8,13,1,1.7,2.1,-0.7,15,22,10,0,40
ca618d23,128,203,1788,377,66,96,45,64,5,10,0,0.7,0.7,-0.7,4,9,5,1,15
2979c05a,142,244,1784,487,95,122,33,59,5,22,1,0.8,0.8,0.2,10,4,8,4,8
2b83fa49,15,19,211,120,6,7,6,7,0,0,0,0.0,0.0,0.0,0,0,0,0,0
ad3389d5,528,721,13694,9954,118,121,249,253,158,344,0,0.0,0.0,0.0,0,6,1,0,0
94302c52,806,977,17061,5964,186,209,518,574,97,174,0,0.1,0.5,-0.1,2,35,2,0,46
15f3ec41,202,242,3371,760,111,125,67,77,21,29,1,0.8,0.9,0.2,13,18,7,1,30
05d548d8,862,986,18670,5980,233,260,460,485,158,212,0,0.6,0.5,-0.6,4,50,3,1,64
b116c6e3,171,221,2432,602,99,112,55,67,9,16,1,0.3,0.5,0.7,4,22,3,0,25
054849d2,318,532,5759,3128,126,160,150,245,35,88,1,0.9,1.5,0.1,8,27,11,4,43
f5c4fd91,7,8,120,9,4,4,2,3,1,1,0,0.1,0.0,-0.1,1,0,0,0,0
271b8617,124,194,1686,364,74,107,39,57,4,8,0,0.2,0.2,-0.2,4,8,3,0,18
97d545ae,817,888,14812,5145,290,302,480,509,44,64,2,0.2,0.3,1.8,3,35,4,0,30
204dded0,1056,1296,23108,8385,302,345,569,632,174,286,1,1.5,1.9,-0.5,16,88,7,1,103
8bf58a80,9,11,100,42,7,7,1,1,0,0,0,0.0,0.0,0.0,0,2,0,0,2
34b0387f,389,537,5911,1404,210,258,133,178,27,50,3,1.8,2.3,1.2,17,37,16,3,49
a93b6f4e,358,444,6964,2631,123,134,193,213,37,83,0,0.0,0.6,0.0,0,34,3,1,24
a8ee54ad,561,743,9756,4116,238,281,272,325,41,97,0,0.7,0.8,-0.7,6,32,5,1,48
fa4cabd1,70,91,1737,1105,13,13,41,41,16,37,0,0.0,0.0,0.0,0,2,0,0,0
689c9cf4,199,291,3448,967,95,126,81,112,21,42,0,0.1,0.2,-0.1,1,16,3,0,17
34b54da7,57,64,1031,282,18,19,33,36,5,8,0,0.0,0.0,0.0,0,0,0,0,1
3eeb80e0,140,259,2660,981,64,89,48,88,23,54,1,1.4,1.6,-0.4,13,20,11,2,23
ee644761,183,235,4032,1561,51,61,107,118,25,53,0,0.0,0.0,0.0,0,10,0,0,7
f36c432f,98,158,1720,672,49,79,35,51,11,14,2,0.8,0.3,1.2,8,19,5,1,20
de838f86,758,971,11973,3780,398,447,287,357,49,101,4,1.2,1.3,2.8,16,39,15,7,46
0a084b35,62,92,1027,458,29,33,23,33,7,15,1,0.1,0.1,0.9,1,3,1,1,3
2d61d13a,843,1005,15922,4909,309,347,454,508,74,117,2,1.3,1.0,0.7,4,48,2,0,56
79c90e45,373,529,5939,2268,194,232,157,209,17,60,0,1.0,2.2,-1.0,10,19,15,14,29
94c18565,432,725,8477,3797,165,195,182,271,75,193,6,5.5,5.5,0.5,38,50,33,9,103
15f24fe7,40,63,689,172,19,30,14,22,4,5,3,0.6,0.3,2.4,6,3,0,0,4
091c86e2,231,324,3836,1117,111,142,98,125,15,31,3,1.1,0.7,1.9,9,30,5,1,34
15b287da,669,823,11030,3316,334,374,267,310,51,92,4,1.9,2.2,2.1,20,79,12,3,87
202b3b68,236,330,3304,1086,138,169,74,99,9,22,2,1.6,1.9,0.4,15,16,19,3,46
463503e2,13,17,250,121,6,6,3,4,3,6,0,0.0,0.0,0.0,0,0,0,0,0
b825a650,514,571,8687,2188,237,259,225,240,39,46,1,0.5,0.7,0.5,4,44,6,1,48
b4c816a9,130,209,1617,216,77,114,35,62,4,6,0,1.2,0.9,-1.2,19,6,4,1,10
8f0f2230,54,86,661,189,37,52,15,22,0,0,0,0.1,0.3,-0.1,2,4,3,0,8
5762be5c,549,646,9519,2728,241,275,252,281,44,62,1,0.5,0.5,0.5,12,43,4,0,43
778ccc44,14,17,175,38,8,9,3,3,1,1,0,0.1,0.0,-0.1,1,2,1,1,2
de4cac2d,207,283,3161,802,111,139,75,94,11,20,2,1.2,1.8,0.8,13,14,12,3,30
d2c580ce,149,185,2599,516,70,76,61,79,16,23,2,0.1,0.2,1.9,3,15,2,0,20
815c314f,742,957,14142,5944,278,317,379,449,76,148,0,0.2,0.5,-0.2,4,45,5,0,59
099e666f,658,899,12168,5804,265,317,306,390,71,141,1,1.1,1.2,-0.1,11,66,7,5,73
59e4b92e,491,658,7968,1890,231,277,210,265,33,72,0,0.3,0.4,-0.3,5,42,4,1,46
610aa1e9,578,673,11467,3267,142,162,376,396,55,99,0,0.1,0.2,-0.1,2,36,0,0,48
49296448,1474,1746,27481,9000,621,661,628,704,198,324,4,3.7,5.4,0.3,46,184,44,2,203
ca8033cb,259,301,4899,1465,90,101,146,157,21,36,0,0.0,0.1,0.0,0,10,2,0,13
19a967ab,339,518,5177,2233,177,227,135,201,19,43,1,1.3,1.5,-0.3,4,21,10,4,29
6bd5cd5d,872,1093,18640,7190,234,265,494,550,138,242,0,0.1,0.2,-0.1,2,56,1,0,55
cd59b9df,588,727,15123,9116,105,105,315,319,165,298,0,0.0,0.0,0.0,0,8,0,0,0
0fbecd11,572,792,9400,3256,277,337,231,305,41,98,0,0.5,0.8,-0.5,11,75,10,0,97
c0b3669f,257,409,3399,753,152,225,75,112,11,20,10,3.4,2.7,6.6,22,17,16,2,37
ab096c6f,14,17,289,157,8,8,3,5,3,4,0,0.0,0.0,0.0,0,4,0,0,0
86574238,862,1008,13639,4451,447,495,344,381,51,77,1,1.0,1.0,0.0,14,102,12,0,127
1f3afdcb,450,540,7353,2548,206,232,207,232,27,48,1,0.1,0.5,0.9,3,34,2,1,37
b1cd37e6,23,40,469,260,8,11,12,16,3,11,0,0.1,0.1,-0.1,1,1,1,0,4
dc366c36,108,166,4145,3368,7,7,47,47,54,112,0,0.0,0.0,0.0,0,10,0,0,0
f1e855eb,52,85,950,298,27,36,17,31,8,12,0,0.3,0.4,-0.3,4,3,3,2,10
e717705a,291,440,5131,1729,114,166,134,170,27,61,0,0.2,0.6,-0.2,4,32,3,1,45
603cb947,509,643,7796,1563,286,323,158,198,40,60,3,1.3,1.8,1.7,23,58,18,3,68
496aeede,797,969,11555,3448,453,505,264,315,37,61,0,1.7,1.5,-1.7,13,46,11,2,66
9f77012e,425,585,6490,2104,216,278,169,204,23,47,0,0.3,0.7,-0.3,5,35,7,0,60
f9446dcd,90,121,1644,240,36,49,42,48,9,12,0,0.1,0.2,-0.1,3,4,3,1,7
2a29eb9b,325,471,5653,1600,147,180,125,178,38,82,0,0.1,0.2,-0.1,2,33,3,0,26
9ceb7642,82,149,1399,522,38,51,35,59,8,34,0,0.1,0.1,-0.1,2,11,2,1,13
f1bc3876,1,1,12,0,1,1,0,0,0,0,0,0.0,0.0,0.0,0,0,0,0,0
2770726a,139,182,1649,285,97,118,26,35,4,8,0,0.3,0.8,-0.3,3,3,3,1,11
277c49ed,631,733,13277,5105,152,171,394,420,79,127,0,0.1,0.1,-0.1,1,37,0,0,47
22798128,74,100,1299,398,33,39,34,42,6,11,0,0.2,0.2,-0.2,1,11,6,1,11
c1b7847c,250,331,3836,1262,136,159,89,109,16,33,0,1.5,0.9,-1.5,9,23,7,1,41
4aea5077,213,264,3320,1093,115,131,80,99,13,21,0,0.2,0.3,-0.2,1,15,2,0,15
591477c9,163,240,3268,1379,51,61,97,124,15,52,0,0.1,0.3,-0.1,1,11,2,0,27
72984eee,87,117,1236,400,49,58,27,33,4,10,0,0.5,0.6,-0.5,4,7,5,0,12
33b554b7,173,220,2927,749,76,84,81,98,11,21,0,0.0,0.2,0.0,1,12,4,2,22
c4987edc,740,943,15288,5787,225,266,401,469,106,179,1,0.4,0.5,0.6,4,70,2,0,82
7e12a98d,249,328,4691,1687,105,127,114,142,27,50,0,0.0,0.1,0.0,1,16,1,0,25
792ffa71,21,38,299,119,13,17,5,11,2,3,0,1.1,1.1,-1.1,3,4,2,0,5
bbd86530,289,390,5231,2112,130,149,111,141,39,77,2,1.4,1.8,0.6,14,22,12,7,28
13fe7b69,22,29,335,40,10,13,6,9,3,3,1,0.2,0.2,0.8,1,0,1,1,2
302527b2,1094,1284,23961,6849,255,292,671,724,162,244,0,0.3,0.4,-0.3,3,56,2,0,65
d6e53a3a,1096,1201,21540,7353,328,349,670,709,93,122,0,0.1,0.4,-0.1,4,90,5,1,78
37dc1a48,277,442,3696,1030,175,231,70,112,14,38,2,2.8,3.3,-0.8,18,14,15,3,27
c455a2b2,242,326,4013,1140,123,149,87,110,25,38,0,1.0,1.1,-1.0,15,22,10,2,34
07c7eb0c,476,696,8090,2592,217,291,202,281,41,81,2,0.7,0.6,1.3,8,40,4,2,66
0c61c77c,280,417,4377,973,158,213,69,102,34,57,1,2.7,3.4,-1.7,15,11,16,5,25
8a6ab963,35,44,880,696,9,9,17,19,9,16,0,0.0,0.0,0.0,0,1,0,0,0
ab700320,285,414,4904,1649,139,175,106,140,31,58,0,0.9,1.2,-0.9,17,30,10,0,44
e5d85da8,269,398,4119,1035,147,182,94,129,17,42,5,3.9,3.1,1.1,24,21,14,6,38
864163f3,220,303,3163,791,121,144,66,91,16,34,1,1.8,2.3,-0.8,16,18,10,4,21
c691bfe2,210,287,3090,879,129,157,65,81,11,17,3,2.5,2.0,0.5,15,10,22,3,31
706a60e1,8,15,129,30,4,7,3,6,1,1,0,0.2,0.5,-0.2,1,1,0,0,0
0e0102eb,188,287,2866,719,108,151,57,81,17,29,1,0.5,1.1,0.5,6,21,10,1,38
92a16062,403,513,6704,1485,171,205,194,230,25,47,0,0.4,0.5,-0.4,3,25,5,2,34
2f3e911a,615,814,10087,4044,318,345,223,283,57,138,3,2.4,2.9,0.6,23,60,25,15,71
a396fb61,380,471,7429,2615,126,144,209,236,40,77,0,0.5,0.5,-0.5,7,27,1,0,37
ab3f1bdf,360,470,6957,2378,120,139,205,244,31,67,0,0.1,0.2,-0.1,1,14,2,1,18
00963611,847,1025,18530,6933,252,298,430,471,163,230,1,1.0,0.8,0.0,10,61,11,2,77
826e8b63,158,215,2518,939,85,98,59,80,13,31,0,0.4,0.9,-0.4,4,9,6,3,10
0e6bc38c,199,261,2563,724,123,149,48,59,7,12,2,1.7,2.0,0.3,14,21,10,1,37
b74277a0,383,443,5450,1974,233,260,132,149,10,19,3,0.8,0.7,2.2,10,27,6,2,42
e162b013,318,429,5561,2066,145,172,127,167,34,58,0,0.6,0.8,-0.6,6,27,11,5,30
b56dd813,175,196,4158,2540,36,37,94,94,45,63,0,0.0,0.0,0.0,0,0,0,0,0
1e274a0a,66,125,883,206,42,62,12,22,5,15,0,0.7,0.2,-0.7,3,3,4,2,6
f76022e7,124,156,1773,474,65,75,46,56,5,11,0,0.4,1.0,-0.4,5,10,6,0,14
88d4144a,231,340,3401,1629,138,156,74,117,13,49,0,0.7,0.8,-0.7,8,18,5,3,24
34e4343c,64,111,801,157,35,53,19,38,1,3,1,1.1,0.4,-0.1,7,4,4,1,7
9ec9c8b6,265,435,5562,2542,94,116,113,163,51,124,2,0.8,1.3,1.2,15,21,8,3,24
29ddfb9c,3,6,52,24,1,1,2,3,0,1,0,0.0,0.0,0.0,0,0,0,0,0
7e82a78f,113,152,1664,410,59,71,39,45,5,15,0,0.4,0.5,-0.4,4,12,2,1,14
6ce43701,115,163,1492,253,62,77,33,42,5,8,3,0.9,0.6,2.1,8,6,5,0,10
cbac6ec9,597,733,15453,10711,130,131,299,304,164,292,0,0.1,0.1,-0.1,2,7,1,0,2
3c6089ab,358,468,4930,1496,196,230,126,161,11,27,6,4.3,4.4,1.7,23,19,21,1,55
2c0558b8,563,683,7770,1642,334,383,181,204,17,30,7,4.7,3.2,2.3,35,40,23,1,77
9ff8ec4a,10,19,137,57,6,10,3,7,0,0,0,0.0,0.0,0.0,0,1,1,0,2
441197b8,1045,1216,17893,7136,454,491,506,562,69,129,0,0.0,0.2,0.0,1,28,3,0,55
e110ea4b,81,110,1063,330,52,62,18,26,4,7,0,0.2,0.3,-0.2,2,1,4,3,6
61590953,559,682,10327,4330,226,255,260,299,61,107,0,0.3,0.4,-0.3,3,55,3,0,58
30261ba1,165,205,2688,1011,86,97,65,78,11,23,0,0.2,0.2,-0.2,3,15,4,1,16
e79269bd,98,128,1418,413,56,62,36,47,3,12,2,0.9,0.8,1.1,2,2,0,0,3
8778c910,449,504,10571,7280,96,96,234,238,118,169,0,0.0,0.0,0.0,0,1,0,0,1
36a59ba4,190,248,2963,1012,102,116,66,88,13,23,0,1.7,1.0,-1.7,8,22,7,1,33
bc249af8,22,36,209,50,15,19,3,7,0,2,0,0.2,0.1,-0.2,2,1,2,0,3
d6862409,118,200,1833,417,57,89,47,67,5,16,1,0.4,0.7,0.6,5,13,6,0,18
d6862409,38,58,558,87,22,26,13,19,2,4,0,0.1,0.3,-0.1,2,5,1,0,6
a45241d5,0,2,0,0,0,0,0,0,0,0,0,0.0,0.0,0.0,0,0,0,0,0
7c56da38,370,460,5677,1461,214,246,99,116,37,56,1,2.5,2.6,-1.5,30,26,24,2,59
0cc5f4a5,127,191,1852,293,67,89,40,59,9,11,0,0.3,0.3,-0.3,5,17,4,0,15
5458f670,77,108,1064,275,48,53,23,33,2,7,0,0.0,0.1,0.0,2,1,0,0,4
bdedffac,27,30,779,469,6,6,11,11,10,13,0,0.0,0.0,0.0,0,2,0,0,0
57ec75bf,39,51,738,268,14,16,18,19,6,12,0,0.0,0.0,0.0,0,1,0,0,0
dd2e62da,6,7,82,24,2,2,2,2,0,0,0,0.1,0.2,-0.1,1,0,1,0,1
86adbcc7,66,88,1145,234,31,38,26,32,6,10,0,0.1,0.1,-0.1,2,5,1,1,7
ae44e8e2,264,351,3811,1148,140,165,87,112,16,30,4,2.6,3.3,1.4,21,21,18,1,42
c631f952,283,343,6867,4507,68,69,146,149,69,125,0,0.1,0.0,-0.1,1,2,0,0,0
f26834c7,259,456,3818,770,141,226,88,137,11,24,1,2.3,2.9,-1.3,27,21,16,4,36
20030c06,1421,1607,28644,10120,388,423,859,914,167,239,0,0.2,0.3,-0.2,3,83,0,0,85
86c75897,445,599,8948,2972,121,163,269,321,47,96,0,0.3,0.4,-0.3,3,16,3,0,34
0a16eb36,120,170,1813,724,66,80,40,57,10,18,0,0.2,0.5,-0.2,4,9,5,1,16
9662c9ec,105,154,1366,412,66,84,28,40,4,10,0,0.2,0.3,-0.2,3,5,4,1,10
1cbe4984,654,894,11830,4673,284,337,308,388,56,131,5,1.9,2.4,3.1,14,54,20,12,77
36d9dabe,280,464,5417,2974,111,140,128,179,36,110,1,1.2,1.7,-0.2,17,21,14,6,40
8b6e0db2,28,52,638,273,2,5,22,31,3,14,0,0.1,0.1,-0.1,1,2,1,0,4
15413fa5,696,798,11102,3055,344,380,257,296,58,74,1,0.4,0.4,0.6,7,58,5,1,61
66385c46,1,1,18,15,0,0,1,1,0,0,1,0.2,0.1,0.8,1,0,1,0,1
e82adcab,569,660,8677,2603,287,324,227,249,27,39,1,0.9,1.2,0.1,10,49,9,1,60
5dc15574,41,62,604,218,23,28,13,22,3,7,0,0.0,0.2,0.0,0,2,2,1,4
13d23b29,17,19,348,123,5,5,10,12,2,2,0,0.0,0.0,0.0,0,1,0,0,1
5c50fdbc,81,108,1210,389,43,53,27,32,6,11,1,1.1,0.7,-0.1,6,7,9,2,14
1866b0f1,6,7,69,32,4,4,2,3,0,0,0,0.0,0.0,0.0,0,2,0,0,3
5c899683,21,28,459,191,7,9,10,11,4,7,0,0.0,0.0,0.0,1,1,1,1,4
53070b63,23,28,279,86,16,19,5,6,0,0,0,0.0,0.0,0.0,0,1,0,0,4
45a03961,1338,1530,23086,8654,581,633,631,699,99,148,1,2.2,2.5,-1.2,15,106,17,7,124
0a1cb833,563,784,17481,13228,92,93,240,243,230,442,0,0.0,0.1,0.0,0,10,0,0,0
5154b2ba,115,161,2084,969,45,54,55,73,12,23,0,0.1,0.0,-0.1,2,6,1,0,10
582a5247,274,404,4513,1549,131,159,113,171,20,43,0,0.4,0.4,-0.4,6,14,8,4,25
b684a484,121,225,1461,433,78,117,25,59,5,13,4,1.1,0.8,2.9,14,13,8,0,21
c18d22f5,28,38,455,179,14,16,13,17,1,4,0,0.0,0.0,0.0,0,0,0,0,3
3b61c9ec,292,431,5244,2035,140,164,106,137,38,90,0,0.8,0.9,-0.8,8,16,4,2,22
a2b1ed42,18,27,223,7,10,15,6,7,0,0,0,0.1,0.0,-0.1,2,0,0,0,1
ff3d391c,33,52,467,143,21,28,7,12,3,5,0,0.6,0.4,-0.6,1,4,2,1,4
f93e6e94,22,47,252,25,14,22,4,13,2,5,0,0.0,0.0,0.0,1,0,1,0,2
f503ef6e,18,34,295,96,9,16,5,9,3,6,0,0.0,0.1,0.0,0,3,0,0,2
83e1f40e,122,191,1887,475,67,94,39,62,10,15,0,1.0,1.1,-1.0,12,8,5,1,19
061e8e23,27,42,427,64,17,19,7,9,2,9,0,0.0,0.1,0.0,1,1,1,0,1
061e8e23,12,15,221,24,3,6,7,7,1,1,0,0.0,0.0,0.0,0,0,1,0,2
526ea7cc,743,943,14910,5250,232,274,399,458,105,183,1,0.2,0.6,0.8,2,52,7,3,60
f7aa75bd,547,811,9439,4704,264,294,212,303,58,175,2,2.8,3.3,-0.8,25,26,6,4,63
bc6bd723,372,541,5770,2168,201,242,109,162,35,67,8,3.0,4.2,5.0,28,51,25,5,70
ea003d07,0,1,0,0,0,0,0,0,0,1,0,0.0,0.0,0.0,0,0,0,0,0
3745e8bd,63,116,830,187,37,59,19,33,1,4,2,0.4,0.4,1.6,5,3,3,0,6
7f609bfc,8,12,163,27,1,3,6,6,1,2,0,0.0,0.0,0.0,0,0,0,0,0
d2416c2e,41,77,441,87,20,34,9,24,2,5,0,0.7,1.0,-0.7,4,3,1,0,4
924f9191,273,347,4286,961,148,172,99,116,18,33,1,1.1,0.7,-0.1,8,19,3,1,27
c68b1b13,22,36,367,71,12,15,8,12,2,7,0,0.0,0.0,0.0,1,0,0,0,2
3c200e05,0,2,0,0,0,0,0,2,0,0,0,0.0,0.0,0.0,0,0,0,0,0
b90c4a43,21,25,501,271,5,5,12,12,4,8,0,0.0,0.0,0.0,0,0,0,0,0
c8b3a472,47,59,905,278,20,24,17,21,8,11,0,0.0,0.0,0.0,0,3,1,0,5
7d450ed3,625,846,10435,3272,320,358,232,297,58,138,1,2.9,2.9,-1.9,23,33,17,11,45
cc971106,2,2,30,0,1,1,1,1,0,0,0,0.0,0.0,0.0,0,0,0,0,0
36a3ff67,261,339,3333,849,150,183,83,97,6,19,4,1.8,0.8,2.2,15,16,5,0,26
1ae836b1,398,611,7211,2511,161,219,184,255,42,92,0,0.6,0.5,-0.6,8,54,9,1,68
7fa4e703,174,225,2509,653,102,120,51,69,8,14,0,1.0,1.6,-1.0,8,8,11,2,20
f972644c,277,437,4790,1792,130,159,96,147,35,79,3,1.7,1.5,1.3,12,18,16,4,43
9f941969,688,1139,27227,23918,60,61,184,189,444,878,0,0.1,0.6,-0.1,2,89,6,1,15
e12b0b5b,404,484,6411,2031,207,230,159,183,28,45,1,0.7,1.0,0.3,8,53,6,0,54
ea42c03f,298,396,6196,2560,74,100,181,212,38,70,1,0.1,0.1,0.9,1,9,0,0,16
90c1f9a4,9,11,154,18,3,4,6,6,0,1,0,0.0,0.0,0.0,0,0,0,0,0
13203c45,3,7,40,5,2,3,1,3,0,0,0,0.0,0.0,0.0,1,0,0,0,0
13203c45,88,131,1267,490,53,67,32,44,1,9,0,0.0,0.1,0.0,0,6,1,1,7
80f36c88,201,273,3748,1291,83,99,81,98,30,53,1,0.4,1.0,0.6,7,21,4,3,26
c64c01fc,95,158,1518,455,50,74,30,51,10,12,2,2.3,3.2,-0.3,10,11,9,0,25
009a4f60,350,501,5692,2097,183,215,121,167,33,81,0,0.5,1.7,-0.5,8,22,12,8,32
009a4f60,260,333,4023,1435,135,158,96,120,19,30,0,0.7,0.8,-0.7,5,19,4,4,22
a70b8345,540,770,16393,12883,88,88,263,263,188,416,0,0.0,0.1,0.0,1,34,2,0,0
e280527c,402,466,6205,1668,210,230,159,181,19,32,1,0.4,0.6,0.6,6,36,5,0,52
e1830c52,0,0,0,0,0,0,0,0,0,0,0,0.0,0.0,0.0,0,0,0,0,0
bf075f6b,132,180,1856,401,78,93,37,52,7,15,0,0.5,0.3,-0.5,8,8,6,3,11
08593525,17,20,252,66,6,7,10,11,0,1,0,0.0,0.0,0.0,0,2,0,0,1
2b114be3,590,724,8006,2090,361,419,176,206,25,43,3,2.7,3.4,0.3,21,39,29,0,87
6a52a6c6,7,7,103,6,1,1,3,3,1,1,0,0.0,0.0,0.0,0,0,0,0,0
236f02cd,675,852,10576,3112,356,403,268,315,41,83,0,1.0,1.8,-1.0,8,24,12,6,42
52afb588,26,55,326,84,14,25,8,13,0,1,0,0.0,0.5,0.0,0,5,1,0,3
049751d7,165,225,2541,542,86,104,66,81,7,21,0,0.2,0.6,-0.2,3,21,2,1,22
93cba339,18,26,198,36,8,11,6,10,0,0,0,0.1,0.0,-0.1,1,0,0,0,1
5d4f7d61,170,248,2081,425,106,151,46,68,3,5,0,0.5,0.4,-0.5,9,3,7,1,11
bd527260,211,345,3893,1561,83,106,100,151,23,57,0,0.3,0.4,-0.3,4,21,7,2,32
8f056768,683,823,12012,3611,329,364,284,326,68,97,1,0.7,1.0,0.3,7,69,8,1,62
f6bdc830,6,6,87,17,3,3,3,3,0,0,0,0.0,0.0,0.0,0,0,0,0,0
f6bdc830,137,203,2945,1077,41,59,75,100,20,40,0,0.3,0.1,-0.3,3,11,1,0,13
34e12499,1381,1611,27478,9566,493,534,699,758,178,280,4,1.2,1.1,2.8,12,120,9,0,140
220ace7e,396,529,5913,2058,220,273,126,153,31,51,2,0.9,1.6,1.1,13,40,15,2,53
b9ae8560,278,374,5340,1494,126,148,97,126,50,74,0,0.6,0.9,-0.6,7,35,12,3,32
ad00b1a8,563,916,10041,5338,246,304,250,397,59,153,0,1.8,2.1,-1.8,12,62,25,12,81
87436846,736,914,18985,11783,107,108,447,454,182,349,0,0.0,0.0,0.0,0,12,1,0,0
0d55d942,425,637,14134,11413,70,71,175,178,178,383,0,0.1,0.1,-0.1,1,23,1,0,0
8872ed17,171,245,2908,833,73,92,77,101,14,35,3,2.0,2.3,1.0,10,15,14,8,32
1238a3f9,41,68,456,160,25,33,9,16,0,1,1,0.9,0.6,0.1,4,5,0,0,5
1238a3f9,22,49,269,35,14,27,7,14,0,0,0,0.0,0.0,0.0,1,0,0,0,1
b3325a30,325,462,5842,1664,148,192,138,177,36,55,1,0.8,0.9,0.2,12,40,7,0,60
313254a3,600,844,11359,4038,242,305,249,346,95,140,2,0.6,1.2,1.4,7,56,6,3,60
3effaa34,275,375,3433,711,188,228,59,83,8,11,3,2.2,2.6,0.8,22,14,10,0,30
fcb27134,567,679,9710,3393,267,286,246,278,45,85,1,0.3,0.4,0.7,2,47,7,1,52
7ec723b7,60,68,1119,317,21,24,36,39,3,5,0,0.0,0.0,0.0,0,5,1,0,10
73000a79,146,192,2284,627,88,99,44,58,12,28,1,0.9,0.3,0.1,4,10,2,1,9
0d8a37c2,119,180,2654,1872,36,36,58,59,24,84,0,0.0,0.0,0.0,0,2,0,0,0
c6cf860f,5,7,59,44,4,4,1,3,0,0,0,0.0,0.0,0.0,0,0,0,0,0
65857fdf,22,36,338,71,11,16,11,14,0,5,0,0.0,0.0,0.0,1,1,1,1,0
65857fdf,43,74,737,219,20,28,17,30,5,8,0,0.4,0.4,-0.4,6,3,2,2,7
c2211709,939,1078,16824,5025,374,417,463,510,87,103,1,1.1,1.2,-0.1,17,74,10,2,107
ff98492b,408,579,7240,2466,186,216,177,244,38,87,2,1.6,1.9,0.4,17,28,18,7,41
c967f6b8,218,272,4007,1782,82,96,118,132,16,34,0,0.0,0.0,0.0,0,8,0,0,15
c05f2f8c,487,662,8550,2944,220,259,203,270,53,97,0,0.2,0.4,-0.2,6,46,8,1,58
4f627629,269,347,5697,1567,58,72,174,191,37,73,0,0.0,0.0,0.0,1,11,1,0,15
420c18a1,243,278,5421,3547,60,60,135,136,48,80,0,0.0,0.0,0.0,0,2,0,0,1
420c18a1,499,609,11448,7432,124,125,280,285,94,196,0,0.0,0.0,0.0,0,5,0,0,0
af0d79a9,598,833,10134,4472,308,348,215,306,62,145,6,4.1,5.9,1.9,41,43,36,23,70
4c6facae,895,1051,15059,4646,398,448,413,459,59,85,0,0.8,0.9,-0.8,12,84,14,1,121
0f59a7bf,375,559,5973,2183,196,257,127,178,34,72,3,2.2,2.7,0.8,21,42,12,1,74
861e0116,207,274,3862,1374,92,102,89,114,24,46,2,0.3,0.3,1.7,4,16,4,3,24
1fffae99,220,335,3275,1078,131,165,72,105,9,27,1,0.7,0.9,0.3,10,18,11,3,32
7ed08d5c,316,350,4955,1416,168,175,122,134,19,29,0,0.0,0.4,0.0,1,23,6,2,43
aad48be9,630,762,12703,5013,193,214,346,393,87,134,0,0.3,0.3,-0.3,3,41,4,0,46
99f7e9aa,170,219,3718,1389,68,75,57,72,44,66,1,0.6,0.6,0.4,8,10,4,2,12
3b1ed320,182,240,2941,800,99,117,61,75,16,26,1,0.5,0.5,0.5,3,13,4,0,20
7cd6badb,360,463,5627,1556,185,222,131,160,24,39,6,3.7,2.5,2.3,23,37,12,0,44
e5649a78,748,1072,13736,5093,344,412,265,366,114,222,1,3.9,4.9,-2.9,46,100,27,6,133
e33c06cf,961,1077,17652,5760,400,428,422,462,116,144,2,1.3,0.9,0.7,10,59,4,1,81
e18098de,261,345,4308,1439,137,162,92,115,22,42,0,0.2,0.4,-0.2,4,33,4,0,30
92d83c27,215,316,3460,1136,99,138,82,106,21,40,4,2.9,2.0,1.1,15,21,12,2,48
934e1968,758,941,12677,3516,406,466,238,283,84,122,8,6.3,6.3,1.7,43,65,30,3,91
e92cd3f7,2,2,21,0,2,2,0,0,0,0,0,0.0,0.0,0.0,0,0,0,0,0
bd142efb,924,1034,17316,6115,333,353,510,548,77,115,0,0.4,0.2,-0.4,5,37,1,0,34
a73c8f95,1293,1514,24333,9506,482,533,669,730,131,218,0,0.9,1.0,-0.9,4,98,5,0,103
27270af4,50,56,757,260,30,33,19,20,1,2,0,0.0,0.1,0.0,0,5,2,1,6
829aa60c,102,125,1470,206,59,67,39,47,3,3,0,0.4,0.2,-0.4,5,5,3,1,8
0b45a8d7,0,0,0,0,0,0,0,0,0,0,0,0.0,0.0,0.0,0,0,0,0,0
863ff1ee,163,245,2285,330,87,115,56,82,7,11,0,1.2,0.8,-1.2,12,11,5,0,14
ff5ea0bf,108,123,2266,690,25,30,72,79,11,14,0,0.0,0.0,0.0,0,4,0,0,3
fd53759d,90,142,1505,332,46,62,34,43,7,17,1,0.1,0.4,0.9,3,7,3,1,6
d1b49282,76,119,1051,340,50,66,22,37,2,7,1,0.3,0.1,0.7,3,9,0,0,8
6f8cd6d0,263,360,3435,619,162,201,75,100,5,10,3,1.9,1.0,1.1,15,9,13,0,35
6b8887c2,147,256,2124,529,88,132,46,74,8,17,1,1.3,0.9,-0.3,12,16,7,1,23
e547d3cf,47,59,824,242,20,24,21,22,4,7,0,0.0,0.1,0.0,1,8,0,0,7
b492126a,122,202,1821,503,72,97,34,55,10,23,2,2.6,1.5,-0.6,12,5,9,3,13
c8c60119,80,101,1377,381,29,34,43,52,5,9,0,0.0,0.0,0.0,0,7,0,0,6
71ec39ef,369,598,6168,2305,179,262,137,192,36,77,1,0.6,1.0,0.4,11,56,4,1,64
ce17b5eb,381,568,9911,6448,76,77,200,204,103,280,0,0.0,0.0,0.0,0,4,0,0,0
056d2d95,450,741,7894,3347,206,249,183,261,46,183,5,2.2,2.0,2.8,21,35,15,11,40
35d64857,991,1245,18434,6493,344,385,552,637,83,183,0,0.3,0.3,-0.3,2,47,0,0,60
7d3e7da6,110,131,2282,1531,41,41,53,54,16,35,0,0.0,0.0,0.0,0,0,0,0,0
cd61c7af,4,5,52,7,3,3,1,2,0,0,0,0.0,0.0,0.0,0,1,0,0,1
d248cd8f,1498,1667,30543,11285,422,456,893,942,177,245,1,0.3,0.8,0.7,6,161,6,0,127
af842091,337,428,6475,1782,101,127,213,233,20,56,0,0.0,0.1,0.0,1,9,0,0,7
d75f3980,172,241,3209,1366,75,88,72,90,22,45,0,0.7,0.6,-0.7,5,9,3,3,17
a3ddb1b9,11,15,181,42,5,7,5,5,1,3,0,0.0,0.0,0.0,0,2,0,0,1
fb377d11,168,228,2601,786,90,112,60,86,12,18,0,0.3,0.3,-0.3,5,10,2,1,16
6ecbddf6,89,167,1535,534,39,54,42,82,5,17,1,0.8,1.2,0.2,6,12,7,2,21
fc8fcbd1,75,133,1721,541,17,28,39,52,18,46,0,0.1,0.0,-0.1,1,3,3,1,3
a5ae8f8e,684,842,15175,6406,163,187,393,439,120,193,0,0.3,0.2,-0.3,3,40,1,0,40
8fe2a392,1000,1150,20378,6703,281,309,604,639,109,172,1,0.5,0.6,0.5,4,57,5,0,58
5360a956,10,13,102,23,7,8,2,3,0,0,1,0.1,0.1,0.9,2,0,1,0,1
1d8e9add,870,977,18625,8465,231,250,495,529,136,181,0,0.1,0.6,-0.1,2,67,7,0,87
f86cd5df,2,3,32,10,1,1,1,2,0,0,0,0.0,0.0,0.0,0,0,0,0,0
e3d3fbeb,6,9,77,14,2,2,3,5,0,0,0,0.0,0.0,0.0,0,0,0,0,0
e5a35ae9,74,97,951,130,46,55,21,28,3,6,0,0.0,0.5,0.0,0,5,1,0,5
cb64672e,7,9,86,27,4,5,2,3,0,0,0,0.1,0.1,-0.1,1,0,1,0,1
346d51d9,683,773,12133,3063,295,321,325,355,55,78,0,0.4,0.6,-0.4,2,32,5,0,46
231c67ff,5,5,45,2,4,4,0,0,0,0,0,0.0,0.0,0.0,0,0,0,0,0
30c220c3,613,850,10136,4567,320,381,221,302,55,99,7,3.5,3.9,3.5,24,64,28,7,84
dd676a97,22,37,351,93,9,15,4,6,5,8,0,0.8,0.6,-0.8,3,0,0,0,1
1c86aa16,9,10,120,11,7,7,1,2,1,1,0,0.0,0.0,0.0,0,0,0,0,0
49fe9070,285,392,4148,875,162,192,96,131,14,23,2,2.0,1.7,0.0,8,28,9,0,27
f68b64fc,437,624,7347,3071,230,271,165,238,37,86,0,0.8,0.7,-0.8,9,33,13,2,40
cb11b429,207,341,3144,1108,109,152,71,96,14,39,5,3.0,3.9,2.0,24,17,15,4,40
2077ae86,118,175,1403,394,89,111,24,40,1,3,0,0.7,1.1,-0.7,7,19,5,0,16
a1257b5e,22,35,456,203,5,8,12,15,4,8,1,0.1,0.0,0.9,1,1,1,0,1
e7fcf289,144,186,2506,772,71,84,47,58,20,33,3,0.9,1.0,2.1,10,17,9,2,27
be42a291,93,118,1213,154,52,61,28,30,4,7,1,0.1,0.2,0.9,2,2,1,0,6
fa661778,395,522,6502,2328,198,228,148,185,38,67,1,1.5,1.7,-0.5,11,27,16,8,37
6190474d,170,218,2338,552,102,121,48,58,7,11,1,1.0,1.4,0.0,5,10,5,3,16
ea0893d6,21,47,372,139,8,15,11,18,2,3,1,0.3,0.4,0.7,4,3,1,1,4
caffaf5a,825,1074,17832,6271,198,247,508,557,116,241,0,0.0,0.4,0.0,2,49,6,0,63
a4effc55,339,409,6752,2569,106,122,191,213,42,64,0,0.3,0.1,-0.3,6,26,1,0,18
fc3697dd,103,180,1884,692,46,66,32,45,19,46,1,1.7,1.9,-0.7,15,7,6,2,13
65bf7e2b,0,2,0,0,0,0,0,1,0,1,0,0.0,0.0,0.0,0,0,0,0,0
5c4bf6ba,276,501,9381,7415,31,31,114,120,131,348,0,0.1,0.2,-0.1,1,12,1,0,4
9b688ae1,21,32,726,535,2,2,7,7,12,23,0,0.0,0.0,0.0,0,1,0,0,0
29f7cfd9,187,296,2872,584,110,156,60,97,13,19,1,0.9,0.5,0.1,7,15,3,0,18
