id,SCA,PassLive,PassDead,TO,Sh,Fld,Def,GCA,PassLive.1,PassDead.1,TO.1,Sh.1,Fld.1,Def.1,Matches
5bc43860,68,44,10,5,3,5,1,5,3,0,0,1,0,1,Matches
f2bf1b0f,46,36,1,1,4,4,0,5,3,0,0,0,2,0,Matches
2b09d998,39,38,0,0,0,1,0,1,1,0,0,0,0,0,Matches
c81d773d,5,5,0,0,0,0,0,0,0,0,0,0,0,0,Matches
288e1e13,3,3,0,0,0,0,0,0,0,0,0,0,0,0,Matches
a6c58494,1,0,0,0,1,0,0,0,0,0,0,0,0,0,Matches
9b398aea,23,14,2,4,1,2,0,0,0,0,0,0,0,0,Matches
a8c0acb7,4,4,0,0,0,0,0,0,0,0,0,0,0,0,Matches
89ac64a6,18,17,0,0,1,0,0,0,0,0,0,0,0,0,Matches
eaeca114,17,14,1,0,2,0,0,2,2,0,0,0,0,0,Matches
b827d5b3,8,6,2,0,0,0,0,0,0,0,0,0,0,0,Matches
77e84962,39,31,0,3,1,1,3,2,2,0,0,0,0,0,Matches
4abac767,3,2,0,0,1,0,0,1,0,0,0,1,0,0,Matches
cd1acf9d,72,46,21,1,4,0,0,6,5,1,0,0,0,0,Matches
7a2e46a8,2,2,0,0,0,0,0,1,1,0,0,0,0,0,Matches
cea4ee8f,0,0,0,0,0,0,0,0,0,0,0,0,0,0,Matches
862a1c15,63,45,2,7,6,3,0,9,3,1,4,1,0,0,Matches
15ab5a2b,25,20,0,1,3,1,0,0,0,0,0,0,0,0,Matches
1a4ef233,14,14,0,0,0,0,0,1,1,0,0,0,0,0,Matches
e34fc66d,10,9,1,0,0,0,0,1,0,1,0,0,0,0,Matches
de31038e,9,4,0,1,0,4,0,0,0,0,0,0,0,0,Matches
e4238fb1,30,22,3,2,1,1,1,2,1,0,0,0,1,0,Matches
ac05f970,28,17,0,5,3,3,0,6,3,0,2,1,0,0,Matches
99127249,30,27,0,1,1,1,0,1,1,0,0,0,0,0,Matches
05e8ca6d,0,0,0,0,0,0,0,0,0,0,0,0,0,0,Matches
2f965a72,0,0,0,0,0,0,0,0,0,0,0,0,0,0,Matches
328f7d51,26,22,0,1,1,1,1,1,0,0,1,0,0,0,Matches
68c720b5,18,17,0,0,0,1,0,1,1,0,0,0,0,0,Matches
97333cf5,37,30,0,0,3,4,0,1,0,0,0,0,1,0,Matches
28d596a0,1,1,0,0,0,0,0,0,0,0,0,0,0,0,Matches
d5dd5f1f,6,4,0,0,2,0,0,0,0,0,0,0,0,0,Matches
9fec8860,0,0,0,0,0,0,0,0,0,0,0,0,0,0,Matches
5c2b4f07,19,16,1,0,0,1,1,0,0,0,0,0,0,0,Matches
e5478b87,17,12,0,1,1,2,1,1,0,0,0,1,0,0,Matches
5dbefa9d,0,0,0,0,0,0,0,0,0,0,0,0,0,0,Matches
da052c14,51,34,0,6,4,4,3,3,1,0,0,1,1,0,Matches
420d7c7d,17,15,0,0,1,1,0,1,1,0,0,0,0,0,Matches
53cad200,18,18,0,0,0,0,0,1,1,0,0,0,0,0,Matches
06df8256,11,10,0,0,0,0,1,0,0,0,0,0,0,0,Matches
3a233281,41,24,2,7,6,2,0,4,2,0,0,2,0,0,Matches
32e8417f,11,7,1,2,0,1,0,1,0,0,1,0,0,0,Matches
93feac6e,11,8,0,0,2,1,0,2,2,0,0,0,0,0,Matches
2886c9b5,11,8,0,1,0,2,0,2,1,0,0,0,1,0,Matches
3ea50f67,41,30,0,0,6,4,1,10,6,0,0,2,1,1,Matches
c91441dc,7,5,2,0,0,0,0,0,0,0,0,0,0,0,Matches
30db8574,1,1,0,0,0,0,0,0,0,0,0,0,0,0,Matches
4115ce4e,4,3,0,0,1,0,0,0,0,0,0,0,0,0,Matches
4115ce4e,0,0,0,0,0,0,0,0,0,0,0,0,0,0,Matches
50dc94ce,6,6,0,0,0,0,0,0,0,0,0,0,0,0,Matches
7b4de647,0,0,0,0,0,0,0,0,0,0,0,0,0,0,Matches
a39d11bc,9,5,0,1,1,2,0,1,1,0,0,0,0,0,Matches
5a04fd92,65,49,1,9,4,2,0,4,3,0,1,0,0,0,Matches
3b8674e6,34,27,0,1,2,1,3,5,2,0,0,1,0,2,Matches
505486d6,9,5,3,0,1,0,0,2,2,0,0,0,0,0,Matches
87966294,0,0,0,0,0,0,0,0,0,0,0,0,0,0,Matches
de40e38c,1,1,0,0,0,0,0,0,0,0,0,0,0,0,Matches
d328a254,30,23,0,4,2,1,0,4,3,0,0,1,0,0,Matches
6c203af0,25,20,0,1,1,1,2,1,1,0,0,0,0,0,Matches
a4ac4b8f,5,5,0,0,0,0,0,1,1,0,0,0,0,0,Matches
ccce7025,15,12,0,0,3,0,0,1,0,0,0,1,0,0,Matches
79c84d1c,75,40,11,3,11,8,2,8,3,1,0,2,2,0,Matches
c07b7c5c,5,5,0,0,0,0,0,0,0,0,0,0,0,0,Matches
97220da2,4,2,0,0,0,2,0,2,1,0,0,0,1,0,Matches
a2081c6b,0,0,0,0,0,0,0,0,0,0,0,0,0,0,Matches
7b5ab7f2,5,4,0,1,0,0,0,3,3,0,0,0,0,0,Matches
66b76d44,52,41,2,3,1,4,1,7,5,0,1,1,0,0,Matches
bfc3b3a0,22,18,3,0,1,0,0,1,1,0,0,0,0,0,Matches
468a7a91,1,1,0,0,0,0,0,0,0,0,0,0,0,0,Matches
b2d31e83,22,20,0,0,2,0,0,1,1,0,0,0,0,0,Matches
85322440,0,0,0,0,0,0,0,0,0,0,0,0,0,0,Matches
16264a81,47,44,0,1,2,0,0,3,3,0,0,0,0,0,Matches
a8748947,26,20,2,1,2,0,1,1,1,0,0,0,0,0,Matches
94f8d10c,4,4,0,0,0,0,0,0,0,0,0,0,0,0,Matches
59e6e5bf,13,10,0,3,0,0,0,2,1,0,1,0,0,0,Matches
6f711f67,2,1,0,1,0,0,0,0,0,0,0,0,0,0,Matches
bd6351cd,39,30,0,2,5,1,1,6,5,0,1,0,0,0,Matches
4506aec5,0,0,0,0,0,0,0,0,0,0,0,0,0,0,Matches
1137759d,3,2,0,0,0,1,0,0,0,0,0,0,0,0,Matches
b4a014b1,2,1,0,0,1,0,0,0,0,0,0,0,0,0,Matches
966e28d0,9,5,0,0,2,2,0,2,1,0,0,1,0,0,Matches
4d224fe8,43,38,0,0,4,1,0,6,6,0,0,0,0,0,Matches
2389cdc2,26,24,0,1,0,0,1,3,2,0,0,0,0,1,Matches
197640fd,31,28,1,0,1,0,1,3,2,0,0,1,0,0,Matches
e28868f3,17,14,0,0,0,2,1,0,0,0,0,0,0,0,Matches
9cfbad36,5,1,0,1,3,0,0,1,0,0,0,1,0,0,Matches
422862ea,0,0,0,0,0,0,0,0,0,0,0,0,0,0,Matches
5515376c,5,3,0,0,1,1,0,1,1,0,0,0,0,0,Matches
dc6f5bdd,1,0,0,0,0,0,1,0,0,0,0,0,0,0,Matches
d2424d1b,12,9,2,0,0,1,0,3,2,0,0,0,1,0,Matches
26ce2263,33,24,2,1,3,3,0,1,1,0,0,0,0,0,Matches
b2f9c73e,7,5,0,0,1,0,1,0,0,0,0,0,0,0,Matches
73341ace,0,0,0,0,0,0,0,0,0,0,0,0,0,0,Matches
0442183b,16,14,1,0,0,1,0,0,0,0,0,0,0,0,Matches
2928dca2,17,15,0,0,1,1,0,1,1,0,0,0,0,0,Matches
963a9201,3,3,0,0,0,0,0,0,0,0,0,0,0,0,Matches
0420d84f,11,9,0,1,1,0,0,1,1,0,0,0,0,0,Matches
a8c19eb8,8,6,0,1,0,1,0,0,0,0,0,0,0,0,Matches
700783e7,5,5,0,0,0,0,0,1,1,0,0,0,0,0,Matches
2afc7272,32,21,7,0,0,1,3,4,2,1,0,0,0,1,Matches
3e5e4e63,6,6,0,0,0,0,0,0,0,0,0,0,0,0,Matches
dc64b8b3,12,10,1,0,1,0,0,3,3,0,0,0,0,0,Matches
beb391dd,1,1,0,0,0,0,0,0,0,0,0,0,0,0,Matches
a190d597,11,6,0,2,3,0,0,0,0,0,0,0,0,0,Matches
fdf3cb77,37,28,7,0,1,1,0,2,1,1,0,0,0,0,Matches
0ef89a37,24,19,1,3,1,0,0,0,0,0,0,0,0,0,Matches
a5ca9127,0,0,0,0,0,0,0,0,0,0,0,0,0,0,Matches
4f974391,54,35,18,0,0,1,0,0,0,0,0,0,0,0,Matches
1daec722,23,17,6,0,0,0,0,3,2,1,0,0,0,0,Matches
dc62b55d,11,8,1,0,1,1,0,0,0,0,0,0,0,0,Matches
ca45605e,17,13,0,0,2,2,0,5,3,0,0,2,0,0,Matches
d9565625,37,33,0,1,2,0,1,2,2,0,0,0,0,0,Matches
215f3907,12,9,3,0,0,0,0,1,1,0,0,0,0,0,Matches
a816dbfb,4,4,0,0,0,0,0,0,0,0,0,0,0,0,Matches
f08490a6,1,1,0,0,0,0,0,0,0,0,0,0,0,0,Matches
60344e4f,34,29,1,2,1,1,0,5,4,0,0,0,1,0,Matches
44781702,26,23,0,0,3,0,0,5,3,0,0,2,0,0,Matches
9228b07c,5,4,0,0,1,0,0,0,0,0,0,0,0,0,Matches
3e9e06cb,12,10,0,0,1,1,0,1,0,0,0,0,1,0,Matches
3e9e06cb,4,4,0,0,0,0,0,0,0,0,0,0,0,0,Matches
e46012d4,131,87,28,5,7,2,2,21,17,2,0,1,1,0,Matches
11f54bd5,5,5,0,0,0,0,0,0,0,0,0,0,0,0,Matches
5a7301ae,7,5,0,0,1,0,1,0,0,0,0,0,0,0,Matches
5a7301ae,4,3,0,0,0,0,1,0,0,0,0,0,0,0,Matches
2c44a35d,14,8,1,1,0,4,0,2,1,0,0,0,1,0,Matches
9d8cf204,1,0,0,0,1,0,0,1,0,0,0,1,0,0,Matches
5c74c0f5,56,45,0,5,1,4,1,8,5,0,1,0,1,1,Matches
11ff3d56,7,6,0,0,0,0,1,0,0,0,0,0,0,0,Matches
31c69ef1,10,8,0,0,2,0,0,1,1,0,0,0,0,0,Matches
4a1a9578,20,13,0,4,1,2,0,4,2,0,2,0,0,0,Matches
ac861941,23,18,1,0,4,0,0,2,1,0,0,1,0,0,Matches
1b84dbe1,22,18,3,0,0,1,0,0,0,0,0,0,0,0,Matches
a712ca2b,5,5,0,0,0,0,0,0,0,0,0,0,0,0,Matches
254147d4,13,9,0,1,1,2,0,2,1,0,1,0,0,0,Matches
733f1a7d,0,0,0,0,0,0,0,0,0,0,0,0,0,0,Matches
d557d734,18,13,0,2,2,1,0,3,2,0,0,1,0,0,Matches
67ac5bb8,17,14,0,0,2,0,1,2,2,0,0,0,0,0,Matches
02b29014,14,11,0,2,1,0,0,0,0,0,0,0,0,0,Matches
ce4f40c7,41,32,0,2,4,1,2,4,2,0,0,1,0,1,Matches
69fdb896,6,3,0,0,2,1,0,0,0,0,0,0,0,0,Matches
e0d1510a,1,1,0,0,0,0,0,0,0,0,0,0,0,0,Matches
3a949a25,0,0,0,0,0,0,0,0,0,0,0,0,0,0,Matches
7314bba4,0,0,0,0,0,0,0,0,0,0,0,0,0,0,Matches
282f75f3,13,13,0,0,0,0,0,1,1,0,0,0,0,0,Matches
414184f7,2,2,0,0,0,0,0,0,0,0,0,0,0,0,Matches
fa9fa773,1,1,0,0,0,0,0,0,0,0,0,0,0,0,Matches
3bb7b8b4,3,3,0,0,0,0,0,1,1,0,0,0,0,0,Matches
0562b7f1,31,22,0,1,7,1,0,3,3,0,0,0,0,0,Matches
007414dd,18,11,0,3,0,4,0,0,0,0,0,0,0,0,Matches
2fba6108,18,13,0,0,3,1,1,1,1,0,0,0,0,0,Matches
c8387671,54,42,1,5,4,1,1,6,6,0,0,0,0,0,Matches
47a34c4f,0,0,0,0,0,0,0,0,0,0,0,0,0,0,Matches
68dc0dac,33,30,0,0,1,2,0,3,3,0,0,0,0,0,Matches
df8b52a5,33,31,0,0,0,1,1,2,2,0,0,0,0,0,Matches
980522ec,49,34,13,1,1,0,0,8,6,2,0,0,0,0,Matches
d38fdf53,45,42,0,1,0,2,0,6,5,0,0,0,1,0,Matches
f8fcd2a5,4,4,0,0,0,0,0,0,0,0,0,0,0,0,Matches
ae4fc6a4,60,35,16,4,1,2,2,8,4,1,3,0,0,0,Matches
9328b835,2,0,2,0,0,0,0,0,0,0,0,0,0,0,Matches
7f3b388c,33,31,0,0,1,1,0,3,3,0,0,0,0,0,Matches
9c221d14,9,6,0,0,1,0,2,2,1,0,0,0,0,1,Matches
51a3c4c8,0,0,0,0,0,0,0,0,0,0,0,0,0,0,Matches
8aafd64f,9,3,2,1,1,2,0,0,0,0,0,0,0,0,Matches
4596da74,6,6,0,0,0,0,0,2,2,0,0,0,0,0,Matches
507c7bdf,119,95,10,3,7,4,0,14,13,0,0,1,0,0,Matches
5ff4ab71,7,6,0,1,0,0,0,1,1,0,0,0,0,0,Matches
6ad43f9a,0,0,0,0,0,0,0,0,0,0,0,0,0,0,Matches
4c370d81,41,31,0,4,6,0,0,7,4,0,1,2,0,0,Matches
24f59bb2,10,9,1,0,0,0,0,0,0,0,0,0,0,0,Matches
ed1e53f3,71,57,8,1,4,1,0,11,10,0,1,0,0,0,Matches
e82900ef,4,1,0,3,0,0,0,0,0,0,0,0,0,0,Matches
132a82f1,2,1,0,0,0,0,1,0,0,0,0,0,0,0,Matches
132a82f1,3,3,0,0,0,0,0,0,0,0,0,0,0,0,Matches
82927de4,40,34,1,1,3,0,1,2,1,0,1,0,0,0,Matches
9f1938ab,4,3,1,0,0,0,0,0,0,0,0,0,0,0,Matches
c3e39f12,0,0,0,0,0,0,0,0,0,0,0,0,0,0,Matches
6722d4f0,0,0,0,0,0,0,0,0,0,0,0,0,0,0,Matches
d56543a0,8,6,1,0,1,0,0,0,0,0,0,0,0,0,Matches
b853e0ad,40,32,0,0,4,2,2,4,3,0,0,1,0,0,Matches
c067631c,4,4,0,0,0,0,0,1,1,0,0,0,0,0,Matches
98d2c2c4,22,21,0,0,1,0,0,0,0,0,0,0,0,0,Matches
1971591f,15,9,0,2,1,1,2,0,0,0,0,0,0,0,Matches
c2731c10,28,19,4,2,2,0,1,3,2,0,1,0,0,0,Matches
72c812f3,26,16,0,1,1,4,4,3,2,0,0,0,0,1,Matches
7aa8adfe,13,10,0,1,1,1,0,4,4,0,0,0,0,0,Matches
4e015693,1,0,0,0,1,0,0,0,0,0,0,0,0,0,Matches
7ba6d84e,2,0,2,0,0,0,0,0,0,0,0,0,0,0,Matches
01962d0d,4,4,0,0,0,0,0,2,2,0,0,0,0,0,Matches
f7b1d4e0,2,0,1,0,1,0,0,0,0,0,0,0,0,0,Matches
32f60ed8,4,2,1,1,0,0,0,0,0,0,0,0,0,0,Matches
32f60ed8,74,47,15,7,3,0,2,6,3,2,1,0,0,0,Matches
df10e27c,3,3,0,0,0,0,0,1,1,0,0,0,0,0,Matches
75fdd638,38,22,2,4,3,7,0,5,5,0,0,0,0,0,Matches
9f7c837d,1,1,0,0,0,0,0,0,0,0,0,0,0,0,Matches
8b57ad2c,1,0,0,0,1,0,0,1,0,0,0,1,0,0,Matches
f0caab96,1,1,0,0,0,0,0,0,0,0,0,0,0,0,Matches
7a11550b,16,14,1,0,0,0,1,1,1,0,0,0,0,0,Matches
01e5f06e,3,2,1,0,0,0,0,1,1,0,0,0,0,0,Matches
2bd83368,6,3,0,0,1,1,1,0,0,0,0,0,0,0,Matches
2bd83368,23,13,0,1,6,1,2,0,0,0,0,0,0,0,Matches
4468ec10,66,34,18,3,8,3,0,4,2,2,0,0,0,0,Matches
b0b4fd3e,69,45,4,5,4,10,1,11,8,0,0,0,2,1,Matches
f3354c07,18,3,14,0,1,0,0,3,0,2,0,1,0,0,Matches
8aec0537,79,51,24,0,3,0,1,5,5,0,0,0,0,0,Matches
ab13a5aa,1,1,0,0,0,0,0,0,0,0,0,0,0,0,Matches
e6bc67d7,27,15,3,1,2,5,1,1,1,0,0,0,0,0,Matches
d0706b27,15,12,0,0,2,1,0,0,0,0,0,0,0,0,Matches
82518f62,46,37,1,1,0,5,2,7,6,0,0,0,0,1,Matches
819b3158,68,53,7,0,4,2,2,13,10,1,0,1,1,0,Matches
56d838f7,0,0,0,0,0,0,0,0,0,0,0,0,0,0,Matches
1f44ac21,46,31,0,2,7,5,1,10,8,0,0,1,1,0,Matches
da011f18,12,7,2,0,1,2,0,0,0,0,0,0,0,0,Matches
8c3078cd,0,0,0,0,0,0,0,0,0,0,0,0,0,0,Matches
aa849a12,71,40,19,4,3,3,2,6,3,1,1,1,0,0,Matches
fed7cb61,41,36,1,1,2,1,0,3,2,0,0,1,0,0,Matches
4fd08daa,0,0,0,0,0,0,0,0,0,0,0,0,0,0,Matches
169fd162,17,15,0,1,0,1,0,1,1,0,0,0,0,0,Matches
e5a76dfe,3,3,0,0,0,0,0,0,0,0,0,0,0,0,Matches
935e6b8f,34,31,1,0,1,0,1,1,1,0,0,0,0,0,Matches
76eca7e2,0,0,0,0,0,0,0,0,0,0,0,0,0,0,Matches
8a3c1dc7,22,20,0,0,1,0,1,2,2,0,0,0,0,0,Matches
92e7e919,72,38,20,5,5,4,0,8,4,2,2,0,0,0,Matches
1780bb4a,7,5,0,0,1,1,0,0,0,0,0,0,0,0,Matches
bd8a5d95,2,2,0,0,0,0,0,0,0,0,0,0,0,0,Matches
d79a8c87,1,1,0,0,0,0,0,0,0,0,0,0,0,0,Matches
d0042ab9,6,5,0,0,1,0,0,2,2,0,0,0,0,0,Matches
a0666d3e,5,4,1,0,0,0,0,0,0,0,0,0,0,0,Matches
bd9553e6,1,1,0,0,0,0,0,0,0,0,0,0,0,0,Matches
8b04d6c1,67,61,0,1,2,0,3,11,11,0,0,0,0,0,Matches
c92e1a31,23,17,1,2,3,0,0,4,4,0,0,0,0,0,Matches
07802f7f,2,2,0,0,0,0,0,1,1,0,0,0,0,0,Matches
07802f7f,16,12,0,2,2,0,0,1,0,0,1,0,0,0,Matches
8e92be30,9,8,0,0,0,0,1,0,0,0,0,0,0,0,Matches
6ca5ec4b,62,48,7,2,2,2,1,6,5,0,0,0,1,0,Matches
c931d9f9,4,3,0,0,0,1,0,0,0,0,0,0,0,0,Matches
c931d9f9,8,7,0,0,0,1,0,0,0,0,0,0,0,0,Matches
1265a93a,27,21,4,1,1,0,0,2,2,0,0,0,0,0,Matches
8449d35e,33,27,1,2,2,0,1,3,3,0,0,0,0,0,Matches
172e52d8,1,0,0,0,1,0,0,0,0,0,0,0,0,0,Matches
0f134faf,64,30,29,0,3,1,1,9,5,2,0,1,0,1,Matches
b66315ae,57,27,1,9,8,9,3,7,5,0,0,1,1,0,Matches
b561db50,9,7,0,0,1,1,0,1,1,0,0,0,0,0,Matches
c17bfb65,55,38,1,5,4,7,0,5,3,1,0,0,1,0,Matches
9319781b,8,7,0,1,0,0,0,0,0,0,0,0,0,0,Matches
0cd31129,39,26,0,2,7,3,1,7,2,0,1,3,1,0,Matches
4fb9c88f,9,6,0,1,1,0,1,0,0,0,0,0,0,0,Matches
45db685d,8,7,0,0,0,0,1,1,1,0,0,0,0,0,Matches
45db685d,29,29,0,0,0,0,0,2,2,0,0,0,0,0,Matches
178ae8f8,12,7,0,2,2,1,0,1,1,0,0,0,0,0,Matches
570bb4b9,13,7,5,1,0,0,0,1,1,0,0,0,0,0,Matches
fb614c44,21,17,0,2,0,2,0,2,0,0,1,0,1,0,Matches
0db5d2c8,3,2,1,0,0,0,0,1,0,1,0,0,0,0,Matches
15f24fe7,0,0,0,0,0,0,0,0,0,0,0,0,0,0,Matches
cc77354e,22,18,0,1,0,3,0,4,2,0,1,0,1,0,Matches
21a66f6a,88,60,2,8,8,7,3,10,7,0,0,2,1,0,Matches
b9fbae28,7,7,0,0,0,0,0,1,1,0,0,0,0,0,Matches
c5b7c315,1,1,0,0,0,0,0,0,0,0,0,0,0,0,Matches
18b999f4,21,16,0,0,2,3,0,5,4,0,0,1,0,0,Matches
51dbeea9,15,10,2,0,3,0,0,2,1,0,0,1,0,0,Matches
f25c8e3a,12,10,0,0,2,0,0,0,0,0,0,0,0,0,Matches
f31def1e,4,3,1,0,0,0,0,2,2,0,0,0,0,0,Matches
d0f72bf1,13,12,0,0,1,0,0,2,1,0,0,1,0,0,Matches
282679b4,7,7,0,0,0,0,0,0,0,0,0,0,0,0,Matches
ea6bc03a,7,4,2,0,1,0,0,0,0,0,0,0,0,0,Matches
5ed9b537,4,3,0,0,1,0,0,0,0,0,0,0,0,0,Matches
0313a347,7,7,0,0,0,0,0,1,1,0,0,0,0,0,Matches
da974c7b,16,13,0,0,1,0,2,2,2,0,0,0,0,0,Matches
8d3c902d,7,7,0,0,0,0,0,0,0,0,0,0,0,0,Matches
79c0821a,32,28,1,0,3,0,0,2,2,0,0,0,0,0,Matches
77cf6852,0,0,0,0,0,0,0,0,0,0,0,0,0,0,Matches
df3cda47,59,47,2,8,1,0,1,8,7,0,1,0,0,0,Matches
41e7ef1c,0,0,0,0,0,0,0,0,0,0,0,0,0,0,Matches
99813635,22,22,0,0,0,0,0,2,2,0,0,0,0,0,Matches
f4e433d4,14,12,0,1,0,1,0,0,0,0,0,0,0,0,Matches
26f6dca8,2,1,0,0,1,0,0,0,0,0,0,0,0,0,Matches
119b9a8e,12,11,0,0,1,0,0,0,0,0,0,0,0,0,Matches
cf7fb13a,1,1,0,0,0,0,0,1,1,0,0,0,0,0,Matches
450ab6fc,0,0,0,0,0,0,0,0,0,0,0,0,0,0,Matches
ecad9aa5,14,12,1,0,0,1,0,0,0,0,0,0,0,0,Matches
0bdda685,1,1,0,0,0,0,0,0,0,0,0,0,0,0,Matches
2b471f99,2,2,0,0,0,0,0,0,0,0,0,0,0,0,Matches
4f28a6ff,11,10,0,0,0,1,0,3,3,0,0,0,0,0,Matches
2628fd2b,2,2,0,0,0,0,0,0,0,0,0,0,0,0,Matches
9b5ce51a,28,24,2,0,2,0,0,0,0,0,0,0,0,0,Matches
efb9215a,0,0,0,0,0,0,0,0,0,0,0,0,0,0,Matches
b57e066e,17,14,1,0,1,1,0,0,0,0,0,0,0,0,Matches
41f08ac8,8,2,0,2,4,0,0,2,0,0,0,2,0,0,Matches
f5deef4c,0,0,0,0,0,0,0,0,0,0,0,0,0,0,Matches
810e3c74,26,19,1,2,3,1,0,2,1,0,0,1,0,0,Matches
bba30585,6,5,0,0,1,0,0,1,1,0,0,0,0,0,Matches
8f62b6ee,5,5,0,0,0,0,0,0,0,0,0,0,0,0,Matches
ed9f7cfe,20,15,3,0,1,1,0,1,0,0,0,1,0,0,Matches
e97fd090,23,18,0,3,1,1,0,2,2,0,0,0,0,0,Matches
a2b105e0,45,33,1,0,6,5,0,4,3,0,0,1,0,0,Matches
b2856bc0,0,0,0,0,0,0,0,0,0,0,0,0,0,0,Matches
6f7d826d,56,38,12,2,1,1,2,7,4,1,0,0,0,2,Matches
c6e8cf1f,2,1,0,0,0,0,1,1,0,0,0,0,0,1,Matches
b5bf1770,6,4,1,0,1,0,0,0,0,0,0,0,0,0,Matches
83d074ff,50,36,6,2,3,2,1,4,4,0,0,0,0,0,Matches
ee38d9c5,72,44,12,5,4,5,2,7,6,1,0,0,0,0,Matches
bf34eebd,5,3,0,1,1,0,0,0,0,0,0,0,0,0,Matches
d8931174,3,3,0,0,0,0,0,0,0,0,0,0,0,0,Matches
892d5bb1,63,42,8,3,5,4,1,12,7,1,1,2,0,1,Matches
c6220452,2,2,0,0,0,0,0,0,0,0,0,0,0,0,Matches
e3a5814e,13,13,0,0,0,0,0,0,0,0,0,0,0,0,Matches
6b6c793c,4,4,0,0,0,0,0,0,0,0,0,0,0,0,Matches
a572e291,9,8,0,0,0,1,0,0,0,0,0,0,0,0,Matches
758dd7f0,0,0,0,0,0,0,0,0,0,0,0,0,0,0,Matches
3544641e,9,5,0,3,0,0,1,2,1,0,1,0,0,0,Matches
bb5fbd2b,88,59,6,10,7,4,2,7,6,0,0,1,0,0,Matches
4d960fc3,0,0,0,0,0,0,0,0,0,0,0,0,0,0,Matches
59878425,0,0,0,0,0,0,0,0,0,0,0,0,0,0,Matches
8b788c01,9,7,0,1,0,1,0,4,2,0,1,0,1,0,Matches
48a5a5d6,90,65,8,5,7,3,2,11,6,0,0,5,0,0,Matches
7956236f,4,2,2,0,0,0,0,0,0,0,0,0,0,0,Matches
bac46a10,17,15,0,0,1,0,1,1,1,0,0,0,0,0,Matches
feb5d972,1,1,0,0,0,0,0,0,0,0,0,0,0,0,Matches
50e6dc35,6,3,0,0,1,2,0,1,0,0,0,0,1,0,Matches
b217ef29,12,12,0,0,0,0,0,0,0,0,0,0,0,0,Matches
4bcf39f6,13,8,0,1,1,3,0,0,0,0,0,0,0,0,Matches
493924a7,3,2,0,1,0,0,0,1,1,0,0,0,0,0,Matches
6afaebf2,53,35,14,3,0,1,0,8,7,1,0,0,0,0,Matches
90f91999,36,26,3,1,3,2,1,7,5,0,0,0,2,0,Matches
4e5a4cbc,9,9,0,0,0,0,0,1,1,0,0,0,0,0,Matches
01c3aff5,8,8,0,0,0,0,0,0,0,0,0,0,0,0,Matches
fc15fb84,54,32,18,3,0,1,0,4,2,2,0,0,0,0,Matches
d93c2511,13,10,0,0,2,1,0,0,0,0,0,0,0,0,Matches
8df7a2fb,11,8,0,0,2,1,0,0,0,0,0,0,0,0,Matches
33887998,0,0,0,0,0,0,0,0,0,0,0,0,0,0,Matches
1598599e,6,4,0,0,0,0,2,0,0,0,0,0,0,0,Matches
fed96827,5,4,0,0,1,0,0,0,0,0,0,0,0,0,Matches
6b625ac2,3,2,1,0,0,0,0,0,0,0,0,0,0,0,Matches
10ec4169,0,0,0,0,0,0,0,0,0,0,0,0,0,0,Matches
2ce2508a,2,1,1,0,0,0,0,0,0,0,0,0,0,0,Matches
2f90f6b8,30,21,4,3,2,0,0,2,1,1,0,0,0,0,Matches
6d5701f2,1,1,0,0,0,0,0,0,0,0,0,0,0,0,Matches
8397a50c,15,13,0,0,0,2,0,3,2,0,0,0,1,0,Matches
5cbd1eb0,18,15,1,1,0,0,1,2,2,0,0,0,0,0,Matches
74618572,40,31,0,5,2,2,0,6,4,0,1,1,0,0,Matches
3925dbd6,53,24,0,9,13,6,1,9,2,0,1,4,2,0,Matches
01ce9e70,16,12,0,1,0,3,0,2,2,0,0,0,0,0,Matches
c4720845,0,0,0,0,0,0,0,0,0,0,0,0,0,0,Matches
16e9d0ea,9,9,0,0,0,0,0,1,1,0,0,0,0,0,Matches
9674002f,56,42,9,2,2,1,0,7,5,0,0,1,1,0,Matches
2b622f01,5,3,0,0,0,1,1,0,0,0,0,0,0,0,Matches
f5a00fa4,53,41,11,0,1,0,0,3,3,0,0,0,0,0,Matches
92868cb5,0,0,0,0,0,0,0,0,0,0,0,0,0,0,Matches
049a888d,5,2,0,1,0,2,0,0,0,0,0,0,0,0,Matches
de112b84,18,16,0,1,0,1,0,2,2,0,0,0,0,0,Matches
1d5cab82,7,6,0,1,0,0,0,2,1,0,1,0,0,0,Matches
30d4a2e5,38,34,1,0,2,1,0,2,1,0,0,1,0,0,Matches
ecada4fc,1,1,0,0,0,0,0,0,0,0,0,0,0,0,Matches
6b47c5db,8,8,0,0,0,0,0,1,1,0,0,0,0,0,Matches
c5bdb6e3,4,2,0,0,1,1,0,2,1,0,0,1,0,0,Matches
a9dc785c,0,0,0,0,0,0,0,0,0,0,0,0,0,0,Matches
7ba2eaa9,27,15,4,2,2,3,1,3,3,0,0,0,0,0,Matches
44bfb6c5,50,37,4,2,2,2,3,2,2,0,0,0,0,0,Matches
00242715,0,0,0,0,0,0,0,0,0,0,0,0,0,0,Matches
39769cff,21,18,1,1,1,0,0,2,2,0,0,0,0,0,Matches
a53649b7,26,12,0,6,5,3,0,2,1,0,0,0,1,0,Matches
e6af02e0,42,36,1,2,2,1,0,3,3,0,0,0,0,0,Matches
4d77b365,41,24,1,4,7,5,0,2,2,0,0,0,0,0,Matches
7f94982c,0,0,0,0,0,0,0,0,0,0,0,0,0,0,Matches
df0a4c90,23,19,0,1,3,0,0,5,3,0,0,2,0,0,Matches
089667a5,21,14,0,1,1,3,2,0,0,0,0,0,0,0,Matches
74b2cd7e,4,4,0,0,0,0,0,0,0,0,0,0,0,0,Matches
c4486bac,76,40,20,7,3,4,2,5,2,3,0,0,0,0,Matches
e7ee38c3,0,0,0,0,0,0,0,0,0,0,0,0,0,0,Matches
828657ff,25,18,0,1,1,4,1,1,1,0,0,0,0,0,Matches
6612cd8c,0,0,0,0,0,0,0,0,0,0,0,0,0,0,Matches
c06d1086,6,5,0,0,0,1,0,0,0,0,0,0,0,0,Matches
2944f86f,12,8,0,0,1,3,0,4,3,0,0,0,1,0,Matches
ee950928,0,0,0,0,0,0,0,0,0,0,0,0,0,0,Matches
2f9e4435,11,8,0,0,2,1,0,2,1,0,0,1,0,0,Matches
38c7feef,9,8,0,0,1,0,0,0,0,0,0,0,0,0,Matches
d00d45ab,0,0,0,0,0,0,0,0,0,0,0,0,0,0,Matches
a78ff07f,20,13,0,0,3,0,4,0,0,0,0,0,0,0,Matches
dc7f8a28,5,4,0,1,0,0,0,0,0,0,0,0,0,0,Matches
e0bc6fdc,16,14,0,1,1,0,0,0,0,0,0,0,0,0,Matches
9b6f7fd5,43,32,1,1,5,3,1,4,2,0,0,2,0,0,Matches
529f49ab,52,43,2,1,2,1,3,4,4,0,0,0,0,0,Matches
230f0471,17,13,1,0,0,2,1,0,0,0,0,0,0,0,Matches
a6b461e7,2,1,0,0,1,0,0,0,0,0,0,0,0,0,Matches
ac7e7b1c,1,1,0,0,0,0,0,1,1,0,0,0,0,0,Matches
6639e500,91,43,40,0,4,4,0,8,3,5,0,0,0,0,Matches
75a72a99,0,0,0,0,0,0,0,0,0,0,0,0,0,0,Matches
819aa8e7,14,11,2,0,0,1,0,2,1,0,0,0,1,0,Matches
6fe90922,47,32,14,0,1,0,0,5,2,3,0,0,0,0,Matches
6dfd8f05,33,19,1,4,7,1,1,5,3,0,1,0,1,0,Matches
53552942,1,1,0,0,0,0,0,0,0,0,0,0,0,0,Matches
4f565d77,1,0,0,0,1,0,0,0,0,0,0,0,0,0,Matches
515ebe8d,1,1,0,0,0,0,0,0,0,0,0,0,0,0,Matches
4806ec67,8,4,4,0,0,0,0,1,1,0,0,0,0,0,Matches
e541326e,10,6,2,0,2,0,0,3,3,0,0,0,0,0,Matches
7fcc71d8,54,40,3,3,7,1,0,2,1,0,1,0,0,0,Matches
4b40d9ca,1,0,1,0,0,0,0,0,0,0,0,0,0,0,Matches
27d0a506,0,0,0,0,0,0,0,0,0,0,0,0,0,0,Matches
86695068,7,6,1,0,0,0,0,0,0,0,0,0,0,0,Matches
b9403c99,2,1,0,1,0,0,0,0,0,0,0,0,0,0,Matches
1bf33a9a,20,18,0,0,2,0,0,3,3,0,0,0,0,0,Matches
466fb2c5,2,2,0,0,0,0,0,0,0,0,0,0,0,0,Matches
1544f145,42,35,0,1,1,4,1,3,2,0,0,0,1,0,Matches
a1d5bd30,59,37,0,10,8,3,1,8,5,0,2,0,1,0,Matches
98ea5115,7,4,3,0,0,0,0,1,0,1,0,0,0,0,Matches
28b40c9c,20,19,0,0,0,0,1,0,0,0,0,0,0,0,Matches
ab651565,0,0,0,0,0,0,0,0,0,0,0,0,0,0,Matches
803ae100,43,37,2,2,1,1,0,3,2,0,1,0,0,0,Matches
0f7533cd,44,27,1,3,4,7,2,3,1,0,0,1,0,1,Matches
1c7012b8,73,63,3,1,1,2,3,4,4,0,0,0,0,0,Matches
0a3d6d2b,2,1,0,0,1,0,0,0,0,0,0,0,0,0,Matches
fa031b34,23,16,0,0,2,5,0,3,2,0,0,0,1,0,Matches
7a1f2c08,0,0,0,0,0,0,0,0,0,0,0,0,0,0,Matches
71ef519e,0,0,0,0,0,0,0,0,0,0,0,0,0,0,Matches
2e4f5f03,66,44,15,1,4,1,1,8,6,2,0,0,0,0,Matches
289601e6,39,37,1,1,0,0,0,3,3,0,0,0,0,0,Matches
da27e268,25,19,4,0,0,1,1,2,1,0,0,0,1,0,Matches
17acc2ed,0,0,0,0,0,0,0,0,0,0,0,0,0,0,Matches
6434f10d,78,69,0,2,5,1,1,9,9,0,0,0,0,0,Matches
1fb1c435,30,21,0,3,6,0,0,2,1,0,0,1,0,0,Matches
57c94db2,12,12,0,0,0,0,0,1,1,0,0,0,0,0,Matches
a3d94a58,10,9,0,0,0,0,1,0,0,0,0,0,0,0,Matches
4b511457,3,2,0,0,0,1,0,0,0,0,0,0,0,0,Matches
dea698d9,10,9,0,0,0,1,0,0,0,0,0,0,0,0,Matches
1b804500,1,1,0,0,0,0,0,0,0,0,0,0,0,0,Matches
b318a643,4,4,0,0,0,0,0,0,0,0,0,0,0,0,Matches
10a10454,5,4,1,0,0,0,0,0,0,0,0,0,0,0,Matches
c64c01fc,3,2,0,0,0,1,0,0,0,0,0,0,0,0,Matches
903b6e8b,0,0,0,0,0,0,0,0,0,0,0,0,0,0,Matches
e280527c,9,9,0,0,0,0,0,2,2,0,0,0,0,0,Matches
2b16cb1a,37,24,0,8,3,2,0,6,4,0,1,0,1,0,Matches
bc7dc64d,103,71,16,2,8,5,1,17,12,4,0,1,0,0,Matches
e342ad68,87,65,1,7,9,3,2,12,8,0,0,2,1,1,Matches
972aeb2a,10,8,2,0,0,0,0,1,1,0,0,0,0,0,Matches
0b33f6ad,23,16,5,1,1,0,0,2,1,1,0,0,0,0,Matches
1b4f1169,4,3,0,0,0,1,0,0,0,0,0,0,0,0,Matches
1b4f1169,1,1,0,0,0,0,0,0,0,0,0,0,0,0,Matches
da7b447d,4,4,0,0,0,0,0,0,0,0,0,0,0,0,Matches
6a713852,1,1,0,0,0,0,0,0,0,0,0,0,0,0,Matches
dbf053da,45,41,0,3,1,0,0,7,5,0,2,0,0,0,Matches
6e7f1353,0,0,0,0,0,0,0,0,0,0,0,0,0,0,Matches
9744ff80,17,10,5,0,2,0,0,0,0,0,0,0,0,0,Matches
ac0d576d,8,4,0,1,2,1,0,2,2,0,0,0,0,0,Matches
8790f988,24,20,0,1,2,0,1,1,1,0,0,0,0,0,Matches
2964fd20,9,3,1,1,1,2,1,0,0,0,0,0,0,0,Matches
52afb588,2,2,0,0,0,0,0,1,1,0,0,0,0,0,Matches
c8aa95da,38,26,0,2,7,1,2,2,1,0,0,0,0,1,Matches
3312f911,29,25,0,1,2,1,0,3,2,0,0,0,1,0,Matches
d04b94db,23,19,0,0,2,2,0,2,2,0,0,0,0,0,Matches
efd2ec23,5,2,0,1,1,1,0,0,0,0,0,0,0,0,Matches
35141f4c,7,6,1,0,0,0,0,1,1,0,0,0,0,0,Matches
6aa3e78b,23,16,0,0,5,1,1,2,1,0,0,1,0,0,Matches
9c94165b,43,35,4,1,1,2,0,6,6,0,0,0,0,0,Matches
3727dd3c,0,0,0,0,0,0,0,0,0,0,0,0,0,0,Matches
3727dd3c,5,4,1,0,0,0,0,0,0,0,0,0,0,0,Matches
3eb22ec9,59,49,1,4,1,3,1,10,9,0,0,0,1,0,Matches
86e7deaf,12,11,1,0,0,0,0,2,2,0,0,0,0,0,Matches
26d3b5be,2,2,0,0,0,0,0,1,1,0,0,0,0,0,Matches
8e16dd48,22,17,0,2,1,2,0,1,0,0,1,0,0,0,Matches
6250083a,8,8,0,0,0,0,0,0,0,0,0,0,0,0,Matches
20b104bc,16,13,1,0,2,0,0,1,1,0,0,0,0,0,Matches
17695062,3,2,1,0,0,0,0,0,0,0,0,0,0,0,Matches
839c14e1,1,1,0,0,0,0,0,0,0,0,0,0,0,0,Matches
839c14e1,0,0,0,0,0,0,0,0,0,0,0,0,0,0,Matches
e77dc3b2,29,16,0,4,8,1,0,8,6,0,0,2,0,0,Matches
886f9aac,3,3,0,0,0,0,0,1,1,0,0,0,0,0,Matches
6613c819,39,32,0,0,6,0,1,1,1,0,0,0,0,0,Matches
ae59b359,6,5,0,1,0,0,0,0,0,0,0,0,0,0,Matches
0a6cb1b1,3,3,0,0,0,0,0,1,1,0,0,0,0,0,Matches
21166ff4,0,0,0,0,0,0,0,0,0,0,0,0,0,0,Matches
9bc9a519,0,0,0,0,0,0,0,0,0,0,0,0,0,0,Matches
558807c0,1,1,0,0,0,0,0,0,0,0,0,0,0,0,Matches
6992791d,4,4,0,0,0,0,0,0,0,0,0,0,0,0,Matches
b2626673,4,1,0,0,2,1,0,1,0,0,0,1,0,0,Matches
6adbc307,0,0,0,0,0,0,0,0,0,0,0,0,0,0,Matches
6adbc307,4,4,0,0,0,0,0,0,0,0,0,0,0,0,Matches
b400bde0,47,42,0,1,2,2,0,2,2,0,0,0,0,0,Matches
5eecec3d,11,7,1,0,3,0,0,3,2,0,0,1,0,0,Matches
f4d296e4,28,21,3,0,3,0,1,2,0,0,0,2,0,0,Matches
a62f8bf1,17,9,0,4,2,1,1,0,0,0,0,0,0,0,Matches
df04eb4b,27,17,0,0,2,6,2,3,2,0,0,0,1,0,Matches
b017b770,4,3,0,0,1,0,0,1,1,0,0,0,0,0,Matches
e9971f2d,0,0,0,0,0,0,0,0,0,0,0,0,0,0,Matches
e514ab62,13,10,3,0,0,0,0,0,0,0,0,0,0,0,Matches
15ea812b,15,12,0,0,2,0,1,0,0,0,0,0,0,0,Matches
5c0da4a4,34,21,7,2,2,2,0,7,3,2,0,2,0,0,Matches
7120a04d,8,4,0,3,1,0,0,1,0,0,1,0,0,0,Matches
77d7c96f,31,27,3,0,0,1,0,7,7,0,0,0,0,0,Matches
fc027d02,13,9,2,0,1,0,1,2,1,0,0,1,0,0,Matches
56f7a928,63,51,3,1,6,1,1,3,2,0,0,1,0,0,Matches
fce2302c,9,8,0,0,1,0,0,2,2,0,0,0,0,0,Matches
a105d46a,17,12,3,1,0,0,1,0,0,0,0,0,0,0,Matches
b3af9be1,10,8,2,0,0,0,0,2,2,0,0,0,0,0,Matches
e7ca0439,0,0,0,0,0,0,0,0,0,0,0,0,0,0,Matches
e09f279b,43,25,2,3,3,10,0,6,2,0,1,0,3,0,Matches
9a28eba4,33,28,0,2,1,2,0,3,2,0,0,1,0,0,Matches
999ceb5f,6,6,0,0,0,0,0,2,2,0,0,0,0,0,Matches
fe558029,0,0,0,0,0,0,0,0,0,0,0,0,0,0,Matches
21512407,116,50,62,0,1,2,1,7,6,1,0,0,0,0,Matches
38ceb24a,10,7,1,0,1,1,0,1,1,0,0,0,0,0,Matches
38ceb24a,51,39,0,7,4,1,0,9,5,0,3,0,1,0,Matches
f315ca93,19,7,10,0,2,0,0,3,2,1,0,0,0,0,Matches
dd549382,9,5,0,0,4,0,0,0,0,0,0,0,0,0,Matches
531a4aa8,0,0,0,0,0,0,0,0,0,0,0,0,0,0,Matches
e06683ca,10,9,0,0,1,0,0,1,1,0,0,0,0,0,Matches
9f8e9423,10,6,1,0,2,0,1,0,0,0,0,0,0,0,Matches
45963054,20,16,0,2,2,0,0,5,5,0,0,0,0,0,Matches
dad4b285,21,18,2,0,0,0,1,2,2,0,0,0,0,0,Matches
6412cc03,10,7,1,1,1,0,0,3,3,0,0,0,0,0,Matches
08eb3b58,0,0,0,0,0,0,0,0,0,0,0,0,0,0,Matches
b937e490,0,0,0,0,0,0,0,0,0,0,0,0,0,0,Matches
8b529245,9,8,0,1,0,0,0,4,3,0,1,0,0,0,Matches
1ecb65be,6,5,0,0,1,0,0,0,0,0,0,0,0,0,Matches
86dd77d1,18,16,2,0,0,0,0,2,2,0,0,0,0,0,Matches
984a5a64,29,20,2,3,2,2,0,2,1,1,0,0,0,0,Matches
9e525177,13,13,0,0,0,0,0,1,1,0,0,0,0,0,Matches
d3ce0e89,2,2,0,0,0,0,0,0,0,0,0,0,0,0,Matches
8a7ff278,7,5,0,1,0,1,0,0,0,0,0,0,0,0,Matches
3515d404,83,37,43,1,1,1,0,5,2,1,1,1,0,0,Matches
aed3a70f,52,37,0,3,8,4,0,9,5,0,1,3,0,0,Matches
c40b6180,13,12,1,0,0,0,0,1,1,0,0,0,0,0,Matches
c4e87b8b,14,10,0,0,2,1,1,2,2,0,0,0,0,0,Matches
ce5143da,30,21,0,2,2,4,1,7,4,0,1,0,2,0,Matches
35e413f1,45,37,7,0,0,1,0,7,6,1,0,0,0,0,Matches
4d90ce8c,0,0,0,0,0,0,0,0,0,0,0,0,0,0,Matches
dd323728,30,18,4,4,1,1,2,2,1,0,0,1,0,0,Matches
8b9ebd03,66,48,6,3,4,4,1,8,5,1,1,1,0,0,Matches
a3b03921,46,37,0,3,3,2,1,3,2,0,0,1,0,0,Matches
c596fcb0,23,13,0,2,4,4,0,5,3,0,0,2,0,0,Matches
c6dc9ecd,6,4,0,1,0,1,0,1,0,0,0,0,1,0,Matches
2500cef9,24,18,0,1,1,3,1,5,3,0,0,0,1,1,Matches
4b803b3c,7,3,2,0,2,0,0,0,0,0,0,0,0,0,Matches
4e9a0555,5,4,0,0,1,0,0,0,0,0,0,0,0,0,Matches
4e9a0555,5,3,0,0,1,1,0,0,0,0,0,0,0,0,Matches
a5212312,8,7,1,0,0,0,0,0,0,0,0,0,0,0,Matches
e61b8aee,78,72,1,2,2,1,0,10,10,0,0,0,0,0,Matches
c1fe2a48,20,14,0,0,4,2,0,2,0,0,0,2,0,0,Matches
be927d03,30,26,2,2,0,0,0,1,1,0,0,0,0,0,Matches
b2bc3b1f,63,42,0,7,2,12,0,6,5,0,0,1,0,0,Matches
384d58d9,3,2,0,0,0,0,1,0,0,0,0,0,0,0,Matches
e8271ad9,34,24,0,6,2,2,0,2,2,0,0,0,0,0,Matches
51cf8561,34,30,0,0,2,1,1,1,1,0,0,0,0,0,Matches
6622454d,23,18,3,1,0,1,0,1,1,0,0,0,0,0,Matches
ce4246f5,4,3,0,0,1,0,0,2,1,0,0,1,0,0,Matches
79300479,112,82,14,2,9,3,2,13,11,0,0,2,0,0,Matches
