id,Gls,Sh,SoT,G/Sh,G/SoT,Dist,FK,PK,PKatt,xG,npxG,G-xG,np:G-xG
22919e97,1,20,10,0.05,0.1,14.0,0,0,0,3.3,3.3,-2.3,-2.3
501055d8,3,20,9,0.15,0.33,17.4,0,0,0,2.5,2.5,0.5,0.5
dcfb17f4,1,14,5,0.07,0.2,12.3,0,0,0,2.0,2.0,-1.0,-1.0
cb6d81b3,0,1,0,0.0,0.0,15.9,0,0,0,0.0,0.0,0.0,0.0
a6c58494,2,16,5,0.13,0.4,22.1,0,0,0,0.8,0.8,1.2,1.2
462475ed,1,11,5,0.09,0.2,14.5,0,0,0,1.3,1.3,-0.3,-0.3
6ec6fde0,0,6,1,0.0,0.0,17.0,0,0,0,0.6,0.6,-0.6,-0.6
834d0be5,1,9,2,0.11,0.5,14.9,0,0,0,1.3,1.3,-0.3,-0.3
00f518d8,0,2,0,0.0,0.0,17.0,0,0,0,0.1,0.1,-0.1,-0.1
8ce30c57,0,0,0,0.0,0.0,0.0,0,0,0,0.0,0.0,0.0,0.0
cd682b6b,0,0,0,0.0,0.0,0.0,0,0,0,0.0,0.0,0.0,0.0
555d5edd,3,15,7,0.2,0.43,24.1,1,0,0,0.7,0.7,2.3,2.3
e0b113a7,2,18,4,0.11,0.5,19.7,1,0,0,1.2,1.2,0.8,0.8
30941e96,0,14,3,0.0,0.0,20.6,2,0,0,0.7,0.7,-0.7,-0.7
5e66fa06,1,17,4,0.06,0.25,17.4,0,0,0,1.4,1.4,-0.4,-0.4
0a3f6cde,2,17,4,0.12,0.5,18.9,0,0,0,1.8,1.8,0.2,0.2
56413b1f,1,5,2,0.2,0.5,18.5,0,0,0,0.3,0.3,0.7,0.7
86e119e0,5,24,9,0.08,0.22,32.0,6,3,4,4.0,0.9,1.0,1.1
13ddc856,1,21,7,0.05,0.14,19.4,0,0,0,1.7,1.7,-0.7,-0.7
35f67a30,0,4,0,0.0,0.0,8.6,0,0,0,1.0,1.0,-1.0,-1.0
fe46e261,0,5,0,0.0,0.0,23.3,0,0,0,0.2,0.2,-0.2,-0.2
ce81d82d,0,0,0,0.0,0.0,0.0,0,0,0,0.0,0.0,0.0,0.0
10549b49,1,15,5,0.07,0.2,10.4,0,0,0,2.0,2.0,-1.0,-1.0
f582d5c1,0,0,0,0.0,0.0,0.0,0,0,0,0.0,0.0,0.0,0.0
a8567629,2,10,4,0.2,0.5,21.3,0,0,0,1.1,1.1,0.9,0.9
442b56fa,5,23,10,0.22,0.5,19.8,0,0,0,2.5,2.5,2.5,2.5
a2a85828,0,9,1,0.0,0.0,22.5,0,0,0,0.4,0.4,-0.4,-0.4
00242b75,1,20,10,0.05,0.1,15.8,0,0,0,1.6,1.5,-0.6,-0.5
e61bdd69,1,7,3,0.14,0.33,19.0,0,0,0,0.4,0.4,0.6,0.6
44a20f0c,0,8,0,0.0,0.0,8.5,0,0,0,1.6,1.6,-1.6,-1.6
47064058,0,0,0,0.0,0.0,0.0,0,0,0,0.0,0.0,0.0,0.0
bd7d2e6d,0,4,2,0.0,0.0,11.5,0,0,0,0.2,0.2,-0.2,-0.2
69374ff5,0,3,0,0.0,0.0,18.2,0,0,0,0.3,0.3,-0.3,-0.3
437f2b00,5,47,14,0.11,0.36,16.1,0,0,0,5.2,5.2,-0.2,-0.2
fbbc8e15,0,0,0,0.0,0.0,0.0,0,0,0,0.0,0.0,0.0,0.0
a53b661f,2,8,5,0.25,0.4,10.2,0,0,0,1.5,1.5,0.5,0.5
8eb55dbb,7,36,15,0.19,0.47,19.7,0,0,0,2.6,2.6,4.4,4.4
30ae134d,4,12,7,0.33,0.57,11.9,0,0,0,1.8,1.8,2.2,2.2
857a5abe,0,4,0,0.0,0.0,8.6,0,0,0,0.5,0.5,-0.5,-0.5
bee0bab1,0,0,0,0.0,0.0,0.0,0,0,0,0.0,0.0,0.0,0.0
57d88cf9,4,43,16,0.09,0.25,16.9,2,0,0,4.8,4.8,-0.8,-0.8
378825c7,5,27,8,0.15,0.5,16.6,2,1,1,3.9,3.1,1.1,0.9
eb6e14be,6,43,11,0.09,0.36,18.7,5,2,3,6.4,4.1,-0.4,-0.1
7aac47fe,0,2,1,0.0,0.0,11.5,0,0,0,0.1,0.1,-0.1,-0.1
07d3bfec,0,6,2,0.0,0.0,23.1,0,0,0,0.5,0.5,-0.5,-0.5
dc62fbee,2,14,7,0.14,0.29,22.3,1,0,0,0.7,0.7,1.3,1.3
663e080e,0,0,0,0.0,0.0,0.0,0,0,0,0.0,0.0,0.0,0.0
691bef82,0,1,1,0.0,0.0,24.8,0,0,0,0.1,0.1,-0.1,-0.1
f4ec4fd0,0,0,0,0.0,0.0,0.0,0,0,0,0.0,0.0,0.0,0.0
635f2732,0,5,3,0.0,0.0,20.6,0,0,0,0.5,0.5,-0.5,-0.5
36578017,0,1,0,0.0,0.0,34.7,0,0,0,0.1,0.1,-0.1,-0.1
01834aa0,0,2,1,0.0,0.0,10.5,0,0,0,0.2,0.2,-0.2,-0.2
c68da769,2,12,3,0.08,0.33,14.5,0,1,1,2.1,1.3,-0.1,-0.3
a167537f,8,26,15,0.31,0.53,17.8,1,0,0,3.1,3.1,4.9,4.9
d28339cb,0,0,0,0.0,0.0,0.0,0,0,0,0.0,0.0,0.0,0.0
d4a2533d,0,2,1,0.0,0.0,20.2,0,0,0,0.1,0.1,-0.1,-0.1
e27da244,0,1,0,0.0,0.0,10.6,0,0,0,0.1,0.1,-0.1,-0.1
bbd79358,1,3,2,0.33,0.5,14.3,0,0,0,0.4,0.4,0.6,0.6
f0a37d36,0,6,0,0.0,0.0,27.1,0,0,0,0.2,0.2,-0.2,-0.2
4e204552,1,6,2,0.17,0.5,14.0,0,0,0,1.2,1.2,-0.2,-0.2
45e95f21,1,4,1,0.25,1.0,22.1,0,0,0,0.2,0.2,0.8,0.8
ab5b7dc1,4,35,8,0.06,0.25,17.2,0,2,2,4.1,2.5,-0.1,-0.5
05e2d5ea,0,4,2,0.0,0.0,25.1,0,0,0,0.2,0.2,-0.2,-0.2
05f99a4a,1,20,6,0.05,0.17,12.6,0,0,1,3.0,2.2,-2.0,-1.2
f631c17f,2,8,5,0.25,0.4,14.0,0,0,0,1.0,1.0,1.0,1.0
b4705807,2,2,2,1.0,1.0,18.9,0,0,0,0.2,0.2,1.8,1.8
10745192,3,18,10,0.17,0.3,17.3,0,0,0,1.7,1.7,1.3,1.3
0118c54c,2,7,3,0.29,0.67,16.5,0,0,0,0.5,0.5,1.5,1.5
d1db4b83,0,1,0,0.0,0.0,16.7,0,0,0,0.0,0.0,0.0,0.0
d1273f09,1,5,2,0.2,0.5,17.7,0,0,0,0.4,0.4,0.6,0.6
a65ce836,0,6,1,0.0,0.0,19.6,0,0,0,0.4,0.4,-0.4,-0.4
bd6351cd,0,2,0,0.0,0.0,15.2,0,0,0,0.2,0.2,-0.2,-0.2
5e080f73,0,1,0,0.0,0.0,30.1,0,0,0,0.0,0.0,0.0,0.0
db401046,0,0,0,0.0,0.0,0.0,0,0,0,0.0,0.0,0.0,0.0
ae7058f9,0,7,0,0.0,0.0,7.1,0,0,0,0.9,0.9,-0.9,-0.9
b3b7f5a6,0,0,0,0.0,0.0,0.0,0,0,0,0.0,0.0,0.0,0.0
48780156,0,0,0,0.0,0.0,0.0,0,0,0,0.0,0.0,0.0,0.0
af104654,0,0,0,0.0,0.0,0.0,0,0,0,0.0,0.0,0.0,0.0
c6608135,0,0,0,0.0,0.0,0.0,0,0,0,0.0,0.0,0.0,0.0
6e17c802,0,4,3,0.0,0.0,32.1,1,0,0,0.1,0.1,-0.1,-0.1
dd5bbe0d,1,1,1,1.0,1.0,8.4,0,0,0,0.4,0.4,0.6,0.6
042e8a49,5,27,8,0.19,0.63,18.7,0,0,0,2.3,2.3,2.7,2.7
5ddb8f9f,0,5,0,0.0,0.0,17.6,0,0,0,0.2,0.2,-0.2,-0.2
05ba9d7c,1,2,1,0.5,1.0,20.5,0,0,0,0.1,0.1,0.9,0.9
eac044ad,5,14,12,0.36,0.42,15.6,0,0,0,2.4,2.4,2.6,2.6
dee3013b,0,0,0,0.0,0.0,0.0,0,0,0,0.0,0.0,0.0,0.0
db4ed67b,0,4,0,0.0,0.0,28.6,0,0,0,0.1,0.1,-0.1,-0.1
d3d77413,0,1,0,0.0,0.0,10.4,0,0,0,0.1,0.1,-0.1,-0.1
41bff4fa,1,2,1,0.5,1.0,22.2,0,0,0,0.1,0.1,0.9,0.9
3eb0f2df,0,0,0,0.0,0.0,0.0,0,0,0,0.0,0.0,0.0,0.0
d781d855,0,12,6,0.0,0.0,17.1,0,0,0,1.2,1.2,-1.2,-1.2
fe641c1a,0,1,0,0.0,0.0,20.0,0,0,0,0.1,0.1,-0.1,-0.1
54b4dc4e,3,26,4,0.12,0.75,24.8,7,0,0,1.8,1.8,1.2,1.2
ed79b7d3,7,46,18,0.13,0.33,15.2,0,1,1,5.8,5.0,1.2,1.0
7bf9400b,0,3,0,0.0,0.0,12.2,0,0,0,0.5,0.5,-0.5,-0.5
aeed5c06,7,43,25,0.16,0.28,17.7,0,0,1,7.7,6.9,-0.7,0.1
fc62f087,1,4,1,0.25,1.0,8.0,0,0,0,0.4,0.4,0.6,0.6
d82a310a,0,0,0,0.0,0.0,0.0,0,0,0,0.0,0.0,0.0,0.0
8779ddf8,1,17,6,0.06,0.17,11.9,0,0,0,2.5,2.5,-1.5,-1.5
95bb6ddc,2,16,5,0.13,0.4,14.5,0,0,0,1.9,1.9,0.1,0.1
4ccd8957,0,3,0,0.0,0.0,16.7,0,0,0,0.3,0.3,-0.3,-0.3
d01bbb6f,2,38,17,0.05,0.12,18.0,0,0,0,3.9,3.9,-1.9,-1.9
f67c9d29,4,7,6,0.57,0.67,10.1,0,0,0,1.3,1.3,2.7,2.7
cc83b74d,0,5,2,0.0,0.0,14.4,0,0,0,0.4,0.4,-0.4,-0.4
7f73bdf4,0,0,0,0.0,0.0,0.0,0,0,0,0.0,0.0,0.0,0.0
9a2e3a23,0,4,2,0.0,0.0,18.6,0,0,0,0.2,0.2,-0.2,-0.2
809940aa,3,13,5,0.23,0.6,13.9,0,0,0,2.0,2.0,1.0,1.0
638a4d71,5,51,26,0.1,0.19,18.7,8,0,1,6.1,5.3,-1.1,-0.3
79ca3e23,0,12,3,0.0,0.0,18.6,0,0,0,0.7,0.7,-0.7,-0.7
beb882a8,0,6,1,0.0,0.0,18.3,0,0,0,0.4,0.4,-0.4,-0.4
2f7fec15,0,8,0,0.0,0.0,20.6,0,0,0,0.4,0.4,-0.4,-0.4
76b2817e,0,1,1,0.0,0.0,35.5,0,0,0,0.0,0.0,0.0,0.0
e7f3e8a7,0,21,5,0.0,0.0,19.7,0,0,0,1.4,1.4,-1.4,-1.4
48035304,3,12,6,0.25,0.5,11.0,0,0,0,1.8,1.8,1.2,1.2
c149016b,3,33,10,0.09,0.3,17.2,0,0,0,2.4,2.4,0.6,0.6
554bcc91,0,5,1,0.0,0.0,25.3,0,0,0,0.2,0.2,-0.2,-0.2
1e43fad8,0,0,0,0.0,0.0,0.0,0,0,0,0.0,0.0,0.0,0.0
677da306,0,2,1,0.0,0.0,9.7,0,0,0,0.1,0.1,-0.1,-0.1
3bb625ac,0,9,1,0.0,0.0,24.8,1,0,0,0.3,0.3,-0.3,-0.3
79f7302a,0,0,0,0.0,0.0,0.0,0,0,0,0.0,0.0,0.0,0.0
a92ab7be,0,0,0,0.0,0.0,0.0,0,0,0,0.0,0.0,0.0,0.0
9642c929,0,2,1,0.0,0.0,24.9,0,0,0,0.1,0.1,-0.1,-0.1
9a2e0ccc,4,10,5,0.3,0.6,17.6,0,1,1,2.4,1.6,1.6,1.4
76fa965f,2,12,5,0.17,0.4,20.8,2,0,0,0.7,0.7,1.3,1.3
a9142dc3,0,2,2,0.0,0.0,27.1,0,0,0,0.0,0.0,0.0,0.0
626fab5f,0,0,0,0.0,0.0,0.0,0,0,0,0.0,0.0,0.0,0.0
697dc00a,0,2,2,0.0,0.0,11.6,0,0,0,0.3,0.3,-0.3,-0.3
33182cb8,0,12,4,0.0,0.0,13.8,0,0,0,1.0,1.0,-1.0,-1.0
f86ad3f5,0,3,1,0.0,0.0,23.0,0,0,0,0.3,0.3,-0.3,-0.3
b77f44a4,1,7,3,0.14,0.33,13.5,0,0,0,0.6,0.6,0.4,0.4
74f2e748,5,25,11,0.2,0.45,11.5,0,0,0,5.6,5.6,-0.6,-0.6
0cf778df,4,32,9,0.09,0.33,19.0,0,1,1,2.8,2.0,1.2,1.0
4b96c347,0,8,4,0.0,0.0,18.6,0,0,0,0.6,0.6,-0.6,-0.6
4f16405e,14,60,23,0.17,0.43,16.4,0,4,4,10.2,6.8,3.8,3.2
f27680d9,0,7,1,0.0,0.0,30.0,0,0,0,0.1,0.1,-0.1,-0.1
6c731625,0,9,3,0.0,0.0,20.2,0,0,0,0.5,0.5,-0.5,-0.5
37f606f0,1,4,2,0.25,0.5,23.7,0,0,0,0.1,0.1,0.9,0.9
62ab9184,5,18,9,0.28,0.56,12.8,0,0,0,3.8,3.8,1.2,1.2
7242b495,0,17,3,0.0,0.0,19.7,1,0,0,1.0,1.0,-1.0,-1.0
17376543,0,0,0,0.0,0.0,0.0,0,0,0,0.0,0.0,0.0,0.0
f521b80a,3,11,7,0.27,0.43,12.6,0,0,0,1.0,1.0,2.0,2.0
88e357ef,9,51,23,0.16,0.35,16.8,1,1,1,6.6,5.8,2.4,2.2
83b9c48f,0,0,0,0.0,0.0,0.0,0,0,0,0.0,0.0,0.0,0.0
cc86b9a3,3,32,8,0.09,0.38,17.4,0,0,0,3.9,3.9,-0.9,-0.9
9efa1d25,2,17,6,0.12,0.33,18.6,0,0,0,2.0,2.0,0.0,0.0
1025db8e,0,12,3,0.0,0.0,14.7,0,0,0,1.3,1.3,-1.3,-1.3
b8e740fb,0,8,1,0.0,0.0,19.3,0,0,0,0.7,0.7,-0.7,-0.7
8e235926,8,54,30,0.15,0.27,14.3,0,0,0,8.7,8.7,-0.7,-0.7
f9dfb7ae,0,1,1,0.0,0.0,10.8,0,0,0,0.1,0.1,-0.1,-0.1
54e4866f,12,36,14,0.17,0.43,22.5,9,6,7,7.8,2.2,4.2,3.8
37998008,0,0,0,0.0,0.0,0.0,0,0,0,0.0,0.0,0.0,0.0
14a7af33,1,3,1,0.33,1.0,28.1,0,0,0,0.1,0.1,0.9,0.9
ae9b998d,0,0,0,0.0,0.0,0.0,0,0,0,0.0,0.0,0.0,0.0
1fc4f3d1,0,3,1,0.0,0.0,22.9,0,0,0,0.1,0.1,-0.1,-0.1
f2dd9a21,0,2,0,0.0,0.0,32.1,0,0,0,0.0,0.0,0.0,0.0
048a1cbc,1,18,8,0.06,0.13,21.2,4,0,0,1.1,1.1,-0.1,-0.1
e6c43eec,1,3,1,0.33,1.0,14.5,0,0,0,0.2,0.2,0.8,0.8
923f4dda,6,28,10,0.18,0.5,16.5,0,1,1,5.1,4.3,0.9,0.7
bcb2ccd8,0,0,0,0.0,0.0,0.0,0,0,0,0.0,0.0,0.0,0.0
25ab9c9c,0,0,0,0.0,0.0,0.0,0,0,0,0.0,0.0,0.0,0.0
1df0c0b9,1,6,3,0.17,0.33,11.5,0,0,0,0.5,0.5,0.5,0.5
8593f88c,0,21,6,0.0,0.0,21.6,0,0,0,0.9,0.9,-0.9,-0.9
5ad50391,0,8,2,0.0,0.0,13.2,0,0,0,0.6,0.6,-0.6,-0.6
70dcf94d,5,22,10,0.23,0.5,17.8,0,0,0,2.8,2.8,2.2,2.2
a5ec3ede,0,3,0,0.0,0.0,12.7,0,0,0,0.1,0.1,-0.1,-0.1
cd82452e,2,7,2,0.29,1.0,21.4,0,0,0,0.4,0.4,1.6,1.6
92432bc6,1,10,2,0.1,0.5,22.5,0,0,0,1.5,1.5,-0.5,-0.5
ba115a40,1,7,4,0.14,0.25,9.4,0,0,0,1.0,1.0,0.0,0.0
8ff2354e,1,6,2,0.17,0.5,13.0,0,0,0,0.7,0.7,0.3,0.3
2e77d607,0,3,1,0.0,0.0,15.0,0,0,0,0.2,0.2,-0.2,-0.2
f24ea523,0,3,1,0.0,0.0,24.6,1,0,0,0.2,0.2,-0.2,-0.2
f24ea523,0,6,1,0.0,0.0,21.4,0,0,0,0.3,0.3,-0.3,-0.3
9ab16552,0,0,0,0.0,0.0,0.0,0,0,0,0.0,0.0,0.0,0.0
50871bcc,0,8,3,0.0,0.0,14.2,0,0,0,1.3,1.3,-1.3,-1.3
c2009df3,0,17,2,0.0,0.0,15.3,0,0,0,1.3,1.3,-1.3,-1.3
699fb8db,0,1,0,0.0,0.0,8.5,0,0,0,0.1,0.1,-0.1,-0.1
0a89e877,2,19,4,0.11,0.5,21.1,0,0,0,0.8,0.8,1.2,1.2
c3ee18ef,0,0,0,0.0,0.0,0.0,0,0,0,0.0,0.0,0.0,0.0
dfb6490a,1,6,2,0.17,0.5,19.7,0,0,0,0.4,0.4,0.6,0.6
0c7a48f8,1,13,4,0.08,0.25,17.5,0,0,0,0.9,0.9,0.1,0.1
5521f419,3,24,9,0.13,0.33,17.7,2,0,0,2.1,2.1,0.9,0.9
5d8e331f,0,13,4,0.0,0.0,14.8,0,0,0,1.5,1.5,-1.5,-1.5
2903a856,8,27,13,0.3,0.62,19.4,2,0,1,4.4,3.7,3.6,4.3
877bc844,7,32,15,0.22,0.47,14.5,0,0,0,4.7,4.7,2.3,2.3
ca618d23,3,11,6,0.27,0.5,12.5,0,0,0,1.5,1.5,1.5,1.5
2979c05a,1,25,13,0.04,0.08,19.6,0,0,0,2.1,2.1,-1.1,-1.1
2b83fa49,0,0,0,0.0,0.0,0.0,0,0,0,0.0,0.0,0.0,0.0
ad3389d5,0,0,0,0.0,0.0,0.0,0,0,0,0.0,0.0,0.0,0.0
94302c52,1,6,3,0.17,0.33,15.6,0,0,0,0.6,0.6,0.4,0.4
15f3ec41,0,4,1,0.0,0.0,20.5,0,0,0,0.2,0.2,-0.2,-0.2
05d548d8,0,11,1,0.0,0.0,9.3,0,0,0,1.4,1.4,-1.4,-1.4
b116c6e3,3,14,3,0.21,1.0,14.0,0,0,0,2.0,2.0,1.0,1.0
054849d2,0,7,0,0.0,0.0,17.3,0,0,0,0.4,0.4,-0.4,-0.4
f5c4fd91,0,2,2,0.0,0.0,6.9,0,0,0,0.5,0.5,-0.5,-0.5
271b8617,8,22,7,0.18,0.57,17.0,0,4,4,5.6,2.4,2.4,1.6
97d545ae,0,8,4,0.0,0.0,15.3,0,0,0,0.4,0.4,-0.4,-0.4
204dded0,0,12,5,0.0,0.0,33.5,1,0,0,0.5,0.5,-0.5,-0.5
8bf58a80,0,1,0,0.0,0.0,26.5,1,0,0,0.0,0.0,0.0,0.0
34b0387f,7,21,10,0.33,0.7,14.0,0,0,0,2.8,2.8,4.2,4.2
a93b6f4e,1,2,2,0.5,0.5,11.3,0,0,0,0.1,0.1,0.9,0.9
a8ee54ad,1,7,3,0.14,0.33,16.1,0,0,0,0.7,0.7,0.3,0.3
fa4cabd1,0,0,0,0.0,0.0,0.0,0,0,0,0.0,0.0,0.0,0.0
689c9cf4,0,1,0,0.0,0.0,21.9,0,0,0,0.0,0.0,0.0,0.0
34b54da7,0,0,0,0.0,0.0,0.0,0,0,0,0.0,0.0,0.0,0.0
3eeb80e0,2,10,3,0.2,0.67,17.2,0,0,0,1.6,1.6,0.4,0.4
ee644761,0,6,2,0.0,0.0,9.4,0,0,0,0.7,0.7,-0.7,-0.7
f36c432f,1,12,2,0.08,0.5,20.3,0,0,0,1.2,1.2,-0.2,-0.2
de838f86,2,14,5,0.14,0.4,15.3,0,0,0,1.2,1.2,0.8,0.8
0a084b35,0,1,0,0.0,0.0,46.9,0,0,0,0.6,0.6,-0.6,-0.6
2d61d13a,2,20,6,0.1,0.33,13.8,0,0,0,1.1,1.1,0.9,0.9
79c90e45,1,4,1,0.25,1.0,9.2,0,0,0,0.7,0.7,0.3,0.3
94c18565,5,33,14,0.09,0.21,22.0,4,2,2,4.1,2.5,0.9,0.5
15f24fe7,0,5,1,0.0,0.0,10.8,0,0,0,0.5,0.5,-0.5,-0.5
091c86e2,2,20,8,0.1,0.25,15.0,0,0,0,1.9,1.9,0.1,0.1
15b287da,7,20,7,0.25,0.71,16.8,4,2,2,5.3,3.7,1.7,1.3
202b3b68,1,19,5,0.05,0.2,15.5,0,0,0,2.2,2.1,-1.2,-1.1
463503e2,0,0,0,0.0,0.0,0.0,0,0,0,0.0,0.0,0.0,0.0
b825a650,0,4,0,0.0,0.0,27.1,0,0,0,0.1,0.1,-0.1,-0.1
b4c816a9,2,23,9,0.09,0.22,11.8,0,0,0,3.0,3.0,-1.0,-1.0
8f0f2230,0,13,3,0.0,0.0,12.2,0,0,0,1.6,1.6,-1.6,-1.6
5762be5c,0,3,0,0.0,0.0,17.3,0,0,0,0.2,0.2,-0.2,-0.2
778ccc44,0,2,1,0.0,0.0,13.7,0,0,0,0.3,0.3,-0.3,-0.3
de4cac2d,3,29,10,0.07,0.2,16.7,0,1,1,4.7,3.9,-1.7,-1.9
d2c580ce,0,0,0,0.0,0.0,0.0,0,0,0,0.0,0.0,0.0,0.0
815c314f,0,10,2,0.0,0.0,9.4,0,0,0,0.8,0.8,-0.8,-0.8
099e666f,0,6,1,0.0,0.0,24.9,0,0,0,0.3,0.3,-0.3,-0.3
59e4b92e,0,16,1,0.0,0.0,23.8,0,0,0,0.7,0.7,-0.7,-0.7
610aa1e9,1,4,1,0.25,1.0,9.8,0,0,0,1.1,1.1,-0.1,-0.1
49296448,3,22,9,0.14,0.33,25.5,3,0,0,1.2,1.2,1.8,1.8
ca8033cb,0,4,1,0.0,0.0,12.8,0,0,0,0.3,0.3,-0.3,-0.3
19a967ab,1,12,6,0.08,0.17,19.4,0,0,0,0.7,0.7,0.3,0.3
6bd5cd5d,2,5,1,0.2,1.0,19.3,0,1,2,1.8,0.2,0.2,0.8
cd59b9df,0,0,0,0.0,0.0,0.0,0,0,0,0.0,0.0,0.0,0.0
0fbecd11,2,24,4,0.08,0.5,21.5,0,0,0,1.3,1.3,0.7,0.7
c0b3669f,10,42,20,0.21,0.45,13.3,0,1,1,7.7,6.9,2.3,2.1
ab096c6f,0,0,0,0.0,0.0,0.0,0,0,0,0.0,0.0,0.0,0.0
86574238,1,20,10,0.05,0.1,25.1,0,0,0,0.9,0.9,0.1,0.1
1f3afdcb,0,2,0,0.0,0.0,25.6,0,0,0,0.1,0.1,-0.1,-0.1
b1cd37e6,0,1,0,0.0,0.0,21.1,0,0,0,0.0,0.0,0.0,0.0
dc366c36,0,0,0,0.0,0.0,0.0,0,0,0,0.0,0.0,0.0,0.0
f1e855eb,1,14,6,0.07,0.17,18.9,0,0,0,1.1,1.1,-0.1,-0.1
e717705a,0,19,1,0.0,0.0,19.9,0,0,0,1.0,1.0,-1.0,-1.0
603cb947,5,38,15,0.13,0.33,16.1,2,0,2,7.0,5.4,-2.0,-0.4
496aeede,0,5,0,0.0,0.0,19.9,0,0,0,0.3,0.3,-0.3,-0.3
9f77012e,1,18,8,0.06,0.13,19.9,0,0,0,1.5,1.5,-0.5,-0.5
f9446dcd,0,9,2,0.0,0.0,13.9,0,0,0,0.7,0.7,-0.7,-0.7
2a29eb9b,2,6,3,0.33,0.67,10.0,0,0,0,0.8,0.8,1.2,1.2
9ceb7642,1,3,1,0.33,1.0,21.3,0,0,0,0.3,0.3,0.7,0.7
f1bc3876,0,0,0,0.0,0.0,0.0,0,0,0,0.0,0.0,0.0,0.0
2770726a,2,11,5,0.18,0.4,14.9,0,0,0,2.2,2.2,-0.2,-0.2
277c49ed,1,3,1,0.33,1.0,8.2,0,0,0,0.4,0.4,0.6,0.6
22798128,0,2,0,0.0,0.0,13.4,0,0,0,0.2,0.2,-0.2,-0.2
c1b7847c,1,12,4,0.08,0.25,19.1,0,0,0,1.2,1.2,-0.2,-0.2
4aea5077,0,2,0,0.0,0.0,16.8,0,0,0,0.1,0.1,-0.1,-0.1
591477c9,0,6,0,0.0,0.0,11.8,0,0,0,0.4,0.4,-0.4,-0.4
72984eee,0,10,0,0.0,0.0,16.7,0,0,0,1.2,1.2,-1.2,-1.2
33b554b7,0,9,0,0.0,0.0,20.8,1,0,0,0.6,0.6,-0.6,-0.6
c4987edc,0,7,0,0.0,0.0,14.1,0,0,0,0.5,0.5,-0.5,-0.5
7e12a98d,0,2,1,0.0,0.0,19.1,0,0,0,0.2,0.2,-0.2,-0.2
792ffa71,0,1,0,0.0,0.0,14.7,0,0,0,0.1,0.1,-0.1,-0.1
bbd86530,0,7,2,0.0,0.0,23.1,0,0,0,0.3,0.3,-0.3,-0.3
13fe7b69,1,6,4,0.17,0.25,13.8,0,0,0,0.5,0.5,0.5,0.5
302527b2,1,12,2,0.08,0.5,15.6,0,0,0,1.0,1.0,0.0,0.0
d6e53a3a,1,10,6,0.1,0.17,15.6,0,0,0,0.5,0.5,0.5,0.5
37dc1a48,7,40,17,0.18,0.41,18.2,4,0,0,5.7,5.7,1.3,1.3
c455a2b2,3,19,7,0.16,0.43,21.6,0,0,0,1.6,1.6,1.4,1.4
07c7eb0c,0,15,5,0.0,0.0,16.1,0,0,0,0.9,0.9,-0.9,-0.9
0c61c77c,9,44,17,0.14,0.35,20.4,1,3,3,5.4,3.0,3.6,3.0
8a6ab963,0,0,0,0.0,0.0,0.0,0,0,0,0.0,0.0,0.0,0.0
ab700320,1,15,3,0.07,0.33,22.1,3,0,0,0.8,0.8,0.2,0.2
e5d85da8,2,25,8,0.08,0.25,16.0,0,0,0,3.1,3.1,-1.1,-1.1
864163f3,1,27,13,0.04,0.08,16.2,1,0,0,2.7,2.7,-1.7,-1.7
c691bfe2,6,39,17,0.13,0.29,13.5,0,1,2,5.9,4.2,0.1,0.8
706a60e1,0,0,0,0.0,0.0,0.0,0,0,0,0.0,0.0,0.0,0.0
0e0102eb,3,28,9,0.11,0.33,15.2,1,0,0,2.3,2.3,0.7,0.7
92a16062,0,13,3,0.0,0.0,21.1,0,0,0,0.6,0.6,-0.6,-0.6
2f3e911a,3,13,4,0.23,0.75,25.6,6,0,1,2.0,1.2,1.0,1.8
a396fb61,2,7,3,0.29,0.67,12.2,0,0,0,1.2,1.2,0.8,0.8
ab3f1bdf,0,1,0,0.0,0.0,9.3,0,0,0,0.1,0.1,-0.1,-0.1
00963611,2,34,9,0.06,0.22,16.0,0,0,0,3.0,3.0,-1.0,-1.0
826e8b63,0,3,1,0.0,0.0,22.1,1,0,0,0.2,0.2,-0.2,-0.2
0e6bc38c,9,26,12,0.35,0.75,12.6,0,0,1,5.1,4.3,3.9,4.7
b74277a0,0,4,0,0.0,0.0,19.6,0,0,0,0.3,0.3,-0.3,-0.3
e162b013,0,4,0,0.0,0.0,26.5,0,0,0,0.2,0.2,-0.2,-0.2
b56dd813,0,0,0,0.0,0.0,0.0,0,0,0,0.0,0.0,0.0,0.0
1e274a0a,3,7,2,0.29,1.0,26.6,0,1,1,1.0,0.3,2.0,1.7
f76022e7,0,7,4,0.0,0.0,17.0,1,0,0,0.7,0.7,-0.7,-0.7
88d4144a,0,4,0,0.0,0.0,25.8,0,0,0,0.1,0.1,-0.1,-0.1
34e4343c,2,21,9,0.1,0.22,10.8,0,0,0,4.3,4.3,-2.3,-2.3
9ec9c8b6,0,9,0,0.0,0.0,20.7,1,0,0,0.4,0.4,-0.4,-0.4
29ddfb9c,0,0,0,0.0,0.0,0.0,0,0,0,0.0,0.0,0.0,0.0
7e82a78f,1,11,1,0.09,1.0,22.1,2,0,0,0.4,0.4,0.6,0.6
6ce43701,6,29,16,0.21,0.38,15.6,0,0,0,5.3,5.3,0.7,0.7
cbac6ec9,0,0,0,0.0,0.0,0.0,0,0,0,0.0,0.0,0.0,0.0
3c6089ab,4,26,16,0.15,0.25,12.8,0,0,0,5.2,5.2,-1.2,-1.2
2c0558b8,11,47,20,0.23,0.55,14.8,0,0,0,6.4,6.4,4.6,4.6
9ff8ec4a,0,2,0,0.0,0.0,17.0,0,0,0,0.1,0.1,-0.1,-0.1
441197b8,0,10,2,0.0,0.0,10.8,0,0,0,1.0,1.0,-1.0,-1.0
e110ea4b,0,2,1,0.0,0.0,16.2,0,0,0,0.1,0.1,-0.1,-0.1
61590953,1,6,2,0.17,0.5,17.2,0,0,0,0.5,0.5,0.5,0.5
30261ba1,0,4,0,0.0,0.0,23.9,0,0,0,0.3,0.3,-0.3,-0.3
e79269bd,0,0,0,0.0,0.0,0.0,0,0,0,0.0,0.0,0.0,0.0
8778c910,0,2,1,0.0,0.0,9.0,0,0,0,0.2,0.2,-0.2,-0.2
36a59ba4,0,9,2,0.0,0.0,19.1,0,0,0,0.6,0.6,-0.6,-0.6
bc249af8,1,10,3,0.1,0.33,13.5,0,0,0,1.6,1.6,-0.6,-0.6
d6862409,4,28,15,0.14,0.27,15.7,0,0,0,2.9,2.9,1.1,1.1
d6862409,0,12,3,0.0,0.0,16.9,0,0,0,1.0,1.0,-1.0,-1.0
a45241d5,0,0,0,0.0,0.0,0.0,0,0,0,0.0,0.0,0.0,0.0
7c56da38,12,43,17,0.23,0.59,15.7,4,2,3,9.3,6.9,2.7,3.1
0cc5f4a5,4,21,7,0.19,0.57,13.4,0,0,0,3.0,3.0,1.0,1.0
5458f670,1,3,2,0.33,0.5,13.2,0,0,0,0.9,0.9,0.1,0.1
bdedffac,0,0,0,0.0,0.0,0.0,0,0,0,0.0,0.0,0.0,0.0
57ec75bf,0,0,0,0.0,0.0,0.0,0,0,0,0.0,0.0,0.0,0.0
dd2e62da,0,0,0,0.0,0.0,0.0,0,0,0,0.0,0.0,0.0,0.0
86adbcc7,0,0,0,0.0,0.0,0.0,0,0,0,0.0,0.0,0.0,0.0
ae44e8e2,2,26,9,0.08,0.22,21.6,0,0,0,1.6,1.6,0.4,0.4
c631f952,0,0,0,0.0,0.0,0.0,0,0,0,0.0,0.0,0.0,0.0
f26834c7,8,52,24,0.15,0.33,16.2,0,0,0,5.2,5.2,2.8,2.8
20030c06,3,18,6,0.17,0.5,9.2,0,0,0,2.6,2.6,0.4,0.4
86c75897,0,6,0,0.0,0.0,12.0,0,0,0,0.4,0.4,-0.4,-0.4
0a16eb36,0,12,5,0.0,0.0,19.7,0,0,0,0.7,0.7,-0.7,-0.7
9662c9ec,0,2,0,0.0,0.0,20.0,0,0,0,0.0,0.0,0.0,0.0
1cbe4984,0,15,1,0.0,0.0,24.4,0,0,0,0.5,0.5,-0.5,-0.5
36d9dabe,0,5,1,0.0,0.0,25.8,0,0,0,0.1,0.1,-0.1,-0.1
8b6e0db2,0,0,0,0.0,0.0,0.0,0,0,0,0.0,0.0,0.0,0.0
15413fa5,0,2,1,0.0,0.0,10.2,0,0,0,0.2,0.2,-0.2,-0.2
66385c46,0,0,0,0.0,0.0,0.0,0,0,0,0.0,0.0,0.0,0.0
e82adcab,1,10,4,0.1,0.25,24.7,0,0,0,0.4,0.4,0.6,0.6
5dc15574,1,5,2,0.2,0.5,18.4,0,0,1,1.4,0.6,-0.4,0.4
13d23b29,0,1,0,0.0,0.0,12.0,0,0,0,0.0,0.0,0.0,0.0
5c50fdbc,1,2,2,0.5,0.5,15.9,0,0,0,0.1,0.1,0.9,0.9
1866b0f1,0,1,0,0.0,0.0,22.7,0,0,0,0.0,0.0,0.0,0.0
5c899683,0,0,0,0.0,0.0,0.0,0,0,0,0.0,0.0,0.0,0.0
53070b63,1,2,1,0.5,1.0,16.1,0,0,0,0.5,0.5,0.5,0.5
45a03961,1,17,6,0.06,0.17,20.7,0,0,0,1.0,1.0,0.0,0.0
0a1cb833,0,0,0,0.0,0.0,0.0,0,0,0,0.0,0.0,0.0,0.0
5154b2ba,0,1,0,0.0,0.0,4.2,0,0,0,0.1,0.1,-0.1,-0.1
582a5247,0,2,0,0.0,0.0,27.6,0,0,0,0.0,0.0,0.0,0.0
b684a484,4,24,6,0.17,0.67,13.0,0,0,2,3.5,2.0,0.5,2.0
c18d22f5,0,0,0,0.0,0.0,0.0,0,0,0,0.0,0.0,0.0,0.0
3b61c9ec,0,14,2,0.0,0.0,27.7,3,0,0,0.6,0.6,-0.6,-0.6
a2b1ed42,0,1,0,0.0,0.0,14.6,0,0,0,0.1,0.1,-0.1,-0.1
ff3d391c,0,0,0,0.0,0.0,0.0,0,0,0,0.0,0.0,0.0,0.0
f93e6e94,0,5,0,0.0,0.0,18.9,0,0,0,0.5,0.5,-0.5,-0.5
f503ef6e,0,2,0,0.0,0.0,29.6,0,0,0,0.0,0.0,0.0,0.0
83e1f40e,0,12,1,0.0,0.0,13.8,0,0,0,1.6,1.6,-1.6,-1.6
061e8e23,0,1,1,0.0,0.0,18.2,0,0,0,0.1,0.1,-0.1,-0.1
061e8e23,0,1,0,0.0,0.0,25.7,0,0,0,0.0,0.0,0.0,0.0
526ea7cc,1,9,2,0.11,0.5,11.9,0,0,0,0.6,0.6,0.4,0.4
f7aa75bd,0,5,1,0.0,0.0,28.5,3,0,0,0.2,0.2,-0.2,-0.2
bc6bd723,2,19,8,0.05,0.13,19.1,1,1,1,2.8,2.0,-0.8,-1.0
ea003d07,0,0,0,0.0,0.0,0.0,0,0,0,0.0,0.0,0.0,0.0
3745e8bd,1,6,4,0.17,0.25,11.2,0,0,0,0.5,0.5,0.5,0.5
7f609bfc,0,0,0,0.0,0.0,0.0,0,0,0,0.0,0.0,0.0,0.0
d2416c2e,1,5,3,0.2,0.33,10.9,0,0,0,0.7,0.7,0.3,0.3
924f9191,1,22,5,0.05,0.2,15.7,0,0,0,2.4,2.4,-1.4,-1.4
c68b1b13,0,0,0,0.0,0.0,0.0,0,0,0,0.0,0.0,0.0,0.0
3c200e05,0,0,0,0.0,0.0,0.0,0,0,0,0.0,0.0,0.0,0.0
b90c4a43,0,0,0,0.0,0.0,0.0,0,0,0,0.0,0.0,0.0,0.0
c8b3a472,0,1,0,0.0,0.0,12.3,0,0,0,0.1,0.1,-0.1,-0.1
7d450ed3,0,10,3,0.0,0.0,24.5,0,0,0,0.4,0.4,-0.4,-0.4
cc971106,0,0,0,0.0,0.0,0.0,0,0,0,0.0,0.0,0.0,0.0
36a3ff67,3,22,5,0.14,0.6,15.0,3,0,0,2.8,2.8,0.2,0.2
1ae836b1,0,10,4,0.0,0.0,27.8,0,0,0,0.2,0.2,-0.2,-0.2
7fa4e703,5,15,6,0.27,0.67,16.1,1,1,1,2.9,2.1,2.1,1.9
f972644c,4,37,13,0.11,0.31,22.7,2,0,0,2.4,2.4,1.6,1.6
9f941969,0,0,0,0.0,0.0,0.0,0,0,0,0.0,0.0,0.0,0.0
e12b0b5b,3,4,3,0.75,1.0,17.2,0,0,0,0.6,0.6,2.4,2.4
ea42c03f,0,4,0,0.0,0.0,7.0,0,0,0,0.6,0.6,-0.6,-0.6
90c1f9a4,0,0,0,0.0,0.0,0.0,0,0,0,0.0,0.0,0.0,0.0
13203c45,0,0,0,0.0,0.0,0.0,0,0,0,0.0,0.0,0.0,0.0
13203c45,0,3,1,0.0,0.0,20.2,0,0,0,0.1,0.1,-0.1,-0.1
80f36c88,0,3,1,0.0,0.0,27.4,0,0,0,0.1,0.1,-0.1,-0.1
c64c01fc,2,27,14,0.07,0.14,15.7,0,0,0,3.0,3.0,-1.0,-1.0
009a4f60,0,16,5,0.0,0.0,24.0,0,0,0,0.7,0.7,-0.7,-0.7
009a4f60,1,5,2,0.2,0.5,26.1,0,0,0,0.2,0.2,0.8,0.8
a70b8345,0,0,0,0.0,0.0,0.0,0,0,0,0.0,0.0,0.0,0.0
e280527c,1,15,5,0.07,0.2,21.7,0,0,0,1.1,1.1,-0.1,-0.1
e1830c52,0,0,0,0.0,0.0,0.0,0,0,0,0.0,0.0,0.0,0.0
bf075f6b,0,21,6,0.0,0.0,17.9,0,0,0,1.8,1.8,-1.8,-1.8
08593525,0,0,0,0.0,0.0,0.0,0,0,0,0.0,0.0,0.0,0.0
2b114be3,6,52,21,0.12,0.29,20.6,3,0,0,4.6,4.6,1.4,1.4
6a52a6c6,0,0,0,0.0,0.0,0.0,0,0,0,0.0,0.0,0.0,0.0
236f02cd,0,6,1,0.0,0.0,16.5,0,0,0,0.5,0.5,-0.5,-0.5
52afb588,1,4,1,0.25,1.0,15.0,0,0,0,0.2,0.2,0.8,0.8
049751d7,0,6,1,0.0,0.0,22.6,0,0,0,0.4,0.4,-0.4,-0.4
93cba339,1,4,1,0.25,1.0,15.9,0,0,0,0.2,0.2,0.8,0.8
5d4f7d61,3,33,14,0.09,0.21,12.7,1,0,0,4.8,4.8,-1.8,-1.8
bd527260,0,0,0,0.0,0.0,0.0,0,0,0,0.0,0.0,0.0,0.0
8f056768,1,5,1,0.2,1.0,22.7,0,0,0,0.3,0.3,0.7,0.7
f6bdc830,0,0,0,0.0,0.0,0.0,0,0,0,0.0,0.0,0.0,0.0
f6bdc830,1,4,1,0.25,1.0,11.3,0,0,0,0.9,0.9,0.1,0.1
34e12499,3,16,5,0.19,0.6,16.2,0,0,0,1.5,1.5,1.5,1.5
220ace7e,0,9,0,0.0,0.0,26.7,0,0,0,0.4,0.4,-0.4,-0.4
b9ae8560,2,12,5,0.17,0.4,20.3,2,0,0,1.1,1.1,0.9,0.9
ad00b1a8,1,6,2,0.17,0.5,21.2,0,0,0,0.2,0.2,0.8,0.8
87436846,0,0,0,0.0,0.0,0.0,0,0,0,0.0,0.0,0.0,0.0
0d55d942,0,1,0,0.0,0.0,5.5,0,0,0,0.1,0.1,-0.1,-0.1
8872ed17,1,8,3,0.13,0.33,18.5,0,0,0,1.0,1.0,0.0,0.0
1238a3f9,1,5,3,0.0,0.0,17.6,0,1,1,1.2,0.4,-0.2,-0.4
1238a3f9,0,4,2,0.0,0.0,13.9,0,0,0,0.7,0.7,-0.7,-0.7
b3325a30,4,20,5,0.2,0.8,18.7,0,0,0,1.8,1.8,2.2,2.2
313254a3,0,8,0,0.0,0.0,20.1,0,0,0,0.7,0.7,-0.7,-0.7
3effaa34,4,42,18,0.1,0.22,13.0,0,0,0,7.5,7.5,-3.5,-3.5
fcb27134,1,7,2,0.14,0.5,13.7,0,0,0,1.0,1.0,0.0,0.0
7ec723b7,0,0,0,0.0,0.0,0.0,0,0,0,0.0,0.0,0.0,0.0
73000a79,0,4,1,0.0,0.0,19.3,0,0,0,0.1,0.1,-0.1,-0.1
0d8a37c2,0,0,0,0.0,0.0,0.0,0,0,0,0.0,0.0,0.0,0.0
c6cf860f,0,0,0,0.0,0.0,0.0,0,0,0,0.0,0.0,0.0,0.0
65857fdf,0,4,2,0.0,0.0,22.6,0,0,0,0.2,0.2,-0.2,-0.2
65857fdf,0,7,2,0.0,0.0,26.4,1,0,0,0.2,0.2,-0.2,-0.2
c2211709,5,21,6,0.24,0.83,15.3,0,0,0,3.3,3.3,1.7,1.7
ff98492b,3,34,10,0.03,0.1,22.4,7,2,2,3.2,1.6,-0.2,-0.6
c967f6b8,0,2,0,0.0,0.0,11.0,0,0,0,0.1,0.1,-0.1,-0.1
c05f2f8c,0,1,0,0.0,0.0,28.2,0,0,0,0.0,0.0,0.0,0.0
4f627629,0,6,0,0.0,0.0,15.2,0,0,0,0.6,0.6,-0.6,-0.6
420c18a1,0,0,0,0.0,0.0,0.0,0,0,0,0.0,0.0,0.0,0.0
420c18a1,0,0,0,0.0,0.0,0.0,0,0,0,0.0,0.0,0.0,0.0
af0d79a9,2,12,6,0.17,0.33,21.2,4,0,0,0.7,0.7,1.3,1.3
4c6facae,3,17,7,0.18,0.43,25.6,0,0,0,1.1,1.1,1.9,1.9
0f59a7bf,1,22,7,0.05,0.14,21.5,2,0,0,1.5,1.5,-0.5,-0.5
861e0116,0,9,0,0.0,0.0,27.9,0,0,0,0.2,0.2,-0.2,-0.2
1fffae99,1,8,4,0.13,0.25,12.1,0,0,0,0.8,0.8,0.2,0.2
7ed08d5c,0,0,0,0.0,0.0,0.0,0,0,0,0.0,0.0,0.0,0.0
aad48be9,0,2,1,0.0,0.0,13.3,0,0,0,0.1,0.1,-0.1,-0.1
99f7e9aa,0,2,0,0.0,0.0,17.5,0,0,0,0.0,0.0,0.0,0.0
3b1ed320,0,3,1,0.0,0.0,24.6,0,0,0,0.1,0.1,-0.1,-0.1
7cd6badb,5,30,13,0.17,0.38,21.7,1,0,0,2.5,2.5,2.5,2.5
e5649a78,1,32,7,0.03,0.14,24.4,5,0,0,1.6,1.6,-0.6,-0.6
e33c06cf,1,16,5,0.06,0.2,18.4,0,0,0,1.1,1.1,-0.1,-0.1
e18098de,0,6,3,0.0,0.0,16.8,0,0,0,0.6,0.6,-0.6,-0.6
92d83c27,2,16,6,0.13,0.33,15.9,2,0,0,1.8,1.8,0.2,0.2
934e1968,4,29,15,0.14,0.27,23.3,4,0,0,1.9,1.9,2.1,2.1
e92cd3f7,0,0,0,0.0,0.0,0.0,0,0,0,0.0,0.0,0.0,0.0
bd142efb,1,8,2,0.13,0.5,9.3,0,0,0,1.0,1.0,0.0,0.0
a73c8f95,1,9,0,0.0,0.0,16.6,0,1,2,2.2,0.6,-1.2,-0.6
27270af4,0,1,0,0.0,0.0,9.7,0,0,0,0.1,0.1,-0.1,-0.1
829aa60c,4,14,7,0.29,0.57,16.3,0,0,0,1.5,1.5,2.5,2.5
0b45a8d7,0,0,0,0.0,0.0,0.0,0,0,0,0.0,0.0,0.0,0.0
863ff1ee,3,32,13,0.09,0.23,13.1,0,0,1,4.4,3.6,-1.4,-0.6
ff5ea0bf,0,2,1,0.0,0.0,8.8,0,0,0,0.2,0.2,-0.2,-0.2
fd53759d,1,9,4,0.11,0.25,20.5,0,0,0,0.5,0.5,0.5,0.5
d1b49282,1,8,3,0.13,0.33,14.8,0,0,0,0.6,0.6,0.4,0.4
6f8cd6d0,11,66,34,0.17,0.32,13.0,0,0,0,11.1,11.1,-0.1,-0.1
6b8887c2,5,21,6,0.24,0.83,12.0,0,0,0,3.1,3.1,1.9,1.9
e547d3cf,0,4,0,0.0,0.0,26.3,0,0,0,0.1,0.1,-0.1,-0.1
b492126a,2,20,8,0.1,0.25,20.4,0,0,0,1.7,1.7,0.3,0.3
c8c60119,0,1,0,0.0,0.0,11.9,0,0,0,0.1,0.1,-0.1,-0.1
71ec39ef,3,25,7,0.12,0.43,17.0,0,0,0,1.8,1.8,1.2,1.2
ce17b5eb,0,0,0,0.0,0.0,0.0,0,0,0,0.0,0.0,0.0,0.0
056d2d95,0,10,2,0.0,0.0,15.9,0,0,0,0.5,0.5,-0.5,-0.5
35d64857,1,6,2,0.17,0.5,15.6,0,0,0,1.0,1.0,0.0,0.0
7d3e7da6,0,0,0,0.0,0.0,0.0,0,0,0,0.0,0.0,0.0,0.0
cd61c7af,0,0,0,0.0,0.0,0.0,0,0,0,0.0,0.0,0.0,0.0
d248cd8f,0,5,1,0.0,0.0,9.9,0,0,0,0.5,0.5,-0.5,-0.5
af842091,0,6,3,0.0,0.0,11.3,0,0,0,0.7,0.7,-0.7,-0.7
d75f3980,0,3,0,0.0,0.0,33.0,0,0,0,0.1,0.1,-0.1,-0.1
a3ddb1b9,0,1,1,0.0,0.0,13.2,0,0,0,0.1,0.1,-0.1,-0.1
fb377d11,0,9,0,0.0,0.0,12.2,0,0,0,1.0,1.0,-1.0,-1.0
6ecbddf6,1,6,1,0.17,1.0,18.3,0,0,0,0.3,0.3,0.7,0.7
fc8fcbd1,0,4,0,0.0,0.0,25.6,0,0,0,0.1,0.1,-0.1,-0.1
a5ae8f8e,1,2,1,0.5,1.0,5.0,0,0,0,0.4,0.4,0.6,0.6
8fe2a392,1,10,1,0.1,1.0,13.9,0,0,0,1.1,1.1,-0.1,-0.1
5360a956,0,0,0,0.0,0.0,0.0,0,0,0,0.0,0.0,0.0,0.0
1d8e9add,0,0,0,0.0,0.0,0.0,0,0,0,0.0,0.0,0.0,0.0
f86cd5df,0,0,0,0.0,0.0,0.0,0,0,0,0.0,0.0,0.0,0.0
e3d3fbeb,0,0,0,0.0,0.0,0.0,0,0,0,0.0,0.0,0.0,0.0
e5a35ae9,1,4,1,0.0,0.0,16.5,0,1,1,1.3,0.5,-0.3,-0.5
cb64672e,0,0,0,0.0,0.0,0.0,0,0,0,0.0,0.0,0.0,0.0
346d51d9,0,6,0,0.0,0.0,14.5,0,0,0,0.3,0.3,-0.3,-0.3
231c67ff,1,1,1,1.0,1.0,5.0,0,0,0,0.5,0.5,0.5,0.5
30c220c3,1,19,7,0.05,0.14,17.3,0,0,0,1.6,1.6,-0.6,-0.6
dd676a97,0,1,0,0.0,0.0,14.0,0,0,0,0.1,0.1,-0.1,-0.1
1c86aa16,0,0,0,0.0,0.0,0.0,0,0,0,0.0,0.0,0.0,0.0
49fe9070,6,34,14,0.18,0.43,14.7,0,0,0,5.7,5.7,0.3,0.3
f68b64fc,2,18,6,0.11,0.33,10.6,0,0,0,2.5,2.4,-0.5,-0.4
cb11b429,2,14,5,0.14,0.4,12.8,0,0,0,1.6,1.6,0.4,0.4
2077ae86,4,15,5,0.27,0.8,14.3,0,0,0,1.8,1.8,2.2,2.2
a1257b5e,0,0,0,0.0,0.0,0.0,0,0,0,0.0,0.0,0.0,0.0
e7fcf289,0,2,1,0.0,0.0,22.3,0,0,0,0.2,0.2,-0.2,-0.2
be42a291,1,6,3,0.17,0.33,11.9,0,0,0,1.3,1.3,-0.3,-0.3
fa661778,1,16,4,0.06,0.25,18.8,0,0,0,0.9,0.9,0.1,0.1
6190474d,1,11,4,0.09,0.25,16.5,0,0,0,2.0,2.0,-1.0,-1.0
ea0893d6,0,9,1,0.0,0.0,13.9,0,0,0,0.8,0.8,-0.8,-0.8
caffaf5a,0,6,0,0.0,0.0,16.5,0,0,0,0.2,0.2,-0.2,-0.2
a4effc55,0,9,3,0.0,0.0,11.8,0,0,0,0.8,0.8,-0.8,-0.8
fc3697dd,1,23,9,0.04,0.11,20.2,5,0,0,1.9,1.9,-0.9,-0.9
65bf7e2b,0,0,0,0.0,0.0,0.0,0,0,0,0.0,0.0,0.0,0.0
5c4bf6ba,0,0,0,0.0,0.0,0.0,0,0,0,0.0,0.0,0.0,0.0
9b688ae1,0,0,0,0.0,0.0,0.0,0,0,0,0.0,0.0,0.0,0.0
29f7cfd9,3,26,8,0.12,0.38,12.8,0,0,0,3.8,3.8,-0.8,-0.8
