id,Cmp,Att,TotDist,PrgDist,Cmp.1,Att.1,Cmp.2,Att.2,Cmp.3,Att.3,Ast,xAG,xA,A-xAG,KP,1/3,PPA,CrsPA,PrgP
32c2d95f,1002.0,1225.0,19773.0,8410.0,285.0,332.0,600.0,668.0,103.0,187.0,1,0.3,0.4,0.7,8.0,73.0,2.0,0.0,112.0
7978cbf0,462.0,571.0,7802.0,1967.0,216.0,256.0,181.0,214.0,50.0,71.0,0,1.3,1.2,-1.3,18.0,50.0,17.0,4.0,68.0
82464ce3,1374.0,1502.0,21497.0,5260.0,688.0,739.0,572.0,604.0,67.0,89.0,0,1.0,1.8,-1.0,14.0,134.0,13.0,2.0,134.0
31626657,588.0,678.0,9675.0,3587.0,278.0,300.0,242.0,274.0,44.0,68.0,1,1.0,0.8,0.0,9.0,59.0,7.0,0.0,78.0
0e46fa2f,38.0,54.0,630.0,151.0,17.0,22.0,17.0,21.0,2.0,4.0,0,0.1,0.1,-0.1,2.0,3.0,3.0,1.0,7.0
0e46fa2f,7.0,15.0,129.0,30.0,3.0,6.0,3.0,4.0,1.0,1.0,0,0.3,0.2,-0.3,2.0,1.0,1.0,0.0,2.0
c2a6033c,355.0,496.0,4381.0,1084.0,242.0,297.0,83.0,117.0,6.0,17.0,5,2.3,1.9,2.7,14.0,16.0,13.0,1.0,45.0
1e93fc5d,18.0,21.0,274.0,76.0,7.0,7.0,10.0,12.0,0.0,1.0,0,0.0,0.0,0.0,1.0,1.0,0.0,0.0,3.0
7587446d,29.0,41.0,390.0,93.0,12.0,18.0,11.0,14.0,1.0,3.0,0,0.0,0.0,0.0,0.0,2.0,0.0,0.0,3.0
75f1ed80,815.0,956.0,17069.0,5923.0,239.0,269.0,435.0,473.0,132.0,190.0,2,1.3,1.0,0.7,6.0,59.0,8.0,0.0,60.0
8bc8829a,293.0,374.0,5090.0,1490.0,129.0,154.0,124.0,148.0,31.0,51.0,0,0.7,0.7,-0.7,5.0,23.0,9.0,2.0,44.0
3dd738a1,326.0,399.0,5126.0,2112.0,170.0,191.0,128.0,151.0,19.0,35.0,0,0.2,0.4,-0.2,1.0,29.0,7.0,2.0,44.0
22396615,6.0,10.0,79.0,18.0,3.0,5.0,2.0,4.0,0.0,0.0,0,0.0,0.0,0.0,0.0,0.0,0.0,0.0,1.0
48b28bfd,243.0,338.0,3898.0,998.0,118.0,149.0,88.0,125.0,21.0,38.0,0,0.8,0.9,-0.8,6.0,20.0,6.0,0.0,21.0
462475ed,178.0,255.0,2614.0,397.0,103.0,137.0,55.0,79.0,11.0,16.0,0,0.9,0.8,-0.9,10.0,10.0,6.0,0.0,13.0
b625b241,79.0,106.0,1025.0,318.0,50.0,61.0,21.0,29.0,2.0,5.0,0,0.3,0.1,-0.3,5.0,7.0,4.0,0.0,11.0
9e17ccff,49.0,72.0,1486.0,1243.0,10.0,10.0,23.0,23.0,16.0,38.0,0,0.0,0.0,0.0,0.0,2.0,0.0,0.0,0.0
1956b948,381.0,494.0,5239.0,1138.0,236.0,271.0,113.0,148.0,15.0,32.0,0,1.4,1.3,-1.4,12.0,20.0,7.0,5.0,30.0
0a63446f,335.0,518.0,5779.0,2491.0,152.0,183.0,137.0,205.0,36.0,95.0,0,0.4,0.6,-0.4,7.0,32.0,7.0,3.0,35.0
9260926b,161.0,190.0,3026.0,1236.0,53.0,57.0,94.0,99.0,12.0,25.0,0,0.1,0.0,-0.1,1.0,4.0,0.0,0.0,5.0
ae11ba3d,33.0,41.0,406.0,128.0,19.0,20.0,9.0,11.0,1.0,4.0,0,0.0,0.0,0.0,0.0,0.0,0.0,0.0,1.0
ef9c1c95,1344.0,1591.0,24064.0,7782.0,597.0,672.0,522.0,590.0,169.0,224.0,1,1.7,1.7,-0.7,19.0,215.0,18.0,0.0,218.0
af3ddb2e,292.0,390.0,4303.0,599.0,161.0,212.0,87.0,109.0,21.0,25.0,2,0.8,0.7,1.2,14.0,21.0,4.0,0.0,25.0
a5db0bec,230.0,291.0,3678.0,820.0,124.0,140.0,74.0,96.0,21.0,32.0,1,0.2,0.3,0.8,4.0,31.0,3.0,0.0,29.0
b94b8be1,52.0,67.0,934.0,278.0,26.0,28.0,16.0,21.0,8.0,14.0,0,0.1,0.1,-0.1,1.0,7.0,2.0,0.0,13.0
feb5d3ab,339.0,468.0,5590.0,2196.0,152.0,191.0,154.0,204.0,22.0,53.0,0,0.2,0.3,-0.2,4.0,30.0,7.0,4.0,39.0
c5e6c017,10.0,17.0,123.0,26.0,7.0,9.0,2.0,3.0,0.0,1.0,0,0.1,0.0,-0.1,2.0,0.0,1.0,0.0,2.0
508a9011,1.0,2.0,15.0,9.0,1.0,1.0,0.0,0.0,0.0,1.0,0,0.0,0.0,0.0,0.0,1.0,0.0,0.0,1.0
b026bbf6,89.0,108.0,1446.0,389.0,42.0,50.0,44.0,50.0,3.0,7.0,1,0.3,0.3,0.7,1.0,5.0,0.0,0.0,7.0
6a827d8e,334.0,414.0,5062.0,1514.0,188.0,213.0,108.0,130.0,27.0,49.0,0,1.2,1.6,-1.2,10.0,22.0,14.0,7.0,32.0
6b5edd5d,0.0,0.0,0.0,0.0,0.0,0.0,0.0,0.0,0.0,0.0,0,0.0,0.0,0.0,0.0,0.0,0.0,0.0,0.0
7dfbba27,442.0,582.0,9086.0,2748.0,168.0,200.0,173.0,214.0,89.0,136.0,2,2.0,2.0,0.0,27.0,58.0,15.0,4.0,72.0
a94d93be,464.0,541.0,9073.0,3135.0,130.0,143.0,277.0,304.0,48.0,77.0,0,0.0,0.0,0.0,0.0,10.0,0.0,0.0,21.0
114bbdee,52.0,59.0,1163.0,396.0,8.0,10.0,35.0,36.0,9.0,13.0,1,0.1,0.0,0.9,1.0,2.0,0.0,0.0,3.0
06df8256,403.0,468.0,8296.0,3424.0,123.0,137.0,210.0,235.0,60.0,83.0,0,0.4,0.8,-0.4,1.0,46.0,3.0,0.0,39.0
a1232f4e,161.0,191.0,3182.0,1201.0,53.0,61.0,75.0,88.0,30.0,36.0,0,0.0,0.0,0.0,0.0,10.0,0.0,0.0,5.0
5065d67d,52.0,56.0,909.0,276.0,18.0,18.0,32.0,36.0,2.0,2.0,0,0.0,0.0,0.0,0.0,1.0,0.0,0.0,3.0
7e3e825e,27.0,32.0,416.0,120.0,14.0,15.0,10.0,13.0,2.0,2.0,0,0.1,0.1,-0.1,1.0,1.0,0.0,0.0,2.0
0af4dcf0,19.0,23.0,263.0,56.0,12.0,13.0,4.0,5.0,1.0,1.0,1,1.0,0.7,0.0,2.0,1.0,0.0,0.0,0.0
3975195f,566.0,683.0,8779.0,2613.0,293.0,329.0,233.0,283.0,25.0,40.0,0,0.7,1.0,-0.7,12.0,20.0,15.0,2.0,43.0
a1390d2f,163.0,194.0,3216.0,487.0,63.0,71.0,69.0,79.0,26.0,31.0,0,0.1,0.1,-0.1,2.0,23.0,1.0,0.0,21.0
7c3ed041,1001.0,1184.0,19778.0,5731.0,286.0,324.0,550.0,619.0,129.0,181.0,1,0.1,0.3,0.9,4.0,75.0,2.0,1.0,67.0
31822f8c,225.0,338.0,3069.0,669.0,138.0,176.0,63.0,95.0,9.0,19.0,1,2.0,1.8,-1.0,17.0,18.0,11.0,0.0,37.0
7fecbcdb,218.0,270.0,3669.0,1435.0,94.0,103.0,102.0,122.0,15.0,29.0,0,0.3,0.5,-0.3,3.0,27.0,4.0,2.0,20.0
b2bd0f6c,718.0,897.0,9903.0,2658.0,455.0,522.0,192.0,229.0,34.0,57.0,3,3.8,3.4,-0.8,30.0,55.0,32.0,6.0,96.0
a0d55a09,116.0,172.0,1468.0,328.0,80.0,106.0,26.0,41.0,3.0,5.0,1,1.2,0.8,-0.2,7.0,11.0,7.0,1.0,11.0
1ddbc7ca,735.0,933.0,10953.0,3863.0,416.0,480.0,256.0,320.0,37.0,75.0,0,0.5,0.7,-0.5,5.0,31.0,12.0,3.0,48.0
3a24769f,236.0,302.0,3760.0,1011.0,118.0,137.0,88.0,106.0,20.0,40.0,1,0.8,0.9,0.2,13.0,20.0,6.0,0.0,25.0
e3844ecb,153.0,223.0,2841.0,1037.0,69.0,81.0,57.0,79.0,23.0,49.0,1,1.3,1.2,-0.3,13.0,23.0,10.0,4.0,30.0
20e0dd86,289.0,470.0,4353.0,1644.0,165.0,218.0,95.0,156.0,16.0,48.0,1,1.7,1.3,-0.7,14.0,31.0,9.0,3.0,50.0
5e6355f8,14.0,19.0,207.0,68.0,9.0,12.0,4.0,5.0,1.0,2.0,0,0.3,0.0,-0.3,2.0,1.0,1.0,0.0,3.0
4a5e83ad,141.0,174.0,2432.0,630.0,73.0,88.0,48.0,57.0,17.0,24.0,0,0.0,0.1,0.0,1.0,11.0,1.0,0.0,16.0
5680bf3f,157.0,230.0,2118.0,869.0,92.0,119.0,53.0,75.0,3.0,14.0,1,0.2,0.4,0.8,3.0,16.0,7.0,3.0,21.0
1a248246,254.0,346.0,4432.0,1696.0,122.0,149.0,77.0,102.0,37.0,61.0,3,3.2,3.0,-0.2,20.0,27.0,19.0,5.0,39.0
1a248246,114.0,158.0,2224.0,569.0,47.0,52.0,42.0,50.0,20.0,42.0,2,0.8,1.2,1.2,8.0,4.0,8.0,1.0,14.0
2b1bed19,636.0,763.0,11325.0,3055.0,262.0,298.0,291.0,326.0,66.0,98.0,0,0.6,0.6,-0.6,9.0,67.0,7.0,1.0,82.0
10f0fdd3,665.0,883.0,11830.0,3697.0,285.0,334.0,280.0,341.0,77.0,158.0,5,3.5,4.3,1.5,37.0,66.0,34.0,17.0,106.0
c678ddd7,79.0,85.0,1454.0,551.0,26.0,30.0,48.0,48.0,5.0,7.0,0,0.0,0.0,0.0,0.0,2.0,0.0,0.0,3.0
3bd65247,186.0,237.0,2725.0,728.0,99.0,121.0,67.0,79.0,9.0,16.0,1,1.0,0.6,0.0,9.0,16.0,13.0,0.0,33.0
1f6298f2,2.0,2.0,18.0,1.0,2.0,2.0,0.0,0.0,0.0,0.0,0,0.0,0.0,0.0,0.0,0.0,0.0,0.0,0.0
942b4f90,280.0,369.0,3687.0,786.0,166.0,201.0,81.0,108.0,9.0,21.0,4,2.5,2.2,1.5,14.0,21.0,20.0,0.0,47.0
3189f61a,1108.0,1366.0,21225.0,7083.0,405.0,471.0,533.0,603.0,146.0,239.0,3,1.4,1.9,1.6,21.0,128.0,8.0,0.0,138.0
e4114f5d,17.0,20.0,319.0,133.0,8.0,8.0,5.0,6.0,3.0,3.0,0,0.0,0.0,0.0,1.0,3.0,1.0,0.0,3.0
0b2c9aec,136.0,211.0,1989.0,635.0,75.0,90.0,37.0,62.0,12.0,33.0,1,1.9,1.8,-0.9,15.0,7.0,11.0,5.0,13.0
3916b09c,324.0,417.0,5848.0,2976.0,147.0,160.0,122.0,154.0,44.0,83.0,1,0.6,0.5,0.4,7.0,31.0,6.0,4.0,27.0
28dabd43,311.0,436.0,8175.0,5821.0,57.0,59.0,170.0,175.0,82.0,198.0,0,0.0,0.0,0.0,0.0,7.0,0.0,0.0,0.0
433dc9a2,618.0,666.0,8242.0,1786.0,388.0,411.0,182.0,196.0,13.0,17.0,3,2.5,2.0,0.5,15.0,23.0,5.0,1.0,22.0
03e91055,19.0,19.0,248.0,34.0,13.0,13.0,4.0,4.0,1.0,1.0,0,0.0,0.0,0.0,0.0,1.0,0.0,0.0,1.0
47c609d5,16.0,20.0,234.0,46.0,9.0,11.0,6.0,7.0,0.0,1.0,0,0.1,0.0,-0.1,2.0,1.0,1.0,0.0,1.0
a3e1d20d,33.0,34.0,619.0,231.0,10.0,10.0,21.0,21.0,2.0,3.0,0,0.0,0.0,0.0,0.0,0.0,0.0,0.0,4.0
636247ca,75.0,111.0,950.0,371.0,48.0,64.0,21.0,28.0,1.0,5.0,0,0.2,0.2,-0.2,2.0,8.0,2.0,0.0,15.0
3d214e5f,502.0,688.0,15160.0,10824.0,49.0,49.0,272.0,275.0,180.0,362.0,0,0.0,0.0,0.0,0.0,8.0,1.0,0.0,0.0
967f34d3,120.0,153.0,2819.0,1819.0,27.0,27.0,65.0,66.0,26.0,58.0,0,0.0,0.0,0.0,0.0,0.0,0.0,0.0,0.0
6191093d,633.0,799.0,11910.0,2643.0,260.0,296.0,252.0,303.0,92.0,145.0,1,3.3,3.1,-2.3,30.0,64.0,21.0,5.0,103.0
3cdfc63e,880.0,1009.0,17907.0,6542.0,263.0,287.0,489.0,527.0,115.0,174.0,0,0.1,0.1,-0.1,1.0,38.0,2.0,0.0,47.0
6a9e4913,21.0,29.0,728.0,535.0,6.0,6.0,7.0,8.0,8.0,14.0,0,0.0,0.0,0.0,0.0,1.0,0.0,0.0,0.0
5b479568,21.0,30.0,257.0,59.0,15.0,20.0,5.0,7.0,0.0,0.0,0,0.2,0.2,-0.2,2.0,1.0,3.0,1.0,2.0
2db2fd7b,128.0,162.0,2804.0,1011.0,29.0,36.0,79.0,87.0,17.0,33.0,0,0.2,0.2,-0.2,1.0,7.0,2.0,0.0,6.0
7d937aa1,12.0,20.0,201.0,71.0,6.0,10.0,4.0,5.0,2.0,3.0,0,0.2,0.1,-0.2,1.0,5.0,1.0,0.0,4.0
f6496133,79.0,98.0,1013.0,236.0,54.0,60.0,19.0,25.0,2.0,6.0,0,0.1,0.4,-0.1,4.0,9.0,4.0,0.0,11.0
9f936061,760.0,985.0,11884.0,4626.0,387.0,444.0,321.0,414.0,35.0,72.0,0,1.9,2.2,-1.9,22.0,39.0,33.0,12.0,66.0
c03b7266,23.0,30.0,382.0,208.0,12.0,15.0,7.0,8.0,2.0,4.0,0,0.0,0.0,0.0,0.0,1.0,0.0,0.0,0.0
65fcf987,33.0,47.0,388.0,142.0,23.0,31.0,8.0,12.0,0.0,0.0,0,0.1,0.1,-0.1,3.0,6.0,1.0,0.0,4.0
0400dd2f,69.0,90.0,1125.0,183.0,34.0,39.0,27.0,30.0,6.0,12.0,3,1.3,0.5,1.7,5.0,2.0,4.0,2.0,6.0
f9d5908e,458.0,528.0,6548.0,1629.0,249.0,277.0,151.0,168.0,21.0,34.0,1,0.8,0.6,0.2,11.0,36.0,6.0,0.0,36.0
4fb18ca4,13.0,23.0,195.0,77.0,8.0,12.0,5.0,8.0,0.0,2.0,0,0.0,0.0,0.0,1.0,0.0,0.0,0.0,0.0
b0c71810,370.0,487.0,5643.0,1574.0,203.0,239.0,124.0,161.0,25.0,50.0,3,2.9,1.7,0.1,27.0,30.0,10.0,1.0,56.0
62e02107,47.0,64.0,670.0,236.0,27.0,34.0,18.0,21.0,1.0,5.0,0,0.2,0.5,-0.2,1.0,2.0,2.0,0.0,6.0
20e73fac,921.0,1259.0,16788.0,5769.0,380.0,460.0,404.0,522.0,113.0,222.0,5,7.2,6.4,-2.2,60.0,106.0,71.0,13.0,169.0
02bcaf8e,164.0,222.0,2234.0,457.0,95.0,109.0,45.0,60.0,8.0,21.0,2,1.5,1.1,0.5,10.0,6.0,7.0,4.0,8.0
5b146df3,802.0,1057.0,16308.0,7377.0,291.0,328.0,384.0,455.0,117.0,236.0,0,0.9,1.2,-0.9,7.0,69.0,12.0,7.0,85.0
b088d5d3,292.0,424.0,5034.0,1831.0,140.0,184.0,108.0,152.0,33.0,65.0,2,1.5,1.7,0.5,18.0,17.0,17.0,10.0,27.0
af69e7f0,78.0,99.0,1107.0,446.0,50.0,57.0,25.0,29.0,2.0,6.0,0,0.0,0.1,0.0,1.0,2.0,3.0,0.0,8.0
3b676989,8.0,16.0,130.0,15.0,3.0,6.0,4.0,6.0,0.0,1.0,0,0.0,0.0,0.0,0.0,1.0,0.0,0.0,1.0
7b082ec2,240.0,334.0,4208.0,1627.0,121.0,150.0,84.0,113.0,31.0,55.0,1,0.4,0.4,0.6,4.0,21.0,8.0,4.0,23.0
db87a2c4,54.0,67.0,1465.0,1156.0,9.0,9.0,32.0,33.0,13.0,25.0,0,0.0,0.0,0.0,0.0,0.0,0.0,0.0,0.0
148e136f,870.0,1077.0,12787.0,4241.0,495.0,554.0,269.0,336.0,54.0,97.0,6,5.8,6.7,0.2,58.0,99.0,46.0,7.0,145.0
46359159,261.0,346.0,4629.0,1527.0,123.0,137.0,102.0,130.0,32.0,68.0,1,2.1,2.0,-1.1,17.0,19.0,13.0,4.0,29.0
928a4a61,351.0,440.0,6321.0,1778.0,155.0,187.0,146.0,177.0,39.0,57.0,1,0.9,0.6,0.1,9.0,39.0,8.0,0.0,59.0
94f8d10c,2.0,2.0,46.0,16.0,0.0,0.0,2.0,2.0,0.0,0.0,0,0.0,0.0,0.0,0.0,0.0,0.0,0.0,0.0
8577e60a,417.0,507.0,6323.0,1511.0,204.0,234.0,170.0,206.0,16.0,23.0,0,0.2,0.3,-0.2,4.0,38.0,4.0,0.0,53.0
489e80e3,773.0,881.0,14733.0,4204.0,310.0,339.0,335.0,368.0,109.0,140.0,2,1.5,1.1,0.5,13.0,83.0,8.0,2.0,87.0
5a6b06cd,7.0,8.0,157.0,60.0,1.0,1.0,5.0,5.0,1.0,2.0,0,0.2,0.1,-0.2,1.0,1.0,1.0,1.0,2.0
7d3dfdfd,209.0,231.0,4031.0,1466.0,61.0,65.0,123.0,133.0,21.0,26.0,0,0.0,0.0,0.0,0.0,10.0,0.0,0.0,14.0
9f4a940f,19.0,27.0,196.0,46.0,13.0,15.0,3.0,5.0,0.0,2.0,0,0.1,0.1,-0.1,2.0,0.0,0.0,0.0,4.0
79b2399c,397.0,485.0,6566.0,1925.0,198.0,223.0,149.0,182.0,33.0,54.0,2,0.7,0.9,1.3,9.0,36.0,6.0,4.0,43.0
f81ef10d,917.0,1093.0,14968.0,4463.0,449.0,512.0,368.0,408.0,66.0,108.0,5,3.5,3.4,1.5,33.0,136.0,21.0,4.0,128.0
5e080f73,34.0,58.0,468.0,79.0,21.0,32.0,10.0,17.0,1.0,4.0,0,0.3,0.0,-0.3,3.0,2.0,0.0,0.0,4.0
e3e32fbb,49.0,65.0,796.0,290.0,27.0,32.0,19.0,25.0,3.0,6.0,0,0.0,0.0,0.0,0.0,5.0,1.0,0.0,9.0
8608f269,21.0,53.0,924.0,794.0,1.0,1.0,5.0,5.0,15.0,46.0,0,0.0,0.0,0.0,0.0,1.0,0.0,0.0,0.0
e0f3a1f6,725.0,869.0,13339.0,4832.0,266.0,304.0,366.0,412.0,70.0,118.0,0,0.0,0.5,0.0,1.0,56.0,4.0,2.0,64.0
4db5915d,122.0,186.0,1829.0,585.0,74.0,93.0,35.0,58.0,9.0,20.0,1,0.6,0.6,0.4,5.0,8.0,8.0,3.0,18.0
c92c24f0,636.0,714.0,11617.0,4190.0,247.0,265.0,296.0,320.0,70.0,98.0,0,0.0,0.2,0.0,0.0,46.0,3.0,0.0,63.0
3c6bbbab,401.0,545.0,6375.0,2796.0,206.0,249.0,152.0,202.0,28.0,53.0,0,0.5,0.4,-0.5,5.0,32.0,9.0,7.0,57.0
f5dfc256,0.0,0.0,0.0,0.0,0.0,0.0,0.0,0.0,0.0,0.0,0,0.0,0.0,0.0,0.0,0.0,0.0,0.0,0.0
5d9577aa,116.0,133.0,1767.0,361.0,58.0,63.0,49.0,56.0,3.0,8.0,0,0.0,0.1,0.0,0.0,7.0,2.0,0.0,14.0
2180c761,179.0,192.0,3132.0,1054.0,73.0,76.0,87.0,94.0,13.0,16.0,0,0.0,0.0,0.0,0.0,7.0,0.0,0.0,8.0
357103bd,434.0,612.0,6770.0,1786.0,229.0,289.0,152.0,197.0,33.0,71.0,4,3.6,2.7,0.4,20.0,42.0,11.0,2.0,60.0
18ebca4b,79.0,89.0,1359.0,298.0,36.0,42.0,33.0,36.0,7.0,7.0,0,0.2,0.1,-0.2,3.0,5.0,5.0,0.0,11.0
16aa7d4c,688.0,841.0,15662.0,5977.0,186.0,211.0,355.0,389.0,136.0,220.0,0,0.3,0.4,-0.3,6.0,62.0,7.0,2.0,48.0
279ddf6a,628.0,763.0,10251.0,3414.0,300.0,333.0,237.0,276.0,55.0,93.0,2,1.9,1.8,0.1,15.0,56.0,7.0,3.0,62.0
b34c63a5,435.0,575.0,7222.0,1908.0,235.0,276.0,139.0,180.0,49.0,90.0,4,3.8,4.3,0.2,44.0,32.0,31.0,4.0,72.0
9d498560,78.0,91.0,1315.0,357.0,35.0,39.0,32.0,35.0,7.0,12.0,0,0.2,0.0,-0.2,1.0,5.0,1.0,1.0,4.0
b3d76d84,474.0,610.0,10494.0,7066.0,136.0,137.0,252.0,255.0,83.0,214.0,0,0.3,0.2,-0.3,1.0,7.0,0.0,0.0,0.0
68a26d51,1031.0,1208.0,18958.0,5423.0,445.0,478.0,404.0,454.0,140.0,210.0,1,1.5,0.8,-0.5,21.0,150.0,10.0,1.0,146.0
7909ffa4,526.0,665.0,9517.0,3188.0,207.0,247.0,229.0,268.0,63.0,104.0,2,1.9,1.6,0.1,13.0,59.0,12.0,2.0,62.0
7495aba7,75.0,113.0,1245.0,267.0,41.0,51.0,25.0,40.0,8.0,14.0,0,0.1,0.1,-0.1,3.0,1.0,2.0,2.0,0.0
ff4d0258,8.0,11.0,129.0,16.0,5.0,5.0,3.0,5.0,0.0,0.0,0,0.0,0.0,0.0,0.0,0.0,0.0,0.0,1.0
741418c3,20.0,25.0,260.0,33.0,12.0,13.0,5.0,7.0,1.0,2.0,0,0.0,0.0,0.0,1.0,1.0,1.0,0.0,2.0
741418c3,150.0,180.0,2006.0,389.0,94.0,106.0,44.0,54.0,5.0,8.0,2,0.8,0.7,1.2,6.0,14.0,6.0,0.0,21.0
5219ab4a,642.0,858.0,10397.0,3836.0,341.0,408.0,244.0,307.0,39.0,84.0,8,5.6,4.8,2.4,32.0,61.0,31.0,15.0,75.0
3010aefb,103.0,140.0,1587.0,546.0,60.0,74.0,29.0,37.0,9.0,20.0,0,0.6,0.4,-0.6,4.0,6.0,3.0,2.0,14.0
c4065f40,287.0,353.0,6143.0,2229.0,72.0,88.0,165.0,183.0,44.0,68.0,1,0.3,0.1,0.7,1.0,19.0,1.0,0.0,26.0
cfa49cc1,438.0,542.0,7762.0,2798.0,187.0,217.0,209.0,241.0,35.0,57.0,1,1.3,1.2,-0.3,9.0,30.0,9.0,4.0,43.0
0e7ccfc4,198.0,299.0,3308.0,1472.0,96.0,122.0,77.0,122.0,16.0,32.0,1,0.3,0.4,0.7,5.0,15.0,7.0,5.0,21.0
59948ef7,570.0,703.0,8958.0,2524.0,295.0,331.0,218.0,272.0,36.0,53.0,3,3.8,4.0,-0.8,26.0,66.0,31.0,4.0,109.0
bfb2056e,18.0,20.0,381.0,158.0,5.0,5.0,8.0,8.0,4.0,5.0,0,0.0,0.0,0.0,0.0,1.0,0.0,0.0,2.0
909222de,172.0,253.0,2737.0,877.0,75.0,112.0,55.0,73.0,20.0,27.0,2,2.0,1.3,0.0,15.0,14.0,6.0,2.0,22.0
2434f24a,414.0,593.0,13801.0,10403.0,54.0,54.0,173.0,179.0,186.0,357.0,0,0.0,0.0,0.0,0.0,11.0,0.0,0.0,1.0
ef8ae23b,611.0,712.0,10553.0,2899.0,272.0,298.0,230.0,269.0,76.0,101.0,0,0.6,0.8,-0.6,8.0,73.0,5.0,1.0,75.0
8f325097,429.0,592.0,7416.0,3170.0,204.0,248.0,182.0,235.0,30.0,70.0,1,0.8,0.8,0.2,7.0,27.0,7.0,3.0,48.0
1ec7e1c5,217.0,254.0,4247.0,1562.0,66.0,75.0,122.0,138.0,25.0,35.0,0,0.0,0.1,0.0,0.0,14.0,2.0,0.0,18.0
29c02c9f,276.0,338.0,3773.0,1433.0,174.0,194.0,88.0,109.0,5.0,15.0,0,0.7,0.6,-0.7,11.0,18.0,12.0,7.0,23.0
b70afb45,209.0,315.0,2700.0,458.0,127.0,180.0,56.0,79.0,7.0,12.0,1,1.6,1.1,-0.6,18.0,13.0,5.0,1.0,21.0
7ef972c3,57.0,63.0,787.0,259.0,35.0,38.0,15.0,16.0,3.0,4.0,0,0.1,0.0,-0.1,1.0,1.0,1.0,1.0,4.0
6e33125f,1533.0,1696.0,28858.0,10356.0,502.0,540.0,885.0,949.0,129.0,174.0,1,0.9,1.1,0.1,8.0,110.0,2.0,0.0,117.0
fd2bc67d,1455.0,1624.0,28310.0,11149.0,511.0,542.0,759.0,800.0,160.0,241.0,2,1.0,0.7,1.0,5.0,78.0,5.0,0.0,77.0
5069b796,467.0,579.0,10528.0,3647.0,104.0,122.0,266.0,295.0,91.0,148.0,0,0.0,0.1,0.0,1.0,23.0,0.0,0.0,31.0
ce50fd99,455.0,555.0,6221.0,1380.0,280.0,323.0,130.0,154.0,18.0,20.0,4,3.9,3.0,0.1,32.0,36.0,18.0,2.0,49.0
5fdcb075,489.0,628.0,7590.0,3152.0,258.0,301.0,190.0,231.0,26.0,60.0,1,0.2,0.3,0.8,4.0,50.0,8.0,3.0,47.0
4ca4f601,372.0,481.0,5679.0,1620.0,197.0,239.0,142.0,175.0,20.0,32.0,1,0.9,1.5,0.1,11.0,42.0,16.0,0.0,74.0
0be95d34,240.0,370.0,4291.0,1633.0,120.0,158.0,76.0,112.0,35.0,77.0,3,2.1,2.1,0.9,15.0,26.0,19.0,6.0,39.0
8332db56,258.0,387.0,4016.0,1441.0,125.0,154.0,113.0,163.0,11.0,41.0,1,0.6,1.0,0.4,5.0,12.0,11.0,8.0,14.0
e4448c8c,8.0,14.0,86.0,52.0,6.0,8.0,1.0,3.0,0.0,1.0,0,0.0,0.0,0.0,0.0,0.0,0.0,0.0,1.0
d33c706e,139.0,230.0,2109.0,558.0,78.0,113.0,41.0,73.0,12.0,25.0,1,1.4,0.9,-0.4,11.0,16.0,7.0,1.0,19.0
d33c706e,31.0,58.0,414.0,128.0,14.0,27.0,11.0,14.0,1.0,6.0,0,0.5,0.0,-0.5,4.0,5.0,0.0,0.0,4.0
7304f3b1,55.0,82.0,887.0,212.0,31.0,36.0,15.0,27.0,6.0,10.0,0,0.2,0.2,-0.2,3.0,2.0,2.0,1.0,4.0
e7986081,121.0,169.0,1571.0,328.0,65.0,89.0,38.0,51.0,4.0,7.0,0,0.1,0.5,-0.1,2.0,9.0,8.0,0.0,21.0
11f54bd5,22.0,26.0,265.0,65.0,15.0,15.0,6.0,8.0,0.0,1.0,0,0.4,0.4,-0.4,3.0,0.0,4.0,1.0,3.0
99d660b2,1171.0,1543.0,25948.0,8937.0,401.0,454.0,470.0,571.0,268.0,440.0,7,5.3,5.5,1.7,63.0,184.0,40.0,8.0,214.0
477e50ce,22.0,26.0,684.0,521.0,2.0,2.0,10.0,10.0,9.0,13.0,0,0.0,0.0,0.0,0.0,1.0,0.0,0.0,0.0
1d5c96f8,806.0,954.0,11841.0,4568.0,462.0,503.0,279.0,332.0,37.0,65.0,2,1.5,1.7,0.5,11.0,66.0,16.0,5.0,82.0
1bfb6fef,1239.0,1417.0,19668.0,6050.0,604.0,660.0,540.0,604.0,66.0,96.0,0,0.6,0.8,-0.6,6.0,90.0,11.0,2.0,125.0
d8c19a60,48.0,68.0,600.0,354.0,36.0,42.0,11.0,15.0,0.0,6.0,0,0.0,0.0,0.0,0.0,1.0,0.0,0.0,2.0
fb55f63a,15.0,25.0,241.0,84.0,5.0,8.0,9.0,13.0,0.0,2.0,0,0.0,0.1,0.0,0.0,0.0,1.0,0.0,1.0
6605d143,275.0,397.0,3664.0,672.0,168.0,228.0,74.0,97.0,10.0,14.0,0,1.9,2.3,-1.9,16.0,21.0,9.0,1.0,27.0
b3244eeb,614.0,818.0,11523.0,4641.0,250.0,300.0,261.0,328.0,83.0,148.0,0,0.4,0.5,-0.4,7.0,61.0,7.0,3.0,57.0
6d0fe035,235.0,318.0,3882.0,1019.0,100.0,122.0,98.0,122.0,20.0,45.0,0,0.4,1.6,-0.4,5.0,27.0,7.0,0.0,35.0
698f11e3,435.0,520.0,7103.0,2665.0,198.0,227.0,193.0,217.0,26.0,43.0,1,0.6,0.6,0.4,7.0,26.0,11.0,4.0,45.0
29939a1d,197.0,277.0,2645.0,919.0,118.0,157.0,63.0,86.0,7.0,12.0,0,1.2,0.6,-1.2,8.0,6.0,11.0,1.0,32.0
8104e41e,429.0,563.0,5942.0,1918.0,253.0,303.0,131.0,178.0,18.0,33.0,2,2.6,2.2,-0.6,19.0,45.0,24.0,7.0,65.0
f41a69e6,662.0,945.0,19916.0,14578.0,98.0,99.0,295.0,306.0,263.0,532.0,0,0.1,0.1,-0.1,2.0,24.0,2.0,0.0,0.0
40774c6b,27.0,43.0,367.0,34.0,18.0,26.0,5.0,9.0,2.0,2.0,0,0.1,0.1,-0.1,2.0,1.0,2.0,1.0,1.0
40774c6b,38.0,51.0,502.0,95.0,23.0,25.0,12.0,17.0,1.0,2.0,0,0.6,0.2,-0.6,3.0,4.0,0.0,0.0,2.0
92b56413,55.0,78.0,840.0,252.0,31.0,34.0,19.0,28.0,3.0,9.0,0,0.3,0.2,-0.3,4.0,7.0,1.0,0.0,6.0
6de23ab0,755.0,885.0,13448.0,4797.0,298.0,332.0,373.0,423.0,64.0,101.0,0,0.0,0.3,0.0,1.0,69.0,3.0,1.0,72.0
4be0b467,90.0,115.0,1000.0,187.0,58.0,66.0,15.0,21.0,1.0,2.0,0,0.3,0.2,-0.3,5.0,5.0,2.0,1.0,9.0
37143438,34.0,42.0,544.0,145.0,20.0,23.0,11.0,14.0,2.0,2.0,0,0.0,0.1,0.0,0.0,5.0,2.0,0.0,7.0
19053e31,422.0,531.0,6495.0,1637.0,231.0,269.0,142.0,177.0,28.0,49.0,4,1.4,1.4,2.6,15.0,33.0,12.0,3.0,43.0
19053e31,20.0,33.0,276.0,92.0,14.0,19.0,2.0,6.0,2.0,5.0,0,0.1,0.1,-0.1,3.0,0.0,2.0,0.0,2.0
eedea60b,461.0,592.0,13002.0,8611.0,55.0,56.0,242.0,245.0,161.0,285.0,0,0.0,0.0,0.0,1.0,5.0,0.0,0.0,0.0
ad82197c,1077.0,1283.0,21884.0,8451.0,341.0,384.0,588.0,652.0,133.0,209.0,3,1.1,1.4,1.9,8.0,140.0,10.0,3.0,131.0
b2336681,1465.0,1582.0,25446.0,8950.0,631.0,664.0,679.0,708.0,118.0,151.0,0,0.1,0.3,-0.1,2.0,73.0,0.0,0.0,69.0
43e7a164,927.0,1146.0,19659.0,8332.0,257.0,298.0,500.0,579.0,155.0,236.0,2,0.6,1.1,1.4,8.0,101.0,11.0,2.0,119.0
627b570a,11.0,14.0,133.0,21.0,10.0,11.0,1.0,2.0,0.0,0.0,0,0.0,0.0,0.0,0.0,1.0,1.0,0.0,1.0
1bd5bdc4,2.0,2.0,28.0,2.0,2.0,2.0,0.0,0.0,0.0,0.0,0,0.0,0.0,0.0,0.0,0.0,0.0,0.0,0.0
fffea3e5,206.0,251.0,3248.0,721.0,109.0,128.0,80.0,95.0,15.0,15.0,0,1.6,1.4,-1.6,12.0,10.0,22.0,2.0,33.0
836dc4a8,7.0,14.0,117.0,6.0,4.0,5.0,2.0,4.0,1.0,3.0,0,0.0,0.0,0.0,0.0,0.0,0.0,0.0,0.0
1b5b32d2,10.0,11.0,139.0,3.0,5.0,5.0,4.0,4.0,0.0,1.0,0,0.0,0.0,0.0,0.0,1.0,0.0,0.0,0.0
08f5afaa,565.0,662.0,11512.0,7463.0,173.0,174.0,293.0,300.0,86.0,175.0,0,0.0,0.0,0.0,0.0,0.0,0.0,0.0,0.0
a1dbfcb1,39.0,59.0,552.0,196.0,26.0,32.0,10.0,18.0,2.0,5.0,0,0.2,0.2,-0.2,3.0,5.0,1.0,1.0,6.0
dff0c299,67.0,79.0,1250.0,326.0,22.0,28.0,36.0,37.0,7.0,11.0,0,0.2,0.0,-0.2,1.0,3.0,1.0,0.0,8.0
92d90c8f,21.0,34.0,241.0,71.0,11.0,17.0,7.0,12.0,0.0,0.0,1,0.7,0.6,0.3,4.0,1.0,3.0,0.0,5.0
9e7483ff,267.0,333.0,4458.0,892.0,139.0,171.0,94.0,107.0,24.0,36.0,1,1.0,1.0,0.0,10.0,25.0,8.0,0.0,38.0
b4ef3fb5,4.0,4.0,49.0,9.0,3.0,3.0,1.0,1.0,0.0,0.0,0,0.0,0.0,0.0,0.0,0.0,0.0,0.0,0.0
0512a60a,468.0,572.0,8583.0,3355.0,198.0,216.0,201.0,231.0,54.0,97.0,1,0.4,0.7,0.6,3.0,54.0,6.0,1.0,54.0
9226aa22,307.0,388.0,4857.0,1524.0,146.0,173.0,130.0,155.0,17.0,32.0,2,2.6,1.2,-0.6,16.0,49.0,10.0,1.0,62.0
9daeac61,637.0,795.0,9547.0,3261.0,358.0,405.0,225.0,283.0,34.0,71.0,0,1.4,1.2,-1.4,10.0,41.0,11.0,8.0,46.0
6d7ede84,40.0,59.0,615.0,122.0,17.0,27.0,14.0,20.0,4.0,5.0,1,0.3,0.1,0.7,3.0,3.0,1.0,0.0,8.0
0e12089d,661.0,849.0,17389.0,11681.0,110.0,110.0,366.0,372.0,182.0,362.0,0,0.0,0.0,0.0,0.0,4.0,0.0,0.0,0.0
0cbc8baa,641.0,872.0,10893.0,4618.0,325.0,370.0,225.0,295.0,68.0,142.0,0,0.7,0.7,-0.7,8.0,70.0,5.0,5.0,88.0
5b92d896,187.0,226.0,2413.0,274.0,123.0,143.0,44.0,55.0,6.0,7.0,3,1.1,0.9,1.9,6.0,10.0,5.0,0.0,14.0
104b4ad3,26.0,35.0,338.0,124.0,19.0,24.0,6.0,7.0,0.0,2.0,0,0.2,0.3,-0.2,3.0,1.0,3.0,1.0,3.0
0d7b6576,201.0,303.0,2334.0,419.0,111.0,152.0,50.0,74.0,5.0,10.0,1,1.0,0.9,0.0,12.0,9.0,2.0,0.0,17.0
0b4f388a,257.0,377.0,3674.0,922.0,138.0,188.0,77.0,108.0,18.0,22.0,2,3.1,1.7,-1.1,28.0,23.0,17.0,0.0,44.0
1a066e69,491.0,611.0,9190.0,3308.0,172.0,200.0,260.0,290.0,46.0,99.0,0,0.1,0.3,-0.1,1.0,33.0,0.0,0.0,38.0
bc7b4580,87.0,117.0,1376.0,431.0,47.0,57.0,34.0,44.0,4.0,11.0,0,0.6,0.7,-0.6,4.0,5.0,5.0,1.0,11.0
83f03b07,355.0,440.0,5496.0,2068.0,174.0,202.0,155.0,174.0,14.0,35.0,0,0.1,0.5,-0.1,2.0,27.0,7.0,3.0,45.0
9c221d14,95.0,115.0,2016.0,841.0,22.0,28.0,54.0,58.0,16.0,23.0,0,0.0,0.2,0.0,1.0,8.0,2.0,0.0,8.0
745ca0a3,110.0,138.0,1554.0,680.0,67.0,73.0,35.0,48.0,5.0,13.0,0,0.2,0.4,-0.2,2.0,10.0,7.0,1.0,21.0
745ca0a3,145.0,170.0,2183.0,685.0,84.0,92.0,43.0,49.0,10.0,18.0,1,0.3,0.6,0.7,6.0,17.0,3.0,1.0,24.0
faf00ab8,214.0,261.0,3302.0,874.0,108.0,122.0,83.0,94.0,14.0,30.0,2,1.0,0.4,1.0,6.0,14.0,3.0,1.0,14.0
4b792f35,5.0,9.0,62.0,17.0,4.0,4.0,1.0,2.0,0.0,0.0,0,0.0,0.0,0.0,0.0,0.0,0.0,0.0,0.0
375622c5,1091.0,1284.0,19549.0,6556.0,476.0,518.0,441.0,496.0,130.0,200.0,2,1.6,2.0,0.4,16.0,107.0,22.0,6.0,135.0
50ac8941,33.0,41.0,464.0,131.0,15.0,17.0,16.0,19.0,0.0,1.0,0,0.0,0.0,0.0,0.0,5.0,1.0,0.0,4.0
caef7840,387.0,608.0,6881.0,2922.0,183.0,233.0,142.0,205.0,51.0,122.0,5,4.6,4.2,0.4,30.0,40.0,25.0,12.0,54.0
5313ed43,1040.0,1184.0,17066.0,3529.0,523.0,570.0,389.0,427.0,87.0,113.0,4,3.1,2.8,0.9,24.0,105.0,26.0,7.0,122.0
9d420dad,173.0,243.0,4633.0,3373.0,31.0,31.0,83.0,84.0,58.0,127.0,0,0.0,0.0,0.0,0.0,2.0,0.0,0.0,0.0
822d51d7,929.0,1134.0,16218.0,4870.0,423.0,512.0,365.0,421.0,107.0,145.0,1,2.5,1.8,-1.5,19.0,114.0,19.0,0.0,140.0
90eb507d,436.0,534.0,7433.0,1946.0,191.0,223.0,199.0,230.0,32.0,49.0,0,1.0,0.9,-1.0,12.0,24.0,7.0,5.0,28.0
90f87966,1131.0,1261.0,21316.0,7559.0,424.0,448.0,564.0,608.0,123.0,177.0,0,0.4,1.1,-0.4,4.0,62.0,0.0,0.0,59.0
574aa9ec,1.0,3.0,15.0,11.0,0.0,1.0,1.0,2.0,0.0,0.0,0,0.0,0.0,0.0,0.0,0.0,0.0,0.0,0.0
00a8d210,925.0,1258.0,15419.0,5657.0,471.0,540.0,349.0,474.0,83.0,191.0,2,4.5,4.5,-2.5,47.0,61.0,35.0,17.0,97.0
4b96c347,96.0,118.0,1325.0,283.0,59.0,68.0,24.0,31.0,6.0,9.0,0,0.2,0.2,-0.2,2.0,8.0,0.0,0.0,9.0
db3164e1,363.0,536.0,8874.0,6339.0,89.0,89.0,181.0,185.0,83.0,248.0,0,0.0,0.0,0.0,1.0,4.0,0.0,0.0,0.0
42276181,476.0,602.0,6398.0,1087.0,284.0,332.0,143.0,180.0,14.0,19.0,0,2.2,2.8,-2.2,19.0,26.0,19.0,3.0,56.0
23c63b7f,144.0,231.0,2105.0,382.0,81.0,115.0,39.0,64.0,10.0,22.0,3,1.5,1.5,1.5,7.0,14.0,3.0,0.0,14.0
23c63b7f,10.0,11.0,204.0,74.0,3.0,3.0,6.0,7.0,1.0,1.0,0,0.0,0.0,0.0,0.0,1.0,0.0,0.0,3.0
868eaba0,1079.0,1306.0,21024.0,7014.0,386.0,439.0,505.0,575.0,152.0,237.0,2,1.2,1.7,0.8,17.0,116.0,15.0,2.0,129.0
badcdcae,40.0,69.0,490.0,263.0,24.0,34.0,11.0,21.0,1.0,2.0,0,0.3,0.1,-0.3,3.0,4.0,1.0,0.0,7.0
ea0ff634,126.0,185.0,1475.0,322.0,86.0,119.0,26.0,36.0,1.0,2.0,0,0.6,0.5,-0.6,6.0,10.0,6.0,2.0,13.0
8827bf46,150.0,185.0,2156.0,576.0,87.0,97.0,47.0,59.0,7.0,12.0,0,0.3,0.5,-0.3,4.0,15.0,4.0,0.0,21.0
5b3cfa12,27.0,31.0,257.0,23.0,19.0,20.0,4.0,5.0,0.0,0.0,0,0.0,0.1,0.0,0.0,1.0,0.0,0.0,0.0
c5adc293,145.0,210.0,2518.0,1117.0,75.0,88.0,56.0,73.0,13.0,36.0,0,0.5,0.3,-0.5,8.0,9.0,2.0,1.0,12.0
41eebdf5,701.0,801.0,12358.0,3780.0,258.0,286.0,375.0,407.0,46.0,79.0,2,0.4,0.4,1.6,4.0,46.0,2.0,0.0,54.0
3befc2b6,1007.0,1199.0,20547.0,6860.0,330.0,371.0,495.0,554.0,162.0,232.0,1,1.2,0.8,-0.2,10.0,94.0,5.0,2.0,92.0
3708e9fa,537.0,766.0,9032.0,2897.0,271.0,343.0,173.0,226.0,68.0,135.0,6,4.5,3.9,1.5,42.0,50.0,31.0,3.0,81.0
1961b2aa,679.0,790.0,11598.0,3571.0,318.0,352.0,279.0,299.0,66.0,100.0,2,1.0,1.1,1.0,12.0,91.0,12.0,1.0,101.0
645a3363,1007.0,1181.0,17048.0,4412.0,473.0,519.0,402.0,445.0,95.0,162.0,4,2.5,2.1,1.5,25.0,111.0,17.0,0.0,103.0
b8c1de25,349.0,397.0,6494.0,2132.0,137.0,152.0,167.0,176.0,37.0,51.0,0,0.1,0.4,-0.1,2.0,39.0,3.0,0.0,47.0
a9d4c241,645.0,781.0,12523.0,3562.0,188.0,230.0,381.0,414.0,64.0,118.0,0,0.0,0.2,0.0,1.0,23.0,1.0,0.0,43.0
aad56ca3,53.0,74.0,736.0,116.0,30.0,35.0,17.0,22.0,2.0,5.0,0,0.3,0.2,-0.3,3.0,2.0,1.0,0.0,1.0
aad56ca3,335.0,414.0,4690.0,720.0,197.0,234.0,94.0,115.0,19.0,21.0,1,2.6,2.3,-1.6,23.0,16.0,16.0,3.0,38.0
06c48679,1160.0,1280.0,20739.0,7761.0,441.0,478.0,608.0,647.0,85.0,114.0,2,0.8,1.2,1.2,9.0,148.0,9.0,3.0,166.0
49136c42,330.0,445.0,6298.0,2474.0,127.0,157.0,159.0,191.0,38.0,75.0,0,0.4,0.6,-0.4,3.0,31.0,4.0,2.0,38.0
4a987ffa,1.0,2.0,10.0,0.0,1.0,2.0,0.0,0.0,0.0,0.0,0,0.0,0.0,0.0,0.0,0.0,0.0,0.0,0.0
d5d22a58,55.0,76.0,922.0,290.0,26.0,30.0,23.0,31.0,5.0,13.0,0,0.2,0.2,-0.2,4.0,3.0,2.0,2.0,4.0
f6857b4f,6.0,9.0,88.0,35.0,4.0,5.0,2.0,2.0,0.0,1.0,0,0.0,0.0,0.0,0.0,0.0,0.0,0.0,0.0
5ea8ef20,826.0,950.0,14072.0,3841.0,377.0,421.0,329.0,363.0,85.0,105.0,3,1.5,1.8,1.5,15.0,99.0,21.0,2.0,116.0
b73f17f8,172.0,263.0,2484.0,768.0,98.0,128.0,56.0,88.0,10.0,25.0,2,1.2,0.9,0.8,11.0,15.0,10.0,2.0,30.0
7155e3e1,271.0,320.0,4966.0,1291.0,100.0,106.0,142.0,165.0,25.0,39.0,1,0.9,0.4,0.1,4.0,22.0,6.0,2.0,31.0
5d8d7454,142.0,225.0,2491.0,1232.0,67.0,91.0,54.0,82.0,16.0,37.0,0,0.6,0.7,-0.6,8.0,5.0,5.0,4.0,10.0
923f4dda,8.0,8.0,67.0,7.0,6.0,6.0,0.0,0.0,0.0,0.0,0,0.1,0.0,-0.1,2.0,1.0,0.0,0.0,0.0
7091324a,0.0,0.0,0.0,0.0,0.0,0.0,0.0,0.0,0.0,0.0,0,0.0,0.0,0.0,0.0,0.0,0.0,0.0,0.0
d56b9520,1070.0,1312.0,17343.0,5600.0,553.0,619.0,418.0,500.0,75.0,123.0,1,3.0,3.6,-2.0,23.0,82.0,36.0,27.0,76.0
576817b7,197.0,247.0,3013.0,1053.0,110.0,119.0,74.0,92.0,10.0,25.0,0,0.1,0.2,-0.1,1.0,20.0,6.0,3.0,21.0
5167c97e,627.0,724.0,10270.0,3381.0,307.0,340.0,260.0,296.0,39.0,55.0,0,0.6,1.0,-0.6,4.0,47.0,8.0,2.0,71.0
e42d61c7,943.0,1065.0,11971.0,3319.0,603.0,656.0,259.0,286.0,16.0,28.0,3,2.8,4.2,0.2,29.0,35.0,35.0,10.0,74.0
a94571f6,26.0,38.0,364.0,98.0,16.0,21.0,10.0,11.0,0.0,2.0,0,0.0,0.0,0.0,0.0,0.0,0.0,0.0,0.0
0b4d8274,195.0,277.0,2995.0,947.0,84.0,107.0,72.0,99.0,14.0,31.0,2,2.2,1.0,-0.2,13.0,23.0,5.0,1.0,36.0
52cd0e88,2.0,5.0,21.0,10.0,2.0,2.0,0.0,2.0,0.0,0.0,0,0.0,0.0,0.0,0.0,1.0,0.0,0.0,0.0
e7d59f4f,221.0,271.0,3186.0,969.0,133.0,154.0,61.0,70.0,13.0,22.0,0,1.5,1.6,-1.5,15.0,21.0,16.0,1.0,38.0
07ace8c3,7.0,14.0,61.0,7.0,3.0,6.0,1.0,3.0,0.0,0.0,0,0.2,0.1,-0.2,2.0,0.0,0.0,0.0,0.0
563fcd6b,358.0,441.0,6295.0,1385.0,175.0,193.0,107.0,134.0,54.0,85.0,0,1.7,1.0,-1.7,15.0,28.0,9.0,3.0,39.0
f28474a4,72.0,84.0,1136.0,192.0,37.0,44.0,32.0,32.0,2.0,6.0,0,0.0,0.0,0.0,0.0,2.0,0.0,0.0,3.0
3681cfff,376.0,438.0,7579.0,2543.0,108.0,122.0,208.0,230.0,52.0,69.0,0,0.1,0.2,-0.1,4.0,9.0,2.0,0.0,24.0
61b77d0a,27.0,44.0,404.0,80.0,16.0,21.0,9.0,14.0,1.0,4.0,0,0.3,0.1,-0.3,3.0,3.0,1.0,0.0,2.0
db7849ca,451.0,702.0,7897.0,2429.0,219.0,287.0,147.0,209.0,61.0,143.0,3,6.6,5.2,-3.6,61.0,28.0,33.0,20.0,45.0
00891164,936.0,1084.0,17974.0,6451.0,319.0,347.0,526.0,579.0,84.0,138.0,0,0.3,0.4,-0.3,3.0,39.0,3.0,0.0,62.0
910e3cad,3.0,3.0,19.0,0.0,1.0,1.0,0.0,0.0,0.0,0.0,0,0.0,0.0,0.0,0.0,0.0,0.0,0.0,0.0
d14229f3,404.0,546.0,5792.0,1462.0,212.0,272.0,147.0,182.0,15.0,33.0,1,2.1,0.8,-1.1,14.0,28.0,10.0,1.0,44.0
fb0ee44e,289.0,422.0,3650.0,736.0,176.0,245.0,68.0,94.0,11.0,21.0,0,0.8,0.8,-0.8,10.0,28.0,8.0,1.0,31.0
c9f49454,47.0,60.0,559.0,91.0,32.0,37.0,8.0,11.0,2.0,3.0,0,0.2,0.0,-0.2,2.0,2.0,0.0,0.0,1.0
546bb36e,379.0,428.0,6153.0,1362.0,178.0,197.0,159.0,174.0,25.0,34.0,1,0.3,0.1,0.7,5.0,27.0,1.0,0.0,23.0
cf182add,774.0,958.0,10768.0,3684.0,476.0,549.0,251.0,301.0,21.0,46.0,1,2.3,2.0,-1.3,18.0,58.0,12.0,1.0,81.0
dbd3a428,400.0,637.0,6118.0,2403.0,215.0,286.0,132.0,214.0,31.0,76.0,4,5.8,6.1,-1.8,43.0,33.0,44.0,13.0,76.0
a0415710,284.0,414.0,4153.0,1414.0,154.0,185.0,92.0,138.0,17.0,47.0,2,1.2,1.0,0.8,7.0,25.0,11.0,8.0,30.0
96f4ebc0,4.0,7.0,63.0,31.0,1.0,1.0,3.0,5.0,0.0,1.0,0,0.0,0.2,0.0,0.0,1.0,0.0,0.0,3.0
eeba07f8,53.0,78.0,904.0,263.0,26.0,39.0,21.0,27.0,4.0,4.0,1,0.4,0.2,0.6,3.0,8.0,4.0,0.0,11.0
300ec91c,4.0,9.0,49.0,20.0,2.0,6.0,1.0,2.0,0.0,0.0,0,0.0,0.1,0.0,1.0,0.0,1.0,0.0,2.0
5cb215fc,504.0,593.0,10067.0,3551.0,166.0,188.0,261.0,283.0,66.0,103.0,0,0.0,0.0,0.0,0.0,13.0,0.0,0.0,21.0
45cce300,5.0,5.0,90.0,36.0,3.0,3.0,1.0,1.0,1.0,1.0,0,0.0,0.0,0.0,0.0,2.0,0.0,0.0,2.0
5b4bc323,514.0,652.0,9641.0,3372.0,218.0,247.0,201.0,237.0,75.0,127.0,0,0.3,0.6,-0.3,7.0,34.0,13.0,8.0,41.0
56ae428b,741.0,883.0,16374.0,5254.0,192.0,229.0,395.0,426.0,138.0,210.0,1,0.4,0.2,0.6,3.0,49.0,3.0,2.0,47.0
f323d995,563.0,672.0,11170.0,4257.0,186.0,223.0,281.0,315.0,79.0,110.0,1,0.7,0.3,0.3,6.0,22.0,1.0,0.0,32.0
c066d1a5,235.0,315.0,3318.0,1158.0,135.0,157.0,70.0,100.0,14.0,26.0,0,0.5,0.5,-0.5,7.0,16.0,11.0,3.0,36.0
32f3d97e,36.0,44.0,485.0,148.0,16.0,20.0,15.0,17.0,0.0,1.0,0,0.0,0.0,0.0,1.0,2.0,0.0,0.0,3.0
5b1bf5e3,12.0,16.0,172.0,14.0,5.0,6.0,4.0,6.0,1.0,2.0,0,0.0,0.0,0.0,0.0,2.0,0.0,0.0,1.0
bf4c41f9,221.0,275.0,2901.0,478.0,133.0,155.0,69.0,79.0,7.0,12.0,2,1.8,1.3,0.2,8.0,8.0,5.0,0.0,19.0
dd211559,855.0,1093.0,13784.0,5532.0,439.0,487.0,315.0,399.0,65.0,135.0,3,1.2,0.8,1.8,19.0,65.0,14.0,5.0,91.0
a426a912,34.0,42.0,505.0,145.0,17.0,19.0,14.0,20.0,1.0,1.0,0,0.0,0.0,0.0,0.0,1.0,0.0,0.0,3.0
3814120d,87.0,131.0,2374.0,1898.0,16.0,17.0,43.0,44.0,28.0,69.0,0,0.0,0.0,0.0,0.0,2.0,0.0,0.0,0.0
c5908bc4,21.0,31.0,289.0,76.0,12.0,15.0,7.0,11.0,1.0,3.0,0,0.1,0.1,-0.1,1.0,3.0,1.0,0.0,3.0
c43a8336,96.0,120.0,1485.0,490.0,47.0,52.0,41.0,51.0,4.0,8.0,0,0.2,0.1,-0.2,2.0,2.0,1.0,0.0,5.0
c9f2f83a,99.0,111.0,1710.0,369.0,37.0,38.0,57.0,59.0,3.0,8.0,0,0.0,0.0,0.0,0.0,5.0,0.0,0.0,3.0
796b1c41,377.0,552.0,5775.0,2081.0,194.0,246.0,124.0,170.0,31.0,85.0,3,3.0,1.5,0.0,27.0,38.0,8.0,1.0,54.0
2677a1de,215.0,299.0,3665.0,1141.0,102.0,129.0,67.0,84.0,32.0,51.0,1,0.8,0.9,0.2,8.0,24.0,10.0,2.0,31.0
3670aa71,11.0,12.0,209.0,47.0,0.0,0.0,9.0,10.0,1.0,1.0,0,0.0,0.0,0.0,0.0,0.0,0.0,0.0,1.0
aef6e670,469.0,502.0,7174.0,2928.0,245.0,254.0,190.0,199.0,21.0,25.0,0,0.2,0.3,-0.2,1.0,36.0,1.0,0.0,40.0
3935e52e,607.0,724.0,9650.0,2535.0,304.0,340.0,261.0,304.0,28.0,47.0,1,0.8,1.1,0.2,8.0,42.0,6.0,2.0,52.0
1361e5bc,61.0,98.0,1113.0,420.0,25.0,31.0,29.0,43.0,6.0,18.0,0,0.1,0.0,-0.1,1.0,5.0,0.0,0.0,6.0
04bb2b06,129.0,199.0,1529.0,468.0,86.0,117.0,31.0,51.0,1.0,5.0,1,0.8,0.6,0.2,10.0,10.0,1.0,0.0,17.0
e6eadfb8,168.0,221.0,3062.0,1277.0,81.0,85.0,61.0,73.0,23.0,56.0,0,0.0,0.1,0.0,0.0,17.0,2.0,1.0,13.0
86a2ba20,767.0,867.0,13612.0,3649.0,316.0,342.0,359.0,400.0,70.0,87.0,1,1.5,1.1,-0.5,14.0,100.0,7.0,2.0,113.0
562a4799,195.0,238.0,3736.0,1381.0,64.0,77.0,111.0,123.0,17.0,29.0,0,0.1,0.1,-0.1,2.0,15.0,0.0,0.0,15.0
c385bf49,250.0,307.0,3646.0,816.0,140.0,157.0,91.0,112.0,8.0,18.0,0,0.3,0.3,-0.3,3.0,7.0,1.0,1.0,12.0
397ba086,174.0,258.0,2555.0,370.0,95.0,127.0,53.0,77.0,13.0,20.0,2,0.8,0.8,1.2,4.0,8.0,4.0,2.0,13.0
c90f380c,20.0,24.0,321.0,95.0,10.0,11.0,7.0,8.0,2.0,2.0,0,0.0,0.0,0.0,2.0,0.0,0.0,0.0,1.0
7cdda3bf,271.0,413.0,3821.0,898.0,168.0,228.0,75.0,107.0,14.0,36.0,1,2.9,2.6,-1.9,25.0,14.0,18.0,5.0,31.0
7cdda3bf,41.0,61.0,623.0,128.0,25.0,35.0,12.0,17.0,2.0,5.0,0,0.2,0.2,-0.2,3.0,3.0,2.0,1.0,5.0
9dbb75ca,444.0,634.0,6363.0,1775.0,235.0,302.0,138.0,188.0,28.0,53.0,4,4.3,3.8,-0.3,34.0,41.0,29.0,1.0,77.0
eb0db257,111.0,142.0,2278.0,691.0,44.0,55.0,43.0,50.0,21.0,31.0,0,0.2,0.4,-0.2,3.0,18.0,1.0,0.0,24.0
4e7db402,539.0,784.0,16615.0,12746.0,70.0,71.0,253.0,259.0,215.0,451.0,0,0.1,0.0,-0.1,1.0,7.0,1.0,0.0,1.0
770d7eb8,263.0,360.0,5411.0,2209.0,99.0,123.0,119.0,150.0,45.0,76.0,0,1.0,0.9,-1.0,11.0,14.0,5.0,2.0,17.0
01870104,55.0,95.0,635.0,149.0,32.0,52.0,11.0,22.0,2.0,2.0,0,1.5,1.5,-1.5,9.0,2.0,1.0,0.0,4.0
f066022d,621.0,731.0,12967.0,4531.0,176.0,192.0,344.0,371.0,90.0,146.0,0,0.0,0.1,0.0,1.0,48.0,1.0,0.0,35.0
0ed063d6,435.0,568.0,6426.0,2259.0,236.0,276.0,163.0,210.0,16.0,44.0,0,1.3,0.9,-1.3,11.0,29.0,14.0,7.0,43.0
2d22cea7,73.0,95.0,1175.0,373.0,28.0,33.0,33.0,38.0,5.0,11.0,0,1.1,0.8,-1.1,9.0,6.0,5.0,0.0,14.0
afe39ca8,316.0,399.0,4296.0,1288.0,202.0,240.0,95.0,113.0,9.0,20.0,1,0.8,1.4,0.2,7.0,21.0,6.0,2.0,29.0
547a72ad,83.0,112.0,1338.0,390.0,39.0,46.0,31.0,45.0,8.0,12.0,0,0.6,0.4,-0.6,4.0,7.0,4.0,3.0,6.0
88c4d190,150.0,222.0,2074.0,327.0,97.0,127.0,40.0,64.0,6.0,12.0,1,0.8,0.5,0.2,8.0,10.0,7.0,2.0,12.0
6f806d99,1188.0,1492.0,20543.0,6863.0,525.0,590.0,455.0,550.0,138.0,234.0,6,5.7,3.5,0.3,53.0,141.0,21.0,4.0,161.0
2321ea6e,1050.0,1272.0,16465.0,6979.0,542.0,610.0,412.0,477.0,61.0,122.0,0,0.5,1.4,-0.5,9.0,85.0,21.0,8.0,114.0
321a71a7,772.0,984.0,14929.0,6303.0,300.0,340.0,356.0,414.0,97.0,197.0,0,0.3,0.4,-0.3,2.0,75.0,8.0,3.0,79.0
5bf26efc,12.0,16.0,208.0,72.0,6.0,10.0,6.0,6.0,0.0,0.0,0,0.0,0.0,0.0,0.0,2.0,0.0,0.0,2.0
2fa2a875,128.0,181.0,3702.0,2864.0,22.0,22.0,55.0,57.0,50.0,101.0,0,0.0,0.0,0.0,0.0,2.0,0.0,0.0,0.0
f5044e54,701.0,850.0,14127.0,4894.0,269.0,304.0,286.0,326.0,126.0,188.0,1,1.1,1.6,-0.1,6.0,85.0,8.0,2.0,104.0
8ca9415f,17.0,21.0,247.0,31.0,10.0,12.0,7.0,8.0,0.0,0.0,0,0.1,0.1,-0.1,1.0,0.0,0.0,0.0,1.0
2b471f99,569.0,637.0,9544.0,2701.0,253.0,268.0,252.0,265.0,42.0,75.0,0,0.1,0.2,-0.1,4.0,44.0,3.0,0.0,46.0
1e52971c,821.0,930.0,14074.0,3159.0,345.0,394.0,383.0,412.0,64.0,75.0,1,0.4,0.9,0.6,6.0,82.0,5.0,1.0,86.0
1e7aea56,342.0,569.0,11619.0,9897.0,35.0,35.0,148.0,151.0,159.0,378.0,0,0.0,0.0,0.0,0.0,14.0,0.0,0.0,0.0
fcc84a07,287.0,388.0,4491.0,1355.0,153.0,198.0,91.0,113.0,23.0,41.0,0,0.8,0.8,-0.8,9.0,26.0,9.0,2.0,40.0
17e25e72,12.0,13.0,176.0,9.0,7.0,8.0,5.0,5.0,0.0,0.0,0,0.1,0.0,-0.1,1.0,0.0,0.0,0.0,0.0
f7691f63,551.0,750.0,9946.0,3004.0,238.0,273.0,227.0,284.0,68.0,161.0,0,1.2,1.6,-1.2,18.0,31.0,20.0,7.0,51.0
fd78b105,181.0,263.0,4827.0,3669.0,45.0,46.0,74.0,78.0,58.0,135.0,0,0.0,0.0,0.0,0.0,5.0,0.0,0.0,0.0
40221fa7,362.0,470.0,5529.0,2311.0,199.0,229.0,129.0,177.0,21.0,38.0,0,0.5,0.5,-0.5,8.0,44.0,7.0,3.0,55.0
40221fa7,51.0,61.0,916.0,312.0,24.0,26.0,20.0,26.0,7.0,9.0,0,0.0,0.0,0.0,0.0,3.0,1.0,1.0,3.0
f00de885,490.0,633.0,12689.0,9129.0,104.0,104.0,245.0,248.0,140.0,277.0,0,0.0,0.0,0.0,0.0,4.0,0.0,0.0,0.0
7c2965bb,384.0,550.0,6719.0,1987.0,187.0,232.0,132.0,187.0,50.0,96.0,5,3.6,2.8,1.4,37.0,39.0,14.0,5.0,56.0
20b9f052,567.0,701.0,15010.0,9544.0,95.0,97.0,297.0,301.0,173.0,299.0,1,0.0,0.0,1.0,1.0,10.0,0.0,0.0,1.0
64c14d49,384.0,455.0,6880.0,1867.0,162.0,188.0,166.0,189.0,45.0,59.0,1,1.3,0.4,-0.3,11.0,59.0,2.0,0.0,59.0
fc4cf6a7,841.0,1013.0,11972.0,4355.0,523.0,581.0,267.0,323.0,29.0,55.0,1,0.7,1.2,0.3,11.0,55.0,18.0,7.0,75.0
1a2935f6,519.0,573.0,10143.0,3443.0,179.0,190.0,277.0,295.0,59.0,82.0,0,0.5,0.3,-0.5,2.0,42.0,0.0,0.0,34.0
a99138af,134.0,154.0,2491.0,633.0,60.0,67.0,54.0,59.0,17.0,22.0,0,0.2,0.2,-0.2,3.0,19.0,1.0,0.0,20.0
5b9512c5,1336.0,1491.0,24283.0,9639.0,495.0,528.0,743.0,795.0,83.0,133.0,0,0.1,0.5,-0.1,2.0,90.0,4.0,0.0,103.0
e05082d1,263.0,319.0,4556.0,1217.0,122.0,143.0,99.0,110.0,30.0,52.0,0,0.8,1.0,-0.8,8.0,24.0,6.0,2.0,33.0
b3f8bdef,540.0,660.0,8315.0,2197.0,293.0,342.0,189.0,226.0,36.0,56.0,1,1.4,1.8,-0.4,13.0,25.0,18.0,11.0,41.0
dfc5d4fa,22.0,27.0,393.0,119.0,11.0,12.0,6.0,6.0,4.0,7.0,0,0.0,0.0,0.0,0.0,2.0,0.0,0.0,2.0
d4d35152,425.0,512.0,7929.0,1887.0,187.0,215.0,183.0,208.0,50.0,71.0,2,0.7,0.7,1.3,10.0,40.0,7.0,4.0,47.0
caa7aaea,843.0,1017.0,13910.0,4192.0,393.0,444.0,338.0,396.0,70.0,108.0,0,0.9,1.0,-0.9,14.0,71.0,9.0,2.0,95.0
fc46aab1,470.0,596.0,7956.0,2106.0,212.0,255.0,189.0,217.0,49.0,80.0,3,2.7,2.6,0.3,22.0,55.0,22.0,7.0,80.0
22bfb57e,162.0,187.0,2240.0,538.0,87.0,97.0,57.0,62.0,6.0,9.0,0,0.3,0.3,-0.3,4.0,10.0,1.0,0.0,16.0
654f49ca,15.0,38.0,146.0,43.0,10.0,20.0,2.0,10.0,0.0,0.0,0,0.0,0.0,0.0,1.0,0.0,1.0,0.0,2.0
48d5bd33,182.0,233.0,2947.0,820.0,88.0,102.0,69.0,87.0,16.0,28.0,0,1.4,0.9,-1.4,10.0,24.0,6.0,3.0,28.0
0f86995c,8.0,10.0,146.0,13.0,3.0,3.0,4.0,6.0,1.0,1.0,0,0.0,0.0,0.0,0.0,0.0,0.0,0.0,0.0
1d2d5cc8,560.0,769.0,16055.0,11378.0,91.0,93.0,265.0,271.0,202.0,400.0,1,0.1,0.0,0.9,1.0,10.0,0.0,0.0,0.0
c801616a,446.0,658.0,9000.0,3340.0,162.0,209.0,187.0,256.0,82.0,164.0,1,1.6,1.5,-0.6,22.0,64.0,10.0,4.0,72.0
c4173f1a,275.0,372.0,6438.0,4241.0,61.0,62.0,158.0,159.0,55.0,150.0,0,0.0,0.0,0.0,0.0,1.0,0.0,0.0,0.0
706a60e1,52.0,70.0,654.0,131.0,32.0,40.0,13.0,16.0,2.0,4.0,0,0.0,0.2,0.0,0.0,2.0,2.0,0.0,4.0
e54a9890,355.0,525.0,5741.0,2301.0,206.0,254.0,100.0,139.0,36.0,86.0,4,2.0,1.8,2.0,19.0,20.0,12.0,7.0,37.0
740f00ac,671.0,839.0,11577.0,3409.0,302.0,356.0,254.0,297.0,74.0,113.0,1,1.0,1.4,0.0,11.0,91.0,16.0,0.0,113.0
d9764034,709.0,814.0,14979.0,4890.0,179.0,203.0,424.0,463.0,96.0,124.0,0,0.1,0.2,-0.1,2.0,37.0,1.0,0.0,41.0
d5f2f82b,1443.0,1517.0,25237.0,9053.0,573.0,593.0,726.0,748.0,104.0,123.0,0,0.3,0.8,-0.3,5.0,62.0,2.0,0.0,64.0
468fdbad,163.0,187.0,2817.0,723.0,84.0,94.0,50.0,59.0,22.0,27.0,0,0.0,0.1,0.0,1.0,17.0,1.0,0.0,17.0
3ef0fa48,121.0,155.0,1643.0,377.0,74.0,86.0,39.0,49.0,3.0,8.0,0,0.3,0.4,-0.3,3.0,8.0,9.0,0.0,14.0
eba1e557,110.0,135.0,1831.0,584.0,55.0,65.0,41.0,45.0,11.0,15.0,0,0.2,0.4,-0.2,3.0,13.0,7.0,1.0,14.0
6ea05ca7,29.0,38.0,480.0,138.0,15.0,18.0,12.0,16.0,2.0,3.0,0,0.0,0.0,0.0,0.0,3.0,0.0,0.0,4.0
15944afd,210.0,257.0,3871.0,795.0,86.0,106.0,100.0,115.0,21.0,27.0,0,0.0,0.1,0.0,0.0,20.0,1.0,0.0,29.0
cf1ef7ec,108.0,127.0,2009.0,663.0,34.0,36.0,62.0,68.0,8.0,16.0,0,0.0,0.0,0.0,0.0,3.0,0.0,0.0,1.0
cf1ef7ec,101.0,117.0,1543.0,564.0,55.0,60.0,41.0,47.0,3.0,4.0,1,0.3,0.3,0.7,1.0,10.0,4.0,0.0,16.0
70d4c949,3.0,6.0,32.0,0.0,3.0,4.0,0.0,1.0,0.0,0.0,0,0.0,0.0,0.0,0.0,0.0,0.0,0.0,0.0
a17a94d6,800.0,940.0,15606.0,5024.0,287.0,335.0,366.0,406.0,120.0,150.0,0,0.6,0.9,-0.6,13.0,83.0,9.0,0.0,122.0
87d31635,44.0,54.0,726.0,161.0,22.0,24.0,19.0,21.0,3.0,8.0,0,0.6,0.7,-0.6,2.0,1.0,2.0,0.0,3.0
30144daa,134.0,182.0,1789.0,369.0,74.0,94.0,36.0,44.0,9.0,12.0,1,0.7,0.7,0.3,3.0,4.0,2.0,1.0,11.0
2c70d915,41.0,48.0,600.0,267.0,26.0,29.0,13.0,15.0,1.0,1.0,0,0.0,0.0,0.0,0.0,1.0,0.0,0.0,6.0
b20cc590,216.0,248.0,4327.0,1020.0,67.0,76.0,116.0,129.0,30.0,38.0,0,0.0,0.0,0.0,1.0,2.0,0.0,0.0,4.0
42fd9c7f,592.0,740.0,7722.0,1886.0,363.0,433.0,161.0,197.0,18.0,33.0,3,5.4,5.4,-2.4,33.0,41.0,45.0,8.0,76.0
e76cb9cc,1056.0,1255.0,19410.0,6036.0,394.0,440.0,536.0,597.0,98.0,154.0,0,0.1,0.6,-0.1,3.0,97.0,16.0,4.0,123.0
890bc029,6.0,10.0,107.0,55.0,3.0,3.0,2.0,5.0,1.0,1.0,0,0.3,0.2,-0.3,1.0,0.0,0.0,0.0,1.0
46750e9c,22.0,27.0,318.0,86.0,12.0,14.0,9.0,10.0,0.0,1.0,0,0.0,0.0,0.0,0.0,2.0,0.0,0.0,3.0
6f5ec8bb,1686.0,1874.0,27635.0,10856.0,806.0,855.0,697.0,759.0,117.0,174.0,3,0.8,1.2,2.2,12.0,181.0,13.0,8.0,182.0
04ac78d2,314.0,345.0,5093.0,1880.0,126.0,129.0,166.0,172.0,14.0,32.0,0,0.0,0.0,0.0,0.0,10.0,0.0,0.0,21.0
d21e361a,103.0,152.0,1659.0,501.0,52.0,69.0,40.0,57.0,7.0,12.0,0,0.1,0.2,-0.1,3.0,8.0,3.0,1.0,11.0
70c52749,359.0,419.0,6084.0,1832.0,165.0,186.0,161.0,183.0,25.0,34.0,0,0.1,0.7,-0.1,1.0,27.0,7.0,1.0,53.0
f20e4cc9,464.0,549.0,6479.0,2177.0,264.0,298.0,154.0,174.0,17.0,25.0,4,2.1,2.5,1.9,17.0,31.0,14.0,3.0,51.0
c6e5d20f,1135.0,1323.0,21270.0,7861.0,427.0,464.0,535.0,579.0,135.0,225.0,1,0.6,1.4,0.4,9.0,121.0,8.0,0.0,136.0
3322e296,100.0,120.0,1568.0,410.0,53.0,58.0,41.0,47.0,6.0,12.0,1,0.0,0.0,1.0,2.0,6.0,1.0,0.0,8.0
9f0f4b49,82.0,120.0,1347.0,382.0,42.0,55.0,32.0,45.0,7.0,14.0,0,0.1,0.3,-0.1,1.0,7.0,4.0,2.0,7.0
e472a6f6,763.0,888.0,13388.0,4544.0,320.0,358.0,354.0,391.0,64.0,96.0,0,0.7,0.9,-0.7,11.0,94.0,12.0,2.0,125.0
9bdd8118,721.0,932.0,12153.0,4615.0,373.0,420.0,277.0,341.0,59.0,122.0,0,1.0,1.4,-1.0,17.0,69.0,14.0,7.0,68.0
0bfca6a1,680.0,902.0,12930.0,4785.0,278.0,317.0,292.0,372.0,92.0,178.0,1,1.9,1.9,-0.9,25.0,55.0,16.0,11.0,64.0
d70ce98e,985.0,1234.0,15306.0,5517.0,542.0,619.0,291.0,351.0,97.0,148.0,12,7.7,9.6,4.3,51.0,137.0,85.0,1.0,192.0
85613cf0,28.0,37.0,311.0,43.0,14.0,18.0,9.0,11.0,0.0,0.0,0,0.2,0.0,-0.2,1.0,2.0,0.0,0.0,1.0
f833a830,110.0,167.0,1657.0,445.0,52.0,71.0,38.0,47.0,8.0,24.0,3,1.0,1.4,2.0,6.0,7.0,6.0,0.0,16.0
065dc209,44.0,60.0,608.0,58.0,29.0,38.0,10.0,11.0,2.0,3.0,1,0.4,0.1,0.6,5.0,2.0,1.0,1.0,2.0
065dc209,154.0,208.0,2056.0,532.0,89.0,117.0,54.0,66.0,3.0,5.0,0,0.5,0.7,-0.5,9.0,14.0,5.0,0.0,20.0
595e6f3e,143.0,244.0,1856.0,429.0,81.0,124.0,37.0,63.0,8.0,14.0,2,1.6,0.6,0.4,14.0,13.0,2.0,1.0,16.0
7e82a78f,157.0,209.0,2527.0,830.0,75.0,85.0,55.0,70.0,16.0,34.0,0,1.0,1.0,-1.0,8.0,15.0,8.0,3.0,31.0
8499c713,3.0,4.0,40.0,10.0,2.0,2.0,1.0,1.0,0.0,1.0,0,0.0,0.0,0.0,0.0,0.0,0.0,0.0,1.0
3eaf8817,43.0,61.0,559.0,101.0,23.0,29.0,16.0,21.0,0.0,4.0,0,0.0,0.0,0.0,0.0,4.0,0.0,0.0,5.0
19ba6c6d,60.0,133.0,912.0,225.0,27.0,59.0,26.0,51.0,2.0,4.0,0,0.1,0.1,-0.1,3.0,9.0,0.0,0.0,9.0
71d10572,90.0,163.0,1205.0,235.0,52.0,82.0,23.0,50.0,5.0,10.0,0,0.8,0.4,-0.8,5.0,10.0,2.0,0.0,10.0
af0c835b,586.0,680.0,9487.0,2664.0,276.0,307.0,232.0,253.0,48.0,65.0,2,0.6,0.8,1.4,10.0,65.0,8.0,1.0,86.0
ac73ec79,561.0,643.0,8269.0,2441.0,306.0,326.0,211.0,240.0,19.0,29.0,3,2.0,1.3,1.0,9.0,17.0,8.0,2.0,24.0
2acf0cd7,396.0,538.0,6294.0,2121.0,198.0,252.0,138.0,175.0,37.0,69.0,2,1.5,0.9,0.5,17.0,47.0,6.0,1.0,55.0
dc29b608,312.0,428.0,8421.0,6151.0,80.0,80.0,129.0,129.0,100.0,213.0,0,0.0,0.0,0.0,0.0,4.0,0.0,0.0,0.0
e110ea4b,25.0,30.0,352.0,110.0,18.0,22.0,5.0,6.0,1.0,1.0,0,0.3,0.4,-0.3,1.0,2.0,4.0,1.0,5.0
65c55288,137.0,159.0,2513.0,670.0,51.0,56.0,74.0,81.0,10.0,18.0,0,0.0,0.2,0.0,1.0,7.0,1.0,0.0,10.0
87e9c7cd,153.0,214.0,2392.0,830.0,93.0,107.0,44.0,65.0,13.0,33.0,1,0.9,0.5,0.1,8.0,5.0,5.0,4.0,12.0
69384e5d,1010.0,1261.0,14616.0,5397.0,565.0,658.0,299.0,359.0,68.0,121.0,11,8.9,7.5,2.1,49.0,134.0,47.0,2.0,157.0
46faabfa,43.0,62.0,623.0,88.0,23.0,32.0,11.0,15.0,4.0,6.0,0,0.0,0.1,0.0,1.0,4.0,0.0,0.0,4.0
2054d037,139.0,219.0,2198.0,475.0,71.0,100.0,51.0,77.0,10.0,15.0,0,0.3,0.5,-0.3,3.0,7.0,5.0,1.0,22.0
3f319bb9,957.0,1156.0,19028.0,7543.0,304.0,353.0,517.0,573.0,120.0,199.0,2,0.7,0.5,1.3,3.0,47.0,2.0,0.0,74.0
7b9a9e25,267.0,364.0,3839.0,991.0,149.0,183.0,82.0,118.0,16.0,26.0,1,0.7,0.8,0.3,5.0,16.0,10.0,1.0,38.0
374fbf7d,319.0,484.0,5025.0,1819.0,173.0,226.0,103.0,146.0,27.0,71.0,1,2.1,2.2,-1.1,24.0,25.0,14.0,12.0,28.0
afb0c500,562.0,745.0,16935.0,12630.0,78.0,79.0,238.0,243.0,244.0,421.0,0,0.0,0.3,0.0,1.0,2.0,0.0,0.0,0.0
6043997c,446.0,518.0,9241.0,3075.0,114.0,128.0,279.0,298.0,49.0,82.0,0,0.0,0.2,0.0,0.0,33.0,3.0,0.0,40.0
35516eac,236.0,311.0,3354.0,758.0,139.0,168.0,70.0,91.0,12.0,19.0,2,1.0,0.8,1.0,13.0,14.0,8.0,4.0,27.0
6993927b,535.0,668.0,10107.0,4740.0,214.0,235.0,239.0,292.0,68.0,116.0,1,0.7,0.6,0.3,4.0,45.0,2.0,0.0,53.0
4534a352,301.0,327.0,6481.0,2022.0,70.0,75.0,184.0,194.0,44.0,50.0,0,0.2,0.1,-0.2,3.0,14.0,1.0,0.0,20.0
c631f952,295.0,415.0,8042.0,5958.0,53.0,54.0,155.0,158.0,86.0,202.0,0,0.0,0.0,0.0,0.0,4.0,0.0,0.0,0.0
ff4df82e,133.0,177.0,1696.0,288.0,82.0,107.0,34.0,44.0,4.0,6.0,1,0.4,0.5,0.6,4.0,9.0,3.0,0.0,14.0
b5bb8188,171.0,198.0,2903.0,553.0,77.0,85.0,70.0,79.0,16.0,22.0,0,0.1,0.1,-0.1,3.0,18.0,2.0,1.0,15.0
8652a85c,184.0,274.0,2708.0,575.0,82.0,122.0,72.0,91.0,8.0,21.0,1,2.0,1.8,-1.0,12.0,10.0,10.0,2.0,25.0
2f9e4435,267.0,444.0,3726.0,1232.0,151.0,220.0,85.0,152.0,13.0,34.0,5,3.1,3.0,1.9,23.0,20.0,23.0,2.0,39.0
6b4436ba,28.0,29.0,400.0,111.0,18.0,18.0,10.0,10.0,0.0,0.0,0,0.0,0.0,0.0,0.0,3.0,1.0,0.0,5.0
83299cc0,65.0,72.0,914.0,146.0,36.0,38.0,23.0,26.0,1.0,1.0,0,0.0,0.1,0.0,0.0,7.0,0.0,0.0,3.0
83299cc0,542.0,630.0,8826.0,2723.0,286.0,314.0,184.0,210.0,50.0,70.0,0,1.6,1.8,-1.6,17.0,70.0,12.0,1.0,87.0
ed90babd,289.0,413.0,5219.0,1709.0,135.0,161.0,111.0,167.0,36.0,60.0,1,2.4,2.4,-1.4,22.0,27.0,26.0,3.0,51.0
cd9b37a3,6.0,7.0,127.0,15.0,1.0,1.0,2.0,2.0,2.0,3.0,0,0.0,0.0,0.0,0.0,0.0,0.0,0.0,0.0
779847d6,600.0,713.0,12404.0,4555.0,186.0,205.0,307.0,342.0,98.0,149.0,0,0.0,0.2,0.0,1.0,51.0,3.0,0.0,51.0
e5c1e0ca,768.0,918.0,14227.0,6214.0,300.0,330.0,392.0,436.0,62.0,123.0,0,0.3,1.1,-0.3,6.0,40.0,7.0,1.0,46.0
9b6f7fd5,110.0,126.0,1981.0,536.0,54.0,60.0,36.0,40.0,16.0,21.0,0,0.2,0.7,-0.2,3.0,14.0,3.0,1.0,8.0
dff153a4,68.0,70.0,1060.0,325.0,36.0,38.0,25.0,25.0,4.0,4.0,1,0.4,0.4,0.6,2.0,7.0,1.0,0.0,6.0
58ae47b2,286.0,399.0,5165.0,1739.0,133.0,165.0,106.0,137.0,38.0,71.0,3,3.4,3.1,-0.4,29.0,31.0,22.0,1.0,56.0
f8ce97ca,40.0,48.0,506.0,141.0,20.0,23.0,15.0,16.0,1.0,2.0,0,0.0,0.0,0.0,1.0,1.0,0.0,0.0,2.0
0810b6df,141.0,211.0,3725.0,2480.0,34.0,36.0,61.0,61.0,44.0,112.0,0,0.0,0.0,0.0,0.0,3.0,0.0,0.0,0.0
57e3f0c7,410.0,523.0,5888.0,1253.0,238.0,279.0,118.0,151.0,27.0,41.0,0,2.0,2.1,-2.0,19.0,21.0,11.0,3.0,38.0
5c42e7ce,56.0,79.0,812.0,282.0,32.0,38.0,21.0,32.0,3.0,6.0,0,0.0,0.0,0.0,0.0,1.0,0.0,0.0,4.0
8fd9996f,946.0,1010.0,15616.0,5485.0,446.0,464.0,402.0,428.0,71.0,85.0,0,0.5,0.5,-0.5,4.0,94.0,5.0,0.0,83.0
8846a40f,225.0,330.0,3556.0,1097.0,119.0,149.0,70.0,102.0,24.0,49.0,1,1.4,1.0,-0.4,9.0,24.0,2.0,1.0,28.0
10dd88f9,218.0,292.0,3770.0,1038.0,104.0,130.0,81.0,105.0,23.0,34.0,1,1.0,0.7,0.0,12.0,23.0,10.0,1.0,46.0
49070d66,399.0,480.0,7885.0,3275.0,133.0,146.0,205.0,236.0,54.0,84.0,0,0.3,1.1,-0.3,3.0,35.0,6.0,1.0,27.0
64ba07c0,287.0,364.0,4661.0,1705.0,141.0,164.0,122.0,146.0,14.0,30.0,1,0.8,0.7,0.2,4.0,26.0,3.0,3.0,22.0
e546b2e3,499.0,614.0,7565.0,2341.0,261.0,301.0,184.0,216.0,30.0,46.0,4,2.9,1.9,1.1,25.0,54.0,12.0,1.0,78.0
be98f358,108.0,131.0,1709.0,505.0,49.0,58.0,44.0,51.0,8.0,12.0,1,0.7,0.4,0.3,5.0,12.0,5.0,2.0,18.0
7d704e92,469.0,577.0,8310.0,2721.0,191.0,225.0,239.0,270.0,28.0,62.0,0,0.1,0.5,-0.1,1.0,21.0,1.0,0.0,24.0
51c30111,758.0,906.0,14736.0,4339.0,295.0,329.0,318.0,360.0,124.0,177.0,1,0.5,1.3,0.5,7.0,74.0,9.0,2.0,97.0
7be7c08b,14.0,18.0,220.0,60.0,7.0,8.0,7.0,10.0,0.0,0.0,0,0.1,0.0,-0.1,1.0,1.0,1.0,0.0,3.0
1b729a98,14.0,34.0,511.0,427.0,1.0,1.0,5.0,5.0,8.0,28.0,0,0.0,0.0,0.0,0.0,0.0,0.0,0.0,0.0
67f649be,134.0,208.0,4125.0,3153.0,15.0,15.0,66.0,66.0,52.0,126.0,0,0.0,0.0,0.0,1.0,7.0,0.0,0.0,0.0
8dbff17c,227.0,279.0,4910.0,2336.0,71.0,78.0,107.0,125.0,45.0,66.0,0,0.5,0.1,-0.5,2.0,18.0,2.0,1.0,11.0
08511d65,1480.0,1566.0,27618.0,8790.0,556.0,581.0,716.0,738.0,162.0,186.0,1,0.1,0.5,0.9,2.0,123.0,5.0,2.0,106.0
ef619b0b,597.0,708.0,10111.0,2476.0,278.0,301.0,231.0,267.0,60.0,99.0,1,1.4,1.4,-0.4,20.0,48.0,14.0,1.0,73.0
79a793b7,33.0,37.0,553.0,104.0,15.0,16.0,15.0,17.0,3.0,4.0,0,0.4,0.1,-0.4,1.0,0.0,2.0,1.0,2.0
25749008,354.0,495.0,4988.0,1118.0,198.0,240.0,125.0,160.0,11.0,36.0,1,1.7,1.0,-0.7,9.0,24.0,6.0,1.0,33.0
40ef7347,408.0,560.0,5724.0,1542.0,246.0,306.0,114.0,162.0,24.0,42.0,2,2.3,2.5,-0.3,22.0,32.0,24.0,6.0,61.0
fb3236a7,473.0,570.0,8516.0,3044.0,190.0,214.0,209.0,247.0,50.0,72.0,0,0.3,0.6,-0.3,5.0,37.0,6.0,4.0,50.0
d504b3e1,57.0,69.0,850.0,178.0,33.0,38.0,20.0,23.0,2.0,3.0,0,0.0,0.0,0.0,0.0,5.0,0.0,0.0,8.0
d504b3e1,285.0,329.0,4411.0,1005.0,149.0,164.0,110.0,124.0,15.0,25.0,0,0.9,0.7,-0.9,8.0,31.0,5.0,1.0,32.0
102c9665,359.0,397.0,6304.0,2654.0,145.0,154.0,178.0,190.0,24.0,36.0,0,0.0,0.0,0.0,0.0,20.0,0.0,0.0,22.0
7f41ee30,105.0,124.0,2398.0,1930.0,22.0,23.0,61.0,63.0,21.0,37.0,0,0.0,0.0,0.0,0.0,0.0,0.0,0.0,1.0
beae3a73,254.0,371.0,3569.0,797.0,143.0,183.0,82.0,122.0,10.0,25.0,1,1.8,0.6,-0.8,18.0,22.0,9.0,1.0,35.0
8d62d31a,830.0,928.0,17302.0,4677.0,162.0,194.0,582.0,613.0,77.0,103.0,0,0.0,0.1,0.0,1.0,36.0,0.0,0.0,43.0
ed45c4a5,1257.0,1422.0,20977.0,5743.0,568.0,623.0,530.0,575.0,99.0,125.0,0,1.3,1.4,-1.3,19.0,141.0,21.0,1.0,135.0
1a6b7ea4,492.0,552.0,8535.0,2826.0,212.0,230.0,208.0,229.0,54.0,65.0,0,1.2,0.7,-1.2,12.0,40.0,10.0,1.0,60.0
9b545925,1144.0,1332.0,22073.0,8312.0,414.0,456.0,573.0,621.0,135.0,216.0,1,0.8,0.3,0.2,5.0,74.0,4.0,0.0,95.0
90a9cc01,26.0,29.0,233.0,40.0,20.0,20.0,3.0,4.0,0.0,1.0,0,0.0,0.0,0.0,0.0,0.0,0.0,0.0,0.0
c0c7ff58,854.0,938.0,12624.0,3267.0,459.0,489.0,289.0,316.0,54.0,65.0,1,1.1,1.3,-0.1,6.0,75.0,10.0,0.0,65.0
8299e363,122.0,152.0,1800.0,696.0,68.0,75.0,40.0,53.0,6.0,13.0,0,0.0,0.1,0.0,0.0,13.0,2.0,1.0,14.0
6388e356,568.0,724.0,9067.0,3098.0,283.0,323.0,231.0,281.0,35.0,82.0,2,0.6,0.7,1.4,14.0,24.0,8.0,3.0,39.0
90fcf472,140.0,173.0,2061.0,520.0,86.0,102.0,41.0,48.0,10.0,17.0,0,0.9,0.7,-0.9,6.0,15.0,12.0,0.0,24.0
93c942fb,168.0,193.0,2512.0,894.0,90.0,97.0,65.0,73.0,7.0,13.0,1,0.6,0.7,0.4,5.0,10.0,4.0,2.0,13.0
c9151d66,718.0,897.0,14289.0,4288.0,261.0,293.0,285.0,339.0,136.0,205.0,2,3.0,2.9,-1.0,34.0,94.0,21.0,7.0,130.0
87935cf3,283.0,335.0,4892.0,1725.0,109.0,124.0,147.0,164.0,16.0,32.0,0,0.0,0.0,0.0,0.0,11.0,0.0,0.0,19.0
cad3fd4d,34.0,44.0,429.0,148.0,25.0,29.0,7.0,11.0,1.0,2.0,0,0.0,0.0,0.0,1.0,2.0,2.0,0.0,6.0
bc7cc472,219.0,298.0,2953.0,727.0,129.0,162.0,62.0,87.0,8.0,11.0,1,0.8,1.5,0.2,6.0,16.0,9.0,1.0,19.0
c3725db2,884.0,1059.0,15857.0,6503.0,355.0,395.0,429.0,479.0,72.0,147.0,0,0.2,0.3,-0.2,2.0,71.0,1.0,0.0,86.0
fb14aa28,241.0,352.0,3658.0,766.0,134.0,190.0,77.0,99.0,16.0,24.0,3,1.8,1.0,1.2,19.0,19.0,7.0,0.0,36.0
60d90c55,641.0,825.0,16638.0,11171.0,148.0,148.0,274.0,280.0,206.0,381.0,0,0.0,0.0,0.0,0.0,11.0,1.0,0.0,1.0
032f894e,376.0,409.0,6309.0,1481.0,186.0,202.0,148.0,153.0,34.0,38.0,0,1.1,0.6,-1.1,7.0,36.0,2.0,0.0,35.0
2c0f8e9e,457.0,606.0,7320.0,1686.0,227.0,290.0,151.0,192.0,45.0,62.0,1,3.9,3.7,-2.9,34.0,42.0,44.0,2.0,83.0
6e7f1353,98.0,131.0,1499.0,395.0,52.0,63.0,33.0,40.0,7.0,15.0,1,0.3,0.5,0.7,5.0,12.0,4.0,2.0,9.0
5e22e2a4,704.0,818.0,13680.0,3463.0,263.0,297.0,326.0,366.0,96.0,123.0,0,0.6,1.1,-0.6,10.0,89.0,4.0,0.0,89.0
9744ff80,147.0,187.0,2118.0,609.0,81.0,94.0,49.0,56.0,6.0,16.0,0,1.3,1.1,-1.3,10.0,14.0,7.0,0.0,18.0
f527a32c,523.0,665.0,8499.0,2207.0,259.0,301.0,179.0,212.0,53.0,92.0,2,1.7,2.3,0.3,21.0,43.0,21.0,1.0,65.0
d5326924,33.0,49.0,462.0,100.0,19.0,29.0,7.0,13.0,3.0,3.0,0,0.1,0.1,-0.1,1.0,3.0,3.0,0.0,5.0
4315f30d,345.0,387.0,7098.0,2390.0,105.0,114.0,187.0,197.0,49.0,64.0,0,0.0,0.1,0.0,1.0,36.0,1.0,0.0,40.0
6bde367b,806.0,1144.0,14975.0,5739.0,352.0,414.0,258.0,330.0,146.0,311.0,1,3.5,4.0,-2.5,39.0,116.0,36.0,6.0,148.0
53af52f3,615.0,810.0,17378.0,12808.0,110.0,110.0,265.0,273.0,235.0,420.0,0,0.3,0.0,-0.3,2.0,5.0,0.0,0.0,0.0
cea59f02,805.0,952.0,14073.0,4510.0,349.0,376.0,356.0,408.0,74.0,123.0,0,0.5,0.6,-0.5,6.0,37.0,10.0,6.0,45.0
834b5c4c,460.0,668.0,13067.0,9928.0,88.0,88.0,205.0,211.0,165.0,365.0,0,0.3,0.0,-0.3,1.0,10.0,0.0,0.0,0.0
1d383c10,4.0,5.0,77.0,58.0,2.0,2.0,1.0,1.0,1.0,2.0,0,0.0,0.0,0.0,0.0,0.0,1.0,0.0,1.0
9c2b1f11,3.0,6.0,52.0,12.0,1.0,1.0,2.0,5.0,0.0,0.0,0,0.0,0.0,0.0,0.0,0.0,0.0,0.0,1.0
92ffb8f9,13.0,22.0,298.0,102.0,3.0,7.0,7.0,10.0,3.0,3.0,0,0.1,0.1,-0.1,1.0,3.0,0.0,0.0,4.0
30af8b93,937.0,1237.0,15037.0,5756.0,487.0,539.0,366.0,462.0,61.0,177.0,7,3.2,3.6,3.8,30.0,88.0,20.0,5.0,115.0
fdbde523,163.0,226.0,2032.0,429.0,85.0,110.0,44.0,66.0,6.0,11.0,0,1.3,1.1,-1.3,11.0,9.0,3.0,1.0,13.0
5f3eaaf5,332.0,513.0,5435.0,1370.0,178.0,225.0,115.0,177.0,29.0,71.0,3,2.8,2.8,0.2,33.0,23.0,19.0,12.0,37.0
5e5249c8,330.0,445.0,4790.0,1404.0,182.0,233.0,108.0,141.0,19.0,35.0,2,1.8,1.1,0.2,14.0,25.0,21.0,6.0,59.0
0f8418aa,257.0,342.0,3933.0,1010.0,144.0,174.0,86.0,113.0,18.0,28.0,0,0.2,0.3,-0.2,3.0,21.0,4.0,2.0,27.0
2acd49b9,380.0,488.0,6194.0,1849.0,177.0,215.0,157.0,191.0,26.0,41.0,0,0.8,0.8,-0.8,13.0,48.0,8.0,5.0,63.0
d7547531,7.0,11.0,87.0,19.0,4.0,6.0,2.0,4.0,0.0,0.0,0,0.0,0.0,0.0,0.0,1.0,0.0,0.0,3.0
ffec9769,261.0,367.0,3733.0,663.0,143.0,192.0,87.0,117.0,13.0,21.0,1,1.2,1.5,-0.2,13.0,22.0,4.0,0.0,26.0
2ccd89a3,100.0,138.0,1509.0,625.0,62.0,70.0,24.0,41.0,9.0,18.0,1,0.3,0.1,0.7,2.0,7.0,1.0,0.0,9.0
fed17f5a,361.0,429.0,5040.0,1299.0,213.0,245.0,106.0,120.0,18.0,29.0,2,1.0,1.1,1.0,7.0,29.0,4.0,1.0,38.0
f19f32b1,35.0,63.0,990.0,776.0,8.0,8.0,11.0,13.0,14.0,40.0,0,0.0,0.0,0.0,0.0,1.0,0.0,0.0,0.0
7a42d0df,752.0,990.0,12782.0,3568.0,354.0,423.0,285.0,374.0,77.0,118.0,7,7.2,5.1,-0.2,49.0,85.0,41.0,12.0,139.0
86a49468,10.0,14.0,141.0,22.0,5.0,7.0,4.0,4.0,0.0,0.0,0,0.1,0.1,-0.1,2.0,0.0,1.0,1.0,0.0
4e0afc5d,104.0,137.0,1509.0,690.0,65.0,75.0,29.0,40.0,4.0,10.0,0,0.5,0.3,-0.5,3.0,7.0,1.0,1.0,10.0
a45a5d95,95.0,120.0,1387.0,227.0,56.0,69.0,31.0,39.0,3.0,6.0,0,0.1,0.1,-0.1,3.0,9.0,0.0,0.0,10.0
9bc9a519,164.0,189.0,2487.0,557.0,91.0,104.0,66.0,72.0,5.0,9.0,0,0.1,0.1,-0.1,1.0,12.0,1.0,0.0,10.0
a08985b8,1234.0,1459.0,22155.0,7009.0,554.0,622.0,504.0,561.0,136.0,200.0,0,0.7,0.8,-0.7,15.0,142.0,15.0,2.0,162.0
8f7e6783,82.0,100.0,1288.0,254.0,45.0,55.0,31.0,34.0,3.0,7.0,0,0.1,0.4,-0.1,1.0,11.0,2.0,0.0,12.0
39b326ed,216.0,250.0,3594.0,1539.0,106.0,118.0,85.0,95.0,18.0,23.0,1,0.3,0.3,0.7,4.0,14.0,4.0,2.0,21.0
a62f8bf1,127.0,155.0,2261.0,415.0,64.0,73.0,43.0,48.0,16.0,22.0,0,0.6,0.9,-0.6,6.0,7.0,5.0,2.0,18.0
b99bec05,223.0,277.0,3350.0,1058.0,136.0,157.0,70.0,84.0,13.0,21.0,0,0.4,0.3,-0.4,8.0,15.0,3.0,2.0,27.0
b99bec05,645.0,838.0,9771.0,3801.0,339.0,407.0,246.0,307.0,31.0,56.0,0,0.5,1.1,-0.5,6.0,58.0,20.0,4.0,95.0
f0661424,1162.0,1355.0,17877.0,5784.0,602.0,651.0,477.0,553.0,47.0,82.0,3,3.1,2.7,-0.1,17.0,87.0,28.0,5.0,118.0
95192fe4,120.0,135.0,1815.0,501.0,57.0,66.0,53.0,55.0,4.0,5.0,1,0.1,0.3,0.9,1.0,9.0,2.0,0.0,14.0
a0f9b535,750.0,880.0,13320.0,3805.0,327.0,373.0,308.0,342.0,88.0,114.0,2,2.0,2.1,0.0,18.0,99.0,26.0,1.0,130.0
a4a44eb0,1133.0,1269.0,20370.0,6563.0,380.0,406.0,660.0,698.0,65.0,130.0,1,0.2,0.3,0.8,3.0,26.0,1.0,0.0,37.0
ed39121c,655.0,755.0,11723.0,4194.0,302.0,325.0,242.0,267.0,84.0,127.0,0,1.0,1.2,-1.0,17.0,68.0,8.0,2.0,83.0
a65c844b,758.0,965.0,11527.0,3873.0,449.0,503.0,240.0,322.0,43.0,76.0,0,2.4,3.2,-2.4,20.0,47.0,33.0,11.0,77.0
7f783431,341.0,471.0,5199.0,1710.0,191.0,233.0,116.0,161.0,18.0,46.0,1,1.1,0.7,-0.1,5.0,19.0,6.0,5.0,29.0
5148dcc5,447.0,603.0,6794.0,1561.0,230.0,302.0,146.0,187.0,38.0,52.0,4,3.4,2.2,0.6,26.0,39.0,15.0,3.0,60.0
7120a04d,378.0,499.0,5666.0,1276.0,203.0,234.0,138.0,180.0,18.0,49.0,2,1.3,2.3,0.7,10.0,25.0,18.0,3.0,52.0
df8d6029,1556.0,1727.0,31386.0,10570.0,433.0,464.0,918.0,981.0,177.0,234.0,0,0.4,0.7,-0.4,7.0,165.0,2.0,0.0,165.0
f4bc42b1,223.0,282.0,3404.0,1202.0,119.0,138.0,82.0,102.0,11.0,20.0,1,1.2,0.9,-0.2,9.0,30.0,10.0,4.0,38.0
c76b7567,429.0,524.0,6717.0,1586.0,214.0,251.0,161.0,191.0,29.0,41.0,2,1.9,1.9,0.1,17.0,25.0,13.0,2.0,41.0
c76b7567,150.0,197.0,2249.0,475.0,81.0,96.0,56.0,66.0,9.0,15.0,0,0.2,0.2,-0.2,3.0,19.0,5.0,1.0,21.0
7d9397f8,797.0,935.0,12767.0,3043.0,404.0,446.0,311.0,351.0,58.0,86.0,4,3.5,2.5,0.5,22.0,67.0,12.0,1.0,79.0
ca6f4846,14.0,18.0,214.0,4.0,7.0,9.0,5.0,6.0,1.0,2.0,0,0.0,0.0,0.0,0.0,0.0,0.0,0.0,0.0
88f130ed,1240.0,1412.0,23752.0,9235.0,431.0,448.0,688.0,731.0,106.0,195.0,0,0.2,0.4,-0.2,4.0,73.0,3.0,0.0,84.0
5ceba7fc,57.0,74.0,810.0,206.0,35.0,41.0,20.0,28.0,1.0,1.0,0,0.7,0.1,-0.7,4.0,7.0,1.0,1.0,6.0
5ceba7fc,493.0,617.0,7979.0,1331.0,260.0,313.0,181.0,213.0,36.0,48.0,2,3.0,3.1,-1.0,26.0,29.0,15.0,2.0,36.0
652d4c37,900.0,1019.0,16288.0,4928.0,376.0,415.0,381.0,416.0,111.0,139.0,1,2.2,2.7,-1.2,18.0,119.0,21.0,5.0,127.0
a4b798a9,879.0,1087.0,17090.0,5097.0,326.0,379.0,363.0,413.0,153.0,218.0,0,0.1,0.7,-0.1,3.0,80.0,8.0,0.0,95.0
01fd01e8,32.0,38.0,583.0,158.0,10.0,13.0,21.0,23.0,1.0,2.0,0,0.0,0.0,0.0,0.0,3.0,0.0,0.0,2.0
01fd01e8,293.0,328.0,5809.0,1869.0,84.0,98.0,166.0,175.0,38.0,46.0,0,0.2,0.1,-0.2,3.0,19.0,2.0,0.0,26.0
4e47507a,70.0,99.0,838.0,145.0,54.0,66.0,11.0,18.0,1.0,2.0,0,0.0,0.1,0.0,1.0,4.0,0.0,0.0,6.0
de488e56,134.0,168.0,2434.0,1016.0,54.0,61.0,59.0,72.0,14.0,24.0,0,0.5,0.4,-0.5,2.0,11.0,3.0,2.0,6.0
a4b1028a,1077.0,1269.0,18982.0,5804.0,440.0,488.0,539.0,615.0,83.0,131.0,2,1.4,2.4,0.6,14.0,96.0,26.0,9.0,111.0
5d0e0a1f,1004.0,1265.0,15727.0,4812.0,493.0,565.0,441.0,563.0,48.0,81.0,6,1.4,1.4,4.6,18.0,66.0,16.0,8.0,83.0
906baf89,4.0,5.0,74.0,25.0,2.0,2.0,2.0,2.0,0.0,0.0,0,0.1,0.0,-0.1,1.0,0.0,0.0,0.0,1.0
8a53d24b,35.0,51.0,434.0,48.0,23.0,30.0,9.0,12.0,0.0,1.0,1,0.3,0.3,0.7,2.0,2.0,0.0,0.0,2.0
1df4a109,392.0,455.0,7397.0,1633.0,148.0,177.0,189.0,205.0,49.0,58.0,0,0.0,0.1,0.0,0.0,28.0,1.0,0.0,35.0
1880614f,464.0,645.0,7836.0,2401.0,249.0,287.0,145.0,203.0,52.0,108.0,3,4.2,4.1,-1.2,27.0,37.0,27.0,13.0,56.0
d75f3980,125.0,157.0,2127.0,799.0,53.0,62.0,55.0,61.0,11.0,22.0,1,0.2,0.7,0.8,1.0,12.0,6.0,5.0,15.0
531a4aa8,485.0,689.0,7979.0,3408.0,248.0,302.0,178.0,240.0,45.0,107.0,0,1.2,1.0,-1.2,8.0,24.0,11.0,8.0,39.0
ee45fd85,699.0,884.0,12133.0,4339.0,323.0,372.0,273.0,334.0,74.0,126.0,3,2.1,2.0,0.9,13.0,71.0,19.0,9.0,77.0
4a56052c,1096.0,1286.0,21004.0,5894.0,431.0,480.0,469.0,527.0,160.0,220.0,2,2.2,2.7,-0.2,20.0,163.0,14.0,5.0,152.0
1467af0d,1464.0,1583.0,22720.0,7950.0,745.0,790.0,544.0,569.0,97.0,122.0,0,0.7,2.3,-0.7,14.0,145.0,31.0,1.0,164.0
d60cf08d,123.0,148.0,2642.0,544.0,25.0,37.0,77.0,81.0,19.0,27.0,0,0.0,0.0,0.0,0.0,7.0,0.0,0.0,10.0
b2791a55,354.0,464.0,7530.0,3240.0,99.0,122.0,181.0,222.0,67.0,102.0,0,0.2,0.5,-0.2,1.0,39.0,1.0,1.0,50.0
01becd60,44.0,56.0,626.0,156.0,20.0,24.0,19.0,20.0,1.0,2.0,0,0.0,0.2,0.0,1.0,5.0,3.0,0.0,8.0
75438a9a,302.0,359.0,5035.0,1566.0,139.0,154.0,133.0,144.0,22.0,43.0,0,0.0,0.0,0.0,0.0,14.0,0.0,0.0,19.0
74d4cec6,19.0,23.0,220.0,43.0,13.0,15.0,5.0,5.0,0.0,1.0,0,0.0,0.0,0.0,0.0,2.0,0.0,0.0,2.0
3b029691,1140.0,1243.0,16607.0,3877.0,626.0,655.0,369.0,393.0,66.0,81.0,1,2.0,2.3,-1.0,13.0,114.0,13.0,0.0,90.0
64f69877,63.0,96.0,996.0,448.0,34.0,50.0,15.0,23.0,8.0,9.0,1,0.4,0.7,0.6,6.0,8.0,1.0,0.0,14.0
8eec784d,412.0,501.0,6527.0,1901.0,213.0,244.0,153.0,177.0,31.0,44.0,2,1.4,1.6,0.6,12.0,29.0,20.0,7.0,39.0
3ecc8c5f,959.0,1174.0,17663.0,7509.0,379.0,424.0,476.0,541.0,87.0,174.0,1,0.3,0.4,0.7,3.0,67.0,3.0,0.0,71.0
b003239d,355.0,395.0,7450.0,1904.0,83.0,93.0,230.0,243.0,40.0,55.0,0,0.2,0.0,-0.2,1.0,19.0,0.0,0.0,25.0
b003239d,2.0,2.0,38.0,7.0,1.0,1.0,1.0,1.0,0.0,0.0,0,0.0,0.0,0.0,0.0,0.0,0.0,0.0,0.0
f3600c02,279.0,312.0,5221.0,1409.0,116.0,124.0,118.0,130.0,35.0,40.0,0,0.0,0.2,0.0,0.0,32.0,2.0,0.0,39.0
f5c8b425,73.0,96.0,1236.0,449.0,41.0,47.0,23.0,31.0,8.0,15.0,1,0.6,0.2,0.4,8.0,9.0,6.0,1.0,17.0
061266cd,67.0,86.0,903.0,367.0,40.0,49.0,23.0,24.0,1.0,5.0,0,0.1,0.2,-0.1,2.0,3.0,4.0,1.0,9.0
6763f716,328.0,363.0,6408.0,1618.0,104.0,110.0,177.0,191.0,42.0,55.0,0,0.0,0.1,0.0,1.0,7.0,0.0,0.0,10.0
1a85bcdb,715.0,963.0,11408.0,5273.0,377.0,432.0,258.0,348.0,58.0,127.0,0,1.0,1.3,-1.0,13.0,66.0,21.0,15.0,73.0
6b9960cf,164.0,185.0,2071.0,450.0,110.0,121.0,47.0,50.0,2.0,3.0,0,0.0,0.1,0.0,0.0,13.0,1.0,0.0,11.0
72d4922b,47.0,71.0,768.0,319.0,22.0,31.0,20.0,31.0,3.0,6.0,0,0.1,0.1,-0.1,2.0,6.0,2.0,1.0,6.0
0ff630d0,259.0,339.0,4113.0,1536.0,138.0,159.0,102.0,131.0,14.0,35.0,0,0.6,0.6,-0.6,6.0,16.0,8.0,5.0,25.0
0ff630d0,185.0,222.0,3038.0,815.0,79.0,89.0,85.0,97.0,10.0,21.0,0,0.5,0.8,-0.5,5.0,8.0,7.0,1.0,15.0
c8c02ac7,24.0,40.0,425.0,198.0,9.0,14.0,12.0,19.0,3.0,7.0,0,0.1,0.1,-0.1,3.0,4.0,0.0,0.0,2.0
095e4199,271.0,379.0,4028.0,1366.0,163.0,199.0,79.0,110.0,17.0,42.0,2,2.9,2.0,-0.9,21.0,22.0,17.0,0.0,47.0
fb4c5b6e,18.0,27.0,325.0,104.0,4.0,5.0,12.0,18.0,1.0,2.0,0,0.0,0.0,0.0,0.0,1.0,0.0,0.0,0.0
34a88e3e,297.0,382.0,4304.0,1230.0,183.0,210.0,84.0,110.0,20.0,33.0,3,2.2,2.9,0.8,17.0,11.0,18.0,5.0,30.0
aefa3050,23.0,26.0,348.0,102.0,12.0,13.0,11.0,12.0,0.0,0.0,0,0.0,0.0,0.0,0.0,1.0,0.0,0.0,1.0
