id,Touches,Def Pen,Def 3rd,Mid 3rd,Att 3rd,Att Pen,Live,Att,Succ,Tkld,Carries,TotDist,PrgDist,PrgC,1/3,CPA,Mis,Dis,Rec,PrgR
22919e97,259,4,27,111,127,44,259,22,4,15,143,749,304,10,5,5,22,14,170,49
501055d8,422,6,40,165,225,36,422,49,14,25,276,1832,719,21,20,10,34,16,295,79
dcfb17f4,401,5,45,198,160,34,401,21,10,9,230,1255,627,21,10,6,37,12,298,69
cb6d81b3,33,1,7,13,14,2,33,3,0,2,19,165,24,0,2,0,1,2,19,2
a6c58494,674,18,139,387,160,22,674,42,18,20,407,2982,1511,43,27,6,34,11,453,54
462475ed,173,3,11,85,78,30,173,2,1,1,66,269,76,2,0,0,14,6,127,27
6ec6fde0,773,68,328,379,74,14,773,16,4,11,408,2192,1004,13,12,3,11,3,446,23
834d0be5,99,10,18,39,45,16,99,8,5,3,46,224,109,2,6,1,3,7,70,12
00f518d8,83,0,14,47,23,3,83,8,2,5,37,224,129,4,3,2,4,3,41,12
8ce30c57,36,2,17,15,4,0,36,2,2,0,18,87,55,0,1,0,0,1,19,0
cd682b6b,9,1,3,5,1,0,9,1,0,1,4,28,7,0,0,0,0,0,4,0
555d5edd,423,9,65,245,118,9,423,27,13,11,238,1451,725,20,18,4,10,4,299,25
e0b113a7,1157,78,359,684,118,11,1157,1,1,0,469,2195,1108,7,6,0,16,2,733,5
30941e96,1217,36,307,542,373,21,1217,17,7,7,568,2213,1012,17,16,1,19,12,682,99
5e66fa06,1604,177,763,689,173,26,1604,27,12,14,865,5526,3098,37,24,1,19,10,984,40
0a3f6cde,462,1,34,139,295,33,462,39,15,21,262,1646,649,29,24,10,51,23,269,125
56413b1f,368,9,84,225,61,8,368,7,4,1,172,681,278,3,3,0,8,2,244,7
86e119e0,1288,81,332,711,258,9,1284,12,5,5,633,2837,1306,12,13,1,14,14,687,14
13ddc856,256,1,24,101,134,27,256,14,3,8,155,945,405,14,8,5,21,19,182,50
35f67a30,68,1,6,26,38,11,68,3,1,2,44,131,71,2,1,2,4,1,54,16
fe46e261,239,18,82,99,63,5,239,12,3,7,92,574,210,5,8,2,11,2,88,10
ce81d82d,0,0,0,0,0,0,0,0,0,0,0,0,0,0,0,0,0,0,0,0
10549b49,186,6,20,94,76,33,186,4,1,3,90,391,182,6,4,6,15,7,138,34
f582d5c1,0,0,0,0,0,0,0,0,0,0,0,0,0,0,0,0,0,0,0,0
a8567629,741,21,226,362,162,17,741,24,6,14,357,1736,904,18,10,6,15,8,461,48
442b56fa,1387,59,393,649,353,31,1387,45,16,22,763,3708,1748,38,15,5,42,15,832,102
a2a85828,192,8,34,73,90,11,192,16,8,8,101,798,435,9,12,3,9,5,107,16
00242b75,518,30,129,251,146,34,518,6,3,2,212,874,345,10,9,2,23,8,221,24
e61bdd69,144,0,19,71,57,8,144,11,8,3,98,726,372,10,4,2,9,9,101,20
44a20f0c,547,77,316,211,23,11,547,2,1,0,256,1180,617,7,5,0,4,2,261,2
47064058,1016,810,1007,9,0,0,1016,0,0,0,642,2769,1464,0,0,0,0,0,561,0
bd7d2e6d,276,24,120,137,20,6,276,0,0,0,161,896,523,3,3,0,3,0,175,2
69374ff5,180,12,56,96,29,3,180,1,1,0,91,318,150,1,1,0,3,1,86,0
437f2b00,949,29,148,465,353,82,949,75,35,31,545,3455,1816,51,39,21,45,23,625,108
fbbc8e15,4,0,1,2,2,0,4,0,0,0,2,32,5,0,0,0,1,0,2,0
a53b661f,150,3,10,84,59,15,150,15,3,11,80,476,155,7,4,4,15,8,91,31
8eb55dbb,494,2,30,149,322,59,494,20,7,12,305,1909,862,49,24,18,35,24,351,118
30ae134d,392,19,33,188,174,42,392,6,2,2,176,624,158,4,3,2,32,10,287,49
857a5abe,861,95,446,383,38,10,861,4,3,0,443,2044,986,8,5,0,8,4,429,6
bee0bab1,60,1,9,23,29,3,60,4,1,3,35,177,81,3,3,1,1,1,48,10
57d88cf9,1422,32,236,770,437,74,1422,103,52,30,893,5279,2669,65,40,19,49,41,1042,90
378825c7,1319,100,457,610,263,41,1318,24,10,12,621,2886,1217,30,16,9,24,15,720,71
eb6e14be,459,18,41,146,281,69,456,26,4,17,220,1064,394,17,14,10,37,22,266,81
7aac47fe,99,14,52,33,14,3,99,0,0,0,54,200,89,0,2,0,1,0,52,2
07d3bfec,140,0,20,65,59,6,140,8,0,6,79,356,166,7,10,1,8,5,81,9
dc62fbee,603,9,88,338,185,24,603,33,14,14,359,1957,811,24,20,3,28,8,417,58
663e080e,649,473,636,13,0,0,649,1,1,0,437,1527,745,0,0,0,0,0,415,0
691bef82,111,10,42,61,9,0,111,0,0,0,58,251,130,0,0,0,1,0,70,0
f4ec4fd0,123,6,24,63,36,7,123,1,0,1,73,260,63,0,1,0,7,5,84,12
635f2732,444,12,95,261,94,6,444,10,2,6,212,780,302,3,5,0,19,10,253,20
36578017,15,2,3,7,6,0,15,2,2,0,9,70,43,1,1,0,2,4,9,5
01834aa0,866,120,456,385,28,6,866,2,0,2,509,2267,1168,3,3,0,2,1,556,5
c68da769,303,5,42,151,113,29,302,20,10,9,185,771,265,8,6,4,24,5,223,44
a167537f,1147,8,113,467,587,57,1147,55,27,25,681,3577,1647,45,28,16,40,23,820,151
d28339cb,132,100,132,0,0,0,132,0,0,0,93,541,303,0,0,0,0,0,71,0
d4a2533d,168,0,21,103,48,3,168,8,5,2,106,752,296,9,7,2,3,6,134,17
e27da244,301,35,158,143,3,1,301,2,1,0,175,777,347,1,1,0,1,0,182,1
bbd79358,30,1,3,9,18,9,30,1,0,1,23,94,41,3,0,3,5,3,22,8
f0a37d36,943,67,350,427,172,7,943,9,5,0,415,2153,991,21,21,2,5,7,443,18
4e204552,110,1,8,50,54,16,110,7,2,5,69,436,146,9,4,5,9,6,75,23
45e95f21,215,14,65,91,62,7,215,6,0,5,116,466,230,6,2,0,6,2,122,16
ab5b7dc1,714,12,84,275,365,85,712,48,12,30,418,2601,1221,47,28,16,49,23,505,126
05e2d5ea,78,1,3,25,51,9,78,12,5,7,54,320,84,1,0,3,13,6,61,20
05f99a4a,180,2,19,65,99,37,179,20,11,8,128,642,257,9,7,6,17,9,139,46
f631c17f,119,0,4,41,74,14,119,6,1,5,77,366,153,11,3,5,12,4,93,36
b4705807,225,8,59,112,58,6,225,7,2,3,103,614,275,11,7,2,8,4,114,14
10745192,201,2,23,61,121,31,201,39,12,23,150,1124,524,17,10,13,18,6,164,30
0118c54c,833,57,292,421,129,12,833,9,3,5,425,1948,941,9,5,1,6,4,429,24
d1db4b83,58,3,22,17,19,1,58,3,0,3,17,79,45,3,3,0,3,0,21,3
d1273f09,169,11,56,71,47,5,169,11,5,4,73,417,221,7,5,1,5,4,74,7
a65ce836,732,40,233,423,80,7,732,12,5,5,433,2205,920,11,7,1,9,3,492,8
bd6351cd,215,13,69,93,54,8,215,18,6,9,119,446,178,1,3,2,3,1,139,21
5e080f73,19,2,6,7,6,0,19,0,0,0,7,42,22,1,0,0,2,1,7,1
db401046,1065,772,1055,10,0,0,1065,0,0,0,646,3149,1725,0,1,1,0,0,544,0
ae7058f9,617,111,382,224,14,7,617,1,1,0,300,1203,566,2,2,0,1,1,355,1
b3b7f5a6,62,2,13,31,18,0,62,2,0,2,23,82,50,1,0,0,2,0,31,5
48780156,4,2,2,2,0,0,4,0,0,0,0,0,0,0,0,0,0,0,0,0
af104654,870,654,864,6,0,0,870,2,1,1,468,2551,1336,0,0,0,0,1,359,0
c6608135,5,1,2,3,0,0,5,0,0,0,1,1,0,0,0,0,1,1,1,0
6e17c802,188,8,53,107,29,0,188,6,4,2,73,251,81,1,1,0,5,3,106,1
dd5bbe0d,54,0,10,29,16,1,54,10,3,5,24,97,33,0,1,0,3,2,14,4
042e8a49,586,6,37,183,375,53,586,53,23,21,432,2750,1529,60,32,24,25,13,472,181
5ddb8f9f,493,17,105,229,161,13,493,14,5,8,218,1227,598,23,10,8,14,8,244,53
05ba9d7c,71,0,10,27,36,3,71,5,3,2,42,274,109,5,2,3,1,2,46,13
eac044ad,249,0,13,123,116,28,249,13,5,8,155,551,200,7,4,3,13,11,189,39
dee3013b,207,158,201,7,0,0,207,0,0,0,135,788,410,0,0,0,0,0,80,0
db4ed67b,184,7,37,106,42,1,184,4,2,2,95,511,230,5,4,1,4,3,126,2
d3d77413,89,1,14,48,28,6,89,5,0,4,45,259,144,2,3,1,7,2,64,7
41bff4fa,203,17,105,92,7,2,203,2,2,0,98,526,356,2,1,0,3,2,102,0
3eb0f2df,20,0,5,6,9,0,20,1,1,0,7,38,19,1,1,0,4,1,8,1
d781d855,1435,39,350,696,420,57,1435,104,51,42,959,6057,3530,92,51,23,41,22,969,117
fe641c1a,160,11,70,77,14,0,160,6,2,3,88,267,89,0,0,0,0,1,87,0
54b4dc4e,905,25,168,508,233,12,905,18,5,11,431,2325,1110,18,16,5,18,17,583,16
ed79b7d3,630,28,83,227,326,91,629,31,10,17,285,1324,498,17,14,6,42,26,371,92
7bf9400b,194,29,120,68,6,6,194,0,0,0,99,534,342,1,0,0,4,0,108,0
aeed5c06,808,3,56,351,411,88,807,58,23,31,523,3617,2028,77,43,38,37,25,658,173
fc62f087,394,44,172,201,23,8,394,3,3,0,260,1462,909,11,3,1,2,4,282,2
d82a310a,3,0,0,0,3,0,3,1,0,1,3,26,14,0,0,0,0,0,4,1
8779ddf8,137,3,4,62,72,25,137,7,1,4,68,331,153,8,4,4,18,9,99,22
95bb6ddc,472,23,132,241,111,26,472,32,13,15,236,1523,764,28,18,5,22,13,263,26
4ccd8957,88,1,7,35,49,11,88,9,1,8,52,244,102,3,4,1,11,3,61,13
d01bbb6f,713,12,89,282,357,73,713,85,33,37,441,2862,1484,59,33,31,51,32,464,124
f67c9d29,652,53,300,306,50,12,652,5,2,1,339,1588,725,10,4,1,4,2,378,13
cc83b74d,98,5,10,38,51,12,98,4,1,3,57,311,121,4,6,2,20,3,69,14
7f73bdf4,98,5,38,53,10,0,98,3,2,1,37,224,122,2,1,0,0,4,39,0
9a2e3a23,115,2,6,52,59,8,115,3,0,3,62,262,69,3,3,2,6,11,87,21
809940aa,444,12,80,223,151,31,444,15,6,8,226,1034,477,11,10,1,20,15,277,51
638a4d71,797,34,74,294,431,90,796,21,7,13,364,1313,566,20,10,14,36,12,475,146
79ca3e23,360,5,37,205,120,14,360,20,8,11,219,1152,450,12,9,3,16,13,241,33
beb882a8,699,18,140,394,173,24,699,8,4,3,322,1563,640,17,14,1,15,13,385,26
2f7fec15,113,1,15,40,58,14,113,5,3,1,62,325,131,8,3,3,10,5,68,22
76b2817e,33,1,12,14,7,0,33,1,0,1,15,66,31,1,2,0,2,0,18,3
e7f3e8a7,391,1,29,205,175,30,391,74,31,36,271,2220,1003,33,16,16,31,17,280,62
48035304,1553,205,865,654,41,17,1553,1,0,1,959,4926,2625,13,15,1,6,2,1104,4
c149016b,1130,77,323,589,234,33,1130,32,16,13,576,2873,1388,20,20,3,34,29,711,48
554bcc91,329,7,56,195,80,2,329,5,2,2,140,657,385,5,3,0,4,6,176,8
1e43fad8,222,187,219,3,0,0,222,0,0,0,125,589,367,0,0,0,0,0,117,0
677da306,636,69,341,280,19,8,636,8,2,4,316,1631,760,9,2,0,7,4,315,4
3bb625ac,856,84,354,421,93,4,856,15,9,2,447,2168,1151,9,5,1,8,13,426,16
79f7302a,141,6,64,53,25,1,141,2,1,1,63,305,180,2,1,1,2,1,65,2
a92ab7be,972,779,961,14,0,0,972,2,2,0,596,3586,2103,0,0,0,0,0,467,0
9642c929,244,28,86,135,26,1,244,2,1,1,94,445,186,2,4,0,3,2,99,2
9a2e0ccc,435,1,32,236,171,16,434,19,10,9,283,1412,625,18,13,2,14,7,316,43
76fa965f,476,10,55,238,187,16,476,11,4,6,217,1188,557,15,14,2,17,12,272,36
a9142dc3,85,1,15,42,28,0,85,1,0,1,31,145,90,3,2,0,1,1,58,3
626fab5f,88,8,32,37,21,0,88,1,0,1,26,114,54,0,0,0,3,3,32,3
697dc00a,114,8,35,64,17,3,114,2,1,1,51,222,88,3,2,0,6,0,62,1
33182cb8,166,0,5,70,92,27,166,9,3,6,92,369,119,4,3,0,16,5,129,25
f86ad3f5,1404,137,672,667,72,4,1404,9,7,1,817,3763,1668,8,7,0,12,7,873,6
b77f44a4,836,90,508,306,29,18,836,1,1,0,488,2172,1089,3,2,0,3,2,594,4
74f2e748,1044,30,231,421,414,74,1044,106,53,29,580,4906,3068,110,72,26,49,37,660,143
0cf778df,654,10,88,261,322,46,653,65,32,28,384,3082,1585,62,45,20,21,20,421,87
4b96c347,320,6,36,177,110,14,320,25,8,14,199,800,326,3,6,2,12,7,228,43
4f16405e,901,28,62,463,385,91,897,39,19,17,495,2131,826,27,26,16,58,44,727,135
f27680d9,712,51,264,331,121,2,712,9,3,4,274,1223,596,7,7,1,9,4,343,17
6c731625,107,3,5,39,64,17,107,6,2,4,44,220,66,4,2,5,5,1,83,17
37f606f0,658,13,131,399,137,5,658,7,4,3,358,2052,931,17,8,0,10,6,390,17
62ab9184,517,24,106,276,138,31,517,9,2,7,280,1244,530,7,7,1,14,8,324,45
7242b495,735,29,203,269,268,21,735,15,3,10,291,1120,508,12,6,0,14,5,344,41
17376543,937,714,930,9,0,0,937,0,0,0,559,3291,1893,0,0,0,2,0,410,0
f521b80a,1444,142,702,688,60,24,1444,3,2,1,865,5063,3012,19,11,0,10,2,920,6
88e357ef,769,4,90,311,378,92,768,43,20,18,499,2785,1341,49,34,28,32,18,593,141
83b9c48f,59,5,22,33,4,0,59,0,0,0,25,123,65,1,3,0,1,0,29,0
cc86b9a3,846,41,206,436,215,31,846,15,9,4,431,2053,1162,27,19,5,13,8,524,40
9efa1d25,1158,12,144,619,408,44,1158,51,17,31,689,2868,1265,34,31,6,36,29,846,116
1025db8e,1198,149,677,464,67,14,1198,10,7,3,597,3127,1800,14,9,0,14,6,612,4
b8e740fb,239,6,40,123,83,7,239,11,6,4,162,778,341,6,11,1,11,9,174,17
8e235926,595,12,45,229,323,105,595,26,8,14,277,999,453,19,9,13,38,12,444,92
f9dfb7ae,148,22,87,58,3,1,148,0,0,0,82,303,171,2,0,0,2,0,89,1
54e4866f,992,19,125,474,404,39,985,41,25,12,584,3179,1532,42,27,10,22,15,677,80
37998008,180,126,175,5,0,0,180,0,0,0,119,592,370,0,0,0,0,0,108,0
14a7af33,710,39,185,450,80,5,710,16,10,6,306,1376,659,13,8,1,13,7,360,10
ae9b998d,8,0,0,2,6,1,8,2,0,2,4,29,0,0,0,0,0,1,3,0
1fc4f3d1,651,25,165,412,81,3,651,6,4,2,327,1483,702,13,14,0,12,7,373,10
f2dd9a21,360,27,132,196,37,1,360,7,5,2,154,808,319,2,6,0,7,3,144,5
048a1cbc,1259,35,286,641,345,38,1259,26,16,10,701,3338,1872,43,21,12,22,12,798,85
e6c43eec,324,30,92,191,42,6,324,2,2,0,124,460,172,1,3,0,5,4,162,5
923f4dda,390,11,23,205,164,55,389,15,4,6,216,1037,467,15,14,10,37,10,313,56
bcb2ccd8,225,180,225,0,0,0,225,0,0,0,142,625,303,0,0,0,0,0,119,0
25ab9c9c,98,8,46,49,3,1,98,0,0,0,62,273,152,2,0,0,0,1,72,1
1df0c0b9,777,56,279,335,171,20,777,11,3,5,291,1396,666,19,15,1,17,10,305,42
8593f88c,1060,39,226,452,390,37,1060,7,5,2,514,2326,1049,33,24,5,11,8,607,85
5ad50391,1502,167,723,748,37,11,1502,11,10,1,1063,5203,2755,18,5,1,5,3,1115,2
70dcf94d,569,13,102,283,192,33,569,15,2,10,273,1077,499,12,10,4,24,10,323,47
a5ec3ede,727,75,345,363,27,13,727,1,1,0,341,1467,814,1,4,0,3,1,335,0
cd82452e,156,14,38,63,58,7,156,6,1,4,57,256,115,3,5,0,13,1,70,10
92432bc6,514,18,121,309,85,3,514,3,2,0,296,1223,623,3,4,0,9,7,340,3
ba115a40,143,5,14,69,61,17,143,5,2,3,64,302,132,6,1,0,10,2,104,22
8ff2354e,935,29,296,488,160,11,935,12,7,5,490,2091,969,10,8,1,14,7,579,36
2e77d607,309,31,152,142,19,6,309,1,1,0,145,725,371,1,3,0,5,3,140,3
f24ea523,168,6,22,90,56,4,168,3,2,1,101,463,252,10,3,1,7,3,123,12
f24ea523,215,12,34,119,65,10,215,6,4,2,109,586,272,6,8,2,5,3,121,18
9ab16552,446,69,255,192,1,0,446,0,0,0,261,1271,667,0,1,1,2,0,281,0
50871bcc,386,12,76,148,169,18,386,15,3,9,209,1019,567,21,11,5,7,0,223,50
c2009df3,1382,76,406,633,357,40,1382,34,18,13,680,3408,1544,38,28,8,25,10,777,87
699fb8db,150,25,89,60,3,1,150,1,1,0,71,338,108,0,0,0,0,2,79,0
0a89e877,1165,41,349,554,272,32,1165,19,10,8,628,2936,1200,24,22,2,19,12,688,84
c3ee18ef,407,20,153,222,33,2,407,3,1,1,267,1151,657,3,3,0,1,0,302,4
dfb6490a,116,2,26,45,47,8,116,3,0,3,55,286,154,6,6,2,1,3,64,12
0c7a48f8,1292,113,559,641,99,17,1292,17,8,8,694,3645,2183,28,20,2,12,6,846,14
5521f419,372,9,39,176,161,34,372,16,6,5,177,851,415,17,10,7,26,14,266,56
5d8e331f,1078,61,300,657,130,18,1078,18,10,7,524,2427,1000,8,10,1,13,7,560,4
2903a856,1073,16,165,480,437,53,1072,20,8,10,585,3020,1387,42,29,13,30,21,736,120
877bc844,627,26,35,337,257,73,627,12,7,3,278,861,243,6,6,3,36,28,478,80
ca618d23,283,13,50,114,123,21,283,8,4,3,133,642,234,6,4,1,12,11,192,46
2979c05a,379,1,42,133,212,33,379,34,11,21,201,1723,780,34,21,6,27,13,242,73
2b83fa49,27,3,22,3,2,0,27,0,0,0,11,49,16,0,0,0,0,0,12,0
ad3389d5,758,656,751,7,0,0,758,0,0,0,431,2372,1389,0,0,0,1,0,372,0
94302c52,1161,166,723,424,22,8,1161,2,2,0,638,3160,1658,7,4,0,6,2,701,0
15f3ec41,280,6,30,139,117,10,280,26,13,10,184,1531,866,29,22,6,6,13,234,42
05d548d8,1148,103,537,572,44,15,1148,5,4,1,717,3542,2045,11,6,0,2,5,775,5
b116c6e3,328,8,51,148,132,19,328,11,2,9,168,937,380,9,9,2,20,15,184,37
054849d2,688,51,218,289,187,21,688,24,8,14,263,1504,778,17,7,3,19,8,278,39
f5c4fd91,13,0,3,6,4,2,13,1,0,0,6,9,8,0,1,0,0,0,9,2
271b8617,317,8,29,143,148,45,313,17,6,10,185,697,220,9,2,5,37,10,243,60
97d545ae,999,120,501,466,36,10,999,4,3,0,648,3278,1804,12,12,0,6,1,752,1
204dded0,1470,140,689,701,92,6,1470,6,1,4,818,4261,2424,18,19,1,13,3,924,12
8bf58a80,14,0,3,8,3,0,14,1,0,1,8,35,19,0,0,0,0,1,10,1
34b0387f,696,16,110,352,239,41,696,23,13,6,371,1514,672,18,15,4,31,12,445,66
a93b6f4e,537,40,260,256,25,4,537,4,2,2,301,1349,713,5,0,0,4,1,329,4
a8ee54ad,891,81,389,408,100,11,891,14,7,7,425,1629,714,13,10,1,8,4,490,17
fa4cabd1,100,81,100,0,0,0,100,0,0,0,46,299,160,0,0,0,0,0,48,0
689c9cf4,384,29,107,214,70,1,384,19,12,5,154,1188,542,17,14,1,14,9,180,21
34b54da7,76,10,49,26,1,0,76,0,0,0,42,147,43,0,0,0,0,0,52,0
3eeb80e0,353,21,62,146,145,21,353,9,1,8,170,650,222,2,7,1,14,15,199,44
ee644761,292,45,184,103,8,6,292,1,0,1,160,796,483,1,1,0,2,2,169,0
f36c432f,202,4,16,108,78,16,202,4,1,3,117,549,224,6,3,5,9,7,157,22
de838f86,1147,56,377,536,243,24,1147,12,6,6,594,2636,1129,17,16,0,19,11,696,71
0a084b35,108,9,26,44,39,2,108,2,0,2,38,154,83,4,0,1,0,1,41,8
2d61d13a,1227,131,621,553,69,23,1227,22,11,8,716,3859,2009,17,15,0,16,6,765,12
79c90e45,612,27,168,255,193,26,612,8,2,5,287,1262,717,21,13,3,8,3,350,70
94c18565,917,16,126,368,441,31,915,58,23,27,484,2888,1403,47,36,6,27,21,534,107
15f24fe7,85,0,4,44,37,18,85,1,0,1,31,71,14,0,0,0,5,3,66,13
091c86e2,460,21,73,263,128,25,460,16,7,4,246,908,453,6,10,1,24,6,295,34
15b287da,988,16,158,614,226,37,986,29,12,15,572,2820,1267,30,18,8,19,19,666,61
202b3b68,470,7,58,179,237,38,470,36,13,21,279,1472,774,23,18,6,33,13,315,91
463503e2,30,10,21,9,0,0,30,0,0,0,11,42,18,0,0,0,2,0,9,0
b825a650,638,15,130,424,90,0,638,5,4,1,429,2245,1131,11,14,0,9,8,458,6
b4c816a9,325,13,23,125,180,60,325,16,4,10,153,625,223,8,4,5,30,17,245,63
8f0f2230,149,3,19,57,73,22,149,8,1,3,77,493,155,5,2,5,17,14,110,22
5762be5c,794,56,241,482,80,4,794,11,7,3,338,1398,530,5,3,0,13,10,442,5
778ccc44,29,1,5,13,11,3,29,1,0,1,15,45,23,1,0,0,5,0,17,6
de4cac2d,463,5,49,170,259,72,462,67,29,34,305,2548,1151,53,27,27,47,32,321,109
d2c580ce,221,4,41,132,53,6,221,6,3,2,123,648,301,9,7,1,3,2,128,12
815c314f,1203,159,652,530,34,21,1203,10,5,3,568,2771,1384,7,2,0,12,6,604,1
099e666f,1092,51,361,545,200,11,1092,14,8,3,517,2342,1177,23,19,4,19,5,542,44
59e4b92e,837,35,223,496,130,9,837,6,3,2,358,1545,377,8,9,1,20,14,442,13
610aa1e9,788,86,438,321,33,6,788,4,2,1,500,2776,1542,12,7,0,4,2,518,2
49296448,1943,66,379,1058,521,12,1943,17,8,5,1124,5539,2076,24,17,3,18,20,1319,42
ca8033cb,338,11,166,145,29,4,338,2,1,1,197,779,326,1,2,0,2,3,256,6
19a967ab,684,29,220,303,181,28,684,51,17,29,316,2228,1298,37,20,10,28,7,329,45
6bd5cd5d,1315,156,706,589,26,14,1313,7,6,1,701,3395,1814,7,2,1,11,5,744,4
cd59b9df,774,584,769,6,0,0,774,0,0,0,466,2037,933,0,0,0,1,0,430,0
0fbecd11,964,38,196,614,162,19,964,10,2,7,430,1632,634,6,7,1,9,3,509,24
c0b3669f,681,9,32,286,373,125,680,91,35,44,413,2985,1447,64,33,42,85,51,524,151
ab096c6f,20,0,11,6,3,1,20,0,0,0,6,14,3,0,0,0,0,0,13,0
86574238,1289,40,297,803,218,14,1289,79,40,24,824,4289,2323,36,36,3,53,36,923,35
1f3afdcb,629,54,235,341,59,4,629,8,4,4,335,1785,1068,15,12,0,12,7,390,12
b1cd37e6,45,0,10,16,20,3,45,3,1,1,23,172,105,3,1,1,0,1,23,3
dc366c36,180,137,178,2,0,0,180,0,0,0,97,707,485,0,0,0,0,0,72,0
f1e855eb,158,5,29,53,77,16,158,16,6,8,97,610,284,16,6,4,9,8,106,37
e717705a,590,45,171,314,111,18,590,19,8,10,274,1448,661,20,15,0,14,9,296,22
603cb947,793,9,72,428,300,67,791,31,13,16,520,2546,987,27,21,8,37,23,600,132
496aeede,1159,48,326,599,246,39,1159,39,16,20,616,2635,1249,23,25,6,21,26,812,59
9f77012e,833,35,236,448,169,11,833,24,13,11,343,1928,924,25,22,2,18,21,312,32
f9446dcd,144,2,11,62,72,18,144,4,2,2,68,317,146,4,3,1,4,3,105,30
2a29eb9b,590,47,198,281,114,15,590,8,5,3,250,1094,500,6,6,0,10,2,308,39
9ceb7642,193,7,40,120,40,3,193,8,5,3,90,488,231,5,6,0,10,1,91,2
f1bc3876,1,0,0,1,0,0,1,0,0,0,0,0,0,0,0,0,0,1,0,0
2770726a,261,8,36,113,115,16,261,11,3,7,147,642,183,5,6,1,21,12,178,24
277c49ed,884,114,514,364,12,6,884,4,4,0,503,2590,1362,5,2,0,7,6,558,0
22798128,137,4,37,65,40,2,137,12,4,8,93,401,194,5,4,0,5,3,87,7
c1b7847c,456,12,93,247,124,23,456,27,13,13,264,1453,865,25,16,6,21,13,276,33
4aea5077,305,13,88,169,49,8,305,5,2,2,154,799,384,11,3,2,6,3,197,11
591477c9,316,43,163,140,18,12,316,1,0,0,122,569,233,1,1,0,4,1,129,0
72984eee,173,2,20,90,67,12,173,13,4,7,91,508,164,5,3,1,4,7,106,29
33b554b7,284,7,84,147,58,7,284,9,2,6,126,532,287,5,1,1,4,6,150,8
c4987edc,1114,138,520,533,71,11,1114,1,0,0,610,2983,1731,12,9,0,13,7,659,10
7e12a98d,405,42,188,205,12,2,405,1,0,1,203,957,443,5,0,1,5,1,225,1
792ffa71,64,4,12,27,27,7,64,7,2,5,35,195,68,1,1,2,4,4,39,11
bbd86530,471,25,107,220,149,12,471,5,3,1,213,1058,574,16,10,1,8,4,245,42
13fe7b69,75,0,9,22,46,12,75,19,4,13,50,372,66,2,6,1,9,5,49,12
302527b2,1472,181,787,648,47,15,1472,4,3,0,907,5803,2879,10,10,2,14,1,961,1
d6e53a3a,1338,130,596,682,65,17,1338,1,0,1,954,4598,2455,12,7,0,9,1,981,7
37dc1a48,675,10,87,271,329,85,675,74,28,42,372,2582,1286,57,36,38,53,30,436,118
c455a2b2,422,7,57,193,178,34,422,20,8,11,234,1199,485,14,8,7,19,7,281,42
07c7eb0c,904,50,242,520,155,21,904,12,5,6,288,1259,481,11,10,1,16,8,408,32
0c61c77c,662,14,74,275,328,73,659,87,37,44,425,3543,1737,65,38,33,51,31,459,127
8a6ab963,45,34,44,1,0,0,45,0,0,0,35,177,134,0,0,0,0,0,29,0
ab700320,524,9,95,239,194,23,524,20,8,10,266,1532,667,18,13,7,22,19,313,48
e5d85da8,552,8,51,197,313,58,552,28,9,18,334,2554,1258,47,20,20,37,15,357,106
864163f3,426,6,37,165,232,47,426,34,12,17,303,1894,1021,43,18,19,24,31,345,90
c691bfe2,423,7,28,147,256,86,421,37,19,16,288,1875,996,46,18,27,36,13,339,126
706a60e1,26,0,3,13,10,3,26,4,2,2,21,109,26,1,1,0,3,5,20,9
0e0102eb,469,8,56,185,239,51,469,66,23,37,303,1746,705,21,16,14,44,31,353,91
92a16062,681,43,200,384,105,13,681,7,3,4,318,1392,439,8,11,0,20,14,364,20
2f3e911a,934,34,218,419,309,11,933,16,9,6,456,2257,989,21,16,1,8,13,489,53
a396fb61,597,63,297,277,26,9,597,2,1,1,274,1140,451,2,1,0,7,2,307,2
ab3f1bdf,568,56,304,231,37,3,568,5,2,3,263,1228,622,7,5,0,7,2,284,0
00963611,1285,145,601,589,117,32,1285,27,11,11,646,3389,1728,19,20,2,25,3,732,10
826e8b63,247,8,59,113,76,7,247,3,1,2,127,565,264,4,5,0,4,1,155,22
0e6bc38c,362,5,16,152,195,63,361,23,16,4,236,875,235,8,4,4,29,14,284,70
b74277a0,503,15,157,232,117,11,503,11,5,4,298,1313,731,13,11,1,5,1,347,24
e162b013,495,23,128,210,160,11,495,10,4,4,268,1136,552,9,7,1,8,5,300,43
b56dd813,202,129,196,5,1,1,202,0,0,0,136,728,442,0,0,0,0,0,111,0
1e274a0a,168,3,18,48,106,11,167,4,1,3,84,400,121,5,4,1,14,7,126,36
f76022e7,225,8,49,107,74,15,225,17,5,9,103,699,270,10,7,3,9,5,138,19
88d4144a,444,21,138,215,101,6,444,24,12,10,168,1169,633,19,14,3,8,6,179,21
34e4343c,189,19,29,90,71,29,189,4,0,4,83,286,92,3,1,2,15,8,124,32
9ec9c8b6,514,29,193,193,134,7,514,5,2,2,212,1202,646,14,5,1,6,6,231,21
29ddfb9c,14,4,9,4,2,0,14,0,0,0,1,11,0,0,0,0,0,0,0,0
7e82a78f,206,2,23,109,76,10,206,5,2,3,110,632,310,6,8,0,11,8,131,24
6ce43701,284,1,21,119,149,50,284,33,11,20,163,907,323,6,5,4,26,17,173,49
cbac6ec9,775,628,761,16,0,0,775,0,0,0,447,2237,1279,0,0,0,0,0,419,0
3c6089ab,561,10,53,203,305,73,561,8,4,4,326,1055,551,21,11,9,27,10,447,107
2c0558b8,927,12,92,441,407,104,927,76,37,34,683,3680,1647,49,34,23,55,52,727,136
9ff8ec4a,36,0,1,18,18,4,36,3,2,1,16,180,132,5,3,2,5,2,23,7
441197b8,1472,177,794,636,50,16,1472,5,3,2,853,3962,2127,10,7,1,11,4,912,3
e110ea4b,146,6,25,44,78,11,146,13,4,7,68,421,173,10,3,5,9,2,94,28
61590953,794,49,344,430,26,7,794,14,8,4,515,2373,1274,13,4,0,12,4,520,11
30261ba1,255,9,83,119,57,3,255,5,3,2,126,568,282,6,5,1,4,7,146,17
e79269bd,169,14,71,65,35,3,169,6,3,3,58,302,168,5,2,2,4,1,81,11
8778c910,528,436,519,8,2,2,528,0,0,0,338,1534,910,0,0,0,1,0,318,0
36a59ba4,323,10,47,178,101,20,323,19,6,10,205,784,453,8,9,2,11,8,238,22
bc249af8,83,0,7,28,53,16,83,9,3,6,51,340,124,3,5,3,12,8,55,17
d6862409,332,13,40,143,150,39,332,19,4,12,142,487,175,1,5,1,16,11,189,51
d6862409,103,4,7,44,53,13,103,7,3,3,47,203,109,5,2,2,3,3,57,13
a45241d5,4,0,0,1,3,1,4,1,0,1,6,26,8,1,0,0,0,2,5,4
7c56da38,621,11,48,267,313,84,618,46,19,20,436,2133,838,32,21,16,33,25,485,111
0cc5f4a5,302,4,17,125,162,34,302,25,9,8,179,997,300,15,6,5,38,10,241,67
5458f670,135,1,21,58,58,11,135,10,5,4,71,460,124,5,1,3,1,7,86,20
bdedffac,31,25,31,0,0,0,31,0,0,0,25,140,46,0,0,0,0,0,18,0
57ec75bf,69,16,51,18,0,0,69,0,0,0,32,179,82,0,0,0,1,0,38,0
dd2e62da,11,0,0,6,5,2,11,0,0,0,4,26,10,1,0,1,1,0,4,1
86adbcc7,114,3,27,67,21,3,114,2,1,1,56,241,76,0,2,0,4,6,62,6
ae44e8e2,474,3,44,211,225,36,474,34,17,15,276,1366,665,17,15,9,26,20,346,50
c631f952,355,264,353,2,0,0,355,0,0,0,209,900,549,0,0,0,0,0,216,0
f26834c7,734,5,24,291,430,119,734,72,25,38,428,2556,1019,56,30,25,83,35,523,170
20030c06,1848,221,946,855,59,36,1848,8,4,3,1228,5426,2643,9,10,1,6,6,1313,4
86c75897,779,106,434,302,44,27,779,0,0,0,286,944,344,1,3,0,6,2,346,8
0a16eb36,284,13,66,100,122,21,284,21,10,11,155,1381,643,20,10,8,24,10,144,37
9662c9ec,212,13,58,103,55,7,212,9,3,5,102,508,181,4,4,1,13,3,115,8
1cbe4984,1152,72,403,516,245,17,1152,33,14,17,552,3097,1798,30,19,1,18,6,597,56
36d9dabe,549,30,161,223,174,6,549,3,1,2,217,1224,510,14,13,1,6,5,231,19
8b6e0db2,67,10,47,19,2,0,67,0,0,0,24,140,70,0,0,0,1,0,26,0
15413fa5,932,31,229,615,91,5,932,11,5,5,512,1922,734,5,10,0,11,19,592,18
66385c46,2,0,0,2,1,0,2,0,0,0,1,41,41,1,1,0,0,0,0,0
e82adcab,794,36,207,469,128,7,794,5,1,4,387,1462,625,7,9,1,11,15,521,19
5dc15574,90,4,26,33,31,7,89,1,0,0,44,145,58,1,0,0,2,2,55,3
13d23b29,21,0,8,12,1,1,21,0,0,0,14,97,56,1,0,0,0,0,17,0
5c50fdbc,137,2,22,56,61,6,137,3,1,2,85,515,318,11,3,2,5,1,88,18
1866b0f1,9,0,2,3,5,0,9,1,1,0,7,60,53,2,1,0,1,1,8,2
5c899683,30,0,6,17,8,1,30,1,1,0,17,49,34,1,1,0,1,0,18,3
53070b63,38,2,4,18,17,3,38,4,2,2,22,175,58,3,2,3,2,1,26,8
45a03961,1710,101,643,819,252,25,1710,4,0,1,1037,4367,2275,26,16,2,8,2,1205,55
0a1cb833,854,757,851,3,0,0,854,1,0,1,442,2551,1360,0,2,2,1,0,354,0
5154b2ba,201,22,91,82,29,2,201,6,2,4,81,478,221,6,0,0,1,1,96,2
582a5247,551,42,188,213,160,9,551,15,4,11,206,1249,553,18,15,5,21,10,207,35
b684a484,376,20,46,149,183,55,374,8,2,6,155,507,142,4,3,1,30,20,250,43
c18d22f5,51,4,24,20,7,0,51,0,0,0,19,136,56,1,0,0,0,0,19,1
3b61c9ec,514,11,127,224,170,10,514,26,11,12,240,1188,674,19,17,2,7,5,267,28
a2b1ed42,40,1,6,21,14,2,40,5,3,2,19,144,57,2,2,1,4,0,22,4
ff3d391c,101,3,13,45,43,5,101,14,5,9,63,582,156,8,5,2,12,8,66,23
f93e6e94,90,8,14,31,45,11,90,2,0,2,36,107,32,1,1,1,9,2,57,10
f503ef6e,62,3,16,28,18,7,62,4,1,3,20,97,16,1,0,0,6,3,26,2
83e1f40e,243,5,15,148,82,27,243,5,2,3,130,523,228,8,7,1,13,5,186,38
061e8e23,51,0,3,19,29,4,51,2,0,2,31,113,31,3,0,2,1,1,34,6
061e8e23,22,0,7,10,6,0,22,0,0,0,15,73,15,1,2,0,1,1,13,3
526ea7cc,1130,103,521,563,50,16,1130,2,1,0,585,2944,1453,12,6,0,8,3,691,2
f7aa75bd,958,50,267,451,247,7,958,14,2,8,403,1641,871,17,18,4,10,6,437,36
bc6bd723,673,11,59,321,300,38,672,21,11,9,395,1976,965,27,26,9,31,19,525,118
ea003d07,1,0,0,1,0,0,1,0,0,0,1,6,2,0,0,0,0,0,1,0
3745e8bd,169,8,21,78,73,31,169,4,2,2,76,283,82,2,2,2,22,9,118,29
7f609bfc,12,2,7,5,0,0,12,0,0,0,6,23,11,0,0,0,0,0,7,0
d2416c2e,118,4,7,65,47,17,118,4,2,2,80,337,156,2,1,0,22,6,105,24
924f9191,486,23,116,242,131,32,486,7,2,4,243,1216,532,14,9,3,18,10,290,33
c68b1b13,44,1,5,19,20,0,44,2,0,1,21,82,31,0,0,0,4,0,24,9
3c200e05,3,0,0,0,3,1,3,0,0,0,2,10,6,0,0,0,0,0,2,0
b90c4a43,28,27,28,0,0,0,28,0,0,0,18,95,66,0,0,0,0,0,8,0
c8b3a472,68,2,24,36,8,3,68,1,0,1,33,134,46,1,0,1,0,0,39,0
7d450ed3,987,32,266,397,334,21,987,25,5,17,511,2288,1226,32,14,7,13,8,599,93
cc971106,2,0,0,2,0,0,2,0,0,0,2,10,2,0,0,0,0,0,2,0
36a3ff67,446,9,69,203,183,36,446,16,7,8,265,1366,690,26,17,9,21,10,304,48
1ae836b1,798,49,239,431,138,5,798,13,3,7,377,1941,1087,12,10,0,30,11,394,16
7fa4e703,303,5,32,125,149,30,302,17,6,9,204,1153,551,18,15,6,10,15,232,44
f972644c,659,20,116,298,259,26,659,57,21,27,334,1663,669,22,19,5,39,21,344,61
9f941969,1213,766,1116,104,0,0,1213,0,0,0,697,3794,2483,0,0,0,0,0,563,0
e12b0b5b,554,19,103,367,89,10,554,7,4,1,295,1299,673,15,8,2,3,6,386,23
ea42c03f,485,58,279,198,11,7,485,0,0,0,211,920,475,1,1,0,7,0,241,2
90c1f9a4,11,0,1,5,5,0,11,1,1,0,8,22,12,0,0,0,0,0,7,2
13203c45,11,0,0,4,7,0,11,1,0,1,7,21,5,0,0,0,2,2,7,2
13203c45,158,5,40,57,62,3,158,7,0,5,70,426,163,4,5,0,4,2,78,13
80f36c88,338,17,87,182,71,4,338,3,0,3,166,631,297,5,1,0,9,5,193,4
c64c01fc,339,9,27,98,220,67,339,69,32,35,234,1537,721,32,11,24,46,25,260,75
009a4f60,628,29,176,246,216,13,628,36,15,16,290,1637,681,19,16,4,11,14,293,32
009a4f60,399,13,119,175,111,3,399,16,4,8,194,1025,556,19,11,1,8,9,224,21
a70b8345,809,549,798,11,0,0,809,0,0,0,517,2753,1775,0,0,0,0,0,432,0
e280527c,548,10,88,323,141,9,548,3,1,2,312,1283,572,7,8,0,6,3,368,19
e1830c52,0,0,0,0,0,0,0,0,0,0,0,0,0,0,0,0,0,0,0,0
bf075f6b,254,5,32,108,115,21,254,12,6,4,151,798,333,13,6,1,13,7,188,38
08593525,23,1,5,15,3,0,23,1,1,0,9,39,13,0,0,0,0,0,13,1
2b114be3,906,5,68,403,453,70,906,80,49,27,609,3595,1509,47,32,19,37,40,753,118
6a52a6c6,10,1,1,4,5,0,10,1,0,0,5,15,12,0,0,0,1,0,6,0
236f02cd,1000,57,332,463,211,16,1000,20,9,9,494,2269,1073,17,17,0,16,12,575,48
52afb588,100,3,12,37,52,13,100,12,3,8,48,319,129,7,3,5,8,6,68,20
049751d7,336,12,80,159,108,13,336,29,7,14,169,963,404,14,11,4,19,12,180,17
93cba339,59,2,10,26,26,7,59,9,3,6,33,144,44,3,0,4,6,6,39,10
5d4f7d61,349,8,22,163,168,47,349,14,7,6,192,691,243,9,9,3,28,14,290,63
bd527260,445,24,122,201,125,8,445,17,5,10,203,915,332,9,10,1,19,9,238,38
8f056768,970,34,257,600,132,3,970,22,12,7,597,2984,1627,20,16,1,18,12,660,11
f6bdc830,11,2,8,3,0,0,11,0,0,0,2,3,3,0,0,0,0,0,2,0
f6bdc830,281,49,135,130,16,10,281,0,0,0,106,454,247,1,0,0,1,3,116,1
34e12499,1839,172,820,943,92,22,1839,12,7,3,1137,5493,3380,34,31,1,12,6,1253,11
220ace7e,672,15,103,351,226,15,672,34,12,19,375,1786,904,20,21,6,32,15,453,50
b9ae8560,443,12,75,274,101,11,443,27,19,7,288,1594,704,17,13,2,9,11,312,30
ad00b1a8,1094,55,300,472,326,15,1094,7,1,6,437,1763,956,23,20,3,15,4,542,86
87436846,958,676,944,15,0,0,958,0,0,0,603,2871,1747,0,1,1,1,0,581,0
0d55d942,687,570,683,3,1,1,687,0,0,0,364,1705,884,0,0,0,0,0,322,0
8872ed17,302,3,55,132,116,7,302,11,5,5,162,783,316,9,9,1,6,4,190,23
1238a3f9,108,7,14,49,47,12,107,4,1,3,54,260,137,3,4,2,8,4,82,22
1238a3f9,64,4,8,30,26,9,64,1,0,1,20,114,80,3,1,0,1,2,52,9
b3325a30,710,26,138,414,172,29,710,52,24,24,340,1909,859,25,20,3,26,23,353,35
313254a3,999,42,243,550,213,15,999,21,9,12,495,2370,1202,16,20,2,16,10,529,38
3effaa34,544,6,29,226,298,94,544,46,15,24,354,1773,712,28,16,19,39,31,421,111
fcb27134,785,61,283,407,101,11,785,16,3,11,471,2056,1105,8,11,0,9,2,553,35
7ec723b7,81,4,25,53,4,1,81,2,1,0,56,228,133,4,1,0,1,0,51,0
73000a79,233,12,72,107,55,4,233,5,3,2,116,555,270,7,5,0,3,6,148,15
0d8a37c2,186,149,186,0,0,0,186,0,0,0,89,408,278,0,0,0,0,0,101,0
c6cf860f,11,2,4,7,0,0,11,0,0,0,3,8,0,0,0,0,1,1,5,0
65857fdf,50,1,4,15,31,5,50,2,1,1,33,159,49,3,0,1,3,4,34,10
65857fdf,106,1,11,43,53,4,106,6,1,5,53,244,69,1,4,0,7,1,60,12
c2211709,1305,71,375,760,185,34,1305,19,14,5,668,4258,2187,35,22,6,18,12,765,29
ff98492b,718,24,157,300,269,35,716,21,5,13,376,1960,955,36,20,11,17,8,395,82
c967f6b8,339,62,194,137,10,3,339,2,2,0,166,700,359,0,3,0,3,0,192,1
c05f2f8c,816,50,290,428,109,2,816,12,6,6,289,1280,507,10,12,1,11,9,318,12
4f627629,420,47,231,180,13,7,420,3,0,3,220,1063,625,3,2,0,1,0,259,0
420c18a1,286,214,281,5,0,0,286,0,0,0,199,833,426,0,0,0,0,0,186,0
420c18a1,638,444,636,2,0,0,638,0,0,0,420,1803,981,0,0,0,0,0,405,0
af0d79a9,934,30,229,351,366,16,934,21,11,8,498,2724,1393,36,34,5,12,11,558,91
4c6facae,1234,39,261,809,173,19,1234,12,7,3,740,3289,1547,21,22,2,17,12,817,20
0f59a7bf,743,21,120,404,233,38,743,35,16,15,348,1902,979,26,17,6,30,9,407,43
861e0116,360,22,102,200,59,3,360,4,1,1,160,862,414,9,5,0,7,3,180,10
1fffae99,459,18,108,254,102,21,459,10,6,3,207,936,419,13,8,3,17,3,260,26
7ed08d5c,385,17,97,221,71,3,385,7,5,1,261,1251,708,10,13,1,4,1,283,25
aad48be9,918,91,461,439,23,7,918,1,1,0,527,2991,1614,7,4,0,5,4,553,3
99f7e9aa,254,14,89,115,52,2,254,4,0,3,108,411,225,4,5,2,5,0,129,5
3b1ed320,304,5,71,170,64,4,304,3,0,2,141,585,284,4,4,0,8,9,166,12
7cd6badb,590,15,84,337,171,23,590,12,6,4,314,1277,529,13,14,1,18,17,448,52
e5649a78,1260,18,171,736,360,24,1260,36,16,13,576,2857,1285,26,16,2,27,26,762,65
e33c06cf,1180,93,461,582,142,20,1180,6,5,1,741,3428,1842,17,27,1,6,5,862,49
e18098de,459,30,121,295,50,7,459,5,0,4,191,751,308,6,5,2,6,6,234,6
92d83c27,460,20,92,210,167,30,460,24,11,11,237,1127,509,12,9,3,24,11,258,43
934e1968,1130,21,172,563,412,30,1130,52,27,21,662,3423,1612,45,35,5,33,22,755,79
e92cd3f7,3,0,0,0,3,3,3,1,0,1,1,2,0,0,0,0,0,0,1,1
bd142efb,1197,145,606,565,32,15,1197,3,2,1,637,3261,1574,3,4,0,2,9,819,4
a73c8f95,1734,168,801,875,63,13,1732,10,5,2,1005,5957,3551,23,9,0,8,8,1140,3
27270af4,70,5,23,38,10,1,70,0,0,0,40,205,100,1,2,0,1,1,47,4
829aa60c,187,3,9,82,97,21,187,21,7,12,127,724,289,9,6,4,18,10,149,36
0b45a8d7,1,0,0,1,0,0,1,0,0,0,1,2,0,0,0,0,1,0,1,0
863ff1ee,393,7,35,189,170,67,392,10,2,7,163,489,107,2,0,2,31,12,271,57
ff5ea0bf,171,36,105,62,4,3,171,2,1,1,76,243,117,1,0,0,0,0,91,0
fd53759d,223,6,30,87,109,14,223,25,12,12,120,663,253,13,6,4,20,5,137,30
d1b49282,198,18,58,83,57,16,198,2,0,2,68,227,66,0,1,0,12,12,81,13
6f8cd6d0,611,23,52,273,296,114,611,59,26,21,373,2418,1239,50,25,30,70,32,456,115
6b8887c2,384,16,35,179,172,65,384,14,6,8,174,908,346,14,3,8,23,19,243,61
e547d3cf,94,4,15,57,22,1,94,5,1,4,50,243,96,2,3,0,5,1,49,2
b492126a,321,5,35,136,152,33,321,30,7,19,181,1011,490,18,10,9,30,11,231,52
c8c60119,121,7,48,64,9,2,121,3,3,0,68,227,103,0,1,1,1,0,81,5
71ec39ef,879,51,221,483,193,43,879,27,8,15,366,2090,879,18,12,4,30,15,420,44
ce17b5eb,613,555,610,3,0,0,613,0,0,0,314,1514,872,0,0,0,0,0,270,0
056d2d95,860,53,249,349,267,18,860,11,4,5,318,1675,802,26,7,6,9,7,379,62
35d64857,1497,159,751,693,71,17,1497,10,6,4,872,4276,2201,9,7,1,21,12,914,14
7d3e7da6,139,123,139,1,0,0,139,0,0,0,97,441,217,0,0,0,0,0,80,0
cd61c7af,8,0,0,1,7,1,8,0,0,0,1,16,16,1,0,0,2,0,3,0
d248cd8f,1860,171,833,970,69,13,1860,11,6,5,1336,6627,3801,25,21,2,15,8,1377,7
af842091,556,62,322,214,22,13,556,2,2,0,258,1222,439,0,0,0,6,3,268,1
d75f3980,288,13,76,143,72,0,288,7,1,6,128,530,224,8,4,0,9,2,136,8
a3ddb1b9,20,0,0,12,8,3,20,2,1,1,8,34,19,0,0,0,2,0,12,1
fb377d11,314,20,83,121,112,20,314,11,6,4,153,902,453,14,11,3,17,8,176,31
6ecbddf6,237,13,47,96,98,12,237,17,8,8,121,799,261,7,6,1,18,5,133,32
fc8fcbd1,162,8,82,64,19,3,162,5,2,2,86,447,222,5,2,1,1,2,82,4
a5ae8f8e,996,128,583,401,17,9,996,3,2,0,551,2816,1597,4,1,0,1,0,610,1
8fe2a392,1348,138,689,590,76,14,1348,12,7,4,771,4227,2528,25,18,2,7,6,871,13
5360a956,14,0,1,6,7,2,14,0,0,0,7,21,8,0,0,0,0,0,12,2
1d8e9add,1091,149,584,498,11,0,1091,1,1,0,700,4520,2917,13,0,0,8,2,713,1
f86cd5df,4,2,2,1,1,0,4,0,0,0,2,5,3,0,0,0,0,0,0,0
e3d3fbeb,16,2,2,9,5,0,16,1,0,1,4,18,7,0,1,0,0,0,7,1
e5a35ae9,127,1,17,75,35,8,126,2,1,1,59,273,113,4,1,0,10,2,90,14
cb64672e,13,1,3,6,4,2,13,2,2,0,10,67,22,1,1,1,0,4,11,4
346d51d9,877,34,255,569,58,9,877,9,6,1,472,1789,856,3,7,0,2,1,627,2
231c67ff,12,0,0,2,11,4,12,2,0,2,5,34,1,0,0,1,0,0,6,2
30c220c3,1169,39,244,569,376,47,1169,75,20,41,579,2643,1137,28,27,9,64,27,622,105
dd676a97,59,5,17,20,22,5,59,6,2,3,35,241,103,5,2,3,5,2,34,7
1c86aa16,13,0,2,8,3,1,13,0,0,0,7,27,2,0,0,1,1,0,11,0
49fe9070,518,5,37,215,270,74,518,44,17,24,324,1936,797,37,9,22,29,12,408,130
f68b64fc,756,22,210,365,188,38,756,8,3,5,361,1378,629,10,7,1,18,6,386,68
cb11b429,503,14,75,201,237,41,503,36,14,20,276,1721,763,28,7,8,30,19,294,73
2077ae86,253,9,20,139,97,30,253,13,6,7,138,484,180,4,5,1,21,9,195,42
a1257b5e,49,11,31,16,2,0,49,0,0,0,15,94,50,0,0,0,0,0,18,0
e7fcf289,249,4,32,137,85,7,249,27,16,11,151,826,390,10,9,0,15,7,175,27
be42a291,170,5,28,75,68,14,170,15,4,10,97,494,238,8,4,3,6,10,125,29
fa661778,640,25,177,265,211,30,640,28,16,9,358,1827,975,32,26,7,16,8,401,79
6190474d,287,5,42,121,127,22,287,19,5,12,166,937,425,15,7,4,12,5,199,29
ea0893d6,100,1,10,34,60,19,100,21,12,8,59,419,227,12,4,6,8,4,62,21
caffaf5a,1317,192,792,501,33,13,1317,6,4,2,629,2697,1183,2,3,1,9,2,705,0
a4effc55,483,56,256,211,18,11,483,0,0,0,275,1165,584,3,1,0,3,3,334,0
fc3697dd,295,3,54,132,119,20,295,28,16,9,155,1041,344,16,8,4,31,16,162,18
65bf7e2b,3,0,1,2,0,0,3,0,0,0,0,0,0,0,0,0,0,0,0,0
5c4bf6ba,545,422,531,9,5,4,545,0,0,0,292,1733,970,0,0,0,1,0,181,1
9b688ae1,33,30,33,0,0,0,33,0,0,0,20,151,91,0,0,0,0,0,14,0
29f7cfd9,410,21,55,197,160,47,410,5,0,2,178,607,198,7,1,5,16,5,241,54
