id,Gls,Sh,SoT,G/Sh,G/SoT,Dist,FK,PK,PKatt,xG,npxG,G-xG,np:G-xG
1339039e,0,5,1,0.0,0.0,18.9,0.0,0,0,0.3,0.3,-0.3,-0.3
8f5cdf66,0,0,0,0.0,0.0,0.0,0.0,0,0,0.0,0.0,0.0,0.0
f417a1fa,0,11,2,0.0,0.0,25.1,1.0,0,0,0.4,0.4,-0.4,-0.4
b96b595c,0,4,1,0.0,0.0,15.7,0.0,0,0,0.3,0.3,-0.3,-0.3
81442ecb,0,2,0,0.0,0.0,27.4,0.0,0,0,0.1,0.1,-0.1,-0.1
82e12fe7,1,5,3,0.2,0.33,8.4,0.0,0,0,1.3,1.3,-0.3,-0.3
65d62814,0,0,0,0.0,0.0,0.0,0.0,0,0,0.0,0.0,0.0,0.0
ee926a02,0,6,2,0.0,0.0,16.0,0.0,0,0,0.4,0.4,-0.4,-0.4
501055d8,2,11,3,0.18,0.67,17.0,0.0,0,0,1.8,1.8,0.2,0.2
dcfb17f4,0,3,1,0.0,0.0,15.6,0.0,0,0,0.7,0.7,-0.7,-0.7
89ac64a6,0,1,0,0.0,0.0,32.3,0.0,0,0,0.0,0.0,0.0,0.0
eaeca114,0,2,0,0.0,0.0,9.6,0.0,0,0,0.1,0.1,-0.1,-0.1
05439de2,0,1,0,0.0,0.0,32.2,0.0,0,0,0.0,0.0,0.0,0.0
834d0be5,0,0,0,0.0,0.0,0.0,0.0,0,0,0.0,0.0,0.0,0.0
4601e194,0,0,0,0.0,0.0,0.0,0.0,0,0,0.0,0.0,0.0,0.0
77e84962,0,3,2,0.0,0.0,24.8,0.0,0,0,0.2,0.2,-0.2,-0.2
cd1acf9d,1,9,4,0.11,0.25,23.9,3.0,0,0,0.3,0.3,0.7,0.7
4288f249,0,3,1,0.0,0.0,31.1,0.0,0,0,0.1,0.1,-0.1,-0.1
00f518d8,1,2,2,0.5,0.5,16.1,0.0,0,0,0.3,0.3,0.7,0.7
7a2e46a8,0,0,0,0.0,0.0,0.0,0.0,0,0,0.0,0.0,0.0,0.0
f4290206,1,3,1,0.33,1.0,13.3,0.0,0,0,1.0,1.0,0.0,0.0
8ce30c57,0,0,0,0.0,0.0,0.0,0.0,0,0,0.0,0.0,0.0,0.0
8b3ab7ad,1,10,2,0.1,0.5,13.1,0.0,0,0,0.9,0.9,0.1,0.1
15ab5a2b,2,10,4,0.2,0.5,12.2,0.0,0,0,1.6,1.6,0.4,0.4
555d5edd,0,3,0,0.0,0.0,25.6,0.0,0,0,0.2,0.2,-0.2,-0.2
e0b113a7,1,5,1,0.2,1.0,22.6,0.0,0,0,0.3,0.3,0.7,0.7
df525574,0,0,0,0.0,0.0,0.0,0.0,0,0,0.0,0.0,0.0,0.0
a2ea941d,0,0,0,0.0,0.0,0.0,0.0,0,0,0.0,0.0,0.0,0.0
56413b1f,0,1,0,0.0,0.0,12.3,0.0,0,0,0.1,0.1,-0.1,-0.1
353eb529,1,1,1,1.0,1.0,7.4,0.0,0,0,0.2,0.2,0.8,0.8
2bef2bca,0,1,1,0.0,0.0,11.9,0.0,0,0,0.1,0.1,-0.1,-0.1
b1313ec4,1,5,3,0.2,0.33,18.1,0.0,0,0,0.6,0.6,0.4,0.4
e2ae54db,1,8,4,0.13,0.25,21.0,1.0,0,0,1.0,1.0,0.0,0.0
28d596a0,0,0,0,0.0,0.0,0.0,0.0,0,0,0.0,0.0,0.0,0.0
184ad240,2,2,2,1.0,1.0,7.9,0.0,0,0,0.3,0.3,1.7,1.7
45af8a54,2,10,4,0.2,0.5,18.0,0.0,0,0,0.9,0.9,1.1,1.1
0fdcef0e,0,1,1,0.0,0.0,7.4,0.0,0,0,0.7,0.7,-0.7,-0.7
92fffd91,2,14,7,0.14,0.29,21.4,1.0,0,0,0.7,0.7,1.3,1.3
d5dd5f1f,2,15,8,0.13,0.25,11.7,0.0,0,0,2.3,2.3,-0.3,-0.3
32feb0cf,0,0,0,0.0,0.0,0.0,0.0,0,0,0.0,0.0,0.0,0.0
f0677ed7,0,2,0,0.0,0.0,11.0,0.0,0,0,0.3,0.3,-0.3,-0.3
10549b49,0,0,0,0.0,0.0,0.0,0.0,0,0,0.0,0.0,0.0,0.0
53cad200,0,0,0,0.0,0.0,0.0,0.0,0,0,0.0,0.0,0.0,0.0
ca002b1a,0,1,0,0.0,0.0,10.4,0.0,0,0,0.1,0.1,-0.1,-0.1
78f21137,0,2,0,0.0,0.0,22.6,0.0,0,0,0.1,0.1,-0.1,-0.1
a1232f4e,0,1,0,0.0,0.0,22.5,0.0,0,0,0.0,0.0,0.0,0.0
32e8417f,0,2,1,0.0,0.0,33.1,0.0,0,0,0.0,0.0,0.0,0.0
a8567629,0,6,1,0.0,0.0,19.1,0.0,0,0,0.4,0.4,-0.4,-0.4
5ccc9672,0,1,0,0.0,0.0,30.7,0.0,0,0,0.0,0.0,0.0,0.0
7c3ed041,1,3,1,0.33,1.0,8.4,0.0,0,0,0.2,0.2,0.8,0.8
f449640d,0,0,0,0.0,0.0,0.0,0.0,0,0,0.0,0.0,0.0,0.0
6f1d7aa8,0,0,0,0.0,0.0,0.0,0.0,0,0,0.0,0.0,0.0,0.0
88ce7ddc,0,3,1,0.0,0.0,14.7,0.0,0,0,0.3,0.3,-0.3,-0.3
6928979a,1,7,2,0.14,0.5,24.8,0.0,0,0,0.5,0.5,0.5,0.5
712dd708,0,0,0,0.0,0.0,0.0,0.0,0,0,0.0,0.0,0.0,0.0
6caffe81,0,0,0,0.0,0.0,0.0,0.0,0,0,0.0,0.0,0.0,0.0
45736cec,0,0,0,0.0,0.0,0.0,0.0,0,0,0.0,0.0,0.0,0.0
a36524bf,0,0,0,0.0,0.0,0.0,0.0,0,0,0.0,0.0,0.0,0.0
29b7b767,0,4,2,0.0,0.0,22.6,0.0,0,0,0.2,0.2,-0.2,-0.2
75b86fb3,0,1,1,0.0,0.0,6.6,0.0,0,0,0.1,0.1,-0.1,-0.1
37d39918,0,2,0,0.0,0.0,8.1,0.0,0,0,0.3,0.3,-0.3,-0.3
d1eda5f0,0,0,0,0.0,0.0,0.0,0.0,0,0,0.0,0.0,0.0,0.0
e3756e72,0,0,0,0.0,0.0,0.0,0.0,0,0,0.0,0.0,0.0,0.0
f874dd44,0,1,1,0.0,0.0,19.8,0.0,0,0,0.1,0.1,-0.1,-0.1
57d88cf9,4,8,4,0.5,1.0,15.0,0.0,0,0,1.0,1.0,3.0,3.0
db092d3b,0,5,1,0.0,0.0,24.2,0.0,0,0,0.2,0.2,-0.2,-0.2
3b8674e6,1,5,1,0.2,1.0,20.8,0.0,0,0,0.4,0.4,0.6,0.6
70d74ece,2,16,9,0.13,0.22,14.0,0.0,0,0,2.2,2.2,-0.2,-0.2
713c144a,2,13,3,0.15,0.67,24.2,0.0,0,0,1.1,1.1,0.9,0.9
a29b1131,2,9,4,0.11,0.25,21.8,0.0,1,1,1.8,1.0,0.2,0.0
67b09a18,0,0,0,0.0,0.0,0.0,0.0,0,0,0.0,0.0,0.0,0.0
17370b95,0,2,0,0.0,0.0,7.3,0.0,0,0,0.2,0.2,-0.2,-0.2
433dc9a2,0,0,0,0.0,0.0,0.0,0.0,0,0,0.0,0.0,0.0,0.0
505486d6,0,2,0,0.0,0.0,19.7,0.0,0,0,0.2,0.2,-0.2,-0.2
d00fd50a,0,3,1,0.0,0.0,26.1,0.0,0,0,0.1,0.1,-0.1,-0.1
6c203af0,0,0,0,0.0,0.0,0.0,0.0,0,0,0.0,0.0,0.0,0.0
663e080e,0,0,0,0.0,0.0,0.0,0.0,0,0,0.0,0.0,0.0,0.0
691bef82,0,3,0,0.0,0.0,18.0,0.0,0,0,0.2,0.2,-0.2,-0.2
73b9fa8a,0,3,1,0.0,0.0,20.7,1.0,0,0,0.3,0.3,-0.3,-0.3
08fe932d,0,0,0,0.0,0.0,0.0,0.0,0,0,0.0,0.0,0.0,0.0
7713c72a,0,1,1,0.0,0.0,9.4,0.0,0,0,0.0,0.0,0.0,0.0
415568b5,0,0,0,0.0,0.0,0.0,0.0,0,0,0.0,0.0,0.0,0.0
52ec54d0,1,2,1,0.5,1.0,16.3,0.0,0,0,0.8,0.8,0.2,0.2
4d1c4a5d,0,1,0,0.0,0.0,22.2,0.0,0,0,0.1,0.1,-0.1,-0.1
c68da769,0,2,2,0.0,0.0,18.8,0.0,0,0,0.1,0.1,-0.1,-0.1
f6798fc3,0,0,0,0.0,0.0,0.0,0.0,0,0,0.0,0.0,0.0,0.0
7c473e12,0,0,0,0.0,0.0,0.0,0.0,0,0,0.0,0.0,0.0,0.0
a167537f,1,12,3,0.08,0.33,19.2,1.0,0,0,0.8,0.8,0.2,0.2
5fd5ed86,0,3,0,0.0,0.0,18.1,0.0,0,0,0.4,0.4,-0.4,-0.4
4c184730,0,0,0,0.0,0.0,0.0,0.0,0,0,0.0,0.0,0.0,0.0
97220da2,0,1,0,0.0,0.0,12.0,0.0,0,0,0.1,0.1,-0.1,-0.1
33b8d077,0,3,0,0.0,0.0,23.5,1.0,0,0,0.1,0.1,-0.1,-0.1
7b5ab7f2,0,1,0,0.0,0.0,17.2,0.0,0,0,0.0,0.0,0.0,0.0
3235182a,0,3,0,0.0,0.0,23.2,0.0,0,0,0.1,0.1,-0.1,-0.1
3aca6420,0,6,1,0.0,0.0,18.7,0.0,0,0,0.4,0.4,-0.4,-0.4
eaeefc50,0,1,0,0.0,0.0,23.5,0.0,0,0,0.0,0.0,0.0,0.0
5ab0ea87,0,2,0,0.0,0.0,13.8,0.0,0,0,0.2,0.2,-0.2,-0.2
b4705807,0,0,0,0.0,0.0,0.0,0.0,0,0,0.0,0.0,0.0,0.0
10745192,0,0,0,0.0,0.0,0.0,0.0,0,0,0.0,0.0,0.0,0.0
e34e086c,0,0,0,0.0,0.0,0.0,0.0,0,0,0.0,0.0,0.0,0.0
2146785a,0,2,0,0.0,0.0,26.3,0.0,0,0,0.1,0.1,-0.1,-0.1
cd0fa27b,1,9,4,0.11,0.25,28.0,1.0,0,0,0.3,0.3,0.7,0.7
7b9c2d84,0,1,0,0.0,0.0,14.4,0.0,0,0,0.1,0.1,-0.1,-0.1
a65ce836,0,5,1,0.0,0.0,31.0,0.0,0,0,0.1,0.1,-0.1,-0.1
bd6351cd,0,0,0,0.0,0.0,0.0,0.0,0,0,0.0,0.0,0.0,0.0
bd6351cd,0,8,2,0.0,0.0,25.6,0.0,0,0,0.3,0.3,-0.3,-0.3
6885cc44,0,3,0,0.0,0.0,13.5,0.0,0,0,0.2,0.2,-0.2,-0.2
707b98f1,0,0,0,0.0,0.0,0.0,0.0,0,0,0.0,0.0,0.0,0.0
4a5839fa,0,3,0,0.0,0.0,9.1,0.0,0,0,0.2,0.2,-0.2,-0.2
3ce20eda,0,2,1,0.0,0.0,12.0,0.0,0,0,0.2,0.2,-0.2,-0.2
2dce876a,0,3,0,0.0,0.0,15.5,0.0,0,0,0.5,0.5,-0.5,-0.5
de39485a,1,12,5,0.08,0.2,23.0,2.0,0,1,1.7,1.0,-0.7,0.0
88ced02c,0,2,0,0.0,0.0,12.0,0.0,0,0,0.1,0.1,-0.1,-0.1
4958bfb2,0,1,0,0.0,0.0,8.4,0.0,0,0,0.1,0.1,-0.1,-0.1
966e28d0,0,4,0,0.0,0.0,21.9,0.0,0,0,0.2,0.2,-0.2,-0.2
2ef08833,0,0,0,0.0,0.0,0.0,0.0,0,0,0.0,0.0,0.0,0.0
c0617e2b,0,0,0,0.0,0.0,0.0,0.0,0,0,0.0,0.0,0.0,0.0
a33a0dc0,0,1,0,0.0,0.0,15.4,0.0,0,0,0.0,0.0,0.0,0.0
5515376c,0,5,0,0.0,0.0,14.0,0.0,0,0,0.4,0.4,-0.4,-0.4
b3b7f5a6,0,1,1,0.0,0.0,34.1,1.0,0,0,0.0,0.0,0.0,0.0
71031a25,2,19,4,0.05,0.25,27.2,2.0,1,1,1.6,0.8,0.4,0.2
b0f7e36c,0,1,0,0.0,0.0,15.4,0.0,0,0,0.1,0.1,-0.1,-0.1
d2424d1b,0,4,0,0.0,0.0,21.6,0.0,0,0,0.1,0.1,-0.1,-0.1
262e5a82,0,4,0,0.0,0.0,20.4,0.0,0,0,0.2,0.2,-0.2,-0.2
163bbd4a,2,10,3,0.1,0.33,14.6,0.0,1,1,2.0,1.3,0.0,-0.3
1cb49278,0,1,1,0.0,0.0,12.2,0.0,0,0,0.1,0.1,-0.1,-0.1
b3a712de,0,7,3,0.0,0.0,13.1,0.0,0,0,0.5,0.5,-0.5,-0.5
5219ab4a,0,5,1,0.0,0.0,19.8,0.0,0,0,0.3,0.3,-0.3,-0.3
b9beb6c5,0,3,0,0.0,0.0,20.9,0.0,0,0,0.2,0.2,-0.2,-0.2
1fbbfbde,0,2,0,0.0,0.0,11.0,0.0,0,0,0.1,0.1,-0.1,-0.1
75c2e240,0,0,0,0.0,0.0,0.0,0.0,0,0,0.0,0.0,0.0,0.0
bfde3de5,0,4,1,0.0,0.0,14.6,0.0,0,0,0.2,0.2,-0.2,-0.2
042e8a49,1,8,4,0.13,0.25,20.5,0.0,0,0,0.6,0.6,0.4,0.4
5ef3d210,1,1,1,1.0,1.0,13.5,0.0,0,0,0.5,0.5,0.5,0.5
6fee9966,0,0,0,0.0,0.0,0.0,0.0,0,0,0.0,0.0,0.0,0.0
c693347d,0,1,0,0.0,0.0,10.0,0.0,0,0,0.1,0.1,-0.1,-0.1
edeb21ff,0,1,0,0.0,0.0,25.4,0.0,0,0,0.0,0.0,0.0,0.0
01eb744d,0,9,4,0.0,0.0,16.0,0.0,0,0,0.8,0.8,-0.8,-0.8
45b9b619,0,4,2,0.0,0.0,14.0,0.0,0,0,0.6,0.6,-0.6,-0.6
7b4c1f6e,0,1,0,0.0,0.0,28.5,0.0,0,0,0.0,0.0,0.0,0.0
93fffbcf,0,0,0,0.0,0.0,0.0,0.0,0,0,0.0,0.0,0.0,0.0
9dff291c,0,0,0,0.0,0.0,0.0,0.0,0,0,0.0,0.0,0.0,0.0
1840e36d,0,0,0,0.0,0.0,0.0,0.0,0,0,0.0,0.0,0.0,0.0
0ab1f153,0,5,1,0.0,0.0,23.4,0.0,0,0,0.1,0.1,-0.1,-0.1
1daec722,0,0,0,0.0,0.0,0.0,0.0,0,0,0.0,0.0,0.0,0.0
dc62b55d,0,5,1,0.0,0.0,16.1,0.0,0,0,0.6,0.6,-0.6,-0.6
44eb9093,0,2,1,0.0,0.0,14.1,0.0,0,0,0.2,0.2,-0.2,-0.2
94b2001f,0,2,0,0.0,0.0,8.9,0.0,0,0,0.3,0.3,-0.3,-0.3
f08490a6,0,0,0,0.0,0.0,0.0,0.0,0,0,0.0,0.0,0.0,0.0
06a1d642,0,2,0,0.0,0.0,24.1,0.0,0,0,0.1,0.1,-0.1,-0.1
96e0490d,0,0,0,0.0,0.0,0.0,0.0,0,0,0.0,0.0,0.0,0.0
40f65c01,1,10,1,0.1,1.0,15.9,0.0,0,0,1.9,1.9,-0.9,-0.9
d781d855,0,3,1,0.0,0.0,15.6,0.0,0,0,0.4,0.4,-0.4,-0.4
44781702,0,2,0,0.0,0.0,31.0,0.0,0,0,0.0,0.0,0.0,0.0
c9009a1f,0,2,0,0.0,0.0,20.1,0.0,0,0,0.1,0.1,-0.1,-0.1
cf15bbb1,0,0,0,0.0,0.0,0.0,0.0,0,0,0.0,0.0,0.0,0.0
e46012d4,0,9,2,0.0,0.0,21.7,1.0,0,0,1.0,1.0,-1.0,-1.0
2ef7c612,0,4,1,0.0,0.0,12.0,0.0,0,0,0.5,0.5,-0.5,-0.5
162efffd,1,5,4,0.2,0.25,24.5,0.0,0,0,0.2,0.2,0.8,0.8
ae4e2852,0,0,0,0.0,0.0,0.0,0.0,0,0,0.0,0.0,0.0,0.0
bc6e544a,0,3,1,0.0,0.0,18.7,0.0,0,0,0.1,0.1,-0.1,-0.1
fe641c1a,0,3,0,0.0,0.0,19.8,0.0,0,0,0.2,0.2,-0.2,-0.2
b19db005,1,10,5,0.1,0.2,20.4,0.0,0,0,1.1,1.1,-0.1,-0.1
54b4dc4e,0,6,2,0.0,0.0,27.0,0.0,0,1,1.1,0.4,-1.1,-0.4
5976f83e,0,2,0,0.0,0.0,8.5,0.0,0,0,0.3,0.3,-0.3,-0.3
230a2fac,2,8,3,0.25,0.67,12.9,0.0,0,0,0.7,0.6,1.3,1.4
19cda00b,0,4,1,0.0,0.0,15.5,0.0,0,0,0.3,0.3,-0.3,-0.3
aeed5c06,2,16,10,0.13,0.2,18.6,0.0,0,0,1.7,1.7,0.3,0.3
fc62f087,0,1,0,0.0,0.0,32.5,0.0,0,0,0.0,0.0,0.0,0.0
31c69ef1,1,8,4,0.13,0.25,11.5,0.0,0,0,1.3,1.3,-0.3,-0.3
407feb71,1,4,2,0.25,0.5,13.7,0.0,0,0,0.9,0.9,0.1,0.1
4a1a9578,1,9,3,0.11,0.33,18.5,0.0,0,0,0.5,0.5,0.5,0.5
ac861941,0,10,2,0.0,0.0,12.2,1.0,0,0,1.2,1.2,-1.2,-1.2
f179ee11,0,3,0,0.0,0.0,8.8,0.0,0,0,0.5,0.5,-0.5,-0.5
970b8574,0,4,1,0.0,0.0,13.7,0.0,0,0,0.3,0.3,-0.3,-0.3
95bb6ddc,0,2,0,0.0,0.0,20.3,0.0,0,0,0.1,0.1,-0.1,-0.1
ac295d9e,0,0,0,0.0,0.0,0.0,0.0,0,0,0.0,0.0,0.0,0.0
d557d734,0,4,1,0.0,0.0,17.8,0.0,0,0,0.1,0.1,-0.1,-0.1
cc83b74d,0,1,0,0.0,0.0,8.5,0.0,0,0,0.2,0.2,-0.2,-0.2
08f5afaa,0,0,0,0.0,0.0,0.0,0.0,0,0,0.0,0.0,0.0,0.0
1a992676,0,1,0,0.0,0.0,17.8,0.0,0,0,0.1,0.1,-0.1,-0.1
15ea94de,0,1,1,0.0,0.0,11.7,0.0,0,0,0.1,0.1,-0.1,-0.1
481c9ece,1,6,3,0.17,0.33,11.8,0.0,0,0,1.0,1.0,0.0,0.0
3bb7f478,3,14,7,0.21,0.43,11.1,0.0,0,0,2.2,2.2,0.8,0.8
3bb7b8b4,0,0,0,0.0,0.0,0.0,0.0,0,0,0.0,0.0,0.0,0.0
c8d1c3a5,0,2,1,0.0,0.0,20.4,0.0,0,0,0.2,0.2,-0.2,-0.2
57760e66,2,7,5,0.29,0.4,15.4,0.0,0,0,0.7,0.7,1.3,1.3
5b92d896,0,2,2,0.0,0.0,14.1,0.0,0,0,0.2,0.2,-0.2,-0.2
c8387671,2,10,5,0.2,0.4,18.2,0.0,0,0,1.1,1.1,0.9,0.9
cf007308,0,3,0,0.0,0.0,22.9,1.0,0,0,0.2,0.2,-0.2,-0.2
df8b52a5,0,7,4,0.0,0.0,15.2,0.0,0,0,0.4,0.4,-0.4,-0.4
04e17fd5,2,12,6,0.17,0.33,11.2,0.0,0,0,1.7,1.7,0.3,0.3
12dcbdcc,0,0,0,0.0,0.0,0.0,0.0,0,0,0.0,0.0,0.0,0.0
1e4319ac,0,0,0,0.0,0.0,0.0,0.0,0,0,0.0,0.0,0.0,0.0
577efaec,2,10,5,0.2,0.4,15.4,0.0,0,0,1.3,1.3,0.7,0.7
6f3cc2fe,1,8,2,0.13,0.5,10.1,0.0,0,0,0.8,0.8,0.2,0.2
7f3b388c,0,0,0,0.0,0.0,0.0,0.0,0,0,0.0,0.0,0.0,0.0
366be751,0,0,0,0.0,0.0,0.0,0.0,0,0,0.0,0.0,0.0,0.0
762179d9,0,1,0,0.0,0.0,18.1,0.0,0,0,0.1,0.1,-0.1,-0.1
bceda5ff,0,2,1,0.0,0.0,21.2,0.0,0,0,0.1,0.1,-0.1,-0.1
0ba976e4,0,13,2,0.0,0.0,16.6,0.0,0,0,0.9,0.9,-0.9,-0.9
51a3c4c8,0,2,0,0.0,0.0,7.4,0.0,0,0,0.2,0.2,-0.2,-0.2
8aafd64f,0,4,1,0.0,0.0,12.7,0.0,0,0,0.8,0.8,-0.8,-0.8
8aafd64f,0,7,3,0.0,0.0,22.2,1.0,0,0,0.3,0.3,-0.3,-0.3
ef491564,0,0,0,0.0,0.0,0.0,0.0,0,0,0.0,0.0,0.0,0.0
5ff4ab71,0,11,3,0.0,0.0,25.2,0.0,0,0,0.5,0.5,-0.5,-0.5
5ff4ab71,0,4,2,0.0,0.0,25.7,0.0,0,0,0.2,0.2,-0.2,-0.2
d9d43555,0,4,2,0.0,0.0,16.5,0.0,0,0,0.6,0.6,-0.6,-0.6
41f32541,0,0,0,0.0,0.0,0.0,0.0,0,0,0.0,0.0,0.0,0.0
4c370d81,2,6,3,0.33,0.67,10.2,0.0,0,0,0.7,0.7,1.3,1.3
ed1e53f3,1,8,4,0.13,0.25,16.7,0.0,0,0,0.6,0.6,0.4,0.4
132a82f1,1,2,1,0.5,1.0,9.0,0.0,0,0,0.3,0.3,0.7,0.7
58c6b67c,0,0,0,0.0,0.0,0.0,0.0,0,0,0.0,0.0,0.0,0.0
e73659d3,0,0,0,0.0,0.0,0.0,0.0,0,0,0.0,0.0,0.0,0.0
9a2e0ccc,1,6,4,0.17,0.25,16.4,0.0,0,0,0.9,0.9,0.1,0.1
c3e39f12,0,0,0,0.0,0.0,0.0,0.0,0,0,0.0,0.0,0.0,0.0
a9142dc3,0,0,0,0.0,0.0,0.0,0.0,0,0,0.0,0.0,0.0,0.0
f620b04f,1,5,2,0.2,0.5,17.0,0.0,0,0,0.5,0.5,0.5,0.5
74f2e748,0,4,0,0.0,0.0,16.5,0.0,0,0,0.4,0.4,-0.4,-0.4
fd4d5f81,0,11,4,0.0,0.0,13.4,0.0,0,0,1.7,1.7,-1.7,-1.7
c235e803,1,1,1,1.0,1.0,4.2,0.0,0,0,0.4,0.4,0.6,0.6
3b387cc7,0,0,0,0.0,0.0,0.0,0.0,0,0,0.0,0.0,0.0,0.0
ce30bfc8,0,1,1,0.0,0.0,13.8,0.0,0,0,0.1,0.1,-0.1,-0.1
1971591f,0,0,0,0.0,0.0,0.0,0.0,0,0,0.0,0.0,0.0,0.0
5b3d1a7a,2,11,3,0.18,0.67,14.8,0.0,0,0,2.2,2.2,-0.2,-0.2
c2731c10,0,7,2,0.0,0.0,16.0,0.0,0,0,1.2,1.2,-1.2,-1.2
2bed3eab,0,0,0,0.0,0.0,0.0,0.0,0,0,0.0,0.0,0.0,0.0
18dd3219,0,0,0,0.0,0.0,0.0,0.0,0,0,0.0,0.0,0.0,0.0
19cae58d,0,2,0,0.0,0.0,24.5,0.0,0,0,0.1,0.1,-0.1,-0.1
8827bf46,0,0,0,0.0,0.0,0.0,0.0,0,0,0.0,0.0,0.0,0.0
8d3d3b0a,1,10,3,0.1,0.33,14.5,0.0,0,0,1.7,1.7,-0.7,-0.7
41eebdf5,0,1,0,0.0,0.0,3.4,0.0,0,0,0.3,0.3,-0.3,-0.3
1338e42b,0,0,0,0.0,0.0,0.0,0.0,0,0,0.0,0.0,0.0,0.0
16ceb862,4,14,10,0.14,0.2,14.0,0.0,2,2,3.2,1.6,0.8,0.4
88e357ef,1,9,3,0.11,0.33,19.8,1.0,0,0,0.8,0.8,0.2,0.2
0d4fd3a0,0,1,0,0.0,0.0,5.6,0.0,0,0,0.1,0.1,-0.1,-0.1
56f6f826,0,1,0,0.0,0.0,10.3,0.0,0,0,0.0,0.0,0.0,0.0
7a11550b,0,1,0,0.0,0.0,16.6,0.0,0,0,0.1,0.1,-0.1,-0.1
6e4df551,0,6,2,0.0,0.0,23.2,0.0,0,0,0.3,0.3,-0.3,-0.3
01e5f06e,0,7,2,0.0,0.0,22.5,0.0,0,0,0.2,0.2,-0.2,-0.2
f4b52308,0,1,1,0.0,0.0,30.3,0.0,0,0,0.0,0.0,0.0,0.0
c275947b,0,3,3,0.0,0.0,18.2,0.0,0,0,0.3,0.3,-0.3,-0.3
cc86b9a3,2,9,5,0.22,0.4,18.6,0.0,0,0,1.5,1.5,0.5,0.5
2d970560,1,3,3,0.33,0.33,12.7,0.0,0,0,0.3,0.3,0.7,0.7
9efa1d25,0,4,0,0.0,0.0,19.0,0.0,0,0,0.5,0.5,-0.5,-0.5
3cd7820a,0,1,0,0.0,0.0,13.0,0.0,0,0,0.0,0.0,0.0,0.0
62182b1d,0,0,0,0.0,0.0,0.0,0.0,0,0,0.0,0.0,0.0,0.0
b8e740fb,0,4,2,0.0,0.0,20.8,0.0,0,0,0.5,0.5,-0.5,-0.5
3f034750,0,0,0,0.0,0.0,0.0,0.0,0,0,0.0,0.0,0.0,0.0
b0b4fd3e,0,12,3,0.0,0.0,16.9,0.0,0,0,0.8,0.8,-0.8,-0.8
df69b544,1,20,11,0.05,0.09,16.3,1.0,0,1,2.5,1.7,-1.5,-0.7
ffbbc83b,0,0,0,0.0,0.0,0.0,0.0,0,0,0.0,0.0,0.0,0.0
b1f4086c,2,6,3,0.33,0.67,26.7,3.0,0,0,0.2,0.2,1.8,1.8
8b8e759d,0,3,1,0.0,0.0,20.3,0.0,0,0,0.2,0.2,-0.2,-0.2
0076ab7f,0,2,0,0.0,0.0,25.7,0.0,0,0,0.1,0.1,-0.1,-0.1
e6bc67d7,0,1,0,0.0,0.0,26.5,0.0,0,0,0.0,0.0,0.0,0.0
5ea8ef20,2,7,2,0.14,0.5,24.1,1.0,1,1,1.2,0.4,0.8,0.6
048a1cbc,2,5,3,0.4,0.67,21.9,0.0,0,0,0.7,0.7,1.3,1.3
7155e3e1,0,0,0,0.0,0.0,0.0,0.0,0,0,0.0,0.0,0.0,0.0
bcb2ccd8,0,0,0,0.0,0.0,0.0,0.0,0,0,0.0,0.0,0.0,0.0
819b3158,0,9,5,0.0,0.0,22.5,1.0,0,0,0.5,0.5,-0.5,-0.5
5ad50391,2,2,2,1.0,1.0,4.1,0.0,0,0,0.8,0.8,1.2,1.2
1f44ac21,5,16,8,0.31,0.63,12.2,0.0,0,0,4.0,4.0,1.0,1.0
92432bc6,0,5,1,0.0,0.0,22.9,0.0,0,0,0.2,0.2,-0.2,-0.2
e42d61c7,0,4,2,0.0,0.0,15.6,0.0,0,0,0.5,0.5,-0.5,-0.5
d2fd7c14,0,2,2,0.0,0.0,15.0,0.0,0,0,0.1,0.1,-0.1,-0.1
ba115a40,0,1,0,0.0,0.0,12.8,0.0,0,0,0.0,0.0,0.0,0.0
8ff2354e,0,1,0,0.0,0.0,12.2,0.0,0,0,0.0,0.0,0.0,0.0
e7d59f4f,1,9,5,0.11,0.2,18.7,0.0,0,0,1.0,1.0,0.0,0.0
cb4f24c6,0,0,0,0.0,0.0,0.0,0.0,0,0,0.0,0.0,0.0,0.0
9ab16552,0,0,0,0.0,0.0,0.0,0.0,0,0,0.0,0.0,0.0,0.0
78f85621,0,6,2,0.0,0.0,24.9,0.0,0,0,0.3,0.3,-0.3,-0.3
8454388c,0,1,0,0.0,0.0,16.7,0.0,0,0,0.0,0.0,0.0,0.0
fed7cb61,1,16,6,0.06,0.17,12.3,0.0,0,0,1.4,1.4,-0.4,-0.4
a39bb753,1,2,1,0.5,1.0,6.9,0.0,0,0,0.9,0.9,0.1,0.1
50871bcc,1,4,1,0.25,1.0,21.2,1.0,0,0,0.3,0.3,0.7,0.7
40d08dcd,0,1,0,0.0,0.0,24.6,0.0,0,0,0.0,0.0,0.0,0.0
61f63784,0,2,0,0.0,0.0,8.5,0.0,0,0,0.1,0.1,-0.1,-0.1
935e6b8f,0,0,0,0.0,0.0,0.0,0.0,0,0,0.0,0.0,0.0,0.0
ffed43e3,0,0,0,0.0,0.0,0.0,0.0,0,0,0.0,0.0,0.0,0.0
0a89e877,0,2,0,0.0,0.0,13.4,0.0,0,0,0.3,0.3,-0.3,-0.3
555f3a0b,1,4,1,0.25,1.0,15.7,0.0,0,0,0.7,0.7,0.3,0.3
c3ee18ef,1,1,1,1.0,1.0,3.3,0.0,0,0,0.4,0.4,0.6,0.6
d4c9725f,0,7,2,0.0,0.0,25.8,2.0,0,0,0.4,0.4,-0.4,-0.4
92e7e919,2,14,8,0.14,0.25,17.6,0.0,0,0,1.5,1.5,0.5,0.5
0c7a48f8,0,1,0,0.0,0.0,27.8,0.0,0,0,0.0,0.0,0.0,0.0
5521f419,0,5,5,0.0,0.0,19.3,1.0,0,0,0.5,0.5,-0.5,-0.5
d92ab59f,0,3,1,0.0,0.0,18.7,0.0,0,0,0.2,0.2,-0.2,-0.2
ad3389d5,0,0,0,0.0,0.0,0.0,0.0,0,0,0.0,0.0,0.0,0.0
15f3ec41,1,8,2,0.13,0.5,18.8,0.0,0,0,0.8,0.8,0.2,0.2
05d548d8,0,1,0,0.0,0.0,8.5,0.0,0,0,0.0,0.0,0.0,0.0
8b04d6c1,1,5,1,0.2,1.0,24.3,0.0,0,0,0.3,0.3,0.7,0.7
ba492306,0,0,0,0.0,0.0,0.0,0.0,0,0,0.0,0.0,0.0,0.0
33651873,0,1,0,0.0,0.0,4.1,0.0,0,0,0.2,0.2,-0.2,-0.2
a0b4bb3e,1,8,5,0.13,0.2,19.9,1.0,0,0,0.7,0.7,0.3,0.3
1f994616,0,0,0,0.0,0.0,0.0,0.0,0,0,0.0,0.0,0.0,0.0
29fbdc88,0,8,4,0.0,0.0,19.5,0.0,0,0,0.9,0.9,-0.9,-0.9
d97cccc9,0,0,0,0.0,0.0,0.0,0.0,0,0,0.0,0.0,0.0,0.0
a8ee54ad,0,2,0,0.0,0.0,22.3,0.0,0,0,0.1,0.1,-0.1,-0.1
1265a93a,1,7,3,0.14,0.33,19.4,1.0,0,0,0.5,0.5,0.5,0.5
4737cebe,0,0,0,0.0,0.0,0.0,0.0,0,0,0.0,0.0,0.0,0.0
eeba07f8,0,4,1,0.0,0.0,13.0,0.0,0,0,0.5,0.5,-0.5,-0.5
213f0daf,0,0,0,0.0,0.0,0.0,0.0,0,0,0.0,0.0,0.0,0.0
b244e804,0,0,0,0.0,0.0,0.0,0.0,0,0,0.0,0.0,0.0,0.0
cd1629bc,0,3,0,0.0,0.0,13.9,0.0,0,0,0.3,0.3,-0.3,-0.3
ee644761,0,3,1,0.0,0.0,11.6,0.0,0,0,0.3,0.3,-0.3,-0.3
79083382,0,0,0,0.0,0.0,0.0,0.0,0,0,0.0,0.0,0.0,0.0
f9bd541e,0,4,1,0.0,0.0,19.7,0.0,0,0,0.3,0.3,-0.3,-0.3
c16c4e3b,0,3,2,0.0,0.0,8.5,0.0,0,0,0.2,0.2,-0.2,-0.2
4fb9c88f,0,3,0,0.0,0.0,15.1,0.0,0,0,0.2,0.2,-0.2,-0.2
1bacc518,0,0,0,0.0,0.0,0.0,0.0,0,0,0.0,0.0,0.0,0.0
2a0c8ba4,0,0,0,0.0,0.0,0.0,0.0,0,0,0.0,0.0,0.0,0.0
45db685d,1,2,1,0.0,0.0,22.5,0.0,1,1,0.9,0.1,0.1,-0.1
2b65fe46,2,12,8,0.17,0.25,21.5,1.0,0,0,0.9,0.9,1.1,1.1
178ae8f8,0,6,3,0.0,0.0,15.9,0.0,0,0,0.7,0.7,-0.7,-0.7
7111d552,6,28,15,0.21,0.4,13.1,0.0,0,0,5.1,5.1,0.9,0.9
0a084b35,0,1,0,0.0,0.0,36.6,0.0,0,1,0.8,0.0,-0.8,0.0
2a9f6b4d,2,8,5,0.13,0.2,22.5,0.0,1,1,1.7,0.9,0.3,0.1
c066d1a5,0,1,0,0.0,0.0,11.5,0.0,0,0,0.0,0.0,0.0,0.0
85f7d1be,0,2,2,0.0,0.0,25.6,0.0,0,0,0.0,0.0,0.0,0.0
df064106,0,3,2,0.0,0.0,30.9,0.0,0,0,0.3,0.3,-0.3,-0.3
15b287da,3,10,4,0.2,0.5,18.6,0.0,1,1,2.3,1.5,0.7,0.5
4da9191b,0,0,0,0.0,0.0,0.0,0.0,0,0,0.0,0.0,0.0,0.0
17458720,0,0,0,0.0,0.0,0.0,0.0,0,0,0.0,0.0,0.0,0.0
0ca476cc,0,2,2,0.0,0.0,23.8,0.0,0,0,0.2,0.2,-0.2,-0.2
b825a650,0,0,0,0.0,0.0,0.0,0.0,0,0,0.0,0.0,0.0,0.0
21a66f6a,1,16,3,0.0,0.0,18.8,2.0,1,2,3.3,1.7,-2.3,-1.7
23a10591,0,0,0,0.0,0.0,0.0,0.0,0,0,0.0,0.0,0.0,0.0
3d50bcdb,1,4,2,0.25,0.5,10.7,0.0,0,0,1.4,1.4,-0.4,-0.4
316de854,0,7,1,0.0,0.0,23.9,0.0,0,0,0.3,0.3,-0.3,-0.3
05e19d6a,1,3,2,0.33,0.5,8.8,0.0,0,0,0.3,0.3,0.7,0.7
862fa9fb,0,1,0,0.0,0.0,10.4,0.0,0,0,0.1,0.1,-0.1,-0.1
49296448,0,16,8,0.0,0.0,27.6,4.0,0,0,0.6,0.6,-0.6,-0.6
aef6e670,0,0,0,0.0,0.0,0.0,0.0,0,0,0.0,0.0,0.0,0.0
82c615f8,0,1,0,0.0,0.0,11.7,0.0,0,0,0.1,0.1,-0.1,-0.1
8b8a56ce,0,2,0,0.0,0.0,14.5,0.0,0,0,0.1,0.1,-0.1,-0.1
2b0852db,0,9,1,0.0,0.0,24.1,0.0,0,0,0.6,0.6,-0.6,-0.6
15fd5593,1,1,1,1.0,1.0,11.3,0.0,0,0,0.1,0.1,0.9,0.9
c2a30c01,1,1,1,1.0,1.0,12.5,0.0,0,0,0.1,0.1,0.9,0.9
ca8033cb,0,0,0,0.0,0.0,0.0,0.0,0,0,0.0,0.0,0.0,0.0
19a967ab,0,6,2,0.0,0.0,20.4,0.0,0,0,0.5,0.5,-0.5,-0.5
cd59b9df,0,0,0,0.0,0.0,0.0,0.0,0,0,0.0,0.0,0.0,0.0
ff74841d,0,0,0,0.0,0.0,0.0,0.0,0,0,0.0,0.0,0.0,0.0
6747869d,0,1,0,0.0,0.0,13.1,0.0,0,0,0.0,0.0,0.0,0.0
55126f3b,0,2,1,0.0,0.0,21.5,0.0,0,0,0.2,0.2,-0.2,-0.2
3935e52e,0,1,0,0.0,0.0,4.3,0.0,0,0,0.3,0.3,-0.3,-0.3
c0b3669f,2,12,7,0.17,0.29,14.3,0.0,0,0,1.4,1.4,0.6,0.6
5ed9b537,0,0,0,0.0,0.0,0.0,0.0,0,0,0.0,0.0,0.0,0.0
cce181df,0,7,0,0.0,0.0,26.1,0.0,0,0,0.3,0.3,-0.3,-0.3
aee634bf,0,1,0,0.0,0.0,12.3,0.0,0,0,0.0,0.0,0.0,0.0
6f639ec7,0,2,0,0.0,0.0,17.5,0.0,0,0,0.1,0.1,-0.1,-0.1
1f3afdcb,0,2,0,0.0,0.0,19.7,0.0,0,0,0.1,0.1,-0.1,-0.1
b1cd37e6,0,6,2,0.0,0.0,16.6,0.0,0,0,0.4,0.4,-0.4,-0.4
da974c7b,0,2,0,0.0,0.0,10.3,0.0,0,0,0.4,0.4,-0.4,-0.4
4d1666ff,0,0,0,0.0,0.0,0.0,0.0,0,0,0.0,0.0,0.0,0.0
79c0821a,1,3,1,0.33,1.0,18.5,0.0,0,0,0.2,0.2,0.8,0.8
9606f0b2,0,2,0,0.0,0.0,17.7,0.0,0,0,0.1,0.1,-0.1,-0.1
6ce1f46f,0,5,0,0.0,0.0,28.2,0.0,0,0,0.1,0.1,-0.1,-0.1
817c6964,1,3,2,0.33,0.5,10.8,0.0,0,0,0.8,0.8,0.2,0.2
47420f02,0,0,0,0.0,0.0,0.0,0.0,0,0,0.0,0.0,0.0,0.0
292a652a,0,0,0,0.0,0.0,0.0,0.0,0,0,0.0,0.0,0.0,0.0
df3cda47,0,3,0,0.0,0.0,16.0,0.0,0,0,0.2,0.2,-0.2,-0.2
dea88efd,2,24,7,0.04,0.14,19.9,0.0,1,2,3.7,2.2,-1.7,-1.2
c1b7847c,0,2,0,0.0,0.0,8.0,0.0,0,0,0.2,0.2,-0.2,-0.2
abe66106,0,3,2,0.0,0.0,16.9,0.0,0,0,0.5,0.5,-0.5,-0.5
8e034340,0,2,1,0.0,0.0,30.4,0.0,0,1,0.9,0.1,-0.9,-0.1
119b9a8e,0,0,0,0.0,0.0,0.0,0.0,0,0,0.0,0.0,0.0,0.0
e7af9060,0,0,0,0.0,0.0,0.0,0.0,0,0,0.0,0.0,0.0,0.0
8b929ec2,0,0,0,0.0,0.0,0.0,0.0,0,0,0.0,0.0,0.0,0.0
da9018ca,0,1,0,0.0,0.0,11.5,0.0,0,0,0.0,0.0,0.0,0.0
20730eae,1,11,2,0.09,0.5,17.4,0.0,0,0,0.9,0.9,0.1,0.1
4dbd0916,0,1,0,0.0,0.0,22.5,0.0,0,0,0.1,0.1,-0.1,-0.1
4f28a6ff,1,1,1,1.0,1.0,9.2,0.0,0,0,0.2,0.2,0.8,0.8
bbd86530,0,2,1,0.0,0.0,19.3,0.0,0,0,0.3,0.3,-0.3,-0.3
1b82f8df,0,7,4,0.0,0.0,18.4,0.0,0,0,0.7,0.7,-0.7,-0.7
8d78e732,5,24,10,0.21,0.5,14.3,2.0,0,0,3.2,3.2,1.8,1.8
b57e066e,1,2,1,0.5,1.0,21.1,0.0,0,0,0.3,0.3,0.7,0.7
d6e53a3a,0,0,0,0.0,0.0,0.0,0.0,0,0,0.0,0.0,0.0,0.0
37dc1a48,1,11,4,0.09,0.25,15.6,0.0,0,0,0.9,0.9,0.1,0.1
58f077c0,0,0,0,0.0,0.0,0.0,0.0,0,0,0.0,0.0,0.0,0.0
99a8ddc9,1,6,1,0.17,1.0,21.5,0.0,0,0,0.3,0.3,0.7,0.7
02c15616,0,1,0,0.0,0.0,20.7,0.0,0,0,0.0,0.0,0.0,0.0
8f62b6ee,0,0,0,0.0,0.0,0.0,0.0,0,0,0.0,0.0,0.0,0.0
e9fda01d,0,3,2,0.0,0.0,13.5,0.0,0,0,0.2,0.2,-0.2,-0.2
e1cbb531,0,2,0,0.0,0.0,26.5,0.0,0,0,0.1,0.1,-0.1,-0.1
a8a874f1,0,8,1,0.0,0.0,25.3,0.0,0,0,0.5,0.5,-0.5,-0.5
e97fd090,0,2,0,0.0,0.0,24.7,0.0,0,0,0.1,0.1,-0.1,-0.1
20b9f052,0,0,0,0.0,0.0,0.0,0.0,0,0,0.0,0.0,0.0,0.0
8e50599a,0,0,0,0.0,0.0,0.0,0.0,0,0,0.0,0.0,0.0,0.0
a69e4806,1,10,4,0.1,0.25,16.7,0.0,0,0,1.2,1.2,-0.2,-0.2
881cd6be,0,3,0,0.0,0.0,22.5,0.0,0,0,0.1,0.1,-0.1,-0.1
5eae500a,2,6,3,0.33,0.67,9.5,0.0,0,0,1.2,1.2,0.8,0.8
0df2b165,0,1,0,0.0,0.0,8.3,0.0,0,0,0.2,0.2,-0.2,-0.2
3061e1ec,0,0,0,0.0,0.0,0.0,0.0,0,0,0.0,0.0,0.0,0.0
7be09c86,0,1,0,0.0,0.0,31.8,0.0,0,0,0.0,0.0,0.0,0.0
395451fc,0,6,1,0.0,0.0,9.4,0.0,0,0,1.4,1.4,-1.4,-1.4
892d5bb1,3,8,3,0.25,0.67,24.9,1.0,1,3,3.4,1.0,-0.4,1.0
fcb38f57,0,0,0,0.0,0.0,0.0,0.0,0,0,0.0,0.0,0.0,0.0
864163f3,0,8,1,0.0,0.0,17.0,0.0,0,0,0.9,0.9,-0.9,-0.9
c20bdcd7,0,3,0,0.0,0.0,20.4,0.0,0,0,0.3,0.1,-0.3,-0.1
c691bfe2,3,14,10,0.21,0.3,14.9,0.0,0,0,1.8,1.8,1.2,1.2
7a20d90a,0,0,0,0.0,0.0,0.0,0.0,0,0,0.0,0.0,0.0,0.0
133faa84,0,0,0,0.0,0.0,0.0,0.0,0,0,0.0,0.0,0.0,0.0
f0da930c,0,4,1,0.0,0.0,15.8,0.0,0,0,0.5,0.5,-0.5,-0.5
5c4dc0ff,0,0,0,0.0,0.0,0.0,0.0,0,0,0.0,0.0,0.0,0.0
148af9a8,0,0,0,0.0,0.0,0.0,0.0,0,0,0.0,0.0,0.0,0.0
f0021247,5,2,1,0.5,1.0,50.3,0.0,4,4,3.3,0.1,1.7,0.9
82a39b66,0,3,1,0.0,0.0,14.9,0.0,0,0,0.3,0.3,-0.3,-0.3
d5f2f82b,0,2,1,0.0,0.0,9.4,0.0,0,0,0.1,0.1,-0.1,-0.1
b4ecc6b6,0,0,0,0.0,0.0,0.0,0.0,0,0,0.0,0.0,0.0,0.0
f7036e1c,1,15,2,0.07,0.5,12.9,0.0,0,0,1.6,1.6,-0.6,-0.6
f3945e07,0,3,0,0.0,0.0,11.2,0.0,0,0,0.2,0.2,-0.2,-0.2
55abe554,0,0,0,0.0,0.0,0.0,0.0,0,0,0.0,0.0,0.0,0.0
feb5d972,0,3,1,0.0,0.0,29.5,0.0,0,0,0.1,0.1,-0.1,-0.1
b217ef29,1,5,2,0.2,0.5,10.3,0.0,0,0,0.4,0.4,0.6,0.6
33144cc5,0,1,0,0.0,0.0,9.6,0.0,0,0,0.1,0.1,-0.1,-0.1
1adcf39e,0,0,0,0.0,0.0,0.0,0.0,0,0,0.0,0.0,0.0,0.0
826e8b63,0,0,0,0.0,0.0,0.0,0.0,0,0,0.0,0.0,0.0,0.0
0e6bc38c,3,11,5,0.27,0.6,14.6,0.0,0,0,1.6,1.6,1.4,1.4
b74277a0,0,4,1,0.0,0.0,18.0,0.0,0,0,0.2,0.2,-0.2,-0.2
42fd9c7f,7,21,13,0.29,0.46,16.5,0.0,1,1,3.6,2.8,3.4,3.2
e76cb9cc,2,4,2,0.5,1.0,17.4,0.0,0,0,0.4,0.4,1.6,1.6
64b08de7,0,0,0,0.0,0.0,0.0,0.0,0,0,0.0,0.0,0.0,0.0
f3a97d02,0,0,0,0.0,0.0,0.0,0.0,0,0,0.0,0.0,0.0,0.0
6800f515,0,2,0,0.0,0.0,24.7,0.0,0,0,0.1,0.1,-0.1,-0.1
01c3aff5,2,4,2,0.5,1.0,10.2,0.0,0,0,0.6,0.6,1.4,1.4
3b0108d6,0,0,0,0.0,0.0,0.0,0.0,0,0,0.0,0.0,0.0,0.0
0a6dbbf7,0,0,0,0.0,0.0,0.0,0.0,0,0,0.0,0.0,0.0,0.0
95f5aae8,0,4,0,0.0,0.0,10.3,0.0,0,0,0.3,0.3,-0.3,-0.3
38f8ce7f,0,0,0,0.0,0.0,0.0,0.0,0,0,0.0,0.0,0.0,0.0
48b3dd60,0,1,0,0.0,0.0,22.3,0.0,0,0,0.1,0.1,-0.1,-0.1
8f696594,0,0,0,0.0,0.0,0.0,0.0,0,0,0.0,0.0,0.0,0.0
a30e23de,0,0,0,0.0,0.0,0.0,0.0,0,0,0.0,0.0,0.0,0.0
f20e4cc9,1,1,1,1.0,1.0,14.1,0.0,0,0,0.2,0.2,0.8,0.8
33887998,0,0,0,0.0,0.0,0.0,0.0,0,0,0.0,0.0,0.0,0.0
3cefcaef,0,1,0,0.0,0.0,25.5,0.0,0,0,0.0,0.0,0.0,0.0
9413b19f,0,0,0,0.0,0.0,0.0,0.0,0,0,0.0,0.0,0.0,0.0
d70ce98e,4,20,8,0.2,0.5,19.8,4.0,0,0,2.3,2.3,1.7,1.7
f49c4ae9,1,1,1,1.0,1.0,14.7,0.0,0,0,0.1,0.1,0.9,0.9
e162b013,0,2,0,0.0,0.0,12.0,0.0,0,0,0.1,0.1,-0.1,-0.1
b56dd813,0,0,0,0.0,0.0,0.0,0.0,0,0,0.0,0.0,0.0,0.0
d436eb94,0,0,0,0.0,0.0,0.0,0.0,0,0,0.0,0.0,0.0,0.0
85613cf0,2,8,5,0.25,0.4,17.3,0.0,0,0,0.4,0.4,1.6,1.6
2784f898,1,4,1,0.25,1.0,22.6,0.0,0,0,0.5,0.5,0.5,0.5
2f90f6b8,0,0,0,0.0,0.0,0.0,0.0,0,0,0.0,0.0,0.0,0.0
e0f8151c,0,0,0,0.0,0.0,0.0,0.0,0,0,0.0,0.0,0.0,0.0
bbf5c11b,1,8,3,0.13,0.33,13.3,0.0,0,0,0.5,0.5,0.5,0.5
34693494,0,4,0,0.0,0.0,19.1,0.0,0,0,0.3,0.3,-0.3,-0.3
46152b69,0,5,2,0.0,0.0,29.5,0.0,0,0,0.1,0.1,-0.1,-0.1
dd0daf32,1,9,5,0.11,0.2,16.8,0.0,0,0,0.8,0.8,0.2,0.2
34e4343c,0,4,0,0.0,0.0,16.4,0.0,0,0,0.6,0.6,-0.6,-0.6
6025fab1,2,3,1,0.33,1.0,22.1,0.0,1,1,1.2,0.4,0.8,0.6
cfdacb90,0,0,0,0.0,0.0,0.0,0.0,0,0,0.0,0.0,0.0,0.0
b62878a5,4,8,4,0.5,1.0,11.9,0.0,0,0,1.8,1.8,2.2,2.2
25b74470,0,1,1,0.0,0.0,13.9,0.0,0,0,0.0,0.0,0.0,0.0
23610943,0,3,0,0.0,0.0,17.2,0.0,0,0,0.2,0.2,-0.2,-0.2
374d5158,1,1,1,1.0,1.0,5.2,0.0,0,0,0.1,0.1,0.9,0.9
47b7e3af,0,1,0,0.0,0.0,19.0,0.0,0,0,0.1,0.1,-0.1,-0.1
129af0db,0,4,2,0.0,0.0,10.3,0.0,0,0,1.0,1.0,-1.0,-1.0
ef88f778,0,6,2,0.0,0.0,15.3,0.0,0,0,1.6,1.6,-1.6,-1.6
a650c75b,0,2,0,0.0,0.0,43.0,0.0,0,0,0.1,0.1,-0.1,-0.1
736157b7,0,9,1,0.0,0.0,21.0,0.0,0,0,0.4,0.4,-0.4,-0.4
6ce43701,0,9,3,0.0,0.0,16.0,0.0,0,0,2.1,2.1,-2.1,-2.1
9674002f,0,13,4,0.0,0.0,22.0,2.0,0,0,0.7,0.7,-0.7,-0.7
2b622f01,0,0,0,0.0,0.0,0.0,0.0,0,0,0.0,0.0,0.0,0.0
049a888d,0,1,0,0.0,0.0,21.9,0.0,0,0,0.0,0.0,0.0,0.0
049a888d,3,9,6,0.33,0.5,19.4,1.0,0,0,1.1,1.1,1.9,1.9
dbfbdf06,0,2,0,0.0,0.0,17.9,0.0,0,0,0.3,0.3,-0.3,-0.3
ac73ec79,0,0,0,0.0,0.0,0.0,0.0,0,0,0.0,0.0,0.0,0.0
3c6089ab,1,9,4,0.11,0.25,13.6,0.0,0,0,1.3,1.3,-0.3,-0.3
4567a0b4,1,4,2,0.25,0.5,12.7,0.0,0,0,0.4,0.4,0.6,0.6
2c0558b8,0,7,3,0.0,0.0,14.0,0.0,0,0,1.2,1.2,-1.2,-1.2
3e9bd29d,0,5,0,0.0,0.0,23.7,0.0,0,0,0.1,0.1,-0.1,-0.1
441197b8,0,2,0,0.0,0.0,12.8,0.0,0,0,0.0,0.0,0.0,0.0
2946f9a1,0,0,0,0.0,0.0,0.0,0.0,0,0,0.0,0.0,0.0,0.0
3f10bd22,0,0,0,0.0,0.0,0.0,0.0,0,0,0.0,0.0,0.0,0.0
e7281ea9,0,2,1,0.0,0.0,15.0,0.0,0,0,0.4,0.4,-0.4,-0.4
5cdddffa,1,6,3,0.17,0.33,17.4,0.0,0,0,0.8,0.8,0.2,0.2
4f1e6a0b,2,9,4,0.22,0.5,13.4,0.0,0,0,1.7,1.7,0.3,0.3
953597a1,0,1,0,0.0,0.0,14.4,0.0,0,0,0.1,0.1,-0.1,-0.1
8778c910,0,0,0,0.0,0.0,0.0,0.0,0,0,0.0,0.0,0.0,0.0
c2a15a27,0,0,0,0.0,0.0,0.0,0.0,0,0,0.0,0.0,0.0,0.0
69384e5d,2,18,6,0.11,0.33,19.0,4.0,0,0,2.1,2.1,-0.1,-0.1
5853ac44,1,2,1,0.5,1.0,11.4,0.0,0,0,0.1,0.1,0.9,0.9
f6a90edd,0,5,1,0.0,0.0,19.7,0.0,0,0,0.3,0.3,-0.3,-0.3
c14bc029,0,5,1,0.0,0.0,16.7,0.0,0,0,0.6,0.2,-0.6,-0.2
7c56da38,3,15,8,0.2,0.38,14.3,1.0,0,0,1.6,1.6,1.4,1.4
5458f670,0,0,0,0.0,0.0,0.0,0.0,0,0,0.0,0.0,0.0,0.0
4d77b365,4,19,10,0.21,0.4,13.7,0.0,0,0,4.7,4.7,-0.7,-0.7
4ab12002,1,1,1,1.0,1.0,19.1,0.0,0,0,0.3,0.3,0.7,0.7
fb495bb8,0,16,5,0.0,0.0,21.0,0.0,0,0,0.9,0.9,-0.9,-0.9
ee8508c0,0,0,0,0.0,0.0,0.0,0.0,0,0,0.0,0.0,0.0,0.0
a08b974a,0,1,1,0.0,0.0,15.5,0.0,0,0,0.1,0.1,-0.1,-0.1
a04e47f0,0,1,0,0.0,0.0,18.5,0.0,0,0,0.1,0.1,-0.1,-0.1
f7750aa0,0,1,0,0.0,0.0,23.2,0.0,0,0,0.1,0.1,-0.1,-0.1
ca607d59,3,10,5,0.2,0.4,18.2,0.0,1,1,1.7,0.9,1.3,1.1
41c12f75,0,1,0,0.0,0.0,9.1,0.0,0,0,0.0,0.0,0.0,0.0
ae44e8e2,0,2,0,0.0,0.0,16.1,0.0,0,0,0.1,0.1,-0.1,-0.1
e9c0c1b2,0,0,0,0.0,0.0,0.0,0.0,0,0,0.0,0.0,0.0,0.0
751a0fb5,0,6,0,0.0,0.0,24.6,0.0,0,0,0.6,0.6,-0.6,-0.6
20030c06,0,4,1,0.0,0.0,10.1,0.0,0,0,0.4,0.4,-0.4,-0.4
43a166b4,0,4,2,0.0,0.0,12.3,0.0,0,0,0.3,0.3,-0.3,-0.3
ee950928,2,13,3,0.15,0.67,21.7,1.0,0,0,1.1,1.1,0.9,0.9
c1242d4e,0,0,0,0.0,0.0,0.0,0.0,0,0,0.0,0.0,0.0,0.0
8c90fd7a,2,8,3,0.25,0.67,13.8,0.0,0,1,3.4,2.6,-1.4,-0.6
0d267745,0,2,0,0.0,0.0,19.9,0.0,0,0,0.2,0.2,-0.2,-0.2
28b1f3ce,0,5,2,0.0,0.0,17.9,0.0,0,0,0.7,0.7,-0.7,-0.7
15413fa5,0,2,1,0.0,0.0,25.5,0.0,0,0,0.1,0.1,-0.1,-0.1
e82adcab,0,0,0,0.0,0.0,0.0,0.0,0,0,0.0,0.0,0.0,0.0
dc7f8a28,0,4,2,0.0,0.0,17.6,0.0,0,0,0.3,0.3,-0.3,-0.3
13d23b29,0,0,0,0.0,0.0,0.0,0.0,0,0,0.0,0.0,0.0,0.0
dff153a4,0,3,0,0.0,0.0,27.8,0.0,0,0,0.1,0.1,-0.1,-0.1
5c899683,0,0,0,0.0,0.0,0.0,0.0,0,0,0.0,0.0,0.0,0.0
3392603d,0,0,0,0.0,0.0,0.0,0.0,0,0,0.0,0.0,0.0,0.0
a62c16d0,1,2,1,0.5,1.0,8.3,0.0,0,0,0.3,0.3,0.7,0.7
53070b63,0,2,2,0.0,0.0,11.4,0.0,0,0,0.3,0.3,-0.3,-0.3
45a03961,2,5,3,0.4,0.67,11.7,0.0,0,0,0.7,0.7,1.3,1.3
25146df0,0,3,0,0.0,0.0,13.5,0.0,0,0,0.3,0.3,-0.3,-0.3
58ae47b2,0,2,0,0.0,0.0,21.8,0.0,0,0,0.1,0.1,-0.1,-0.1
0d9b2d31,0,6,3,0.0,0.0,13.3,0.0,0,0,0.9,0.9,-0.9,-0.9
3b61c9ec,0,3,0,0.0,0.0,27.1,1.0,0,0,0.1,0.1,-0.1,-0.1
cc1c5035,0,0,0,0.0,0.0,0.0,0.0,0,0,0.0,0.0,0.0,0.0
c906ce0f,0,1,0,0.0,0.0,9.5,0.0,0,0,0.0,0.0,0.0,0.0
fc4e7637,0,4,2,0.0,0.0,19.7,0.0,0,0,0.2,0.2,-0.2,-0.2
8fd9996f,0,1,1,0.0,0.0,13.0,0.0,0,0,0.0,0.0,0.0,0.0
121101a4,0,0,0,0.0,0.0,0.0,0.0,0,0,0.0,0.0,0.0,0.0
4c62d0c8,0,0,0,0.0,0.0,0.0,0.0,0,0,0.0,0.0,0.0,0.0
6fe90922,0,2,0,0.0,0.0,10.5,0.0,0,0,0.2,0.2,-0.2,-0.2
51a56075,0,1,1,0.0,0.0,5.2,0.0,0,0,0.3,0.3,-0.3,-0.3
24228180,1,2,1,0.5,1.0,10.2,0.0,0,0,0.5,0.5,0.5,0.5
6db16dda,0,3,0,0.0,0.0,24.3,0.0,0,0,0.1,0.1,-0.1,-0.1
4f565d77,0,0,0,0.0,0.0,0.0,0.0,0,0,0.0,0.0,0.0,0.0
307877be,0,5,2,0.0,0.0,11.4,0.0,0,0,0.7,0.7,-0.7,-0.7
b5b2e1ba,0,5,2,0.0,0.0,18.4,0.0,0,0,0.3,0.3,-0.3,-0.3
5db20508,0,0,0,0.0,0.0,0.0,0.0,0,0,0.0,0.0,0.0,0.0
adfc9123,0,1,1,0.0,0.0,34.1,0.0,0,0,0.0,0.0,0.0,0.0
55a1cac2,1,6,1,0.17,1.0,18.6,0.0,0,0,0.6,0.6,0.4,0.4
d697a2d0,0,0,0,0.0,0.0,0.0,0.0,0,0,0.0,0.0,0.0,0.0
5e861944,1,9,2,0.0,0.0,19.8,0.0,1,1,1.1,0.4,-0.1,-0.4
27d0a506,0,4,2,0.0,0.0,19.9,0.0,0,0,0.1,0.1,-0.1,-0.1
d2416c2e,0,0,0,0.0,0.0,0.0,0.0,0,0,0.0,0.0,0.0,0.0
1bf33a9a,0,1,0,0.0,0.0,10.7,0.0,0,0,0.2,0.2,-0.2,-0.2
8794e251,2,4,2,0.5,1.0,19.0,0.0,0,0,0.6,0.6,1.4,1.4
89f951b5,0,5,0,0.0,0.0,23.0,0.0,0,0,0.2,0.2,-0.2,-0.2
f63cda26,1,16,8,0.06,0.13,11.4,0.0,0,0,2.3,2.3,-1.3,-1.3
08511d65,0,4,1,0.0,0.0,18.2,0.0,0,0,0.2,0.2,-0.2,-0.2
d720e834,0,0,0,0.0,0.0,0.0,0.0,0,0,0.0,0.0,0.0,0.0
3423f250,0,10,0,0.0,0.0,22.0,0.0,0,0,0.5,0.5,-0.5,-0.5
6e058f06,4,10,5,0.4,0.8,12.5,0.0,0,0,1.0,1.0,3.0,3.0
7d450ed3,0,0,0,0.0,0.0,0.0,0.0,0,0,0.0,0.0,0.0,0.0
536cebe5,0,6,0,0.0,0.0,16.8,0.0,0,0,0.8,0.8,-0.8,-0.8
ae1159bf,0,1,0,0.0,0.0,13.7,0.0,0,0,0.1,0.1,-0.1,-0.1
3376a776,0,0,0,0.0,0.0,0.0,0.0,0,0,0.0,0.0,0.0,0.0
c5cbbcff,0,2,1,0.0,0.0,9.8,0.0,0,0,0.5,0.5,-0.5,-0.5
36a3ff67,1,5,1,0.2,1.0,17.5,1.0,0,0,0.8,0.8,0.2,0.2
7fa4e703,0,2,1,0.0,0.0,19.5,0.0,0,0,0.1,0.1,-0.1,-0.1
fa031b34,2,10,3,0.2,0.67,13.6,0.0,0,0,1.2,1.2,0.8,0.8
7e56d3db,0,2,1,0.0,0.0,25.4,0.0,0,0,0.1,0.1,-0.1,-0.1
335fa267,0,4,2,0.0,0.0,19.9,0.0,0,0,0.1,0.1,-0.1,-0.1
2e4f5f03,0,2,0,0.0,0.0,12.5,0.0,0,0,0.1,0.1,-0.1,-0.1
c738a5ec,0,0,0,0.0,0.0,0.0,0.0,0,0,0.0,0.0,0.0,0.0
e12b0b5b,0,3,1,0.0,0.0,22.8,0.0,0,0,0.2,0.2,-0.2,-0.2
6434f10d,0,10,0,0.0,0.0,17.8,0.0,0,0,0.5,0.5,-0.5,-0.5
8f5e92a6,3,17,6,0.06,0.17,16.7,1.0,2,2,2.9,1.5,0.1,-0.5
a3d94a58,0,2,1,0.0,0.0,13.4,0.0,0,0,0.3,0.3,-0.3,-0.3
ed45c4a5,0,4,1,0.0,0.0,17.8,0.0,0,0,0.4,0.4,-0.4,-0.4
90c1f9a4,0,0,0,0.0,0.0,0.0,0.0,0,0,0.0,0.0,0.0,0.0
4b3e1a38,0,2,1,0.0,0.0,8.8,0.0,0,0,0.2,0.2,-0.2,-0.2
18b896d6,1,6,1,0.17,1.0,20.0,0.0,0,0,0.3,0.3,0.7,0.7
14b8fcdf,0,2,1,0.0,0.0,10.2,0.0,0,0,0.1,0.1,-0.1,-0.1
0b5a292a,0,2,1,0.0,0.0,19.9,0.0,0,0,0.1,0.1,-0.1,-0.1
c0c7ff58,0,5,0,0.0,0.0,18.3,0.0,0,0,0.3,0.3,-0.3,-0.3
12e7ac0a,0,2,1,0.0,0.0,13.6,0.0,0,0,0.1,0.1,-0.1,-0.1
4535e4bb,0,0,0,0.0,0.0,0.0,0.0,0,0,0.0,0.0,0.0,0.0
009a4f60,0,0,0,0.0,0.0,0.0,0.0,0,0,0.0,0.0,0.0,0.0
e280527c,0,10,3,0.0,0.0,20.6,1.0,0,0,0.6,0.6,-0.6,-0.6
ee251371,2,4,3,0.5,0.67,17.4,0.0,0,0,0.5,0.5,1.5,1.5
be6a794c,0,7,1,0.0,0.0,13.1,0.0,0,0,0.5,0.5,-0.5,-0.5
e342ad68,8,22,12,0.32,0.58,13.8,0.0,1,1,4.0,3.3,4.0,3.7
032f894e,0,0,0,0.0,0.0,0.0,0.0,0,0,0.0,0.0,0.0,0.0
2c0f8e9e,2,16,6,0.13,0.33,15.5,2.0,0,0,2.8,2.8,-0.8,-0.8
da7b447d,0,0,0,0.0,0.0,0.0,0.0,0,0,0.0,0.0,0.0,0.0
2f33776f,0,0,0,0.0,0.0,0.0,0.0,0,0,0.0,0.0,0.0,0.0
0d82903c,0,1,0,0.0,0.0,27.4,0.0,0,0,0.0,0.0,0.0,0.0
dccd127f,0,1,0,0.0,0.0,7.8,0.0,0,0,0.0,0.0,0.0,0.0
2b114be3,4,9,4,0.44,1.0,17.1,1.0,0,0,1.9,1.9,2.1,2.1
a6ee4f55,1,3,1,0.33,1.0,24.3,0.0,0,0,0.3,0.3,0.7,0.7
24051310,1,4,2,0.25,0.5,14.5,0.0,0,0,0.2,0.2,0.8,0.8
eaefa2d0,0,0,0,0.0,0.0,0.0,0.0,0,0,0.0,0.0,0.0,0.0
9744ff80,0,3,1,0.0,0.0,18.2,0.0,0,0,0.1,0.1,-0.1,-0.1
f6ac68c1,0,0,0,0.0,0.0,0.0,0.0,0,0,0.0,0.0,0.0,0.0
5d4f7d61,0,15,3,0.0,0.0,13.3,0.0,0,1,2.5,1.7,-2.5,-1.7
8f056768,0,2,0,0.0,0.0,23.9,0.0,0,0,0.1,0.1,-0.1,-0.1
34e12499,0,1,0,0.0,0.0,31.1,0.0,0,0,0.0,0.0,0.0,0.0
f07a0fe5,2,4,2,0.5,1.0,9.7,0.0,0,0,0.4,0.4,1.6,1.6
28c6e925,1,6,3,0.17,0.33,21.8,0.0,0,0,0.4,0.4,0.6,0.6
3260690c,0,13,5,0.0,0.0,18.6,0.0,0,0,1.2,1.2,-1.2,-1.2
6aa3e78b,0,1,1,0.0,0.0,9.2,0.0,0,0,0.2,0.2,-0.2,-0.2
fcea4f04,2,7,3,0.29,0.67,25.5,0.0,0,0,0.4,0.4,1.6,1.6
03998238,0,2,0,0.0,0.0,15.8,0.0,0,0,0.2,0.2,-0.2,-0.2
3effaa34,3,14,7,0.21,0.43,13.1,0.0,0,0,2.1,2.1,0.9,0.9
8f0435c7,1,3,2,0.33,0.5,9.7,0.0,0,0,0.6,0.6,0.4,0.4
3eb22ec9,0,3,1,0.0,0.0,14.1,0.0,0,0,0.6,0.6,-0.6,-0.6
70cf63ca,4,22,10,0.18,0.4,14.7,0.0,0,0,3.4,3.4,0.6,0.6
86e7deaf,0,6,2,0.0,0.0,10.8,0.0,0,0,0.7,0.7,-0.7,-0.7
fcb27134,1,2,1,0.5,1.0,10.8,0.0,0,0,0.4,0.4,0.6,0.6
343c0d52,4,15,9,0.27,0.44,12.1,0.0,0,0,2.8,2.8,1.2,1.2
a086ae11,0,0,0,0.0,0.0,0.0,0.0,0,0,0.0,0.0,0.0,0.0
6250083a,0,0,0,0.0,0.0,0.0,0.0,0,0,0.0,0.0,0.0,0.0
b35a7399,1,1,1,1.0,1.0,10.9,0.0,0,0,0.1,0.1,0.9,0.9
c50cee19,1,3,2,0.33,0.5,15.5,0.0,0,0,0.1,0.1,0.9,0.9
30f5ffa9,0,2,0,0.0,0.0,6.9,0.0,0,0,0.1,0.1,-0.1,-0.1
c967f6b8,0,0,0,0.0,0.0,0.0,0.0,0,0,0.0,0.0,0.0,0.0
2ccd89a3,0,1,0,0.0,0.0,12.4,0.0,0,0,0.1,0.1,-0.1,-0.1
fed17f5a,1,2,1,0.5,1.0,15.1,0.0,0,0,0.3,0.3,0.7,0.7
0670ee51,0,2,0,0.0,0.0,39.4,1.0,0,0,0.1,0.1,-0.1,-0.1
420c18a1,0,0,0,0.0,0.0,0.0,0.0,0,0,0.0,0.0,0.0,0.0
c13ddd3e,0,2,0,0.0,0.0,11.8,0.0,0,0,0.4,0.4,-0.4,-0.4
4c6facae,0,3,0,0.0,0.0,25.7,0.0,0,0,0.1,0.1,-0.1,-0.1
74b7375f,2,13,5,0.15,0.4,18.8,0.0,0,0,2.1,2.1,-0.1,-0.1
688fcea2,0,4,2,0.0,0.0,19.1,0.0,0,0,0.2,0.2,-0.2,-0.2
2d65a822,0,0,0,0.0,0.0,0.0,0.0,0,0,0.0,0.0,0.0,0.0
90339309,0,1,0,0.0,0.0,10.7,0.0,0,0,0.0,0.0,0.0,0.0
690d1049,0,2,0,0.0,0.0,29.0,0.0,0,0,0.1,0.1,-0.1,-0.1
eca17cf2,0,0,0,0.0,0.0,0.0,0.0,0,0,0.0,0.0,0.0,0.0
7ed08d5c,0,0,0,0.0,0.0,0.0,0.0,0,0,0.0,0.0,0.0,0.0
5cfec13d,0,0,0,0.0,0.0,0.0,0.0,0,0,0.0,0.0,0.0,0.0
d0b8e745,0,0,0,0.0,0.0,0.0,0.0,0,0,0.0,0.0,0.0,0.0
ee3519f5,0,0,0,0.0,0.0,0.0,0.0,0,0,0.0,0.0,0.0,0.0
b400bde0,2,6,2,0.33,1.0,12.5,0.0,0,0,0.6,0.6,1.4,1.4
5eecec3d,1,1,1,1.0,1.0,24.5,0.0,0,0,0.0,0.0,1.0,1.0
1e1378e1,0,14,4,0.0,0.0,22.6,2.0,0,0,1.1,1.1,-1.1,-1.1
a793f5a8,0,2,0,0.0,0.0,22.2,0.0,0,0,0.1,0.1,-0.1,-0.1
e33c06cf,0,2,1,0.0,0.0,19.0,0.0,0,0,0.1,0.1,-0.1,-0.1
141b0bd2,0,1,1,0.0,0.0,23.3,0.0,0,0,0.0,0.0,0.0,0.0
4e219ad2,0,7,4,0.0,0.0,22.1,1.0,0,0,0.3,0.3,-0.3,-0.3
33a6a650,0,1,1,0.0,0.0,8.2,0.0,0,0,0.1,0.1,-0.1,-0.1
d820a7c8,1,3,1,0.33,1.0,12.4,0.0,0,0,0.5,0.5,0.5,0.5
29c91632,1,1,1,1.0,1.0,6.1,0.0,0,0,0.1,0.1,0.9,0.9
01b8a2b2,0,0,0,0.0,0.0,0.0,0.0,0,0,0.0,0.0,0.0,0.0
934e1968,1,14,3,0.07,0.33,22.1,2.0,0,0,2.2,2.2,-1.2,-1.2
c8829a58,0,1,0,0.0,0.0,23.9,0.0,0,0,0.0,0.0,0.0,0.0
2475dcc6,0,4,1,0.0,0.0,21.3,0.0,0,0,0.4,0.4,-0.4,-0.4
bd142efb,0,1,0,0.0,0.0,9.5,0.0,0,0,0.1,0.1,-0.1,-0.1
e9971f2d,0,1,0,0.0,0.0,9.9,0.0,0,0,0.1,0.1,-0.1,-0.1
a73c8f95,0,3,0,0.0,0.0,21.4,0.0,0,0,0.1,0.1,-0.1,-0.1
4c2a5d34,5,19,9,0.16,0.33,16.2,0.0,2,2,5.5,3.9,-0.5,-0.9
b056e3da,0,0,0,0.0,0.0,0.0,0.0,0,0,0.0,0.0,0.0,0.0
a65c844b,0,12,1,0.0,0.0,26.9,0.0,0,0,0.4,0.4,-0.4,-0.4
be765073,1,4,2,0.0,0.0,24.2,2.0,1,1,1.1,0.3,-0.1,-0.3
30d75bfb,0,2,1,0.0,0.0,12.7,0.0,0,0,0.2,0.2,-0.2,-0.2
ad9b2747,0,7,3,0.0,0.0,16.4,0.0,0,0,0.5,0.5,-0.5,-0.5
d0a39bdf,0,0,0,0.0,0.0,0.0,0.0,0,0,0.0,0.0,0.0,0.0
f4d8ce5a,0,4,1,0.0,0.0,22.6,0.0,0,0,0.1,0.1,-0.1,-0.1
4f255115,0,8,1,0.0,0.0,15.6,0.0,0,0,0.4,0.4,-0.4,-0.4
829aa60c,0,5,1,0.0,0.0,21.5,0.0,0,0,0.5,0.5,-0.5,-0.5
e73c9bb2,0,4,0,0.0,0.0,18.9,0.0,0,0,0.2,0.2,-0.2,-0.2
6f51e382,0,0,0,0.0,0.0,0.0,0.0,0,0,0.0,0.0,0.0,0.0
6b994195,0,1,0,0.0,0.0,9.5,0.0,0,0,0.0,0.0,0.0,0.0
ff5ea0bf,0,2,0,0.0,0.0,9.7,0.0,0,0,0.4,0.4,-0.4,-0.4
b7c19c48,0,0,0,0.0,0.0,0.0,0.0,0,0,0.0,0.0,0.0,0.0
a5420709,0,2,0,0.0,0.0,20.0,0.0,0,0,0.1,0.1,-0.1,-0.1
41034650,0,2,0,0.0,0.0,10.8,0.0,0,0,0.4,0.4,-0.4,-0.4
7edfbb8a,0,2,0,0.0,0.0,18.1,0.0,0,0,0.1,0.1,-0.1,-0.1
0db169ae,0,4,1,0.0,0.0,23.4,0.0,0,0,0.2,0.2,-0.2,-0.2
04e531b6,1,1,1,1.0,1.0,14.9,0.0,0,0,0.4,0.4,0.6,0.6
9e1035f8,3,7,3,0.43,1.0,13.5,0.0,0,0,1.3,1.3,1.7,1.7
ab708880,0,1,0,0.0,0.0,12.4,0.0,0,0,0.1,0.1,-0.1,-0.1
ce17b5eb,0,0,0,0.0,0.0,0.0,0.0,0,0,0.0,0.0,0.0,0.0
77e39b04,2,9,4,0.22,0.5,18.9,1.0,0,0,0.5,0.5,1.5,1.5
41f0b196,0,0,0,0.0,0.0,0.0,0.0,0,0,0.0,0.0,0.0,0.0
f315ca93,0,3,0,0.0,0.0,17.6,1.0,0,0,0.1,0.1,-0.1,-0.1
aa34ed38,0,3,1,0.0,0.0,25.9,0.0,0,0,0.1,0.1,-0.1,-0.1
35d64857,0,2,1,0.0,0.0,12.3,0.0,0,0,0.1,0.1,-0.1,-0.1
d3dc62d1,0,0,0,0.0,0.0,0.0,0.0,0,0,0.0,0.0,0.0,0.0
c9817014,0,0,0,0.0,0.0,0.0,0.0,0,0,0.0,0.0,0.0,0.0
1a799243,0,2,0,0.0,0.0,16.5,0.0,0,0,0.2,0.2,-0.2,-0.2
7d3e7da6,0,0,0,0.0,0.0,0.0,0.0,0,0,0.0,0.0,0.0,0.0
1880614f,0,6,1,0.0,0.0,20.1,0.0,0,0,0.5,0.5,-0.5,-0.5
d248cd8f,0,0,0,0.0,0.0,0.0,0.0,0,0,0.0,0.0,0.0,0.0
b997c3de,1,7,1,0.0,0.0,26.3,0.0,1,1,1.3,0.5,-0.3,-0.5
0a69de7b,0,1,0,0.0,0.0,9.0,0.0,0,0,0.0,0.0,0.0,0.0
c2111b45,0,0,0,0.0,0.0,0.0,0.0,0,0,0.0,0.0,0.0,0.0
0959c2a2,2,17,6,0.12,0.33,22.6,1.0,0,0,0.9,0.9,1.1,1.1
e06683ca,0,12,5,0.0,0.0,10.5,0.0,0,0,1.0,1.0,-1.0,-1.0
392a7aea,0,1,0,0.0,0.0,22.1,0.0,0,0,0.1,0.1,-0.1,-0.1
08990838,0,3,2,0.0,0.0,22.9,2.0,0,0,0.2,0.2,-0.2,-0.2
fd51b456,0,0,0,0.0,0.0,0.0,0.0,0,0,0.0,0.0,0.0,0.0
4a56052c,0,3,2,0.0,0.0,23.1,1.0,0,0,0.1,0.1,-0.1,-0.1
5eaf85b5,0,0,0,0.0,0.0,0.0,0.0,0,0,0.0,0.0,0.0,0.0
6bc49da7,0,0,0,0.0,0.0,0.0,0.0,0,0,0.0,0.0,0.0,0.0
1467af0d,0,2,0,0.0,0.0,25.0,0.0,0,0,0.1,0.1,-0.1,-0.1
3b029691,0,4,2,0.0,0.0,23.9,0.0,0,0,0.2,0.2,-0.2,-0.2
03df04ff,0,0,0,0.0,0.0,0.0,0.0,0,0,0.0,0.0,0.0,0.0
79443529,1,15,7,0.07,0.14,11.8,0.0,0,0,2.6,2.6,-1.6,-1.6
aed44b64,1,10,3,0.1,0.33,19.8,0.0,0,0,0.4,0.4,0.6,0.6
d0d8dd44,0,0,0,0.0,0.0,0.0,0.0,0,0,0.0,0.0,0.0,0.0
86dd77d1,0,0,0,0.0,0.0,0.0,0.0,0,0,0.0,0.0,0.0,0.0
cb64672e,0,1,0,0.0,0.0,20.8,0.0,0,0,0.1,0.1,-0.1,-0.1
a8b8af8d,0,0,0,0.0,0.0,0.0,0.0,0,0,0.0,0.0,0.0,0.0
f9acca3a,0,2,1,0.0,0.0,25.3,0.0,0,0,0.1,0.1,-0.1,-0.1
49fe9070,2,12,6,0.17,0.33,12.9,0.0,0,0,2.1,2.1,-0.1,-0.1
83300259,0,0,0,0.0,0.0,0.0,0.0,0,0,0.0,0.0,0.0,0.0
c19a2df1,0,0,0,0.0,0.0,0.0,0.0,0,0,0.0,0.0,0.0,0.0
5dfc6ad5,0,1,0,0.0,0.0,8.2,0.0,0,0,0.1,0.1,-0.1,-0.1
4b803b3c,0,2,1,0.0,0.0,10.2,0.0,0,0,0.1,0.1,-0.1,-0.1
fa661778,0,2,0,0.0,0.0,15.4,0.0,0,0,0.2,0.2,-0.2,-0.2
e9b0ccaf,0,0,0,0.0,0.0,0.0,0.0,0,0,0.0,0.0,0.0,0.0
cb641b9d,0,2,1,0.0,0.0,15.4,0.0,0,0,0.3,0.3,-0.3,-0.3
94721522,0,1,0,0.0,0.0,31.8,0.0,0,0,0.0,0.0,0.0,0.0
6b9960cf,0,0,0,0.0,0.0,0.0,0.0,0,0,0.0,0.0,0.0,0.0
384d58d9,1,1,1,1.0,1.0,16.4,0.0,0,0,0.1,0.1,0.9,0.9
6bb2c084,1,5,1,0.2,1.0,14.2,0.0,0,0,0.7,0.7,0.3,0.3
3b12b11f,0,0,0,0.0,0.0,0.0,0.0,0,0,0.0,0.0,0.0,0.0
f15b778f,0,2,0,0.0,0.0,30.5,0.0,0,0,0.0,0.0,0.0,0.0
d19ef4ef,0,2,2,0.0,0.0,26.2,0.0,0,0,0.2,0.2,-0.2,-0.2
a5296e55,3,10,6,0.2,0.33,18.5,0.0,1,2,3.0,1.5,0.0,0.5
6622454d,0,12,5,0.0,0.0,21.1,3.0,0,0,0.6,0.6,-0.6,-0.6
adfbe1f5,2,8,3,0.25,0.67,17.2,0.0,0,0,1.0,1.0,1.0,1.0
37557ec4,0,0,0,0.0,0.0,0.0,0.0,0,0,0.0,0.0,0.0,0.0
