id,Tkl,TklW,Def 3rd,Mid 3rd,Att 3rd,Tkl.1,Att,Lost,Blocks,Sh,Pass,Int,Tkl+Int,Clr,Err
8f5cdf66,2.0,2,1.0,0.0,1.0,1.0,3.0,2.0,1.0,0.0,1.0,0,2.0,2.0,0.0
f586779e,13.0,7,3.0,6.0,4.0,4.0,12.0,8.0,9.0,4.0,5.0,3,16.0,8.0,0.0
771a2cfe,1.0,0,1.0,0.0,0.0,0.0,2.0,2.0,0.0,0.0,0.0,0,1.0,0.0,0.0
b96b595c,19.0,8,15.0,2.0,2.0,11.0,16.0,5.0,9.0,4.0,5.0,16,35.0,46.0,0.0
26777636,6.0,3,2.0,4.0,0.0,2.0,2.0,0.0,2.0,0.0,2.0,1,7.0,1.0,0.0
f9c927de,6.0,1,2.0,2.0,2.0,1.0,6.0,5.0,11.0,2.0,9.0,3,9.0,6.0,0.0
0154d290,6.0,3,4.0,1.0,1.0,2.0,5.0,3.0,2.0,1.0,1.0,0,6.0,3.0,0.0
46fa7204,51.0,24,15.0,20.0,16.0,19.0,45.0,26.0,30.0,4.0,26.0,7,58.0,4.0,0.0
246d153b,15.0,11,5.0,7.0,3.0,8.0,12.0,4.0,11.0,2.0,9.0,9,24.0,24.0,0.0
d810c13b,46.0,28,27.0,17.0,2.0,26.0,36.0,10.0,18.0,11.0,7.0,20,66.0,39.0,1.0
fdf4b948,25.0,18,13.0,8.0,4.0,9.0,13.0,4.0,24.0,4.0,20.0,7,32.0,14.0,0.0
5294a83f,26.0,13,12.0,11.0,3.0,12.0,34.0,22.0,20.0,3.0,17.0,5,31.0,1.0,0.0
ab472696,5.0,2,0.0,4.0,1.0,1.0,3.0,2.0,3.0,1.0,2.0,3,8.0,3.0,0.0
bcc81786,29.0,16,16.0,7.0,6.0,11.0,13.0,2.0,15.0,6.0,9.0,15,44.0,45.0,1.0
2df7cc43,1.0,1,1.0,0.0,0.0,1.0,2.0,1.0,1.0,0.0,1.0,0,1.0,4.0,0.0
2df7cc43,28.0,18,22.0,6.0,0.0,13.0,20.0,7.0,12.0,5.0,7.0,12,40.0,27.0,1.0
10b9fa99,47.0,27,20.0,23.0,4.0,12.0,22.0,10.0,30.0,13.0,17.0,23,70.0,36.0,0.0
5a2cb25d,24.0,16,11.0,7.0,6.0,11.0,21.0,10.0,15.0,5.0,10.0,18,42.0,9.0,2.0
9f1893b9,46.0,30,14.0,27.0,5.0,16.0,43.0,27.0,36.0,2.0,34.0,13,59.0,16.0,0.0
38d9ce53,1.0,0,1.0,0.0,0.0,1.0,1.0,0.0,0.0,0.0,0.0,0,1.0,0.0,0.0
108fe016,5.0,4,3.0,2.0,0.0,5.0,9.0,4.0,2.0,0.0,2.0,3,8.0,11.0,0.0
8f68aa41,5.0,4,3.0,2.0,0.0,1.0,3.0,2.0,4.0,3.0,1.0,0,5.0,6.0,1.0
00459419,8.0,5,2.0,4.0,2.0,1.0,4.0,3.0,9.0,1.0,8.0,2,10.0,8.0,0.0
963a328b,18.0,10,8.0,9.0,1.0,7.0,17.0,10.0,12.0,0.0,12.0,7,25.0,9.0,0.0
a820e429,6.0,2,1.0,1.0,4.0,4.0,7.0,3.0,6.0,0.0,6.0,0,6.0,3.0,0.0
e26fcca3,30.0,14,18.0,10.0,2.0,15.0,32.0,17.0,14.0,2.0,12.0,13,43.0,11.0,0.0
a69cc629,7.0,3,2.0,3.0,2.0,4.0,8.0,4.0,11.0,3.0,8.0,10,17.0,6.0,0.0
0fdcef0e,7.0,4,0.0,5.0,2.0,4.0,4.0,0.0,2.0,0.0,2.0,1,8.0,3.0,0.0
649b01d8,0.0,0,0.0,0.0,0.0,0.0,2.0,2.0,0.0,0.0,0.0,0,0.0,7.0,1.0
3cd3b384,10.0,8,7.0,2.0,1.0,5.0,9.0,4.0,16.0,7.0,9.0,8,18.0,37.0,1.0
2200181e,10.0,4,6.0,4.0,0.0,7.0,7.0,0.0,5.0,4.0,1.0,5,15.0,26.0,1.0
dfd24c07,4.0,2,3.0,0.0,1.0,3.0,6.0,3.0,0.0,0.0,0.0,0,4.0,2.0,1.0
f42d6c13,8.0,4,3.0,3.0,2.0,4.0,6.0,2.0,5.0,0.0,5.0,7,15.0,4.0,0.0
f42d6c13,3.0,0,2.0,1.0,0.0,2.0,3.0,1.0,3.0,1.0,2.0,3,6.0,2.0,0.0
59bf127b,1.0,1,1.0,0.0,0.0,1.0,1.0,0.0,0.0,0.0,0.0,0,1.0,0.0,0.0
102e2599,17.0,7,6.0,10.0,1.0,5.0,16.0,11.0,8.0,0.0,8.0,1,18.0,3.0,0.0
f449640d,5.0,1,1.0,4.0,0.0,3.0,3.0,0.0,3.0,2.0,1.0,1,6.0,1.0,0.0
8a6de8c7,23.0,14,9.0,11.0,3.0,10.0,27.0,17.0,20.0,2.0,18.0,4,27.0,2.0,0.0
d44360be,41.0,26,14.0,19.0,8.0,12.0,26.0,14.0,13.0,4.0,9.0,10,51.0,27.0,0.0
01efac19,0.0,0,0.0,0.0,0.0,0.0,0.0,0.0,0.0,0.0,0.0,0,0.0,0.0,0.0
01efac19,14.0,8,3.0,5.0,6.0,3.0,8.0,5.0,11.0,1.0,10.0,3,17.0,8.0,0.0
32ebfe1e,6.0,2,4.0,2.0,0.0,4.0,9.0,5.0,0.0,0.0,0.0,8,14.0,1.0,0.0
6928979a,30.0,17,13.0,14.0,3.0,16.0,29.0,13.0,21.0,4.0,17.0,8,38.0,8.0,0.0
6caffe81,5.0,2,2.0,3.0,0.0,3.0,3.0,0.0,1.0,0.0,1.0,0,5.0,0.0,0.0
e5bf73f3,9.0,2,4.0,4.0,1.0,3.0,5.0,2.0,14.0,0.0,14.0,1,10.0,3.0,0.0
5a08ee41,25.0,19,22.0,3.0,0.0,8.0,11.0,3.0,29.0,19.0,10.0,29,54.0,133.0,0.0
80556f08,5.0,3,3.0,1.0,1.0,2.0,5.0,3.0,9.0,0.0,9.0,6,11.0,6.0,0.0
75b86fb3,32.0,17,16.0,10.0,6.0,9.0,17.0,8.0,16.0,6.0,10.0,19,51.0,33.0,0.0
1ac232b8,37.0,18,16.0,16.0,5.0,9.0,19.0,10.0,16.0,4.0,12.0,7,44.0,9.0,0.0
78e6bf2c,3.0,0,3.0,0.0,0.0,1.0,1.0,0.0,1.0,1.0,0.0,1,4.0,2.0,0.0
19e4eab9,51.0,24,36.0,12.0,3.0,26.0,31.0,5.0,30.0,18.0,12.0,13,64.0,40.0,1.0
e892c325,2.0,1,1.0,1.0,0.0,0.0,0.0,0.0,0.0,0.0,0.0,0,2.0,0.0,0.0
e3756e72,5.0,2,4.0,1.0,0.0,2.0,3.0,1.0,2.0,1.0,1.0,3,8.0,5.0,0.0
d705ba44,9.0,5,2.0,3.0,4.0,3.0,7.0,4.0,5.0,1.0,4.0,2,11.0,2.0,0.0
0000acda,3.0,3,2.0,0.0,1.0,3.0,4.0,1.0,0.0,0.0,0.0,1,4.0,1.0,0.0
0000acda,7.0,4,3.0,3.0,1.0,5.0,10.0,5.0,7.0,0.0,7.0,6,13.0,7.0,0.0
db092d3b,48.0,24,23.0,24.0,1.0,24.0,31.0,7.0,12.0,6.0,6.0,18,66.0,10.0,1.0
53a0e358,13.0,10,7.0,3.0,3.0,7.0,24.0,17.0,5.0,0.0,5.0,9,22.0,10.0,0.0
61b3978f,28.0,18,15.0,11.0,2.0,17.0,24.0,7.0,18.0,4.0,14.0,21,49.0,25.0,0.0
ed5c0319,14.0,9,0.0,8.0,6.0,3.0,12.0,9.0,13.0,1.0,12.0,2,16.0,18.0,0.0
b3a20f18,20.0,10,14.0,5.0,1.0,13.0,23.0,10.0,24.0,14.0,10.0,13,33.0,79.0,0.0
d65cf468,3.0,1,1.0,2.0,0.0,2.0,2.0,0.0,1.0,0.0,1.0,0,3.0,0.0,0.0
6fdac234,17.0,11,14.0,3.0,0.0,7.0,11.0,4.0,24.0,13.0,11.0,17,34.0,106.0,0.0
9e1577aa,40.0,24,17.0,21.0,2.0,23.0,36.0,13.0,18.0,5.0,13.0,8,48.0,29.0,1.0
204ac005,21.0,10,12.0,7.0,2.0,14.0,19.0,5.0,19.0,6.0,13.0,12,33.0,21.0,0.0
79370f8c,3.0,1,3.0,0.0,0.0,0.0,4.0,4.0,3.0,0.0,3.0,0,3.0,4.0,0.0
c69ef855,41.0,19,15.0,18.0,8.0,22.0,36.0,14.0,34.0,11.0,23.0,22,63.0,59.0,0.0
fe012aca,5.0,3,2.0,0.0,3.0,1.0,3.0,2.0,4.0,0.0,4.0,0,5.0,1.0,0.0
c83c203f,14.0,8,9.0,2.0,3.0,7.0,9.0,2.0,8.0,3.0,5.0,8,22.0,5.0,0.0
d995ed27,29.0,19,11.0,14.0,4.0,19.0,29.0,10.0,9.0,0.0,9.0,15,44.0,4.0,1.0
bf57eaab,3.0,1,0.0,1.0,2.0,0.0,9.0,9.0,8.0,1.0,7.0,3,6.0,0.0,0.0
0def2376,1.0,0,1.0,0.0,0.0,0.0,0.0,0.0,1.0,0.0,1.0,0,1.0,0.0,0.0
fb77bfef,6.0,4,4.0,2.0,0.0,3.0,6.0,3.0,6.0,4.0,2.0,6,12.0,21.0,0.0
52ec54d0,3.0,3,1.0,2.0,0.0,1.0,3.0,2.0,8.0,6.0,2.0,8,11.0,22.0,0.0
3d13d9e4,4.0,3,0.0,2.0,2.0,2.0,2.0,0.0,1.0,0.0,1.0,0,4.0,1.0,0.0
0d077b88,35.0,16,13.0,17.0,5.0,17.0,32.0,15.0,26.0,11.0,15.0,25,60.0,36.0,0.0
ae94a6c5,12.0,5,3.0,6.0,3.0,6.0,13.0,7.0,5.0,1.0,4.0,2,14.0,4.0,0.0
c609e90e,3.0,2,2.0,1.0,0.0,0.0,0.0,0.0,1.0,0.0,1.0,2,5.0,0.0,0.0
8bbe2df5,11.0,8,4.0,6.0,1.0,5.0,8.0,3.0,11.0,2.0,9.0,8,19.0,27.0,0.0
d4a2533d,0.0,0,0.0,0.0,0.0,0.0,1.0,1.0,0.0,0.0,0.0,0,0.0,0.0,0.0
5fd5ed86,19.0,13,15.0,3.0,1.0,12.0,15.0,3.0,34.0,19.0,15.0,30,49.0,81.0,2.0
edd81e2a,31.0,16,17.0,13.0,1.0,19.0,29.0,10.0,30.0,19.0,11.0,18,49.0,49.0,1.0
33b8d077,14.0,7,4.0,10.0,0.0,3.0,9.0,6.0,10.0,3.0,7.0,16,30.0,12.0,0.0
f3a9fa26,13.0,6,3.0,5.0,5.0,6.0,10.0,4.0,8.0,0.0,8.0,9,22.0,4.0,0.0
4ae67f27,23.0,13,13.0,10.0,0.0,10.0,16.0,6.0,19.0,10.0,9.0,39,62.0,52.0,2.0
ef6eef89,2.0,2,2.0,0.0,0.0,2.0,2.0,0.0,3.0,3.0,0.0,2,4.0,3.0,0.0
dd86e8e4,20.0,8,10.0,7.0,3.0,8.0,11.0,3.0,10.0,5.0,5.0,3,23.0,11.0,0.0
2146785a,50.0,26,23.0,21.0,6.0,28.0,43.0,15.0,14.0,4.0,10.0,17,67.0,20.0,0.0
ac7e640b,19.0,11,9.0,8.0,2.0,8.0,18.0,10.0,15.0,9.0,6.0,14,33.0,65.0,2.0
226008f1,14.0,7,8.0,3.0,3.0,6.0,13.0,7.0,16.0,8.0,8.0,15,29.0,36.0,0.0
cd0fa27b,37.0,21,13.0,20.0,4.0,10.0,26.0,16.0,22.0,4.0,18.0,20,57.0,9.0,1.0
13ea2544,10.0,9,3.0,6.0,1.0,4.0,6.0,2.0,1.0,0.0,1.0,5,15.0,4.0,0.0
91ff775f,15.0,11,7.0,4.0,4.0,3.0,7.0,4.0,9.0,1.0,8.0,4,19.0,5.0,0.0
247ed022,41.0,24,23.0,16.0,2.0,18.0,37.0,19.0,18.0,2.0,16.0,21,62.0,23.0,1.0
b6a1cdf9,7.0,3,4.0,1.0,2.0,4.0,6.0,2.0,3.0,0.0,3.0,1,8.0,2.0,0.0
356c9002,12.0,4,11.0,0.0,1.0,10.0,30.0,20.0,5.0,2.0,3.0,16,28.0,26.0,0.0
54e53b7e,14.0,6,3.0,9.0,2.0,7.0,16.0,9.0,14.0,1.0,13.0,5,19.0,2.0,0.0
5bd72174,3.0,1,0.0,0.0,3.0,0.0,3.0,3.0,0.0,0.0,0.0,1,4.0,3.0,0.0
5bd72174,2.0,2,0.0,1.0,1.0,0.0,0.0,0.0,5.0,2.0,3.0,0,2.0,2.0,0.0
f7e2af2c,3.0,2,2.0,0.0,1.0,2.0,5.0,3.0,3.0,2.0,1.0,3,6.0,2.0,1.0
b033f803,0.0,0,0.0,0.0,0.0,0.0,1.0,1.0,2.0,0.0,2.0,1,1.0,0.0,0.0
707b98f1,0.0,0,0.0,0.0,0.0,0.0,0.0,0.0,1.0,0.0,1.0,0,0.0,0.0,0.0
8d3cd59d,35.0,17,21.0,9.0,5.0,15.0,22.0,7.0,14.0,4.0,10.0,11,46.0,50.0,1.0
8ec56e62,0.0,0,0.0,0.0,0.0,0.0,0.0,0.0,0.0,0.0,0.0,0,0.0,7.0,1.0
3f5f38fb,31.0,14,19.0,12.0,0.0,15.0,22.0,7.0,16.0,9.0,7.0,11,42.0,46.0,0.0
ad92526f,22.0,11,9.0,12.0,1.0,9.0,20.0,11.0,6.0,2.0,4.0,6,28.0,12.0,0.0
0728bebe,3.0,3,0.0,2.0,1.0,1.0,3.0,2.0,1.0,0.0,1.0,0,3.0,1.0,0.0
ba3d3bea,20.0,12,5.0,13.0,2.0,11.0,35.0,24.0,17.0,8.0,9.0,20,40.0,24.0,0.0
4d1efb48,0.0,0,0.0,0.0,0.0,0.0,0.0,0.0,1.0,1.0,0.0,3,3.0,2.0,0.0
d9624b51,18.0,14,10.0,7.0,1.0,9.0,13.0,4.0,11.0,4.0,7.0,10,28.0,37.0,0.0
07f8bcc8,20.0,16,7.0,6.0,7.0,7.0,9.0,2.0,9.0,1.0,8.0,1,21.0,19.0,0.0
98a84572,4.0,1,4.0,0.0,0.0,3.0,4.0,1.0,2.0,0.0,2.0,1,5.0,0.0,0.0
31a62dc7,34.0,16,17.0,15.0,2.0,21.0,27.0,6.0,25.0,5.0,20.0,13,47.0,29.0,1.0
b0f7e36c,10.0,5,4.0,4.0,2.0,3.0,6.0,3.0,3.0,1.0,2.0,0,10.0,1.0,0.0
c316607a,25.0,15,19.0,5.0,1.0,9.0,15.0,6.0,22.0,12.0,10.0,16,41.0,30.0,0.0
b09a3ecc,4.0,2,1.0,1.0,2.0,3.0,5.0,2.0,3.0,0.0,3.0,0,4.0,3.0,0.0
039a4fb6,4.0,3,2.0,0.0,2.0,1.0,2.0,1.0,0.0,0.0,0.0,0,4.0,1.0,0.0
5de3866c,24.0,12,16.0,8.0,0.0,11.0,23.0,12.0,15.0,1.0,14.0,2,26.0,18.0,0.0
8b95acda,18.0,10,10.0,8.0,0.0,10.0,12.0,2.0,9.0,5.0,4.0,22,40.0,69.0,1.0
04df29a5,12.0,4,0.0,6.0,6.0,3.0,6.0,3.0,16.0,0.0,16.0,2,14.0,5.0,0.0
6499048c,6.0,4,4.0,1.0,1.0,4.0,6.0,2.0,10.0,1.0,9.0,3,9.0,2.0,0.0
8cabdc1e,1.0,0,1.0,0.0,0.0,0.0,0.0,0.0,0.0,0.0,0.0,0,1.0,10.0,1.0
8fef5412,0.0,0,0.0,0.0,0.0,0.0,0.0,0.0,0.0,0.0,0.0,0,0.0,0.0,0.0
22ae86f9,18.0,12,9.0,9.0,0.0,8.0,14.0,6.0,15.0,4.0,11.0,8,26.0,25.0,0.0
45b9b619,7.0,4,1.0,4.0,2.0,2.0,2.0,0.0,2.0,0.0,2.0,0,7.0,0.0,0.0
bfc359ed,1.0,0,1.0,0.0,0.0,0.0,0.0,0.0,1.0,0.0,1.0,0,1.0,0.0,0.0
85a44ecc,56.0,31,29.0,22.0,5.0,20.0,41.0,21.0,23.0,3.0,20.0,11,67.0,17.0,2.0
f554e29b,0.0,0,0.0,0.0,0.0,0.0,1.0,1.0,0.0,0.0,0.0,0,0.0,0.0,0.0
16657b95,84.0,45,40.0,36.0,8.0,45.0,65.0,20.0,29.0,7.0,22.0,9,93.0,31.0,0.0
22cd43d2,6.0,2,0.0,5.0,1.0,0.0,1.0,1.0,7.0,1.0,6.0,7,13.0,5.0,0.0
0ab1f153,34.0,22,24.0,9.0,1.0,17.0,36.0,19.0,10.0,1.0,9.0,14,48.0,19.0,0.0
5722eced,8.0,6,5.0,3.0,0.0,4.0,11.0,7.0,4.0,0.0,4.0,2,10.0,0.0,0.0
060606ec,4.0,4,3.0,1.0,0.0,2.0,4.0,2.0,2.0,0.0,2.0,1,5.0,3.0,0.0
44eb9093,9.0,6,7.0,2.0,0.0,6.0,10.0,4.0,7.0,3.0,4.0,4,13.0,7.0,0.0
f778fe3f,4.0,0,2.0,1.0,1.0,1.0,4.0,3.0,2.0,0.0,2.0,1,5.0,1.0,0.0
7ef972c3,30.0,14,23.0,6.0,1.0,13.0,21.0,8.0,21.0,9.0,12.0,14,44.0,55.0,0.0
94b2001f,54.0,36,35.0,15.0,4.0,27.0,39.0,12.0,22.0,13.0,9.0,32,86.0,75.0,1.0
96e0490d,33.0,18,15.0,7.0,11.0,20.0,27.0,7.0,22.0,5.0,17.0,13,46.0,19.0,0.0
16bb656a,29.0,18,19.0,9.0,1.0,16.0,19.0,3.0,10.0,7.0,3.0,12,41.0,37.0,0.0
2ef7c612,14.0,8,3.0,10.0,1.0,9.0,20.0,11.0,11.0,2.0,9.0,3,17.0,5.0,0.0
60e3603d,0.0,0,0.0,0.0,0.0,0.0,0.0,0.0,0.0,0.0,0.0,0,0.0,0.0,0.0
ae4e2852,9.0,6,3.0,3.0,3.0,7.0,9.0,2.0,5.0,2.0,3.0,3,12.0,12.0,0.0
e74f0e59,2.0,2,1.0,0.0,1.0,2.0,5.0,3.0,5.0,5.0,0.0,2,4.0,16.0,0.0
f4797849,12.0,6,9.0,3.0,0.0,4.0,6.0,2.0,10.0,10.0,0.0,6,18.0,42.0,0.0
854ee61a,5.0,4,2.0,2.0,1.0,2.0,4.0,2.0,3.0,0.0,3.0,1,6.0,3.0,0.0
0e0d6c53,0.0,0,0.0,0.0,0.0,0.0,0.0,0.0,0.0,0.0,0.0,1,1.0,0.0,0.0
e3cceee6,32.0,21,24.0,8.0,0.0,19.0,24.0,5.0,20.0,6.0,14.0,21,53.0,53.0,1.0
dc3fa3b5,0.0,0,0.0,0.0,0.0,0.0,1.0,1.0,1.0,0.0,1.0,0,0.0,0.0,0.0
d97f2e8d,30.0,16,17.0,9.0,4.0,15.0,22.0,7.0,17.0,4.0,13.0,9,39.0,21.0,1.0
d97f2e8d,5.0,3,2.0,3.0,0.0,3.0,4.0,1.0,1.0,0.0,1.0,1,6.0,4.0,0.0
2990c466,0.0,0,0.0,0.0,0.0,0.0,0.0,0.0,0.0,0.0,0.0,0,0.0,0.0,0.0
dcb38abe,7.0,1,3.0,3.0,1.0,2.0,3.0,1.0,11.0,2.0,9.0,3,10.0,3.0,0.0
5976f83e,12.0,6,3.0,5.0,4.0,3.0,4.0,1.0,1.0,0.0,1.0,4,16.0,2.0,0.0
d7d32194,1.0,1,0.0,1.0,0.0,0.0,0.0,0.0,2.0,0.0,2.0,1,2.0,4.0,0.0
39583cfd,8.0,5,5.0,1.0,2.0,5.0,14.0,9.0,8.0,1.0,7.0,2,10.0,1.0,0.0
ef94dc2f,0.0,0,0.0,0.0,0.0,0.0,0.0,0.0,0.0,0.0,0.0,0,0.0,0.0,0.0
1fca9171,18.0,12,5.0,6.0,7.0,4.0,12.0,8.0,11.0,0.0,11.0,6,24.0,11.0,0.0
4e0c8d66,0.0,0,0.0,0.0,0.0,0.0,1.0,1.0,0.0,0.0,0.0,3,3.0,10.0,2.0
230a2fac,39.0,19,20.0,14.0,5.0,17.0,32.0,15.0,20.0,5.0,15.0,18,57.0,42.0,0.0
19cda00b,7.0,4,2.0,4.0,1.0,3.0,14.0,11.0,7.0,0.0,7.0,4,11.0,0.0,0.0
244bc2c8,8.0,3,2.0,4.0,2.0,0.0,3.0,3.0,3.0,0.0,3.0,4,12.0,12.0,1.0
407feb71,19.0,9,3.0,13.0,3.0,1.0,3.0,2.0,9.0,0.0,9.0,5,24.0,4.0,0.0
970b8574,26.0,19,6.0,15.0,5.0,10.0,16.0,6.0,13.0,4.0,9.0,13,39.0,20.0,0.0
933d3b51,35.0,17,24.0,10.0,1.0,11.0,18.0,7.0,18.0,10.0,8.0,27,62.0,52.0,1.0
6eee05f1,18.0,9,12.0,6.0,0.0,9.0,12.0,3.0,9.0,4.0,5.0,12,30.0,31.0,1.0
b5f7d10b,20.0,10,8.0,8.0,4.0,11.0,21.0,10.0,12.0,0.0,12.0,13,33.0,17.0,0.0
2f69d881,19.0,6,4.0,8.0,7.0,5.0,10.0,5.0,18.0,4.0,14.0,9,28.0,10.0,1.0
20b3a502,56.0,35,26.0,23.0,7.0,28.0,54.0,26.0,19.0,2.0,17.0,12,68.0,17.0,1.0
22051fbe,4.0,1,2.0,0.0,2.0,3.0,5.0,2.0,3.0,1.0,2.0,4,8.0,6.0,0.0
085e71a7,0.0,0,0.0,0.0,0.0,0.0,3.0,3.0,0.0,0.0,0.0,0,0.0,12.0,3.0
79ca3e23,9.0,6,2.0,6.0,1.0,5.0,7.0,2.0,5.0,0.0,5.0,5,14.0,3.0,0.0
481c9ece,15.0,7,6.0,7.0,2.0,9.0,15.0,6.0,19.0,5.0,14.0,10,25.0,19.0,0.0
528492ea,12.0,7,0.0,12.0,0.0,8.0,14.0,6.0,4.0,0.0,4.0,4,16.0,4.0,0.0
e0921a4f,10.0,2,1.0,5.0,4.0,6.0,14.0,8.0,9.0,0.0,9.0,6,16.0,3.0,0.0
3bb7f478,1.0,1,0.0,1.0,0.0,0.0,4.0,4.0,14.0,1.0,13.0,3,4.0,22.0,0.0
dbfa4f16,2.0,0,2.0,0.0,0.0,0.0,1.0,1.0,1.0,0.0,1.0,0,2.0,3.0,0.0
9ba7b4fa,15.0,9,11.0,4.0,0.0,9.0,13.0,4.0,27.0,6.0,21.0,11,26.0,29.0,0.0
6af30900,12.0,7,3.0,6.0,3.0,5.0,5.0,0.0,12.0,7.0,5.0,6,18.0,35.0,1.0
a9202def,43.0,23,11.0,26.0,6.0,14.0,29.0,15.0,27.0,3.0,24.0,19,62.0,12.0,0.0
76b2817e,30.0,20,19.0,7.0,4.0,21.0,27.0,6.0,12.0,1.0,11.0,4,34.0,24.0,0.0
f503ea63,19.0,12,9.0,10.0,0.0,9.0,25.0,16.0,11.0,1.0,10.0,14,33.0,18.0,0.0
c20892ee,0.0,0,0.0,0.0,0.0,0.0,0.0,0.0,0.0,0.0,0.0,0,0.0,0.0,0.0
c55967eb,4.0,2,1.0,3.0,0.0,0.0,3.0,3.0,2.0,1.0,1.0,2,6.0,0.0,0.0
cf007308,12.0,6,5.0,4.0,3.0,6.0,9.0,3.0,5.0,0.0,5.0,10,22.0,4.0,0.0
0fee6bda,19.0,9,14.0,4.0,1.0,9.0,16.0,7.0,29.0,18.0,11.0,20,39.0,75.0,0.0
3f79a1c8,16.0,8,8.0,8.0,0.0,10.0,13.0,3.0,7.0,1.0,6.0,10,26.0,4.0,0.0
5cf5c9ad,2.0,2,2.0,0.0,0.0,1.0,7.0,6.0,2.0,0.0,2.0,3,5.0,3.0,0.0
366be751,16.0,9,5.0,9.0,2.0,6.0,12.0,6.0,7.0,2.0,5.0,7,23.0,4.0,0.0
9f5a610b,2.0,0,2.0,0.0,0.0,2.0,2.0,0.0,0.0,0.0,0.0,1,3.0,15.0,2.0
aae9d04a,10.0,6,2.0,6.0,2.0,5.0,15.0,10.0,12.0,4.0,8.0,7,17.0,12.0,0.0
4e358a2d,15.0,12,8.0,7.0,0.0,4.0,11.0,7.0,9.0,4.0,5.0,28,43.0,61.0,0.0
06b08c45,15.0,8,13.0,2.0,0.0,8.0,11.0,3.0,6.0,2.0,4.0,4,19.0,8.0,0.0
ee64a822,24.0,16,10.0,11.0,3.0,10.0,19.0,9.0,11.0,4.0,7.0,13,37.0,14.0,0.0
d0dbca9f,9.0,5,7.0,2.0,0.0,4.0,8.0,4.0,21.0,10.0,11.0,19,28.0,25.0,0.0
d0dbca9f,26.0,15,24.0,2.0,0.0,19.0,22.0,3.0,6.0,2.0,4.0,17,43.0,25.0,1.0
eb76987d,2.0,1,0.0,2.0,0.0,1.0,1.0,0.0,1.0,1.0,0.0,1,3.0,2.0,0.0
e288d4b3,3.0,2,2.0,0.0,1.0,2.0,3.0,1.0,0.0,0.0,0.0,1,4.0,1.0,0.0
2a7d27c1,45.0,22,15.0,24.0,6.0,15.0,27.0,12.0,17.0,3.0,14.0,9,54.0,28.0,0.0
c235e803,17.0,10,12.0,5.0,0.0,6.0,8.0,2.0,8.0,3.0,5.0,5,22.0,28.0,0.0
8f866fe8,8.0,5,3.0,2.0,3.0,2.0,10.0,8.0,9.0,1.0,8.0,2,10.0,18.0,0.0
3b387cc7,2.0,1,0.0,2.0,0.0,0.0,0.0,0.0,0.0,0.0,0.0,0,2.0,0.0,0.0
ce30bfc8,13.0,5,7.0,5.0,1.0,9.0,18.0,9.0,7.0,2.0,5.0,1,14.0,7.0,0.0
8dfed6e9,2.0,2,0.0,2.0,0.0,2.0,4.0,2.0,2.0,1.0,1.0,1,3.0,0.0,0.0
dd403465,3.0,3,3.0,0.0,0.0,2.0,8.0,6.0,2.0,0.0,2.0,0,3.0,1.0,0.0
c74d63ac,39.0,23,24.0,10.0,5.0,26.0,36.0,10.0,22.0,3.0,19.0,11,50.0,42.0,0.0
18dd3219,5.0,3,4.0,0.0,1.0,3.0,3.0,0.0,7.0,5.0,2.0,9,14.0,26.0,1.0
822ed0ec,59.0,38,38.0,16.0,5.0,24.0,44.0,20.0,32.0,3.0,29.0,32,91.0,60.0,0.0
71dc23da,11.0,7,7.0,3.0,1.0,7.0,14.0,7.0,9.0,4.0,5.0,3,14.0,10.0,0.0
9c435456,3.0,1,3.0,0.0,0.0,0.0,1.0,1.0,0.0,0.0,0.0,3,6.0,3.0,0.0
548bd0de,0.0,0,0.0,0.0,0.0,0.0,1.0,1.0,0.0,0.0,0.0,0,0.0,0.0,0.0
16ceb862,7.0,5,2.0,3.0,2.0,1.0,5.0,4.0,8.0,2.0,6.0,2,9.0,14.0,0.0
f0f7f62f,1.0,0,1.0,0.0,0.0,1.0,1.0,0.0,0.0,0.0,0.0,0,1.0,2.0,0.0
f025eade,36.0,19,16.0,14.0,6.0,14.0,36.0,22.0,28.0,5.0,23.0,12,48.0,23.0,0.0
2374aaca,7.0,4,1.0,4.0,2.0,0.0,4.0,4.0,10.0,0.0,10.0,2,9.0,4.0,0.0
2d970560,18.0,10,10.0,5.0,3.0,12.0,14.0,2.0,9.0,0.0,9.0,9,27.0,6.0,0.0
6cc97b6a,17.0,14,10.0,7.0,0.0,9.0,9.0,0.0,9.0,6.0,3.0,14,31.0,19.0,0.0
49136c42,0.0,0,0.0,0.0,0.0,0.0,0.0,0.0,0.0,0.0,0.0,1,1.0,0.0,0.0
f1f1f238,10.0,6,1.0,8.0,1.0,4.0,7.0,3.0,24.0,15.0,9.0,30,40.0,46.0,0.0
f9758dae,13.0,8,5.0,7.0,1.0,5.0,21.0,16.0,18.0,5.0,13.0,6,19.0,16.0,0.0
0be276c6,18.0,15,13.0,5.0,0.0,8.0,12.0,4.0,18.0,12.0,6.0,16,34.0,43.0,0.0
9250bcff,6.0,2,1.0,4.0,1.0,2.0,3.0,1.0,1.0,0.0,1.0,0,6.0,0.0,0.0
fa449bba,22.0,10,11.0,6.0,5.0,9.0,18.0,9.0,13.0,4.0,9.0,7,29.0,22.0,0.0
74419746,0.0,0,0.0,0.0,0.0,0.0,0.0,0.0,0.0,0.0,0.0,0,0.0,2.0,0.0
65fd099c,7.0,0,3.0,2.0,2.0,1.0,6.0,5.0,3.0,1.0,2.0,0,7.0,5.0,0.0
3b333ac3,21.0,13,11.0,8.0,2.0,11.0,26.0,15.0,22.0,4.0,18.0,12,33.0,25.0,0.0
d7918b13,9.0,8,4.0,4.0,1.0,4.0,15.0,11.0,8.0,2.0,6.0,8,17.0,8.0,0.0
ffed43e3,0.0,0,0.0,0.0,0.0,0.0,1.0,1.0,2.0,1.0,1.0,1,1.0,7.0,0.0
a2d9f138,11.0,6,5.0,5.0,1.0,3.0,7.0,4.0,8.0,1.0,7.0,9,20.0,6.0,0.0
9ef42479,5.0,3,1.0,1.0,3.0,1.0,4.0,3.0,6.0,2.0,4.0,0,5.0,14.0,0.0
d4c9725f,34.0,20,20.0,12.0,2.0,18.0,26.0,8.0,27.0,6.0,21.0,11,45.0,19.0,1.0
12806697,47.0,21,34.0,13.0,0.0,24.0,38.0,14.0,24.0,8.0,16.0,20,67.0,53.0,1.0
d4456fb3,61.0,34,33.0,28.0,0.0,23.0,38.0,15.0,27.0,7.0,20.0,50,111.0,41.0,0.0
c2357b65,25.0,15,13.0,7.0,5.0,16.0,31.0,15.0,21.0,6.0,15.0,9,34.0,41.0,0.0
b85bf253,8.0,5,4.0,4.0,0.0,5.0,5.0,0.0,7.0,1.0,6.0,6,14.0,9.0,0.0
d8800a46,6.0,4,2.0,4.0,0.0,5.0,8.0,3.0,4.0,2.0,2.0,4,10.0,12.0,0.0
1f2d714c,2.0,1,1.0,1.0,0.0,1.0,2.0,1.0,2.0,0.0,2.0,0,2.0,2.0,1.0
2f3452eb,22.0,11,12.0,6.0,4.0,11.0,17.0,6.0,13.0,6.0,7.0,9,31.0,20.0,0.0
491a433d,4.0,3,0.0,2.0,2.0,1.0,2.0,1.0,5.0,0.0,5.0,0,4.0,4.0,0.0
82efe6fa,52.0,26,28.0,22.0,2.0,23.0,32.0,9.0,20.0,7.0,13.0,49,101.0,75.0,1.0
4cde5509,0.0,0,0.0,0.0,0.0,0.0,0.0,0.0,1.0,1.0,0.0,0,0.0,0.0,0.0
a4e85758,24.0,14,11.0,9.0,4.0,8.0,12.0,4.0,25.0,12.0,13.0,18,42.0,28.0,1.0
42eaa028,9.0,2,3.0,3.0,3.0,1.0,2.0,1.0,14.0,1.0,13.0,3,12.0,3.0,0.0
bb376bed,16.0,10,9.0,7.0,0.0,6.0,11.0,5.0,10.0,1.0,9.0,8,24.0,14.0,0.0
bb376bed,2.0,1,0.0,2.0,0.0,1.0,6.0,5.0,2.0,0.0,2.0,1,3.0,2.0,0.0
ba492306,2.0,1,1.0,0.0,1.0,2.0,3.0,1.0,1.0,0.0,1.0,1,3.0,3.0,0.0
a47c6309,1.0,1,0.0,1.0,0.0,1.0,1.0,0.0,3.0,1.0,2.0,2,3.0,2.0,0.0
a47c6309,1.0,1,0.0,0.0,1.0,0.0,0.0,0.0,1.0,0.0,1.0,0,1.0,0.0,0.0
4431aed2,8.0,5,2.0,4.0,2.0,3.0,4.0,1.0,9.0,1.0,8.0,1,9.0,9.0,0.0
6b635f5c,32.0,26,21.0,11.0,0.0,14.0,17.0,3.0,36.0,24.0,12.0,20,52.0,93.0,0.0
89976232,52.0,36,33.0,17.0,2.0,19.0,26.0,7.0,15.0,6.0,9.0,26,78.0,49.0,0.0
8c65eb5f,0.0,0,0.0,0.0,0.0,0.0,1.0,1.0,0.0,0.0,0.0,0,0.0,2.0,0.0
4a537185,0.0,0,0.0,0.0,0.0,0.0,0.0,0.0,0.0,0.0,0.0,0,0.0,1.0,0.0
79083382,9.0,5,5.0,3.0,1.0,5.0,7.0,2.0,14.0,7.0,7.0,6,15.0,22.0,0.0
dc765618,1.0,1,0.0,0.0,1.0,1.0,1.0,0.0,1.0,0.0,1.0,2,3.0,2.0,0.0
4d8cd038,6.0,2,1.0,4.0,1.0,3.0,7.0,4.0,7.0,2.0,5.0,2,8.0,8.0,0.0
570bb4b9,11.0,6,4.0,6.0,1.0,4.0,11.0,7.0,4.0,0.0,4.0,2,13.0,0.0,1.0
f95f49d2,11.0,7,4.0,2.0,5.0,5.0,8.0,3.0,8.0,0.0,8.0,8,19.0,2.0,0.0
85f7d1be,41.0,27,22.0,17.0,2.0,18.0,25.0,7.0,33.0,14.0,19.0,31,72.0,44.0,1.0
8b66d9cc,6.0,3,3.0,3.0,0.0,1.0,3.0,2.0,1.0,0.0,1.0,0,6.0,1.0,0.0
9f84febe,20.0,11,10.0,7.0,3.0,13.0,19.0,6.0,0.0,0.0,0.0,6,26.0,14.0,1.0
7ae36711,12.0,6,7.0,4.0,1.0,8.0,10.0,2.0,6.0,3.0,3.0,3,15.0,6.0,0.0
2a82aa85,14.0,8,3.0,9.0,2.0,2.0,9.0,7.0,6.0,2.0,4.0,4,18.0,2.0,0.0
3d50bcdb,8.0,6,2.0,5.0,1.0,3.0,5.0,2.0,2.0,0.0,2.0,4,12.0,2.0,0.0
dc3e663e,22.0,17,15.0,7.0,0.0,6.0,24.0,18.0,26.0,18.0,8.0,24,46.0,71.0,1.0
8b8a56ce,8.0,4,5.0,3.0,0.0,4.0,6.0,2.0,8.0,6.0,2.0,7,15.0,19.0,1.0
a26fb8aa,32.0,19,10.0,17.0,5.0,20.0,36.0,16.0,30.0,4.0,26.0,16,48.0,30.0,1.0
b1cd37e6,34.0,22,13.0,17.0,4.0,19.0,37.0,18.0,21.0,2.0,19.0,8,42.0,13.0,0.0
58e933d2,18.0,14,7.0,5.0,6.0,5.0,9.0,4.0,13.0,3.0,10.0,12,30.0,3.0,0.0
9d60028d,7.0,3,0.0,5.0,2.0,3.0,4.0,1.0,11.0,2.0,9.0,1,8.0,5.0,0.0
b804c280,0.0,0,0.0,0.0,0.0,0.0,0.0,0.0,1.0,0.0,1.0,0,0.0,0.0,0.0
b4101c2e,1.0,1,0.0,0.0,1.0,0.0,0.0,0.0,0.0,0.0,0.0,0,1.0,0.0,0.0
817c6964,23.0,15,10.0,10.0,3.0,10.0,30.0,20.0,13.0,6.0,7.0,10,33.0,13.0,0.0
a40819d9,3.0,3,1.0,2.0,0.0,2.0,3.0,1.0,2.0,1.0,1.0,3,6.0,5.0,0.0
dea88efd,28.0,13,8.0,6.0,14.0,10.0,21.0,11.0,12.0,0.0,12.0,2,30.0,4.0,1.0
0a483542,3.0,2,1.0,1.0,1.0,2.0,5.0,3.0,2.0,0.0,2.0,0,3.0,1.0,0.0
0a483542,21.0,8,7.0,9.0,5.0,10.0,14.0,4.0,7.0,1.0,6.0,11,32.0,12.0,1.0
c283ddef,11.0,5,0.0,8.0,3.0,6.0,13.0,7.0,6.0,0.0,6.0,3,14.0,7.0,0.0
c283ddef,20.0,10,5.0,9.0,6.0,7.0,11.0,4.0,4.0,1.0,3.0,3,23.0,8.0,0.0
09538fdb,10.0,4,7.0,2.0,1.0,5.0,12.0,7.0,14.0,1.0,13.0,4,14.0,10.0,0.0
2d22cea7,12.0,7,2.0,6.0,4.0,4.0,9.0,5.0,12.0,0.0,12.0,7,19.0,6.0,0.0
016ff750,10.0,5,7.0,0.0,3.0,6.0,8.0,2.0,11.0,2.0,9.0,2,12.0,18.0,0.0
93088fbb,0.0,0,0.0,0.0,0.0,0.0,0.0,0.0,0.0,0.0,0.0,0,0.0,0.0,0.0
5128bde4,20.0,11,9.0,8.0,3.0,9.0,21.0,12.0,10.0,3.0,7.0,12,32.0,17.0,0.0
02caf6e0,26.0,16,10.0,12.0,4.0,17.0,30.0,13.0,14.0,3.0,11.0,13,39.0,22.0,1.0
20730eae,4.0,3,1.0,2.0,1.0,3.0,7.0,4.0,2.0,1.0,1.0,11,15.0,7.0,0.0
7d3cbc67,41.0,32,21.0,14.0,6.0,15.0,37.0,22.0,28.0,3.0,25.0,21,62.0,16.0,0.0
d023d70f,32.0,18,8.0,21.0,3.0,12.0,20.0,8.0,20.0,6.0,14.0,16,48.0,18.0,0.0
a3695ac2,0.0,0,0.0,0.0,0.0,0.0,0.0,0.0,0.0,0.0,0.0,3,3.0,2.0,0.0
bba30585,0.0,0,0.0,0.0,0.0,0.0,0.0,0.0,0.0,0.0,0.0,0,0.0,0.0,0.0
e1cbb531,58.0,30,27.0,21.0,10.0,29.0,43.0,14.0,22.0,6.0,16.0,12,70.0,11.0,0.0
a8a874f1,36.0,19,16.0,15.0,5.0,16.0,27.0,11.0,33.0,15.0,18.0,20,56.0,36.0,0.0
c8ad0857,31.0,10,21.0,7.0,3.0,17.0,22.0,5.0,22.0,4.0,18.0,14,45.0,46.0,0.0
7c104bb7,9.0,3,2.0,5.0,2.0,2.0,10.0,8.0,14.0,0.0,14.0,3,12.0,0.0,0.0
20094685,29.0,11,17.0,10.0,2.0,8.0,35.0,27.0,13.0,1.0,12.0,14,43.0,12.0,0.0
5fa57166,9.0,7,7.0,2.0,0.0,8.0,13.0,5.0,8.0,5.0,3.0,6,15.0,17.0,2.0
966eea58,31.0,13,11.0,14.0,6.0,19.0,28.0,9.0,11.0,1.0,10.0,13,44.0,15.0,0.0
a69e4806,18.0,11,8.0,4.0,6.0,7.0,12.0,5.0,23.0,0.0,23.0,8,26.0,5.0,0.0
80490d7f,39.0,26,27.0,11.0,1.0,19.0,30.0,11.0,26.0,18.0,8.0,24,63.0,66.0,0.0
921f6058,10.0,3,8.0,2.0,0.0,5.0,7.0,2.0,3.0,2.0,1.0,20,30.0,13.0,0.0
5eae500a,1.0,0,0.0,0.0,1.0,1.0,1.0,0.0,0.0,0.0,0.0,0,1.0,3.0,0.0
c6e8cf1f,21.0,14,10.0,10.0,1.0,9.0,15.0,6.0,17.0,7.0,10.0,13,34.0,10.0,0.0
997fff07,20.0,10,13.0,6.0,1.0,8.0,9.0,1.0,35.0,26.0,9.0,21,41.0,104.0,1.0
5efc5389,13.0,7,4.0,4.0,5.0,5.0,11.0,6.0,6.0,3.0,3.0,15,28.0,28.0,0.0
957e4c87,14.0,6,6.0,5.0,3.0,7.0,15.0,8.0,17.0,4.0,13.0,8,22.0,5.0,0.0
cce9f582,16.0,10,10.0,6.0,0.0,8.0,10.0,2.0,10.0,8.0,2.0,15,31.0,33.0,0.0
fcb38f57,0.0,0,0.0,0.0,0.0,0.0,0.0,0.0,0.0,0.0,0.0,1,1.0,2.0,0.0
22bfb57e,16.0,13,7.0,7.0,2.0,5.0,8.0,3.0,8.0,2.0,6.0,9,25.0,3.0,0.0
2bffcbf2,0.0,0,0.0,0.0,0.0,0.0,1.0,1.0,0.0,0.0,0.0,0,0.0,1.0,0.0
801831fe,8.0,3,1.0,3.0,4.0,4.0,7.0,3.0,5.0,0.0,5.0,1,9.0,6.0,0.0
4c8845f7,3.0,1,0.0,3.0,0.0,0.0,4.0,4.0,5.0,0.0,5.0,1,4.0,3.0,0.0
4c8845f7,13.0,5,3.0,4.0,6.0,4.0,7.0,3.0,7.0,0.0,7.0,1,14.0,5.0,0.0
48d5bd33,14.0,8,5.0,6.0,3.0,6.0,17.0,11.0,8.0,1.0,7.0,5,19.0,2.0,0.0
5aa53281,30.0,14,23.0,6.0,1.0,13.0,20.0,7.0,22.0,10.0,12.0,34,64.0,46.0,0.0
c7259b83,25.0,14,6.0,15.0,4.0,14.0,27.0,13.0,11.0,1.0,10.0,9,34.0,16.0,0.0
f794b426,0.0,0,0.0,0.0,0.0,0.0,0.0,0.0,0.0,0.0,0.0,0,0.0,0.0,0.0
91d0fabf,1.0,1,0.0,1.0,0.0,1.0,3.0,2.0,1.0,0.0,1.0,1,2.0,5.0,0.0
8650af85,19.0,13,9.0,9.0,1.0,9.0,12.0,3.0,17.0,14.0,3.0,15,34.0,64.0,3.0
aa54ec6f,21.0,11,17.0,4.0,0.0,10.0,15.0,5.0,6.0,5.0,1.0,16,37.0,61.0,3.0
7fac99d4,35.0,18,21.0,14.0,0.0,14.0,25.0,11.0,25.0,10.0,15.0,12,47.0,21.0,0.0
cdf65d12,28.0,17,15.0,13.0,0.0,11.0,21.0,10.0,8.0,2.0,6.0,18,46.0,38.0,0.0
ea468ea8,0.0,0,0.0,0.0,0.0,0.0,2.0,2.0,2.0,2.0,0.0,0,0.0,4.0,1.0
f7036e1c,17.0,8,2.0,10.0,5.0,4.0,11.0,7.0,23.0,1.0,22.0,10,27.0,12.0,1.0
3ec3c1c9,59.0,34,33.0,24.0,2.0,30.0,42.0,12.0,28.0,15.0,13.0,30,89.0,52.0,1.0
d4535821,28.0,20,15.0,9.0,4.0,12.0,21.0,9.0,15.0,5.0,10.0,26,54.0,46.0,1.0
de0f152c,4.0,3,2.0,2.0,0.0,2.0,5.0,3.0,4.0,3.0,1.0,10,14.0,16.0,1.0
eb7822d7,36.0,18,19.0,13.0,4.0,14.0,23.0,9.0,17.0,3.0,14.0,18,54.0,16.0,0.0
3318286e,0.0,0,0.0,0.0,0.0,0.0,0.0,0.0,0.0,0.0,0.0,0,0.0,0.0,0.0
eb0ec070,20.0,9,14.0,3.0,3.0,9.0,21.0,12.0,5.0,2.0,3.0,6,26.0,21.0,1.0
01c3aff5,14.0,5,3.0,9.0,2.0,5.0,8.0,3.0,15.0,4.0,11.0,11,25.0,15.0,1.0
563a68ad,22.0,14,13.0,7.0,2.0,8.0,14.0,6.0,12.0,8.0,4.0,25,47.0,33.0,0.0
5cec2c74,27.0,18,16.0,8.0,3.0,15.0,30.0,15.0,14.0,2.0,12.0,17,44.0,16.0,0.0
9413b19f,0.0,0,0.0,0.0,0.0,0.0,0.0,0.0,0.0,0.0,0.0,0,0.0,5.0,1.0
c730da00,1.0,0,1.0,0.0,0.0,0.0,0.0,0.0,0.0,0.0,0.0,1,2.0,1.0,0.0
f49c4ae9,18.0,15,6.0,8.0,4.0,5.0,12.0,7.0,13.0,3.0,10.0,5,23.0,19.0,0.0
b2561711,0.0,0,0.0,0.0,0.0,0.0,0.0,0.0,1.0,1.0,0.0,0,0.0,0.0,0.0
bee704fc,24.0,16,12.0,9.0,3.0,13.0,18.0,5.0,16.0,6.0,10.0,18,42.0,40.0,0.0
85613cf0,7.0,5,1.0,4.0,2.0,2.0,4.0,2.0,7.0,0.0,7.0,0,7.0,9.0,0.0
4e6dbac4,41.0,23,17.0,16.0,8.0,19.0,40.0,21.0,28.0,7.0,21.0,22,63.0,30.0,0.0
9fa26bc2,2.0,1,2.0,0.0,0.0,2.0,2.0,0.0,0.0,0.0,0.0,1,3.0,12.0,1.0
e0f8151c,38.0,23,25.0,13.0,0.0,15.0,17.0,2.0,30.0,24.0,6.0,22,60.0,92.0,1.0
a9aa0d1d,5.0,2,1.0,3.0,1.0,1.0,4.0,3.0,6.0,0.0,6.0,1,6.0,3.0,0.0
34693494,17.0,7,10.0,5.0,2.0,8.0,17.0,9.0,14.0,1.0,13.0,2,19.0,8.0,0.0
dd0daf32,31.0,20,10.0,17.0,4.0,12.0,27.0,15.0,23.0,3.0,20.0,11,42.0,12.0,0.0
54ab971f,6.0,5,2.0,4.0,0.0,4.0,5.0,1.0,4.0,2.0,2.0,1,7.0,2.0,0.0
ca73910d,1.0,0,0.0,0.0,1.0,0.0,0.0,0.0,2.0,1.0,1.0,0,1.0,1.0,0.0
c1d95617,1.0,0,1.0,0.0,0.0,0.0,2.0,2.0,1.0,0.0,1.0,0,1.0,23.0,2.0
ff579c7e,12.0,6,3.0,5.0,4.0,4.0,11.0,7.0,6.0,0.0,6.0,3,15.0,8.0,0.0
efc9e31f,5.0,4,0.0,2.0,3.0,1.0,3.0,2.0,5.0,1.0,4.0,2,7.0,15.0,0.0
a0aee24e,7.0,1,5.0,1.0,1.0,3.0,4.0,1.0,1.0,1.0,0.0,0,7.0,0.0,0.0
1295552e,0.0,0,0.0,0.0,0.0,0.0,0.0,0.0,0.0,0.0,0.0,0,0.0,0.0,0.0
eb2fe5b6,5.0,3,1.0,2.0,2.0,2.0,7.0,5.0,5.0,0.0,5.0,0,5.0,2.0,0.0
b233e8e4,20.0,10,15.0,5.0,0.0,16.0,20.0,4.0,17.0,10.0,7.0,6,26.0,29.0,0.0
d183e9d6,17.0,10,10.0,6.0,1.0,4.0,6.0,2.0,12.0,4.0,8.0,4,21.0,15.0,0.0
a111cf41,0.0,0,0.0,0.0,0.0,0.0,0.0,0.0,0.0,0.0,0.0,0,0.0,7.0,1.0
c459a650,20.0,11,6.0,5.0,9.0,14.0,24.0,10.0,14.0,3.0,11.0,12,32.0,11.0,0.0
599d91d0,6.0,2,3.0,2.0,1.0,1.0,3.0,2.0,2.0,2.0,0.0,1,7.0,4.0,0.0
5cdddffa,8.0,3,2.0,5.0,1.0,3.0,5.0,2.0,4.0,0.0,4.0,5,13.0,5.0,1.0
b1236c63,1.0,0,0.0,0.0,1.0,1.0,3.0,2.0,2.0,0.0,2.0,0,1.0,2.0,0.0
2b8360f1,2.0,2,0.0,1.0,1.0,0.0,5.0,5.0,2.0,0.0,2.0,2,4.0,2.0,0.0
b136c945,13.0,6,5.0,6.0,2.0,7.0,11.0,4.0,5.0,0.0,5.0,5,18.0,7.0,1.0
cf961d8d,29.0,22,22.0,6.0,1.0,14.0,17.0,3.0,27.0,20.0,7.0,19,48.0,52.0,0.0
e33f36d5,7.0,4,3.0,4.0,0.0,4.0,8.0,4.0,6.0,6.0,0.0,5,12.0,22.0,0.0
e33f36d5,31.0,21,22.0,9.0,0.0,19.0,27.0,8.0,21.0,12.0,9.0,10,41.0,40.0,0.0
a4948e67,7.0,3,0.0,3.0,4.0,1.0,5.0,4.0,14.0,4.0,10.0,5,12.0,19.0,0.0
ba1e04b3,21.0,13,10.0,10.0,1.0,7.0,12.0,5.0,9.0,1.0,8.0,7,28.0,13.0,0.0
1e9bde92,0.0,0,0.0,0.0,0.0,0.0,1.0,1.0,0.0,0.0,0.0,0,0.0,2.0,0.0
d125f22f,10.0,7,4.0,4.0,2.0,2.0,9.0,7.0,19.0,3.0,16.0,4,14.0,10.0,0.0
8ec109e6,21.0,17,14.0,6.0,1.0,10.0,23.0,13.0,9.0,5.0,4.0,26,47.0,41.0,3.0
41c12f75,18.0,10,7.0,7.0,4.0,10.0,18.0,8.0,10.0,2.0,8.0,6,24.0,17.0,0.0
e9c0c1b2,0.0,0,0.0,0.0,0.0,0.0,0.0,0.0,0.0,0.0,0.0,0,0.0,2.0,0.0
43a166b4,5.0,3,2.0,1.0,2.0,2.0,4.0,2.0,3.0,1.0,2.0,0,5.0,11.0,0.0
e14ec482,21.0,13,9.0,8.0,4.0,12.0,28.0,16.0,22.0,2.0,20.0,6,27.0,14.0,0.0
8c90fd7a,5.0,3,1.0,1.0,3.0,0.0,4.0,4.0,5.0,1.0,4.0,2,7.0,17.0,0.0
ea02beaf,12.0,5,4.0,6.0,2.0,5.0,10.0,5.0,8.0,0.0,8.0,11,23.0,7.0,0.0
ed90babd,0.0,0,0.0,0.0,0.0,0.0,0.0,0.0,0.0,0.0,0.0,1,1.0,0.0,0.0
8daee720,2.0,2,1.0,1.0,0.0,0.0,0.0,0.0,0.0,0.0,0.0,0,2.0,0.0,0.0
3d6cee81,2.0,2,0.0,2.0,0.0,1.0,3.0,2.0,0.0,0.0,0.0,4,6.0,4.0,0.0
dff153a4,17.0,10,6.0,10.0,1.0,9.0,15.0,6.0,4.0,0.0,4.0,9,26.0,10.0,0.0
0967845b,43.0,24,26.0,12.0,5.0,23.0,37.0,14.0,31.0,11.0,20.0,22,65.0,57.0,0.0
e599253a,17.0,6,4.0,11.0,2.0,4.0,13.0,9.0,9.0,1.0,8.0,13,30.0,7.0,0.0
f7223718,13.0,8,8.0,3.0,2.0,7.0,9.0,2.0,17.0,12.0,5.0,8,21.0,33.0,1.0
79b0d6a0,1.0,1,1.0,0.0,0.0,1.0,1.0,0.0,0.0,0.0,0.0,2,3.0,5.0,2.0
3ca7254a,17.0,12,9.0,3.0,5.0,8.0,20.0,12.0,10.0,1.0,9.0,4,21.0,3.0,1.0
f058ed1f,0.0,0,0.0,0.0,0.0,0.0,1.0,1.0,0.0,0.0,0.0,0,0.0,1.0,0.0
a44d3a3c,4.0,1,1.0,1.0,2.0,0.0,1.0,1.0,4.0,1.0,3.0,0,4.0,2.0,0.0
4a5a45c7,35.0,19,15.0,17.0,3.0,13.0,27.0,14.0,19.0,2.0,17.0,15,50.0,12.0,0.0
7afb1573,15.0,8,4.0,6.0,5.0,3.0,11.0,8.0,8.0,2.0,6.0,11,26.0,12.0,0.0
75f2c59f,26.0,19,13.0,10.0,3.0,12.0,27.0,15.0,15.0,3.0,12.0,12,38.0,17.0,0.0
f7c491f1,46.0,23,32.0,13.0,1.0,27.0,33.0,6.0,26.0,13.0,13.0,17,63.0,71.0,1.0
4c62d0c8,0.0,0,0.0,0.0,0.0,0.0,0.0,0.0,0.0,0.0,0.0,0,0.0,0.0,0.0
780e3631,31.0,19,13.0,12.0,6.0,14.0,31.0,17.0,33.0,5.0,28.0,21,52.0,16.0,1.0
03f946ed,5.0,4,2.0,2.0,1.0,2.0,3.0,1.0,11.0,3.0,8.0,2,7.0,11.0,0.0
149c5f5d,17.0,7,13.0,2.0,2.0,8.0,14.0,6.0,8.0,2.0,6.0,6,23.0,21.0,1.0
17f3620a,12.0,7,1.0,6.0,5.0,5.0,13.0,8.0,9.0,2.0,7.0,0,12.0,25.0,0.0
1cadaf34,1.0,0,1.0,0.0,0.0,0.0,1.0,1.0,2.0,0.0,2.0,0,1.0,2.0,0.0
1cadaf34,0.0,0,0.0,0.0,0.0,0.0,1.0,1.0,0.0,0.0,0.0,0,0.0,3.0,0.0
f71ad8cb,42.0,15,20.0,18.0,4.0,23.0,37.0,14.0,23.0,4.0,19.0,14,56.0,21.0,0.0
08aa9cd1,6.0,4,0.0,3.0,3.0,2.0,4.0,2.0,13.0,1.0,12.0,2,8.0,8.0,0.0
caec77da,22.0,18,15.0,7.0,0.0,15.0,17.0,2.0,25.0,18.0,7.0,16,38.0,38.0,0.0
2c38b327,2.0,1,1.0,1.0,0.0,2.0,4.0,2.0,1.0,0.0,1.0,1,3.0,0.0,0.0
55a1cac2,14.0,7,3.0,9.0,2.0,6.0,10.0,4.0,6.0,2.0,4.0,7,21.0,8.0,0.0
867239d3,0.0,0,0.0,0.0,0.0,0.0,0.0,0.0,0.0,0.0,0.0,0,0.0,0.0,0.0
5e861944,15.0,7,8.0,3.0,4.0,8.0,18.0,10.0,4.0,0.0,4.0,7,22.0,5.0,0.0
2a6cd437,16.0,14,8.0,7.0,1.0,5.0,6.0,1.0,4.0,3.0,1.0,16,32.0,31.0,0.0
7f609bfc,47.0,29,24.0,16.0,7.0,24.0,34.0,10.0,25.0,7.0,18.0,25,72.0,40.0,0.0
277da414,1.0,0,1.0,0.0,0.0,0.0,0.0,0.0,0.0,0.0,0.0,0,1.0,14.0,0.0
62437b4f,6.0,3,2.0,3.0,1.0,3.0,4.0,1.0,4.0,0.0,4.0,0,6.0,3.0,0.0
88f53b75,0.0,0,0.0,0.0,0.0,0.0,0.0,0.0,0.0,0.0,0.0,1,1.0,0.0,0.0
ee4f2f3b,1.0,1,0.0,1.0,0.0,0.0,3.0,3.0,4.0,0.0,4.0,0,1.0,3.0,0.0
1b9c7401,8.0,7,6.0,0.0,2.0,4.0,6.0,2.0,5.0,2.0,3.0,8,16.0,5.0,0.0
8794e251,38.0,20,18.0,14.0,6.0,17.0,32.0,15.0,28.0,5.0,23.0,16,54.0,23.0,1.0
0630eb63,1.0,1,1.0,0.0,0.0,0.0,1.0,1.0,3.0,0.0,3.0,2,3.0,1.0,0.0
023937a9,12.0,4,8.0,4.0,0.0,4.0,10.0,6.0,9.0,3.0,6.0,7,19.0,9.0,1.0
67f649be,0.0,0,0.0,0.0,0.0,0.0,0.0,0.0,0.0,0.0,0.0,0,0.0,1.0,3.0
ce1a6c7e,0.0,0,0.0,0.0,0.0,0.0,0.0,0.0,0.0,0.0,0.0,0,0.0,1.0,0.0
8c63fae5,6.0,2,4.0,2.0,0.0,4.0,6.0,2.0,2.0,1.0,1.0,6,12.0,8.0,1.0
539230cf,3.0,1,1.0,2.0,0.0,3.0,4.0,1.0,5.0,5.0,0.0,0,3.0,7.0,0.0
d9ebed1c,11.0,6,5.0,4.0,2.0,4.0,11.0,7.0,5.0,1.0,4.0,4,15.0,6.0,0.0
6e058f06,8.0,7,0.0,5.0,3.0,2.0,6.0,4.0,6.0,0.0,6.0,2,10.0,3.0,0.0
6e058f06,0.0,0,0.0,0.0,0.0,0.0,0.0,0.0,0.0,0.0,0.0,0,0.0,0.0,0.0
536cebe5,5.0,3,0.0,1.0,4.0,2.0,4.0,2.0,4.0,0.0,4.0,1,6.0,4.0,0.0
6213fd82,34.0,19,18.0,9.0,7.0,12.0,19.0,7.0,15.0,3.0,12.0,20,54.0,41.0,0.0
4bd00a50,5.0,4,2.0,2.0,1.0,3.0,3.0,0.0,4.0,1.0,3.0,2,7.0,3.0,0.0
f61c7c4e,0.0,0,0.0,0.0,0.0,0.0,0.0,0.0,1.0,0.0,1.0,0,0.0,0.0,0.0
9823be92,15.0,7,7.0,4.0,4.0,10.0,12.0,2.0,15.0,4.0,11.0,10,25.0,14.0,0.0
f1cfc209,37.0,18,12.0,19.0,6.0,18.0,32.0,14.0,20.0,1.0,19.0,20,57.0,9.0,0.0
1d4e63b6,2.0,1,2.0,0.0,0.0,0.0,0.0,0.0,3.0,0.0,3.0,0,2.0,0.0,0.0
7f78ad23,34.0,20,18.0,10.0,6.0,16.0,23.0,7.0,18.0,10.0,8.0,24,58.0,35.0,0.0
10e7f486,26.0,15,16.0,5.0,5.0,11.0,22.0,11.0,21.0,5.0,16.0,20,46.0,45.0,0.0
3ead85f9,26.0,13,15.0,11.0,0.0,9.0,18.0,9.0,22.0,17.0,5.0,25,51.0,69.0,0.0
ca6edaa0,0.0,0,0.0,0.0,0.0,0.0,3.0,3.0,4.0,0.0,4.0,3,3.0,1.0,0.0
2a1beb34,35.0,17,17.0,18.0,0.0,20.0,41.0,21.0,20.0,2.0,18.0,22,57.0,41.0,0.0
e58cbfd5,30.0,22,16.0,13.0,1.0,10.0,21.0,11.0,13.0,1.0,12.0,25,55.0,10.0,0.0
e58cbfd5,1.0,1,0.0,1.0,0.0,1.0,1.0,0.0,0.0,0.0,0.0,0,1.0,0.0,0.0
4b3e1a38,25.0,14,17.0,8.0,0.0,12.0,16.0,4.0,26.0,15.0,11.0,9,34.0,51.0,1.0
a378a02a,19.0,16,15.0,4.0,0.0,11.0,14.0,3.0,11.0,6.0,5.0,11,30.0,49.0,2.0
14b8fcdf,6.0,0,5.0,1.0,0.0,3.0,3.0,0.0,4.0,2.0,2.0,4,10.0,18.0,0.0
ae9898c5,12.0,7,4.0,6.0,2.0,7.0,9.0,2.0,9.0,3.0,6.0,10,22.0,9.0,0.0
0b5a292a,29.0,18,15.0,11.0,3.0,18.0,31.0,13.0,16.0,3.0,13.0,15,44.0,22.0,1.0
4830e0af,17.0,7,5.0,8.0,4.0,4.0,13.0,9.0,15.0,2.0,13.0,2,19.0,5.0,0.0
ee251371,23.0,17,11.0,11.0,1.0,13.0,23.0,10.0,6.0,1.0,5.0,8,31.0,7.0,0.0
da5a981b,1.0,0,1.0,0.0,0.0,0.0,2.0,2.0,2.0,0.0,2.0,1,2.0,2.0,0.0
217c93a1,20.0,10,5.0,12.0,3.0,11.0,22.0,11.0,6.0,0.0,6.0,8,28.0,8.0,0.0
24eb7ed6,7.0,2,4.0,2.0,1.0,4.0,5.0,1.0,6.0,3.0,3.0,3,10.0,12.0,1.0
0a447501,5.0,4,0.0,2.0,3.0,1.0,5.0,4.0,3.0,1.0,2.0,3,8.0,4.0,0.0
4295f19c,1.0,1,0.0,0.0,1.0,1.0,1.0,0.0,0.0,0.0,0.0,0,1.0,0.0,0.0
0d82903c,21.0,11,10.0,10.0,1.0,8.0,13.0,5.0,19.0,8.0,11.0,13,34.0,45.0,0.0
7eb97a8e,4.0,2,3.0,0.0,1.0,3.0,4.0,1.0,0.0,0.0,0.0,0,4.0,2.0,0.0
3bb7af3b,6.0,3,3.0,2.0,1.0,1.0,5.0,4.0,5.0,1.0,4.0,4,10.0,5.0,0.0
86383d0e,10.0,6,3.0,6.0,1.0,4.0,7.0,3.0,5.0,0.0,5.0,2,12.0,15.0,0.0
1e9aa637,36.0,19,20.0,10.0,6.0,21.0,33.0,12.0,21.0,8.0,13.0,28,64.0,32.0,1.0
2cfae697,37.0,23,15.0,20.0,2.0,15.0,23.0,8.0,30.0,12.0,18.0,27,64.0,29.0,1.0
e613313c,29.0,14,14.0,11.0,4.0,10.0,14.0,4.0,13.0,6.0,7.0,18,47.0,64.0,0.0
16463a79,5.0,2,3.0,2.0,0.0,2.0,2.0,0.0,3.0,1.0,2.0,1,6.0,1.0,0.0
3cb132e6,0.0,0,0.0,0.0,0.0,0.0,0.0,0.0,0.0,0.0,0.0,0,0.0,0.0,0.0
b6baba31,0.0,0,0.0,0.0,0.0,0.0,0.0,0.0,0.0,0.0,0.0,0,0.0,0.0,0.0
b70bde8f,40.0,25,25.0,12.0,3.0,18.0,36.0,18.0,12.0,2.0,10.0,13,53.0,3.0,0.0
343f753a,0.0,0,0.0,0.0,0.0,0.0,1.0,1.0,0.0,0.0,0.0,0,0.0,0.0,0.0
dd7febd8,32.0,22,17.0,9.0,6.0,18.0,25.0,7.0,13.0,3.0,10.0,27,59.0,33.0,0.0
d3aaad90,11.0,5,4.0,5.0,2.0,4.0,11.0,7.0,6.0,1.0,5.0,11,22.0,7.0,0.0
57469b2d,1.0,1,0.0,0.0,1.0,0.0,4.0,4.0,2.0,0.0,2.0,1,2.0,2.0,0.0
57469b2d,1.0,0,1.0,0.0,0.0,0.0,2.0,2.0,1.0,0.0,1.0,1,2.0,0.0,0.0
0d422df7,2.0,1,2.0,0.0,0.0,2.0,3.0,1.0,0.0,0.0,0.0,1,3.0,7.0,1.0
343c0d52,13.0,3,4.0,5.0,4.0,4.0,6.0,2.0,0.0,0.0,0.0,1,14.0,3.0,0.0
8b609c34,20.0,13,11.0,7.0,2.0,9.0,12.0,3.0,10.0,1.0,9.0,6,26.0,23.0,0.0
b35a7399,3.0,0,2.0,1.0,0.0,1.0,1.0,0.0,0.0,0.0,0.0,3,6.0,10.0,0.0
ab4449d6,2.0,1,2.0,0.0,0.0,1.0,2.0,1.0,0.0,0.0,0.0,0,2.0,13.0,1.0
30f5ffa9,29.0,18,14.0,11.0,4.0,18.0,32.0,14.0,18.0,13.0,5.0,13,42.0,46.0,3.0
b6964eb6,19.0,11,12.0,7.0,0.0,8.0,15.0,7.0,30.0,22.0,8.0,34,53.0,97.0,0.0
78f13530,0.0,0,0.0,0.0,0.0,0.0,1.0,1.0,0.0,0.0,0.0,0,0.0,0.0,0.0
28f66c2e,1.0,1,0.0,1.0,0.0,0.0,0.0,0.0,4.0,0.0,4.0,1,2.0,1.0,0.0
28f66c2e,7.0,4,3.0,4.0,0.0,2.0,7.0,5.0,8.0,0.0,8.0,2,9.0,7.0,0.0
9d4c45d6,26.0,13,8.0,12.0,6.0,12.0,19.0,7.0,22.0,2.0,20.0,5,31.0,11.0,0.0
50841bef,6.0,3,5.0,1.0,0.0,4.0,12.0,8.0,4.0,2.0,2.0,4,10.0,23.0,0.0
94816803,0.0,0,0.0,0.0,0.0,0.0,1.0,1.0,1.0,0.0,1.0,0,0.0,0.0,0.0
c13ddd3e,4.0,3,1.0,1.0,2.0,2.0,3.0,1.0,3.0,0.0,3.0,2,6.0,1.0,0.0
7b075c75,15.0,9,6.0,7.0,2.0,2.0,3.0,1.0,10.0,7.0,3.0,14,29.0,50.0,1.0
3626daea,11.0,6,5.0,4.0,2.0,6.0,12.0,6.0,11.0,3.0,8.0,4,15.0,19.0,0.0
ac4003af,1.0,0,1.0,0.0,0.0,1.0,2.0,1.0,0.0,0.0,0.0,0,1.0,1.0,0.0
13b44b02,36.0,19,23.0,9.0,4.0,23.0,35.0,12.0,14.0,3.0,11.0,10,46.0,51.0,0.0
674cfc5a,36.0,18,15.0,16.0,5.0,17.0,32.0,15.0,21.0,2.0,19.0,11,47.0,13.0,0.0
2cb9486d,2.0,2,0.0,1.0,1.0,2.0,2.0,0.0,0.0,0.0,0.0,0,2.0,0.0,0.0
f573a8bf,7.0,3,2.0,4.0,1.0,3.0,5.0,2.0,10.0,2.0,8.0,3,10.0,15.0,0.0
230c3f3a,11.0,7,6.0,4.0,1.0,3.0,5.0,2.0,3.0,2.0,1.0,7,18.0,8.0,0.0
01b8a2b2,1.0,0,1.0,0.0,0.0,0.0,1.0,1.0,0.0,0.0,0.0,0,1.0,2.0,0.0
eb3022c3,2.0,2,2.0,0.0,0.0,1.0,3.0,2.0,4.0,0.0,4.0,2,4.0,1.0,0.0
8da74c05,27.0,14,14.0,10.0,3.0,12.0,32.0,20.0,35.0,11.0,24.0,24,51.0,40.0,2.0
b056e3da,0.0,0,0.0,0.0,0.0,0.0,0.0,0.0,0.0,0.0,0.0,1,1.0,2.0,0.0
5cbb5ad6,10.0,7,4.0,4.0,2.0,6.0,9.0,3.0,4.0,3.0,1.0,6,16.0,9.0,0.0
e1b0a70d,2.0,1,2.0,0.0,0.0,2.0,2.0,0.0,0.0,0.0,0.0,1,3.0,8.0,0.0
3ef0a2d7,10.0,6,6.0,3.0,1.0,7.0,13.0,6.0,10.0,3.0,7.0,4,14.0,8.0,0.0
2b9fdeea,1.0,0,0.0,1.0,0.0,0.0,1.0,1.0,1.0,0.0,1.0,1,2.0,1.0,0.0
ff5ea0bf,12.0,10,9.0,3.0,0.0,3.0,4.0,1.0,5.0,4.0,1.0,3,15.0,25.0,1.0
76ff8d0d,13.0,6,4.0,7.0,2.0,5.0,10.0,5.0,11.0,1.0,10.0,10,23.0,12.0,0.0
a96e5dc0,24.0,17,13.0,10.0,1.0,12.0,16.0,4.0,19.0,7.0,12.0,13,37.0,31.0,1.0
c56dc39e,35.0,24,21.0,14.0,0.0,20.0,34.0,14.0,22.0,11.0,11.0,41,76.0,49.0,0.0
7edfbb8a,51.0,26,33.0,18.0,0.0,12.0,19.0,7.0,28.0,14.0,14.0,19,70.0,47.0,0.0
0db169ae,36.0,23,21.0,12.0,3.0,15.0,27.0,12.0,18.0,6.0,12.0,21,57.0,11.0,1.0
7ed4921e,9.0,4,7.0,2.0,0.0,5.0,6.0,1.0,3.0,2.0,1.0,3,12.0,3.0,0.0
0588a092,4.0,3,1.0,3.0,0.0,2.0,3.0,1.0,2.0,0.0,2.0,5,9.0,2.0,0.0
26c54058,8.0,5,5.0,3.0,0.0,2.0,6.0,4.0,1.0,0.0,1.0,11,19.0,11.0,0.0
7cd520e8,49.0,28,32.0,13.0,4.0,23.0,37.0,14.0,22.0,5.0,17.0,22,71.0,13.0,0.0
3eed9821,28.0,16,11.0,17.0,0.0,11.0,13.0,2.0,13.0,7.0,6.0,14,42.0,33.0,0.0
71005acd,8.0,5,4.0,2.0,2.0,2.0,8.0,6.0,10.0,1.0,9.0,1,9.0,2.0,0.0
ec52b661,35.0,15,21.0,12.0,2.0,19.0,42.0,23.0,9.0,2.0,7.0,12,47.0,33.0,0.0
c414df9d,9.0,5,3.0,5.0,1.0,4.0,7.0,3.0,5.0,1.0,4.0,2,11.0,3.0,0.0
5eaed77a,12.0,8,11.0,1.0,0.0,6.0,13.0,7.0,14.0,10.0,4.0,17,29.0,45.0,1.0
44ac04e9,29.0,18,8.0,13.0,8.0,15.0,23.0,8.0,15.0,3.0,12.0,11,40.0,21.0,0.0
ab1ca213,20.0,4,14.0,5.0,1.0,9.0,16.0,7.0,20.0,5.0,15.0,4,24.0,9.0,0.0
983ff2c7,13.0,5,6.0,6.0,1.0,8.0,12.0,4.0,2.0,2.0,0.0,4,17.0,13.0,2.0
d3298c99,0.0,0,0.0,0.0,0.0,0.0,0.0,0.0,5.0,0.0,5.0,7,7.0,2.0,0.0
0375723e,11.0,7,6.0,3.0,2.0,4.0,5.0,1.0,5.0,0.0,5.0,0,11.0,1.0,0.0
33ecf462,14.0,7,6.0,5.0,3.0,8.0,14.0,6.0,9.0,1.0,8.0,9,23.0,3.0,0.0
77d6fd4d,0.0,0,0.0,0.0,0.0,0.0,1.0,1.0,0.0,0.0,0.0,0,0.0,12.0,2.0
75e60d75,0.0,0,0.0,0.0,0.0,0.0,0.0,0.0,0.0,0.0,0.0,0,0.0,0.0,0.0
75e60d75,0.0,10,0.0,0.0,0.0,0.0,0.0,0.0,0.0,0.0,0.0,13,0.0,0.0,0.0
ec5dae45,4.0,4,2.0,2.0,0.0,2.0,4.0,2.0,2.0,0.0,2.0,3,7.0,0.0,0.0
ec5dae45,2.0,0,2.0,0.0,0.0,0.0,0.0,0.0,0.0,0.0,0.0,0,2.0,0.0,0.0
a14d0ab0,0.0,0,0.0,0.0,0.0,0.0,0.0,0.0,0.0,0.0,0.0,0,0.0,0.0,0.0
c7069d87,33.0,17,8.0,22.0,3.0,13.0,27.0,14.0,10.0,4.0,6.0,9,42.0,11.0,0.0
bdc74a8f,13.0,7,4.0,8.0,1.0,7.0,15.0,8.0,11.0,3.0,8.0,4,17.0,9.0,1.0
08eb3b58,4.0,1,1.0,2.0,1.0,2.0,3.0,1.0,5.0,1.0,4.0,2,6.0,5.0,0.0
79443529,7.0,4,0.0,3.0,4.0,3.0,6.0,3.0,6.0,2.0,4.0,2,9.0,4.0,1.0
aa8e289e,21.0,14,5.0,12.0,4.0,8.0,16.0,8.0,16.0,1.0,15.0,3,24.0,8.0,0.0
b3ef6517,1.0,1,0.0,0.0,1.0,0.0,0.0,0.0,1.0,0.0,1.0,0,1.0,0.0,0.0
be2706c0,17.0,9,11.0,5.0,1.0,10.0,15.0,5.0,6.0,1.0,5.0,7,24.0,20.0,1.0
72f87f25,3.0,2,1.0,1.0,1.0,0.0,0.0,0.0,2.0,0.0,2.0,2,5.0,0.0,0.0
f052fb01,0.0,0,0.0,0.0,0.0,0.0,0.0,0.0,0.0,0.0,0.0,1,1.0,0.0,0.0
f86cd5df,2.0,2,0.0,1.0,1.0,1.0,2.0,1.0,2.0,1.0,1.0,0,2.0,1.0,0.0
d0d8dd44,16.0,9,11.0,5.0,0.0,6.0,8.0,2.0,7.0,5.0,2.0,30,46.0,48.0,0.0
26db8853,55.0,29,25.0,23.0,7.0,24.0,52.0,28.0,33.0,9.0,24.0,31,86.0,31.0,0.0
217875a4,2.0,1,1.0,1.0,0.0,0.0,0.0,0.0,3.0,3.0,0.0,0,2.0,9.0,0.0
eb58eef0,0.0,0,0.0,0.0,0.0,0.0,0.0,0.0,1.0,0.0,1.0,0,0.0,1.0,0.0
2f7acede,13.0,8,2.0,9.0,2.0,7.0,18.0,11.0,5.0,4.0,1.0,8,21.0,6.0,0.0
1bfe5ac9,0.0,0,0.0,0.0,0.0,0.0,0.0,0.0,3.0,2.0,1.0,1,1.0,7.0,0.0
ee9040b4,5.0,3,2.0,3.0,0.0,1.0,3.0,2.0,3.0,0.0,3.0,4,9.0,3.0,0.0
d85c238b,28.0,18,13.0,11.0,4.0,8.0,14.0,6.0,21.0,3.0,18.0,16,44.0,6.0,1.0
384d58d9,6.0,3,1.0,4.0,1.0,2.0,2.0,0.0,2.0,0.0,2.0,2,8.0,1.0,0.0
45191c29,25.0,13,13.0,9.0,3.0,12.0,31.0,19.0,18.0,1.0,17.0,16,41.0,9.0,0.0
6bb2c084,37.0,23,11.0,19.0,7.0,10.0,35.0,25.0,32.0,3.0,29.0,25,62.0,18.0,0.0
5e834dce,21.0,13,11.0,6.0,4.0,8.0,21.0,13.0,9.0,0.0,9.0,9,30.0,5.0,0.0
9907b1c8,8.0,5,2.0,5.0,1.0,3.0,7.0,4.0,11.0,0.0,11.0,2,10.0,0.0,0.0
3b12b11f,2.0,1,1.0,1.0,0.0,1.0,2.0,1.0,1.0,0.0,1.0,1,3.0,6.0,0.0
3b12b11f,1.0,0,0.0,1.0,0.0,0.0,0.0,0.0,0.0,0.0,0.0,0,1.0,1.0,0.0
d3de9af0,1.0,1,0.0,0.0,1.0,1.0,2.0,1.0,1.0,0.0,1.0,0,1.0,9.0,0.0
7fe90ccd,12.0,7,6.0,5.0,1.0,4.0,5.0,1.0,6.0,1.0,5.0,3,15.0,6.0,0.0
58a2e9f6,1.0,1,0.0,1.0,0.0,0.0,0.0,0.0,0.0,0.0,0.0,0,1.0,0.0,0.0
d19ef4ef,8.0,3,4.0,3.0,1.0,3.0,4.0,1.0,1.0,0.0,1.0,0,8.0,2.0,0.0
a5296e55,12.0,7,1.0,8.0,3.0,7.0,14.0,7.0,8.0,3.0,5.0,13,25.0,6.0,0.0
acf7e795,9.0,5,5.0,4.0,0.0,3.0,4.0,1.0,7.0,2.0,5.0,9,18.0,11.0,2.0
028e70b9,3.0,1,0.0,1.0,2.0,2.0,5.0,3.0,1.0,1.0,0.0,3,6.0,2.0,0.0
cc1a0c57,1.0,1,1.0,0.0,0.0,1.0,1.0,0.0,0.0,0.0,0.0,0,1.0,0.0,0.0
82598b71,10.0,5,3.0,7.0,0.0,3.0,4.0,1.0,4.0,0.0,4.0,0,10.0,4.0,0.0
82598b71,12.0,7,9.0,2.0,1.0,8.0,10.0,2.0,4.0,3.0,1.0,2,14.0,9.0,0.0
54f6afe3,1.0,0,1.0,0.0,0.0,1.0,1.0,0.0,0.0,0.0,0.0,0,1.0,0.0,0.0
4e1d5e59,0.0,0,0.0,0.0,0.0,0.0,0.0,0.0,0.0,0.0,0.0,0,0.0,0.0,0.0
4e1d5e59,0.0,0,0.0,0.0,0.0,0.0,0.0,0.0,0.0,0.0,0.0,1,1.0,0.0,0.0
405f6586,2.0,1,1.0,0.0,1.0,1.0,1.0,0.0,5.0,3.0,2.0,0,2.0,11.0,0.0
eccbe56a,31.0,15,14.0,13.0,4.0,8.0,19.0,11.0,12.0,3.0,9.0,5,36.0,4.0,0.0
