id,Touches,Def Pen,Def 3rd,Mid 3rd,Att 3rd,Att Pen,Live,Att,Succ,Tkld,Carries,TotDist,PrgDist,PrgC,1/3,CPA,Mis,Dis,Rec,PrgR
8f5cdf66,26.0,2.0,12.0,9.0,5.0,1.0,26.0,0.0,0.0,0.0,8.0,20.0,3.0,0.0,0.0,0.0,2.0,0.0,10.0,3.0
f586779e,572.0,13.0,38.0,295.0,248.0,89.0,572.0,53.0,14.0,30.0,304.0,1597.0,631.0,25.0,17.0,11.0,42.0,23.0,444.0,93.0
771a2cfe,11.0,0.0,1.0,9.0,1.0,0.0,11.0,0.0,0.0,0.0,4.0,7.0,2.0,0.0,0.0,0.0,1.0,0.0,8.0,0.0
b96b595c,1036.0,109.0,444.0,536.0,63.0,8.0,1036.0,4.0,1.0,2.0,550.0,2686.0,1432.0,16.0,13.0,1.0,7.0,3.0,681.0,8.0
26777636,78.0,1.0,11.0,38.0,32.0,1.0,78.0,1.0,1.0,0.0,44.0,283.0,141.0,5.0,4.0,0.0,2.0,2.0,58.0,7.0
f9c927de,460.0,9.0,83.0,228.0,151.0,19.0,460.0,5.0,1.0,4.0,269.0,1086.0,472.0,8.0,8.0,2.0,17.0,11.0,347.0,47.0
0154d290,214.0,5.0,27.0,78.0,112.0,20.0,214.0,14.0,4.0,8.0,134.0,841.0,315.0,18.0,8.0,2.0,22.0,14.0,156.0,45.0
46fa7204,763.0,8.0,120.0,349.0,316.0,38.0,763.0,61.0,25.0,30.0,462.0,3363.0,1884.0,58.0,45.0,15.0,45.0,44.0,481.0,74.0
246d153b,577.0,18.0,130.0,256.0,199.0,12.0,577.0,37.0,17.0,15.0,301.0,1895.0,979.0,31.0,23.0,5.0,13.0,5.0,332.0,39.0
d810c13b,745.0,83.0,380.0,330.0,45.0,5.0,745.0,7.0,2.0,4.0,366.0,2470.0,1334.0,17.0,10.0,0.0,7.0,3.0,373.0,7.0
fdf4b948,336.0,15.0,92.0,183.0,67.0,10.0,336.0,18.0,11.0,6.0,177.0,937.0,399.0,10.0,13.0,4.0,12.0,9.0,201.0,21.0
5294a83f,1112.0,15.0,136.0,609.0,374.0,26.0,1110.0,15.0,2.0,13.0,601.0,2807.0,1569.0,41.0,41.0,5.0,17.0,15.0,811.0,58.0
ab472696,130.0,4.0,11.0,65.0,57.0,11.0,130.0,14.0,5.0,8.0,66.0,236.0,81.0,2.0,0.0,1.0,15.0,10.0,82.0,16.0
bcc81786,698.0,59.0,269.0,276.0,157.0,18.0,698.0,11.0,6.0,3.0,308.0,1667.0,885.0,21.0,11.0,1.0,11.0,5.0,355.0,35.0
2df7cc43,20.0,9.0,17.0,4.0,0.0,0.0,20.0,0.0,0.0,0.0,7.0,22.0,8.0,0.0,0.0,0.0,0.0,0.0,4.0,0.0
2df7cc43,658.0,58.0,371.0,251.0,43.0,12.0,658.0,2.0,0.0,2.0,327.0,1309.0,511.0,4.0,5.0,0.0,10.0,0.0,338.0,6.0
10b9fa99,1033.0,93.0,416.0,525.0,104.0,13.0,1033.0,5.0,3.0,1.0,527.0,3037.0,1498.0,13.0,9.0,0.0,10.0,4.0,588.0,9.0
5a2cb25d,1153.0,28.0,179.0,789.0,199.0,3.0,1153.0,13.0,7.0,5.0,776.0,4598.0,2167.0,27.0,22.0,0.0,19.0,13.0,839.0,17.0
9f1893b9,1125.0,15.0,127.0,511.0,505.0,85.0,1125.0,66.0,32.0,31.0,594.0,3460.0,1620.0,56.0,43.0,20.0,57.0,32.0,848.0,147.0
38d9ce53,23.0,0.0,7.0,9.0,7.0,1.0,23.0,1.0,0.0,1.0,14.0,49.0,9.0,0.0,0.0,0.0,1.0,0.0,16.0,2.0
108fe016,245.0,14.0,61.0,162.0,23.0,0.0,245.0,2.0,1.0,0.0,143.0,520.0,143.0,0.0,2.0,0.0,5.0,3.0,180.0,3.0
8f68aa41,131.0,18.0,65.0,54.0,12.0,0.0,131.0,1.0,1.0,0.0,58.0,234.0,97.0,0.0,2.0,0.0,2.0,2.0,76.0,3.0
00459419,486.0,12.0,31.0,253.0,207.0,46.0,483.0,17.0,7.0,9.0,275.0,1268.0,410.0,11.0,10.0,6.0,32.0,16.0,385.0,85.0
963a328b,535.0,11.0,91.0,273.0,173.0,22.0,535.0,22.0,8.0,10.0,324.0,1953.0,1022.0,32.0,20.0,10.0,21.0,12.0,354.0,31.0
a820e429,283.0,4.0,14.0,98.0,173.0,57.0,282.0,13.0,6.0,6.0,159.0,716.0,188.0,5.0,2.0,4.0,37.0,12.0,211.0,50.0
e26fcca3,554.0,26.0,178.0,280.0,100.0,4.0,554.0,9.0,4.0,4.0,254.0,976.0,442.0,1.0,3.0,0.0,8.0,4.0,314.0,6.0
a69cc629,300.0,15.0,61.0,156.0,87.0,6.0,300.0,6.0,3.0,1.0,115.0,620.0,313.0,9.0,2.0,1.0,13.0,3.0,149.0,16.0
0fdcef0e,254.0,5.0,59.0,147.0,49.0,1.0,254.0,3.0,1.0,2.0,164.0,783.0,263.0,2.0,8.0,1.0,3.0,2.0,191.0,2.0
649b01d8,946.0,780.0,932.0,17.0,0.0,0.0,946.0,0.0,0.0,0.0,522.0,2878.0,1778.0,0.0,0.0,0.0,1.0,0.0,394.0,0.0
3cd3b384,1223.0,54.0,379.0,540.0,324.0,9.0,1223.0,32.0,14.0,15.0,657.0,3512.0,1909.0,52.0,28.0,3.0,12.0,12.0,709.0,82.0
2200181e,385.0,54.0,198.0,182.0,6.0,0.0,385.0,0.0,0.0,0.0,235.0,1168.0,744.0,8.0,5.0,0.0,0.0,1.0,264.0,0.0
dfd24c07,62.0,3.0,10.0,37.0,16.0,2.0,62.0,2.0,1.0,0.0,34.0,197.0,124.0,5.0,3.0,0.0,1.0,0.0,34.0,8.0
f42d6c13,457.0,1.0,66.0,185.0,219.0,27.0,457.0,30.0,10.0,18.0,267.0,1900.0,788.0,21.0,21.0,10.0,24.0,17.0,304.0,47.0
f42d6c13,134.0,3.0,25.0,55.0,56.0,8.0,134.0,9.0,4.0,4.0,84.0,401.0,176.0,5.0,6.0,3.0,4.0,3.0,90.0,21.0
59bf127b,6.0,1.0,2.0,3.0,1.0,0.0,6.0,1.0,0.0,1.0,3.0,9.0,0.0,0.0,0.0,0.0,1.0,0.0,2.0,0.0
102e2599,457.0,6.0,73.0,234.0,155.0,17.0,457.0,17.0,4.0,10.0,300.0,1817.0,1010.0,30.0,29.0,7.0,19.0,7.0,322.0,47.0
f449640d,146.0,3.0,26.0,69.0,52.0,4.0,146.0,6.0,1.0,4.0,58.0,325.0,202.0,5.0,2.0,0.0,2.0,3.0,76.0,16.0
8a6de8c7,498.0,6.0,53.0,188.0,272.0,48.0,498.0,75.0,28.0,35.0,343.0,2968.0,1438.0,55.0,39.0,23.0,46.0,25.0,345.0,108.0
d44360be,929.0,39.0,216.0,444.0,281.0,20.0,929.0,26.0,6.0,16.0,525.0,2855.0,1245.0,27.0,31.0,5.0,28.0,22.0,604.0,65.0
01efac19,16.0,0.0,0.0,10.0,6.0,0.0,16.0,2.0,1.0,1.0,12.0,68.0,25.0,0.0,0.0,0.0,1.0,1.0,11.0,1.0
01efac19,580.0,9.0,53.0,299.0,236.0,48.0,580.0,26.0,10.0,13.0,362.0,2190.0,878.0,28.0,20.0,6.0,24.0,18.0,418.0,64.0
32ebfe1e,182.0,6.0,38.0,114.0,31.0,2.0,182.0,0.0,0.0,0.0,95.0,471.0,249.0,3.0,7.0,1.0,2.0,3.0,131.0,0.0
6928979a,1273.0,26.0,199.0,653.0,443.0,44.0,1273.0,46.0,25.0,11.0,848.0,4808.0,2295.0,52.0,52.0,7.0,36.0,26.0,959.0,122.0
6caffe81,50.0,1.0,19.0,28.0,3.0,1.0,50.0,0.0,0.0,0.0,25.0,123.0,49.0,0.0,1.0,0.0,0.0,1.0,30.0,0.0
e5bf73f3,501.0,2.0,53.0,225.0,229.0,21.0,501.0,30.0,7.0,20.0,297.0,1793.0,815.0,27.0,18.0,8.0,22.0,15.0,351.0,57.0
5a08ee41,1180.0,166.0,653.0,480.0,54.0,22.0,1180.0,3.0,1.0,1.0,544.0,2868.0,1567.0,8.0,2.0,0.0,6.0,1.0,587.0,8.0
80556f08,278.0,8.0,57.0,139.0,84.0,11.0,278.0,4.0,0.0,3.0,169.0,806.0,362.0,11.0,6.0,1.0,9.0,5.0,189.0,17.0
75b86fb3,1254.0,114.0,512.0,563.0,186.0,20.0,1254.0,10.0,4.0,5.0,763.0,4111.0,2595.0,31.0,26.0,2.0,10.0,5.0,879.0,32.0
1ac232b8,591.0,24.0,146.0,238.0,213.0,20.0,591.0,16.0,4.0,9.0,270.0,1225.0,581.0,12.0,12.0,2.0,13.0,11.0,312.0,55.0
78e6bf2c,59.0,6.0,28.0,21.0,10.0,3.0,59.0,1.0,1.0,0.0,21.0,119.0,79.0,3.0,2.0,2.0,2.0,2.0,26.0,3.0
19e4eab9,1088.0,94.0,514.0,450.0,129.0,30.0,1088.0,8.0,3.0,5.0,564.0,2484.0,1456.0,6.0,9.0,1.0,9.0,2.0,628.0,34.0
e892c325,8.0,0.0,2.0,5.0,1.0,0.0,8.0,0.0,0.0,0.0,5.0,27.0,5.0,0.0,0.0,0.0,1.0,1.0,6.0,0.0
e3756e72,143.0,8.0,39.0,53.0,51.0,4.0,143.0,4.0,1.0,2.0,85.0,653.0,315.0,8.0,6.0,0.0,2.0,2.0,89.0,16.0
d705ba44,219.0,3.0,19.0,87.0,114.0,29.0,218.0,11.0,2.0,8.0,122.0,632.0,225.0,13.0,3.0,6.0,19.0,8.0,165.0,46.0
0000acda,112.0,1.0,25.0,64.0,24.0,3.0,112.0,1.0,0.0,0.0,81.0,284.0,120.0,0.0,4.0,0.0,1.0,1.0,85.0,6.0
0000acda,213.0,6.0,51.0,99.0,65.0,7.0,213.0,2.0,2.0,0.0,105.0,550.0,223.0,8.0,9.0,0.0,4.0,5.0,111.0,15.0
db092d3b,1172.0,22.0,226.0,751.0,215.0,6.0,1172.0,36.0,18.0,10.0,670.0,3637.0,1475.0,19.0,21.0,3.0,26.0,17.0,738.0,25.0
53a0e358,637.0,8.0,65.0,250.0,331.0,46.0,634.0,20.0,9.0,9.0,403.0,1800.0,735.0,23.0,16.0,9.0,33.0,17.0,490.0,119.0
61b3978f,759.0,48.0,255.0,317.0,198.0,13.0,759.0,15.0,4.0,11.0,329.0,1643.0,860.0,20.0,16.0,1.0,12.0,5.0,354.0,40.0
ed5c0319,444.0,21.0,26.0,178.0,244.0,98.0,444.0,39.0,14.0,23.0,256.0,1058.0,350.0,14.0,9.0,12.0,80.0,28.0,327.0,88.0
b3a20f18,761.0,134.0,455.0,282.0,28.0,10.0,761.0,2.0,2.0,0.0,339.0,1586.0,847.0,5.0,3.0,1.0,3.0,2.0,365.0,3.0
d65cf468,64.0,0.0,10.0,42.0,12.0,1.0,64.0,1.0,0.0,0.0,34.0,173.0,93.0,3.0,0.0,0.0,2.0,4.0,47.0,2.0
6fdac234,955.0,159.0,556.0,371.0,30.0,21.0,955.0,3.0,1.0,2.0,515.0,2415.0,1171.0,2.0,5.0,1.0,4.0,2.0,533.0,4.0
9e1577aa,1508.0,51.0,352.0,610.0,560.0,17.0,1507.0,14.0,5.0,5.0,697.0,3185.0,1850.0,47.0,37.0,4.0,13.0,6.0,841.0,76.0
204ac005,660.0,31.0,167.0,268.0,234.0,23.0,660.0,16.0,7.0,8.0,336.0,2173.0,1135.0,41.0,25.0,4.0,17.0,7.0,409.0,92.0
79370f8c,169.0,5.0,29.0,85.0,55.0,3.0,169.0,1.0,0.0,1.0,83.0,378.0,119.0,4.0,1.0,0.0,3.0,5.0,99.0,8.0
c69ef855,825.0,68.0,258.0,423.0,146.0,11.0,825.0,7.0,2.0,5.0,334.0,1619.0,831.0,12.0,10.0,1.0,17.0,9.0,422.0,22.0
fe012aca,368.0,0.0,26.0,134.0,215.0,21.0,368.0,45.0,23.0,16.0,246.0,2197.0,1107.0,39.0,32.0,12.0,25.0,4.0,297.0,51.0
c83c203f,229.0,13.0,68.0,118.0,47.0,2.0,229.0,4.0,0.0,2.0,119.0,678.0,366.0,3.0,7.0,0.0,4.0,4.0,134.0,5.0
d995ed27,905.0,11.0,111.0,457.0,355.0,51.0,905.0,33.0,14.0,10.0,570.0,3256.0,1715.0,48.0,49.0,6.0,19.0,22.0,651.0,68.0
bf57eaab,457.0,0.0,25.0,250.0,187.0,31.0,457.0,22.0,12.0,9.0,283.0,1090.0,422.0,11.0,10.0,3.0,41.0,12.0,353.0,67.0
0def2376,60.0,0.0,8.0,40.0,13.0,0.0,60.0,4.0,3.0,1.0,45.0,315.0,147.0,3.0,3.0,0.0,1.0,1.0,51.0,2.0
fb77bfef,309.0,48.0,171.0,126.0,15.0,4.0,309.0,1.0,0.0,1.0,175.0,855.0,490.0,3.0,3.0,0.0,3.0,4.0,208.0,0.0
52ec54d0,406.0,67.0,219.0,185.0,6.0,5.0,405.0,1.0,1.0,0.0,221.0,865.0,471.0,1.0,2.0,0.0,2.0,0.0,271.0,1.0
3d13d9e4,116.0,1.0,10.0,44.0,63.0,11.0,116.0,3.0,2.0,0.0,59.0,261.0,137.0,7.0,2.0,0.0,8.0,5.0,88.0,35.0
0d077b88,1165.0,70.0,311.0,621.0,251.0,9.0,1165.0,42.0,17.0,21.0,563.0,2586.0,1285.0,24.0,20.0,4.0,38.0,18.0,650.0,20.0
ae94a6c5,140.0,1.0,28.0,78.0,35.0,8.0,140.0,4.0,2.0,1.0,76.0,304.0,131.0,2.0,2.0,1.0,14.0,8.0,84.0,4.0
c609e90e,61.0,0.0,11.0,26.0,26.0,9.0,61.0,10.0,6.0,4.0,40.0,280.0,127.0,5.0,4.0,2.0,8.0,9.0,40.0,11.0
8bbe2df5,747.0,31.0,202.0,323.0,234.0,13.0,747.0,29.0,7.0,18.0,399.0,2606.0,1467.0,38.0,29.0,6.0,16.0,8.0,427.0,77.0
d4a2533d,23.0,0.0,3.0,8.0,12.0,1.0,23.0,1.0,0.0,0.0,14.0,79.0,31.0,1.0,1.0,0.0,0.0,1.0,15.0,4.0
5fd5ed86,1311.0,210.0,770.0,497.0,51.0,30.0,1311.0,6.0,2.0,4.0,702.0,2889.0,1430.0,6.0,6.0,0.0,12.0,4.0,831.0,2.0
edd81e2a,1033.0,93.0,474.0,518.0,44.0,9.0,1033.0,9.0,5.0,3.0,549.0,2240.0,1291.0,9.0,6.0,1.0,5.0,2.0,654.0,3.0
33b8d077,735.0,31.0,174.0,464.0,104.0,8.0,735.0,9.0,6.0,3.0,466.0,2431.0,985.0,14.0,11.0,3.0,8.0,2.0,523.0,15.0
f3a9fa26,370.0,6.0,36.0,140.0,199.0,30.0,370.0,27.0,12.0,13.0,204.0,1190.0,429.0,16.0,16.0,4.0,20.0,12.0,224.0,49.0
4ae67f27,1013.0,80.0,410.0,542.0,66.0,20.0,1013.0,9.0,3.0,5.0,496.0,2271.0,1081.0,8.0,11.0,1.0,25.0,6.0,585.0,14.0
ef6eef89,71.0,13.0,34.0,33.0,6.0,1.0,71.0,2.0,1.0,0.0,28.0,117.0,67.0,0.0,1.0,0.0,2.0,0.0,27.0,3.0
dd86e8e4,310.0,22.0,99.0,139.0,77.0,7.0,310.0,12.0,5.0,5.0,144.0,1016.0,648.0,17.0,13.0,4.0,2.0,3.0,159.0,19.0
2146785a,856.0,42.0,271.0,426.0,170.0,9.0,856.0,8.0,1.0,5.0,427.0,1914.0,1144.0,15.0,15.0,1.0,6.0,3.0,511.0,43.0
ac7e640b,617.0,101.0,344.0,241.0,41.0,15.0,617.0,5.0,2.0,2.0,297.0,1539.0,705.0,5.0,3.0,0.0,5.0,4.0,282.0,4.0
226008f1,990.0,115.0,484.0,455.0,55.0,7.0,990.0,1.0,0.0,1.0,585.0,3113.0,1889.0,10.0,7.0,0.0,3.0,1.0,713.0,12.0
cd0fa27b,1325.0,29.0,263.0,694.0,382.0,17.0,1324.0,15.0,5.0,5.0,771.0,3586.0,1618.0,28.0,27.0,2.0,24.0,8.0,868.0,42.0
13ea2544,219.0,7.0,39.0,149.0,39.0,1.0,219.0,8.0,5.0,2.0,138.0,866.0,433.0,10.0,5.0,1.0,3.0,5.0,138.0,9.0
91ff775f,302.0,8.0,44.0,101.0,167.0,30.0,302.0,20.0,9.0,8.0,213.0,1783.0,756.0,31.0,17.0,10.0,18.0,10.0,222.0,47.0
247ed022,1109.0,46.0,357.0,494.0,274.0,25.0,1109.0,40.0,18.0,20.0,614.0,3404.0,1797.0,44.0,37.0,12.0,30.0,13.0,667.0,61.0
b6a1cdf9,110.0,2.0,18.0,42.0,52.0,13.0,110.0,7.0,2.0,4.0,70.0,490.0,279.0,12.0,6.0,7.0,9.0,2.0,78.0,25.0
356c9002,1280.0,41.0,266.0,560.0,470.0,29.0,1280.0,18.0,4.0,8.0,734.0,3864.0,1606.0,50.0,34.0,5.0,18.0,6.0,892.0,118.0
54e53b7e,899.0,6.0,78.0,434.0,394.0,78.0,898.0,59.0,18.0,38.0,583.0,3500.0,1679.0,65.0,27.0,29.0,58.0,21.0,711.0,124.0
5bd72174,309.0,4.0,11.0,126.0,172.0,49.0,309.0,9.0,3.0,5.0,181.0,696.0,192.0,6.0,4.0,7.0,21.0,14.0,243.0,76.0
5bd72174,216.0,3.0,16.0,99.0,102.0,45.0,216.0,7.0,0.0,5.0,137.0,510.0,154.0,7.0,2.0,3.0,18.0,11.0,186.0,58.0
f7e2af2c,104.0,4.0,41.0,43.0,20.0,4.0,104.0,3.0,1.0,2.0,50.0,284.0,190.0,4.0,2.0,0.0,0.0,0.0,66.0,2.0
b033f803,29.0,1.0,6.0,12.0,13.0,0.0,29.0,4.0,1.0,3.0,14.0,78.0,31.0,1.0,1.0,0.0,0.0,0.0,15.0,6.0
707b98f1,18.0,0.0,3.0,10.0,6.0,0.0,18.0,2.0,2.0,0.0,14.0,146.0,61.0,1.0,0.0,0.0,1.0,2.0,11.0,1.0
8d3cd59d,1263.0,72.0,408.0,544.0,324.0,39.0,1263.0,35.0,21.0,13.0,626.0,3618.0,1976.0,53.0,45.0,7.0,25.0,15.0,775.0,95.0
8ec56e62,538.0,478.0,538.0,0.0,0.0,0.0,538.0,0.0,0.0,0.0,273.0,1485.0,780.0,0.0,0.0,0.0,0.0,0.0,202.0,0.0
3f5f38fb,1097.0,145.0,519.0,566.0,22.0,13.0,1097.0,2.0,0.0,2.0,628.0,3830.0,2149.0,8.0,1.0,0.0,4.0,1.0,717.0,3.0
ad92526f,478.0,17.0,111.0,270.0,104.0,6.0,478.0,4.0,2.0,1.0,220.0,1004.0,563.0,9.0,5.0,0.0,9.0,0.0,268.0,6.0
0728bebe,69.0,1.0,11.0,33.0,27.0,2.0,69.0,3.0,1.0,1.0,42.0,239.0,110.0,3.0,4.0,0.0,4.0,2.0,43.0,1.0
ba3d3bea,1197.0,67.0,310.0,757.0,138.0,0.0,1197.0,13.0,5.0,6.0,623.0,2331.0,823.0,6.0,8.0,0.0,4.0,6.0,827.0,13.0
4d1efb48,12.0,4.0,9.0,3.0,0.0,0.0,12.0,0.0,0.0,0.0,1.0,5.0,0.0,0.0,0.0,0.0,0.0,0.0,1.0,0.0
d9624b51,585.0,62.0,216.0,298.0,76.0,10.0,585.0,2.0,1.0,1.0,269.0,1461.0,889.0,20.0,12.0,2.0,11.0,5.0,303.0,16.0
07f8bcc8,387.0,23.0,53.0,158.0,179.0,45.0,387.0,22.0,12.0,8.0,182.0,852.0,329.0,11.0,9.0,6.0,43.0,16.0,247.0,51.0
98a84572,152.0,0.0,21.0,45.0,86.0,25.0,152.0,18.0,4.0,12.0,101.0,668.0,421.0,22.0,7.0,14.0,7.0,5.0,111.0,35.0
31a62dc7,746.0,31.0,244.0,322.0,190.0,15.0,746.0,7.0,2.0,5.0,338.0,1718.0,951.0,23.0,19.0,5.0,12.0,11.0,393.0,57.0
b0f7e36c,187.0,4.0,27.0,74.0,91.0,12.0,187.0,15.0,9.0,6.0,103.0,624.0,380.0,16.0,10.0,5.0,6.0,6.0,122.0,28.0
c316607a,388.0,85.0,250.0,137.0,5.0,2.0,388.0,1.0,0.0,0.0,175.0,942.0,451.0,2.0,2.0,0.0,1.0,3.0,196.0,1.0
b09a3ecc,156.0,4.0,11.0,59.0,86.0,35.0,153.0,1.0,0.0,1.0,70.0,192.0,72.0,4.0,5.0,0.0,15.0,5.0,113.0,18.0
039a4fb6,32.0,1.0,3.0,16.0,15.0,2.0,32.0,4.0,2.0,2.0,20.0,100.0,45.0,2.0,0.0,0.0,1.0,3.0,24.0,5.0
5de3866c,902.0,24.0,207.0,376.0,325.0,31.0,902.0,22.0,2.0,18.0,444.0,2338.0,1041.0,31.0,25.0,5.0,31.0,11.0,567.0,104.0
8b95acda,861.0,107.0,451.0,391.0,20.0,9.0,861.0,2.0,2.0,0.0,512.0,2144.0,1020.0,3.0,1.0,0.0,4.0,2.0,517.0,2.0
04df29a5,438.0,5.0,14.0,202.0,224.0,52.0,437.0,28.0,10.0,16.0,232.0,934.0,281.0,9.0,9.0,1.0,60.0,32.0,311.0,91.0
6499048c,292.0,2.0,28.0,130.0,141.0,18.0,292.0,18.0,7.0,8.0,196.0,1191.0,558.0,14.0,14.0,3.0,12.0,8.0,213.0,41.0
8cabdc1e,1006.0,796.0,996.0,9.0,1.0,0.0,1006.0,0.0,0.0,0.0,564.0,2768.0,1765.0,0.0,0.0,0.0,1.0,0.0,504.0,0.0
8fef5412,11.0,0.0,0.0,8.0,3.0,0.0,11.0,0.0,0.0,0.0,4.0,10.0,5.0,0.0,0.0,0.0,0.0,1.0,6.0,2.0
22ae86f9,476.0,45.0,216.0,219.0,47.0,5.0,476.0,4.0,2.0,2.0,224.0,1145.0,555.0,7.0,8.0,1.0,6.0,2.0,229.0,8.0
45b9b619,181.0,1.0,10.0,89.0,86.0,18.0,181.0,14.0,1.0,9.0,117.0,665.0,234.0,5.0,8.0,6.0,22.0,12.0,143.0,31.0
bfc359ed,8.0,0.0,3.0,0.0,5.0,0.0,8.0,0.0,0.0,0.0,5.0,10.0,4.0,0.0,0.0,0.0,0.0,0.0,5.0,2.0
85a44ecc,935.0,46.0,231.0,562.0,164.0,13.0,935.0,54.0,27.0,25.0,545.0,3452.0,1563.0,30.0,21.0,5.0,41.0,17.0,581.0,41.0
f554e29b,32.0,26.0,31.0,1.0,0.0,0.0,32.0,0.0,0.0,0.0,19.0,95.0,62.0,0.0,0.0,0.0,0.0,0.0,17.0,0.0
16657b95,1387.0,56.0,380.0,886.0,132.0,19.0,1387.0,8.0,6.0,1.0,681.0,2940.0,1379.0,12.0,10.0,3.0,21.0,8.0,890.0,22.0
22cd43d2,130.0,4.0,29.0,75.0,28.0,5.0,130.0,2.0,2.0,0.0,55.0,240.0,64.0,2.0,2.0,1.0,12.0,2.0,74.0,7.0
0ab1f153,866.0,24.0,235.0,412.0,225.0,33.0,866.0,25.0,7.0,13.0,472.0,2340.0,1278.0,22.0,15.0,12.0,21.0,7.0,593.0,75.0
5722eced,115.0,3.0,20.0,55.0,43.0,3.0,115.0,6.0,4.0,2.0,74.0,371.0,141.0,5.0,7.0,2.0,9.0,5.0,64.0,12.0
060606ec,141.0,1.0,37.0,55.0,52.0,10.0,141.0,5.0,1.0,3.0,80.0,713.0,329.0,14.0,4.0,5.0,4.0,5.0,89.0,19.0
44eb9093,141.0,14.0,59.0,66.0,16.0,2.0,141.0,1.0,0.0,1.0,85.0,334.0,199.0,2.0,3.0,1.0,2.0,1.0,87.0,4.0
f778fe3f,129.0,0.0,17.0,61.0,53.0,12.0,129.0,11.0,3.0,6.0,81.0,535.0,314.0,11.0,4.0,5.0,11.0,7.0,91.0,29.0
7ef972c3,816.0,141.0,479.0,321.0,24.0,8.0,816.0,3.0,1.0,2.0,440.0,2353.0,1228.0,9.0,4.0,0.0,5.0,1.0,505.0,4.0
94b2001f,1620.0,177.0,692.0,787.0,149.0,31.0,1620.0,14.0,3.0,7.0,828.0,3772.0,2038.0,21.0,15.0,0.0,14.0,5.0,1054.0,30.0
96e0490d,823.0,38.0,244.0,398.0,187.0,21.0,823.0,20.0,7.0,7.0,445.0,1710.0,920.0,12.0,13.0,4.0,9.0,5.0,528.0,74.0
16bb656a,613.0,55.0,307.0,255.0,57.0,12.0,613.0,5.0,1.0,2.0,278.0,1372.0,752.0,14.0,9.0,1.0,5.0,2.0,308.0,9.0
2ef7c612,353.0,7.0,33.0,163.0,164.0,43.0,353.0,34.0,19.0,10.0,195.0,1423.0,818.0,31.0,18.0,7.0,19.0,19.0,226.0,39.0
60e3603d,10.0,0.0,0.0,6.0,4.0,2.0,10.0,0.0,0.0,0.0,10.0,44.0,7.0,0.0,0.0,0.0,1.0,1.0,11.0,3.0
ae4e2852,510.0,21.0,142.0,272.0,99.0,4.0,510.0,6.0,2.0,2.0,263.0,1180.0,583.0,9.0,7.0,0.0,7.0,7.0,321.0,29.0
e74f0e59,304.0,20.0,105.0,138.0,65.0,6.0,304.0,3.0,2.0,0.0,140.0,743.0,403.0,8.0,8.0,0.0,4.0,4.0,153.0,13.0
f4797849,494.0,88.0,318.0,175.0,3.0,0.0,494.0,2.0,1.0,1.0,289.0,1495.0,689.0,1.0,1.0,0.0,5.0,2.0,314.0,0.0
854ee61a,161.0,4.0,20.0,78.0,66.0,17.0,161.0,13.0,5.0,8.0,98.0,391.0,111.0,5.0,2.0,2.0,16.0,4.0,108.0,34.0
0e0d6c53,1.0,0.0,0.0,1.0,0.0,0.0,1.0,0.0,0.0,0.0,1.0,10.0,0.0,0.0,0.0,0.0,0.0,0.0,0.0,0.0
e3cceee6,679.0,130.0,423.0,243.0,19.0,10.0,679.0,5.0,0.0,3.0,274.0,1172.0,380.0,1.0,3.0,1.0,5.0,2.0,290.0,3.0
dc3fa3b5,70.0,2.0,5.0,53.0,12.0,0.0,70.0,1.0,1.0,0.0,43.0,160.0,69.0,1.0,1.0,0.0,1.0,0.0,66.0,0.0
d97f2e8d,643.0,37.0,159.0,283.0,209.0,24.0,643.0,30.0,6.0,19.0,270.0,1237.0,624.0,17.0,9.0,3.0,24.0,12.0,285.0,46.0
d97f2e8d,117.0,6.0,28.0,56.0,34.0,3.0,117.0,7.0,3.0,2.0,73.0,347.0,184.0,2.0,3.0,0.0,2.0,1.0,70.0,6.0
2990c466,2.0,0.0,0.0,2.0,0.0,0.0,2.0,0.0,0.0,0.0,0.0,0.0,0.0,0.0,0.0,0.0,0.0,0.0,0.0,0.0
dcb38abe,356.0,6.0,12.0,126.0,220.0,91.0,355.0,25.0,7.0,17.0,203.0,971.0,388.0,13.0,7.0,17.0,44.0,17.0,256.0,89.0
5976f83e,246.0,7.0,75.0,116.0,61.0,3.0,246.0,17.0,7.0,9.0,133.0,826.0,468.0,11.0,3.0,0.0,3.0,5.0,137.0,12.0
d7d32194,113.0,5.0,8.0,49.0,56.0,25.0,113.0,7.0,2.0,5.0,66.0,253.0,96.0,4.0,1.0,3.0,12.0,5.0,82.0,13.0
39583cfd,725.0,5.0,44.0,295.0,400.0,82.0,725.0,44.0,19.0,21.0,455.0,3177.0,1998.0,72.0,39.0,33.0,22.0,18.0,506.0,118.0
ef94dc2f,9.0,0.0,0.0,4.0,5.0,2.0,9.0,1.0,1.0,0.0,6.0,31.0,6.0,1.0,0.0,0.0,0.0,0.0,6.0,2.0
1fca9171,480.0,12.0,58.0,181.0,248.0,48.0,480.0,24.0,8.0,12.0,291.0,1828.0,948.0,38.0,17.0,16.0,30.0,18.0,324.0,115.0
4e0c8d66,960.0,779.0,955.0,5.0,0.0,0.0,960.0,2.0,2.0,0.0,571.0,3174.0,2153.0,0.0,0.0,0.0,0.0,0.0,502.0,0.0
230a2fac,1925.0,67.0,489.0,956.0,497.0,63.0,1925.0,22.0,6.0,13.0,1175.0,5072.0,2829.0,45.0,37.0,2.0,13.0,14.0,1358.0,116.0
19cda00b,459.0,1.0,45.0,194.0,228.0,21.0,458.0,39.0,15.0,22.0,288.0,1773.0,821.0,24.0,21.0,6.0,18.0,21.0,341.0,38.0
244bc2c8,536.0,12.0,64.0,237.0,244.0,48.0,536.0,51.0,22.0,25.0,390.0,2509.0,845.0,25.0,21.0,8.0,47.0,38.0,430.0,97.0
407feb71,600.0,3.0,40.0,343.0,231.0,36.0,600.0,40.0,21.0,17.0,409.0,2802.0,1562.0,52.0,34.0,10.0,47.0,36.0,448.0,70.0
970b8574,1137.0,37.0,245.0,429.0,473.0,51.0,1137.0,15.0,3.0,10.0,607.0,2730.0,1458.0,34.0,22.0,3.0,16.0,9.0,740.0,149.0
933d3b51,1158.0,90.0,506.0,581.0,77.0,8.0,1158.0,3.0,3.0,0.0,621.0,2124.0,929.0,6.0,7.0,0.0,5.0,4.0,759.0,12.0
6eee05f1,621.0,70.0,320.0,265.0,38.0,6.0,621.0,2.0,1.0,0.0,354.0,1594.0,744.0,4.0,4.0,0.0,4.0,5.0,398.0,4.0
b5f7d10b,1011.0,26.0,244.0,483.0,289.0,14.0,1011.0,19.0,9.0,8.0,618.0,3459.0,1828.0,32.0,30.0,4.0,21.0,8.0,671.0,70.0
2f69d881,605.0,20.0,159.0,228.0,233.0,26.0,605.0,45.0,19.0,19.0,286.0,2112.0,990.0,40.0,23.0,5.0,28.0,15.0,307.0,56.0
20b3a502,1085.0,27.0,211.0,602.0,282.0,23.0,1085.0,25.0,15.0,9.0,539.0,2252.0,1041.0,25.0,27.0,3.0,40.0,17.0,711.0,56.0
22051fbe,233.0,17.0,106.0,97.0,33.0,1.0,233.0,2.0,0.0,2.0,139.0,524.0,259.0,3.0,5.0,0.0,1.0,0.0,166.0,8.0
085e71a7,757.0,627.0,754.0,3.0,0.0,0.0,757.0,0.0,0.0,0.0,441.0,2284.0,1380.0,0.0,0.0,0.0,0.0,0.0,348.0,0.0
79ca3e23,214.0,5.0,25.0,137.0,53.0,5.0,214.0,14.0,8.0,5.0,107.0,531.0,181.0,3.0,3.0,0.0,6.0,6.0,104.0,10.0
481c9ece,725.0,27.0,148.0,310.0,282.0,63.0,725.0,27.0,9.0,12.0,386.0,2148.0,1119.0,36.0,24.0,13.0,26.0,12.0,449.0,104.0
528492ea,360.0,5.0,51.0,215.0,99.0,3.0,360.0,12.0,5.0,6.0,208.0,1000.0,432.0,9.0,13.0,1.0,10.0,10.0,238.0,19.0
e0921a4f,783.0,1.0,67.0,396.0,329.0,55.0,781.0,42.0,16.0,21.0,485.0,2890.0,1254.0,40.0,31.0,14.0,47.0,24.0,567.0,77.0
3bb7f478,603.0,27.0,61.0,280.0,270.0,87.0,603.0,19.0,5.0,13.0,318.0,1443.0,543.0,23.0,10.0,8.0,41.0,13.0,465.0,114.0
dbfa4f16,57.0,2.0,10.0,23.0,25.0,5.0,57.0,7.0,3.0,3.0,34.0,246.0,145.0,9.0,4.0,1.0,5.0,2.0,34.0,8.0
9ba7b4fa,667.0,51.0,292.0,306.0,72.0,0.0,667.0,7.0,4.0,1.0,338.0,1593.0,869.0,11.0,7.0,1.0,8.0,3.0,383.0,20.0
6af30900,555.0,51.0,223.0,234.0,105.0,13.0,555.0,13.0,4.0,4.0,283.0,1298.0,617.0,11.0,10.0,2.0,6.0,6.0,308.0,26.0
a9202def,793.0,29.0,192.0,403.0,208.0,32.0,793.0,30.0,12.0,14.0,453.0,2094.0,957.0,18.0,17.0,8.0,32.0,15.0,524.0,33.0
76b2817e,482.0,28.0,154.0,167.0,165.0,18.0,482.0,20.0,5.0,11.0,241.0,1461.0,669.0,20.0,10.0,3.0,11.0,8.0,244.0,45.0
f503ea63,451.0,23.0,114.0,263.0,79.0,11.0,451.0,5.0,4.0,0.0,231.0,1029.0,359.0,4.0,9.0,0.0,16.0,6.0,249.0,7.0
c20892ee,6.0,0.0,1.0,4.0,2.0,0.0,6.0,1.0,0.0,1.0,3.0,56.0,43.0,1.0,1.0,0.0,0.0,0.0,3.0,1.0
c55967eb,60.0,3.0,11.0,31.0,19.0,0.0,60.0,3.0,1.0,1.0,21.0,209.0,80.0,3.0,2.0,0.0,2.0,2.0,25.0,4.0
cf007308,626.0,8.0,74.0,290.0,270.0,33.0,625.0,32.0,14.0,14.0,385.0,1947.0,1045.0,22.0,21.0,8.0,19.0,15.0,490.0,53.0
0fee6bda,1006.0,135.0,585.0,420.0,5.0,1.0,1006.0,2.0,1.0,1.0,582.0,2685.0,1378.0,4.0,1.0,1.0,10.0,1.0,625.0,0.0
3f79a1c8,352.0,16.0,103.0,199.0,56.0,7.0,352.0,5.0,1.0,3.0,174.0,660.0,341.0,3.0,4.0,0.0,7.0,7.0,226.0,8.0
5cf5c9ad,153.0,3.0,31.0,95.0,28.0,1.0,153.0,5.0,2.0,0.0,79.0,293.0,127.0,1.0,0.0,1.0,4.0,3.0,102.0,1.0
366be751,388.0,10.0,67.0,219.0,106.0,7.0,388.0,8.0,3.0,4.0,235.0,1082.0,449.0,15.0,7.0,1.0,18.0,15.0,269.0,26.0
9f5a610b,861.0,720.0,859.0,2.0,0.0,0.0,861.0,0.0,0.0,0.0,431.0,2705.0,1459.0,0.0,0.0,0.0,0.0,0.0,286.0,0.0
aae9d04a,298.0,19.0,80.0,131.0,88.0,13.0,298.0,8.0,3.0,5.0,121.0,384.0,169.0,3.0,3.0,1.0,3.0,2.0,139.0,10.0
4e358a2d,669.0,82.0,312.0,307.0,56.0,15.0,669.0,8.0,4.0,4.0,345.0,1505.0,876.0,13.0,11.0,1.0,11.0,5.0,356.0,4.0
06b08c45,155.0,9.0,65.0,65.0,27.0,3.0,155.0,10.0,2.0,7.0,79.0,349.0,109.0,1.0,3.0,0.0,6.0,10.0,82.0,12.0
ee64a822,726.0,23.0,144.0,376.0,212.0,44.0,726.0,12.0,6.0,4.0,362.0,1308.0,539.0,14.0,18.0,5.0,24.0,11.0,535.0,61.0
d0dbca9f,560.0,51.0,276.0,265.0,25.0,5.0,560.0,6.0,3.0,3.0,304.0,1591.0,849.0,7.0,1.0,0.0,10.0,3.0,308.0,3.0
d0dbca9f,368.0,30.0,191.0,169.0,13.0,0.0,368.0,4.0,1.0,3.0,181.0,772.0,278.0,1.0,3.0,0.0,3.0,1.0,181.0,1.0
eb76987d,72.0,8.0,27.0,36.0,9.0,0.0,72.0,0.0,0.0,0.0,42.0,168.0,78.0,0.0,0.0,0.0,1.0,1.0,53.0,1.0
e288d4b3,85.0,2.0,21.0,41.0,23.0,1.0,85.0,0.0,0.0,0.0,51.0,177.0,59.0,0.0,1.0,0.0,1.0,0.0,47.0,5.0
2a7d27c1,963.0,46.0,198.0,482.0,298.0,66.0,963.0,53.0,26.0,19.0,545.0,3122.0,1522.0,50.0,41.0,14.0,39.0,29.0,659.0,68.0
c235e803,417.0,53.0,253.0,158.0,7.0,1.0,417.0,0.0,0.0,0.0,180.0,769.0,397.0,1.0,0.0,1.0,1.0,0.0,242.0,1.0
8f866fe8,531.0,20.0,63.0,206.0,264.0,56.0,531.0,15.0,2.0,11.0,314.0,1362.0,515.0,16.0,10.0,6.0,33.0,18.0,407.0,65.0
3b387cc7,36.0,0.0,1.0,21.0,14.0,3.0,36.0,2.0,0.0,2.0,25.0,99.0,30.0,1.0,0.0,1.0,0.0,3.0,24.0,3.0
ce30bfc8,237.0,8.0,54.0,109.0,76.0,20.0,237.0,4.0,0.0,3.0,115.0,681.0,358.0,12.0,3.0,1.0,2.0,2.0,158.0,17.0
8dfed6e9,75.0,1.0,2.0,45.0,29.0,7.0,75.0,6.0,3.0,3.0,41.0,184.0,48.0,2.0,0.0,2.0,8.0,4.0,57.0,9.0
dd403465,39.0,1.0,8.0,23.0,8.0,0.0,39.0,1.0,0.0,1.0,26.0,85.0,32.0,0.0,0.0,0.0,2.0,0.0,25.0,2.0
c74d63ac,961.0,51.0,303.0,411.0,261.0,7.0,961.0,16.0,11.0,4.0,436.0,2703.0,1562.0,43.0,27.0,3.0,17.0,7.0,458.0,36.0
18dd3219,440.0,40.0,217.0,200.0,26.0,10.0,440.0,0.0,0.0,0.0,266.0,1389.0,780.0,5.0,3.0,0.0,2.0,2.0,303.0,2.0
822ed0ec,1223.0,71.0,442.0,519.0,275.0,10.0,1223.0,20.0,9.0,8.0,503.0,2727.0,1608.0,32.0,21.0,3.0,34.0,9.0,516.0,64.0
71dc23da,259.0,14.0,69.0,99.0,92.0,5.0,259.0,7.0,0.0,7.0,102.0,516.0,252.0,3.0,3.0,1.0,5.0,4.0,120.0,30.0
9c435456,71.0,6.0,36.0,33.0,2.0,0.0,71.0,0.0,0.0,0.0,42.0,247.0,99.0,1.0,1.0,0.0,1.0,1.0,46.0,2.0
548bd0de,34.0,0.0,1.0,20.0,13.0,3.0,34.0,2.0,0.0,2.0,17.0,91.0,50.0,3.0,1.0,1.0,1.0,1.0,27.0,5.0
16ceb862,563.0,19.0,43.0,249.0,279.0,113.0,562.0,9.0,4.0,5.0,244.0,696.0,272.0,10.0,8.0,6.0,50.0,11.0,434.0,105.0
f0f7f62f,131.0,116.0,131.0,0.0,0.0,0.0,131.0,0.0,0.0,0.0,104.0,423.0,217.0,0.0,0.0,0.0,0.0,0.0,91.0,0.0
f025eade,784.0,37.0,180.0,400.0,215.0,26.0,784.0,38.0,10.0,22.0,391.0,1956.0,752.0,12.0,13.0,5.0,34.0,19.0,456.0,45.0
2374aaca,444.0,3.0,29.0,205.0,216.0,45.0,443.0,37.0,10.0,19.0,284.0,1907.0,827.0,24.0,18.0,5.0,31.0,8.0,338.0,69.0
2d970560,403.0,10.0,90.0,148.0,168.0,20.0,403.0,9.0,5.0,4.0,209.0,914.0,440.0,17.0,10.0,3.0,12.0,0.0,247.0,54.0
6cc97b6a,316.0,32.0,117.0,167.0,34.0,4.0,316.0,3.0,0.0,3.0,126.0,587.0,228.0,2.0,3.0,0.0,6.0,5.0,168.0,5.0
49136c42,16.0,0.0,8.0,8.0,0.0,0.0,16.0,0.0,0.0,0.0,7.0,42.0,22.0,1.0,0.0,0.0,0.0,1.0,10.0,0.0
f1f1f238,557.0,82.0,283.0,252.0,29.0,10.0,557.0,4.0,3.0,1.0,221.0,1219.0,733.0,7.0,6.0,0.0,3.0,1.0,230.0,3.0
f9758dae,687.0,24.0,118.0,282.0,293.0,63.0,687.0,24.0,6.0,17.0,384.0,2013.0,721.0,20.0,21.0,10.0,48.0,29.0,465.0,96.0
0be276c6,524.0,63.0,271.0,251.0,8.0,1.0,524.0,1.0,0.0,1.0,257.0,1408.0,718.0,5.0,0.0,0.0,1.0,1.0,298.0,1.0
9250bcff,131.0,0.0,2.0,67.0,62.0,21.0,131.0,4.0,2.0,2.0,71.0,245.0,48.0,1.0,2.0,2.0,11.0,5.0,100.0,27.0
fa449bba,434.0,36.0,150.0,186.0,100.0,15.0,434.0,5.0,1.0,3.0,212.0,772.0,387.0,9.0,12.0,2.0,16.0,8.0,259.0,18.0
74419746,362.0,296.0,359.0,2.0,1.0,0.0,362.0,0.0,0.0,0.0,204.0,1044.0,844.0,0.0,0.0,0.0,1.0,0.0,217.0,0.0
65fd099c,187.0,10.0,25.0,102.0,64.0,4.0,187.0,4.0,2.0,2.0,105.0,600.0,231.0,7.0,7.0,1.0,5.0,8.0,129.0,15.0
3b333ac3,823.0,38.0,219.0,344.0,263.0,29.0,823.0,9.0,4.0,3.0,395.0,1804.0,901.0,16.0,13.0,1.0,8.0,7.0,504.0,73.0
d7918b13,456.0,14.0,103.0,265.0,93.0,12.0,456.0,5.0,0.0,5.0,281.0,1311.0,575.0,9.0,7.0,0.0,11.0,3.0,324.0,23.0
ffed43e3,148.0,13.0,71.0,73.0,7.0,0.0,148.0,1.0,0.0,1.0,94.0,571.0,361.0,1.0,2.0,0.0,0.0,0.0,90.0,0.0
a2d9f138,535.0,15.0,93.0,296.0,151.0,12.0,535.0,22.0,12.0,6.0,344.0,1907.0,947.0,15.0,22.0,1.0,11.0,6.0,393.0,26.0
9ef42479,374.0,15.0,25.0,160.0,192.0,48.0,374.0,14.0,3.0,11.0,193.0,618.0,181.0,3.0,7.0,1.0,52.0,25.0,303.0,58.0
d4c9725f,1258.0,44.0,309.0,629.0,339.0,46.0,1257.0,50.0,14.0,24.0,672.0,4992.0,2886.0,72.0,49.0,13.0,31.0,11.0,735.0,88.0
12806697,923.0,92.0,512.0,379.0,44.0,11.0,923.0,17.0,7.0,7.0,401.0,1836.0,883.0,12.0,8.0,0.0,18.0,8.0,401.0,2.0
d4456fb3,1050.0,73.0,313.0,599.0,147.0,5.0,1050.0,9.0,5.0,0.0,468.0,2122.0,773.0,7.0,12.0,0.0,19.0,15.0,471.0,5.0
c2357b65,803.0,42.0,179.0,318.0,317.0,40.0,803.0,42.0,16.0,21.0,339.0,2511.0,1118.0,40.0,24.0,10.0,47.0,23.0,430.0,82.0
b85bf253,258.0,12.0,66.0,142.0,54.0,3.0,258.0,14.0,8.0,6.0,131.0,680.0,345.0,6.0,4.0,1.0,4.0,3.0,141.0,10.0
d8800a46,251.0,19.0,101.0,122.0,29.0,3.0,251.0,3.0,0.0,3.0,112.0,510.0,270.0,2.0,2.0,0.0,3.0,0.0,133.0,3.0
1f2d714c,121.0,4.0,17.0,59.0,47.0,6.0,121.0,11.0,3.0,8.0,63.0,414.0,171.0,7.0,6.0,2.0,8.0,3.0,77.0,12.0
2f3452eb,736.0,39.0,273.0,356.0,112.0,5.0,736.0,8.0,2.0,5.0,370.0,1794.0,971.0,23.0,14.0,2.0,13.0,7.0,438.0,27.0
491a433d,442.0,4.0,13.0,166.0,269.0,83.0,442.0,40.0,13.0,16.0,301.0,1663.0,528.0,20.0,17.0,18.0,56.0,38.0,361.0,141.0
82efe6fa,1522.0,169.0,780.0,714.0,52.0,18.0,1522.0,14.0,8.0,5.0,907.0,5132.0,2989.0,20.0,13.0,2.0,16.0,15.0,972.0,8.0
4cde5509,15.0,1.0,1.0,9.0,5.0,0.0,15.0,1.0,0.0,1.0,9.0,44.0,10.0,0.0,0.0,0.0,3.0,0.0,11.0,1.0
a4e85758,1009.0,78.0,418.0,562.0,37.0,7.0,1009.0,8.0,5.0,2.0,628.0,3888.0,2396.0,14.0,11.0,0.0,6.0,7.0,661.0,1.0
42eaa028,635.0,5.0,55.0,253.0,339.0,74.0,635.0,47.0,22.0,21.0,438.0,3384.0,1503.0,52.0,31.0,34.0,45.0,31.0,491.0,118.0
bb376bed,490.0,26.0,98.0,250.0,149.0,11.0,490.0,16.0,6.0,8.0,219.0,1427.0,609.0,18.0,13.0,4.0,17.0,5.0,238.0,20.0
bb376bed,150.0,3.0,19.0,97.0,36.0,1.0,150.0,2.0,1.0,1.0,79.0,439.0,202.0,2.0,5.0,0.0,2.0,1.0,102.0,5.0
ba492306,61.0,1.0,15.0,18.0,30.0,1.0,61.0,5.0,1.0,3.0,33.0,292.0,134.0,6.0,7.0,0.0,5.0,2.0,36.0,9.0
a47c6309,58.0,4.0,12.0,34.0,12.0,0.0,58.0,2.0,1.0,1.0,39.0,240.0,86.0,2.0,4.0,0.0,2.0,2.0,38.0,3.0
a47c6309,10.0,0.0,0.0,9.0,1.0,0.0,10.0,0.0,0.0,0.0,8.0,37.0,19.0,1.0,0.0,0.0,0.0,0.0,9.0,2.0
4431aed2,566.0,12.0,36.0,237.0,300.0,109.0,563.0,30.0,11.0,17.0,327.0,1957.0,762.0,30.0,15.0,18.0,38.0,16.0,443.0,116.0
6b635f5c,904.0,186.0,566.0,321.0,19.0,14.0,904.0,1.0,1.0,0.0,469.0,2355.0,1137.0,7.0,0.0,0.0,2.0,1.0,508.0,0.0
89976232,1060.0,93.0,516.0,479.0,75.0,11.0,1060.0,12.0,4.0,6.0,588.0,2874.0,1574.0,17.0,6.0,1.0,7.0,6.0,689.0,14.0
8c65eb5f,36.0,4.0,7.0,14.0,16.0,1.0,36.0,2.0,1.0,1.0,17.0,67.0,40.0,0.0,2.0,0.0,1.0,0.0,22.0,1.0
4a537185,17.0,1.0,2.0,12.0,4.0,0.0,17.0,1.0,1.0,0.0,7.0,70.0,8.0,0.0,1.0,0.0,0.0,0.0,12.0,0.0
79083382,513.0,43.0,209.0,298.0,9.0,6.0,513.0,0.0,0.0,0.0,321.0,1642.0,889.0,3.0,1.0,0.0,3.0,0.0,349.0,1.0
dc765618,61.0,4.0,17.0,23.0,23.0,0.0,61.0,0.0,0.0,0.0,26.0,100.0,43.0,1.0,2.0,0.0,3.0,1.0,28.0,0.0
4d8cd038,323.0,9.0,20.0,149.0,156.0,58.0,322.0,11.0,6.0,5.0,156.0,621.0,191.0,4.0,4.0,4.0,21.0,13.0,240.0,48.0
570bb4b9,308.0,3.0,43.0,142.0,127.0,24.0,308.0,15.0,4.0,9.0,194.0,1312.0,600.0,14.0,7.0,7.0,16.0,23.0,226.0,36.0
f95f49d2,270.0,2.0,21.0,97.0,158.0,30.0,270.0,24.0,6.0,12.0,181.0,1298.0,594.0,27.0,17.0,11.0,21.0,15.0,192.0,49.0
85f7d1be,1453.0,102.0,695.0,678.0,95.0,13.0,1453.0,8.0,4.0,3.0,837.0,4843.0,2571.0,27.0,15.0,0.0,13.0,2.0,940.0,21.0
8b66d9cc,182.0,2.0,12.0,65.0,108.0,18.0,182.0,32.0,13.0,15.0,119.0,828.0,285.0,12.0,3.0,6.0,17.0,9.0,141.0,47.0
9f84febe,398.0,28.0,136.0,170.0,97.0,8.0,398.0,6.0,0.0,5.0,201.0,927.0,440.0,14.0,6.0,2.0,11.0,6.0,232.0,31.0
7ae36711,243.0,6.0,75.0,105.0,65.0,3.0,243.0,10.0,6.0,3.0,127.0,728.0,374.0,9.0,10.0,1.0,11.0,7.0,144.0,21.0
2a82aa85,220.0,2.0,30.0,116.0,75.0,9.0,220.0,7.0,2.0,4.0,136.0,896.0,411.0,11.0,7.0,2.0,8.0,5.0,158.0,24.0
3d50bcdb,265.0,3.0,28.0,121.0,122.0,43.0,265.0,27.0,8.0,16.0,167.0,1081.0,476.0,23.0,9.0,13.0,21.0,18.0,199.0,58.0
dc3e663e,953.0,177.0,594.0,307.0,58.0,15.0,953.0,7.0,5.0,2.0,464.0,2749.0,1395.0,13.0,3.0,1.0,8.0,5.0,498.0,6.0
8b8a56ce,477.0,50.0,249.0,222.0,8.0,1.0,477.0,0.0,0.0,0.0,277.0,1132.0,659.0,0.0,1.0,0.0,1.0,0.0,329.0,0.0
a26fb8aa,1494.0,74.0,373.0,662.0,472.0,41.0,1490.0,32.0,15.0,16.0,822.0,4078.0,2064.0,39.0,42.0,6.0,34.0,21.0,1016.0,67.0
b1cd37e6,988.0,20.0,156.0,408.0,435.0,36.0,988.0,28.0,10.0,15.0,525.0,3046.0,1635.0,62.0,31.0,14.0,38.0,12.0,628.0,144.0
58e933d2,755.0,4.0,59.0,254.0,449.0,92.0,755.0,54.0,15.0,30.0,463.0,2387.0,1091.0,44.0,25.0,21.0,65.0,32.0,561.0,171.0
9d60028d,212.0,7.0,36.0,111.0,66.0,11.0,212.0,1.0,1.0,0.0,109.0,429.0,156.0,1.0,2.0,1.0,7.0,0.0,136.0,19.0
b804c280,4.0,0.0,0.0,2.0,2.0,0.0,4.0,0.0,0.0,0.0,1.0,2.0,0.0,0.0,0.0,0.0,1.0,0.0,2.0,2.0
b4101c2e,5.0,0.0,0.0,1.0,4.0,0.0,5.0,0.0,0.0,0.0,3.0,36.0,11.0,1.0,0.0,0.0,1.0,0.0,3.0,1.0
817c6964,456.0,25.0,129.0,257.0,77.0,14.0,456.0,11.0,7.0,3.0,217.0,1261.0,677.0,14.0,16.0,2.0,8.0,5.0,252.0,13.0
a40819d9,161.0,13.0,82.0,77.0,5.0,2.0,161.0,0.0,0.0,0.0,102.0,431.0,183.0,1.0,1.0,0.0,2.0,0.0,122.0,0.0
dea88efd,821.0,5.0,73.0,255.0,505.0,118.0,820.0,108.0,33.0,63.0,525.0,3353.0,1725.0,76.0,27.0,54.0,46.0,33.0,627.0,164.0
0a483542,87.0,4.0,23.0,27.0,37.0,2.0,87.0,4.0,4.0,0.0,46.0,289.0,148.0,4.0,2.0,0.0,3.0,3.0,59.0,17.0
0a483542,505.0,14.0,140.0,187.0,186.0,16.0,505.0,31.0,14.0,15.0,312.0,1875.0,1061.0,17.0,15.0,5.0,14.0,18.0,333.0,46.0
c283ddef,267.0,7.0,18.0,145.0,108.0,24.0,267.0,19.0,9.0,10.0,179.0,755.0,312.0,12.0,7.0,3.0,31.0,13.0,222.0,42.0
c283ddef,358.0,12.0,35.0,151.0,179.0,49.0,358.0,23.0,10.0,12.0,193.0,1064.0,354.0,9.0,12.0,6.0,37.0,14.0,268.0,67.0
09538fdb,392.0,9.0,46.0,153.0,201.0,56.0,392.0,30.0,9.0,16.0,216.0,1364.0,588.0,28.0,16.0,11.0,44.0,32.0,259.0,88.0
2d22cea7,708.0,5.0,50.0,267.0,406.0,59.0,707.0,74.0,29.0,34.0,483.0,4024.0,2122.0,86.0,42.0,34.0,37.0,39.0,529.0,158.0
016ff750,785.0,29.0,149.0,320.0,325.0,22.0,785.0,26.0,12.0,9.0,381.0,1935.0,1042.0,38.0,21.0,8.0,15.0,4.0,454.0,70.0
93088fbb,4.0,0.0,0.0,2.0,2.0,1.0,4.0,0.0,0.0,0.0,2.0,5.0,0.0,0.0,0.0,0.0,1.0,2.0,3.0,3.0
5128bde4,751.0,22.0,137.0,285.0,343.0,49.0,751.0,37.0,10.0,24.0,373.0,2342.0,1355.0,53.0,29.0,17.0,29.0,8.0,445.0,124.0
02caf6e0,933.0,31.0,307.0,454.0,183.0,18.0,933.0,22.0,7.0,13.0,505.0,3854.0,2544.0,62.0,42.0,12.0,16.0,3.0,608.0,47.0
20730eae,758.0,9.0,42.0,322.0,411.0,105.0,758.0,96.0,42.0,46.0,509.0,4743.0,2344.0,86.0,61.0,50.0,44.0,28.0,588.0,155.0
7d3cbc67,829.0,24.0,186.0,358.0,298.0,39.0,829.0,40.0,15.0,22.0,466.0,2324.0,1019.0,31.0,19.0,6.0,48.0,31.0,547.0,100.0
d023d70f,876.0,27.0,138.0,530.0,212.0,18.0,876.0,16.0,5.0,11.0,443.0,2188.0,1130.0,19.0,20.0,3.0,22.0,10.0,564.0,29.0
a3695ac2,34.0,2.0,10.0,11.0,13.0,1.0,34.0,0.0,0.0,0.0,17.0,157.0,81.0,6.0,1.0,0.0,1.0,1.0,20.0,4.0
bba30585,0.0,0.0,0.0,0.0,0.0,0.0,0.0,0.0,0.0,0.0,0.0,0.0,0.0,0.0,0.0,0.0,0.0,0.0,0.0,0.0
e1cbb531,1623.0,47.0,345.0,1065.0,223.0,8.0,1623.0,15.0,9.0,3.0,1031.0,5026.0,1981.0,28.0,38.0,5.0,17.0,9.0,1257.0,24.0
a8a874f1,1098.0,57.0,312.0,614.0,185.0,11.0,1098.0,18.0,10.0,7.0,511.0,2009.0,925.0,19.0,12.0,3.0,20.0,15.0,718.0,19.0
c8ad0857,649.0,67.0,332.0,282.0,45.0,5.0,649.0,6.0,4.0,2.0,342.0,1938.0,1200.0,12.0,13.0,0.0,8.0,4.0,368.0,3.0
7c104bb7,711.0,1.0,47.0,299.0,373.0,94.0,708.0,56.0,25.0,25.0,466.0,2753.0,1417.0,59.0,21.0,26.0,38.0,45.0,552.0,152.0
20094685,987.0,36.0,252.0,579.0,165.0,7.0,987.0,15.0,4.0,11.0,614.0,3306.0,1659.0,30.0,29.0,2.0,9.0,9.0,745.0,22.0
5fa57166,242.0,26.0,133.0,103.0,9.0,0.0,242.0,0.0,0.0,0.0,136.0,505.0,305.0,1.0,0.0,0.0,3.0,2.0,152.0,1.0
966eea58,778.0,21.0,117.0,396.0,281.0,32.0,778.0,23.0,8.0,13.0,451.0,2401.0,1051.0,25.0,21.0,6.0,33.0,10.0,507.0,57.0
a69e4806,570.0,6.0,59.0,192.0,329.0,59.0,569.0,51.0,28.0,17.0,397.0,2730.0,1689.0,65.0,15.0,14.0,32.0,9.0,423.0,138.0
80490d7f,1225.0,171.0,684.0,520.0,29.0,11.0,1225.0,2.0,2.0,0.0,666.0,3508.0,1923.0,16.0,7.0,2.0,9.0,5.0,754.0,3.0
921f6058,352.0,31.0,153.0,182.0,20.0,5.0,352.0,2.0,2.0,0.0,174.0,812.0,359.0,3.0,1.0,1.0,2.0,1.0,199.0,2.0
5eae500a,193.0,3.0,6.0,62.0,125.0,43.0,192.0,8.0,2.0,6.0,117.0,500.0,163.0,6.0,5.0,5.0,17.0,9.0,167.0,60.0
c6e8cf1f,850.0,29.0,129.0,537.0,190.0,23.0,849.0,7.0,1.0,4.0,448.0,2360.0,1057.0,26.0,18.0,4.0,17.0,8.0,556.0,33.0
997fff07,1230.0,265.0,739.0,472.0,26.0,9.0,1230.0,2.0,2.0,0.0,674.0,3049.0,1673.0,7.0,4.0,1.0,4.0,3.0,696.0,3.0
5efc5389,740.0,28.0,203.0,344.0,201.0,4.0,740.0,10.0,4.0,6.0,392.0,1751.0,996.0,29.0,19.0,0.0,7.0,1.0,470.0,38.0
957e4c87,452.0,12.0,103.0,281.0,69.0,5.0,452.0,2.0,0.0,2.0,232.0,830.0,322.0,5.0,2.0,0.0,14.0,3.0,277.0,10.0
cce9f582,290.0,49.0,146.0,135.0,10.0,3.0,290.0,1.0,1.0,0.0,120.0,548.0,203.0,0.0,3.0,1.0,4.0,0.0,113.0,0.0
fcb38f57,300.0,235.0,300.0,0.0,0.0,0.0,300.0,0.0,0.0,0.0,223.0,1175.0,756.0,0.0,0.0,0.0,0.0,0.0,190.0,0.0
22bfb57e,393.0,11.0,64.0,223.0,112.0,6.0,393.0,14.0,10.0,1.0,258.0,1514.0,686.0,18.0,17.0,0.0,15.0,11.0,290.0,31.0
2bffcbf2,4.0,0.0,1.0,1.0,2.0,1.0,4.0,1.0,1.0,0.0,2.0,11.0,0.0,0.0,0.0,0.0,0.0,0.0,3.0,0.0
801831fe,167.0,6.0,21.0,74.0,73.0,10.0,167.0,11.0,4.0,6.0,83.0,493.0,212.0,7.0,6.0,2.0,13.0,2.0,102.0,21.0
4c8845f7,150.0,4.0,18.0,79.0,53.0,11.0,150.0,3.0,1.0,2.0,93.0,321.0,144.0,3.0,4.0,1.0,6.0,6.0,96.0,17.0
4c8845f7,134.0,6.0,36.0,60.0,39.0,4.0,134.0,2.0,1.0,1.0,66.0,252.0,113.0,5.0,4.0,1.0,2.0,6.0,74.0,9.0
48d5bd33,425.0,2.0,61.0,220.0,152.0,8.0,425.0,20.0,8.0,10.0,278.0,1473.0,642.0,19.0,17.0,3.0,21.0,9.0,303.0,36.0
5aa53281,1331.0,147.0,655.0,617.0,72.0,19.0,1331.0,9.0,4.0,3.0,799.0,3632.0,2240.0,10.0,10.0,0.0,9.0,5.0,949.0,11.0
c7259b83,720.0,20.0,104.0,399.0,225.0,26.0,720.0,7.0,2.0,5.0,365.0,1551.0,802.0,14.0,14.0,3.0,10.0,5.0,431.0,35.0
f794b426,18.0,17.0,18.0,0.0,0.0,0.0,18.0,0.0,0.0,0.0,7.0,23.0,13.0,0.0,0.0,0.0,0.0,0.0,6.0,0.0
91d0fabf,122.0,6.0,31.0,66.0,27.0,0.0,122.0,4.0,1.0,3.0,71.0,295.0,160.0,2.0,5.0,0.0,2.0,2.0,77.0,8.0
8650af85,963.0,146.0,515.0,420.0,34.0,10.0,963.0,2.0,0.0,1.0,526.0,2797.0,1795.0,8.0,6.0,0.0,5.0,1.0,587.0,1.0
aa54ec6f,978.0,154.0,538.0,421.0,21.0,11.0,978.0,2.0,1.0,1.0,527.0,2517.0,1245.0,2.0,6.0,0.0,4.0,2.0,626.0,1.0
7fac99d4,1153.0,61.0,318.0,598.0,250.0,8.0,1153.0,22.0,11.0,10.0,688.0,3481.0,1530.0,22.0,28.0,1.0,14.0,15.0,736.0,15.0
cdf65d12,884.0,76.0,400.0,453.0,33.0,5.0,884.0,4.0,1.0,3.0,498.0,2526.0,1339.0,14.0,9.0,0.0,3.0,1.0,618.0,10.0
ea468ea8,93.0,12.0,66.0,25.0,2.0,1.0,93.0,0.0,0.0,0.0,59.0,215.0,95.0,0.0,0.0,0.0,0.0,0.0,64.0,0.0
f7036e1c,770.0,16.0,59.0,333.0,387.0,124.0,769.0,59.0,20.0,28.0,441.0,2007.0,948.0,37.0,22.0,15.0,47.0,33.0,569.0,121.0
3ec3c1c9,1180.0,92.0,548.0,572.0,77.0,29.0,1180.0,10.0,7.0,2.0,680.0,4213.0,2164.0,16.0,22.0,1.0,7.0,2.0,710.0,5.0
d4535821,1610.0,73.0,611.0,796.0,212.0,16.0,1610.0,11.0,6.0,3.0,863.0,3970.0,2231.0,34.0,29.0,4.0,11.0,11.0,1065.0,37.0
de0f152c,274.0,27.0,138.0,116.0,24.0,3.0,274.0,0.0,0.0,0.0,161.0,923.0,475.0,3.0,2.0,1.0,2.0,1.0,161.0,2.0
eb7822d7,1001.0,34.0,238.0,631.0,148.0,15.0,1001.0,14.0,8.0,4.0,597.0,3352.0,1895.0,31.0,27.0,3.0,18.0,12.0,677.0,13.0
3318286e,4.0,4.0,4.0,0.0,0.0,0.0,4.0,0.0,0.0,0.0,3.0,4.0,0.0,0.0,0.0,0.0,0.0,0.0,3.0,0.0
eb0ec070,731.0,35.0,213.0,272.0,256.0,24.0,731.0,52.0,24.0,22.0,392.0,2771.0,1487.0,45.0,36.0,8.0,30.0,20.0,414.0,72.0
01c3aff5,527.0,25.0,115.0,250.0,164.0,22.0,527.0,8.0,5.0,3.0,231.0,1171.0,678.0,19.0,11.0,2.0,20.0,12.0,349.0,54.0
563a68ad,1050.0,113.0,446.0,558.0,54.0,0.0,1050.0,5.0,4.0,1.0,546.0,2020.0,869.0,1.0,3.0,0.0,6.0,4.0,670.0,5.0
5cec2c74,680.0,26.0,189.0,386.0,114.0,8.0,680.0,27.0,8.0,10.0,378.0,1949.0,873.0,13.0,9.0,3.0,17.0,18.0,418.0,16.0
9413b19f,698.0,611.0,697.0,1.0,0.0,0.0,698.0,0.0,0.0,0.0,381.0,1644.0,902.0,0.0,0.0,0.0,0.0,0.0,339.0,0.0
c730da00,8.0,2.0,5.0,3.0,0.0,0.0,8.0,0.0,0.0,0.0,3.0,12.0,1.0,0.0,0.0,0.0,2.0,0.0,2.0,0.0
f49c4ae9,519.0,21.0,83.0,229.0,217.0,35.0,519.0,37.0,17.0,14.0,302.0,1929.0,1032.0,28.0,28.0,8.0,19.0,9.0,345.0,88.0
b2561711,19.0,0.0,1.0,7.0,12.0,2.0,19.0,2.0,1.0,1.0,13.0,71.0,38.0,2.0,1.0,0.0,3.0,1.0,14.0,1.0
bee704fc,1045.0,96.0,472.0,523.0,57.0,27.0,1045.0,0.0,0.0,0.0,590.0,2408.0,1155.0,7.0,8.0,0.0,5.0,0.0,636.0,2.0
85613cf0,381.0,10.0,29.0,186.0,171.0,46.0,381.0,10.0,5.0,3.0,210.0,858.0,350.0,8.0,11.0,1.0,31.0,9.0,299.0,53.0
4e6dbac4,1536.0,49.0,280.0,868.0,402.0,43.0,1536.0,45.0,20.0,21.0,908.0,3789.0,1449.0,31.0,22.0,7.0,69.0,42.0,1223.0,77.0
9fa26bc2,1129.0,803.0,1115.0,15.0,1.0,1.0,1129.0,0.0,0.0,0.0,703.0,4592.0,2634.0,0.0,0.0,0.0,1.0,1.0,580.0,0.0
e0f8151c,2043.0,232.0,886.0,1115.0,54.0,18.0,2043.0,4.0,1.0,3.0,1224.0,5368.0,3057.0,23.0,9.0,1.0,12.0,7.0,1491.0,6.0
a9aa0d1d,686.0,6.0,40.0,356.0,294.0,34.0,686.0,29.0,9.0,16.0,444.0,2445.0,1158.0,34.0,33.0,6.0,35.0,19.0,547.0,73.0
34693494,501.0,11.0,76.0,252.0,180.0,36.0,501.0,27.0,9.0,16.0,285.0,1391.0,721.0,21.0,13.0,4.0,29.0,19.0,343.0,67.0
dd0daf32,866.0,22.0,130.0,483.0,266.0,26.0,866.0,16.0,5.0,9.0,496.0,2765.0,1351.0,33.0,30.0,7.0,30.0,13.0,604.0,48.0
54ab971f,139.0,6.0,29.0,47.0,65.0,1.0,139.0,4.0,2.0,1.0,79.0,416.0,275.0,9.0,5.0,0.0,4.0,2.0,85.0,22.0
ca73910d,79.0,2.0,4.0,31.0,44.0,18.0,79.0,4.0,0.0,4.0,42.0,141.0,44.0,1.0,1.0,1.0,9.0,4.0,61.0,10.0
c1d95617,861.0,691.0,852.0,11.0,0.0,0.0,861.0,0.0,0.0,0.0,391.0,2633.0,1427.0,0.0,1.0,0.0,4.0,0.0,310.0,0.0
ff579c7e,327.0,14.0,76.0,195.0,61.0,7.0,327.0,7.0,7.0,0.0,168.0,638.0,291.0,5.0,4.0,1.0,3.0,1.0,202.0,15.0
efc9e31f,505.0,16.0,40.0,225.0,242.0,57.0,505.0,38.0,16.0,16.0,312.0,2205.0,877.0,41.0,21.0,16.0,50.0,25.0,381.0,99.0
a0aee24e,51.0,3.0,11.0,20.0,20.0,0.0,51.0,0.0,0.0,0.0,18.0,55.0,20.0,0.0,1.0,0.0,0.0,0.0,24.0,2.0
1295552e,1.0,0.0,1.0,0.0,0.0,0.0,1.0,0.0,0.0,0.0,1.0,1.0,1.0,0.0,0.0,0.0,0.0,0.0,1.0,0.0
eb2fe5b6,368.0,3.0,21.0,144.0,205.0,41.0,367.0,38.0,14.0,23.0,221.0,1599.0,841.0,36.0,24.0,18.0,27.0,15.0,294.0,75.0
b233e8e4,526.0,64.0,258.0,247.0,26.0,2.0,526.0,3.0,1.0,1.0,257.0,1204.0,748.0,8.0,4.0,0.0,6.0,1.0,298.0,3.0
d183e9d6,231.0,25.0,94.0,98.0,40.0,1.0,231.0,1.0,0.0,1.0,102.0,354.0,149.0,2.0,1.0,0.0,5.0,1.0,114.0,8.0
a111cf41,578.0,508.0,575.0,3.0,0.0,0.0,578.0,0.0,0.0,0.0,340.0,2313.0,1262.0,0.0,1.0,1.0,1.0,0.0,246.0,0.0
c459a650,1010.0,21.0,204.0,405.0,413.0,38.0,1010.0,26.0,7.0,16.0,579.0,2997.0,1809.0,49.0,39.0,7.0,26.0,16.0,663.0,119.0
599d91d0,158.0,7.0,33.0,105.0,21.0,2.0,158.0,4.0,2.0,2.0,79.0,371.0,190.0,2.0,1.0,0.0,3.0,3.0,96.0,3.0
5cdddffa,498.0,8.0,58.0,308.0,135.0,21.0,498.0,21.0,13.0,6.0,335.0,1338.0,618.0,14.0,14.0,3.0,20.0,14.0,427.0,25.0
b1236c63,46.0,2.0,3.0,22.0,22.0,7.0,46.0,2.0,2.0,0.0,17.0,56.0,20.0,0.0,1.0,0.0,3.0,0.0,29.0,4.0
2b8360f1,127.0,2.0,13.0,60.0,56.0,8.0,127.0,15.0,7.0,8.0,76.0,451.0,217.0,8.0,4.0,3.0,10.0,4.0,87.0,16.0
b136c945,243.0,12.0,68.0,141.0,35.0,3.0,243.0,5.0,2.0,1.0,109.0,516.0,176.0,2.0,3.0,0.0,7.0,4.0,127.0,1.0
cf961d8d,1243.0,158.0,664.0,532.0,59.0,10.0,1243.0,8.0,5.0,2.0,768.0,3798.0,2058.0,15.0,14.0,0.0,10.0,7.0,829.0,6.0
e33f36d5,185.0,37.0,117.0,65.0,4.0,2.0,185.0,1.0,1.0,0.0,90.0,425.0,187.0,1.0,0.0,0.0,1.0,0.0,88.0,0.0
e33f36d5,407.0,76.0,258.0,141.0,9.0,7.0,407.0,1.0,0.0,1.0,207.0,849.0,343.0,2.0,0.0,0.0,0.0,0.0,210.0,0.0
a4948e67,625.0,27.0,49.0,236.0,346.0,93.0,623.0,39.0,12.0,22.0,394.0,2057.0,615.0,30.0,13.0,17.0,78.0,54.0,501.0,134.0
ba1e04b3,380.0,26.0,105.0,240.0,36.0,2.0,380.0,5.0,2.0,3.0,181.0,677.0,231.0,0.0,3.0,0.0,5.0,2.0,229.0,2.0
1e9bde92,293.0,247.0,292.0,1.0,0.0,0.0,293.0,0.0,0.0,0.0,132.0,749.0,559.0,0.0,0.0,0.0,0.0,0.0,114.0,0.0
d125f22f,561.0,17.0,47.0,221.0,298.0,60.0,560.0,47.0,20.0,21.0,314.0,2051.0,1071.0,37.0,32.0,8.0,44.0,29.0,413.0,109.0
8ec109e6,514.0,56.0,302.0,188.0,30.0,8.0,514.0,1.0,0.0,1.0,228.0,867.0,379.0,2.0,4.0,0.0,11.0,3.0,239.0,3.0
41c12f75,683.0,25.0,161.0,336.0,192.0,14.0,683.0,14.0,4.0,6.0,393.0,1839.0,1168.0,31.0,22.0,3.0,10.0,15.0,435.0,32.0
e9c0c1b2,639.0,545.0,629.0,10.0,0.0,0.0,639.0,0.0,0.0,0.0,429.0,2004.0,1268.0,0.0,0.0,0.0,0.0,0.0,384.0,0.0
43a166b4,217.0,11.0,22.0,86.0,113.0,28.0,217.0,22.0,10.0,7.0,121.0,639.0,287.0,12.0,6.0,9.0,30.0,17.0,160.0,51.0
e14ec482,826.0,16.0,134.0,317.0,381.0,71.0,825.0,49.0,16.0,29.0,473.0,2922.0,1305.0,36.0,28.0,24.0,42.0,28.0,596.0,135.0
8c90fd7a,492.0,18.0,26.0,146.0,328.0,149.0,492.0,52.0,16.0,26.0,295.0,1732.0,586.0,29.0,13.0,19.0,61.0,29.0,371.0,116.0
ea02beaf,260.0,8.0,50.0,117.0,99.0,15.0,260.0,5.0,1.0,3.0,145.0,759.0,289.0,9.0,6.0,2.0,7.0,2.0,164.0,23.0
ed90babd,19.0,0.0,4.0,12.0,5.0,1.0,19.0,2.0,2.0,0.0,14.0,121.0,108.0,3.0,2.0,0.0,0.0,0.0,17.0,1.0
8daee720,13.0,0.0,1.0,11.0,1.0,0.0,13.0,1.0,1.0,0.0,10.0,59.0,27.0,0.0,0.0,0.0,0.0,2.0,10.0,1.0
3d6cee81,57.0,4.0,13.0,32.0,12.0,0.0,57.0,1.0,1.0,0.0,34.0,225.0,117.0,4.0,3.0,0.0,1.0,0.0,35.0,3.0
dff153a4,458.0,17.0,123.0,251.0,85.0,4.0,458.0,4.0,2.0,1.0,225.0,819.0,444.0,6.0,4.0,2.0,3.0,2.0,314.0,7.0
0967845b,1278.0,103.0,471.0,538.0,298.0,13.0,1278.0,66.0,32.0,26.0,666.0,4169.0,2374.0,59.0,45.0,5.0,36.0,25.0,670.0,40.0
e599253a,494.0,10.0,80.0,276.0,141.0,29.0,494.0,10.0,3.0,5.0,300.0,1341.0,489.0,10.0,6.0,1.0,19.0,17.0,364.0,48.0
f7223718,817.0,156.0,489.0,328.0,5.0,0.0,817.0,2.0,1.0,1.0,425.0,1930.0,757.0,0.0,0.0,0.0,3.0,0.0,538.0,1.0
79b0d6a0,639.0,580.0,637.0,2.0,0.0,0.0,639.0,0.0,0.0,0.0,342.0,1932.0,1052.0,0.0,0.0,0.0,1.0,0.0,261.0,0.0
3ca7254a,787.0,5.0,103.0,387.0,304.0,57.0,787.0,46.0,20.0,20.0,514.0,3014.0,1473.0,48.0,33.0,16.0,29.0,22.0,642.0,103.0
f058ed1f,81.0,71.0,81.0,0.0,0.0,0.0,81.0,0.0,0.0,0.0,46.0,198.0,122.0,0.0,0.0,0.0,0.0,0.0,43.0,0.0
a44d3a3c,111.0,1.0,6.0,43.0,62.0,12.0,111.0,9.0,1.0,6.0,68.0,330.0,61.0,2.0,1.0,1.0,17.0,15.0,86.0,25.0
4a5a45c7,989.0,15.0,127.0,534.0,337.0,36.0,986.0,51.0,19.0,26.0,534.0,3218.0,1320.0,41.0,26.0,4.0,38.0,20.0,642.0,79.0
7afb1573,510.0,12.0,82.0,306.0,126.0,9.0,510.0,11.0,4.0,6.0,308.0,1813.0,844.0,14.0,17.0,3.0,8.0,8.0,370.0,24.0
75f2c59f,1024.0,32.0,202.0,421.0,420.0,83.0,1024.0,61.0,22.0,31.0,625.0,3776.0,1799.0,48.0,31.0,13.0,27.0,22.0,690.0,139.0
f7c491f1,1402.0,132.0,615.0,665.0,130.0,19.0,1402.0,9.0,4.0,5.0,804.0,4239.0,2586.0,21.0,17.0,0.0,11.0,9.0,907.0,24.0
4c62d0c8,286.0,263.0,283.0,3.0,0.0,0.0,286.0,0.0,0.0,0.0,178.0,923.0,658.0,0.0,0.0,0.0,0.0,0.0,143.0,0.0
780e3631,1405.0,42.0,294.0,787.0,340.0,36.0,1403.0,38.0,23.0,12.0,848.0,5002.0,2417.0,56.0,29.0,5.0,46.0,27.0,1016.0,63.0
03f946ed,410.0,13.0,34.0,204.0,176.0,63.0,409.0,26.0,14.0,10.0,245.0,1516.0,398.0,14.0,10.0,8.0,44.0,30.0,312.0,78.0
149c5f5d,464.0,27.0,165.0,176.0,126.0,5.0,464.0,13.0,3.0,7.0,221.0,1358.0,690.0,15.0,11.0,1.0,11.0,8.0,225.0,28.0
17f3620a,537.0,27.0,58.0,265.0,219.0,51.0,536.0,11.0,5.0,4.0,278.0,1251.0,394.0,21.0,10.0,10.0,49.0,24.0,384.0,77.0
1cadaf34,55.0,3.0,8.0,16.0,31.0,11.0,55.0,3.0,1.0,2.0,36.0,197.0,70.0,2.0,3.0,1.0,7.0,4.0,41.0,8.0
1cadaf34,40.0,2.0,6.0,12.0,23.0,6.0,40.0,9.0,3.0,5.0,24.0,120.0,48.0,2.0,0.0,0.0,2.0,3.0,29.0,10.0
f71ad8cb,846.0,34.0,181.0,472.0,197.0,32.0,846.0,8.0,1.0,6.0,389.0,1426.0,660.0,10.0,17.0,1.0,23.0,13.0,475.0,41.0
08aa9cd1,476.0,8.0,16.0,228.0,237.0,79.0,475.0,21.0,9.0,10.0,235.0,915.0,270.0,10.0,5.0,6.0,36.0,40.0,363.0,106.0
caec77da,525.0,68.0,309.0,199.0,19.0,4.0,525.0,2.0,0.0,2.0,242.0,1039.0,534.0,7.0,4.0,0.0,2.0,0.0,316.0,1.0
2c38b327,250.0,1.0,23.0,125.0,103.0,14.0,250.0,30.0,14.0,13.0,143.0,928.0,473.0,16.0,6.0,8.0,11.0,14.0,191.0,22.0
55a1cac2,282.0,9.0,59.0,153.0,70.0,11.0,282.0,4.0,2.0,2.0,111.0,585.0,274.0,7.0,8.0,0.0,8.0,3.0,168.0,17.0
867239d3,12.0,0.0,0.0,6.0,6.0,1.0,12.0,0.0,0.0,0.0,5.0,13.0,7.0,0.0,1.0,0.0,1.0,1.0,7.0,2.0
5e861944,589.0,8.0,86.0,191.0,318.0,46.0,586.0,41.0,16.0,19.0,383.0,2865.0,1587.0,62.0,29.0,22.0,22.0,11.0,441.0,106.0
2a6cd437,435.0,48.0,232.0,201.0,11.0,4.0,435.0,2.0,2.0,0.0,223.0,1491.0,754.0,3.0,1.0,0.0,5.0,0.0,210.0,1.0
7f609bfc,1170.0,68.0,466.0,525.0,191.0,19.0,1170.0,11.0,2.0,8.0,558.0,2904.0,1583.0,24.0,21.0,2.0,24.0,7.0,687.0,35.0
277da414,926.0,793.0,923.0,5.0,0.0,0.0,926.0,1.0,1.0,0.0,566.0,3066.0,1887.0,0.0,0.0,0.0,0.0,0.0,497.0,0.0
62437b4f,81.0,2.0,11.0,23.0,47.0,5.0,81.0,3.0,1.0,2.0,34.0,150.0,34.0,2.0,1.0,0.0,7.0,1.0,51.0,17.0
88f53b75,24.0,0.0,7.0,11.0,6.0,2.0,24.0,0.0,0.0,0.0,16.0,61.0,25.0,1.0,0.0,0.0,0.0,1.0,20.0,3.0
ee4f2f3b,163.0,3.0,10.0,58.0,96.0,29.0,163.0,4.0,1.0,2.0,106.0,377.0,95.0,3.0,2.0,1.0,16.0,2.0,122.0,38.0
1b9c7401,313.0,9.0,83.0,104.0,135.0,8.0,313.0,12.0,4.0,6.0,133.0,864.0,605.0,13.0,13.0,0.0,9.0,4.0,145.0,37.0
8794e251,916.0,35.0,196.0,468.0,266.0,42.0,916.0,36.0,16.0,11.0,496.0,3307.0,1596.0,33.0,34.0,2.0,36.0,22.0,573.0,47.0
0630eb63,486.0,2.0,22.0,156.0,317.0,62.0,486.0,77.0,22.0,47.0,349.0,3057.0,1400.0,55.0,34.0,33.0,43.0,22.0,387.0,112.0
023937a9,323.0,30.0,130.0,182.0,14.0,2.0,323.0,1.0,0.0,1.0,175.0,815.0,439.0,2.0,1.0,0.0,6.0,0.0,203.0,2.0
67f649be,366.0,305.0,366.0,0.0,0.0,0.0,366.0,0.0,0.0,0.0,205.0,1089.0,772.0,0.0,0.0,0.0,0.0,0.0,170.0,0.0
ce1a6c7e,6.0,0.0,1.0,2.0,3.0,1.0,6.0,0.0,0.0,0.0,3.0,22.0,2.0,1.0,1.0,0.0,1.0,1.0,4.0,1.0
8c63fae5,174.0,17.0,87.0,83.0,5.0,1.0,174.0,2.0,1.0,1.0,102.0,551.0,291.0,2.0,1.0,0.0,2.0,0.0,118.0,0.0
539230cf,35.0,13.0,28.0,7.0,0.0,0.0,35.0,0.0,0.0,0.0,11.0,63.0,22.0,0.0,0.0,0.0,0.0,0.0,13.0,0.0
d9ebed1c,303.0,13.0,68.0,159.0,82.0,3.0,303.0,14.0,8.0,3.0,192.0,1264.0,620.0,11.0,16.0,0.0,9.0,8.0,215.0,12.0
6e058f06,384.0,2.0,33.0,170.0,182.0,36.0,384.0,14.0,4.0,8.0,241.0,961.0,326.0,8.0,6.0,4.0,21.0,9.0,298.0,52.0
6e058f06,15.0,0.0,0.0,7.0,8.0,2.0,15.0,0.0,0.0,0.0,10.0,33.0,6.0,0.0,1.0,0.0,2.0,1.0,12.0,4.0
536cebe5,240.0,3.0,13.0,91.0,140.0,27.0,240.0,14.0,7.0,6.0,145.0,771.0,237.0,10.0,9.0,3.0,19.0,10.0,192.0,45.0
6213fd82,1002.0,71.0,321.0,433.0,260.0,21.0,1002.0,34.0,12.0,19.0,501.0,3562.0,2103.0,55.0,39.0,5.0,25.0,8.0,565.0,63.0
4bd00a50,76.0,8.0,31.0,38.0,7.0,1.0,76.0,1.0,1.0,0.0,35.0,249.0,125.0,2.0,0.0,0.0,0.0,1.0,33.0,0.0
f61c7c4e,28.0,0.0,3.0,16.0,10.0,0.0,28.0,3.0,0.0,3.0,15.0,121.0,67.0,1.0,1.0,0.0,0.0,1.0,24.0,4.0
9823be92,822.0,32.0,145.0,528.0,156.0,5.0,822.0,15.0,5.0,7.0,523.0,2764.0,1213.0,25.0,18.0,1.0,12.0,11.0,586.0,13.0
f1cfc209,850.0,16.0,142.0,529.0,191.0,14.0,850.0,21.0,11.0,9.0,488.0,2304.0,1046.0,19.0,22.0,3.0,17.0,16.0,553.0,32.0
1d4e63b6,32.0,0.0,4.0,18.0,11.0,0.0,32.0,1.0,0.0,0.0,21.0,97.0,54.0,2.0,2.0,0.0,1.0,2.0,22.0,7.0
7f78ad23,1171.0,74.0,442.0,581.0,154.0,7.0,1171.0,8.0,4.0,4.0,675.0,3444.0,1890.0,23.0,31.0,3.0,8.0,5.0,779.0,19.0
10e7f486,1437.0,56.0,516.0,649.0,288.0,13.0,1437.0,14.0,5.0,5.0,770.0,4586.0,2635.0,55.0,35.0,5.0,15.0,4.0,879.0,56.0
3ead85f9,1207.0,197.0,652.0,541.0,17.0,10.0,1207.0,1.0,1.0,0.0,569.0,2291.0,1053.0,3.0,2.0,1.0,4.0,3.0,753.0,2.0
ca6edaa0,112.0,2.0,14.0,50.0,48.0,7.0,112.0,10.0,2.0,7.0,84.0,496.0,159.0,4.0,3.0,2.0,5.0,4.0,91.0,21.0
2a1beb34,1175.0,78.0,361.0,661.0,157.0,8.0,1175.0,4.0,2.0,2.0,596.0,2382.0,999.0,6.0,16.0,0.0,10.0,8.0,700.0,6.0
e58cbfd5,966.0,26.0,225.0,584.0,169.0,6.0,966.0,7.0,3.0,4.0,591.0,2912.0,1418.0,15.0,27.0,1.0,13.0,6.0,694.0,12.0
e58cbfd5,29.0,0.0,4.0,17.0,9.0,0.0,29.0,2.0,2.0,0.0,21.0,125.0,66.0,1.0,1.0,0.0,1.0,0.0,24.0,2.0
4b3e1a38,1391.0,160.0,597.0,764.0,36.0,16.0,1391.0,2.0,2.0,0.0,856.0,4511.0,2692.0,11.0,4.0,1.0,3.0,1.0,1007.0,2.0
a378a02a,514.0,90.0,332.0,180.0,4.0,3.0,514.0,2.0,0.0,2.0,234.0,1061.0,496.0,2.0,1.0,0.0,1.0,3.0,292.0,1.0
14b8fcdf,231.0,33.0,137.0,86.0,8.0,3.0,231.0,0.0,0.0,0.0,140.0,620.0,411.0,2.0,0.0,0.0,1.0,0.0,160.0,0.0
ae9898c5,381.0,16.0,119.0,158.0,105.0,6.0,381.0,4.0,2.0,2.0,188.0,769.0,401.0,11.0,6.0,2.0,1.0,4.0,227.0,31.0
0b5a292a,1625.0,34.0,343.0,823.0,472.0,9.0,1625.0,10.0,4.0,5.0,953.0,4118.0,2592.0,48.0,50.0,1.0,9.0,6.0,1076.0,80.0
4830e0af,568.0,13.0,56.0,274.0,244.0,30.0,566.0,37.0,12.0,17.0,329.0,1388.0,484.0,5.0,19.0,4.0,29.0,23.0,388.0,50.0
ee251371,401.0,11.0,67.0,171.0,168.0,23.0,401.0,25.0,8.0,14.0,238.0,1405.0,741.0,25.0,10.0,8.0,22.0,14.0,275.0,65.0
da5a981b,57.0,2.0,14.0,28.0,16.0,2.0,57.0,3.0,0.0,2.0,32.0,119.0,68.0,2.0,0.0,0.0,1.0,0.0,34.0,3.0
217c93a1,617.0,9.0,81.0,296.0,251.0,30.0,617.0,39.0,15.0,23.0,349.0,2067.0,882.0,22.0,18.0,7.0,20.0,14.0,378.0,34.0
24eb7ed6,305.0,18.0,68.0,135.0,104.0,10.0,305.0,14.0,3.0,11.0,167.0,972.0,578.0,16.0,17.0,5.0,4.0,4.0,188.0,20.0
0a447501,507.0,7.0,31.0,246.0,238.0,57.0,506.0,16.0,8.0,6.0,265.0,1187.0,241.0,7.0,7.0,2.0,42.0,12.0,383.0,78.0
4295f19c,17.0,0.0,1.0,6.0,11.0,0.0,17.0,5.0,3.0,2.0,10.0,66.0,15.0,1.0,1.0,0.0,1.0,1.0,11.0,3.0
0d82903c,1123.0,91.0,407.0,583.0,144.0,10.0,1123.0,19.0,13.0,2.0,568.0,3083.0,1787.0,36.0,27.0,2.0,21.0,10.0,694.0,17.0
7eb97a8e,173.0,3.0,16.0,74.0,88.0,17.0,173.0,12.0,3.0,7.0,118.0,725.0,320.0,14.0,11.0,6.0,16.0,8.0,138.0,42.0
3bb7af3b,428.0,9.0,47.0,165.0,221.0,41.0,428.0,28.0,11.0,14.0,294.0,1987.0,1033.0,38.0,24.0,10.0,17.0,14.0,336.0,89.0
86383d0e,477.0,13.0,52.0,212.0,222.0,56.0,477.0,37.0,12.0,23.0,277.0,1485.0,583.0,23.0,20.0,9.0,42.0,34.0,369.0,96.0
1e9aa637,990.0,69.0,368.0,493.0,139.0,15.0,990.0,17.0,7.0,8.0,536.0,2059.0,1144.0,12.0,12.0,3.0,7.0,6.0,635.0,15.0
2cfae697,898.0,51.0,257.0,551.0,99.0,7.0,898.0,23.0,10.0,9.0,466.0,1858.0,766.0,6.0,7.0,0.0,30.0,15.0,553.0,13.0
e613313c,867.0,83.0,439.0,403.0,38.0,8.0,867.0,6.0,3.0,2.0,419.0,2065.0,953.0,7.0,8.0,0.0,12.0,6.0,466.0,0.0
16463a79,175.0,1.0,16.0,80.0,83.0,20.0,175.0,20.0,10.0,8.0,124.0,845.0,431.0,17.0,12.0,8.0,22.0,11.0,140.0,35.0
3cb132e6,12.0,0.0,4.0,8.0,0.0,0.0,12.0,0.0,0.0,0.0,8.0,33.0,12.0,0.0,0.0,0.0,0.0,0.0,7.0,0.0
b6baba31,0.0,0.0,0.0,0.0,0.0,0.0,0.0,0.0,0.0,0.0,1.0,3.0,0.0,0.0,0.0,0.0,0.0,1.0,1.0,0.0
b70bde8f,1017.0,17.0,207.0,621.0,198.0,5.0,1017.0,20.0,6.0,8.0,628.0,3149.0,1374.0,18.0,20.0,1.0,20.0,11.0,768.0,16.0
343f753a,693.0,604.0,693.0,0.0,0.0,0.0,693.0,0.0,0.0,0.0,344.0,1697.0,1246.0,0.0,0.0,0.0,1.0,0.0,272.0,0.0
dd7febd8,866.0,34.0,219.0,346.0,312.0,20.0,866.0,30.0,11.0,13.0,409.0,2517.0,1449.0,44.0,29.0,3.0,20.0,17.0,426.0,72.0
d3aaad90,612.0,11.0,126.0,269.0,227.0,34.0,612.0,43.0,14.0,26.0,338.0,2143.0,1067.0,34.0,23.0,11.0,21.0,5.0,380.0,65.0
57469b2d,107.0,1.0,10.0,46.0,52.0,11.0,107.0,12.0,3.0,7.0,57.0,322.0,102.0,2.0,0.0,1.0,13.0,7.0,68.0,16.0
57469b2d,53.0,1.0,4.0,16.0,34.0,11.0,53.0,4.0,1.0,3.0,34.0,241.0,103.0,3.0,4.0,2.0,4.0,5.0,43.0,15.0
0d422df7,753.0,671.0,753.0,0.0,0.0,0.0,753.0,0.0,0.0,0.0,372.0,1904.0,1395.0,0.0,0.0,0.0,0.0,0.0,311.0,0.0
343c0d52,116.0,3.0,12.0,47.0,58.0,14.0,116.0,7.0,3.0,2.0,76.0,408.0,131.0,9.0,6.0,2.0,15.0,8.0,88.0,22.0
8b609c34,812.0,30.0,181.0,390.0,249.0,29.0,812.0,26.0,14.0,7.0,407.0,2064.0,951.0,28.0,17.0,5.0,19.0,13.0,482.0,54.0
b35a7399,219.0,12.0,93.0,115.0,11.0,1.0,219.0,0.0,0.0,0.0,139.0,902.0,502.0,3.0,3.0,0.0,3.0,0.0,146.0,1.0
ab4449d6,872.0,779.0,868.0,4.0,0.0,0.0,872.0,0.0,0.0,0.0,450.0,2260.0,1531.0,0.0,0.0,0.0,1.0,0.0,360.0,0.0
30f5ffa9,1545.0,151.0,741.0,720.0,90.0,13.0,1545.0,3.0,3.0,0.0,976.0,4478.0,2134.0,16.0,11.0,0.0,14.0,3.0,1137.0,10.0
b6964eb6,1154.0,176.0,696.0,430.0,37.0,21.0,1154.0,3.0,2.0,0.0,568.0,2480.0,1283.0,4.0,6.0,0.0,8.0,2.0,673.0,7.0
78f13530,59.0,1.0,3.0,30.0,27.0,5.0,59.0,4.0,0.0,3.0,38.0,168.0,87.0,2.0,4.0,1.0,4.0,1.0,45.0,15.0
28f66c2e,48.0,2.0,8.0,19.0,21.0,3.0,48.0,6.0,1.0,4.0,33.0,272.0,137.0,4.0,4.0,0.0,0.0,0.0,27.0,4.0
28f66c2e,360.0,8.0,79.0,166.0,120.0,19.0,360.0,23.0,6.0,11.0,199.0,1117.0,617.0,22.0,10.0,6.0,15.0,7.0,212.0,32.0
9d4c45d6,641.0,20.0,91.0,336.0,226.0,26.0,641.0,12.0,4.0,5.0,411.0,2303.0,1025.0,26.0,30.0,0.0,20.0,13.0,493.0,61.0
50841bef,305.0,33.0,172.0,133.0,1.0,1.0,305.0,2.0,1.0,0.0,183.0,1074.0,699.0,4.0,0.0,0.0,2.0,1.0,195.0,1.0
94816803,206.0,0.0,8.0,43.0,159.0,25.0,206.0,26.0,8.0,11.0,174.0,1640.0,886.0,35.0,23.0,11.0,13.0,6.0,178.0,72.0
c13ddd3e,148.0,1.0,22.0,61.0,66.0,8.0,148.0,15.0,6.0,7.0,94.0,658.0,319.0,9.0,6.0,3.0,8.0,4.0,104.0,27.0
7b075c75,739.0,90.0,396.0,323.0,20.0,7.0,739.0,2.0,2.0,0.0,416.0,2236.0,1124.0,6.0,3.0,0.0,5.0,0.0,479.0,1.0
3626daea,684.0,25.0,189.0,318.0,188.0,27.0,684.0,40.0,20.0,17.0,393.0,3120.0,1933.0,63.0,31.0,15.0,17.0,6.0,415.0,53.0
ac4003af,251.0,224.0,246.0,5.0,0.0,0.0,251.0,0.0,0.0,0.0,145.0,672.0,430.0,0.0,0.0,0.0,0.0,1.0,103.0,0.0
13b44b02,916.0,53.0,319.0,384.0,220.0,11.0,916.0,24.0,7.0,13.0,487.0,2711.0,1527.0,35.0,21.0,4.0,9.0,12.0,514.0,34.0
674cfc5a,841.0,8.0,98.0,354.0,411.0,41.0,840.0,62.0,23.0,32.0,540.0,3190.0,1406.0,48.0,39.0,13.0,54.0,39.0,593.0,108.0
2cb9486d,60.0,0.0,2.0,29.0,29.0,12.0,60.0,3.0,0.0,3.0,32.0,135.0,54.0,2.0,3.0,0.0,3.0,4.0,45.0,14.0
f573a8bf,660.0,17.0,40.0,269.0,355.0,84.0,660.0,43.0,17.0,24.0,453.0,1961.0,668.0,26.0,19.0,10.0,71.0,36.0,591.0,167.0
230c3f3a,166.0,13.0,50.0,91.0,31.0,6.0,166.0,9.0,3.0,6.0,82.0,439.0,136.0,3.0,4.0,0.0,6.0,5.0,72.0,5.0
01b8a2b2,496.0,441.0,494.0,2.0,0.0,0.0,496.0,0.0,0.0,0.0,294.0,1507.0,829.0,0.0,0.0,0.0,1.0,0.0,254.0,0.0
eb3022c3,80.0,3.0,19.0,48.0,14.0,1.0,80.0,1.0,0.0,1.0,43.0,168.0,54.0,0.0,1.0,0.0,1.0,0.0,50.0,2.0
8da74c05,888.0,66.0,247.0,501.0,154.0,17.0,888.0,29.0,14.0,12.0,413.0,2350.0,974.0,17.0,24.0,3.0,24.0,22.0,447.0,36.0
b056e3da,587.0,508.0,587.0,0.0,0.0,0.0,587.0,0.0,0.0,0.0,357.0,1942.0,1284.0,0.0,0.0,0.0,0.0,0.0,315.0,0.0
5cbb5ad6,268.0,13.0,62.0,130.0,78.0,7.0,268.0,5.0,1.0,2.0,128.0,697.0,342.0,11.0,8.0,0.0,11.0,3.0,145.0,17.0
e1b0a70d,811.0,630.0,802.0,9.0,0.0,0.0,811.0,1.0,1.0,0.0,416.0,2230.0,1398.0,0.0,0.0,0.0,1.0,0.0,422.0,0.0
3ef0a2d7,502.0,13.0,132.0,206.0,168.0,5.0,502.0,17.0,9.0,6.0,304.0,2048.0,1208.0,27.0,19.0,2.0,10.0,5.0,314.0,36.0
2b9fdeea,81.0,1.0,1.0,38.0,43.0,5.0,81.0,5.0,0.0,5.0,55.0,356.0,166.0,7.0,6.0,1.0,8.0,1.0,58.0,14.0
ff5ea0bf,273.0,38.0,167.0,99.0,8.0,4.0,273.0,2.0,1.0,1.0,137.0,560.0,240.0,1.0,2.0,0.0,1.0,1.0,157.0,2.0
76ff8d0d,484.0,16.0,70.0,287.0,134.0,26.0,484.0,6.0,2.0,0.0,255.0,1309.0,692.0,26.0,11.0,5.0,15.0,10.0,350.0,46.0
a96e5dc0,1130.0,42.0,402.0,541.0,195.0,16.0,1130.0,10.0,4.0,6.0,586.0,2964.0,1680.0,31.0,21.0,2.0,17.0,6.0,679.0,65.0
c56dc39e,1151.0,97.0,485.0,510.0,168.0,27.0,1151.0,8.0,2.0,6.0,608.0,2533.0,1244.0,14.0,27.0,0.0,11.0,3.0,710.0,23.0
7edfbb8a,1314.0,158.0,646.0,637.0,39.0,9.0,1314.0,4.0,1.0,1.0,704.0,3845.0,2171.0,17.0,6.0,0.0,7.0,2.0,797.0,8.0
0db169ae,1011.0,26.0,214.0,541.0,269.0,20.0,1011.0,11.0,4.0,6.0,489.0,3108.0,1555.0,38.0,20.0,1.0,30.0,7.0,593.0,49.0
7ed4921e,147.0,15.0,87.0,60.0,1.0,0.0,147.0,0.0,0.0,0.0,93.0,459.0,152.0,0.0,0.0,0.0,1.0,0.0,96.0,0.0
0588a092,172.0,3.0,12.0,82.0,79.0,20.0,172.0,5.0,2.0,2.0,76.0,323.0,135.0,4.0,3.0,1.0,15.0,6.0,120.0,25.0
26c54058,179.0,16.0,88.0,87.0,5.0,2.0,179.0,3.0,1.0,1.0,78.0,396.0,221.0,1.0,1.0,0.0,0.0,0.0,92.0,0.0
7cd520e8,986.0,39.0,220.0,412.0,374.0,59.0,986.0,70.0,21.0,38.0,587.0,4134.0,2154.0,66.0,48.0,23.0,44.0,23.0,590.0,105.0
3eed9821,522.0,49.0,249.0,266.0,11.0,3.0,522.0,6.0,2.0,2.0,236.0,1162.0,608.0,7.0,5.0,0.0,5.0,3.0,240.0,1.0
71005acd,109.0,4.0,24.0,46.0,41.0,4.0,109.0,2.0,0.0,1.0,61.0,212.0,77.0,1.0,0.0,0.0,7.0,3.0,66.0,21.0
ec52b661,922.0,45.0,245.0,339.0,363.0,41.0,922.0,42.0,8.0,28.0,425.0,3202.0,1805.0,66.0,38.0,12.0,34.0,14.0,439.0,87.0
c414df9d,126.0,2.0,30.0,77.0,21.0,3.0,126.0,3.0,1.0,1.0,64.0,374.0,122.0,3.0,2.0,0.0,6.0,1.0,88.0,7.0
5eaed77a,446.0,69.0,242.0,171.0,38.0,9.0,446.0,5.0,3.0,2.0,195.0,795.0,444.0,8.0,4.0,0.0,7.0,4.0,206.0,4.0
44ac04e9,759.0,35.0,170.0,464.0,133.0,17.0,759.0,4.0,2.0,2.0,387.0,1696.0,818.0,17.0,9.0,1.0,15.0,2.0,544.0,14.0
ab1ca213,527.0,26.0,126.0,280.0,130.0,7.0,527.0,7.0,3.0,2.0,217.0,1278.0,580.0,12.0,8.0,1.0,5.0,3.0,240.0,16.0
983ff2c7,482.0,20.0,152.0,238.0,97.0,7.0,482.0,2.0,1.0,1.0,269.0,1214.0,656.0,17.0,12.0,0.0,9.0,1.0,316.0,24.0
d3298c99,293.0,8.0,38.0,117.0,140.0,14.0,292.0,10.0,4.0,5.0,156.0,880.0,315.0,8.0,4.0,3.0,9.0,8.0,177.0,29.0
0375723e,296.0,1.0,30.0,140.0,133.0,8.0,296.0,25.0,9.0,11.0,167.0,1124.0,559.0,20.0,11.0,1.0,18.0,19.0,180.0,27.0
33ecf462,493.0,8.0,64.0,285.0,153.0,16.0,493.0,19.0,9.0,9.0,284.0,1351.0,575.0,16.0,13.0,6.0,22.0,20.0,330.0,27.0
77d6fd4d,1077.0,888.0,1076.0,1.0,0.0,0.0,1077.0,0.0,0.0,0.0,656.0,3230.0,2106.0,0.0,0.0,0.0,0.0,0.0,585.0,0.0
75e60d75,0.0,0.0,0.0,0.0,0.0,0.0,0.0,0.0,0.0,0.0,0.0,0.0,0.0,0.0,0.0,0.0,0.0,0.0,0.0,0.0
75e60d75,0.0,0.0,0.0,0.0,0.0,0.0,0.0,0.0,0.0,0.0,0.0,0.0,0.0,0.0,0.0,0.0,0.0,0.0,0.0,0.0
ec5dae45,116.0,0.0,23.0,57.0,37.0,2.0,116.0,2.0,1.0,0.0,76.0,374.0,119.0,3.0,3.0,0.0,2.0,4.0,89.0,4.0
ec5dae45,18.0,0.0,6.0,5.0,7.0,2.0,18.0,0.0,0.0,0.0,9.0,83.0,12.0,0.0,1.0,0.0,2.0,0.0,10.0,0.0
a14d0ab0,16.0,0.0,0.0,8.0,8.0,3.0,16.0,1.0,0.0,1.0,11.0,40.0,23.0,1.0,0.0,0.0,1.0,0.0,14.0,2.0
c7069d87,741.0,16.0,118.0,406.0,229.0,18.0,741.0,27.0,10.0,15.0,417.0,2181.0,951.0,23.0,30.0,3.0,30.0,22.0,477.0,51.0
bdc74a8f,453.0,19.0,102.0,288.0,65.0,1.0,453.0,5.0,2.0,2.0,246.0,1209.0,597.0,9.0,6.0,0.0,10.0,4.0,274.0,2.0
08eb3b58,50.0,3.0,17.0,19.0,14.0,1.0,50.0,1.0,1.0,0.0,19.0,83.0,26.0,2.0,1.0,1.0,3.0,0.0,14.0,4.0
79443529,376.0,7.0,19.0,177.0,185.0,59.0,374.0,20.0,8.0,11.0,206.0,1013.0,411.0,17.0,16.0,9.0,39.0,23.0,289.0,74.0
aa8e289e,883.0,9.0,78.0,363.0,459.0,81.0,883.0,36.0,18.0,14.0,528.0,3186.0,1415.0,55.0,41.0,18.0,72.0,38.0,667.0,146.0
b3ef6517,24.0,0.0,0.0,13.0,11.0,0.0,24.0,0.0,0.0,0.0,11.0,44.0,0.0,0.0,0.0,0.0,3.0,2.0,18.0,5.0
be2706c0,846.0,24.0,202.0,389.0,262.0,23.0,846.0,17.0,8.0,8.0,453.0,2308.0,1094.0,16.0,18.0,5.0,12.0,14.0,542.0,52.0
72f87f25,114.0,2.0,8.0,55.0,53.0,10.0,114.0,6.0,2.0,4.0,79.0,519.0,235.0,7.0,7.0,3.0,8.0,5.0,88.0,19.0
f052fb01,33.0,0.0,4.0,15.0,16.0,1.0,33.0,5.0,3.0,2.0,26.0,206.0,88.0,1.0,4.0,1.0,1.0,1.0,25.0,2.0
f86cd5df,45.0,0.0,11.0,23.0,11.0,1.0,45.0,2.0,1.0,0.0,31.0,170.0,70.0,2.0,0.0,0.0,1.0,7.0,32.0,4.0
d0d8dd44,863.0,80.0,424.0,424.0,16.0,13.0,863.0,1.0,1.0,0.0,477.0,2353.0,1423.0,7.0,0.0,0.0,2.0,3.0,551.0,0.0
26db8853,1450.0,72.0,402.0,859.0,200.0,11.0,1450.0,16.0,5.0,9.0,830.0,4214.0,2093.0,38.0,22.0,0.0,27.0,24.0,866.0,28.0
217875a4,94.0,24.0,62.0,29.0,3.0,2.0,94.0,0.0,0.0,0.0,47.0,250.0,162.0,0.0,0.0,0.0,0.0,0.0,64.0,0.0
eb58eef0,71.0,1.0,7.0,50.0,15.0,4.0,71.0,6.0,3.0,3.0,38.0,279.0,144.0,5.0,1.0,1.0,2.0,3.0,52.0,4.0
2f7acede,409.0,17.0,108.0,237.0,70.0,3.0,409.0,11.0,4.0,4.0,220.0,1238.0,598.0,9.0,9.0,0.0,8.0,7.0,239.0,3.0
1bfe5ac9,55.0,11.0,40.0,12.0,3.0,1.0,55.0,0.0,0.0,0.0,19.0,73.0,39.0,0.0,0.0,0.0,2.0,1.0,27.0,0.0
ee9040b4,128.0,6.0,20.0,90.0,19.0,2.0,128.0,1.0,0.0,1.0,59.0,248.0,106.0,3.0,3.0,1.0,3.0,1.0,72.0,6.0
d85c238b,771.0,9.0,97.0,329.0,358.0,77.0,770.0,61.0,23.0,20.0,545.0,3676.0,1984.0,66.0,32.0,23.0,31.0,20.0,613.0,155.0
384d58d9,51.0,2.0,14.0,30.0,9.0,1.0,51.0,0.0,0.0,0.0,27.0,149.0,104.0,2.0,3.0,0.0,1.0,1.0,36.0,3.0
45191c29,837.0,15.0,229.0,372.0,246.0,15.0,837.0,34.0,14.0,17.0,457.0,2851.0,1587.0,47.0,34.0,10.0,18.0,7.0,527.0,60.0
6bb2c084,1554.0,36.0,268.0,869.0,443.0,55.0,1554.0,53.0,23.0,26.0,1000.0,4541.0,1933.0,32.0,34.0,6.0,45.0,31.0,1212.0,83.0
5e834dce,416.0,8.0,54.0,156.0,211.0,33.0,416.0,14.0,5.0,8.0,208.0,1356.0,595.0,22.0,20.0,8.0,20.0,12.0,242.0,70.0
9907b1c8,345.0,1.0,36.0,154.0,165.0,45.0,345.0,46.0,9.0,29.0,245.0,1683.0,827.0,33.0,27.0,9.0,39.0,35.0,267.0,69.0
3b12b11f,210.0,16.0,81.0,75.0,56.0,4.0,210.0,11.0,8.0,3.0,114.0,583.0,313.0,9.0,4.0,2.0,4.0,3.0,139.0,17.0
3b12b11f,14.0,0.0,5.0,6.0,3.0,1.0,14.0,0.0,0.0,0.0,7.0,55.0,45.0,1.0,1.0,1.0,0.0,0.0,11.0,2.0
d3de9af0,285.0,9.0,14.0,134.0,142.0,39.0,285.0,19.0,9.0,7.0,189.0,1026.0,394.0,16.0,6.0,11.0,18.0,21.0,247.0,62.0
7fe90ccd,351.0,10.0,89.0,131.0,135.0,18.0,351.0,18.0,3.0,13.0,205.0,1176.0,672.0,16.0,14.0,5.0,12.0,2.0,217.0,31.0
58a2e9f6,10.0,0.0,2.0,6.0,3.0,2.0,10.0,1.0,0.0,1.0,6.0,24.0,4.0,1.0,0.0,1.0,0.0,0.0,5.0,1.0
d19ef4ef,41.0,4.0,12.0,23.0,6.0,2.0,41.0,1.0,1.0,0.0,23.0,76.0,10.0,0.0,0.0,0.0,3.0,3.0,25.0,4.0
a5296e55,1105.0,15.0,137.0,516.0,463.0,41.0,1105.0,39.0,11.0,23.0,667.0,3251.0,1498.0,41.0,44.0,7.0,17.0,10.0,846.0,81.0
acf7e795,245.0,20.0,114.0,121.0,12.0,5.0,245.0,1.0,1.0,0.0,111.0,541.0,279.0,3.0,2.0,0.0,1.0,2.0,129.0,5.0
028e70b9,205.0,4.0,13.0,92.0,101.0,21.0,205.0,18.0,9.0,8.0,122.0,560.0,206.0,5.0,8.0,4.0,20.0,14.0,163.0,34.0
cc1a0c57,68.0,59.0,67.0,1.0,0.0,0.0,68.0,0.0,0.0,0.0,47.0,304.0,160.0,0.0,0.0,0.0,0.0,0.0,34.0,0.0
82598b71,153.0,7.0,45.0,50.0,60.0,7.0,153.0,21.0,10.0,10.0,78.0,480.0,267.0,11.0,7.0,2.0,6.0,2.0,82.0,13.0
82598b71,282.0,14.0,78.0,149.0,57.0,3.0,282.0,9.0,4.0,5.0,155.0,894.0,551.0,15.0,11.0,0.0,5.0,2.0,172.0,13.0
54f6afe3,38.0,29.0,36.0,2.0,0.0,0.0,38.0,0.0,0.0,0.0,18.0,77.0,44.0,0.0,0.0,0.0,0.0,0.0,13.0,0.0
4e1d5e59,25.0,0.0,1.0,8.0,16.0,3.0,25.0,1.0,0.0,1.0,16.0,115.0,60.0,3.0,1.0,1.0,1.0,1.0,18.0,4.0
4e1d5e59,8.0,2.0,2.0,3.0,3.0,0.0,8.0,2.0,1.0,1.0,3.0,34.0,24.0,1.0,0.0,0.0,1.0,0.0,1.0,1.0
405f6586,354.0,15.0,28.0,172.0,154.0,34.0,354.0,4.0,1.0,3.0,144.0,349.0,120.0,1.0,2.0,2.0,19.0,4.0,307.0,43.0
eccbe56a,678.0,11.0,95.0,316.0,280.0,23.0,678.0,53.0,20.0,28.0,407.0,2376.0,1149.0,29.0,34.0,3.0,43.0,35.0,464.0,57.0
