id,Tkl,TklW,Def 3rd,Mid 3rd,Att 3rd,Tkl.1,Att,Lost,Blocks,Sh,Pass,Int,Tkl+Int,Clr,Err
5f09991f,1.0,1,1.0,0.0,0.0,1.0,3.0,2.0,2.0,0.0,2.0,2,3.0,4.0,0.0
0e46fa2f,1.0,1,0.0,1.0,0.0,0.0,1.0,1.0,2.0,0.0,2.0,1,2.0,2.0,0.0
8bc373ea,7.0,5,7.0,0.0,0.0,5.0,7.0,2.0,3.0,2.0,1.0,4,11.0,15.0,1.0
f586779e,7.0,3,2.0,3.0,2.0,3.0,3.0,0.0,2.0,0.0,2.0,0,7.0,1.0,0.0
47aaf574,3.0,0,3.0,0.0,0.0,2.0,2.0,0.0,4.0,0.0,4.0,2,5.0,4.0,0.0
81442ecb,6.0,2,3.0,3.0,0.0,2.0,5.0,3.0,2.0,0.0,2.0,1,7.0,2.0,0.0
82e12fe7,2.0,1,2.0,0.0,0.0,2.0,2.0,0.0,1.0,1.0,0.0,0,2.0,1.0,0.0
65d62814,0.0,0,0.0,0.0,0.0,0.0,0.0,0.0,0.0,0.0,0.0,0,0.0,1.0,1.0
4dcec659,3.0,1,2.0,0.0,1.0,3.0,4.0,1.0,3.0,0.0,3.0,3,6.0,2.0,0.0
dcfb17f4,1.0,0,0.0,1.0,0.0,0.0,2.0,2.0,2.0,0.0,2.0,2,3.0,1.0,0.0
4b00cd47,8.0,5,7.0,1.0,0.0,5.0,10.0,5.0,6.0,3.0,3.0,2,10.0,36.0,0.0
3dd738a1,2.0,2,1.0,1.0,0.0,1.0,7.0,6.0,3.0,1.0,2.0,1,3.0,0.0,0.0
9c4f39b3,3.0,2,1.0,1.0,1.0,0.0,4.0,4.0,1.0,0.0,1.0,1,4.0,1.0,0.0
2b1c4abd,0.0,0,0.0,0.0,0.0,0.0,1.0,1.0,4.0,0.0,4.0,1,1.0,3.0,0.0
b625b241,0.0,0,0.0,0.0,0.0,0.0,0.0,0.0,0.0,0.0,0.0,0,0.0,0.0,0.0
31f5b89b,5.0,2,0.0,3.0,2.0,3.0,7.0,4.0,5.0,0.0,5.0,7,12.0,3.0,0.0
4601e194,1.0,1,0.0,0.0,1.0,0.0,0.0,0.0,3.0,2.0,1.0,2,3.0,2.0,0.0
5294a83f,4.0,3,3.0,1.0,0.0,1.0,2.0,1.0,1.0,1.0,0.0,1,5.0,0.0,0.0
9e17ccff,0.0,0,0.0,0.0,0.0,0.0,0.0,0.0,0.0,0.0,0.0,0,0.0,0.0,0.0
cd6a1a59,10.0,5,4.0,4.0,2.0,4.0,7.0,3.0,8.0,3.0,5.0,14,24.0,3.0,0.0
f8405304,0.0,0,0.0,0.0,0.0,0.0,2.0,2.0,0.0,0.0,0.0,0,0.0,1.0,0.0
1a7fcf39,4.0,3,3.0,1.0,0.0,3.0,4.0,1.0,2.0,0.0,2.0,4,8.0,3.0,1.0
5c46e908,8.0,6,5.0,3.0,0.0,2.0,2.0,0.0,1.0,0.0,1.0,1,9.0,8.0,0.0
bdf8165d,3.0,0,1.0,2.0,0.0,1.0,5.0,4.0,3.0,1.0,2.0,2,5.0,2.0,0.0
f4290206,0.0,0,0.0,0.0,0.0,0.0,0.0,0.0,2.0,2.0,0.0,1,1.0,1.0,0.0
0afff3b7,4.0,4,3.0,0.0,1.0,1.0,6.0,5.0,2.0,0.0,2.0,2,6.0,3.0,1.0
8b3ab7ad,5.0,4,2.0,3.0,0.0,1.0,1.0,0.0,5.0,2.0,3.0,1,6.0,7.0,1.0
555d5edd,1.0,1,0.0,1.0,0.0,1.0,2.0,1.0,0.0,0.0,0.0,1,2.0,0.0,0.0
7fdb872a,0.0,0,0.0,0.0,0.0,0.0,0.0,0.0,1.0,0.0,1.0,0,0.0,1.0,0.0
9f1893b9,9.0,5,3.0,2.0,4.0,3.0,6.0,3.0,2.0,0.0,2.0,2,11.0,2.0,0.0
b5f66351,11.0,4,5.0,4.0,2.0,7.0,13.0,6.0,4.0,1.0,3.0,3,14.0,6.0,0.0
8382b207,3.0,2,1.0,0.0,2.0,2.0,2.0,0.0,1.0,0.0,1.0,0,3.0,0.0,0.0
4f9f721c,2.0,1,0.0,1.0,1.0,1.0,3.0,2.0,3.0,0.0,3.0,1,3.0,1.0,0.0
40dc75f0,0.0,0,0.0,0.0,0.0,0.0,0.0,0.0,0.0,0.0,0.0,0,0.0,0.0,0.0
e0b113a7,8.0,5,4.0,2.0,2.0,4.0,5.0,1.0,4.0,2.0,2.0,5,13.0,3.0,0.0
4e3f5992,1.0,1,0.0,1.0,0.0,0.0,2.0,2.0,0.0,0.0,0.0,3,4.0,2.0,0.0
2a70dcc9,3.0,2,2.0,1.0,0.0,3.0,3.0,0.0,3.0,1.0,2.0,1,4.0,0.0,0.0
4a7078f9,5.0,3,2.0,3.0,0.0,3.0,12.0,9.0,7.0,3.0,4.0,5,10.0,8.0,0.0
50cddd19,1.0,1,0.0,1.0,0.0,0.0,1.0,1.0,1.0,0.0,1.0,0,1.0,3.0,0.0
108fe016,2.0,2,1.0,1.0,0.0,0.0,1.0,1.0,3.0,2.0,1.0,0,2.0,0.0,0.0
99127249,6.0,2,1.0,5.0,0.0,1.0,5.0,4.0,5.0,0.0,5.0,2,8.0,1.0,0.0
feb5d3ab,10.0,7,9.0,1.0,0.0,2.0,8.0,6.0,5.0,1.0,4.0,4,14.0,5.0,0.0
c63f6e46,2.0,2,1.0,0.0,1.0,1.0,2.0,1.0,3.0,0.0,3.0,0,2.0,0.0,0.0
7e6b3664,1.0,1,1.0,0.0,0.0,1.0,1.0,0.0,2.0,1.0,1.0,3,4.0,1.0,0.0
f28876e5,1.0,1,0.0,1.0,0.0,1.0,1.0,0.0,0.0,0.0,0.0,0,1.0,1.0,0.0
f47a530a,6.0,4,1.0,4.0,1.0,1.0,3.0,2.0,1.0,0.0,1.0,3,9.0,1.0,0.0
2bef2bca,2.0,1,2.0,0.0,0.0,1.0,1.0,0.0,6.0,2.0,4.0,0,2.0,3.0,0.0
184ad240,4.0,2,2.0,2.0,0.0,2.0,5.0,3.0,0.0,0.0,0.0,0,4.0,0.0,0.0
31b7d437,3.0,3,0.0,2.0,1.0,1.0,1.0,0.0,0.0,0.0,0.0,0,3.0,0.0,0.0
b026bbf6,6.0,2,2.0,4.0,0.0,0.0,3.0,3.0,4.0,0.0,4.0,5,11.0,8.0,0.0
8f5bfaac,0.0,0,0.0,0.0,0.0,0.0,3.0,3.0,2.0,0.0,2.0,3,3.0,1.0,0.0
dbd1b101,0.0,0,0.0,0.0,0.0,0.0,0.0,0.0,0.0,0.0,0.0,0,0.0,0.0,0.0
e65a7469,1.0,0,1.0,0.0,0.0,0.0,2.0,2.0,2.0,0.0,2.0,0,1.0,0.0,0.0
dd95af65,0.0,0,0.0,0.0,0.0,0.0,0.0,0.0,0.0,0.0,0.0,0,0.0,0.0,0.0
8e34b9f5,5.0,4,4.0,1.0,0.0,3.0,3.0,0.0,3.0,0.0,3.0,3,8.0,5.0,0.0
10549b49,0.0,0,0.0,0.0,0.0,0.0,0.0,0.0,0.0,0.0,0.0,0,0.0,1.0,0.0
85f476cc,1.0,1,1.0,0.0,0.0,1.0,2.0,1.0,0.0,0.0,0.0,0,1.0,0.0,0.0
60c07b31,0.0,0,0.0,0.0,0.0,0.0,0.0,0.0,4.0,3.0,1.0,4,4.0,14.0,2.0
75229233,1.0,1,0.0,1.0,0.0,0.0,1.0,1.0,1.0,0.0,1.0,3,4.0,1.0,0.0
114bbdee,0.0,0,0.0,0.0,0.0,0.0,0.0,0.0,0.0,0.0,0.0,1,1.0,3.0,0.0
06df8256,8.0,6,6.0,2.0,0.0,5.0,7.0,2.0,2.0,1.0,1.0,8,16.0,15.0,0.0
d7abc42e,14.0,10,4.0,6.0,4.0,5.0,7.0,2.0,4.0,0.0,4.0,7,21.0,2.0,0.0
dead55e5,6.0,5,3.0,2.0,1.0,2.0,7.0,5.0,3.0,0.0,3.0,2,8.0,4.0,0.0
0caa2fd4,6.0,3,2.0,3.0,1.0,3.0,4.0,1.0,5.0,0.0,5.0,2,8.0,0.0,0.0
a8567629,3.0,2,3.0,0.0,0.0,1.0,2.0,1.0,2.0,0.0,2.0,0,3.0,2.0,0.0
5ccc9672,2.0,0,1.0,1.0,0.0,2.0,3.0,1.0,4.0,0.0,4.0,1,3.0,0.0,0.0
be47b750,1.0,0,0.0,1.0,0.0,1.0,1.0,0.0,0.0,0.0,0.0,0,1.0,1.0,0.0
cac2537b,4.0,3,0.0,1.0,3.0,2.0,7.0,5.0,4.0,0.0,4.0,2,6.0,3.0,0.0
3098c0df,2.0,1,0.0,2.0,0.0,0.0,2.0,2.0,0.0,0.0,0.0,2,4.0,1.0,0.0
200e89e1,0.0,0,0.0,0.0,0.0,0.0,1.0,1.0,1.0,0.0,1.0,0,0.0,0.0,0.0
b742cc0d,15.0,9,8.0,6.0,1.0,7.0,8.0,1.0,12.0,7.0,5.0,8,23.0,22.0,1.0
80556f08,4.0,4,3.0,1.0,0.0,0.0,1.0,1.0,2.0,0.0,2.0,1,5.0,1.0,0.0
a36524bf,3.0,2,3.0,0.0,0.0,1.0,2.0,1.0,1.0,0.0,1.0,2,5.0,7.0,0.0
2973d8ff,0.0,0,0.0,0.0,0.0,0.0,0.0,0.0,1.0,0.0,1.0,0,0.0,2.0,0.0
072e68ed,0.0,0,0.0,0.0,0.0,0.0,1.0,1.0,0.0,0.0,0.0,0,0.0,3.0,0.0
a74ea18d,4.0,1,1.0,3.0,0.0,2.0,3.0,1.0,2.0,0.0,2.0,2,6.0,3.0,0.0
8eb55dbb,5.0,2,1.0,2.0,2.0,1.0,5.0,4.0,4.0,0.0,4.0,2,7.0,0.0,0.0
50dc94ce,1.0,1,0.0,1.0,0.0,0.0,0.0,0.0,1.0,0.0,1.0,0,1.0,0.0,0.0
30ae134d,2.0,1,0.0,0.0,2.0,1.0,6.0,5.0,3.0,2.0,1.0,0,2.0,6.0,0.0
71115017,7.0,5,4.0,3.0,0.0,6.0,12.0,6.0,4.0,1.0,3.0,2,9.0,26.0,0.0
f874dd44,3.0,1,3.0,0.0,0.0,3.0,3.0,0.0,0.0,0.0,0.0,1,4.0,0.0,0.0
c678ddd7,1.0,0,1.0,0.0,0.0,0.0,0.0,0.0,4.0,4.0,0.0,1,2.0,6.0,0.0
d705ba44,5.0,4,1.0,1.0,3.0,1.0,6.0,5.0,3.0,1.0,2.0,2,7.0,0.0,0.0
3bd65247,3.0,3,1.0,2.0,0.0,1.0,2.0,1.0,0.0,0.0,0.0,1,4.0,0.0,0.0
942b4f90,3.0,2,0.0,2.0,1.0,2.0,2.0,0.0,4.0,0.0,4.0,1,4.0,0.0,0.0
8a2248b4,0.0,0,0.0,0.0,0.0,0.0,0.0,0.0,0.0,0.0,0.0,0,0.0,1.0,0.0
e4114f5d,13.0,10,6.0,5.0,2.0,3.0,10.0,7.0,8.0,2.0,6.0,6,19.0,6.0,0.0
713c144a,3.0,3,2.0,0.0,1.0,1.0,3.0,2.0,1.0,0.0,1.0,0,3.0,0.0,0.0
a29b1131,0.0,0,0.0,0.0,0.0,0.0,3.0,3.0,0.0,0.0,0.0,0,0.0,1.0,0.0
17370b95,1.0,1,0.0,1.0,0.0,1.0,1.0,0.0,3.0,1.0,2.0,1,2.0,2.0,0.0
7ca9f0f0,13.0,5,6.0,5.0,2.0,5.0,9.0,4.0,2.0,0.0,2.0,5,18.0,11.0,0.0
11c0fa9d,3.0,2,0.0,1.0,2.0,1.0,4.0,3.0,0.0,0.0,0.0,0,3.0,1.0,0.0
a0b730dc,3.0,2,1.0,1.0,1.0,2.0,6.0,4.0,3.0,0.0,3.0,2,5.0,2.0,0.0
1c59240b,9.0,5,3.0,3.0,3.0,3.0,12.0,9.0,2.0,0.0,2.0,1,10.0,4.0,0.0
53d93280,0.0,0,0.0,0.0,0.0,0.0,0.0,0.0,0.0,0.0,0.0,0,0.0,3.0,0.0
4c6e2ab5,0.0,0,0.0,0.0,0.0,0.0,0.0,0.0,0.0,0.0,0.0,0,0.0,0.0,0.0
6191093d,4.0,2,1.0,3.0,0.0,0.0,4.0,4.0,4.0,0.0,4.0,4,8.0,0.0,0.0
5b479568,0.0,0,0.0,0.0,0.0,0.0,1.0,1.0,0.0,0.0,0.0,1,1.0,0.0,0.0
9c2b4382,1.0,0,0.0,1.0,0.0,0.0,0.0,0.0,0.0,0.0,0.0,0,1.0,0.0,0.0
7713c72a,4.0,1,3.0,0.0,1.0,4.0,6.0,2.0,4.0,4.0,0.0,2,6.0,5.0,0.0
415568b5,4.0,3,4.0,0.0,0.0,3.0,10.0,7.0,3.0,1.0,2.0,2,6.0,2.0,1.0
b146275b,3.0,0,0.0,3.0,0.0,2.0,3.0,1.0,0.0,0.0,0.0,2,5.0,3.0,0.0
52ec54d0,0.0,0,0.0,0.0,0.0,0.0,0.0,0.0,0.0,0.0,0.0,0,0.0,0.0,0.0
f893dba4,11.0,9,6.0,3.0,2.0,9.0,16.0,7.0,6.0,3.0,3.0,7,18.0,14.0,0.0
ae05689a,10.0,5,6.0,2.0,2.0,4.0,12.0,8.0,8.0,0.0,8.0,6,16.0,1.0,0.0
9d7d5334,0.0,0,0.0,0.0,0.0,0.0,0.0,0.0,0.0,0.0,0.0,0,0.0,2.0,0.0
5e8936be,1.0,1,1.0,0.0,0.0,1.0,1.0,0.0,0.0,0.0,0.0,0,1.0,3.0,2.0
1443ca7d,3.0,3,3.0,0.0,0.0,3.0,4.0,1.0,1.0,1.0,0.0,2,5.0,2.0,0.0
2cb77ec6,6.0,3,4.0,2.0,0.0,2.0,5.0,3.0,1.0,1.0,0.0,6,12.0,16.0,0.0
1c07b06e,2.0,0,1.0,1.0,0.0,2.0,4.0,2.0,6.0,2.0,4.0,3,5.0,3.0,0.0
541127d5,5.0,0,3.0,2.0,0.0,3.0,8.0,5.0,2.0,1.0,1.0,0,5.0,2.0,0.0
f6798fc3,0.0,0,0.0,0.0,0.0,0.0,0.0,0.0,0.0,0.0,0.0,0,0.0,1.0,0.0
20e73fac,11.0,4,4.0,6.0,1.0,5.0,11.0,6.0,6.0,1.0,5.0,1,12.0,11.0,0.0
ae94a6c5,1.0,1,0.0,1.0,0.0,1.0,1.0,0.0,2.0,0.0,2.0,2,3.0,0.0,0.0
ea39a081,5.0,3,1.0,3.0,1.0,3.0,5.0,2.0,1.0,0.0,1.0,0,5.0,0.0,0.0
1e064bfb,0.0,0,0.0,0.0,0.0,0.0,0.0,0.0,0.0,0.0,0.0,0,0.0,1.0,0.0
6e2c94ad,2.0,1,1.0,1.0,0.0,2.0,2.0,0.0,1.0,0.0,1.0,0,2.0,0.0,1.0
c1949191,3.0,2,2.0,0.0,1.0,1.0,1.0,0.0,4.0,3.0,1.0,2,5.0,9.0,0.0
10072610,0.0,0,0.0,0.0,0.0,0.0,0.0,0.0,1.0,0.0,1.0,1,1.0,0.0,0.0
6115fddd,0.0,0,0.0,0.0,0.0,0.0,0.0,0.0,0.0,0.0,0.0,1,1.0,5.0,0.0
5fd5ed86,1.0,1,1.0,0.0,0.0,1.0,2.0,1.0,2.0,1.0,1.0,1,2.0,17.0,0.0
4c184730,0.0,0,0.0,0.0,0.0,0.0,0.0,0.0,2.0,0.0,2.0,0,0.0,1.0,0.0
582beb9d,11.0,8,7.0,1.0,3.0,7.0,13.0,6.0,7.0,2.0,5.0,4,15.0,6.0,0.0
7b5ab7f2,3.0,1,1.0,1.0,1.0,2.0,4.0,2.0,0.0,0.0,0.0,3,6.0,1.0,0.0
eab85789,1.0,1,0.0,1.0,0.0,0.0,2.0,2.0,3.0,0.0,3.0,2,3.0,1.0,0.0
e0b5ac38,0.0,0,0.0,0.0,0.0,0.0,1.0,1.0,0.0,0.0,0.0,0,0.0,0.0,0.0
44f050bc,2.0,1,1.0,1.0,0.0,2.0,3.0,1.0,1.0,1.0,0.0,1,3.0,5.0,0.0
f8766ef9,7.0,4,4.0,3.0,0.0,3.0,6.0,3.0,7.0,3.0,4.0,6,13.0,29.0,0.0
eb2b33aa,0.0,0,0.0,0.0,0.0,0.0,0.0,0.0,0.0,0.0,0.0,0,0.0,0.0,0.0
5ab0ea87,5.0,5,3.0,2.0,0.0,3.0,4.0,1.0,2.0,0.0,2.0,4,9.0,3.0,0.0
8e456005,1.0,1,0.0,1.0,0.0,0.0,0.0,0.0,1.0,0.0,1.0,0,1.0,0.0,0.0
b8814868,8.0,5,1.0,5.0,2.0,4.0,5.0,1.0,1.0,0.0,1.0,1,9.0,1.0,0.0
f63a8347,1.0,1,1.0,0.0,0.0,1.0,1.0,0.0,0.0,0.0,0.0,0,1.0,2.0,0.0
13ea2544,5.0,3,0.0,5.0,0.0,3.0,5.0,2.0,2.0,0.0,2.0,2,7.0,1.0,0.0
489e80e3,17.0,9,11.0,4.0,2.0,10.0,28.0,18.0,10.0,0.0,10.0,6,23.0,0.0,0.0
a6de370d,5.0,1,1.0,4.0,0.0,4.0,5.0,1.0,2.0,0.0,2.0,3,8.0,1.0,0.0
b6a1cdf9,10.0,3,2.0,7.0,1.0,5.0,7.0,2.0,3.0,0.0,3.0,1,11.0,1.0,0.0
6885cc44,5.0,3,2.0,3.0,0.0,4.0,10.0,6.0,3.0,0.0,3.0,1,6.0,0.0,0.0
dee86451,1.0,1,0.0,1.0,0.0,1.0,1.0,0.0,1.0,0.0,1.0,0,1.0,1.0,0.0
3f5f38fb,0.0,0,0.0,0.0,0.0,0.0,0.0,0.0,0.0,0.0,0.0,1,1.0,3.0,0.0
4d224fe8,23.0,10,13.0,9.0,1.0,11.0,25.0,14.0,19.0,3.0,16.0,10,33.0,13.0,0.0
f54d2149,7.0,3,2.0,5.0,0.0,3.0,8.0,5.0,8.0,3.0,5.0,5,12.0,3.0,0.0
e0f3a1f6,10.0,4,7.0,1.0,2.0,7.0,8.0,1.0,4.0,1.0,3.0,8,18.0,30.0,1.0
37d0048f,7.0,4,2.0,4.0,1.0,2.0,5.0,3.0,5.0,2.0,3.0,3,10.0,6.0,0.0
ba3d3bea,3.0,1,0.0,3.0,0.0,2.0,3.0,1.0,6.0,3.0,3.0,4,7.0,3.0,0.0
350ad032,3.0,2,1.0,1.0,1.0,1.0,3.0,2.0,1.0,0.0,1.0,3,6.0,6.0,0.0
2edbd8d5,0.0,0,0.0,0.0,0.0,0.0,0.0,0.0,0.0,0.0,0.0,0,0.0,0.0,0.0
31a62dc7,0.0,0,0.0,0.0,0.0,0.0,1.0,1.0,2.0,0.0,2.0,0,0.0,4.0,0.0
3c6bbbab,8.0,5,6.0,1.0,1.0,8.0,9.0,1.0,1.0,0.0,1.0,5,13.0,5.0,0.0
254b831b,6.0,3,6.0,0.0,0.0,2.0,2.0,0.0,3.0,1.0,2.0,2,8.0,9.0,0.0
e63c5181,11.0,5,4.0,6.0,1.0,4.0,14.0,10.0,13.0,1.0,12.0,5,16.0,5.0,0.0
890f108d,0.0,0,0.0,0.0,0.0,0.0,0.0,0.0,0.0,0.0,0.0,0,0.0,2.0,0.0
b0f7e36c,3.0,3,2.0,1.0,0.0,1.0,1.0,0.0,1.0,0.0,1.0,0,3.0,0.0,0.0
b7b27de0,1.0,0,1.0,0.0,0.0,0.0,1.0,1.0,4.0,0.0,4.0,0,1.0,0.0,0.0
68a26d51,7.0,6,0.0,7.0,0.0,3.0,12.0,9.0,5.0,0.0,5.0,4,11.0,2.0,1.0
1cb49278,3.0,1,2.0,0.0,1.0,0.0,0.0,0.0,3.0,1.0,2.0,0,3.0,1.0,0.0
6e2e6e4e,0.0,0,0.0,0.0,0.0,0.0,0.0,0.0,0.0,0.0,0.0,0,0.0,0.0,0.0
770ebf00,3.0,0,0.0,3.0,0.0,3.0,8.0,5.0,7.0,0.0,7.0,5,8.0,0.0,0.0
7cd78926,14.0,7,8.0,3.0,3.0,5.0,8.0,3.0,8.0,4.0,4.0,15,29.0,8.0,0.0
5fcb90ac,0.0,0,0.0,0.0,0.0,0.0,0.0,0.0,0.0,0.0,0.0,0,0.0,0.0,0.0
1fbbfbde,7.0,2,6.0,1.0,0.0,4.0,5.0,1.0,0.0,0.0,0.0,2,9.0,8.0,0.0
3010aefb,3.0,2,1.0,1.0,1.0,1.0,1.0,0.0,1.0,0.0,1.0,0,3.0,1.0,0.0
5ef3d210,0.0,0,0.0,0.0,0.0,0.0,0.0,0.0,0.0,0.0,0.0,0,0.0,0.0,0.0
0e7ccfc4,6.0,4,3.0,2.0,1.0,3.0,9.0,6.0,5.0,1.0,4.0,6,12.0,11.0,0.0
9980269a,0.0,0,0.0,0.0,0.0,0.0,1.0,1.0,0.0,0.0,0.0,0,0.0,0.0,0.0
720ebb4e,0.0,0,0.0,0.0,0.0,0.0,0.0,0.0,0.0,0.0,0.0,0,0.0,0.0,0.0
922dfade,13.0,11,2.0,8.0,3.0,5.0,11.0,6.0,4.0,1.0,3.0,3,16.0,5.0,0.0
16657b95,25.0,15,8.0,16.0,1.0,11.0,21.0,10.0,9.0,3.0,6.0,11,36.0,7.0,0.0
0ab1f153,2.0,1,2.0,0.0,0.0,1.0,1.0,0.0,0.0,0.0,0.0,1,3.0,0.0,0.0
235a646b,4.0,3,2.0,2.0,0.0,2.0,5.0,3.0,1.0,0.0,1.0,2,6.0,5.0,0.0
a04e2dd2,0.0,0,0.0,0.0,0.0,0.0,0.0,0.0,0.0,0.0,0.0,0,0.0,0.0,0.0
d9565625,14.0,5,9.0,5.0,0.0,7.0,7.0,0.0,7.0,1.0,6.0,8,22.0,3.0,0.0
563cbac0,10.0,7,7.0,2.0,1.0,7.0,10.0,3.0,6.0,5.0,1.0,10,20.0,29.0,0.0
94b2001f,3.0,2,1.0,1.0,1.0,1.0,3.0,2.0,2.0,1.0,1.0,3,6.0,6.0,0.0
ccd38335,3.0,3,3.0,0.0,0.0,1.0,1.0,0.0,0.0,0.0,0.0,1,4.0,4.0,0.0
da7f2781,18.0,9,11.0,5.0,2.0,13.0,19.0,6.0,4.0,0.0,4.0,10,28.0,12.0,1.0
ae4e2852,3.0,2,1.0,1.0,1.0,2.0,2.0,0.0,1.0,0.0,1.0,1,4.0,4.0,0.0
bc6e544a,8.0,6,7.0,1.0,0.0,6.0,8.0,2.0,3.0,1.0,2.0,1,9.0,7.0,0.0
d99830de,2.0,2,0.0,2.0,0.0,2.0,4.0,2.0,2.0,0.0,2.0,0,2.0,0.0,0.0
d33c706e,0.0,0,0.0,0.0,0.0,0.0,0.0,0.0,0.0,0.0,0.0,0,0.0,0.0,0.0
5832ebfe,5.0,2,4.0,1.0,0.0,4.0,4.0,0.0,5.0,4.0,1.0,3,8.0,13.0,1.0
13c8e5f6,2.0,2,1.0,1.0,0.0,1.0,3.0,2.0,1.0,0.0,1.0,2,4.0,1.0,0.0
19cda00b,0.0,0,0.0,0.0,0.0,0.0,3.0,3.0,0.0,0.0,0.0,1,1.0,0.0,0.0
aeed5c06,0.0,0,0.0,0.0,0.0,0.0,2.0,2.0,0.0,0.0,0.0,0,0.0,0.0,0.0
d4822868,0.0,0,0.0,0.0,0.0,0.0,0.0,0.0,0.0,0.0,0.0,0,0.0,0.0,0.0
8104e41e,3.0,3,0.0,2.0,1.0,1.0,7.0,6.0,10.0,0.0,10.0,7,10.0,1.0,0.0
a9107589,0.0,0,0.0,0.0,0.0,0.0,0.0,0.0,0.0,0.0,0.0,0,0.0,0.0,0.0
4030c7ae,0.0,0,0.0,0.0,0.0,0.0,0.0,0.0,0.0,0.0,0.0,0,0.0,2.0,0.0
34a0f5ff,3.0,2,2.0,1.0,0.0,1.0,4.0,3.0,2.0,0.0,2.0,2,5.0,2.0,1.0
37143438,1.0,1,0.0,1.0,0.0,0.0,1.0,1.0,0.0,0.0,0.0,0,1.0,0.0,1.0
1581e8db,5.0,4,1.0,4.0,0.0,2.0,4.0,2.0,2.0,0.0,2.0,1,6.0,4.0,0.0
ad82197c,6.0,4,3.0,3.0,0.0,4.0,7.0,3.0,8.0,2.0,6.0,26,32.0,17.0,0.0
d6f866ba,5.0,1,1.0,4.0,0.0,2.0,5.0,3.0,3.0,2.0,1.0,2,7.0,5.0,0.0
45c29ae7,2.0,1,1.0,0.0,1.0,1.0,4.0,3.0,1.0,0.0,1.0,0,2.0,1.0,0.0
77ac1d89,4.0,3,1.0,2.0,1.0,2.0,4.0,2.0,5.0,1.0,4.0,1,5.0,3.0,0.0
ac295d9e,0.0,0,0.0,0.0,0.0,0.0,0.0,0.0,0.0,0.0,0.0,0,0.0,0.0,1.0
d01bbb6f,12.0,5,4.0,6.0,2.0,5.0,10.0,5.0,9.0,0.0,9.0,3,15.0,4.0,0.0
f67c9d29,15.0,11,6.0,9.0,0.0,8.0,8.0,0.0,5.0,1.0,4.0,11,26.0,19.0,0.0
fffea3e5,3.0,3,1.0,1.0,1.0,1.0,4.0,3.0,1.0,0.0,1.0,0,3.0,0.0,0.0
67ac5bb8,5.0,5,3.0,1.0,1.0,4.0,4.0,0.0,3.0,2.0,1.0,3,8.0,17.0,0.0
9e7483ff,2.0,0,0.0,2.0,0.0,1.0,5.0,4.0,5.0,0.0,5.0,1,3.0,2.0,0.0
6fd8a334,6.0,3,3.0,3.0,0.0,2.0,2.0,0.0,7.0,6.0,1.0,9,15.0,15.0,0.0
c6486b01,3.0,1,1.0,2.0,0.0,2.0,4.0,2.0,2.0,0.0,2.0,4,7.0,4.0,0.0
510c6a3f,0.0,0,0.0,0.0,0.0,0.0,0.0,0.0,0.0,0.0,0.0,0,0.0,0.0,0.0
8c5506ec,12.0,11,8.0,3.0,1.0,7.0,10.0,3.0,7.0,1.0,6.0,6,18.0,15.0,0.0
e0921a4f,3.0,1,2.0,0.0,1.0,1.0,6.0,5.0,4.0,0.0,4.0,1,4.0,0.0,0.0
0b243559,1.0,1,1.0,0.0,0.0,0.0,0.0,0.0,3.0,1.0,2.0,0,1.0,1.0,0.0
756959aa,4.0,2,2.0,1.0,1.0,2.0,7.0,5.0,4.0,0.0,4.0,2,6.0,0.0,0.0
29e298a8,8.0,6,4.0,3.0,1.0,6.0,6.0,0.0,2.0,1.0,1.0,3,11.0,8.0,0.0
7f8fb807,1.0,1,0.0,1.0,0.0,0.0,0.0,0.0,2.0,0.0,2.0,0,1.0,2.0,0.0
57760e66,0.0,0,0.0,0.0,0.0,0.0,3.0,3.0,1.0,0.0,1.0,0,0.0,1.0,0.0
beb882a8,4.0,3,2.0,1.0,1.0,3.0,5.0,2.0,2.0,2.0,0.0,4,8.0,1.0,0.0
2fba6108,3.0,2,0.0,2.0,1.0,1.0,2.0,1.0,0.0,0.0,0.0,1,4.0,0.0,0.0
47a34c4f,2.0,0,1.0,1.0,0.0,2.0,2.0,0.0,0.0,0.0,0.0,1,3.0,0.0,0.0
f7dc2ae5,9.0,5,7.0,2.0,0.0,7.0,10.0,3.0,5.0,4.0,1.0,4,13.0,6.0,1.0
0b4f388a,4.0,2,0.0,2.0,2.0,2.0,5.0,3.0,2.0,0.0,2.0,0,4.0,0.0,0.0
a0c590b9,1.0,0,0.0,1.0,0.0,0.0,0.0,0.0,1.0,0.0,1.0,0,1.0,0.0,0.0
04e17fd5,2.0,2,0.0,2.0,0.0,0.0,1.0,1.0,0.0,0.0,0.0,0,2.0,2.0,0.0
3fba18d3,1.0,0,1.0,0.0,0.0,0.0,2.0,2.0,1.0,0.0,1.0,1,2.0,3.0,0.0
c75f04f4,0.0,0,0.0,0.0,0.0,0.0,0.0,0.0,0.0,0.0,0.0,0,0.0,0.0,0.0
ea770abf,15.0,10,9.0,5.0,1.0,4.0,7.0,3.0,6.0,4.0,2.0,11,26.0,18.0,0.0
1469d291,1.0,1,1.0,0.0,0.0,1.0,1.0,0.0,0.0,0.0,0.0,0,1.0,0.0,0.0
8eeb8ba4,9.0,5,5.0,2.0,2.0,7.0,9.0,2.0,4.0,1.0,3.0,4,13.0,14.0,0.0
980522ec,3.0,1,1.0,2.0,0.0,1.0,2.0,1.0,2.0,0.0,2.0,2,5.0,1.0,0.0
12dcbdcc,3.0,2,2.0,0.0,1.0,2.0,3.0,1.0,1.0,0.0,1.0,1,4.0,0.0,0.0
d7354a36,7.0,5,3.0,4.0,0.0,1.0,2.0,1.0,0.0,0.0,0.0,0,7.0,2.0,0.0
16322a52,5.0,2,1.0,2.0,2.0,1.0,4.0,3.0,3.0,1.0,2.0,1,6.0,5.0,0.0
4352d221,14.0,8,8.0,4.0,2.0,9.0,19.0,10.0,12.0,1.0,11.0,5,19.0,4.0,0.0
54bb5c3f,0.0,0,0.0,0.0,0.0,0.0,1.0,1.0,0.0,0.0,0.0,0,0.0,1.0,0.0
f5e7fdf9,7.0,6,4.0,3.0,0.0,4.0,6.0,2.0,7.0,2.0,5.0,3,10.0,4.0,0.0
bc7b4580,3.0,1,3.0,0.0,0.0,2.0,3.0,1.0,2.0,1.0,1.0,3,6.0,5.0,0.0
366be751,4.0,4,0.0,2.0,2.0,3.0,7.0,4.0,4.0,0.0,4.0,2,6.0,1.0,0.0
b396a0b1,4.0,2,2.0,0.0,2.0,3.0,4.0,1.0,1.0,0.0,1.0,0,4.0,2.0,0.0
0ba976e4,0.0,0,0.0,0.0,0.0,0.0,0.0,0.0,0.0,0.0,0.0,0,0.0,0.0,0.0
4c1e579e,0.0,0,0.0,0.0,0.0,0.0,0.0,0.0,0.0,0.0,0.0,0,0.0,0.0,0.0
bece776f,0.0,0,0.0,0.0,0.0,0.0,0.0,0.0,1.0,0.0,1.0,0,0.0,0.0,0.0
15d0c248,3.0,2,1.0,2.0,0.0,2.0,3.0,1.0,9.0,4.0,5.0,9,12.0,12.0,0.0
507c7bdf,8.0,4,3.0,3.0,2.0,3.0,15.0,12.0,9.0,0.0,9.0,7,15.0,11.0,0.0
ef491564,1.0,1,0.0,0.0,1.0,1.0,2.0,1.0,0.0,0.0,0.0,0,1.0,0.0,0.0
e08647d6,3.0,3,0.0,2.0,1.0,1.0,2.0,1.0,2.0,0.0,2.0,0,3.0,0.0,0.0
d9d43555,3.0,1,0.0,1.0,2.0,0.0,3.0,3.0,1.0,0.0,1.0,0,3.0,0.0,0.0
41f32541,1.0,1,1.0,0.0,0.0,1.0,1.0,0.0,1.0,1.0,0.0,1,2.0,12.0,0.0
a92ab7be,0.0,0,0.0,0.0,0.0,0.0,1.0,1.0,0.0,0.0,0.0,0,0.0,4.0,0.0
822d51d7,18.0,13,7.0,9.0,2.0,6.0,17.0,11.0,8.0,3.0,5.0,7,25.0,4.0,0.0
f620b04f,0.0,0,0.0,0.0,0.0,0.0,0.0,0.0,0.0,0.0,0.0,0,0.0,0.0,0.0
9a794238,0.0,0,0.0,0.0,0.0,0.0,0.0,0.0,0.0,0.0,0.0,0,0.0,1.0,0.0
b853e0ad,17.0,4,7.0,6.0,4.0,6.0,15.0,9.0,6.0,0.0,6.0,4,21.0,2.0,1.0
74f2e748,2.0,1,1.0,1.0,0.0,1.0,1.0,0.0,2.0,0.0,2.0,0,2.0,5.0,0.0
f360f047,1.0,0,0.0,0.0,1.0,0.0,1.0,1.0,0.0,0.0,0.0,0,1.0,0.0,0.0
1971591f,4.0,2,2.0,1.0,1.0,3.0,7.0,4.0,1.0,0.0,1.0,3,7.0,1.0,0.0
3da8cba0,1.0,0,1.0,0.0,0.0,1.0,2.0,1.0,0.0,0.0,0.0,2,3.0,3.0,0.0
23c63b7f,2.0,2,0.0,1.0,1.0,2.0,4.0,2.0,0.0,0.0,0.0,0,2.0,1.0,0.0
a372a9f2,12.0,7,5.0,5.0,2.0,7.0,14.0,7.0,2.0,0.0,2.0,4,16.0,2.0,0.0
7aa8adfe,2.0,2,2.0,0.0,0.0,1.0,2.0,1.0,3.0,0.0,3.0,3,5.0,2.0,0.0
62f7c156,4.0,2,4.0,0.0,0.0,4.0,5.0,1.0,3.0,3.0,0.0,5,9.0,18.0,0.0
19cae58d,4.0,4,0.0,2.0,2.0,2.0,5.0,3.0,4.0,0.0,4.0,1,5.0,1.0,0.0
0683f364,9.0,7,5.0,3.0,1.0,4.0,7.0,3.0,10.0,2.0,8.0,7,16.0,2.0,0.0
6bd603db,3.0,3,2.0,1.0,0.0,2.0,3.0,1.0,3.0,0.0,3.0,1,4.0,6.0,0.0
7ba6d84e,0.0,0,0.0,0.0,0.0,0.0,0.0,0.0,0.0,0.0,0.0,0,0.0,1.0,1.0
242e1043,6.0,3,4.0,2.0,0.0,2.0,3.0,1.0,2.0,2.0,0.0,3,9.0,0.0,0.0
ffa90327,2.0,0,1.0,1.0,0.0,2.0,3.0,1.0,3.0,0.0,3.0,1,3.0,3.0,0.0
7242b495,1.0,1,1.0,0.0,0.0,0.0,0.0,0.0,1.0,0.0,1.0,2,3.0,2.0,0.0
d0a0858e,6.0,3,3.0,2.0,1.0,3.0,6.0,3.0,1.0,0.0,1.0,2,8.0,2.0,0.0
9c435456,8.0,3,8.0,0.0,0.0,6.0,9.0,3.0,7.0,3.0,4.0,2,10.0,12.0,1.0
37337aea,2.0,1,0.0,0.0,2.0,1.0,1.0,0.0,0.0,0.0,0.0,1,3.0,1.0,0.0
f521b80a,9.0,6,5.0,3.0,1.0,8.0,10.0,2.0,3.0,1.0,2.0,10,19.0,15.0,0.0
3befc2b6,14.0,9,10.0,4.0,0.0,8.0,15.0,7.0,9.0,6.0,3.0,10,24.0,30.0,0.0
c0a38fb2,0.0,0,0.0,0.0,0.0,0.0,0.0,0.0,0.0,0.0,0.0,0,0.0,0.0,0.0
ab57e591,0.0,0,0.0,0.0,0.0,0.0,0.0,0.0,0.0,0.0,0.0,0,0.0,0.0,0.0
50c1ff86,3.0,1,0.0,2.0,1.0,0.0,1.0,1.0,1.0,1.0,0.0,4,7.0,9.0,0.0
51ffa295,1.0,0,0.0,1.0,0.0,0.0,0.0,0.0,1.0,0.0,1.0,3,4.0,2.0,0.0
3708e9fa,13.0,5,6.0,3.0,4.0,5.0,14.0,9.0,11.0,0.0,11.0,9,22.0,1.0,0.0
8dcf77c0,0.0,0,0.0,0.0,0.0,0.0,0.0,0.0,2.0,0.0,2.0,2,2.0,3.0,0.0
4c2e9442,0.0,0,0.0,0.0,0.0,0.0,0.0,0.0,0.0,0.0,0.0,0,0.0,1.0,0.0
5c78cb9e,0.0,0,0.0,0.0,0.0,0.0,0.0,0.0,0.0,0.0,0.0,1,1.0,0.0,0.0
c275947b,4.0,3,2.0,2.0,0.0,2.0,6.0,4.0,0.0,0.0,0.0,1,5.0,0.0,0.0
49d028db,7.0,5,5.0,2.0,0.0,6.0,8.0,2.0,2.0,2.0,0.0,2,9.0,11.0,0.0
7cc5bd9c,0.0,0,0.0,0.0,0.0,0.0,0.0,0.0,3.0,1.0,2.0,1,1.0,1.0,0.0
c4f5eb61,3.0,1,2.0,1.0,0.0,1.0,1.0,0.0,0.0,0.0,0.0,0,3.0,0.0,0.0
4e4b59a4,0.0,0,0.0,0.0,0.0,0.0,0.0,0.0,0.0,0.0,0.0,0,0.0,0.0,0.0
9c74fa25,7.0,7,2.0,4.0,1.0,2.0,6.0,4.0,4.0,0.0,4.0,9,16.0,10.0,0.0
6f5f82c0,1.0,1,1.0,0.0,0.0,0.0,3.0,3.0,1.0,1.0,0.0,1,2.0,1.0,0.0
aad56ca3,5.0,3,3.0,2.0,0.0,1.0,1.0,0.0,4.0,2.0,2.0,3,8.0,0.0,0.0
3cd7820a,4.0,3,2.0,2.0,0.0,2.0,2.0,0.0,3.0,1.0,2.0,2,6.0,4.0,0.0
8e235926,2.0,1,0.0,0.0,2.0,0.0,1.0,1.0,3.0,0.0,3.0,1,3.0,2.0,0.0
54e4866f,6.0,4,0.0,3.0,3.0,4.0,7.0,3.0,3.0,0.0,3.0,0,6.0,2.0,0.0
37998008,0.0,0,0.0,0.0,0.0,0.0,0.0,0.0,0.0,0.0,0.0,0,0.0,0.0,0.0
0da5076f,5.0,4,3.0,2.0,0.0,1.0,4.0,3.0,4.0,0.0,4.0,7,12.0,2.0,0.0
5db7ba90,0.0,2,0.0,0.0,0.0,0.0,0.0,0.0,0.0,0.0,0.0,0,0.0,0.0,0.0
ef322658,11.0,8,4.0,7.0,0.0,7.0,11.0,4.0,3.0,0.0,3.0,6,17.0,1.0,0.0
0076ab7f,3.0,1,1.0,2.0,0.0,1.0,1.0,0.0,4.0,2.0,2.0,2,5.0,3.0,0.0
bb598858,12.0,6,9.0,1.0,2.0,7.0,10.0,3.0,0.0,0.0,0.0,2,14.0,4.0,0.0
58a3a572,12.0,9,8.0,3.0,1.0,8.0,16.0,8.0,7.0,3.0,4.0,2,14.0,9.0,0.0
1707d9c6,0.0,0,0.0,0.0,0.0,0.0,0.0,0.0,1.0,0.0,1.0,0,0.0,0.0,0.0
b73f17f8,4.0,2,4.0,0.0,0.0,3.0,5.0,2.0,1.0,0.0,1.0,7,11.0,2.0,0.0
8e48dc61,6.0,3,4.0,2.0,0.0,3.0,5.0,2.0,4.0,0.0,4.0,2,8.0,4.0,0.0
3741ca58,5.0,3,1.0,2.0,2.0,1.0,3.0,2.0,1.0,0.0,1.0,4,9.0,0.0,0.0
8593f88c,16.0,5,8.0,8.0,0.0,12.0,16.0,4.0,6.0,1.0,5.0,4,20.0,5.0,0.0
44400941,5.0,2,2.0,2.0,1.0,1.0,3.0,2.0,3.0,0.0,3.0,9,14.0,5.0,0.0
c7842dab,11.0,3,3.0,8.0,0.0,2.0,8.0,6.0,8.0,3.0,5.0,5,16.0,4.0,0.0
a6979b0f,1.0,1,0.0,1.0,0.0,1.0,1.0,0.0,1.0,0.0,1.0,3,4.0,2.0,0.0
70dcf94d,11.0,4,2.0,9.0,0.0,4.0,7.0,3.0,17.0,1.0,16.0,1,12.0,1.0,0.0
82cfae2a,8.0,5,5.0,3.0,0.0,5.0,6.0,1.0,7.0,5.0,2.0,6,14.0,40.0,0.0
7673e4bc,0.0,0,0.0,0.0,0.0,0.0,1.0,1.0,0.0,0.0,0.0,1,1.0,2.0,0.0
60831426,0.0,0,0.0,0.0,0.0,0.0,0.0,0.0,0.0,0.0,0.0,0,0.0,3.0,0.0
02b952ce,3.0,1,3.0,0.0,0.0,2.0,4.0,2.0,2.0,2.0,0.0,0,3.0,8.0,0.0
e6ad16b2,6.0,3,3.0,3.0,0.0,4.0,6.0,2.0,5.0,0.0,5.0,0,6.0,3.0,0.0
4fac8f81,11.0,6,8.0,2.0,1.0,7.0,11.0,4.0,5.0,2.0,3.0,8,19.0,25.0,1.0
f24ea523,6.0,3,2.0,1.0,3.0,1.0,5.0,4.0,1.0,0.0,1.0,3,9.0,0.0,0.0
bfc5768b,6.0,2,2.0,3.0,1.0,1.0,5.0,4.0,6.0,0.0,6.0,2,8.0,4.0,0.0
39e1138f,3.0,2,1.0,1.0,1.0,1.0,1.0,0.0,3.0,0.0,3.0,9,12.0,2.0,0.0
f0f64209,0.0,0,0.0,0.0,0.0,0.0,0.0,0.0,0.0,0.0,0.0,0,0.0,0.0,0.0
6b658db0,1.0,0,1.0,0.0,0.0,0.0,0.0,0.0,0.0,0.0,0.0,0,1.0,0.0,0.0
10161491,0.0,0,0.0,0.0,0.0,0.0,1.0,1.0,0.0,0.0,0.0,0,0.0,0.0,0.0
50871bcc,1.0,1,1.0,0.0,0.0,0.0,2.0,2.0,2.0,0.0,2.0,0,1.0,0.0,0.0
2dc925d5,2.0,2,0.0,0.0,2.0,1.0,1.0,0.0,0.0,0.0,0.0,0,2.0,0.0,0.0
fa066690,2.0,0,1.0,1.0,0.0,2.0,2.0,0.0,2.0,1.0,1.0,5,7.0,9.0,0.0
8059806f,9.0,7,6.0,2.0,1.0,5.0,10.0,5.0,9.0,3.0,6.0,2,11.0,4.0,0.0
fa94d227,0.0,0,0.0,0.0,0.0,0.0,0.0,0.0,0.0,0.0,0.0,0,0.0,0.0,0.0
90b70194,4.0,2,1.0,3.0,0.0,3.0,7.0,4.0,5.0,2.0,3.0,2,6.0,5.0,0.0
3642b47f,8.0,4,2.0,3.0,3.0,4.0,11.0,7.0,4.0,1.0,3.0,5,13.0,4.0,0.0
0c7a48f8,3.0,2,1.0,2.0,0.0,1.0,1.0,0.0,7.0,2.0,5.0,6,9.0,11.0,0.0
5521f419,0.0,0,0.0,0.0,0.0,0.0,0.0,0.0,1.0,0.0,1.0,0,0.0,1.0,0.0
2116f524,0.0,0,0.0,0.0,0.0,0.0,0.0,0.0,0.0,0.0,0.0,0,0.0,0.0,0.0
9a71e978,4.0,4,3.0,1.0,0.0,4.0,6.0,2.0,0.0,0.0,0.0,1,5.0,1.0,0.0
5d8e331f,8.0,7,5.0,3.0,0.0,4.0,10.0,6.0,4.0,3.0,1.0,10,18.0,4.0,0.0
d79a8c87,6.0,4,0.0,6.0,0.0,3.0,4.0,1.0,4.0,2.0,2.0,5,11.0,16.0,1.0
ca618d23,4.0,3,3.0,1.0,0.0,1.0,2.0,1.0,2.0,0.0,2.0,1,5.0,2.0,0.0
16839b27,2.0,0,0.0,2.0,0.0,0.0,1.0,1.0,2.0,0.0,2.0,1,3.0,1.0,0.0
951f1739,4.0,2,3.0,1.0,0.0,2.0,7.0,5.0,3.0,0.0,3.0,5,9.0,4.0,0.0
6603fed7,4.0,0,0.0,2.0,2.0,1.0,8.0,7.0,5.0,0.0,5.0,1,5.0,2.0,0.0
62de9d42,7.0,2,2.0,3.0,2.0,3.0,12.0,9.0,7.0,0.0,7.0,1,8.0,0.0,0.0
d5efd527,7.0,3,4.0,2.0,1.0,1.0,2.0,1.0,13.0,7.0,6.0,9,16.0,26.0,0.0
73b1d487,3.0,1,2.0,1.0,0.0,2.0,10.0,8.0,6.0,0.0,6.0,5,8.0,1.0,0.0
ad3389d5,0.0,0,0.0,0.0,0.0,0.0,0.0,0.0,0.0,0.0,0.0,0,0.0,0.0,1.0
15f3ec41,0.0,0,0.0,0.0,0.0,0.0,0.0,0.0,0.0,0.0,0.0,0,0.0,0.0,0.0
f2c1300a,2.0,2,2.0,0.0,0.0,0.0,1.0,1.0,5.0,3.0,2.0,4,6.0,10.0,0.0
e09436fb,0.0,0,0.0,0.0,0.0,0.0,0.0,0.0,1.0,1.0,0.0,0,0.0,0.0,0.0
4f5a953e,4.0,1,2.0,2.0,0.0,2.0,3.0,1.0,2.0,2.0,0.0,5,9.0,21.0,1.0
2f3452eb,9.0,4,4.0,4.0,1.0,6.0,11.0,5.0,6.0,1.0,5.0,6,15.0,8.0,0.0
952afd27,2.0,2,2.0,0.0,0.0,0.0,2.0,2.0,4.0,2.0,2.0,1,3.0,22.0,0.0
82efe6fa,13.0,6,7.0,5.0,1.0,6.0,8.0,2.0,8.0,6.0,2.0,14,27.0,18.0,0.0
34caa4b3,3.0,3,0.0,1.0,2.0,1.0,2.0,1.0,2.0,1.0,1.0,0,3.0,0.0,0.0
75645f0e,2.0,2,0.0,1.0,1.0,0.0,1.0,1.0,0.0,0.0,0.0,1,3.0,0.0,0.0
d5161564,0.0,0,0.0,0.0,0.0,0.0,0.0,0.0,0.0,0.0,0.0,0,0.0,0.0,0.0
ba492306,0.0,0,0.0,0.0,0.0,0.0,0.0,0.0,0.0,0.0,0.0,0,0.0,0.0,0.0
5ce0b5ba,3.0,0,0.0,3.0,0.0,1.0,2.0,1.0,3.0,0.0,3.0,2,5.0,0.0,0.0
4431aed2,2.0,0,1.0,0.0,1.0,2.0,3.0,1.0,1.0,0.0,1.0,0,2.0,4.0,0.0
92fa5d28,5.0,3,3.0,2.0,0.0,1.0,3.0,2.0,2.0,1.0,1.0,7,12.0,2.0,0.0
33651873,2.0,2,2.0,0.0,0.0,2.0,4.0,2.0,1.0,1.0,0.0,3,5.0,5.0,0.0
85c76f0a,0.0,0,0.0,0.0,0.0,0.0,0.0,0.0,1.0,0.0,1.0,0,0.0,0.0,0.0
f512a009,12.0,7,4.0,5.0,3.0,6.0,7.0,1.0,2.0,1.0,1.0,2,14.0,1.0,0.0
3d3ac5b8,5.0,3,2.0,2.0,1.0,4.0,5.0,1.0,1.0,0.0,1.0,2,7.0,1.0,0.0
5715bb71,4.0,1,0.0,2.0,2.0,0.0,6.0,6.0,5.0,0.0,5.0,1,5.0,1.0,0.0
4c82730b,2.0,2,1.0,0.0,1.0,1.0,7.0,6.0,6.0,2.0,4.0,2,4.0,6.0,0.0
a93b6f4e,4.0,3,1.0,2.0,1.0,3.0,4.0,1.0,4.0,0.0,4.0,4,8.0,4.0,0.0
08452314,5.0,5,1.0,1.0,3.0,2.0,9.0,7.0,8.0,0.0,8.0,3,8.0,4.0,0.0
a0415710,0.0,0,0.0,0.0,0.0,0.0,2.0,2.0,2.0,0.0,2.0,1,1.0,2.0,0.0
9866afec,3.0,2,2.0,0.0,1.0,1.0,3.0,2.0,2.0,1.0,1.0,3,6.0,6.0,0.0
2c5f04ba,0.0,0,0.0,0.0,0.0,0.0,0.0,0.0,0.0,0.0,0.0,0,0.0,0.0,0.0
53e442e2,3.0,1,1.0,1.0,1.0,0.0,4.0,4.0,1.0,0.0,1.0,2,5.0,3.0,0.0
706a337d,0.0,2,0.0,0.0,0.0,0.0,0.0,0.0,0.0,0.0,0.0,0,0.0,0.0,0.0
b66315ae,4.0,2,1.0,1.0,2.0,0.0,4.0,4.0,3.0,0.0,3.0,0,4.0,0.0,0.0
4c5b14d2,3.0,2,0.0,1.0,2.0,0.0,1.0,1.0,0.0,0.0,0.0,3,6.0,0.0,0.0
1bacc518,4.0,3,2.0,0.0,2.0,3.0,3.0,0.0,3.0,2.0,1.0,0,4.0,2.0,0.0
abb3bb95,3.0,2,0.0,1.0,2.0,0.0,2.0,2.0,3.0,0.0,3.0,0,3.0,6.0,0.0
2a0c8ba4,3.0,1,0.0,3.0,0.0,0.0,3.0,3.0,3.0,1.0,2.0,3,6.0,2.0,0.0
d87e2cae,2.0,2,0.0,1.0,1.0,2.0,3.0,1.0,0.0,0.0,0.0,1,3.0,9.0,0.0
84399660,0.0,0,0.0,0.0,0.0,0.0,0.0,0.0,0.0,0.0,0.0,0,0.0,0.0,0.0
72c01cfb,3.0,1,2.0,1.0,0.0,2.0,3.0,1.0,2.0,2.0,0.0,3,6.0,11.0,0.0
a29e5244,5.0,3,3.0,2.0,0.0,2.0,3.0,1.0,3.0,1.0,2.0,0,5.0,3.0,0.0
6358cb11,9.0,7,6.0,3.0,0.0,7.0,9.0,2.0,3.0,1.0,2.0,5,14.0,13.0,0.0
0a084b35,5.0,2,4.0,1.0,0.0,2.0,2.0,0.0,1.0,0.0,1.0,3,8.0,3.0,0.0
d29202c2,1.0,1,0.0,1.0,0.0,0.0,0.0,0.0,0.0,0.0,0.0,1,2.0,1.0,0.0
390eb94b,6.0,4,3.0,3.0,0.0,3.0,7.0,4.0,6.0,0.0,6.0,5,11.0,1.0,0.0
32f3d97e,3.0,3,1.0,1.0,1.0,1.0,3.0,2.0,2.0,0.0,2.0,3,6.0,0.0,0.0
66c52a77,8.0,7,4.0,1.0,3.0,6.0,7.0,1.0,4.0,0.0,4.0,2,10.0,1.0,0.0
d2800f47,6.0,3,1.0,2.0,3.0,2.0,7.0,5.0,2.0,0.0,2.0,1,7.0,2.0,0.0
d9ac09e2,1.0,0,0.0,0.0,1.0,1.0,1.0,0.0,2.0,1.0,1.0,0,1.0,4.0,0.0
bf4c41f9,1.0,1,1.0,0.0,0.0,0.0,1.0,1.0,0.0,0.0,0.0,1,2.0,3.0,0.0
f38a247a,1.0,0,0.0,1.0,0.0,1.0,1.0,0.0,0.0,0.0,0.0,2,3.0,3.0,0.0
4047c976,0.0,0,0.0,0.0,0.0,0.0,0.0,0.0,2.0,0.0,2.0,1,1.0,2.0,0.0
0f6e3474,8.0,4,4.0,3.0,1.0,1.0,4.0,3.0,7.0,6.0,1.0,4,12.0,15.0,0.0
53342701,3.0,0,2.0,1.0,0.0,3.0,5.0,2.0,3.0,1.0,2.0,13,16.0,14.0,0.0
af50141d,9.0,5,4.0,5.0,0.0,7.0,11.0,4.0,2.0,0.0,2.0,5,14.0,0.0,1.0
4123bc9a,2.0,1,1.0,1.0,0.0,1.0,2.0,1.0,2.0,0.0,2.0,4,6.0,1.0,0.0
1bd5735a,1.0,0,0.0,1.0,0.0,0.0,0.0,0.0,0.0,0.0,0.0,0,1.0,1.0,0.0
211589b8,0.0,0,0.0,0.0,0.0,0.0,1.0,1.0,1.0,0.0,1.0,0,0.0,0.0,0.0
9f84febe,1.0,1,0.0,0.0,1.0,0.0,1.0,1.0,0.0,0.0,0.0,1,2.0,0.0,0.0
d5127c3f,5.0,3,3.0,2.0,0.0,4.0,8.0,4.0,5.0,0.0,5.0,0,5.0,5.0,0.0
35bd124a,4.0,3,2.0,2.0,0.0,3.0,6.0,3.0,6.0,6.0,0.0,6,10.0,11.0,1.0
3d50bcdb,0.0,0,0.0,0.0,0.0,0.0,1.0,1.0,0.0,0.0,0.0,0,0.0,0.0,0.0
dc52c72f,6.0,5,3.0,3.0,0.0,3.0,7.0,4.0,5.0,2.0,3.0,2,8.0,8.0,0.0
d2c580ce,9.0,3,5.0,1.0,3.0,4.0,5.0,1.0,3.0,2.0,1.0,3,12.0,4.0,0.0
136958ad,0.0,0,0.0,0.0,0.0,0.0,0.0,0.0,0.0,0.0,0.0,0,0.0,0.0,0.0
05e19d6a,3.0,3,1.0,1.0,1.0,0.0,0.0,0.0,2.0,0.0,2.0,0,3.0,0.0,0.0
59e4b92e,21.0,10,6.0,11.0,4.0,9.0,18.0,9.0,4.0,0.0,4.0,8,29.0,6.0,0.0
b956af7d,2.0,0,0.0,1.0,1.0,0.0,0.0,0.0,4.0,1.0,3.0,1,3.0,5.0,0.0
718a3a5c,6.0,3,2.0,4.0,0.0,4.0,5.0,1.0,13.0,7.0,6.0,10,16.0,33.0,0.0
43458538,2.0,1,1.0,1.0,0.0,1.0,2.0,1.0,2.0,0.0,2.0,1,3.0,0.0,0.0
fc9b373e,3.0,2,1.0,2.0,0.0,1.0,2.0,1.0,1.0,0.0,1.0,3,6.0,2.0,0.0
ff711ca2,10.0,5,5.0,3.0,2.0,5.0,11.0,6.0,3.0,0.0,3.0,3,13.0,3.0,1.0
2b0852db,0.0,0,0.0,0.0,0.0,0.0,2.0,2.0,0.0,0.0,0.0,0,0.0,1.0,0.0
15fd5593,1.0,1,0.0,1.0,0.0,0.0,1.0,1.0,1.0,0.0,1.0,1,2.0,0.0,0.0
6bd5cd5d,16.0,11,11.0,5.0,0.0,9.0,12.0,3.0,9.0,6.0,3.0,8,24.0,20.0,0.0
988dfee2,5.0,2,4.0,1.0,0.0,2.0,5.0,3.0,8.0,5.0,3.0,7,12.0,16.0,0.0
ec48abb1,1.0,0,0.0,1.0,0.0,1.0,1.0,0.0,1.0,1.0,0.0,2,3.0,0.0,0.0
ff74841d,0.0,0,0.0,0.0,0.0,0.0,0.0,0.0,0.0,0.0,0.0,0,0.0,2.0,0.0
6747869d,1.0,0,1.0,0.0,0.0,0.0,1.0,1.0,3.0,0.0,3.0,0,1.0,0.0,0.0
9bf914b4,11.0,5,5.0,5.0,1.0,6.0,9.0,3.0,4.0,0.0,4.0,2,13.0,2.0,0.0
aee634bf,7.0,3,3.0,2.0,2.0,6.0,12.0,6.0,4.0,1.0,3.0,3,10.0,4.0,0.0
0f816ae5,0.0,0,0.0,0.0,0.0,0.0,0.0,0.0,0.0,0.0,0.0,0,0.0,0.0,0.0
1f3afdcb,1.0,1,0.0,1.0,0.0,0.0,0.0,0.0,0.0,0.0,0.0,0,1.0,0.0,0.0
b1cd37e6,2.0,2,0.0,0.0,2.0,0.0,3.0,3.0,2.0,0.0,2.0,0,2.0,3.0,0.0
4d1666ff,3.0,1,3.0,0.0,0.0,3.0,8.0,5.0,3.0,0.0,3.0,2,5.0,5.0,0.0
bc08556f,2.0,0,2.0,0.0,0.0,1.0,1.0,0.0,1.0,1.0,0.0,0,2.0,1.0,0.0
b79d8e93,0.0,0,0.0,0.0,0.0,0.0,0.0,0.0,1.0,1.0,0.0,0,0.0,0.0,0.0
60713cb3,0.0,0,0.0,0.0,0.0,0.0,0.0,0.0,1.0,0.0,1.0,0,0.0,0.0,1.0
50385760,15.0,9,9.0,4.0,2.0,8.0,16.0,8.0,3.0,2.0,1.0,11,26.0,10.0,0.0
2249e65b,2.0,2,0.0,2.0,0.0,2.0,3.0,1.0,1.0,0.0,1.0,0,2.0,2.0,0.0
3543ef90,0.0,0,0.0,0.0,0.0,0.0,0.0,0.0,0.0,0.0,0.0,0,0.0,0.0,0.0
1ac58ba6,2.0,2,2.0,0.0,0.0,2.0,3.0,1.0,8.0,6.0,2.0,2,4.0,10.0,2.0
47420f02,3.0,1,1.0,2.0,0.0,2.0,8.0,6.0,1.0,0.0,1.0,0,3.0,0.0,0.0
2a29eb9b,5.0,4,2.0,0.0,3.0,2.0,4.0,2.0,1.0,0.0,1.0,2,7.0,4.0,0.0
16aa3654,2.0,0,2.0,0.0,0.0,1.0,2.0,1.0,5.0,0.0,5.0,0,2.0,0.0,0.0
a40819d9,0.0,0,0.0,0.0,0.0,0.0,0.0,0.0,0.0,0.0,0.0,0,0.0,0.0,0.0
9ceb7642,10.0,6,4.0,5.0,1.0,7.0,16.0,9.0,6.0,0.0,6.0,2,12.0,2.0,0.0
6d86d9cd,3.0,2,0.0,2.0,1.0,1.0,1.0,0.0,2.0,0.0,2.0,2,5.0,3.0,0.0
9f115e20,16.0,11,11.0,5.0,0.0,9.0,15.0,6.0,5.0,0.0,5.0,8,24.0,7.0,0.0
2770726a,4.0,4,0.0,3.0,1.0,1.0,2.0,1.0,2.0,0.0,2.0,2,6.0,0.0,0.0
ef83dfcc,0.0,0,0.0,0.0,0.0,0.0,2.0,2.0,1.0,1.0,0.0,3,3.0,7.0,0.0
4e7db402,0.0,0,0.0,0.0,0.0,0.0,0.0,0.0,0.0,0.0,0.0,0,0.0,4.0,1.0
651fa4db,1.0,0,0.0,0.0,1.0,0.0,0.0,0.0,0.0,0.0,0.0,0,1.0,0.0,0.0
22798128,9.0,8,3.0,6.0,0.0,6.0,13.0,7.0,6.0,2.0,4.0,7,16.0,3.0,0.0
22798128,7.0,4,5.0,1.0,1.0,1.0,3.0,2.0,3.0,0.0,3.0,0,7.0,3.0,0.0
bf12926c,2.0,0,0.0,1.0,1.0,1.0,3.0,2.0,5.0,0.0,5.0,1,3.0,1.0,0.0
abe66106,1.0,1,0.0,1.0,0.0,0.0,0.0,0.0,0.0,0.0,0.0,0,1.0,0.0,0.0
8614496d,2.0,1,1.0,0.0,1.0,1.0,2.0,1.0,8.0,6.0,2.0,5,7.0,16.0,0.0
8cd49575,0.0,0,0.0,0.0,0.0,0.0,0.0,0.0,0.0,0.0,0.0,0,0.0,1.0,0.0
8b5504e1,10.0,8,8.0,1.0,1.0,8.0,10.0,2.0,5.0,0.0,5.0,4,14.0,8.0,0.0
00c9a283,4.0,4,0.0,4.0,0.0,1.0,2.0,1.0,5.0,0.0,5.0,1,5.0,6.0,1.0
02caf6e0,3.0,3,2.0,1.0,0.0,3.0,4.0,1.0,0.0,0.0,0.0,1,4.0,2.0,0.0
9a64e67e,1.0,1,1.0,0.0,0.0,0.0,0.0,0.0,1.0,0.0,1.0,2,3.0,3.0,0.0
56dd5e10,5.0,3,3.0,0.0,2.0,3.0,8.0,5.0,1.0,0.0,1.0,2,7.0,5.0,0.0
d2ddff2d,3.0,1,2.0,1.0,0.0,2.0,3.0,1.0,2.0,0.0,2.0,0,3.0,3.0,0.0
c4987edc,16.0,10,10.0,4.0,2.0,9.0,16.0,7.0,6.0,1.0,5.0,11,27.0,30.0,0.0
8d78e732,2.0,1,0.0,2.0,0.0,2.0,2.0,0.0,0.0,0.0,0.0,1,3.0,3.0,0.0
13fe7b69,0.0,0,0.0,0.0,0.0,0.0,1.0,1.0,0.0,0.0,0.0,0,0.0,0.0,0.0
0c09c984,3.0,3,2.0,0.0,1.0,3.0,6.0,3.0,2.0,1.0,1.0,2,5.0,7.0,0.0
302527b2,10.0,7,7.0,3.0,0.0,8.0,9.0,1.0,5.0,4.0,1.0,3,13.0,12.0,0.0
27504df8,4.0,3,1.0,3.0,0.0,2.0,2.0,0.0,5.0,0.0,5.0,2,6.0,3.0,0.0
f5deef4c,4.0,2,2.0,2.0,0.0,3.0,4.0,1.0,1.0,1.0,0.0,2,6.0,12.0,0.0
f99360b9,7.0,3,3.0,3.0,1.0,3.0,13.0,10.0,10.0,5.0,5.0,6,13.0,7.0,0.0
5e42afa3,9.0,6,5.0,2.0,2.0,3.0,8.0,5.0,2.0,0.0,2.0,3,12.0,9.0,0.0
a8a874f1,1.0,1,0.0,1.0,0.0,0.0,1.0,1.0,0.0,0.0,0.0,1,2.0,6.0,0.0
37f341f0,4.0,3,3.0,1.0,0.0,1.0,3.0,2.0,2.0,1.0,1.0,9,13.0,4.0,0.0
975eda74,2.0,0,1.0,0.0,1.0,2.0,3.0,1.0,2.0,1.0,1.0,0,2.0,0.0,0.0
184ea16a,1.0,0,1.0,0.0,0.0,0.0,0.0,0.0,0.0,0.0,0.0,0,1.0,0.0,0.0
8df5b30f,1.0,0,0.0,1.0,0.0,0.0,2.0,2.0,2.0,0.0,2.0,0,1.0,3.0,0.0
9b3ab988,8.0,6,5.0,1.0,2.0,3.0,4.0,1.0,3.0,2.0,1.0,10,18.0,10.0,0.0
939bc634,0.0,0,0.0,0.0,0.0,0.0,0.0,0.0,0.0,0.0,0.0,0,0.0,4.0,1.0
a99138af,4.0,4,1.0,2.0,1.0,2.0,4.0,2.0,2.0,0.0,2.0,1,5.0,0.0,0.0
83c06f3a,0.0,0,0.0,0.0,0.0,0.0,0.0,0.0,0.0,0.0,0.0,0,0.0,0.0,0.0
0ed60738,5.0,4,4.0,0.0,1.0,4.0,10.0,6.0,8.0,2.0,6.0,1,6.0,2.0,0.0
d4133fa1,4.0,2,1.0,3.0,0.0,2.0,6.0,4.0,7.0,2.0,5.0,9,13.0,13.0,0.0
bf34eebd,1.0,0,1.0,0.0,0.0,0.0,0.0,0.0,0.0,0.0,0.0,1,2.0,1.0,0.0
d8931174,1.0,0,0.0,1.0,0.0,0.0,0.0,0.0,1.0,0.0,1.0,1,2.0,3.0,0.0
d4808594,0.0,0,0.0,0.0,0.0,0.0,0.0,0.0,0.0,0.0,0.0,0,0.0,1.0,0.0
fc46aab1,10.0,6,4.0,4.0,2.0,7.0,12.0,5.0,6.0,1.0,5.0,5,15.0,2.0,0.0
6b6c793c,17.0,12,9.0,4.0,4.0,9.0,12.0,3.0,8.0,3.0,5.0,5,22.0,2.0,1.0
42f8775b,7.0,4,2.0,4.0,1.0,1.0,3.0,2.0,8.0,1.0,7.0,2,9.0,2.0,0.0
5aa53281,9.0,8,6.0,1.0,2.0,7.0,8.0,1.0,9.0,4.0,5.0,8,17.0,11.0,0.0
1d2d5cc8,0.0,0,0.0,0.0,0.0,0.0,0.0,0.0,0.0,0.0,0.0,0,0.0,2.0,0.0
c707411f,0.0,0,0.0,0.0,0.0,0.0,0.0,0.0,0.0,0.0,0.0,0,0.0,8.0,0.0
603116a7,0.0,0,0.0,0.0,0.0,0.0,0.0,0.0,0.0,0.0,0.0,0,0.0,0.0,0.0
8d7323e8,6.0,3,2.0,3.0,1.0,3.0,8.0,5.0,4.0,0.0,4.0,3,9.0,1.0,0.0
a83c19cf,0.0,0,0.0,0.0,0.0,0.0,1.0,1.0,2.0,0.0,2.0,0,0.0,0.0,0.0
d9764034,4.0,1,2.0,2.0,0.0,1.0,2.0,1.0,5.0,1.0,4.0,6,10.0,16.0,0.0
59878425,4.0,3,1.0,0.0,3.0,3.0,4.0,1.0,2.0,0.0,2.0,3,7.0,0.0,0.0
04964f4f,0.0,0,0.0,0.0,0.0,0.0,1.0,1.0,1.0,0.0,1.0,0,0.0,0.0,0.0
8b788c01,0.0,0,0.0,0.0,0.0,0.0,0.0,0.0,0.0,0.0,0.0,0,0.0,0.0,0.0
48a5a5d6,1.0,0,0.0,1.0,0.0,0.0,3.0,3.0,6.0,0.0,6.0,0,1.0,1.0,0.0
52061089,21.0,15,6.0,14.0,1.0,7.0,14.0,7.0,12.0,3.0,9.0,7,28.0,8.0,0.0
bac46a10,18.0,9,15.0,3.0,0.0,13.0,16.0,3.0,6.0,2.0,4.0,6,24.0,22.0,0.0
3ef0fa48,1.0,0,1.0,0.0,0.0,1.0,2.0,1.0,1.0,0.0,1.0,0,1.0,0.0,0.0
d4535821,6.0,4,6.0,0.0,0.0,5.0,5.0,0.0,1.0,0.0,1.0,0,6.0,9.0,0.0
9d689a5b,5.0,5,4.0,1.0,0.0,0.0,5.0,5.0,3.0,0.0,3.0,0,5.0,1.0,0.0
15944afd,0.0,0,0.0,0.0,0.0,0.0,2.0,2.0,3.0,0.0,3.0,1,1.0,2.0,0.0
ef3909cd,0.0,0,0.0,0.0,0.0,0.0,0.0,0.0,0.0,0.0,0.0,0,0.0,3.0,0.0
eb7822d7,13.0,5,2.0,6.0,5.0,8.0,13.0,5.0,8.0,3.0,5.0,12,25.0,7.0,0.0
cf1ef7ec,3.0,2,1.0,2.0,0.0,2.0,5.0,3.0,1.0,0.0,1.0,2,5.0,3.0,0.0
d8bffa70,5.0,4,5.0,0.0,0.0,5.0,6.0,1.0,2.0,1.0,1.0,4,9.0,4.0,0.0
1adcf39e,2.0,1,2.0,0.0,0.0,1.0,3.0,2.0,0.0,0.0,0.0,6,8.0,10.0,0.0
826e8b63,7.0,3,3.0,3.0,1.0,3.0,10.0,7.0,2.0,0.0,2.0,5,12.0,9.0,0.0
f9de9c23,0.0,0,0.0,0.0,0.0,0.0,0.0,0.0,0.0,0.0,0.0,0,0.0,0.0,0.0
d93c2511,6.0,2,2.0,4.0,0.0,3.0,6.0,3.0,2.0,0.0,2.0,0,6.0,0.0,1.0
97e2aa67,2.0,1,1.0,1.0,0.0,1.0,1.0,0.0,0.0,0.0,0.0,0,2.0,2.0,0.0
89c63f8c,0.0,0,0.0,0.0,0.0,0.0,0.0,0.0,3.0,1.0,2.0,2,2.0,5.0,0.0
e66e4ddc,1.0,1,0.0,1.0,0.0,0.0,0.0,0.0,2.0,1.0,1.0,0,1.0,2.0,0.0
70c52749,15.0,9,8.0,5.0,2.0,12.0,15.0,3.0,9.0,1.0,8.0,7,22.0,4.0,0.0
c9e39d91,12.0,6,3.0,7.0,2.0,7.0,16.0,9.0,12.0,0.0,12.0,7,19.0,2.0,0.0
de89f3c3,0.0,0,0.0,0.0,0.0,0.0,0.0,0.0,0.0,0.0,0.0,0,0.0,0.0,0.0
d080ed5e,9.0,6,2.0,4.0,3.0,3.0,6.0,3.0,4.0,3.0,1.0,11,20.0,3.0,0.0
0bfca6a1,6.0,4,2.0,2.0,2.0,3.0,9.0,6.0,2.0,1.0,1.0,6,12.0,6.0,0.0
ef2ad14e,1.0,0,1.0,0.0,0.0,1.0,2.0,1.0,1.0,1.0,0.0,3,4.0,5.0,0.0
1e274a0a,2.0,1,0.0,2.0,0.0,0.0,1.0,1.0,0.0,0.0,0.0,2,4.0,1.0,0.0
c54638ba,0.0,0,0.0,0.0,0.0,0.0,0.0,0.0,0.0,0.0,0.0,0,0.0,0.0,0.0
903b3b77,10.0,7,9.0,0.0,1.0,4.0,9.0,5.0,4.0,3.0,1.0,1,11.0,27.0,0.0
37aa57c0,10.0,6,7.0,3.0,0.0,6.0,8.0,2.0,11.0,5.0,6.0,15,25.0,34.0,0.0
4e6dbac4,6.0,2,0.0,3.0,3.0,4.0,7.0,3.0,5.0,0.0,5.0,2,8.0,0.0,0.0
746b64a7,3.0,1,2.0,1.0,0.0,1.0,3.0,2.0,10.0,6.0,4.0,11,14.0,19.0,0.0
f833a830,2.0,2,1.0,1.0,0.0,0.0,3.0,3.0,5.0,0.0,5.0,0,2.0,0.0,0.0
bbf5c11b,0.0,0,0.0,0.0,0.0,0.0,0.0,0.0,0.0,0.0,0.0,0,0.0,0.0,0.0
ead61f73,11.0,6,6.0,3.0,2.0,8.0,11.0,3.0,6.0,1.0,5.0,2,13.0,11.0,0.0
232b3da4,0.0,0,0.0,0.0,0.0,0.0,0.0,0.0,5.0,0.0,5.0,0,0.0,2.0,0.0
8a56c04c,2.0,1,1.0,0.0,1.0,0.0,1.0,1.0,3.0,0.0,3.0,0,2.0,5.0,0.0
bf80db4d,11.0,7,9.0,2.0,0.0,7.0,7.0,0.0,7.0,3.0,4.0,11,22.0,41.0,1.0
a55ba2f8,2.0,1,2.0,0.0,0.0,0.0,1.0,1.0,4.0,4.0,0.0,1,3.0,11.0,0.0
595e6f3e,2.0,2,0.0,2.0,0.0,0.0,1.0,1.0,6.0,1.0,5.0,1,3.0,14.0,0.0
b62878a5,3.0,2,0.0,2.0,1.0,0.0,0.0,0.0,1.0,0.0,1.0,1,4.0,2.0,0.0
00844823,1.0,1,1.0,0.0,0.0,1.0,2.0,1.0,3.0,3.0,0.0,3,4.0,2.0,0.0
7e82a78f,0.0,0,0.0,0.0,0.0,0.0,0.0,0.0,1.0,0.0,1.0,3,3.0,0.0,0.0
374d5158,1.0,0,1.0,0.0,0.0,0.0,0.0,0.0,0.0,0.0,0.0,0,1.0,2.0,0.0
0c3f7197,5.0,2,0.0,3.0,2.0,1.0,4.0,3.0,3.0,0.0,3.0,1,6.0,0.0,0.0
16e9d0ea,4.0,4,2.0,1.0,1.0,4.0,6.0,2.0,2.0,0.0,2.0,1,5.0,3.0,0.0
99351886,0.0,0,0.0,0.0,0.0,0.0,0.0,0.0,0.0,0.0,0.0,0,0.0,4.0,1.0
a650c75b,1.0,0,0.0,1.0,0.0,0.0,2.0,2.0,0.0,0.0,0.0,0,1.0,1.0,0.0
1774c547,0.0,0,0.0,0.0,0.0,0.0,1.0,1.0,0.0,0.0,0.0,0,0.0,0.0,0.0
af0c835b,11.0,4,6.0,5.0,0.0,5.0,14.0,9.0,6.0,0.0,6.0,3,14.0,7.0,0.0
0959184b,3.0,2,2.0,1.0,0.0,2.0,6.0,4.0,2.0,0.0,2.0,2,5.0,2.0,0.0
228b0d9d,5.0,4,2.0,2.0,1.0,4.0,4.0,0.0,1.0,0.0,1.0,0,5.0,2.0,0.0
1d438d6c,1.0,0,1.0,0.0,0.0,1.0,1.0,0.0,0.0,0.0,0.0,0,1.0,1.0,0.0
808035bd,6.0,3,4.0,2.0,0.0,2.0,3.0,1.0,6.0,5.0,1.0,9,15.0,31.0,0.0
6445d6fe,2.0,1,2.0,0.0,0.0,0.0,2.0,2.0,1.0,1.0,0.0,1,3.0,1.0,0.0
15317e60,0.0,0,0.0,0.0,0.0,0.0,0.0,0.0,0.0,0.0,0.0,0,0.0,0.0,0.0
2ff76adc,14.0,7,10.0,4.0,0.0,8.0,19.0,11.0,3.0,2.0,1.0,3,17.0,7.0,0.0
3e9bd29d,7.0,4,4.0,3.0,0.0,4.0,9.0,5.0,4.0,1.0,3.0,4,11.0,3.0,0.0
d4aa40b8,1.0,0,0.0,1.0,0.0,0.0,1.0,1.0,0.0,0.0,0.0,0,1.0,0.0,0.0
f32a988d,2.0,0,1.0,0.0,1.0,1.0,3.0,2.0,2.0,0.0,2.0,2,4.0,0.0,0.0
c997b942,3.0,3,2.0,1.0,0.0,1.0,2.0,1.0,3.0,0.0,3.0,2,5.0,0.0,0.0
3f10bd22,3.0,1,2.0,0.0,1.0,2.0,4.0,2.0,1.0,1.0,0.0,1,4.0,2.0,0.0
ed45a7d7,1.0,1,0.0,1.0,0.0,0.0,0.0,0.0,0.0,0.0,0.0,0,1.0,0.0,0.0
244a31b9,9.0,6,6.0,3.0,0.0,7.0,8.0,1.0,7.0,5.0,2.0,8,17.0,21.0,0.0
c5bdb6e3,3.0,1,1.0,1.0,1.0,1.0,1.0,0.0,2.0,0.0,2.0,0,3.0,2.0,0.0
0880e10b,0.0,0,0.0,0.0,0.0,0.0,0.0,0.0,0.0,0.0,0.0,0,0.0,1.0,0.0
36a79857,3.0,0,0.0,3.0,0.0,3.0,6.0,3.0,3.0,0.0,3.0,2,5.0,5.0,0.0
8eef18aa,0.0,0,0.0,0.0,0.0,0.0,0.0,0.0,0.0,0.0,0.0,2,2.0,2.0,0.0
5853ac44,1.0,1,1.0,0.0,0.0,0.0,3.0,3.0,4.0,1.0,3.0,2,3.0,1.0,0.0
06e5b0e4,5.0,2,4.0,1.0,0.0,3.0,6.0,3.0,1.0,0.0,1.0,4,9.0,10.0,0.0
f40dd3c7,12.0,8,7.0,0.0,5.0,5.0,9.0,4.0,8.0,3.0,5.0,16,28.0,10.0,0.0
30fab1ee,6.0,3,3.0,2.0,1.0,0.0,3.0,3.0,0.0,0.0,0.0,1,7.0,0.0,0.0
a7d48b00,0.0,0,0.0,0.0,0.0,0.0,1.0,1.0,3.0,1.0,2.0,0,0.0,0.0,0.0
a53649b7,1.0,0,0.0,0.0,1.0,0.0,2.0,2.0,6.0,0.0,6.0,0,1.0,1.0,0.0
b91a6912,2.0,0,1.0,1.0,0.0,2.0,4.0,2.0,1.0,0.0,1.0,2,4.0,0.0,0.0
56bcde74,1.0,1,1.0,0.0,0.0,0.0,0.0,0.0,2.0,1.0,1.0,4,5.0,7.0,0.0
afb0c500,0.0,0,0.0,0.0,0.0,0.0,0.0,0.0,0.0,0.0,0.0,0,0.0,3.0,1.0
2ffa6348,5.0,2,3.0,2.0,0.0,1.0,5.0,4.0,4.0,2.0,2.0,5,10.0,12.0,0.0
a08b974a,4.0,3,2.0,2.0,0.0,2.0,2.0,0.0,0.0,0.0,0.0,1,5.0,0.0,0.0
ca607d59,0.0,0,0.0,0.0,0.0,0.0,1.0,1.0,0.0,0.0,0.0,1,1.0,2.0,0.0
2bc17985,4.0,3,2.0,1.0,1.0,2.0,5.0,3.0,2.0,0.0,2.0,3,7.0,1.0,0.0
743ffce1,0.0,0,0.0,0.0,0.0,0.0,2.0,2.0,3.0,0.0,3.0,1,1.0,5.0,0.0
a8fbae1d,2.0,1,2.0,0.0,0.0,2.0,5.0,3.0,6.0,4.0,2.0,4,6.0,23.0,1.0
2b53f7a5,5.0,2,1.0,3.0,1.0,3.0,9.0,6.0,1.0,0.0,1.0,1,6.0,3.0,0.0
fa73ccc7,17.0,8,8.0,5.0,4.0,5.0,12.0,7.0,7.0,1.0,6.0,15,32.0,3.0,0.0
2f72f79e,4.0,4,3.0,1.0,0.0,2.0,5.0,3.0,0.0,0.0,0.0,2,6.0,4.0,0.0
095ec83c,4.0,3,2.0,2.0,0.0,1.0,2.0,1.0,4.0,1.0,3.0,0,4.0,1.0,0.0
4534a352,0.0,0,0.0,0.0,0.0,0.0,1.0,1.0,1.0,1.0,0.0,1,1.0,2.0,0.0
6456e745,8.0,3,3.0,4.0,1.0,6.0,8.0,2.0,3.0,0.0,3.0,3,11.0,0.0,0.0
c0347e9b,3.0,3,3.0,0.0,0.0,3.0,3.0,0.0,2.0,0.0,2.0,1,4.0,3.0,0.0
5333d7de,2.0,2,2.0,0.0,0.0,0.0,0.0,0.0,0.0,0.0,0.0,1,3.0,1.0,0.0
03b6afa9,10.0,5,6.0,3.0,1.0,5.0,6.0,1.0,3.0,1.0,2.0,5,15.0,2.0,1.0
6578600f,1.0,1,0.0,0.0,1.0,1.0,1.0,0.0,5.0,0.0,5.0,1,2.0,0.0,0.0
2f88752d,11.0,6,6.0,3.0,2.0,6.0,7.0,1.0,4.0,3.0,1.0,5,16.0,5.0,0.0
a8f41212,0.0,0,0.0,0.0,0.0,0.0,2.0,2.0,2.0,0.0,2.0,1,1.0,0.0,0.0
44150beb,3.0,2,3.0,0.0,0.0,2.0,2.0,0.0,7.0,2.0,5.0,6,9.0,13.0,1.0
be855308,0.0,0,0.0,0.0,0.0,0.0,0.0,0.0,0.0,0.0,0.0,0,0.0,2.0,0.0
089c7323,2.0,0,0.0,1.0,1.0,1.0,2.0,1.0,0.0,0.0,0.0,3,5.0,2.0,0.0
e82adcab,15.0,10,5.0,9.0,1.0,7.0,9.0,2.0,6.0,0.0,6.0,4,19.0,5.0,0.0
779847d6,17.0,12,11.0,5.0,1.0,10.0,19.0,9.0,8.0,5.0,3.0,13,30.0,21.0,0.0
16ea3bb1,10.0,9,8.0,2.0,0.0,5.0,5.0,0.0,2.0,1.0,1.0,4,14.0,9.0,0.0
1e8dbb59,0.0,0,0.0,0.0,0.0,0.0,0.0,0.0,0.0,0.0,0.0,0,0.0,1.0,0.0
b682dcf6,2.0,1,2.0,0.0,0.0,1.0,2.0,1.0,1.0,0.0,1.0,3,5.0,8.0,0.0
e1bbb68d,0.0,0,0.0,0.0,0.0,0.0,1.0,1.0,1.0,0.0,1.0,0,0.0,2.0,0.0
dff153a4,2.0,0,1.0,0.0,1.0,0.0,3.0,3.0,0.0,0.0,0.0,3,5.0,3.0,0.0
52522325,2.0,1,2.0,0.0,0.0,1.0,1.0,0.0,0.0,0.0,0.0,1,3.0,0.0,0.0
529f49ab,3.0,2,1.0,2.0,0.0,1.0,2.0,1.0,0.0,0.0,0.0,1,4.0,2.0,0.0
4c5039bd,0.0,0,0.0,0.0,0.0,0.0,0.0,0.0,0.0,0.0,0.0,0,0.0,3.0,0.0
1da13ab9,3.0,1,3.0,0.0,0.0,2.0,4.0,2.0,4.0,1.0,3.0,4,7.0,8.0,0.0
f7223718,1.0,1,1.0,0.0,0.0,1.0,2.0,1.0,2.0,1.0,1.0,2,3.0,7.0,1.0
79b0d6a0,0.0,0,0.0,0.0,0.0,0.0,0.0,0.0,0.0,0.0,0.0,0,0.0,1.0,0.0
a62c16d0,3.0,2,0.0,2.0,1.0,2.0,3.0,1.0,0.0,0.0,0.0,0,3.0,2.0,0.0
f3fa599d,12.0,6,8.0,3.0,1.0,8.0,15.0,7.0,6.0,1.0,5.0,10,22.0,16.0,0.0
25146df0,0.0,0,0.0,0.0,0.0,0.0,2.0,2.0,3.0,2.0,1.0,0,0.0,2.0,0.0
596cc50e,6.0,4,1.0,3.0,2.0,3.0,6.0,3.0,8.0,3.0,5.0,1,7.0,5.0,0.0
0d9b2d31,0.0,0,0.0,0.0,0.0,0.0,0.0,0.0,0.0,0.0,0.0,0,0.0,0.0,0.0
8b0d9f35,5.0,2,0.0,4.0,1.0,3.0,7.0,4.0,5.0,2.0,3.0,5,10.0,3.0,0.0
3ca7254a,5.0,3,1.0,3.0,1.0,5.0,7.0,2.0,1.0,0.0,1.0,1,6.0,0.0,0.0
81255c03,0.0,0,0.0,0.0,0.0,0.0,0.0,0.0,2.0,0.0,2.0,1,1.0,0.0,0.0
b684a484,1.0,0,0.0,1.0,0.0,1.0,1.0,0.0,4.0,0.0,4.0,0,1.0,4.0,0.0
4a5a45c7,8.0,5,1.0,5.0,2.0,4.0,6.0,2.0,2.0,0.0,2.0,3,11.0,4.0,0.0
9d9e69df,3.0,0,1.0,2.0,0.0,1.0,2.0,1.0,1.0,0.0,1.0,0,3.0,1.0,0.0
7af31216,9.0,4,4.0,5.0,0.0,5.0,9.0,4.0,8.0,5.0,3.0,3,12.0,11.0,0.0
eda8506a,2.0,0,0.0,2.0,0.0,1.0,3.0,2.0,0.0,0.0,0.0,3,5.0,2.0,0.0
b7de5bad,7.0,5,3.0,2.0,2.0,5.0,5.0,0.0,1.0,0.0,1.0,0,7.0,1.0,0.0
a5549ec1,2.0,2,2.0,0.0,0.0,0.0,0.0,0.0,0.0,0.0,0.0,5,7.0,3.0,0.0
ec61b68f,4.0,3,4.0,0.0,0.0,2.0,5.0,3.0,9.0,2.0,7.0,2,6.0,1.0,1.0
a2f2d806,2.0,1,0.0,1.0,1.0,1.0,2.0,1.0,2.0,0.0,2.0,0,2.0,3.0,0.0
f93e6e94,5.0,2,3.0,0.0,2.0,3.0,5.0,2.0,1.0,0.0,1.0,3,8.0,9.0,0.0
6db16dda,0.0,0,0.0,0.0,0.0,0.0,1.0,1.0,0.0,0.0,0.0,0,0.0,1.0,0.0
8c725b43,0.0,0,0.0,0.0,0.0,0.0,1.0,1.0,5.0,1.0,4.0,4,4.0,9.0,0.0
af686bed,7.0,5,5.0,1.0,1.0,3.0,8.0,5.0,8.0,1.0,7.0,10,17.0,8.0,0.0
10f1cd17,1.0,0,1.0,0.0,0.0,1.0,4.0,3.0,3.0,0.0,3.0,4,5.0,13.0,0.0
00b86f5e,1.0,0,1.0,0.0,0.0,1.0,1.0,0.0,0.0,0.0,0.0,0,1.0,3.0,0.0
4760b2f2,2.0,1,1.0,1.0,0.0,1.0,1.0,0.0,2.0,2.0,0.0,0,2.0,6.0,0.0
29b61deb,13.0,5,6.0,6.0,1.0,4.0,8.0,4.0,4.0,2.0,2.0,4,17.0,2.0,0.0
67f0703d,4.0,3,2.0,2.0,0.0,1.0,2.0,1.0,5.0,1.0,4.0,2,6.0,9.0,2.0
6637e6a7,9.0,6,1.0,6.0,2.0,4.0,14.0,10.0,10.0,1.0,9.0,4,13.0,4.0,0.0
277da414,0.0,0,0.0,0.0,0.0,0.0,0.0,0.0,0.0,0.0,0.0,0,0.0,5.0,2.0
d03380ec,1.0,1,1.0,0.0,0.0,0.0,1.0,1.0,3.0,1.0,2.0,3,4.0,1.0,0.0
c68b1b13,0.0,0,0.0,0.0,0.0,0.0,2.0,2.0,0.0,0.0,0.0,1,1.0,0.0,0.0
185a2732,4.0,3,2.0,2.0,0.0,1.0,1.0,0.0,0.0,0.0,0.0,5,9.0,3.0,0.0
9c2e7413,1.0,0,0.0,1.0,0.0,1.0,1.0,0.0,0.0,0.0,0.0,0,1.0,0.0,0.0
8794e251,5.0,4,2.0,2.0,1.0,3.0,7.0,4.0,3.0,0.0,3.0,2,7.0,6.0,0.0
faed84db,5.0,2,1.0,3.0,1.0,3.0,5.0,2.0,3.0,1.0,2.0,0,5.0,10.0,0.0
30e03a25,13.0,7,9.0,4.0,0.0,8.0,12.0,4.0,13.0,9.0,4.0,13,26.0,27.0,0.0
53de807a,1.0,0,1.0,0.0,0.0,0.0,0.0,0.0,1.0,1.0,0.0,2,3.0,1.0,0.0
cbeed9e6,0.0,0,0.0,0.0,0.0,0.0,0.0,0.0,0.0,0.0,0.0,0,0.0,0.0,0.0
67b054d1,10.0,6,5.0,3.0,2.0,6.0,9.0,3.0,6.0,5.0,1.0,9,19.0,12.0,0.0
e150254d,10.0,7,3.0,7.0,0.0,3.0,5.0,2.0,5.0,2.0,3.0,1,11.0,3.0,0.0
89f951b5,4.0,3,2.0,2.0,0.0,1.0,3.0,2.0,1.0,0.0,1.0,2,6.0,1.0,0.0
7483d9f9,12.0,7,10.0,2.0,0.0,9.0,13.0,4.0,9.0,9.0,0.0,6,18.0,29.0,0.0
466fb2c5,0.0,0,0.0,0.0,0.0,0.0,0.0,0.0,0.0,0.0,0.0,0,0.0,0.0,1.0
3423f250,5.0,4,3.0,1.0,1.0,3.0,4.0,1.0,3.0,0.0,3.0,2,7.0,0.0,0.0
9937ce4a,2.0,1,2.0,0.0,0.0,1.0,4.0,3.0,1.0,0.0,1.0,2,4.0,1.0,0.0
a1d5bd30,4.0,2,2.0,0.0,2.0,3.0,5.0,2.0,6.0,0.0,6.0,0,4.0,1.0,0.0
6c249ea7,13.0,3,8.0,4.0,1.0,8.0,11.0,3.0,2.0,1.0,1.0,3,16.0,11.0,0.0
92d6bdc9,0.0,0,0.0,0.0,0.0,0.0,0.0,0.0,0.0,0.0,0.0,0,0.0,0.0,0.0
ae1159bf,1.0,0,1.0,0.0,0.0,1.0,2.0,1.0,0.0,0.0,0.0,0,1.0,4.0,0.0
374ee424,0.0,0,0.0,0.0,0.0,0.0,0.0,0.0,0.0,0.0,0.0,0,0.0,0.0,0.0
c5cbbcff,4.0,2,4.0,0.0,0.0,1.0,2.0,1.0,1.0,1.0,0.0,0,4.0,3.0,0.0
4bd00a50,4.0,3,4.0,0.0,0.0,4.0,4.0,0.0,1.0,1.0,0.0,5,9.0,12.0,0.0
ba6d9ff6,3.0,1,2.0,1.0,0.0,1.0,3.0,2.0,0.0,0.0,0.0,1,4.0,0.0,0.0
d9ba39fc,12.0,8,5.0,5.0,2.0,6.0,11.0,5.0,3.0,0.0,3.0,5,17.0,5.0,0.0
572498c7,3.0,2,2.0,0.0,1.0,2.0,6.0,4.0,2.0,0.0,2.0,1,4.0,4.0,0.0
6ff91a3a,1.0,0,1.0,0.0,0.0,0.0,1.0,1.0,2.0,2.0,0.0,2,3.0,2.0,0.0
335fa267,1.0,1,0.0,0.0,1.0,0.0,0.0,0.0,0.0,0.0,0.0,0,1.0,0.0,0.0
4dedd469,5.0,3,1.0,3.0,1.0,3.0,5.0,2.0,7.0,2.0,5.0,11,16.0,18.0,1.0
8d62d31a,4.0,0,3.0,1.0,0.0,2.0,2.0,0.0,7.0,5.0,2.0,5,9.0,20.0,0.0
85bed4ee,7.0,6,2.0,2.0,3.0,2.0,3.0,1.0,5.0,0.0,5.0,3,10.0,1.0,0.0
2ab7149e,0.0,0,0.0,0.0,0.0,0.0,1.0,1.0,0.0,0.0,0.0,0,0.0,3.0,0.0
149895bf,0.0,0,0.0,0.0,0.0,0.0,0.0,0.0,2.0,0.0,2.0,0,0.0,0.0,0.0
34e393f2,14.0,4,6.0,7.0,1.0,9.0,10.0,1.0,3.0,1.0,2.0,5,19.0,3.0,0.0
55e81c76,1.0,0,0.0,1.0,0.0,0.0,0.0,0.0,1.0,0.0,1.0,0,1.0,2.0,0.0
ac4961c8,6.0,2,3.0,3.0,0.0,1.0,4.0,3.0,2.0,0.0,2.0,1,7.0,3.0,0.0
3ead85f9,4.0,2,4.0,0.0,0.0,3.0,3.0,0.0,2.0,2.0,0.0,2,6.0,6.0,0.0
fef20ac5,7.0,7,4.0,2.0,1.0,4.0,4.0,0.0,0.0,0.0,0.0,1,8.0,2.0,0.0
ca6edaa0,2.0,1,0.0,2.0,0.0,1.0,3.0,2.0,0.0,0.0,0.0,1,3.0,0.0,0.0
dea698d9,1.0,1,0.0,1.0,0.0,0.0,1.0,1.0,1.0,0.0,1.0,0,1.0,1.0,0.0
81069528,8.0,5,5.0,2.0,1.0,4.0,7.0,3.0,3.0,1.0,2.0,5,13.0,13.0,0.0
a81dba8c,6.0,4,3.0,0.0,3.0,4.0,7.0,3.0,2.0,1.0,1.0,1,7.0,0.0,0.0
13203c45,2.0,2,2.0,0.0,0.0,1.0,1.0,0.0,1.0,0.0,1.0,2,4.0,0.0,0.0
a55d8df5,18.0,8,11.0,6.0,1.0,10.0,17.0,7.0,8.0,1.0,7.0,13,31.0,11.0,0.0
6cbf8d0d,2.0,1,1.0,1.0,0.0,1.0,1.0,0.0,3.0,1.0,2.0,0,2.0,2.0,0.0
b3dc6eca,1.0,0,1.0,0.0,0.0,1.0,1.0,0.0,3.0,2.0,1.0,7,8.0,4.0,0.0
625c144a,0.0,0,0.0,0.0,0.0,0.0,0.0,0.0,0.0,0.0,0.0,1,1.0,0.0,1.0
009a4f60,13.0,7,3.0,9.0,1.0,5.0,9.0,4.0,8.0,0.0,8.0,2,15.0,8.0,0.0
a70b8345,0.0,0,0.0,0.0,0.0,0.0,0.0,0.0,0.0,0.0,0.0,0,0.0,1.0,0.0
fbbb9269,1.0,1,0.0,1.0,0.0,1.0,1.0,0.0,1.0,0.0,1.0,1,2.0,0.0,0.0
686cbe7d,0.0,0,0.0,0.0,0.0,0.0,1.0,1.0,0.0,0.0,0.0,0,0.0,1.0,0.0
595ccab1,0.0,0,0.0,0.0,0.0,0.0,0.0,0.0,0.0,0.0,0.0,0,0.0,2.0,1.0
3ec9f005,5.0,4,1.0,3.0,1.0,2.0,10.0,8.0,4.0,0.0,4.0,2,7.0,2.0,0.0
bc7dc64d,2.0,0,0.0,0.0,2.0,1.0,3.0,2.0,4.0,1.0,3.0,2,4.0,0.0,0.0
cad3fd4d,1.0,1,0.0,1.0,0.0,1.0,1.0,0.0,1.0,1.0,0.0,2,3.0,1.0,0.0
972aeb2a,2.0,0,2.0,0.0,0.0,2.0,4.0,2.0,0.0,0.0,0.0,1,3.0,3.0,0.0
218e344d,5.0,3,1.0,3.0,1.0,2.0,4.0,2.0,5.0,1.0,4.0,6,11.0,5.0,0.0
bf075f6b,1.0,0,1.0,0.0,0.0,1.0,1.0,0.0,0.0,0.0,0.0,0,1.0,0.0,0.0
f6af14b0,8.0,5,2.0,4.0,2.0,2.0,5.0,3.0,5.0,3.0,2.0,4,12.0,4.0,0.0
4736039a,2.0,2,2.0,0.0,0.0,2.0,3.0,1.0,0.0,0.0,0.0,0,2.0,2.0,0.0
1b4f1169,5.0,1,1.0,3.0,1.0,2.0,4.0,2.0,0.0,0.0,0.0,4,9.0,4.0,0.0
5d873dfb,14.0,9,8.0,5.0,1.0,10.0,15.0,5.0,2.0,2.0,0.0,7,21.0,10.0,0.0
dbf053da,4.0,3,0.0,2.0,2.0,2.0,6.0,4.0,3.0,0.0,3.0,2,6.0,0.0,0.0
0d82903c,5.0,5,2.0,3.0,0.0,4.0,5.0,1.0,2.0,2.0,0.0,0,5.0,5.0,0.0
bced0375,22.0,13,15.0,5.0,2.0,13.0,20.0,7.0,9.0,5.0,4.0,5,27.0,4.0,1.0
466824fb,5.0,2,3.0,2.0,0.0,1.0,2.0,1.0,6.0,1.0,5.0,2,7.0,11.0,0.0
90d7dda6,4.0,2,3.0,1.0,0.0,1.0,6.0,5.0,2.0,1.0,1.0,3,7.0,5.0,0.0
5e22e2a4,1.0,1,0.0,1.0,0.0,0.0,0.0,0.0,3.0,2.0,1.0,3,4.0,1.0,0.0
086d7db3,1.0,1,0.0,0.0,1.0,0.0,0.0,0.0,0.0,0.0,0.0,0,1.0,1.0,0.0
a6ee4f55,3.0,3,1.0,2.0,0.0,3.0,4.0,1.0,0.0,0.0,0.0,3,6.0,2.0,0.0
04f661ea,0.0,0,0.0,0.0,0.0,0.0,1.0,1.0,0.0,0.0,0.0,1,1.0,1.0,0.0
33591ff0,1.0,0,0.0,1.0,0.0,1.0,6.0,5.0,1.0,0.0,1.0,0,1.0,0.0,0.0
4315f30d,4.0,2,3.0,1.0,0.0,1.0,3.0,2.0,3.0,3.0,0.0,11,15.0,7.0,0.0
fe6e7156,1.0,1,0.0,1.0,0.0,1.0,1.0,0.0,0.0,0.0,0.0,0,1.0,0.0,0.0
52afb588,1.0,1,0.0,0.0,1.0,0.0,1.0,1.0,1.0,0.0,1.0,0,1.0,2.0,0.0
049751d7,4.0,3,3.0,1.0,0.0,1.0,6.0,5.0,2.0,0.0,2.0,4,8.0,1.0,0.0
5d4f7d61,0.0,0,0.0,0.0,0.0,0.0,0.0,0.0,0.0,0.0,0.0,0,0.0,0.0,0.0
f6bdc830,6.0,2,4.0,2.0,0.0,2.0,2.0,0.0,1.0,1.0,0.0,0,6.0,5.0,0.0
1c341b14,0.0,0,0.0,0.0,0.0,0.0,0.0,0.0,3.0,0.0,3.0,2,2.0,1.0,0.0
28c6e925,8.0,4,5.0,3.0,0.0,7.0,10.0,3.0,2.0,0.0,2.0,0,8.0,5.0,0.0
57d9707f,4.0,1,2.0,2.0,0.0,3.0,6.0,3.0,1.0,0.0,1.0,2,6.0,1.0,0.0
830a34ec,0.0,0,0.0,0.0,0.0,0.0,1.0,1.0,1.0,1.0,0.0,0,0.0,1.0,0.0
4db2157a,7.0,4,3.0,3.0,1.0,2.0,7.0,5.0,7.0,2.0,5.0,6,13.0,11.0,0.0
7a2cf111,13.0,7,5.0,5.0,3.0,7.0,13.0,6.0,7.0,1.0,6.0,5,18.0,8.0,0.0
03e7a498,2.0,2,1.0,1.0,0.0,2.0,2.0,0.0,1.0,0.0,1.0,0,2.0,1.0,0.0
3260690c,0.0,0,0.0,0.0,0.0,0.0,0.0,0.0,0.0,0.0,0.0,0,0.0,0.0,0.0
d3aaad90,6.0,3,1.0,2.0,3.0,0.0,2.0,2.0,0.0,0.0,0.0,1,7.0,0.0,0.0
17e3e467,3.0,3,2.0,1.0,0.0,2.0,2.0,0.0,1.0,0.0,1.0,1,4.0,2.0,0.0
9c94165b,8.0,4,3.0,3.0,2.0,3.0,7.0,4.0,2.0,1.0,1.0,4,12.0,6.0,0.0
a81ed730,1.0,0,1.0,0.0,0.0,0.0,2.0,2.0,2.0,0.0,2.0,5,6.0,4.0,0.0
14a04bea,3.0,2,2.0,1.0,0.0,3.0,3.0,0.0,5.0,1.0,4.0,1,4.0,2.0,0.0
57469b2d,1.0,1,0.0,0.0,1.0,0.0,0.0,0.0,0.0,0.0,0.0,0,1.0,0.0,0.0
b9392438,4.0,4,1.0,3.0,0.0,2.0,2.0,0.0,7.0,0.0,7.0,2,6.0,4.0,0.0
b69dfb42,0.0,0,0.0,0.0,0.0,0.0,0.0,0.0,1.0,0.0,1.0,0,0.0,5.0,0.0
03998238,0.0,0,0.0,0.0,0.0,0.0,0.0,0.0,0.0,0.0,0.0,0,0.0,1.0,0.0
313254a3,8.0,6,6.0,1.0,1.0,4.0,10.0,6.0,3.0,2.0,1.0,8,16.0,4.0,0.0
0eb83e1a,2.0,1,0.0,2.0,0.0,0.0,1.0,1.0,0.0,0.0,0.0,0,2.0,0.0,0.0
30af8b93,18.0,13,11.0,6.0,1.0,12.0,17.0,5.0,5.0,1.0,4.0,8,26.0,8.0,0.0
e2716bd0,2.0,1,1.0,0.0,1.0,0.0,3.0,3.0,4.0,0.0,4.0,3,5.0,2.0,0.0
e7aa9d7c,2.0,0,1.0,1.0,0.0,0.0,0.0,0.0,1.0,0.0,1.0,0,2.0,2.0,0.0
ea83bfa6,0.0,0,0.0,0.0,0.0,0.0,0.0,0.0,0.0,0.0,0.0,0,0.0,0.0,0.0
5f3eaaf5,2.0,1,0.0,1.0,1.0,2.0,4.0,2.0,4.0,0.0,4.0,0,2.0,0.0,0.0
da4d670f,15.0,11,7.0,5.0,3.0,4.0,6.0,2.0,6.0,1.0,5.0,1,16.0,3.0,0.0
f91fa277,1.0,1,1.0,0.0,0.0,0.0,0.0,0.0,0.0,0.0,0.0,0,1.0,1.0,0.0
36a6f28d,7.0,5,0.0,6.0,1.0,4.0,9.0,5.0,1.0,0.0,1.0,5,12.0,3.0,0.0
c6cf860f,2.0,1,2.0,0.0,0.0,2.0,3.0,1.0,1.0,0.0,1.0,2,4.0,4.0,0.0
2acd49b9,12.0,6,1.0,11.0,0.0,5.0,8.0,3.0,4.0,0.0,4.0,5,17.0,7.0,0.0
fd9c4805,1.0,0,1.0,0.0,0.0,1.0,8.0,7.0,1.0,0.0,1.0,1,2.0,0.0,0.0
65857fdf,1.0,1,0.0,0.0,1.0,0.0,0.0,0.0,1.0,0.0,1.0,0,1.0,0.0,0.0
b6964eb6,9.0,7,6.0,3.0,0.0,4.0,4.0,0.0,10.0,7.0,3.0,11,20.0,16.0,0.0
839c14e1,0.0,0,0.0,0.0,0.0,0.0,0.0,0.0,0.0,0.0,0.0,0,0.0,0.0,0.0
59671448,6.0,2,4.0,1.0,1.0,6.0,9.0,3.0,7.0,3.0,4.0,5,11.0,12.0,0.0
5fa714d5,6.0,4,3.0,2.0,1.0,3.0,9.0,6.0,0.0,0.0,0.0,2,8.0,1.0,0.0
78f13530,4.0,3,0.0,2.0,2.0,2.0,5.0,3.0,1.0,0.0,1.0,0,4.0,4.0,0.0
0670ee51,5.0,2,3.0,2.0,0.0,3.0,4.0,1.0,4.0,1.0,3.0,3,8.0,8.0,0.0
c13ddd3e,1.0,1,0.0,1.0,0.0,1.0,1.0,0.0,0.0,0.0,0.0,0,1.0,1.0,0.0
9bc9a519,0.0,0,0.0,0.0,0.0,0.0,0.0,0.0,3.0,1.0,2.0,3,3.0,2.0,0.0
3626daea,5.0,1,3.0,0.0,2.0,4.0,6.0,2.0,2.0,0.0,2.0,3,8.0,2.0,0.0
cf8ef0a1,2.0,2,2.0,0.0,0.0,1.0,2.0,1.0,4.0,0.0,4.0,3,5.0,1.0,0.0
90339309,1.0,1,1.0,0.0,0.0,0.0,0.0,0.0,1.0,0.0,1.0,2,3.0,3.0,0.0
ee3519f5,4.0,4,0.0,3.0,1.0,3.0,8.0,5.0,4.0,3.0,1.0,4,8.0,6.0,0.0
f91e81c9,6.0,3,4.0,2.0,0.0,2.0,4.0,2.0,0.0,0.0,0.0,1,7.0,14.0,0.0
1e1378e1,3.0,3,1.0,1.0,1.0,3.0,6.0,3.0,1.0,0.0,1.0,1,4.0,0.0,0.0
a793f5a8,1.0,1,0.0,1.0,0.0,1.0,4.0,3.0,3.0,0.0,3.0,2,3.0,3.0,0.0
a62f8bf1,4.0,3,2.0,2.0,0.0,3.0,6.0,3.0,1.0,0.0,1.0,3,7.0,1.0,1.0
4e219ad2,2.0,2,1.0,1.0,0.0,2.0,2.0,0.0,0.0,0.0,0.0,0,2.0,0.0,0.0
9614b550,9.0,5,6.0,3.0,0.0,3.0,4.0,1.0,10.0,7.0,3.0,10,19.0,22.0,0.0
bcf5058a,0.0,0,0.0,0.0,0.0,0.0,0.0,0.0,0.0,0.0,0.0,0,0.0,2.0,0.0
c71e97ba,23.0,11,13.0,7.0,3.0,10.0,20.0,10.0,8.0,0.0,8.0,12,35.0,10.0,0.0
4d0be953,0.0,0,0.0,0.0,0.0,0.0,0.0,0.0,0.0,0.0,0.0,1,1.0,8.0,0.0
3d62c18b,6.0,5,4.0,2.0,0.0,2.0,3.0,1.0,6.0,1.0,5.0,6,12.0,14.0,0.0
50ff205b,10.0,9,7.0,3.0,0.0,5.0,6.0,1.0,5.0,2.0,3.0,10,20.0,14.0,0.0
01b8a2b2,0.0,0,0.0,0.0,0.0,0.0,0.0,0.0,0.0,0.0,0.0,0,0.0,0.0,0.0
bb718263,13.0,5,5.0,4.0,4.0,7.0,12.0,5.0,5.0,0.0,5.0,3,16.0,1.0,0.0
e92cd3f7,1.0,1,0.0,1.0,0.0,0.0,1.0,1.0,2.0,1.0,1.0,0,1.0,2.0,0.0
2475dcc6,4.0,3,1.0,2.0,1.0,2.0,2.0,0.0,2.0,0.0,2.0,0,4.0,2.0,0.0
bd142efb,4.0,3,4.0,0.0,0.0,2.0,2.0,0.0,2.0,1.0,1.0,3,7.0,11.0,0.0
31139973,0.0,0,0.0,0.0,0.0,0.0,0.0,0.0,0.0,0.0,0.0,0,0.0,0.0,0.0
a0f9b535,11.0,8,4.0,5.0,2.0,4.0,9.0,5.0,5.0,0.0,5.0,3,14.0,3.0,0.0
031ebd52,0.0,0,0.0,0.0,0.0,0.0,0.0,0.0,0.0,0.0,0.0,2,2.0,2.0,0.0
90def3ab,1.0,0,1.0,0.0,0.0,1.0,1.0,0.0,0.0,0.0,0.0,0,1.0,1.0,0.0
a73c8f95,2.0,0,1.0,0.0,1.0,2.0,4.0,2.0,1.0,0.0,1.0,2,4.0,10.0,0.0
ad9b2747,2.0,2,0.0,1.0,1.0,1.0,4.0,3.0,2.0,0.0,2.0,3,5.0,5.0,0.0
7bf8ad6c,9.0,4,3.0,2.0,4.0,5.0,12.0,7.0,5.0,0.0,5.0,2,11.0,1.0,0.0
e73c9bb2,0.0,0,0.0,0.0,0.0,0.0,0.0,0.0,1.0,0.0,1.0,0,0.0,2.0,0.0
2ca35213,1.0,1,1.0,0.0,0.0,0.0,1.0,1.0,3.0,2.0,1.0,1,2.0,8.0,0.0
6f51e382,0.0,0,0.0,0.0,0.0,0.0,0.0,0.0,0.0,0.0,0.0,0,0.0,0.0,0.0
bd2f622a,0.0,0,0.0,0.0,0.0,0.0,3.0,3.0,0.0,0.0,0.0,0,0.0,0.0,0.0
5148dcc5,12.0,4,5.0,7.0,0.0,4.0,5.0,1.0,3.0,0.0,3.0,3,15.0,4.0,0.0
efc33b33,0.0,0,0.0,0.0,0.0,0.0,0.0,0.0,0.0,0.0,0.0,1,1.0,0.0,0.0
5c26ca51,15.0,7,2.0,11.0,2.0,7.0,13.0,6.0,12.0,0.0,12.0,8,23.0,2.0,0.0
82e9b1bb,11.0,6,9.0,2.0,0.0,6.0,8.0,2.0,3.0,2.0,1.0,6,17.0,18.0,0.0
df8d6029,4.0,1,3.0,1.0,0.0,4.0,5.0,1.0,4.0,1.0,3.0,6,10.0,12.0,0.0
dc45ac24,5.0,1,0.0,2.0,3.0,2.0,5.0,3.0,3.0,0.0,3.0,0,5.0,2.0,0.0
1d2c3e5e,8.0,5,4.0,3.0,1.0,4.0,5.0,1.0,6.0,0.0,6.0,3,11.0,1.0,0.0
d1b49282,7.0,4,6.0,1.0,0.0,5.0,7.0,2.0,4.0,0.0,4.0,4,11.0,5.0,0.0
fce2302c,6.0,3,2.0,3.0,1.0,3.0,6.0,3.0,3.0,2.0,1.0,2,8.0,5.0,0.0
6e44569a,2.0,0,1.0,0.0,1.0,0.0,0.0,0.0,7.0,1.0,6.0,1,3.0,1.0,0.0
41034650,2.0,0,1.0,1.0,0.0,1.0,2.0,1.0,2.0,1.0,1.0,1,3.0,5.0,0.0
803e7aca,9.0,3,3.0,4.0,2.0,3.0,8.0,5.0,6.0,1.0,5.0,6,15.0,5.0,0.0
a919be14,2.0,1,1.0,0.0,1.0,0.0,1.0,1.0,2.0,0.0,2.0,1,3.0,0.0,0.0
2794a536,1.0,0,1.0,0.0,0.0,0.0,0.0,0.0,1.0,1.0,0.0,0,1.0,4.0,0.0
de4fe7a2,1.0,1,1.0,0.0,0.0,0.0,1.0,1.0,3.0,0.0,3.0,0,1.0,0.0,0.0
5ceba7fc,5.0,2,2.0,2.0,1.0,1.0,1.0,0.0,1.0,0.0,1.0,1,6.0,0.0,0.0
b3af9be1,10.0,7,4.0,4.0,2.0,5.0,5.0,0.0,2.0,0.0,2.0,3,13.0,7.0,0.0
6aafdc27,2.0,1,2.0,0.0,0.0,1.0,1.0,0.0,8.0,3.0,5.0,12,14.0,25.0,0.0
7c106fcf,0.0,0,0.0,0.0,0.0,0.0,1.0,1.0,2.0,0.0,2.0,0,0.0,0.0,0.0
ed1cc44a,8.0,3,6.0,1.0,1.0,3.0,3.0,0.0,4.0,4.0,0.0,4,12.0,16.0,1.0
9e1035f8,1.0,0,1.0,0.0,0.0,0.0,0.0,0.0,0.0,0.0,0.0,0,1.0,0.0,0.0
58a9a4d9,1.0,1,0.0,1.0,0.0,0.0,3.0,3.0,1.0,0.0,1.0,0,1.0,1.0,0.0
f9edc384,8.0,4,4.0,3.0,1.0,3.0,4.0,1.0,4.0,2.0,2.0,2,10.0,5.0,0.0
de488e56,3.0,3,2.0,1.0,0.0,3.0,4.0,1.0,2.0,1.0,1.0,1,4.0,6.0,0.0
a4b1028a,10.0,7,6.0,3.0,1.0,6.0,9.0,3.0,2.0,0.0,2.0,4,14.0,10.0,0.0
9d21da85,8.0,4,6.0,1.0,1.0,7.0,9.0,2.0,9.0,4.0,5.0,7,15.0,18.0,0.0
3ae14ed1,5.0,3,2.0,2.0,1.0,2.0,5.0,3.0,6.0,0.0,6.0,4,9.0,1.0,0.0
5d4e9f31,2.0,0,1.0,1.0,0.0,1.0,4.0,3.0,1.0,0.0,1.0,2,4.0,2.0,0.0
056d2d95,11.0,8,5.0,4.0,2.0,5.0,12.0,7.0,3.0,0.0,3.0,7,18.0,13.0,0.0
77e39b04,0.0,0,0.0,0.0,0.0,0.0,1.0,1.0,0.0,0.0,0.0,0,0.0,3.0,0.0
41f0b196,0.0,0,0.0,0.0,0.0,0.0,0.0,0.0,0.0,0.0,0.0,0,0.0,1.0,0.0
5d0e0a1f,8.0,4,4.0,3.0,1.0,2.0,3.0,1.0,6.0,1.0,5.0,1,9.0,8.0,0.0
f7e87032,9.0,2,4.0,3.0,2.0,4.0,6.0,2.0,4.0,0.0,4.0,1,10.0,3.0,0.0
3fa66cb2,0.0,0,0.0,0.0,0.0,0.0,0.0,0.0,1.0,1.0,0.0,0,0.0,1.0,0.0
4a51ba65,0.0,0,0.0,0.0,0.0,0.0,0.0,0.0,0.0,0.0,0.0,0,0.0,5.0,1.0
068f4dec,6.0,4,2.0,2.0,2.0,3.0,7.0,4.0,0.0,0.0,0.0,2,8.0,2.0,0.0
3b996663,2.0,2,1.0,1.0,0.0,0.0,0.0,0.0,5.0,1.0,4.0,3,5.0,5.0,0.0
9052e98c,0.0,0,0.0,0.0,0.0,0.0,1.0,1.0,0.0,0.0,0.0,0,0.0,0.0,0.0
c9817014,8.0,5,2.0,5.0,1.0,6.0,7.0,1.0,2.0,1.0,1.0,2,10.0,3.0,0.0
1df4a109,14.0,9,4.0,8.0,2.0,4.0,7.0,3.0,10.0,1.0,9.0,8,22.0,7.0,0.0
a2d873dd,1.0,1,1.0,0.0,0.0,0.0,1.0,1.0,3.0,0.0,3.0,3,4.0,4.0,0.0
1a799243,3.0,2,0.0,3.0,0.0,1.0,3.0,2.0,4.0,0.0,4.0,3,6.0,5.0,0.0
bf25cb29,2.0,2,1.0,0.0,1.0,1.0,1.0,0.0,0.0,0.0,0.0,0,2.0,0.0,0.0
cfd68aa7,0.0,0,0.0,0.0,0.0,0.0,0.0,0.0,0.0,0.0,0.0,0,0.0,0.0,1.0
63567ebc,14.0,5,6.0,6.0,2.0,7.0,16.0,9.0,6.0,2.0,4.0,4,18.0,4.0,0.0
7b456af7,0.0,0,0.0,0.0,0.0,0.0,0.0,0.0,0.0,0.0,0.0,0,0.0,0.0,0.0
7a4cea18,3.0,1,1.0,2.0,0.0,1.0,2.0,1.0,1.0,0.0,1.0,0,3.0,0.0,0.0
fb485406,2.0,1,0.0,1.0,1.0,2.0,4.0,2.0,3.0,0.0,3.0,0,2.0,0.0,0.0
2bf50b37,2.0,1,1.0,1.0,0.0,2.0,3.0,1.0,0.0,0.0,0.0,0,2.0,0.0,0.0
cf9bdd43,11.0,8,6.0,4.0,1.0,7.0,9.0,2.0,4.0,1.0,3.0,8,19.0,16.0,0.0
7287ea6b,0.0,0,0.0,0.0,0.0,0.0,0.0,0.0,2.0,2.0,0.0,0,0.0,0.0,0.0
ee45fd85,12.0,7,1.0,10.0,1.0,7.0,13.0,6.0,6.0,0.0,6.0,9,21.0,5.0,1.0
d682f554,2.0,0,0.0,1.0,1.0,0.0,2.0,2.0,3.0,0.0,3.0,0,2.0,0.0,0.0
9f8e9423,3.0,3,2.0,1.0,0.0,1.0,3.0,2.0,2.0,0.0,2.0,3,6.0,13.0,0.0
44ac04e9,3.0,2,1.0,2.0,0.0,2.0,6.0,4.0,1.0,0.0,1.0,4,7.0,1.0,0.0
173eb3cd,5.0,3,1.0,3.0,1.0,1.0,4.0,3.0,8.0,4.0,4.0,5,10.0,11.0,1.0
18fae4ac,12.0,5,8.0,4.0,0.0,8.0,14.0,6.0,10.0,1.0,9.0,5,17.0,10.0,0.0
7cb9de24,2.0,2,2.0,0.0,0.0,1.0,1.0,0.0,2.0,1.0,1.0,7,9.0,18.0,1.0
e8ef59da,0.0,0,0.0,0.0,0.0,0.0,0.0,0.0,0.0,0.0,0.0,0,0.0,0.0,0.0
24baba9d,12.0,8,7.0,3.0,2.0,5.0,10.0,5.0,6.0,2.0,4.0,5,17.0,6.0,0.0
aa982b0f,6.0,4,1.0,3.0,2.0,1.0,4.0,3.0,5.0,0.0,5.0,1,7.0,0.0,0.0
731302dc,3.0,2,1.0,0.0,2.0,3.0,5.0,2.0,5.0,0.0,5.0,2,5.0,1.0,0.0
6412cc03,2.0,2,0.0,1.0,1.0,0.0,1.0,1.0,3.0,0.0,3.0,3,5.0,1.0,0.0
08eb3b58,5.0,4,3.0,2.0,0.0,3.0,4.0,1.0,2.0,0.0,2.0,5,10.0,4.0,0.0
74d4cec6,2.0,0,0.0,0.0,2.0,2.0,10.0,8.0,3.0,0.0,3.0,0,2.0,3.0,0.0
e4d5e2ae,2.0,1,0.0,1.0,1.0,2.0,3.0,1.0,0.0,0.0,0.0,1,3.0,0.0,0.0
d46d048f,6.0,5,4.0,2.0,0.0,3.0,6.0,3.0,1.0,0.0,1.0,4,10.0,3.0,0.0
0412b9cd,0.0,0,0.0,0.0,0.0,0.0,0.0,0.0,0.0,0.0,0.0,0,0.0,2.0,0.0
79443529,0.0,0,0.0,0.0,0.0,0.0,2.0,2.0,1.0,0.0,1.0,0,0.0,0.0,0.0
64f69877,3.0,3,0.0,2.0,1.0,1.0,3.0,2.0,4.0,1.0,3.0,0,3.0,0.0,0.0
72f87f25,2.0,2,1.0,1.0,0.0,0.0,0.0,0.0,1.0,0.0,1.0,0,2.0,0.0,0.0
d2795011,6.0,4,5.0,0.0,1.0,5.0,7.0,2.0,1.0,0.0,1.0,2,8.0,5.0,0.0
46a8347f,7.0,4,4.0,2.0,1.0,7.0,8.0,1.0,3.0,2.0,1.0,6,13.0,6.0,0.0
e3d3fbeb,3.0,3,2.0,1.0,0.0,2.0,5.0,3.0,1.0,0.0,1.0,5,8.0,3.0,0.0
7d7660da,3.0,1,3.0,0.0,0.0,1.0,1.0,0.0,1.0,0.0,1.0,2,5.0,1.0,0.0
9e525177,2.0,1,0.0,2.0,0.0,0.0,1.0,1.0,3.0,0.0,3.0,2,4.0,4.0,1.0
c4e87b8b,4.0,1,1.0,2.0,1.0,0.0,4.0,4.0,1.0,1.0,0.0,1,5.0,3.0,0.0
dd676a97,5.0,2,3.0,1.0,1.0,1.0,2.0,1.0,1.0,0.0,1.0,0,5.0,1.0,0.0
c1851bfd,8.0,4,5.0,3.0,0.0,5.0,5.0,0.0,7.0,2.0,5.0,4,12.0,11.0,0.0
35e413f1,4.0,1,1.0,1.0,2.0,3.0,3.0,0.0,2.0,0.0,2.0,1,5.0,3.0,0.0
4876c9ab,1.0,0,0.0,1.0,0.0,0.0,2.0,2.0,1.0,0.0,1.0,0,1.0,2.0,0.0
eb58eef0,0.0,0,0.0,0.0,0.0,0.0,0.0,0.0,0.0,0.0,0.0,0,0.0,1.0,0.0
83300259,0.0,0,0.0,0.0,0.0,0.0,0.0,0.0,0.0,0.0,0.0,0,0.0,1.0,0.0
0362c29e,7.0,4,6.0,1.0,0.0,3.0,3.0,0.0,5.0,3.0,2.0,1,8.0,18.0,1.0
e7fcf289,0.0,0,0.0,0.0,0.0,0.0,3.0,3.0,4.0,0.0,4.0,0,0.0,1.0,0.0
3f30f12a,11.0,7,8.0,1.0,2.0,7.0,12.0,5.0,5.0,0.0,5.0,10,21.0,10.0,0.0
6190474d,2.0,1,1.0,1.0,0.0,0.0,3.0,3.0,0.0,0.0,0.0,2,4.0,0.0,0.0
b003239d,0.0,0,0.0,0.0,0.0,0.0,0.0,0.0,1.0,1.0,0.0,3,3.0,4.0,0.0
7b9ecf02,5.0,4,4.0,1.0,0.0,4.0,4.0,0.0,3.0,1.0,2.0,10,15.0,17.0,0.0
e61b8aee,2.0,2,0.0,1.0,1.0,0.0,1.0,1.0,3.0,2.0,1.0,2,4.0,1.0,0.0
6510079f,2.0,1,2.0,0.0,0.0,0.0,4.0,4.0,0.0,0.0,0.0,0,2.0,0.0,0.0
f5c8b425,0.0,0,0.0,0.0,0.0,0.0,2.0,2.0,1.0,0.0,1.0,0,0.0,0.0,0.0
ca3478f9,0.0,0,0.0,0.0,0.0,0.0,0.0,0.0,0.0,0.0,0.0,0,0.0,0.0,0.0
6c5af908,9.0,4,3.0,6.0,0.0,4.0,6.0,2.0,2.0,1.0,1.0,6,15.0,2.0,0.0
f50a668a,6.0,4,5.0,1.0,0.0,2.0,3.0,1.0,5.0,4.0,1.0,7,13.0,23.0,0.0
88968486,12.0,5,5.0,6.0,1.0,8.0,11.0,3.0,7.0,4.0,3.0,4,16.0,12.0,1.0
d85c238b,4.0,2,2.0,2.0,0.0,1.0,3.0,2.0,2.0,0.0,2.0,3,7.0,1.0,0.0
47dbe004,9.0,6,3.0,6.0,0.0,3.0,11.0,8.0,3.0,0.0,3.0,5,14.0,9.0,0.0
38fc10d2,1.0,0,0.0,1.0,0.0,0.0,0.0,0.0,0.0,0.0,0.0,1,2.0,0.0,0.0
83e4643e,1.0,1,0.0,1.0,0.0,1.0,1.0,0.0,0.0,0.0,0.0,0,1.0,1.0,0.0
45191c29,8.0,3,1.0,5.0,2.0,7.0,15.0,8.0,8.0,0.0,8.0,9,17.0,5.0,0.0
9907b1c8,1.0,1,1.0,0.0,0.0,1.0,1.0,0.0,1.0,0.0,1.0,1,2.0,0.0,0.0
eca2b6b8,0.0,0,0.0,0.0,0.0,0.0,0.0,0.0,1.0,0.0,1.0,1,1.0,0.0,0.0
51cf8561,1.0,1,0.0,0.0,1.0,0.0,1.0,1.0,0.0,0.0,0.0,1,2.0,0.0,0.0
4a1abff3,4.0,2,1.0,3.0,0.0,1.0,3.0,2.0,6.0,0.0,6.0,8,12.0,2.0,0.0
5c7845f6,5.0,4,4.0,1.0,0.0,2.0,2.0,0.0,1.0,1.0,0.0,1,6.0,3.0,0.0
3ee0dd59,1.0,0,1.0,0.0,0.0,0.0,2.0,2.0,3.0,0.0,3.0,6,7.0,2.0,0.0
adfbe1f5,3.0,3,2.0,1.0,0.0,2.0,9.0,7.0,1.0,0.0,1.0,2,5.0,4.0,0.0
5529a99a,0.0,0,0.0,0.0,0.0,0.0,0.0,0.0,0.0,0.0,0.0,1,1.0,0.0,0.0
79300479,5.0,0,1.0,4.0,0.0,2.0,2.0,0.0,0.0,0.0,0.0,2,7.0,0.0,0.0
37557ec4,0.0,0,0.0,0.0,0.0,0.0,2.0,2.0,1.0,0.0,1.0,1,1.0,1.0,0.0
