id,GA,PKA,FK,CK,OG,PSxG,PSxG+/-,Cmp,Att,Att.1,Thr,Att.2,Opp,Stp,#OPA,TotLen,TotLen.1,TotDist
9e17ccff,4,0,0.0,0.0,0.0,3.9,-0.1,14.0,34.0,52.0,4.0,19.0,40.0,2.0,3.0,1846.0,798.0,39.3
28dabd43,38,4,1.0,6.0,2.0,31.3,-4.7,52.0,154.0,313.0,82.0,121.0,223.0,16.0,12.0,9859.5,4731.1,142.8
3d214e5f,42,5,0.0,8.0,2.0,41.5,1.5,120.0,295.0,502.0,98.0,185.0,357.0,14.0,16.0,17871.2,7788.5,180.8
967f34d3,5,0,0.0,1.0,2.0,2.9,-0.1,11.0,41.0,117.0,21.0,36.0,56.0,0.0,4.0,3346.2,1198.8,81.2
6a9e4913,0,0,0.0,0.0,0.0,0.2,0.2,8.0,13.0,18.0,3.0,11.0,11.0,2.0,0.0,822.6,289.3,0.0
db87a2c4,2,0,0.0,0.0,0.0,3.1,1.1,8.0,20.0,49.0,11.0,18.0,26.0,2.0,3.0,1376.9,795.6,41.4
8608f269,3,0,0.0,0.0,0.0,1.9,-1.1,14.0,43.0,38.0,4.0,14.0,38.0,2.0,0.0,1877.2,859.6,0.0
f5dfc256,13,2,0.0,0.0,0.0,0.0,0.0,0.0,0.0,0.0,0.0,0.0,0.0,0.0,0.0,0.0,0.0,0.0
b3d76d84,19,1,2.0,1.0,2.0,19.2,2.2,39.0,162.0,547.0,80.0,62.0,193.0,18.0,9.0,15863.0,2294.0,103.5
2434f24a,41,3,0.0,3.0,0.0,34.0,-7.0,132.0,292.0,454.0,72.0,137.0,285.0,3.0,11.0,16707.2,7082.9,144.1
477e50ce,1,0,0.0,0.0,0.0,1.5,0.5,5.0,9.0,20.0,9.0,6.0,11.0,1.0,0.0,664.0,279.0,0.0
f41a69e6,34,7,0.0,3.0,0.0,39.0,5.0,155.0,395.0,759.0,124.0,184.0,315.0,23.0,18.0,28386.6,7157.6,214.2
eedea60b,12,0,0.0,1.0,0.0,18.8,6.8,77.0,185.0,472.0,107.0,117.0,278.0,28.0,19.0,15528.8,4141.8,248.9
08f5afaa,23,1,1.0,2.0,1.0,26.9,4.9,39.0,113.0,524.0,115.0,138.0,260.0,23.0,22.0,12366.4,3670.8,305.8
0e12089d,45,3,2.0,6.0,2.0,40.5,-2.5,101.0,251.0,681.0,111.0,167.0,339.0,24.0,16.0,20498.1,6312.6,160.0
9d420dad,15,1,0.0,2.0,1.0,13.1,-0.9,26.0,91.0,190.0,49.0,53.0,105.0,11.0,5.0,6327.0,2173.0,60.0
db3164e1,41,4,0.0,6.0,2.0,32.2,-6.8,45.0,197.0,400.0,69.0,133.0,278.0,15.0,7.0,12600.0,5333.3,72.1
3814120d,11,1,0.0,2.0,0.0,9.1,-1.9,18.0,57.0,95.0,19.0,35.0,52.0,3.0,2.0,3363.0,1396.5,22.4
4e7db402,29,4,1.0,2.0,3.0,30.6,4.6,126.0,351.0,611.0,135.0,172.0,327.0,27.0,20.0,21996.0,8514.0,226.0
2fa2a875,6,0,0.0,0.0,0.0,8.0,2.0,28.0,75.0,132.0,24.0,49.0,86.0,5.0,3.0,4567.2,1950.2,38.4
1e7aea56,40,5,1.0,8.0,0.0,32.1,-7.9,132.0,336.0,435.0,50.0,129.0,238.0,12.0,37.0,16791.0,6643.5,651.2
fd78b105,14,2,0.0,1.0,0.0,14.8,0.8,35.0,105.0,198.0,33.0,65.0,129.0,10.0,11.0,7068.6,2216.5,162.8
f00de885,24,4,2.0,5.0,0.0,24.2,0.2,72.0,197.0,498.0,92.0,132.0,244.0,13.0,14.0,16035.6,4118.4,187.6
20b9f052,20,4,0.0,1.0,1.0,23.6,4.6,72.0,190.0,587.0,92.0,113.0,228.0,14.0,23.0,17844.8,4361.8,354.2
1d2d5cc8,24,1,0.0,5.0,1.0,24.6,1.6,124.0,303.0,646.0,96.0,121.0,252.0,20.0,30.0,21318.0,5505.5,501.0
c4173f1a,17,1,2.0,2.0,0.0,18.9,1.9,29.0,115.0,295.0,67.0,77.0,224.0,8.0,7.0,8673.0,2879.8,77.7
dc29b608,19,0,0.0,2.0,1.0,16.0,-2.0,67.0,174.0,321.0,51.0,105.0,278.0,13.0,7.0,10368.3,4389.0,71.4
afb0c500,34,4,1.0,2.0,2.0,31.1,-0.9,137.0,302.0,570.0,131.0,175.0,302.0,22.0,23.0,18525.0,8102.5,296.7
c631f952,26,3,0.0,2.0,2.0,24.1,0.1,53.0,161.0,330.0,77.0,85.0,209.0,14.0,12.0,10461.0,4020.5,144.0
0810b6df,14,2,0.0,2.0,1.0,11.9,-1.1,29.0,94.0,152.0,25.0,59.0,103.0,8.0,4.0,5517.6,2283.3,48.8
1b729a98,0,0,0.0,0.0,0.0,0.8,0.8,6.0,24.0,26.0,2.0,8.0,25.0,2.0,0.0,1138.8,488.0,0.0
67f649be,7,0,0.0,0.0,1.0,6.4,0.4,38.0,107.0,176.0,26.0,32.0,75.0,5.0,4.0,6670.4,1670.4,52.0
7f41ee30,4,2,0.0,0.0,0.0,3.7,-0.3,8.0,21.0,100.0,21.0,24.0,41.0,5.0,5.0,2710.0,607.2,82.0
60d90c55,20,2,0.0,5.0,1.0,21.4,2.4,108.0,265.0,727.0,101.0,97.0,252.0,19.0,35.0,23336.7,2822.7,595.0
53af52f3,19,1,2.0,3.0,0.0,22.5,3.5,126.0,280.0,615.0,79.0,194.0,336.0,16.0,14.0,20602.5,6925.8,180.6
834b5c4c,43,9,0.0,5.0,0.0,42.3,-0.7,105.0,288.0,539.0,91.0,127.0,361.0,23.0,21.0,19026.7,5435.6,252.0
f19f32b1,6,0,0.0,1.0,0.0,4.1,-1.9,8.0,33.0,49.0,7.0,14.0,21.0,1.0,5.0,1866.9,579.6,82.0
