id,GA,SoTA,Saves,W,D,L,CS,PKatt,PKA,PKsv,PKm
9e17ccff,4,8,3,1,0,1,0,1,0,1,0
28dabd43,38,91,55,0,4,13,2,5,4,0,1
3d214e5f,42,125,83,4,7,13,3,7,5,2,0
967f34d3,5,16,13,1,2,1,0,0,0,0,0
6a9e4913,0,3,3,0,1,0,1,0,0,0,0
db87a2c4,2,6,4,0,1,1,0,0,0,0,0
8608f269,3,8,5,0,0,1,1,0,0,0,0
f5dfc256,13,15,4,3,1,2,0,2,2,0,0
b3d76d84,19,70,52,10,4,5,7,2,1,1,0
2434f24a,41,96,55,3,4,12,2,3,3,0,0
477e50ce,1,6,5,0,1,0,0,0,0,0,0
f41a69e6,34,114,78,8,7,10,6,9,7,2,0
eedea60b,12,77,65,7,10,1,10,0,0,0,0
08f5afaa,23,101,78,19,3,3,11,2,1,1,0
0e12089d,45,129,83,9,5,11,4,6,3,3,0
9d420dad,15,40,25,2,0,6,1,2,1,1,0
db3164e1,41,96,57,3,4,11,0,4,4,0,0
3814120d,11,25,13,0,1,3,0,3,1,1,1
4e7db402,29,101,75,6,9,9,9,4,4,0,0
2fa2a875,6,24,16,3,1,2,3,2,0,2,0
1e7aea56,40,90,50,5,3,14,2,6,5,0,1
fd78b105,14,46,31,1,3,3,1,3,2,1,0
f00de885,24,80,56,9,4,9,5,4,4,0,0
20b9f052,20,82,63,15,2,4,8,4,4,0,0
1d2d5cc8,24,82,58,13,4,6,7,2,1,1,0
c4173f1a,17,62,45,3,3,5,2,1,1,0,0
dc29b608,19,64,46,8,3,3,3,0,0,0,0
afb0c500,34,121,89,15,5,5,7,4,4,0,0
c631f952,26,73,48,5,1,8,2,4,3,1,0
0810b6df,14,29,16,1,3,3,0,2,2,0,0
1b729a98,0,4,4,0,0,0,1,0,0,0,0
67f649be,7,26,20,2,2,2,2,0,0,0,0
7f41ee30,4,12,8,2,1,0,0,2,2,0,0
60d90c55,20,83,64,14,8,3,9,2,2,0,0
53af52f3,19,87,67,11,7,5,9,2,1,1,0
834b5c4c,43,126,83,4,10,11,2,10,9,0,1
f19f32b1,6,7,1,1,0,2,0,0,0,0,0
