id,Att,Live,Dead,FK,TB,Sw,Crs,TI,CK,In,Out,Str,Cmp,Off,Blocks
7f9c5d2d,208.0,161.0,46.0,1.0,0.0,2.0,6,45.0,0.0,0.0,0.0,0.0,153.0,1.0,9.0
be6faae0,8.0,7.0,1.0,0.0,0.0,0.0,0,0.0,0.0,0.0,0.0,0.0,7.0,0.0,0.0
81442ecb,780.0,615.0,164.0,33.0,3.0,10.0,95,106.0,25.0,5.0,15.0,0.0,571.0,1.0,10.0
a2c1a8d3,56.0,43.0,13.0,0.0,0.0,0.0,0,0.0,0.0,0.0,0.0,0.0,42.0,0.0,0.0
014aa7bd,707.0,652.0,55.0,31.0,3.0,25.0,34,3.0,21.0,1.0,15.0,0.0,587.0,0.0,8.0
18abe173,1142.0,1112.0,27.0,25.0,0.0,4.0,0,2.0,0.0,0.0,0.0,0.0,972.0,3.0,10.0
06efa9dc,980.0,764.0,209.0,23.0,3.0,13.0,67,186.0,0.0,0.0,0.0,0.0,757.0,7.0,19.0
31f5b89b,101.0,98.0,2.0,2.0,1.0,2.0,0,0.0,0.0,0.0,0.0,0.0,94.0,1.0,1.0
05439de2,993.0,896.0,88.0,36.0,3.0,2.0,25,45.0,3.0,3.0,0.0,0.0,869.0,9.0,12.0
455c26a4,5.0,5.0,0.0,0.0,0.0,0.0,1,0.0,0.0,0.0,0.0,0.0,4.0,0.0,0.0
99ea2ddd,95.0,88.0,7.0,5.0,1.0,3.0,6,0.0,2.0,1.0,1.0,0.0,78.0,0.0,0.0
4601e194,1064.0,926.0,134.0,30.0,4.0,6.0,62,104.0,0.0,0.0,0.0,0.0,901.0,4.0,20.0
4bd414c1,1238.0,1200.0,36.0,29.0,0.0,13.0,1,0.0,0.0,0.0,0.0,0.0,1092.0,2.0,4.0
036bba5f,524.0,488.0,34.0,25.0,2.0,13.0,17,0.0,5.0,2.0,1.0,1.0,412.0,2.0,7.0
bb08bce9,415.0,390.0,23.0,17.0,0.0,9.0,5,6.0,0.0,0.0,0.0,0.0,258.0,2.0,7.0
3d7e48ce,210.0,198.0,10.0,1.0,0.0,0.0,56,8.0,1.0,0.0,1.0,0.0,116.0,2.0,13.0
6c811eb7,634.0,621.0,10.0,6.0,3.0,9.0,25,2.0,0.0,0.0,0.0,0.0,490.0,3.0,14.0
b907d169,1.0,1.0,0.0,0.0,0.0,0.0,0,0.0,0.0,0.0,0.0,0.0,1.0,0.0,0.0
acc1aefa,423.0,408.0,13.0,12.0,0.0,2.0,8,0.0,0.0,0.0,0.0,0.0,348.0,2.0,7.0
f8405304,73.0,68.0,4.0,0.0,0.0,0.0,15,0.0,0.0,0.0,0.0,0.0,46.0,1.0,2.0
e6697917,763.0,691.0,65.0,29.0,4.0,3.0,55,8.0,23.0,10.0,8.0,0.0,613.0,7.0,11.0
f4290206,589.0,565.0,23.0,7.0,1.0,6.0,10,10.0,6.0,1.0,3.0,0.0,536.0,1.0,6.0
629081bd,0.0,0.0,0.0,0.0,0.0,0.0,0,0.0,0.0,0.0,0.0,0.0,0.0,0.0,0.0
852ddfb8,323.0,256.0,67.0,4.0,0.0,2.0,12,63.0,0.0,0.0,0.0,0.0,211.0,0.0,8.0
3ecc11d8,1054.0,987.0,64.0,56.0,2.0,31.0,9,2.0,0.0,0.0,0.0,0.0,859.0,3.0,9.0
00eba9c9,24.0,23.0,1.0,0.0,0.0,0.0,0,1.0,0.0,0.0,0.0,0.0,18.0,0.0,0.0
f3b1d9a2,124.0,119.0,4.0,0.0,1.0,0.0,7,3.0,0.0,0.0,0.0,0.0,96.0,1.0,5.0
22721b88,96.0,69.0,27.0,1.0,0.0,0.0,6,26.0,0.0,0.0,0.0,0.0,51.0,0.0,5.0
fdd26d71,229.0,164.0,65.0,3.0,0.0,2.0,9,62.0,0.0,0.0,0.0,0.0,134.0,0.0,12.0
c93231dc,40.0,39.0,1.0,0.0,0.0,0.0,1,1.0,0.0,0.0,0.0,0.0,30.0,0.0,4.0
58afe001,373.0,313.0,60.0,40.0,0.0,6.0,39,0.0,20.0,14.0,5.0,1.0,292.0,0.0,5.0
2bef2bca,655.0,613.0,40.0,23.0,1.0,9.0,1,15.0,0.0,0.0,0.0,0.0,580.0,2.0,2.0
1e465e70,9.0,8.0,1.0,0.0,0.0,0.0,1,0.0,1.0,1.0,0.0,0.0,8.0,0.0,0.0
6091cf45,5.0,5.0,0.0,0.0,0.0,1.0,1,0.0,0.0,0.0,0.0,0.0,0.0,0.0,2.0
5d133e96,6.0,6.0,0.0,0.0,0.0,0.0,0,0.0,0.0,0.0,0.0,0.0,5.0,0.0,0.0
759d8dd7,170.0,143.0,26.0,4.0,0.0,2.0,8,21.0,1.0,1.0,0.0,0.0,114.0,1.0,12.0
9f0ea33f,207.0,131.0,76.0,18.0,0.0,2.0,0,0.0,0.0,0.0,0.0,0.0,140.0,0.0,0.0
45af8a54,384.0,347.0,36.0,11.0,3.0,5.0,41,6.0,19.0,12.0,2.0,0.0,314.0,1.0,12.0
7dcf86f6,830.0,781.0,45.0,14.0,6.0,8.0,27,7.0,9.0,2.0,2.0,0.0,642.0,4.0,18.0
d5dd5f1f,3.0,3.0,0.0,0.0,0.0,0.0,0,0.0,0.0,0.0,0.0,0.0,3.0,0.0,0.0
9fec8860,30.0,24.0,6.0,0.0,0.0,0.0,3,6.0,0.0,0.0,0.0,0.0,21.0,0.0,0.0
253a06b9,387.0,357.0,27.0,8.0,0.0,17.0,61,6.0,8.0,5.0,3.0,0.0,212.0,3.0,14.0
bfd381b3,341.0,333.0,6.0,5.0,0.0,3.0,0,1.0,0.0,0.0,0.0,0.0,283.0,2.0,6.0
075fe5a3,871.0,825.0,40.0,37.0,0.0,8.0,2,3.0,0.0,0.0,0.0,0.0,740.0,6.0,6.0
114bbdee,384.0,380.0,2.0,2.0,0.0,0.0,2,0.0,0.0,0.0,0.0,0.0,344.0,2.0,6.0
e4346678,652.0,396.0,252.0,73.0,0.0,0.0,0,0.0,0.0,0.0,0.0,0.0,453.0,4.0,0.0
518f2234,438.0,423.0,11.0,4.0,11.0,1.0,15,1.0,3.0,2.0,0.0,0.0,342.0,4.0,19.0
5ccc9672,1001.0,857.0,138.0,19.0,0.0,4.0,24,119.0,0.0,0.0,0.0,0.0,900.0,6.0,10.0
1fe67e86,37.0,32.0,4.0,0.0,0.0,0.0,2,4.0,0.0,0.0,0.0,0.0,28.0,1.0,0.0
cee88597,1245.0,961.0,273.0,19.0,0.0,2.0,76,254.0,0.0,0.0,0.0,0.0,967.0,11.0,24.0
35f6db55,351.0,344.0,5.0,1.0,5.0,5.0,11,4.0,0.0,0.0,0.0,0.0,240.0,2.0,15.0
03049c8c,168.0,164.0,4.0,3.0,0.0,1.0,4,0.0,1.0,1.0,0.0,0.0,140.0,0.0,2.0
aad53e64,224.0,216.0,8.0,0.0,0.0,1.0,54,4.0,4.0,2.0,0.0,0.0,146.0,0.0,9.0
200e89e1,187.0,159.0,28.0,4.0,0.0,1.0,4,23.0,1.0,0.0,0.0,0.0,147.0,0.0,7.0
45736cec,270.0,268.0,2.0,1.0,1.0,3.0,5,1.0,0.0,0.0,0.0,0.0,224.0,0.0,6.0
d637fc22,229.0,221.0,6.0,6.0,0.0,2.0,1,0.0,0.0,0.0,0.0,0.0,184.0,2.0,4.0
d8712bf9,38.0,26.0,11.0,6.0,0.0,2.0,16,2.0,3.0,2.0,0.0,0.0,21.0,1.0,2.0
f874dd44,96.0,82.0,13.0,1.0,1.0,0.0,3,12.0,0.0,0.0,0.0,0.0,77.0,1.0,3.0
ed5c5fa3,1201.0,1111.0,89.0,53.0,0.0,8.0,26,4.0,20.0,8.0,10.0,0.0,1075.0,1.0,14.0
70d74ece,627.0,591.0,32.0,4.0,5.0,4.0,2,1.0,6.0,0.0,0.0,0.0,540.0,4.0,15.0
b6e50615,738.0,593.0,141.0,21.0,1.0,5.0,41,120.0,0.0,0.0,0.0,0.0,589.0,4.0,16.0
dc1c2fce,595.0,504.0,83.0,23.0,0.0,2.0,85,9.0,51.0,27.0,8.0,1.0,402.0,8.0,19.0
697295b1,682.0,627.0,49.0,38.0,0.0,13.0,5,9.0,0.0,0.0,0.0,0.0,543.0,6.0,9.0
47c609d5,224.0,200.0,22.0,0.0,0.0,0.0,4,0.0,0.0,0.0,0.0,0.0,159.0,2.0,7.0
506daeac,61.0,61.0,0.0,0.0,0.0,1.0,0,0.0,0.0,0.0,0.0,0.0,57.0,0.0,0.0
1657f448,106.0,76.0,30.0,1.0,0.0,0.0,22,28.0,1.0,0.0,0.0,1.0,62.0,0.0,2.0
0da6a13e,237.0,211.0,23.0,9.0,0.0,0.0,39,1.0,13.0,7.0,2.0,0.0,152.0,3.0,11.0
7f271d74,17.0,16.0,1.0,0.0,0.0,0.0,0,1.0,0.0,0.0,0.0,0.0,15.0,0.0,1.0
f6798fc3,806.0,624.0,181.0,43.0,0.0,2.0,0,0.0,0.0,0.0,0.0,0.0,604.0,1.0,0.0
d49f3e6b,380.0,339.0,40.0,0.0,2.0,3.0,9,0.0,0.0,0.0,0.0,0.0,298.0,1.0,19.0
fd771f95,280.0,269.0,9.0,0.0,0.0,2.0,14,0.0,0.0,0.0,0.0,0.0,174.0,2.0,15.0
2475cf9b,435.0,395.0,39.0,14.0,0.0,2.0,4,21.0,0.0,0.0,0.0,0.0,361.0,1.0,8.0
4accb7e0,338.0,316.0,20.0,7.0,0.0,0.0,5,2.0,0.0,0.0,0.0,0.0,272.0,2.0,10.0
10072610,152.0,95.0,55.0,16.0,0.0,1.0,0,0.0,0.0,0.0,0.0,0.0,90.0,2.0,0.0
7b5ab7f2,129.0,102.0,27.0,0.0,0.0,1.0,7,22.0,5.0,0.0,1.0,0.0,99.0,0.0,6.0
8f3565b3,178.0,170.0,8.0,0.0,0.0,0.0,2,0.0,0.0,0.0,0.0,0.0,104.0,0.0,4.0
edc98fac,1225.0,1174.0,50.0,41.0,1.0,15.0,3,9.0,0.0,0.0,0.0,0.0,1056.0,1.0,8.0
5ab0ea87,1118.0,1077.0,40.0,39.0,9.0,2.0,2,1.0,0.0,0.0,0.0,0.0,992.0,1.0,11.0
69cbc8b6,876.0,798.0,71.0,48.0,0.0,8.0,6,23.0,0.0,0.0,0.0,0.0,628.0,7.0,7.0
fe05804b,38.0,33.0,5.0,5.0,0.0,2.0,0,0.0,0.0,0.0,0.0,0.0,30.0,0.0,0.0
41b3069f,553.0,494.0,57.0,23.0,0.0,9.0,4,34.0,0.0,0.0,0.0,0.0,442.0,2.0,2.0
af34f10d,47.0,44.0,3.0,0.0,0.0,0.0,0,3.0,0.0,0.0,0.0,0.0,40.0,0.0,0.0
7b9c2d84,797.0,748.0,44.0,23.0,2.0,3.0,5,21.0,0.0,0.0,0.0,0.0,722.0,5.0,8.0
873619c6,331.0,300.0,31.0,2.0,1.0,0.0,3,2.0,0.0,0.0,0.0,0.0,261.0,0.0,6.0
a6de370d,909.0,824.0,71.0,29.0,9.0,7.0,77,4.0,34.0,13.0,18.0,0.0,684.0,14.0,27.0
37f1cf47,16.0,13.0,1.0,0.0,0.0,0.0,2,1.0,0.0,0.0,0.0,0.0,12.0,2.0,0.0
5acc4a10,758.0,737.0,21.0,18.0,4.0,4.0,7,2.0,0.0,0.0,0.0,0.0,662.0,0.0,9.0
c4b888df,535.0,431.0,102.0,16.0,0.0,4.0,23,84.0,2.0,1.0,1.0,0.0,423.0,2.0,8.0
688b96e3,340.0,265.0,75.0,13.0,0.0,0.0,0,0.0,0.0,0.0,0.0,0.0,288.0,0.0,0.0
5b93209a,4.0,4.0,0.0,0.0,0.0,0.0,0,0.0,0.0,0.0,0.0,0.0,3.0,0.0,0.0
5b93209a,30.0,27.0,2.0,0.0,0.0,0.0,4,0.0,2.0,0.0,0.0,0.0,21.0,1.0,2.0
2dce876a,134.0,114.0,19.0,0.0,0.0,1.0,10,19.0,0.0,0.0,0.0,0.0,90.0,1.0,8.0
2dce876a,330.0,297.0,32.0,7.0,0.0,2.0,11,24.0,0.0,0.0,0.0,0.0,269.0,1.0,3.0
de39485a,539.0,447.0,90.0,16.0,2.0,5.0,48,44.0,30.0,17.0,4.0,0.0,433.0,2.0,14.0
4958bfb2,872.0,780.0,91.0,10.0,1.0,8.0,34,81.0,0.0,0.0,0.0,0.0,745.0,1.0,12.0
dee86451,1133.0,1098.0,31.0,31.0,8.0,11.0,3,0.0,0.0,0.0,0.0,0.0,976.0,4.0,11.0
4d224fe8,8.0,8.0,0.0,0.0,0.0,1.0,0,0.0,0.0,0.0,0.0,0.0,7.0,0.0,0.0
da76bab4,267.0,243.0,21.0,0.0,2.0,1.0,5,0.0,0.0,0.0,0.0,0.0,163.0,3.0,11.0
130a7a3f,419.0,386.0,30.0,7.0,1.0,4.0,46,4.0,19.0,11.0,4.0,0.0,324.0,3.0,7.0
274ab13c,1215.0,1153.0,55.0,53.0,1.0,29.0,1,1.0,0.0,0.0,0.0,0.0,1004.0,7.0,4.0
527f063d,255.0,235.0,18.0,0.0,3.0,4.0,2,0.0,0.0,0.0,0.0,0.0,188.0,2.0,6.0
c0617e2b,768.0,740.0,24.0,8.0,2.0,14.0,6,9.0,6.0,1.0,1.0,0.0,702.0,4.0,10.0
ae852b7d,5.0,5.0,0.0,0.0,0.0,0.0,0,0.0,0.0,0.0,0.0,0.0,3.0,0.0,0.0
5e1028e5,543.0,489.0,53.0,8.0,0.0,1.0,66,12.0,33.0,6.0,21.0,0.0,385.0,1.0,17.0
63c5e56b,63.0,60.0,3.0,0.0,0.0,1.0,8,1.0,2.0,0.0,1.0,0.0,41.0,0.0,6.0
873ce3a2,14.0,14.0,0.0,0.0,1.0,0.0,0,0.0,0.0,0.0,0.0,0.0,9.0,0.0,0.0
1cb49278,881.0,844.0,37.0,30.0,2.0,7.0,1,6.0,0.0,0.0,0.0,0.0,827.0,0.0,3.0
b8a642fc,501.0,491.0,8.0,2.0,3.0,4.0,18,3.0,3.0,1.0,0.0,0.0,378.0,2.0,18.0
ec1a731e,395.0,373.0,19.0,18.0,0.0,5.0,0,1.0,0.0,0.0,0.0,0.0,326.0,3.0,4.0
9a0408b6,519.0,499.0,18.0,17.0,0.0,13.0,3,1.0,0.0,0.0,0.0,0.0,432.0,2.0,10.0
33a61a52,747.0,580.0,164.0,16.0,1.0,4.0,61,145.0,3.0,0.0,3.0,0.0,536.0,3.0,23.0
85dace26,218.0,208.0,10.0,1.0,1.0,3.0,11,1.0,8.0,5.0,0.0,0.0,176.0,0.0,8.0
b3f62bfc,7.0,7.0,0.0,0.0,0.0,0.0,2,0.0,0.0,0.0,0.0,0.0,5.0,0.0,1.0
15937e17,848.0,797.0,49.0,40.0,0.0,21.0,1,0.0,0.0,0.0,0.0,0.0,734.0,2.0,5.0
5ae499d0,639.0,621.0,16.0,13.0,0.0,9.0,8,2.0,0.0,0.0,0.0,0.0,537.0,2.0,16.0
0f26ffd7,578.0,546.0,28.0,24.0,0.0,1.0,3,4.0,0.0,0.0,0.0,0.0,453.0,4.0,13.0
a6951bf8,311.0,300.0,7.0,7.0,1.0,3.0,5,0.0,0.0,0.0,0.0,0.0,265.0,4.0,5.0
fb938d24,20.0,19.0,1.0,0.0,0.0,1.0,2,1.0,0.0,0.0,0.0,0.0,16.0,0.0,0.0
01eb744d,352.0,334.0,16.0,2.0,1.0,3.0,18,1.0,9.0,1.0,5.0,0.0,276.0,2.0,9.0
c78b352d,990.0,826.0,162.0,22.0,1.0,6.0,54,140.0,0.0,0.0,0.0,0.0,763.0,2.0,26.0
808d48f3,797.0,656.0,134.0,9.0,0.0,6.0,53,125.0,0.0,0.0,0.0,0.0,592.0,7.0,21.0
76c2a023,686.0,654.0,26.0,25.0,2.0,9.0,4,1.0,0.0,0.0,0.0,0.0,537.0,6.0,15.0
1840e36d,609.0,503.0,104.0,25.0,0.0,3.0,0,0.0,0.0,0.0,0.0,0.0,517.0,2.0,0.0
1944818c,392.0,344.0,47.0,4.0,0.0,3.0,35,43.0,0.0,0.0,0.0,0.0,296.0,1.0,8.0
a56da3ba,718.0,567.0,148.0,12.0,0.0,1.0,32,134.0,0.0,0.0,0.0,0.0,540.0,3.0,15.0
cc2dd8a5,36.0,35.0,1.0,1.0,0.0,0.0,6,0.0,0.0,0.0,0.0,0.0,22.0,0.0,2.0
0abc51f2,277.0,268.0,9.0,6.0,1.0,6.0,1,1.0,0.0,0.0,0.0,0.0,238.0,0.0,2.0
192c89a6,92.0,67.0,24.0,1.0,0.0,1.0,1,23.0,0.0,0.0,0.0,0.0,76.0,1.0,2.0
dc62b55d,85.0,77.0,6.0,0.0,1.0,1.0,3,1.0,0.0,0.0,0.0,0.0,64.0,2.0,3.0
f9a225f5,28.0,24.0,3.0,1.0,0.0,0.0,1,0.0,2.0,0.0,1.0,0.0,21.0,1.0,1.0
f08490a6,95.0,83.0,12.0,1.0,0.0,0.0,6,2.0,2.0,0.0,0.0,0.0,70.0,0.0,1.0
070a3904,971.0,805.0,161.0,69.0,10.0,12.0,116,8.0,69.0,34.0,22.0,3.0,691.0,5.0,23.0
162efffd,754.0,702.0,44.0,24.0,9.0,19.0,32,10.0,7.0,2.0,3.0,0.0,615.0,8.0,12.0
84a85b48,1.0,1.0,0.0,0.0,0.0,0.0,0,0.0,0.0,0.0,0.0,0.0,0.0,0.0,0.0
fe641c1a,164.0,159.0,4.0,3.0,0.0,1.0,4,1.0,0.0,0.0,0.0,0.0,140.0,1.0,1.0
e7d2a50b,8.0,7.0,1.0,0.0,0.0,0.0,1,1.0,0.0,0.0,0.0,0.0,7.0,0.0,0.0
b19db005,647.0,588.0,54.0,6.0,9.0,4.0,71,8.0,40.0,14.0,11.0,1.0,499.0,5.0,25.0
d2110326,675.0,652.0,22.0,18.0,0.0,11.0,0,0.0,0.0,0.0,0.0,0.0,560.0,1.0,4.0
80211dc5,9.0,9.0,0.0,0.0,0.0,0.0,0,0.0,0.0,0.0,0.0,0.0,8.0,0.0,1.0
d61759ec,19.0,19.0,0.0,0.0,0.0,0.0,0,0.0,0.0,0.0,0.0,0.0,16.0,0.0,0.0
fc70e345,666.0,425.0,237.0,61.0,0.0,4.0,0,0.0,0.0,0.0,0.0,0.0,408.0,4.0,1.0
a461f098,7.0,7.0,0.0,0.0,0.0,0.0,0,0.0,0.0,0.0,0.0,0.0,7.0,0.0,0.0
a4971d84,732.0,695.0,33.0,20.0,0.0,2.0,11,13.0,0.0,0.0,0.0,0.0,588.0,4.0,14.0
ac295d9e,100.0,68.0,31.0,13.0,0.0,1.0,0,0.0,0.0,0.0,0.0,0.0,72.0,1.0,0.0
cc83b74d,28.0,24.0,3.0,0.0,0.0,0.0,0,0.0,0.0,0.0,0.0,0.0,19.0,1.0,0.0
3521abfe,12.0,12.0,0.0,0.0,0.0,0.0,0,0.0,0.0,0.0,0.0,0.0,11.0,0.0,0.0
5e95c000,33.0,32.0,0.0,0.0,0.0,0.0,0,0.0,0.0,0.0,0.0,0.0,28.0,1.0,0.0
93090f69,738.0,708.0,28.0,25.0,0.0,6.0,0,3.0,0.0,0.0,0.0,0.0,578.0,2.0,3.0
6db116ec,21.0,21.0,0.0,0.0,0.0,0.0,1,0.0,0.0,0.0,0.0,0.0,14.0,0.0,0.0
37e103f8,161.0,142.0,17.0,2.0,0.0,0.0,1,1.0,0.0,0.0,0.0,0.0,120.0,2.0,4.0
3e93f8cf,400.0,387.0,9.0,5.0,4.0,3.0,3,1.0,2.0,0.0,0.0,0.0,335.0,4.0,4.0
f7dc2ae5,595.0,509.0,82.0,9.0,0.0,0.0,4,73.0,0.0,0.0,0.0,0.0,487.0,4.0,7.0
fd47b4f2,922.0,875.0,45.0,44.0,1.0,10.0,2,1.0,0.0,0.0,0.0,0.0,741.0,2.0,5.0
db8f0eba,325.0,268.0,55.0,9.0,0.0,5.0,73,4.0,42.0,20.0,14.0,0.0,201.0,2.0,13.0
db8f0eba,6.0,5.0,1.0,1.0,0.0,0.0,2,0.0,0.0,0.0,0.0,0.0,4.0,0.0,0.0
04e17fd5,137.0,116.0,20.0,0.0,0.0,2.0,4,2.0,0.0,0.0,0.0,0.0,87.0,1.0,4.0
3f79a1c8,166.0,157.0,8.0,3.0,0.0,3.0,3,0.0,0.0,0.0,0.0,0.0,130.0,1.0,2.0
b0616e3d,389.0,298.0,88.0,10.0,0.0,4.0,25,71.0,7.0,0.0,7.0,0.0,282.0,3.0,10.0
db001fa9,884.0,695.0,183.0,23.0,1.0,7.0,52,160.0,0.0,0.0,0.0,0.0,565.0,6.0,40.0
4242011c,558.0,540.0,16.0,13.0,0.0,3.0,0,1.0,0.0,0.0,0.0,0.0,491.0,2.0,0.0
283c7121,369.0,331.0,37.0,14.0,1.0,4.0,27,1.0,10.0,5.0,2.0,0.0,269.0,1.0,7.0
3409de86,130.0,108.0,22.0,3.0,0.0,1.0,12,15.0,4.0,3.0,1.0,0.0,99.0,0.0,6.0
bed68338,261.0,250.0,10.0,3.0,2.0,1.0,28,5.0,2.0,0.0,1.0,0.0,178.0,1.0,22.0
66116290,126.0,119.0,6.0,0.0,0.0,1.0,0,0.0,1.0,0.0,0.0,0.0,94.0,1.0,3.0
72a84002,372.0,360.0,12.0,12.0,1.0,9.0,0,0.0,0.0,0.0,0.0,0.0,288.0,0.0,3.0
805a2a11,16.0,11.0,5.0,0.0,0.0,1.0,1,5.0,0.0,0.0,0.0,0.0,13.0,0.0,1.0
0ba976e4,366.0,357.0,6.0,2.0,0.0,3.0,4,1.0,1.0,0.0,0.0,0.0,311.0,3.0,11.0
89151b16,201.0,187.0,13.0,11.0,0.0,5.0,1,0.0,0.0,0.0,0.0,0.0,159.0,1.0,1.0
bece776f,484.0,416.0,66.0,27.0,2.0,3.0,49,4.0,33.0,13.0,16.0,0.0,378.0,2.0,7.0
51a3c4c8,132.0,128.0,3.0,2.0,0.0,0.0,0,1.0,0.0,0.0,0.0,0.0,121.0,1.0,1.0
15d0c248,468.0,447.0,19.0,17.0,0.0,5.0,0,2.0,0.0,0.0,0.0,0.0,401.0,2.0,7.0
8aafd64f,228.0,209.0,18.0,6.0,7.0,2.0,8,3.0,4.0,3.0,0.0,0.0,171.0,1.0,5.0
e5d01ecf,601.0,499.0,99.0,15.0,0.0,1.0,25,84.0,0.0,0.0,0.0,0.0,511.0,3.0,12.0
a01c3d54,452.0,304.0,147.0,53.0,0.0,1.0,0,0.0,0.0,0.0,0.0,0.0,288.0,1.0,0.0
aa677a35,591.0,542.0,49.0,29.0,1.0,8.0,27,1.0,13.0,4.0,6.0,0.0,499.0,0.0,5.0
f127d782,358.0,203.0,153.0,50.0,0.0,2.0,0,0.0,0.0,0.0,0.0,0.0,232.0,2.0,0.0
e08647d6,83.0,78.0,5.0,0.0,1.0,0.0,0,1.0,0.0,0.0,0.0,0.0,55.0,0.0,1.0
f25b010f,14.0,13.0,1.0,1.0,0.0,0.0,0,0.0,0.0,0.0,0.0,0.0,8.0,0.0,0.0
b86a64b2,632.0,608.0,22.0,18.0,0.0,13.0,0,1.0,0.0,0.0,0.0,0.0,522.0,2.0,8.0
dabb2827,811.0,537.0,271.0,79.0,0.0,2.0,0,0.0,0.0,0.0,0.0,0.0,572.0,3.0,0.0
41f32541,714.0,683.0,27.0,21.0,0.0,16.0,2,3.0,0.0,0.0,0.0,0.0,639.0,4.0,3.0
eb82b6f1,275.0,256.0,17.0,4.0,3.0,2.0,33,0.0,13.0,4.0,6.0,0.0,178.0,2.0,11.0
45e17712,406.0,321.0,83.0,5.0,0.0,0.0,31,78.0,0.0,0.0,0.0,0.0,275.0,2.0,19.0
6c7762c3,616.0,510.0,102.0,19.0,2.0,7.0,6,83.0,0.0,0.0,0.0,0.0,535.0,4.0,5.0
29d0f2ac,465.0,381.0,82.0,9.0,1.0,0.0,26,73.0,0.0,0.0,0.0,0.0,372.0,2.0,12.0
a4b00319,1290.0,1022.0,260.0,29.0,2.0,13.0,98,217.0,14.0,8.0,4.0,1.0,989.0,8.0,28.0
91f7631f,786.0,746.0,36.0,24.0,2.0,13.0,29,0.0,12.0,3.0,5.0,0.0,654.0,4.0,11.0
a10361d2,1446.0,1255.0,180.0,92.0,3.0,37.0,158,9.0,79.0,32.0,38.0,1.0,1205.0,11.0,20.0
90bbd822,625.0,593.0,27.0,3.0,0.0,4.0,104,20.0,4.0,2.0,0.0,0.0,394.0,5.0,24.0
e7f4603c,88.0,86.0,2.0,1.0,0.0,0.0,1,0.0,0.0,0.0,0.0,0.0,75.0,0.0,2.0
661e2822,24.0,23.0,1.0,1.0,0.0,0.0,0,0.0,0.0,0.0,0.0,0.0,20.0,0.0,0.0
240d3a0b,344.0,331.0,12.0,12.0,1.0,1.0,3,0.0,0.0,0.0,0.0,0.0,268.0,1.0,6.0
3e42f707,866.0,839.0,26.0,25.0,1.0,12.0,1,1.0,0.0,0.0,0.0,0.0,698.0,1.0,5.0
2bed3eab,825.0,792.0,31.0,23.0,1.0,12.0,0,7.0,0.0,0.0,0.0,0.0,756.0,2.0,3.0
7226539b,1330.0,1085.0,242.0,11.0,0.0,5.0,103,231.0,0.0,0.0,0.0,0.0,1058.0,3.0,39.0
b418dbd4,194.0,184.0,8.0,1.0,1.0,2.0,9,3.0,0.0,0.0,0.0,0.0,124.0,2.0,3.0
5c96b017,376.0,330.0,44.0,17.0,4.0,4.0,49,3.0,23.0,10.0,9.0,2.0,282.0,2.0,9.0
4a633cfe,644.0,604.0,40.0,30.0,0.0,21.0,2,9.0,0.0,0.0,0.0,0.0,509.0,0.0,3.0
9a26fa06,40.0,38.0,1.0,1.0,0.0,0.0,0,0.0,0.0,0.0,0.0,0.0,34.0,1.0,0.0
475a738b,9.0,7.0,2.0,0.0,0.0,0.0,0,0.0,0.0,0.0,0.0,0.0,7.0,0.0,0.0
19cae58d,760.0,730.0,27.0,9.0,5.0,12.0,29,8.0,0.0,0.0,0.0,0.0,651.0,3.0,16.0
63d17038,494.0,330.0,161.0,41.0,0.0,1.0,0,0.0,0.0,0.0,0.0,0.0,364.0,3.0,0.0
6652cf96,581.0,427.0,153.0,12.0,1.0,3.0,24,141.0,0.0,0.0,0.0,0.0,450.0,1.0,21.0
18017beb,2.0,2.0,0.0,0.0,0.0,0.0,0,0.0,0.0,0.0,0.0,0.0,2.0,0.0,0.0
0e5ddc7c,13.0,12.0,1.0,0.0,0.0,0.0,2,1.0,0.0,0.0,0.0,0.0,9.0,0.0,2.0
4c2e9442,14.0,13.0,1.0,0.0,0.0,0.0,0,0.0,0.0,0.0,0.0,0.0,9.0,0.0,0.0
5a626448,1126.0,1011.0,109.0,52.0,1.0,26.0,90,3.0,53.0,23.0,22.0,0.0,941.0,6.0,23.0
6e4df551,386.0,367.0,18.0,2.0,2.0,8.0,25,6.0,9.0,2.0,2.0,0.0,337.0,1.0,2.0
bc6f5f06,648.0,617.0,31.0,27.0,0.0,8.0,2,3.0,0.0,0.0,0.0,0.0,557.0,0.0,1.0
4ac7608e,340.0,312.0,28.0,15.0,0.0,2.0,1,13.0,0.0,0.0,0.0,0.0,272.0,0.0,4.0
49d028db,600.0,582.0,15.0,15.0,0.0,2.0,0,0.0,0.0,0.0,0.0,0.0,532.0,3.0,3.0
1fc474ae,253.0,222.0,31.0,1.0,0.0,0.0,13,30.0,0.0,0.0,0.0,0.0,193.0,0.0,3.0
2c56a792,419.0,400.0,17.0,15.0,0.0,3.0,1,1.0,0.0,0.0,0.0,0.0,375.0,2.0,4.0
56545648,29.0,22.0,7.0,1.0,0.0,0.0,5,0.0,6.0,1.0,2.0,0.0,25.0,0.0,1.0
6f5f82c0,468.0,364.0,104.0,13.0,0.0,1.0,17,91.0,0.0,0.0,0.0,0.0,398.0,0.0,11.0
ee45d138,82.0,80.0,2.0,2.0,0.0,0.0,0,0.0,0.0,0.0,0.0,0.0,71.0,0.0,0.0
3f034750,87.0,51.0,36.0,13.0,0.0,0.0,0,0.0,0.0,0.0,0.0,0.0,41.0,0.0,0.0
8b298f56,298.0,264.0,31.0,15.0,0.0,7.0,26,0.0,13.0,6.0,5.0,0.0,216.0,3.0,4.0
df69b544,844.0,754.0,87.0,23.0,9.0,11.0,95,4.0,49.0,33.0,8.0,0.0,632.0,3.0,23.0
ef322658,473.0,434.0,38.0,24.0,3.0,10.0,7,7.0,7.0,1.0,5.0,0.0,394.0,1.0,10.0
32974271,117.0,108.0,8.0,0.0,0.0,0.0,3,0.0,0.0,0.0,0.0,0.0,74.0,1.0,6.0
32974271,49.0,47.0,1.0,0.0,0.0,0.0,1,0.0,0.0,0.0,0.0,0.0,36.0,1.0,1.0
0076ab7f,1065.0,1016.0,47.0,36.0,1.0,6.0,0,4.0,0.0,0.0,0.0,0.0,982.0,2.0,3.0
8e48dc61,120.0,119.0,0.0,0.0,1.0,0.0,0,0.0,0.0,0.0,0.0,0.0,108.0,1.0,1.0
7155e3e1,156.0,150.0,6.0,6.0,1.0,5.0,5,0.0,0.0,0.0,0.0,0.0,128.0,0.0,3.0
f7c12fbf,804.0,727.0,72.0,55.0,4.0,15.0,28,1.0,14.0,2.0,12.0,0.0,661.0,5.0,9.0
ac454a4f,746.0,647.0,91.0,33.0,3.0,26.0,80,1.0,53.0,23.0,24.0,0.0,570.0,8.0,18.0
6b5ea2f4,153.0,138.0,14.0,0.0,0.0,2.0,1,3.0,0.0,0.0,0.0,0.0,113.0,1.0,10.0
0b2c8585,283.0,278.0,4.0,3.0,0.0,7.0,4,0.0,1.0,0.0,1.0,0.0,230.0,1.0,3.0
7e98cff1,859.0,707.0,148.0,11.0,2.0,0.0,65,135.0,2.0,0.0,0.0,0.0,684.0,4.0,19.0
8696bc90,187.0,168.0,16.0,8.0,0.0,1.0,16,6.0,2.0,1.0,0.0,0.0,126.0,3.0,8.0
e0979e74,12.0,12.0,0.0,0.0,0.0,1.0,0,0.0,0.0,0.0,0.0,0.0,11.0,0.0,0.0
a39bb753,69.0,67.0,2.0,0.0,0.0,0.0,0,0.0,0.0,0.0,0.0,0.0,62.0,0.0,0.0
8059806f,357.0,349.0,7.0,1.0,1.0,3.0,16,6.0,0.0,0.0,0.0,0.0,266.0,1.0,20.0
555f3a0b,508.0,481.0,26.0,17.0,0.0,16.0,0,9.0,0.0,0.0,0.0,0.0,436.0,1.0,2.0
132ac341,321.0,300.0,21.0,20.0,0.0,5.0,0,1.0,0.0,0.0,0.0,0.0,266.0,0.0,2.0
02d2c436,903.0,749.0,152.0,46.0,0.0,22.0,10,106.0,0.0,0.0,0.0,0.0,662.0,2.0,5.0
90162357,11.0,9.0,2.0,0.0,1.0,0.0,0,2.0,0.0,0.0,0.0,0.0,8.0,0.0,0.0
436a9dd0,197.0,193.0,2.0,1.0,3.0,0.0,1,0.0,1.0,0.0,0.0,0.0,170.0,2.0,1.0
a4995f48,395.0,267.0,127.0,41.0,0.0,2.0,0,0.0,0.0,0.0,0.0,0.0,249.0,1.0,0.0
e778654a,324.0,317.0,5.0,1.0,3.0,4.0,16,0.0,0.0,0.0,0.0,0.0,252.0,2.0,4.0
139560df,35.0,28.0,7.0,0.0,0.0,0.0,2,7.0,0.0,0.0,0.0,0.0,21.0,0.0,1.0
b85bf253,141.0,135.0,2.0,2.0,0.0,3.0,1,0.0,0.0,0.0,0.0,0.0,104.0,4.0,0.0
3701906c,138.0,133.0,3.0,3.0,1.0,3.0,2,0.0,0.0,0.0,0.0,0.0,93.0,2.0,7.0
974322dc,632.0,468.0,162.0,5.0,1.0,3.0,59,157.0,0.0,0.0,0.0,0.0,392.0,2.0,22.0
75645f0e,328.0,292.0,35.0,0.0,3.0,2.0,0,2.0,0.0,0.0,0.0,0.0,244.0,1.0,17.0
5ce0b5ba,397.0,377.0,18.0,12.0,0.0,3.0,3,5.0,0.0,0.0,0.0,0.0,340.0,2.0,6.0
8e92be30,30.0,25.0,4.0,0.0,0.0,0.0,2,0.0,0.0,0.0,0.0,0.0,17.0,1.0,2.0
a0b4bb3e,417.0,371.0,42.0,25.0,3.0,5.0,18,2.0,11.0,2.0,7.0,0.0,346.0,4.0,4.0
9c36ed83,145.0,137.0,8.0,0.0,0.0,0.0,4,1.0,0.0,0.0,0.0,0.0,104.0,0.0,2.0
4737cebe,24.0,22.0,1.0,0.0,0.0,0.0,1,0.0,1.0,0.0,1.0,0.0,15.0,1.0,3.0
9a76c2e9,348.0,299.0,48.0,13.0,0.0,2.0,9,35.0,0.0,0.0,0.0,0.0,287.0,1.0,9.0
eeba07f8,156.0,137.0,19.0,1.0,2.0,2.0,7,3.0,1.0,0.0,1.0,0.0,115.0,0.0,1.0
4c5b14d2,188.0,169.0,19.0,7.0,2.0,0.0,21,1.0,11.0,3.0,5.0,0.0,154.0,0.0,5.0
1bacc518,1300.0,1251.0,40.0,22.0,10.0,12.0,15,10.0,7.0,2.0,2.0,0.0,1162.0,9.0,17.0
2a0c8ba4,836.0,798.0,31.0,25.0,2.0,17.0,5,2.0,4.0,1.0,2.0,0.0,733.0,7.0,8.0
0107757e,35.0,25.0,10.0,3.0,0.0,0.0,0,0.0,0.0,0.0,0.0,0.0,29.0,0.0,0.0
5b28b2f6,159.0,131.0,28.0,4.0,0.0,0.0,19,20.0,4.0,1.0,3.0,0.0,115.0,0.0,1.0
d87e2cae,156.0,150.0,6.0,0.0,0.0,2.0,3,0.0,0.0,0.0,0.0,0.0,126.0,0.0,6.0
6265208f,470.0,449.0,19.0,0.0,1.0,4.0,9,1.0,0.0,0.0,0.0,0.0,282.0,2.0,15.0
84399660,194.0,191.0,3.0,0.0,3.0,2.0,0,3.0,0.0,0.0,0.0,0.0,164.0,0.0,7.0
1633fc8a,546.0,511.0,31.0,24.0,0.0,4.0,1,1.0,0.0,0.0,0.0,0.0,460.0,4.0,3.0
360d70f8,18.0,18.0,0.0,0.0,0.0,0.0,2,0.0,0.0,0.0,0.0,0.0,12.0,0.0,1.0
7111d552,773.0,743.0,27.0,5.0,2.0,6.0,42,16.0,4.0,0.0,0.0,0.0,600.0,3.0,38.0
7d08063d,76.0,74.0,1.0,0.0,0.0,0.0,4,1.0,0.0,0.0,0.0,0.0,52.0,1.0,2.0
55634fb8,173.0,159.0,14.0,13.0,0.0,4.0,1,1.0,0.0,0.0,0.0,0.0,140.0,0.0,2.0
8455ad90,620.0,500.0,113.0,43.0,4.0,8.0,113,2.0,50.0,19.0,25.0,0.0,435.0,7.0,22.0
211589b8,18.0,18.0,0.0,0.0,1.0,0.0,1,0.0,0.0,0.0,0.0,0.0,11.0,0.0,0.0
5eebbfdf,25.0,24.0,0.0,0.0,0.0,0.0,2,0.0,0.0,0.0,0.0,0.0,15.0,1.0,0.0
05e19d6a,219.0,212.0,5.0,3.0,2.0,2.0,2,1.0,1.0,0.0,0.0,0.0,191.0,2.0,5.0
e897d8ba,145.0,138.0,6.0,0.0,1.0,0.0,2,1.0,0.0,0.0,0.0,0.0,107.0,1.0,3.0
4c3a6744,244.0,208.0,32.0,5.0,0.0,2.0,33,6.0,20.0,4.0,6.0,0.0,169.0,4.0,6.0
55126f3b,1003.0,962.0,34.0,27.0,4.0,5.0,17,4.0,0.0,0.0,0.0,0.0,856.0,7.0,13.0
fc076f78,12.0,12.0,0.0,0.0,0.0,0.0,1,0.0,0.0,0.0,0.0,0.0,7.0,0.0,1.0
cce181df,593.0,579.0,14.0,13.0,0.0,11.0,0,1.0,0.0,0.0,0.0,0.0,529.0,0.0,2.0
4d1666ff,1034.0,941.0,89.0,27.0,3.0,8.0,12,62.0,0.0,0.0,0.0,0.0,915.0,4.0,7.0
6ce1f46f,1459.0,1310.0,140.0,73.0,2.0,30.0,82,9.0,58.0,21.0,21.0,1.0,1326.0,9.0,5.0
16aa3654,535.0,503.0,26.0,1.0,3.0,3.0,37,3.0,19.0,6.0,7.0,1.0,392.0,6.0,22.0
60abea75,363.0,350.0,9.0,8.0,0.0,6.0,2,1.0,0.0,0.0,0.0,0.0,291.0,4.0,4.0
e9241b40,238.0,235.0,2.0,2.0,2.0,0.0,6,0.0,0.0,0.0,0.0,0.0,198.0,1.0,4.0
abe66106,551.0,522.0,22.0,2.0,1.0,0.0,21,4.0,13.0,4.0,3.0,0.0,422.0,7.0,19.0
e7af9060,41.0,40.0,1.0,0.0,1.0,0.0,1,0.0,0.0,0.0,0.0,0.0,28.0,0.0,4.0
2bea832e,42.0,41.0,0.0,0.0,0.0,1.0,0,0.0,0.0,0.0,0.0,0.0,22.0,1.0,1.0
8e088e04,346.0,302.0,43.0,7.0,1.0,2.0,22,27.0,9.0,2.0,4.0,0.0,283.0,1.0,6.0
86ff856b,97.0,91.0,6.0,0.0,0.0,2.0,7,1.0,2.0,2.0,0.0,0.0,75.0,0.0,2.0
9a64e67e,980.0,932.0,47.0,35.0,0.0,1.0,1,2.0,0.0,0.0,0.0,0.0,874.0,1.0,1.0
2fa2a875,275.0,149.0,123.0,43.0,0.0,2.0,0,0.0,0.0,0.0,0.0,0.0,179.0,3.0,0.0
6c4776b1,764.0,462.0,299.0,99.0,0.0,2.0,0,0.0,0.0,0.0,0.0,0.0,393.0,3.0,0.0
6eaed4eb,976.0,922.0,50.0,46.0,0.0,30.0,2,3.0,0.0,0.0,0.0,0.0,774.0,4.0,9.0
59b7d823,746.0,619.0,125.0,15.0,0.0,4.0,39,108.0,2.0,0.0,1.0,0.0,579.0,2.0,14.0
4dbd0916,455.0,429.0,25.0,7.0,3.0,5.0,29,6.0,11.0,4.0,5.0,0.0,380.0,1.0,10.0
0a0cc13c,149.0,128.0,18.0,0.0,0.0,5.0,6,1.0,0.0,0.0,0.0,0.0,100.0,3.0,6.0
8d78e732,443.0,430.0,6.0,2.0,7.0,4.0,13,0.0,0.0,0.0,0.0,0.0,338.0,7.0,15.0
ff800ed8,288.0,235.0,53.0,4.0,0.0,3.0,29,49.0,0.0,0.0,0.0,0.0,208.0,0.0,10.0
38b0cf42,4.0,4.0,0.0,0.0,0.0,0.0,0,0.0,0.0,0.0,0.0,0.0,4.0,0.0,0.0
02c15616,558.0,512.0,44.0,0.0,1.0,3.0,34,44.0,0.0,0.0,0.0,0.0,443.0,2.0,20.0
d7553721,267.0,252.0,14.0,3.0,1.0,3.0,5,3.0,7.0,2.0,0.0,0.0,222.0,1.0,7.0
f03f284b,627.0,599.0,25.0,19.0,0.0,5.0,0,2.0,0.0,0.0,0.0,0.0,566.0,3.0,3.0
73683fa9,29.0,21.0,8.0,0.0,0.0,0.0,0,0.0,0.0,0.0,0.0,0.0,22.0,0.0,0.0
88050721,660.0,593.0,61.0,30.0,0.0,13.0,35,5.0,21.0,7.0,6.0,1.0,532.0,6.0,13.0
38699c72,234.0,226.0,8.0,0.0,0.0,1.0,6,1.0,0.0,0.0,0.0,0.0,156.0,0.0,13.0
ea610f00,8.0,8.0,0.0,0.0,0.0,0.0,1,0.0,0.0,0.0,0.0,0.0,5.0,0.0,0.0
b05e2dbd,1090.0,834.0,249.0,43.0,2.0,11.0,139,167.0,39.0,7.0,25.0,1.0,821.0,7.0,22.0
4a478107,183.0,170.0,11.0,0.0,0.0,1.0,7,2.0,0.0,0.0,0.0,0.0,123.0,2.0,12.0
3061e1ec,192.0,159.0,33.0,4.0,0.0,1.0,0,0.0,0.0,0.0,0.0,0.0,175.0,0.0,1.0
922da988,54.0,48.0,6.0,3.0,0.0,0.0,9,1.0,2.0,1.0,1.0,0.0,34.0,0.0,4.0
ed6ea4d9,109.0,100.0,7.0,2.0,0.0,3.0,24,4.0,1.0,1.0,0.0,0.0,74.0,2.0,5.0
5db04597,770.0,595.0,173.0,5.0,0.0,3.0,67,168.0,0.0,0.0,0.0,0.0,539.0,2.0,20.0
01a49bd2,70.0,68.0,2.0,1.0,0.0,1.0,0,1.0,0.0,0.0,0.0,0.0,51.0,0.0,2.0
d4808594,16.0,15.0,1.0,1.0,0.0,0.0,2,0.0,0.0,0.0,0.0,0.0,8.0,0.0,1.0
00b28772,228.0,219.0,9.0,1.0,0.0,0.0,5,0.0,1.0,0.0,0.0,0.0,181.0,0.0,1.0
cb574619,801.0,672.0,125.0,15.0,0.0,2.0,43,110.0,0.0,0.0,0.0,0.0,620.0,4.0,21.0
bbc19252,20.0,20.0,0.0,0.0,0.0,0.0,0,0.0,0.0,0.0,0.0,0.0,13.0,0.0,1.0
d4b73232,697.0,496.0,198.0,66.0,0.0,3.0,0,0.0,0.0,0.0,0.0,0.0,498.0,3.0,1.0
c20bdcd7,1067.0,945.0,121.0,24.0,0.0,4.0,16,97.0,0.0,0.0,0.0,0.0,918.0,1.0,18.0
fbd6378b,309.0,275.0,33.0,11.0,0.0,3.0,1,20.0,0.0,0.0,0.0,0.0,279.0,1.0,2.0
ae86d473,59.0,53.0,6.0,0.0,1.0,1.0,0,0.0,0.0,0.0,0.0,0.0,40.0,0.0,1.0
133faa84,211.0,204.0,6.0,5.0,0.0,3.0,0,0.0,0.0,0.0,0.0,0.0,184.0,1.0,2.0
853b7c48,635.0,447.0,184.0,53.0,0.0,1.0,0,0.0,0.0,0.0,0.0,0.0,449.0,4.0,0.0
9f323c71,1208.0,980.0,221.0,20.0,0.0,9.0,81,201.0,0.0,0.0,0.0,0.0,940.0,7.0,29.0
6f4c734d,152.0,145.0,6.0,6.0,0.0,5.0,1,0.0,0.0,0.0,0.0,0.0,125.0,1.0,2.0
f0da930c,625.0,590.0,35.0,30.0,0.0,12.0,0,3.0,0.0,0.0,0.0,0.0,536.0,0.0,4.0
5c4dc0ff,15.0,15.0,0.0,0.0,0.0,1.0,0,0.0,0.0,0.0,0.0,0.0,12.0,0.0,0.0
a83c19cf,161.0,158.0,2.0,2.0,1.0,1.0,3,0.0,0.0,0.0,0.0,0.0,123.0,1.0,6.0
0ae4e09a,160.0,147.0,10.0,0.0,0.0,1.0,5,0.0,0.0,0.0,0.0,0.0,118.0,3.0,8.0
0ae4e09a,62.0,58.0,4.0,0.0,0.0,0.0,0,0.0,0.0,0.0,0.0,0.0,48.0,0.0,2.0
e1e75690,24.0,22.0,2.0,1.0,0.0,0.0,4,0.0,1.0,1.0,0.0,0.0,12.0,0.0,0.0
2ae30661,55.0,48.0,4.0,0.0,0.0,1.0,11,1.0,3.0,3.0,0.0,0.0,24.0,3.0,4.0
ae48c5cb,241.0,231.0,10.0,1.0,0.0,0.0,3,2.0,0.0,0.0,0.0,0.0,197.0,0.0,12.0
c3e66ffe,872.0,690.0,176.0,26.0,0.0,4.0,35,150.0,0.0,0.0,0.0,0.0,701.0,6.0,21.0
3fc45c73,507.0,473.0,32.0,26.0,0.0,21.0,2,1.0,0.0,0.0,0.0,0.0,431.0,2.0,3.0
937c6ae6,5.0,5.0,0.0,0.0,0.0,0.0,0,0.0,0.0,0.0,0.0,0.0,5.0,0.0,0.0
11fd2b75,836.0,783.0,51.0,33.0,0.0,13.0,15,3.0,12.0,0.0,7.0,0.0,704.0,2.0,9.0
8fae77ea,622.0,426.0,195.0,44.0,0.0,0.0,0,0.0,0.0,0.0,0.0,0.0,448.0,1.0,1.0
02319ad7,15.0,14.0,1.0,0.0,0.0,0.0,0,0.0,0.0,0.0,0.0,0.0,11.0,0.0,1.0
64e8ed6d,550.0,520.0,30.0,0.0,1.0,8.0,24,3.0,1.0,0.0,0.0,0.0,409.0,0.0,26.0
8aae94b9,194.0,190.0,2.0,2.0,0.0,1.0,0,0.0,0.0,0.0,0.0,0.0,141.0,2.0,4.0
3902e91b,444.0,438.0,4.0,3.0,0.0,3.0,1,1.0,0.0,0.0,0.0,0.0,386.0,2.0,6.0
8f696594,66.0,60.0,6.0,1.0,1.0,0.0,4,0.0,4.0,0.0,2.0,0.0,53.0,0.0,1.0
8f696594,39.0,37.0,2.0,0.0,2.0,0.0,1,1.0,1.0,1.0,0.0,0.0,32.0,0.0,0.0
1545cf15,287.0,205.0,81.0,3.0,0.0,0.0,25,78.0,0.0,0.0,0.0,0.0,203.0,1.0,7.0
c9e39d91,916.0,805.0,107.0,32.0,4.0,11.0,78,4.0,68.0,19.0,32.0,0.0,721.0,4.0,18.0
b151a3f2,2.0,2.0,0.0,0.0,0.0,0.0,0,0.0,0.0,0.0,0.0,0.0,1.0,0.0,0.0
3cefcaef,708.0,626.0,80.0,15.0,0.0,2.0,6,65.0,0.0,0.0,0.0,0.0,648.0,2.0,4.0
d080ed5e,843.0,816.0,19.0,17.0,6.0,7.0,14,1.0,1.0,0.0,0.0,0.0,640.0,8.0,19.0
7c4243d4,656.0,621.0,32.0,32.0,3.0,16.0,9,0.0,0.0,0.0,0.0,0.0,539.0,3.0,11.0
2784f898,984.0,919.0,65.0,24.0,0.0,27.0,8,14.0,0.0,0.0,0.0,0.0,859.0,0.0,11.0
19c36442,719.0,625.0,91.0,51.0,1.0,13.0,60,0.0,36.0,15.0,19.0,0.0,563.0,3.0,14.0
335039a2,413.0,397.0,15.0,4.0,2.0,4.0,13,6.0,1.0,0.0,0.0,0.0,292.0,1.0,19.0
1fda2b14,9.0,8.0,1.0,0.0,0.0,0.0,0,0.0,0.0,0.0,0.0,0.0,4.0,0.0,1.0
056269d7,797.0,657.0,138.0,23.0,2.0,2.0,27,115.0,0.0,0.0,0.0,0.0,636.0,2.0,13.0
bbf5c11b,153.0,134.0,17.0,0.0,0.0,0.0,5,0.0,0.0,0.0,0.0,0.0,109.0,2.0,6.0
ead61f73,205.0,173.0,32.0,5.0,0.0,2.0,16,26.0,1.0,0.0,1.0,0.0,139.0,0.0,9.0
e6777e6b,354.0,329.0,23.0,23.0,0.0,2.0,0,0.0,0.0,0.0,0.0,0.0,291.0,2.0,0.0
6025fab1,1063.0,980.0,80.0,34.0,7.0,15.0,48,8.0,34.0,17.0,10.0,0.0,920.0,3.0,19.0
608f2092,351.0,292.0,57.0,7.0,0.0,0.0,39,46.0,4.0,1.0,2.0,0.0,285.0,2.0,15.0
608f2092,178.0,143.0,33.0,3.0,0.0,0.0,14,30.0,0.0,0.0,0.0,0.0,127.0,2.0,4.0
23610943,1137.0,941.0,195.0,10.0,6.0,3.0,82,178.0,7.0,4.0,3.0,0.0,831.0,1.0,30.0
9939e168,785.0,731.0,50.0,26.0,2.0,17.0,30,20.0,3.0,2.0,1.0,0.0,639.0,4.0,10.0
8ac501f5,652.0,558.0,87.0,52.0,5.0,15.0,50,0.0,35.0,6.0,20.0,1.0,512.0,7.0,5.0
28e957d7,152.0,141.0,11.0,11.0,0.0,1.0,0,0.0,0.0,0.0,0.0,0.0,109.0,0.0,2.0
374d5158,533.0,452.0,76.0,4.0,2.0,2.0,30,69.0,3.0,0.0,2.0,0.0,409.0,5.0,14.0
5cec2487,112.0,90.0,22.0,4.0,0.0,2.0,6,18.0,0.0,0.0,0.0,0.0,84.0,0.0,2.0
129af0db,297.0,288.0,7.0,0.0,3.0,5.0,3,0.0,0.0,0.0,0.0,0.0,186.0,2.0,3.0
b7d7f3bf,44.0,43.0,0.0,0.0,0.0,0.0,6,0.0,0.0,0.0,0.0,0.0,32.0,1.0,0.0
11b9265b,423.0,346.0,75.0,9.0,0.0,3.0,25,59.0,7.0,3.0,3.0,0.0,339.0,2.0,9.0
16e9d0ea,695.0,541.0,153.0,13.0,0.0,5.0,28,140.0,0.0,0.0,0.0,0.0,525.0,1.0,25.0
a21417e2,277.0,209.0,68.0,3.0,0.0,0.0,18,65.0,0.0,0.0,0.0,0.0,181.0,0.0,12.0
81f0781e,326.0,308.0,13.0,0.0,3.0,2.0,6,1.0,0.0,0.0,0.0,0.0,230.0,5.0,14.0
004d185e,332.0,294.0,38.0,7.0,0.0,0.0,33,26.0,5.0,2.0,1.0,0.0,249.0,0.0,17.0
f4c69aa6,316.0,308.0,6.0,2.0,3.0,3.0,1,3.0,0.0,0.0,0.0,0.0,255.0,2.0,3.0
a0255c67,46.0,42.0,3.0,3.0,0.0,0.0,0,0.0,0.0,0.0,0.0,0.0,36.0,1.0,2.0
a0255c67,21.0,21.0,0.0,0.0,0.0,0.0,1,0.0,0.0,0.0,0.0,0.0,18.0,0.0,0.0
3aa4a3be,4.0,4.0,0.0,0.0,0.0,0.0,0,0.0,0.0,0.0,0.0,0.0,3.0,0.0,0.0
dc1ce4f5,65.0,46.0,19.0,0.0,0.0,0.0,1,18.0,0.0,0.0,0.0,0.0,53.0,0.0,0.0
5487adcd,111.0,108.0,3.0,3.0,0.0,0.0,0,0.0,0.0,0.0,0.0,0.0,90.0,0.0,0.0
c05dfb74,825.0,708.0,113.0,48.0,4.0,3.0,75,7.0,49.0,8.0,31.0,0.0,668.0,4.0,5.0
228b0d9d,456.0,379.0,75.0,6.0,0.0,0.0,25,69.0,0.0,0.0,0.0,0.0,366.0,2.0,9.0
49a6ecbb,6.0,6.0,0.0,0.0,0.0,0.0,0,0.0,0.0,0.0,0.0,0.0,4.0,0.0,0.0
175ece4c,8.0,8.0,0.0,0.0,0.0,0.0,0,0.0,0.0,0.0,0.0,0.0,8.0,0.0,0.0
44e8521b,2.0,2.0,0.0,0.0,0.0,0.0,0,0.0,0.0,0.0,0.0,0.0,2.0,0.0,0.0
0cadc46d,513.0,508.0,5.0,0.0,2.0,2.0,9,0.0,0.0,0.0,0.0,0.0,296.0,0.0,16.0
b51b1b9c,602.0,593.0,8.0,3.0,3.0,10.0,20,5.0,0.0,0.0,0.0,0.0,485.0,1.0,17.0
2946f9a1,532.0,485.0,47.0,14.0,0.0,1.0,5,29.0,0.0,0.0,0.0,0.0,491.0,0.0,0.0
485e4939,36.0,35.0,0.0,0.0,0.0,0.0,1,0.0,0.0,0.0,0.0,0.0,25.0,1.0,2.0
f35430a4,243.0,232.0,10.0,9.0,0.0,3.0,1,1.0,0.0,0.0,0.0,0.0,198.0,1.0,3.0
c997b942,134.0,117.0,16.0,5.0,0.0,1.0,15,0.0,11.0,5.0,3.0,0.0,98.0,1.0,5.0
3f10bd22,891.0,757.0,129.0,12.0,0.0,13.0,92,117.0,0.0,0.0,0.0,0.0,687.0,5.0,29.0
63b0ca6b,129.0,116.0,13.0,0.0,2.0,2.0,0,0.0,0.0,0.0,0.0,0.0,77.0,0.0,2.0
5853ac44,621.0,600.0,19.0,17.0,1.0,3.0,1,1.0,0.0,0.0,0.0,0.0,544.0,2.0,4.0
c14bc029,310.0,289.0,20.0,2.0,0.0,1.0,10,17.0,0.0,0.0,0.0,0.0,234.0,1.0,6.0
81d5c497,5.0,5.0,0.0,0.0,0.0,0.0,0,0.0,0.0,0.0,0.0,0.0,5.0,0.0,0.0
c487901c,3.0,3.0,0.0,0.0,0.0,0.0,0,0.0,0.0,0.0,0.0,0.0,3.0,0.0,0.0
a6103274,29.0,29.0,0.0,0.0,0.0,0.0,0,0.0,0.0,0.0,0.0,0.0,18.0,0.0,1.0
a6103274,65.0,64.0,0.0,0.0,1.0,0.0,0,0.0,0.0,0.0,0.0,0.0,49.0,1.0,2.0
be170419,1163.0,1131.0,31.0,30.0,0.0,20.0,1,1.0,0.0,0.0,0.0,0.0,1011.0,1.0,3.0
ee8508c0,612.0,384.0,225.0,52.0,0.0,0.0,0,0.0,0.0,0.0,0.0,0.0,393.0,3.0,0.0
2e3995cd,369.0,338.0,27.0,5.0,0.0,3.0,34,5.0,17.0,11.0,3.0,1.0,274.0,4.0,11.0
a08b974a,169.0,156.0,12.0,0.0,0.0,0.0,5,7.0,1.0,0.0,0.0,0.0,136.0,1.0,3.0
1d1691ad,17.0,16.0,1.0,0.0,0.0,0.0,2,1.0,0.0,0.0,0.0,0.0,16.0,0.0,0.0
3d99999d,48.0,47.0,1.0,1.0,0.0,2.0,0,0.0,0.0,0.0,0.0,0.0,39.0,0.0,0.0
4cee5954,620.0,456.0,163.0,24.0,0.0,1.0,62,121.0,18.0,1.0,16.0,0.0,472.0,1.0,21.0
a3e4bf46,906.0,691.0,211.0,17.0,0.0,9.0,102,184.0,10.0,4.0,4.0,0.0,562.0,4.0,23.0
5132b92c,246.0,184.0,62.0,3.0,1.0,0.0,14,59.0,0.0,0.0,0.0,0.0,177.0,0.0,9.0
7c363088,402.0,380.0,19.0,6.0,1.0,3.0,4,0.0,0.0,0.0,0.0,0.0,313.0,3.0,13.0
f9358b61,1.0,1.0,0.0,0.0,0.0,0.0,0,0.0,0.0,0.0,0.0,0.0,1.0,0.0,0.0
8c3c640c,150.0,147.0,2.0,1.0,0.0,1.0,4,0.0,0.0,0.0,0.0,0.0,120.0,1.0,4.0
9a93efc9,367.0,359.0,6.0,3.0,0.0,8.0,0,0.0,0.0,0.0,0.0,0.0,310.0,2.0,5.0
97852360,31.0,22.0,8.0,4.0,0.0,0.0,0,0.0,0.0,0.0,0.0,0.0,20.0,1.0,0.0
97852360,84.0,57.0,27.0,5.0,0.0,0.0,0,0.0,0.0,0.0,0.0,0.0,52.0,0.0,0.0
44150beb,500.0,478.0,20.0,13.0,0.0,2.0,0,2.0,0.0,0.0,0.0,0.0,454.0,2.0,3.0
962e54cb,87.0,84.0,2.0,0.0,1.0,1.0,2,1.0,0.0,0.0,0.0,0.0,50.0,1.0,6.0
ac8b2421,571.0,466.0,104.0,15.0,0.0,3.0,12,89.0,0.0,0.0,0.0,0.0,429.0,1.0,14.0
49dbab27,803.0,677.0,118.0,39.0,4.0,9.0,107,6.0,73.0,34.0,27.0,0.0,588.0,8.0,13.0
b906757a,128.0,124.0,3.0,1.0,0.0,2.0,0,2.0,0.0,0.0,0.0,0.0,109.0,1.0,1.0
7460ca0d,1541.0,1335.0,200.0,106.0,6.0,15.0,105,5.0,89.0,35.0,30.0,3.0,1305.0,6.0,16.0
e2dcc60e,3.0,3.0,0.0,0.0,0.0,0.0,0,0.0,0.0,0.0,0.0,0.0,3.0,0.0,0.0
647d39d2,10.0,7.0,3.0,0.0,0.0,0.0,0,3.0,0.0,0.0,0.0,0.0,4.0,0.0,1.0
881ef58c,8.0,7.0,0.0,0.0,0.0,0.0,0,0.0,0.0,0.0,0.0,0.0,6.0,1.0,0.0
b7ca5c51,526.0,482.0,43.0,22.0,0.0,8.0,0,1.0,0.0,0.0,0.0,0.0,450.0,1.0,3.0
63f04c6c,407.0,326.0,80.0,4.0,0.0,1.0,36,76.0,0.0,0.0,0.0,0.0,309.0,1.0,22.0
0d9b2d31,1170.0,1112.0,54.0,22.0,19.0,22.0,21,8.0,12.0,0.0,11.0,0.0,1021.0,4.0,14.0
1f079188,291.0,246.0,44.0,1.0,0.0,1.0,28,43.0,0.0,0.0,0.0,0.0,204.0,1.0,9.0
5496cc91,12.0,12.0,0.0,0.0,0.0,0.0,1,0.0,0.0,0.0,0.0,0.0,10.0,0.0,0.0
819aa8e7,52.0,45.0,4.0,0.0,2.0,0.0,0,1.0,0.0,0.0,0.0,0.0,39.0,3.0,1.0
a8f21b9f,356.0,349.0,5.0,1.0,0.0,3.0,14,1.0,2.0,2.0,0.0,0.0,300.0,2.0,3.0
3d79a68c,35.0,33.0,2.0,0.0,0.0,0.0,4,2.0,0.0,0.0,0.0,0.0,28.0,0.0,1.0
237a3851,857.0,778.0,69.0,37.0,3.0,22.0,44,16.0,15.0,8.0,6.0,0.0,648.0,10.0,26.0
a300ac7e,236.0,184.0,49.0,10.0,0.0,2.0,40,1.0,23.0,15.0,6.0,0.0,169.0,3.0,4.0
b7c04927,440.0,346.0,90.0,9.0,1.0,1.0,35,81.0,0.0,0.0,0.0,0.0,337.0,4.0,15.0
8c725b43,848.0,812.0,34.0,33.0,1.0,6.0,2,1.0,0.0,0.0,0.0,0.0,748.0,2.0,3.0
64ba07c0,35.0,25.0,10.0,0.0,0.0,0.0,5,10.0,0.0,0.0,0.0,0.0,25.0,0.0,3.0
540ec57b,443.0,428.0,11.0,1.0,1.0,1.0,16,3.0,2.0,0.0,0.0,0.0,328.0,4.0,26.0
adfc9123,385.0,372.0,11.0,6.0,0.0,6.0,0,0.0,0.0,0.0,0.0,0.0,353.0,2.0,2.0
7c388b20,496.0,479.0,14.0,2.0,5.0,1.0,18,2.0,0.0,0.0,0.0,0.0,368.0,3.0,13.0
54bcdeb0,396.0,369.0,26.0,2.0,1.0,0.0,21,18.0,6.0,6.0,0.0,0.0,308.0,1.0,16.0
ccbbe661,233.0,223.0,8.0,0.0,1.0,3.0,1,0.0,0.0,0.0,0.0,0.0,173.0,2.0,8.0
8e010ff4,245.0,232.0,11.0,3.0,2.0,0.0,7,4.0,4.0,0.0,2.0,0.0,193.0,2.0,7.0
1bda5842,409.0,332.0,75.0,3.0,0.0,2.0,49,69.0,3.0,2.0,1.0,0.0,291.0,2.0,23.0
fc8b614b,39.0,36.0,3.0,3.0,1.0,0.0,3,0.0,0.0,0.0,0.0,0.0,29.0,0.0,1.0
3c16d927,668.0,540.0,124.0,7.0,0.0,4.0,44,117.0,0.0,0.0,0.0,0.0,487.0,4.0,17.0
d1b060e2,49.0,45.0,4.0,0.0,0.0,1.0,0,0.0,0.0,0.0,0.0,0.0,37.0,0.0,0.0
2683eda7,306.0,299.0,6.0,1.0,0.0,1.0,14,3.0,0.0,0.0,0.0,0.0,239.0,1.0,7.0
39352da2,144.0,118.0,25.0,3.0,1.0,0.0,12,17.0,5.0,0.0,2.0,0.0,103.0,1.0,4.0
41fb0f4e,147.0,137.0,9.0,4.0,2.0,0.0,6,4.0,1.0,0.0,0.0,0.0,122.0,1.0,3.0
b857bd29,817.0,769.0,45.0,40.0,0.0,0.0,0,3.0,0.0,0.0,0.0,0.0,698.0,3.0,6.0
58ad9383,783.0,490.0,292.0,79.0,0.0,2.0,0,0.0,0.0,0.0,0.0,0.0,499.0,1.0,0.0
89f951b5,729.0,675.0,51.0,26.0,1.0,18.0,31,9.0,15.0,3.0,8.0,0.0,598.0,3.0,15.0
cc9256ef,250.0,230.0,15.0,1.0,2.0,1.0,18,4.0,1.0,1.0,0.0,0.0,168.0,5.0,14.0
44e07fac,13.0,12.0,0.0,0.0,0.0,0.0,0,0.0,0.0,0.0,0.0,0.0,4.0,1.0,2.0
3423f250,705.0,603.0,97.0,19.0,6.0,19.0,93,19.0,59.0,20.0,21.0,1.0,518.0,5.0,19.0
3353737a,61.0,51.0,9.0,1.0,1.0,0.0,5,8.0,0.0,0.0,0.0,0.0,48.0,1.0,5.0
e358587b,301.0,242.0,59.0,21.0,0.0,1.0,0,0.0,0.0,0.0,0.0,0.0,249.0,0.0,0.0
6b21b7b5,118.0,113.0,4.0,2.0,1.0,1.0,0,0.0,0.0,0.0,0.0,0.0,94.0,1.0,6.0
3376a776,471.0,452.0,19.0,6.0,0.0,2.0,1,13.0,0.0,0.0,0.0,0.0,443.0,0.0,0.0
374ee424,832.0,610.0,215.0,72.0,0.0,1.0,0,0.0,0.0,0.0,0.0,0.0,600.0,7.0,0.0
14d5b7ac,0.0,0.0,0.0,0.0,0.0,0.0,0,0.0,0.0,0.0,0.0,0.0,0.0,0.0,0.0
b3b9b8b8,1.0,1.0,0.0,0.0,0.0,0.0,0,0.0,0.0,0.0,0.0,0.0,1.0,0.0,0.0
ce8039aa,147.0,140.0,7.0,3.0,1.0,1.0,5,3.0,1.0,0.0,0.0,0.0,111.0,0.0,5.0
d9ba39fc,776.0,609.0,163.0,19.0,0.0,6.0,42,144.0,0.0,0.0,0.0,0.0,583.0,4.0,12.0
65154df0,442.0,426.0,13.0,6.0,2.0,2.0,39,3.0,1.0,0.0,0.0,0.0,310.0,3.0,15.0
335fa267,557.0,502.0,53.0,8.0,0.0,4.0,13,45.0,0.0,0.0,0.0,0.0,512.0,2.0,7.0
a8981944,787.0,697.0,86.0,38.0,8.0,8.0,90,4.0,41.0,18.0,19.0,0.0,603.0,4.0,10.0
5f21b94c,31.0,26.0,5.0,1.0,0.0,0.0,0,4.0,0.0,0.0,0.0,0.0,23.0,0.0,0.0
37f827ec,584.0,549.0,30.0,29.0,1.0,4.0,1,0.0,0.0,0.0,0.0,0.0,476.0,5.0,7.0
85bed4ee,453.0,438.0,10.0,8.0,1.0,1.0,22,2.0,0.0,0.0,0.0,0.0,386.0,5.0,9.0
8cfc2f69,51.0,47.0,4.0,1.0,0.0,0.0,2,1.0,0.0,0.0,0.0,0.0,37.0,0.0,1.0
19709006,782.0,712.0,68.0,36.0,2.0,10.0,61,0.0,31.0,7.0,21.0,1.0,618.0,2.0,7.0
70f8e0bd,440.0,416.0,22.0,9.0,2.0,9.0,17,1.0,5.0,1.0,2.0,0.0,351.0,2.0,13.0
34e393f2,896.0,844.0,49.0,47.0,2.0,13.0,5,2.0,0.0,0.0,0.0,0.0,779.0,3.0,10.0
8f5e92a6,566.0,535.0,26.0,2.0,1.0,3.0,12,4.0,10.0,1.0,1.0,0.0,497.0,5.0,9.0
2fbe6af0,3.0,3.0,0.0,0.0,0.0,0.0,0,0.0,0.0,0.0,0.0,0.0,1.0,0.0,0.0
4b511457,941.0,908.0,29.0,27.0,2.0,7.0,12,2.0,0.0,0.0,0.0,0.0,815.0,4.0,9.0
35d4f151,182.0,163.0,18.0,2.0,0.0,0.0,23,16.0,0.0,0.0,0.0,0.0,127.0,1.0,5.0
18b896d6,926.0,903.0,23.0,13.0,1.0,11.0,3,5.0,0.0,0.0,0.0,0.0,848.0,0.0,6.0
a55d8df5,488.0,412.0,76.0,7.0,1.0,7.0,14,69.0,0.0,0.0,0.0,0.0,384.0,0.0,11.0
b3dc6eca,218.0,211.0,6.0,6.0,0.0,1.0,0,0.0,0.0,0.0,0.0,0.0,182.0,1.0,0.0
625c144a,543.0,419.0,124.0,32.0,0.0,0.0,0,0.0,0.0,0.0,0.0,0.0,464.0,0.0,2.0
b75ac54b,60.0,58.0,2.0,1.0,0.0,1.0,0,1.0,0.0,0.0,0.0,0.0,46.0,0.0,0.0
fbbb9269,639.0,511.0,127.0,15.0,0.0,0.0,14,112.0,0.0,0.0,0.0,0.0,527.0,1.0,15.0
686cbe7d,36.0,32.0,3.0,0.0,0.0,0.0,0,1.0,0.0,0.0,0.0,0.0,22.0,1.0,2.0
686cbe7d,13.0,13.0,0.0,0.0,0.0,1.0,0,0.0,0.0,0.0,0.0,0.0,13.0,0.0,0.0
13e0eb29,162.0,150.0,7.0,0.0,2.0,1.0,6,1.0,1.0,0.0,1.0,0.0,122.0,5.0,6.0
405f267a,108.0,101.0,5.0,0.0,1.0,0.0,19,4.0,1.0,0.0,1.0,0.0,58.0,2.0,14.0
2a295d33,760.0,738.0,20.0,2.0,3.0,0.0,51,17.0,1.0,0.0,0.0,0.0,583.0,2.0,36.0
efecd633,393.0,380.0,8.0,8.0,0.0,4.0,1,0.0,0.0,0.0,0.0,0.0,312.0,5.0,8.0
bdb624a3,597.0,577.0,14.0,8.0,2.0,0.0,8,0.0,2.0,0.0,1.0,0.0,495.0,6.0,11.0
a254bbe0,269.0,254.0,14.0,1.0,0.0,5.0,16,6.0,1.0,1.0,0.0,0.0,204.0,1.0,8.0
70107d4d,360.0,350.0,6.0,2.0,0.0,8.0,21,2.0,2.0,1.0,0.0,0.0,291.0,4.0,11.0
60359288,830.0,793.0,34.0,27.0,1.0,17.0,3,3.0,0.0,0.0,0.0,0.0,685.0,3.0,11.0
ffacd3d5,522.0,437.0,81.0,3.0,0.0,2.0,41,78.0,0.0,0.0,0.0,0.0,419.0,4.0,10.0
79f2a5f5,0.0,0.0,0.0,0.0,0.0,0.0,0,0.0,0.0,0.0,0.0,0.0,0.0,0.0,0.0
f6ac68c1,817.0,787.0,25.0,19.0,0.0,1.0,0,6.0,0.0,0.0,0.0,0.0,720.0,5.0,3.0
a45eac1f,37.0,34.0,3.0,0.0,0.0,0.0,3,0.0,0.0,0.0,0.0,0.0,21.0,0.0,1.0
a62b4888,99.0,96.0,3.0,3.0,1.0,3.0,2,0.0,0.0,0.0,0.0,0.0,79.0,0.0,1.0
e2716bd0,655.0,632.0,17.0,9.0,5.0,4.0,14,4.0,3.0,1.0,2.0,0.0,547.0,6.0,8.0
ea83bfa6,631.0,393.0,236.0,81.0,1.0,0.0,0,0.0,0.0,0.0,0.0,0.0,424.0,2.0,0.0
5dcf3e90,644.0,471.0,170.0,40.0,0.0,1.0,0,0.0,0.0,0.0,0.0,0.0,471.0,3.0,0.0
19b776e9,301.0,294.0,6.0,0.0,0.0,0.0,7,4.0,0.0,0.0,0.0,0.0,224.0,1.0,15.0
5fa714d5,185.0,144.0,41.0,4.0,0.0,0.0,11,37.0,0.0,0.0,0.0,0.0,146.0,0.0,5.0
3ca6106c,99.0,96.0,1.0,0.0,0.0,0.0,2,1.0,0.0,0.0,0.0,0.0,79.0,2.0,3.0
fed17f5a,123.0,102.0,21.0,9.0,0.0,1.0,16,0.0,11.0,5.0,5.0,0.0,92.0,0.0,3.0
8f8c6934,663.0,370.0,289.0,98.0,0.0,17.0,0,0.0,0.0,0.0,0.0,0.0,382.0,4.0,0.0
3aa74860,23.0,23.0,0.0,0.0,0.0,0.0,0,0.0,0.0,0.0,0.0,0.0,20.0,0.0,0.0
e4738e91,104.0,95.0,8.0,0.0,1.0,0.0,0,0.0,0.0,0.0,0.0,0.0,72.0,1.0,4.0
6a8a7af8,666.0,647.0,19.0,18.0,0.0,9.0,3,0.0,0.0,0.0,0.0,0.0,531.0,0.0,14.0
f553b2b3,228.0,211.0,15.0,1.0,0.0,2.0,0,0.0,0.0,0.0,0.0,0.0,156.0,2.0,1.0
220c11f1,99.0,89.0,10.0,0.0,0.0,0.0,2,0.0,0.0,0.0,0.0,0.0,75.0,0.0,1.0
ba5004e1,525.0,400.0,124.0,25.0,0.0,12.0,48,87.0,12.0,6.0,5.0,0.0,365.0,1.0,18.0
12c50af5,103.0,97.0,6.0,4.0,0.0,1.0,3,1.0,1.0,0.0,0.0,0.0,84.0,0.0,1.0
7106f0a0,3.0,3.0,0.0,0.0,0.0,0.0,0,0.0,0.0,0.0,0.0,0.0,2.0,0.0,0.0
4e219ad2,278.0,254.0,21.0,9.0,1.0,8.0,35,7.0,4.0,2.0,0.0,0.0,223.0,3.0,6.0
184fe4b2,12.0,11.0,1.0,1.0,0.0,0.0,0,0.0,0.0,0.0,0.0,0.0,11.0,0.0,0.0
e92cd3f7,303.0,278.0,23.0,0.0,1.0,0.0,3,1.0,0.0,0.0,0.0,0.0,213.0,2.0,13.0
34269bdf,467.0,440.0,25.0,21.0,0.0,7.0,5,2.0,1.0,1.0,0.0,0.0,403.0,2.0,3.0
4f255115,890.0,867.0,22.0,21.0,6.0,5.0,5,1.0,0.0,0.0,0.0,0.0,827.0,1.0,3.0
e73c9bb2,450.0,358.0,90.0,21.0,1.0,3.0,56,55.0,14.0,6.0,7.0,0.0,332.0,2.0,5.0
6f51e382,867.0,705.0,162.0,44.0,0.0,3.0,0,0.0,0.0,0.0,0.0,0.0,731.0,0.0,0.0
f36016a5,70.0,63.0,7.0,2.0,1.0,0.0,4,0.0,5.0,2.0,0.0,0.0,58.0,0.0,1.0
f36016a5,96.0,93.0,3.0,0.0,0.0,0.0,2,3.0,0.0,0.0,0.0,0.0,77.0,0.0,3.0
02ef8778,29.0,28.0,0.0,0.0,0.0,1.0,1,0.0,0.0,0.0,0.0,0.0,22.0,1.0,1.0
04e531b6,17.0,15.0,2.0,1.0,0.0,0.0,2,0.0,1.0,0.0,1.0,0.0,13.0,0.0,0.0
381dbcfc,78.0,71.0,6.0,1.0,0.0,0.0,1,5.0,0.0,0.0,0.0,0.0,59.0,1.0,4.0
9e1035f8,355.0,333.0,20.0,5.0,0.0,3.0,40,5.0,9.0,4.0,3.0,0.0,271.0,2.0,13.0
58a9a4d9,851.0,814.0,29.0,11.0,5.0,16.0,43,7.0,8.0,0.0,3.0,0.0,666.0,8.0,19.0
532e1e4f,1253.0,1165.0,85.0,60.0,3.0,27.0,1,7.0,0.0,0.0,0.0,0.0,1070.0,3.0,8.0
d733aa38,13.0,12.0,1.0,1.0,0.0,1.0,2,0.0,0.0,0.0,0.0,0.0,12.0,0.0,0.0
0e4fef6e,761.0,747.0,14.0,14.0,0.0,9.0,1,0.0,0.0,0.0,0.0,0.0,626.0,0.0,13.0
e96b2583,1.0,1.0,0.0,0.0,0.0,0.0,0,0.0,0.0,0.0,0.0,0.0,1.0,0.0,0.0
fc647b34,646.0,597.0,48.0,18.0,5.0,3.0,24,7.0,13.0,7.0,0.0,0.0,519.0,1.0,19.0
963829d0,255.0,245.0,10.0,8.0,0.0,0.0,1,1.0,1.0,1.0,0.0,0.0,228.0,0.0,2.0
f7e87032,70.0,69.0,1.0,1.0,0.0,0.0,2,0.0,0.0,0.0,0.0,0.0,50.0,0.0,6.0
068f4dec,47.0,40.0,7.0,4.0,0.0,2.0,4,0.0,3.0,2.0,1.0,0.0,40.0,0.0,0.0
f8eca1b6,494.0,475.0,14.0,1.0,2.0,0.0,10,1.0,0.0,0.0,0.0,0.0,309.0,5.0,9.0
2dd7e29d,22.0,22.0,0.0,0.0,0.0,0.0,4,0.0,0.0,0.0,0.0,0.0,15.0,0.0,2.0
592f3158,733.0,712.0,20.0,20.0,1.0,9.0,2,0.0,0.0,0.0,0.0,0.0,604.0,1.0,8.0
4acd733a,217.0,195.0,22.0,2.0,0.0,0.0,13,17.0,2.0,0.0,0.0,0.0,190.0,0.0,6.0
0a69de7b,211.0,203.0,7.0,7.0,0.0,1.0,0,0.0,0.0,0.0,0.0,0.0,177.0,1.0,0.0
f2c6ac01,756.0,710.0,42.0,35.0,0.0,16.0,5,7.0,0.0,0.0,0.0,0.0,609.0,4.0,11.0
0bc4e720,89.0,87.0,1.0,0.0,1.0,0.0,7,0.0,0.0,0.0,0.0,0.0,68.0,1.0,2.0
0959c2a2,1126.0,1103.0,16.0,4.0,2.0,17.0,18,11.0,0.0,0.0,0.0,0.0,982.0,7.0,19.0
106c142c,105.0,85.0,20.0,0.0,1.0,0.0,6,20.0,0.0,0.0,0.0,0.0,83.0,0.0,1.0
ee923664,53.0,48.0,5.0,1.0,0.0,0.0,3,4.0,0.0,0.0,0.0,0.0,43.0,0.0,1.0
fd51b456,356.0,310.0,46.0,6.0,1.0,1.0,16,40.0,0.0,0.0,0.0,0.0,311.0,0.0,4.0
35a6e5c7,477.0,454.0,21.0,7.0,5.0,1.0,19,4.0,1.0,1.0,0.0,0.0,368.0,2.0,6.0
4112ace5,91.0,87.0,3.0,3.0,0.0,2.0,2,0.0,0.0,0.0,0.0,0.0,81.0,1.0,1.0
1c2c55fc,210.0,197.0,13.0,13.0,0.0,0.0,0,0.0,0.0,0.0,0.0,0.0,169.0,0.0,0.0
b0fce72c,1007.0,997.0,4.0,4.0,2.0,14.0,8,0.0,0.0,0.0,0.0,0.0,831.0,6.0,12.0
04965583,276.0,249.0,27.0,5.0,1.0,2.0,23,22.0,0.0,0.0,0.0,0.0,197.0,0.0,16.0
3a9c4b7b,459.0,351.0,106.0,3.0,2.0,1.0,20,103.0,0.0,0.0,0.0,0.0,354.0,2.0,9.0
636eae97,32.0,31.0,1.0,0.0,0.0,0.0,5,0.0,1.0,1.0,0.0,0.0,20.0,0.0,2.0
636eae97,244.0,236.0,7.0,0.0,0.0,0.0,20,5.0,1.0,0.0,1.0,0.0,186.0,1.0,9.0
57be54ec,18.0,18.0,0.0,0.0,0.0,0.0,0,0.0,0.0,0.0,0.0,0.0,11.0,0.0,0.0
bdc74a8f,120.0,113.0,7.0,4.0,0.0,1.0,0,3.0,0.0,0.0,0.0,0.0,99.0,0.0,4.0
cde52ef5,121.0,82.0,37.0,13.0,0.0,0.0,0,0.0,0.0,0.0,0.0,0.0,73.0,2.0,0.0
ab7bf91d,771.0,732.0,35.0,34.0,0.0,17.0,4,0.0,0.0,0.0,0.0,0.0,624.0,4.0,11.0
379dc075,91.0,74.0,17.0,0.0,0.0,0.0,2,0.0,0.0,0.0,0.0,0.0,70.0,0.0,2.0
6a99e0b1,430.0,396.0,30.0,0.0,1.0,4.0,40,9.0,0.0,0.0,0.0,0.0,274.0,4.0,22.0
afdc14d7,609.0,575.0,33.0,3.0,2.0,1.0,102,3.0,27.0,7.0,10.0,0.0,414.0,1.0,44.0
5dfc6ad5,778.0,748.0,30.0,28.0,0.0,1.0,2,2.0,0.0,0.0,0.0,0.0,724.0,0.0,4.0
f6f6b6e8,429.0,406.0,23.0,17.0,1.0,2.0,0,2.0,0.0,0.0,0.0,0.0,359.0,0.0,4.0
5ca20b7a,277.0,222.0,53.0,4.0,0.0,1.0,12,49.0,0.0,0.0,0.0,0.0,190.0,2.0,8.0
968a1c2f,229.0,221.0,7.0,5.0,0.0,1.0,17,1.0,1.0,0.0,1.0,0.0,173.0,1.0,7.0
5c7845f6,928.0,885.0,42.0,24.0,0.0,7.0,3,18.0,0.0,0.0,0.0,0.0,804.0,1.0,6.0
3ee0dd59,1125.0,1088.0,32.0,28.0,3.0,6.0,2,2.0,0.0,0.0,0.0,0.0,950.0,5.0,15.0
