id,SCA,PassLive,PassDead,TO,Sh,Fld,Def,GCA,PassLive.1,PassDead.1,TO.1,Sh.1,Fld.1,Def.1,Matches
22919e97,20,14,0,0,6,0,0,3,1,0,0,2,0,0,Matches
501055d8,33,24,0,2,3,3,1,7,5,0,1,1,0,0,Matches
dcfb17f4,23,17,2,1,1,1,1,3,2,0,1,0,0,0,Matches
cb6d81b3,4,3,1,0,0,0,0,0,0,0,0,0,0,0,Matches
a6c58494,38,31,0,3,2,1,1,7,7,0,0,0,0,0,Matches
462475ed,13,11,0,0,2,0,0,2,1,0,0,1,0,0,Matches
6ec6fde0,10,9,0,1,0,0,0,0,0,0,0,0,0,0,Matches
834d0be5,7,5,0,1,1,0,0,2,1,0,0,1,0,0,Matches
00f518d8,5,4,0,1,0,0,0,0,0,0,0,0,0,0,Matches
8ce30c57,3,2,0,0,0,0,1,0,0,0,0,0,0,0,Matches
cd682b6b,0,0,0,0,0,0,0,0,0,0,0,0,0,0,Matches
555d5edd,26,18,1,3,1,3,0,4,2,0,1,0,1,0,Matches
e0b113a7,29,25,0,0,2,0,2,3,2,0,0,0,0,1,Matches
30941e96,64,42,16,1,2,2,1,7,5,1,0,1,0,0,Matches
5e66fa06,26,18,3,1,4,0,0,2,1,0,0,1,0,0,Matches
0a3f6cde,44,24,7,4,3,6,0,9,5,1,2,0,1,0,Matches
56413b1f,10,10,0,0,0,0,0,0,0,0,0,0,0,0,Matches
86e119e0,66,32,29,1,3,1,0,7,4,2,0,1,0,0,Matches
13ddc856,27,18,1,2,1,5,0,4,3,0,1,0,0,0,Matches
35f67a30,8,6,0,0,0,1,1,1,1,0,0,0,0,0,Matches
fe46e261,8,5,1,0,2,0,0,0,0,0,0,0,0,0,Matches
ce81d82d,0,0,0,0,0,0,0,0,0,0,0,0,0,0,Matches
10549b49,21,17,0,0,1,1,2,3,1,0,0,1,0,1,Matches
f582d5c1,0,0,0,0,0,0,0,0,0,0,0,0,0,0,Matches
a8567629,23,19,4,0,0,0,0,2,2,0,0,0,0,0,Matches
442b56fa,46,36,2,3,1,4,0,5,4,0,1,0,0,0,Matches
a2a85828,11,6,1,1,2,1,0,1,1,0,0,0,0,0,Matches
00242b75,28,20,0,1,1,4,2,5,3,0,1,0,1,0,Matches
e61bdd69,9,6,0,1,0,1,1,1,1,0,0,0,0,0,Matches
44a20f0c,11,1,2,0,4,3,1,1,0,1,0,0,0,0,Matches
47064058,3,3,0,0,0,0,0,1,1,0,0,0,0,0,Matches
bd7d2e6d,5,4,0,0,1,0,0,0,0,0,0,0,0,0,Matches
69374ff5,4,3,0,0,1,0,0,0,0,0,0,0,0,0,Matches
437f2b00,71,50,0,8,4,8,1,8,5,0,1,1,1,0,Matches
fbbc8e15,0,0,0,0,0,0,0,0,0,0,0,0,0,0,Matches
a53b661f,11,10,0,0,0,1,0,0,0,0,0,0,0,0,Matches
8eb55dbb,53,44,0,1,4,4,0,7,6,0,0,1,0,0,Matches
30ae134d,23,20,0,0,0,2,1,4,3,0,0,0,1,0,Matches
857a5abe,10,10,0,0,0,0,0,1,1,0,0,0,0,0,Matches
bee0bab1,4,4,0,0,0,0,0,0,0,0,0,0,0,0,Matches
57d88cf9,79,58,0,6,7,7,1,10,8,0,1,0,1,0,Matches
378825c7,25,18,1,1,5,0,0,2,1,0,0,1,0,0,Matches
eb6e14be,31,11,13,2,3,1,1,6,2,3,1,0,0,0,Matches
7aac47fe,1,0,0,0,1,0,0,0,0,0,0,0,0,0,Matches
07d3bfec,7,5,0,0,0,2,0,0,0,0,0,0,0,0,Matches
dc62fbee,21,10,0,2,1,6,2,1,0,0,0,0,1,0,Matches
663e080e,0,0,0,0,0,0,0,0,0,0,0,0,0,0,Matches
691bef82,4,4,0,0,0,0,0,0,0,0,0,0,0,0,Matches
f4ec4fd0,4,3,1,0,0,0,0,0,0,0,0,0,0,0,Matches
635f2732,22,16,1,1,1,2,1,0,0,0,0,0,0,0,Matches
36578017,2,0,0,1,0,0,1,0,0,0,0,0,0,0,Matches
01834aa0,2,2,0,0,0,0,0,1,1,0,0,0,0,0,Matches
c68da769,18,14,0,3,0,0,1,3,2,0,1,0,0,0,Matches
a167537f,94,61,23,4,2,3,1,12,6,4,1,0,1,0,Matches
d28339cb,0,0,0,0,0,0,0,0,0,0,0,0,0,0,Matches
d4a2533d,7,3,3,0,1,0,0,1,0,1,0,0,0,0,Matches
e27da244,0,0,0,0,0,0,0,0,0,0,0,0,0,0,Matches
bbd79358,2,2,0,0,0,0,0,0,0,0,0,0,0,0,Matches
f0a37d36,23,12,6,0,2,3,0,1,0,0,0,0,1,0,Matches
4e204552,10,9,0,1,0,0,0,0,0,0,0,0,0,0,Matches
45e95f21,4,4,0,0,0,0,0,0,0,0,0,0,0,0,Matches
ab5b7dc1,58,41,1,3,7,6,0,2,1,0,0,1,0,0,Matches
05e2d5ea,4,1,1,0,1,1,0,2,1,1,0,0,0,0,Matches
05f99a4a,20,10,0,2,5,2,1,3,2,0,0,1,0,0,Matches
f631c17f,8,6,0,0,0,2,0,3,2,0,0,0,1,0,Matches
b4705807,4,4,0,0,0,0,0,2,2,0,0,0,0,0,Matches
10745192,17,11,0,3,2,1,0,8,7,0,1,0,0,0,Matches
0118c54c,33,20,9,1,2,1,0,5,4,0,0,1,0,0,Matches
d1db4b83,4,4,0,0,0,0,0,0,0,0,0,0,0,0,Matches
d1273f09,9,2,4,0,0,3,0,1,0,0,0,0,1,0,Matches
a65ce836,13,13,0,0,0,0,0,0,0,0,0,0,0,0,Matches
bd6351cd,6,6,0,0,0,0,0,2,2,0,0,0,0,0,Matches
5e080f73,0,0,0,0,0,0,0,0,0,0,0,0,0,0,Matches
db401046,4,3,1,0,0,0,0,2,2,0,0,0,0,0,Matches
ae7058f9,7,5,0,0,2,0,0,1,0,0,0,1,0,0,Matches
b3b7f5a6,3,2,1,0,0,0,0,0,0,0,0,0,0,0,Matches
48780156,0,0,0,0,0,0,0,0,0,0,0,0,0,0,Matches
af104654,6,5,1,0,0,0,0,1,1,0,0,0,0,0,Matches
c6608135,0,0,0,0,0,0,0,0,0,0,0,0,0,0,Matches
6e17c802,12,9,1,1,1,0,0,1,1,0,0,0,0,0,Matches
dd5bbe0d,3,1,1,1,0,0,0,0,0,0,0,0,0,0,Matches
042e8a49,56,44,1,6,1,4,0,9,6,0,1,0,2,0,Matches
5ddb8f9f,21,17,2,0,1,0,1,4,2,1,0,0,0,1,Matches
05ba9d7c,4,3,0,1,0,0,0,0,0,0,0,0,0,0,Matches
eac044ad,25,21,0,1,3,0,0,2,2,0,0,0,0,0,Matches
dee3013b,3,3,0,0,0,0,0,0,0,0,0,0,0,0,Matches
db4ed67b,4,4,0,0,0,0,0,0,0,0,0,0,0,0,Matches
d3d77413,5,5,0,0,0,0,0,1,1,0,0,0,0,0,Matches
41bff4fa,6,6,0,0,0,0,0,0,0,0,0,0,0,0,Matches
3eb0f2df,0,0,0,0,0,0,0,0,0,0,0,0,0,0,Matches
d781d855,65,56,0,6,1,1,1,7,6,0,1,0,0,0,Matches
fe641c1a,1,0,0,0,0,1,0,0,0,0,0,0,0,0,Matches
54b4dc4e,38,16,16,2,2,2,0,5,2,3,0,0,0,0,Matches
ed79b7d3,42,30,0,4,4,3,1,5,2,0,0,2,1,0,Matches
7bf9400b,2,1,1,0,0,0,0,0,0,0,0,0,0,0,Matches
aeed5c06,68,48,4,5,8,3,0,10,5,0,3,0,2,0,Matches
fc62f087,5,5,0,0,0,0,0,0,0,0,0,0,0,0,Matches
d82a310a,0,0,0,0,0,0,0,0,0,0,0,0,0,0,Matches
8779ddf8,6,3,1,1,1,0,0,0,0,0,0,0,0,0,Matches
95bb6ddc,15,11,1,1,2,0,0,1,1,0,0,0,0,0,Matches
4ccd8957,3,3,0,0,0,0,0,1,1,0,0,0,0,0,Matches
d01bbb6f,44,25,0,6,4,7,2,6,3,0,0,0,3,0,Matches
f67c9d29,6,5,0,0,0,1,0,2,1,0,0,0,1,0,Matches
cc83b74d,6,6,0,0,0,0,0,0,0,0,0,0,0,0,Matches
7f73bdf4,2,1,0,0,0,1,0,0,0,0,0,0,0,0,Matches
9a2e3a23,7,5,0,0,1,0,1,2,1,0,0,1,0,0,Matches
809940aa,32,26,3,1,1,1,0,3,3,0,0,0,0,0,Matches
638a4d71,74,47,22,2,1,2,0,16,10,4,1,0,1,0,Matches
79ca3e23,22,17,2,2,0,1,0,3,2,0,1,0,0,0,Matches
beb882a8,31,27,0,1,0,3,0,5,4,0,0,0,1,0,Matches
2f7fec15,10,8,0,0,1,1,0,2,2,0,0,0,0,0,Matches
76b2817e,1,1,0,0,0,0,0,0,0,0,0,0,0,0,Matches
e7f3e8a7,34,26,0,5,1,2,0,5,5,0,0,0,0,0,Matches
48035304,13,13,0,0,0,0,0,1,1,0,0,0,0,0,Matches
c149016b,46,37,0,2,3,2,2,4,2,0,0,0,1,1,Matches
554bcc91,28,11,13,1,0,3,0,4,2,1,1,0,0,0,Matches
1e43fad8,3,0,3,0,0,0,0,0,0,0,0,0,0,0,Matches
677da306,8,8,0,0,0,0,0,1,1,0,0,0,0,0,Matches
3bb625ac,22,15,4,1,1,1,0,2,1,1,0,0,0,0,Matches
79f7302a,1,0,0,0,0,1,0,1,0,0,0,0,1,0,Matches
a92ab7be,5,3,2,0,0,0,0,0,0,0,0,0,0,0,Matches
9642c929,7,6,0,0,1,0,0,0,0,0,0,0,0,0,Matches
9a2e0ccc,23,18,0,0,2,2,1,5,4,0,0,0,0,1,Matches
76fa965f,25,16,8,0,0,1,0,6,2,4,0,0,0,0,Matches
a9142dc3,3,3,0,0,0,0,0,0,0,0,0,0,0,0,Matches
626fab5f,1,1,0,0,0,0,0,0,0,0,0,0,0,0,Matches
697dc00a,3,2,0,1,0,0,0,2,1,0,1,0,0,0,Matches
33182cb8,11,9,0,0,2,0,0,3,3,0,0,0,0,0,Matches
f86ad3f5,17,13,3,1,0,0,0,1,1,0,0,0,0,0,Matches
b77f44a4,7,6,1,0,0,0,0,0,0,0,0,0,0,0,Matches
74f2e748,68,42,2,10,5,9,0,7,5,0,1,0,1,0,Matches
0cf778df,53,34,9,3,4,3,0,4,3,1,0,0,0,0,Matches
4b96c347,18,17,0,0,0,1,0,1,1,0,0,0,0,0,Matches
4f16405e,49,37,0,1,5,6,0,7,5,0,0,1,1,0,Matches
f27680d9,26,18,6,1,0,0,1,2,0,2,0,0,0,0,Matches
6c731625,11,9,0,1,1,0,0,0,0,0,0,0,0,0,Matches
37f606f0,40,28,10,1,0,0,1,4,3,1,0,0,0,0,Matches
62ab9184,30,22,0,0,3,4,1,5,4,0,0,0,1,0,Matches
7242b495,42,19,17,2,2,2,0,7,3,2,1,1,0,0,Matches
17376543,6,3,3,0,0,0,0,1,0,1,0,0,0,0,Matches
f521b80a,18,15,0,0,2,1,0,1,1,0,0,0,0,0,Matches
88e357ef,60,39,3,7,7,3,1,11,7,0,2,0,2,0,Matches
83b9c48f,3,2,0,0,0,1,0,0,0,0,0,0,0,0,Matches
cc86b9a3,36,24,0,1,9,1,1,5,1,0,1,3,0,0,Matches
9efa1d25,61,52,5,0,3,0,1,12,10,0,0,2,0,0,Matches
1025db8e,27,17,3,2,4,0,1,2,0,0,0,2,0,0,Matches
b8e740fb,11,8,0,0,3,0,0,0,0,0,0,0,0,0,Matches
8e235926,58,44,1,1,8,4,0,9,6,0,0,2,1,0,Matches
f9dfb7ae,1,1,0,0,0,0,0,0,0,0,0,0,0,0,Matches
54e4866f,91,58,21,1,7,1,3,11,3,5,0,2,1,0,Matches
37998008,2,2,0,0,0,0,0,0,0,0,0,0,0,0,Matches
14a7af33,18,16,0,0,1,0,1,0,0,0,0,0,0,0,Matches
ae9b998d,1,1,0,0,0,0,0,0,0,0,0,0,0,0,Matches
1fc4f3d1,18,13,4,0,0,1,0,1,1,0,0,0,0,0,Matches
f2dd9a21,12,12,0,0,0,0,0,4,4,0,0,0,0,0,Matches
048a1cbc,61,48,6,3,3,0,1,7,6,1,0,0,0,0,Matches
e6c43eec,9,8,0,0,0,1,0,0,0,0,0,0,0,0,Matches
923f4dda,25,14,0,1,4,6,0,1,0,0,0,0,1,0,Matches
bcb2ccd8,1,1,0,0,0,0,0,0,0,0,0,0,0,0,Matches
25ab9c9c,0,0,0,0,0,0,0,0,0,0,0,0,0,0,Matches
1df0c0b9,21,15,1,0,0,3,2,2,1,0,0,0,0,1,Matches
8593f88c,69,46,17,3,3,0,0,4,4,0,0,0,0,0,Matches
5ad50391,20,18,0,1,1,0,0,2,2,0,0,0,0,0,Matches
70dcf94d,36,27,0,0,6,2,1,4,4,0,0,0,0,0,Matches
a5ec3ede,11,11,0,0,0,0,0,0,0,0,0,0,0,0,Matches
cd82452e,3,3,0,0,0,0,0,1,1,0,0,0,0,0,Matches
92432bc6,14,12,0,0,2,0,0,6,5,0,0,1,0,0,Matches
ba115a40,11,7,0,0,4,0,0,1,1,0,0,0,0,0,Matches
8ff2354e,18,13,2,0,2,1,0,1,1,0,0,0,0,0,Matches
2e77d607,3,3,0,0,0,0,0,0,0,0,0,0,0,0,Matches
f24ea523,15,12,0,0,0,2,1,1,1,0,0,0,0,0,Matches
f24ea523,21,17,0,1,1,2,0,1,1,0,0,0,0,0,Matches
9ab16552,2,2,0,0,0,0,0,0,0,0,0,0,0,0,Matches
50871bcc,23,16,4,0,3,0,0,0,0,0,0,0,0,0,Matches
c2009df3,49,32,9,3,1,3,1,5,3,1,0,0,1,0,Matches
699fb8db,1,1,0,0,0,0,0,0,0,0,0,0,0,0,Matches
0a89e877,32,25,1,1,5,0,0,2,2,0,0,0,0,0,Matches
c3ee18ef,4,4,0,0,0,0,0,0,0,0,0,0,0,0,Matches
dfb6490a,5,3,1,0,1,0,0,0,0,0,0,0,0,0,Matches
0c7a48f8,12,9,0,1,1,1,0,2,2,0,0,0,0,0,Matches
5521f419,34,25,3,1,4,1,0,8,6,0,0,2,0,0,Matches
5d8e331f,28,21,1,0,2,2,2,7,4,0,0,2,1,0,Matches
2903a856,98,44,43,1,5,5,0,13,6,4,1,1,1,0,Matches
877bc844,36,25,0,2,3,5,1,3,2,0,1,0,0,0,Matches
ca618d23,13,7,0,2,3,1,0,1,1,0,0,0,0,0,Matches
2979c05a,17,14,0,1,1,1,0,1,1,0,0,0,0,0,Matches
2b83fa49,0,0,0,0,0,0,0,0,0,0,0,0,0,0,Matches
ad3389d5,1,0,1,0,0,0,0,0,0,0,0,0,0,0,Matches
94302c52,7,7,0,0,0,0,0,0,0,0,0,0,0,0,Matches
15f3ec41,26,19,4,1,2,0,0,2,2,0,0,0,0,0,Matches
05d548d8,19,16,1,0,2,0,0,2,2,0,0,0,0,0,Matches
b116c6e3,10,7,0,1,1,1,0,1,1,0,0,0,0,0,Matches
054849d2,30,21,6,2,0,1,0,5,5,0,0,0,0,0,Matches
f5c4fd91,1,1,0,0,0,0,0,0,0,0,0,0,0,0,Matches
271b8617,12,9,0,2,1,0,0,3,3,0,0,0,0,0,Matches
97d545ae,12,9,0,0,2,1,0,3,3,0,0,0,0,0,Matches
204dded0,33,22,10,0,0,0,1,2,2,0,0,0,0,0,Matches
8bf58a80,1,1,0,0,0,0,0,0,0,0,0,0,0,0,Matches
34b0387f,35,33,0,0,1,0,1,8,7,0,0,0,0,1,Matches
a93b6f4e,9,6,3,0,0,0,0,0,0,0,0,0,0,0,Matches
a8ee54ad,17,14,2,0,0,0,1,0,0,0,0,0,0,0,Matches
fa4cabd1,0,0,0,0,0,0,0,0,0,0,0,0,0,0,Matches
689c9cf4,4,3,0,0,0,0,1,0,0,0,0,0,0,0,Matches
34b54da7,0,0,0,0,0,0,0,0,0,0,0,0,0,0,Matches
3eeb80e0,19,16,3,0,0,0,0,1,1,0,0,0,0,0,Matches
ee644761,10,8,1,0,0,0,1,0,0,0,0,0,0,0,Matches
f36c432f,15,13,0,0,0,2,0,2,2,0,0,0,0,0,Matches
de838f86,29,27,1,1,0,0,0,6,6,0,0,0,0,0,Matches
0a084b35,4,2,2,0,0,0,0,3,1,2,0,0,0,0,Matches
2d61d13a,14,6,0,1,3,1,3,4,1,0,1,1,0,1,Matches
79c90e45,25,22,2,1,0,0,0,1,1,0,0,0,0,0,Matches
94c18565,71,38,25,3,1,3,1,10,7,1,0,1,1,0,Matches
15f24fe7,9,9,0,0,0,0,0,3,3,0,0,0,0,0,Matches
091c86e2,26,18,0,0,3,3,2,4,3,0,0,0,1,0,Matches
15b287da,51,42,3,2,1,3,0,13,10,1,0,1,1,0,Matches
202b3b68,37,35,0,2,0,0,0,10,10,0,0,0,0,0,Matches
463503e2,0,0,0,0,0,0,0,0,0,0,0,0,0,0,Matches
b825a650,21,20,0,0,1,0,0,4,4,0,0,0,0,0,Matches
b4c816a9,31,27,0,1,1,2,0,1,1,0,0,0,0,0,Matches
8f0f2230,5,3,0,0,2,0,0,0,0,0,0,0,0,0,Matches
5762be5c,20,16,1,0,1,1,1,2,2,0,0,0,0,0,Matches
778ccc44,2,1,0,0,1,0,0,0,0,0,0,0,0,0,Matches
de4cac2d,45,26,0,8,7,4,0,5,3,0,1,0,1,0,Matches
d2c580ce,8,8,0,0,0,0,0,3,3,0,0,0,0,0,Matches
815c314f,22,18,0,1,2,0,1,0,0,0,0,0,0,0,Matches
099e666f,33,24,4,0,2,1,2,3,2,0,0,0,1,0,Matches
59e4b92e,22,18,0,1,0,0,3,2,1,0,0,0,0,1,Matches
610aa1e9,8,8,0,0,0,0,0,0,0,0,0,0,0,0,Matches
49296448,92,53,34,1,2,1,1,12,9,2,0,1,0,0,Matches
ca8033cb,0,0,0,0,0,0,0,0,0,0,0,0,0,0,Matches
19a967ab,15,11,0,0,0,4,0,4,2,0,0,0,2,0,Matches
6bd5cd5d,12,8,2,0,2,0,0,1,1,0,0,0,0,0,Matches
cd59b9df,2,2,0,0,0,0,0,0,0,0,0,0,0,0,Matches
0fbecd11,36,28,0,1,4,3,0,2,1,0,0,1,0,0,Matches
c0b3669f,66,38,0,14,6,8,0,19,12,0,3,2,2,0,Matches
ab096c6f,0,0,0,0,0,0,0,0,0,0,0,0,0,0,Matches
86574238,48,33,0,4,3,5,3,4,4,0,0,0,0,0,Matches
1f3afdcb,8,8,0,0,0,0,0,2,2,0,0,0,0,0,Matches
b1cd37e6,1,0,1,0,0,0,0,0,0,0,0,0,0,0,Matches
dc366c36,4,3,1,0,0,0,0,1,1,0,0,0,0,0,Matches
f1e855eb,10,9,1,0,0,0,0,0,0,0,0,0,0,0,Matches
e717705a,27,22,0,0,2,2,1,1,1,0,0,0,0,0,Matches
603cb947,58,48,3,2,5,0,0,7,5,0,0,2,0,0,Matches
496aeede,33,28,0,2,1,2,0,1,1,0,0,0,0,0,Matches
9f77012e,29,24,0,2,1,1,1,3,2,0,0,0,1,0,Matches
f9446dcd,10,8,0,1,1,0,0,1,1,0,0,0,0,0,Matches
2a29eb9b,7,6,1,0,0,0,0,0,0,0,0,0,0,0,Matches
9ceb7642,4,3,0,0,0,1,0,0,0,0,0,0,0,0,Matches
f1bc3876,0,0,0,0,0,0,0,0,0,0,0,0,0,0,Matches
2770726a,10,9,0,0,0,1,0,1,1,0,0,0,0,0,Matches
277c49ed,7,6,1,0,0,0,0,0,0,0,0,0,0,0,Matches
22798128,5,2,0,0,1,2,0,1,0,0,0,0,1,0,Matches
c1b7847c,25,20,0,2,1,1,1,2,2,0,0,0,0,0,Matches
4aea5077,2,2,0,0,0,0,0,0,0,0,0,0,0,0,Matches
591477c9,5,4,0,0,1,0,0,0,0,0,0,0,0,0,Matches
72984eee,11,9,1,1,0,0,0,0,0,0,0,0,0,0,Matches
33b554b7,8,2,2,0,2,2,0,0,0,0,0,0,0,0,Matches
c4987edc,15,13,0,0,0,1,1,2,2,0,0,0,0,0,Matches
7e12a98d,5,5,0,0,0,0,0,1,1,0,0,0,0,0,Matches
792ffa71,6,4,0,2,0,0,0,0,0,0,0,0,0,0,Matches
bbd86530,19,11,8,0,0,0,0,3,2,1,0,0,0,0,Matches
13fe7b69,7,3,0,2,2,0,0,2,1,0,0,1,0,0,Matches
302527b2,16,13,0,1,2,0,0,2,2,0,0,0,0,0,Matches
d6e53a3a,14,13,0,0,1,0,0,0,0,0,0,0,0,0,Matches
37dc1a48,51,22,7,9,8,4,1,9,2,0,4,2,1,0,Matches
c455a2b2,33,28,1,1,2,1,0,4,4,0,0,0,0,0,Matches
07c7eb0c,28,21,0,0,2,2,3,3,3,0,0,0,0,0,Matches
0c61c77c,51,29,7,9,1,4,1,3,3,0,0,0,0,0,Matches
8a6ab963,0,0,0,0,0,0,0,0,0,0,0,0,0,0,Matches
ab700320,31,19,6,0,1,2,3,1,0,0,0,0,0,1,Matches
e5d85da8,45,34,4,3,4,0,0,7,5,0,2,0,0,0,Matches
864163f3,36,21,6,5,1,3,0,4,2,0,1,0,1,0,Matches
c691bfe2,47,32,0,3,8,4,0,9,6,0,1,2,0,0,Matches
706a60e1,1,1,0,0,0,0,0,0,0,0,0,0,0,0,Matches
0e0102eb,26,15,0,6,2,3,0,4,3,0,1,0,0,0,Matches
92a16062,15,13,0,0,1,1,0,0,0,0,0,0,0,0,Matches
2f3e911a,48,33,13,1,1,0,0,4,3,1,0,0,0,0,Matches
a396fb61,12,10,0,0,1,0,1,0,0,0,0,0,0,0,Matches
ab3f1bdf,4,4,0,0,0,0,0,1,1,0,0,0,0,0,Matches
00963611,24,16,2,2,2,1,1,3,2,0,0,0,0,1,Matches
826e8b63,10,4,4,1,1,0,0,0,0,0,0,0,0,0,Matches
0e6bc38c,39,30,0,4,4,0,1,5,5,0,0,0,0,0,Matches
b74277a0,13,12,0,0,0,0,1,3,2,0,0,0,0,1,Matches
e162b013,17,15,1,0,0,1,0,0,0,0,0,0,0,0,Matches
b56dd813,0,0,0,0,0,0,0,0,0,0,0,0,0,0,Matches
1e274a0a,6,6,0,0,0,0,0,0,0,0,0,0,0,0,Matches
f76022e7,16,10,2,1,0,1,2,1,1,0,0,0,0,0,Matches
88d4144a,16,10,2,2,1,1,0,0,0,0,0,0,0,0,Matches
34e4343c,11,9,0,0,2,0,0,1,1,0,0,0,0,0,Matches
9ec9c8b6,21,12,6,0,2,1,0,3,2,1,0,0,0,0,Matches
29ddfb9c,0,0,0,0,0,0,0,0,0,0,0,0,0,0,Matches
7e82a78f,14,11,0,0,2,1,0,0,0,0,0,0,0,0,Matches
6ce43701,19,13,0,5,1,0,0,5,4,0,1,0,0,0,Matches
cbac6ec9,4,3,1,0,0,0,0,0,0,0,0,0,0,0,Matches
3c6089ab,50,45,0,1,3,0,1,9,7,0,0,2,0,0,Matches
2c0558b8,76,61,0,9,5,1,0,16,12,0,3,1,0,0,Matches
9ff8ec4a,2,1,0,1,0,0,0,0,0,0,0,0,0,0,Matches
441197b8,3,3,0,0,0,0,0,0,0,0,0,0,0,0,Matches
e110ea4b,4,3,1,0,0,0,0,0,0,0,0,0,0,0,Matches
61590953,14,10,2,0,1,1,0,1,0,1,0,0,0,0,Matches
30261ba1,7,6,0,1,0,0,0,0,0,0,0,0,0,0,Matches
e79269bd,3,2,1,0,0,0,0,2,1,1,0,0,0,0,Matches
8778c910,2,1,1,0,0,0,0,0,0,0,0,0,0,0,Matches
36a59ba4,18,17,0,1,0,0,0,2,2,0,0,0,0,0,Matches
bc249af8,8,3,0,0,3,2,0,2,1,0,0,1,0,0,Matches
d6862409,15,11,0,1,3,0,0,2,2,0,0,0,0,0,Matches
d6862409,9,4,0,1,2,0,2,1,1,0,0,0,0,0,Matches
a45241d5,0,0,0,0,0,0,0,0,0,0,0,0,0,0,Matches
7c56da38,66,48,3,6,6,3,0,6,3,0,0,1,2,0,Matches
0cc5f4a5,26,14,1,1,3,7,0,2,0,0,0,1,1,0,Matches
5458f670,2,2,0,0,0,0,0,0,0,0,0,0,0,0,Matches
bdedffac,0,0,0,0,0,0,0,0,0,0,0,0,0,0,Matches
57ec75bf,0,0,0,0,0,0,0,0,0,0,0,0,0,0,Matches
dd2e62da,2,2,0,0,0,0,0,1,1,0,0,0,0,0,Matches
86adbcc7,2,2,0,0,0,0,0,0,0,0,0,0,0,0,Matches
ae44e8e2,39,30,1,3,3,2,0,9,4,0,2,2,1,0,Matches
c631f952,1,1,0,0,0,0,0,0,0,0,0,0,0,0,Matches
f26834c7,66,46,0,7,7,5,1,8,2,0,1,2,3,0,Matches
20030c06,15,11,0,0,3,1,0,2,1,0,0,0,1,0,Matches
86c75897,4,4,0,0,0,0,0,0,0,0,0,0,0,0,Matches
0a16eb36,13,7,0,2,2,2,0,1,0,0,0,1,0,0,Matches
9662c9ec,7,4,1,0,0,1,1,0,0,0,0,0,0,0,Matches
1cbe4984,26,20,2,1,3,0,0,5,5,0,0,0,0,0,Matches
36d9dabe,29,12,16,0,0,0,1,2,0,2,0,0,0,0,Matches
8b6e0db2,1,1,0,0,0,0,0,0,0,0,0,0,0,0,Matches
15413fa5,20,17,2,0,0,0,1,1,1,0,0,0,0,0,Matches
66385c46,1,1,0,0,0,0,0,1,1,0,0,0,0,0,Matches
e82adcab,36,31,0,0,1,3,1,2,2,0,0,0,0,0,Matches
5dc15574,3,2,0,0,0,1,0,0,0,0,0,0,0,0,Matches
13d23b29,0,0,0,0,0,0,0,0,0,0,0,0,0,0,Matches
5c50fdbc,14,12,0,0,0,2,0,2,2,0,0,0,0,0,Matches
1866b0f1,1,1,0,0,0,0,0,0,0,0,0,0,0,0,Matches
5c899683,2,1,0,0,0,1,0,0,0,0,0,0,0,0,Matches
53070b63,1,1,0,0,0,0,0,0,0,0,0,0,0,0,Matches
45a03961,34,29,0,0,3,0,2,2,1,0,0,0,0,1,Matches
0a1cb833,1,1,0,0,0,0,0,1,1,0,0,0,0,0,Matches
5154b2ba,1,1,0,0,0,0,0,0,0,0,0,0,0,0,Matches
582a5247,17,10,5,1,0,1,0,1,0,0,0,0,1,0,Matches
b684a484,22,19,0,0,2,1,0,4,4,0,0,0,0,0,Matches
c18d22f5,0,0,0,0,0,0,0,0,0,0,0,0,0,0,Matches
3b61c9ec,14,6,5,1,0,2,0,0,0,0,0,0,0,0,Matches
a2b1ed42,2,2,0,0,0,0,0,0,0,0,0,0,0,0,Matches
ff3d391c,8,4,0,1,0,3,0,1,1,0,0,0,0,0,Matches
f93e6e94,3,2,0,0,1,0,0,0,0,0,0,0,0,0,Matches
f503ef6e,3,3,0,0,0,0,0,0,0,0,0,0,0,0,Matches
83e1f40e,22,19,0,0,2,1,0,0,0,0,0,0,0,0,Matches
061e8e23,1,1,0,0,0,0,0,0,0,0,0,0,0,0,Matches
061e8e23,1,1,0,0,0,0,0,0,0,0,0,0,0,0,Matches
526ea7cc,12,10,0,0,1,1,0,2,2,0,0,0,0,0,Matches
f7aa75bd,45,18,24,1,0,2,0,5,3,1,1,0,0,0,Matches
bc6bd723,54,46,2,1,2,2,1,11,10,0,1,0,0,0,Matches
ea003d07,0,0,0,0,0,0,0,0,0,0,0,0,0,0,Matches
3745e8bd,10,8,0,0,1,1,0,3,2,0,0,0,1,0,Matches
7f609bfc,0,0,0,0,0,0,0,0,0,0,0,0,0,0,Matches
d2416c2e,8,5,0,1,1,1,0,1,0,0,0,0,1,0,Matches
924f9191,18,11,1,0,2,2,2,1,1,0,0,0,0,0,Matches
c68b1b13,2,1,1,0,0,0,0,0,0,0,0,0,0,0,Matches
3c200e05,0,0,0,0,0,0,0,0,0,0,0,0,0,0,Matches
b90c4a43,0,0,0,0,0,0,0,0,0,0,0,0,0,0,Matches
c8b3a472,0,0,0,0,0,0,0,0,0,0,0,0,0,0,Matches
7d450ed3,40,20,14,3,2,1,0,2,1,1,0,0,0,0,Matches
cc971106,0,0,0,0,0,0,0,0,0,0,0,0,0,0,Matches
36a3ff67,33,26,3,0,4,0,0,4,2,1,0,1,0,0,Matches
1ae836b1,29,23,0,0,1,5,0,0,0,0,0,0,0,0,Matches
7fa4e703,16,13,0,0,2,1,0,2,1,0,0,0,1,0,Matches
f972644c,37,22,4,3,6,1,1,8,6,0,0,1,1,0,Matches
9f941969,16,12,4,0,0,0,0,0,0,0,0,0,0,0,Matches
e12b0b5b,17,15,0,0,0,2,0,2,2,0,0,0,0,0,Matches
ea42c03f,4,3,1,0,0,0,0,1,0,1,0,0,0,0,Matches
90c1f9a4,0,0,0,0,0,0,0,0,0,0,0,0,0,0,Matches
13203c45,0,0,0,0,0,0,0,0,0,0,0,0,0,0,Matches
13203c45,3,2,0,0,0,1,0,1,0,0,0,0,1,0,Matches
80f36c88,13,7,6,0,0,0,0,2,2,0,0,0,0,0,Matches
c64c01fc,36,22,0,8,2,4,0,4,2,0,2,0,0,0,Matches
009a4f60,26,18,1,4,2,1,0,0,0,0,0,0,0,0,Matches
009a4f60,10,9,1,0,0,0,0,0,0,0,0,0,0,0,Matches
a70b8345,4,4,0,0,0,0,0,1,1,0,0,0,0,0,Matches
e280527c,11,9,0,0,0,0,2,1,1,0,0,0,0,0,Matches
e1830c52,0,0,0,0,0,0,0,0,0,0,0,0,0,0,Matches
bf075f6b,15,7,0,2,2,4,0,0,0,0,0,0,0,0,Matches
08593525,0,0,0,0,0,0,0,0,0,0,0,0,0,0,Matches
2b114be3,61,48,1,4,4,2,2,9,8,0,0,1,0,0,Matches
6a52a6c6,0,0,0,0,0,0,0,0,0,0,0,0,0,0,Matches
236f02cd,24,17,2,1,1,3,0,3,2,1,0,0,0,0,Matches
52afb588,1,0,0,0,0,1,0,0,0,0,0,0,0,0,Matches
049751d7,10,8,0,0,0,2,0,2,1,0,0,0,1,0,Matches
93cba339,2,0,0,1,1,0,0,0,0,0,0,0,0,0,Matches
5d4f7d61,26,19,0,1,3,3,0,1,1,0,0,0,0,0,Matches
bd527260,12,11,0,0,0,1,0,1,1,0,0,0,0,0,Matches
8f056768,24,21,0,0,0,2,1,4,4,0,0,0,0,0,Matches
f6bdc830,0,0,0,0,0,0,0,0,0,0,0,0,0,0,Matches
f6bdc830,3,3,0,0,0,0,0,0,0,0,0,0,0,0,Matches
34e12499,25,21,0,0,2,0,2,6,4,0,0,0,0,2,Matches
220ace7e,30,25,0,3,1,1,0,2,2,0,0,0,0,0,Matches
b9ae8560,27,20,0,3,2,2,0,3,1,0,0,1,1,0,Matches
ad00b1a8,34,25,8,0,0,1,0,1,1,0,0,0,0,0,Matches
87436846,3,3,0,0,0,0,0,1,1,0,0,0,0,0,Matches
0d55d942,8,3,4,0,1,0,0,0,0,0,0,0,0,0,Matches
8872ed17,18,17,0,0,0,0,1,3,3,0,0,0,0,0,Matches
1238a3f9,8,4,0,1,1,2,0,3,1,0,1,0,1,0,Matches
1238a3f9,4,2,0,0,2,0,0,0,0,0,0,0,0,0,Matches
b3325a30,30,20,1,4,2,2,1,1,1,0,0,0,0,0,Matches
313254a3,22,12,7,1,1,1,0,5,2,1,1,1,0,0,Matches
3effaa34,51,36,0,3,7,5,0,10,7,0,0,3,0,0,Matches
fcb27134,9,6,0,0,1,2,0,0,0,0,0,0,0,0,Matches
7ec723b7,2,1,0,0,0,1,0,0,0,0,0,0,0,0,Matches
73000a79,7,5,0,1,1,0,0,2,1,0,0,1,0,0,Matches
0d8a37c2,0,0,0,0,0,0,0,0,0,0,0,0,0,0,Matches
c6cf860f,0,0,0,0,0,0,0,0,0,0,0,0,0,0,Matches
65857fdf,1,1,0,0,0,0,0,0,0,0,0,0,0,0,Matches
65857fdf,12,8,2,0,1,1,0,0,0,0,0,0,0,0,Matches
c2211709,37,32,0,0,3,0,2,4,4,0,0,0,0,0,Matches
ff98492b,37,26,3,1,5,2,0,3,2,0,0,1,0,0,Matches
c967f6b8,1,1,0,0,0,0,0,0,0,0,0,0,0,0,Matches
c05f2f8c,21,19,1,0,0,1,0,1,1,0,0,0,0,0,Matches
4f627629,4,3,0,0,1,0,0,0,0,0,0,0,0,0,Matches
420c18a1,1,1,0,0,0,0,0,0,0,0,0,0,0,0,Matches
420c18a1,2,2,0,0,0,0,0,0,0,0,0,0,0,0,Matches
af0d79a9,63,38,23,0,1,1,0,6,5,1,0,0,0,0,Matches
4c6facae,32,25,0,2,2,1,2,2,1,0,1,0,0,0,Matches
0f59a7bf,38,24,9,1,0,3,1,5,3,1,1,0,0,0,Matches
861e0116,12,8,1,1,1,1,0,3,2,1,0,0,0,0,Matches
1fffae99,17,15,0,0,0,1,1,3,3,0,0,0,0,0,Matches
7ed08d5c,6,6,0,0,0,0,0,1,1,0,0,0,0,0,Matches
aad48be9,8,8,0,0,0,0,0,0,0,0,0,0,0,0,Matches
99f7e9aa,13,5,8,0,0,0,0,1,1,0,0,0,0,0,Matches
3b1ed320,10,9,1,0,0,0,0,3,3,0,0,0,0,0,Matches
7cd6badb,50,33,7,1,4,4,1,7,6,1,0,0,0,0,Matches
e5649a78,91,54,27,2,4,3,1,7,7,0,0,0,0,0,Matches
e33c06cf,25,20,0,1,4,0,0,4,2,0,0,2,0,0,Matches
e18098de,18,14,1,0,2,1,0,2,2,0,0,0,0,0,Matches
92d83c27,29,17,3,2,4,3,0,6,4,0,0,1,1,0,Matches
934e1968,92,60,17,4,4,6,1,16,9,3,1,1,2,0,Matches
e92cd3f7,1,1,0,0,0,0,0,0,0,0,0,0,0,0,Matches
bd142efb,11,10,0,0,1,0,0,0,0,0,0,0,0,0,Matches
a73c8f95,21,19,1,1,0,0,0,2,2,0,0,0,0,0,Matches
27270af4,1,1,0,0,0,0,0,0,0,0,0,0,0,0,Matches
829aa60c,9,7,0,1,1,0,0,1,0,0,1,0,0,0,Matches
0b45a8d7,0,0,0,0,0,0,0,0,0,0,0,0,0,0,Matches
863ff1ee,39,28,1,1,6,3,0,1,1,0,0,0,0,0,Matches
ff5ea0bf,1,0,0,1,0,0,0,0,0,0,0,0,0,0,Matches
fd53759d,11,7,0,1,0,3,0,4,1,0,1,0,2,0,Matches
d1b49282,6,3,0,0,1,1,1,4,1,0,0,1,1,1,Matches
6f8cd6d0,44,24,0,9,6,2,3,8,3,0,2,2,1,0,Matches
6b8887c2,27,21,0,1,3,2,0,3,2,0,0,1,0,0,Matches
e547d3cf,4,3,0,0,1,0,0,0,0,0,0,0,0,0,Matches
b492126a,21,11,2,1,2,5,0,3,2,0,1,0,0,0,Matches
c8c60119,2,2,0,0,0,0,0,0,0,0,0,0,0,0,Matches
71ec39ef,31,22,0,0,4,3,2,5,2,0,0,0,2,1,Matches
ce17b5eb,2,2,0,0,0,0,0,0,0,0,0,0,0,0,Matches
056d2d95,39,21,17,0,0,1,0,6,0,6,0,0,0,0,Matches
35d64857,12,9,0,1,1,0,1,0,0,0,0,0,0,0,Matches
7d3e7da6,0,0,0,0,0,0,0,0,0,0,0,0,0,0,Matches
cd61c7af,0,0,0,0,0,0,0,0,0,0,0,0,0,0,Matches
d248cd8f,19,18,0,0,1,0,0,3,3,0,0,0,0,0,Matches
af842091,7,6,0,1,0,0,0,0,0,0,0,0,0,0,Matches
d75f3980,9,3,3,1,0,2,0,0,0,0,0,0,0,0,Matches
a3ddb1b9,1,0,0,1,0,0,0,1,0,0,1,0,0,0,Matches
fb377d11,9,7,0,1,0,1,0,0,0,0,0,0,0,0,Matches
6ecbddf6,11,8,0,1,0,2,0,2,1,0,0,0,1,0,Matches
fc8fcbd1,3,2,0,0,1,0,0,0,0,0,0,0,0,0,Matches
a5ae8f8e,13,12,0,0,1,0,0,1,1,0,0,0,0,0,Matches
8fe2a392,15,9,1,2,1,2,0,1,0,0,0,0,1,0,Matches
5360a956,2,2,0,0,0,0,0,1,1,0,0,0,0,0,Matches
1d8e9add,10,10,0,0,0,0,0,0,0,0,0,0,0,0,Matches
f86cd5df,0,0,0,0,0,0,0,0,0,0,0,0,0,0,Matches
e3d3fbeb,0,0,0,0,0,0,0,0,0,0,0,0,0,0,Matches
e5a35ae9,3,3,0,0,0,0,0,1,1,0,0,0,0,0,Matches
cb64672e,1,1,0,0,0,0,0,0,0,0,0,0,0,0,Matches
346d51d9,10,10,0,0,0,0,0,2,2,0,0,0,0,0,Matches
231c67ff,0,0,0,0,0,0,0,0,0,0,0,0,0,0,Matches
30c220c3,54,42,3,2,2,5,0,12,9,1,0,1,1,0,Matches
dd676a97,3,2,1,0,0,0,0,0,0,0,0,0,0,0,Matches
1c86aa16,0,0,0,0,0,0,0,0,0,0,0,0,0,0,Matches
49fe9070,24,19,0,3,2,0,0,5,5,0,0,0,0,0,Matches
f68b64fc,27,16,6,0,3,2,0,1,0,0,0,0,1,0,Matches
cb11b429,47,32,5,5,1,4,0,8,5,2,1,0,0,0,Matches
2077ae86,20,14,0,0,5,1,0,4,3,0,0,0,1,0,Matches
a1257b5e,1,1,0,0,0,0,0,1,1,0,0,0,0,0,Matches
e7fcf289,17,12,2,2,0,1,0,4,4,0,0,0,0,0,Matches
be42a291,8,6,0,1,1,0,0,1,1,0,0,0,0,0,Matches
fa661778,24,17,0,4,1,1,1,3,2,0,1,0,0,0,Matches
6190474d,18,15,0,0,1,2,0,4,3,0,0,0,1,0,Matches
ea0893d6,11,6,0,1,3,0,1,2,1,0,0,1,0,0,Matches
caffaf5a,21,18,0,0,1,2,0,0,0,0,0,0,0,0,Matches
a4effc55,10,8,0,0,2,0,0,1,0,0,0,1,0,0,Matches
fc3697dd,30,7,9,3,6,5,0,2,2,0,0,0,0,0,Matches
65bf7e2b,0,0,0,0,0,0,0,0,0,0,0,0,0,0,Matches
5c4bf6ba,6,3,3,0,0,0,0,1,1,0,0,0,0,0,Matches
9b688ae1,0,0,0,0,0,0,0,0,0,0,0,0,0,0,Matches
29f7cfd9,16,14,1,0,0,1,0,1,1,0,0,0,0,0,Matches
