id,Att,Live,Dead,FK,TB,Sw,Crs,TI,CK,In,Out,Str,Cmp,Off,Blocks
5bc43860,583,529,54,18,3,0,50,4,27,13,11,1,435,0,16
f2bf1b0f,389,382,6,0,2,7,9,4,0,0,0,0,256,1,14
2b09d998,1234,1169,65,52,1,1,2,13,0,0,0,0,1012,0,23
c81d773d,592,562,26,21,0,6,1,4,0,0,0,0,474,4,7
288e1e13,306,294,10,10,0,7,0,0,0,0,0,0,236,2,2
a6c58494,21,21,0,0,0,0,2,0,0,0,0,0,15,0,0
9b398aea,502,424,76,5,0,1,21,68,3,1,2,0,409,2,15
a8c0acb7,345,293,51,7,0,4,6,44,0,0,0,0,259,1,8
89ac64a6,1291,1265,26,16,0,7,3,10,0,0,0,0,1213,0,3
eaeca114,1285,1196,87,24,1,7,8,63,0,0,0,0,1165,2,17
b827d5b3,149,131,17,1,1,0,28,7,7,1,3,2,90,1,10
77e84962,980,949,28,21,8,14,1,5,0,0,0,0,842,3,21
4abac767,49,49,0,0,0,2,0,0,0,0,0,0,37,0,1
cd1acf9d,1682,1359,316,39,10,33,162,217,60,10,45,1,1234,7,22
7a2e46a8,872,708,162,36,0,2,0,0,0,0,0,0,750,2,1
cea4ee8f,15,13,2,1,0,0,0,0,0,0,0,0,12,0,0
862a1c15,741,711,25,0,0,3,20,15,9,0,0,0,612,5,24
15ab5a2b,246,237,8,0,3,2,10,2,0,0,0,0,192,1,12
1a4ef233,955,938,16,12,2,2,0,4,0,0,0,0,874,1,2
e34fc66d,1132,1064,65,58,1,28,5,6,1,0,0,0,900,3,9
de31038e,74,71,2,0,0,0,3,1,1,0,0,0,55,1,6
e4238fb1,364,327,37,9,2,5,31,16,11,7,0,1,265,0,15
ac05f970,222,213,9,2,1,1,21,5,0,0,0,0,115,0,8
99127249,413,408,5,1,1,2,18,3,1,0,0,0,319,0,13
05e8ca6d,12,11,1,1,0,0,1,0,0,0,0,0,8,0,1
2f965a72,47,32,14,1,0,0,0,0,0,0,0,0,32,1,0
328f7d51,354,348,6,0,0,0,7,2,0,0,0,0,258,0,14
68c720b5,257,226,31,0,0,4,13,3,0,0,0,0,189,0,17
97333cf5,404,387,16,0,1,3,18,8,0,0,0,0,319,1,14
28d596a0,567,429,138,33,0,1,0,0,0,0,0,0,491,0,0
d5dd5f1f,87,82,5,0,0,0,3,0,0,0,0,0,62,0,4
9fec8860,43,34,9,1,0,0,5,8,0,0,0,0,26,0,0
5c2b4f07,619,484,133,13,1,0,31,120,0,0,0,0,420,2,23
e5478b87,124,121,3,0,1,0,3,1,0,0,0,0,90,0,5
5dbefa9d,21,19,2,0,0,0,0,0,0,0,0,0,15,0,0
da052c14,533,527,6,2,4,0,29,3,0,0,0,0,407,0,18
420d7c7d,564,446,115,8,0,9,26,106,1,0,0,0,396,3,19
53cad200,815,676,136,26,0,0,18,110,0,0,0,0,658,3,11
06df8256,424,413,10,9,0,4,0,1,0,0,0,0,387,1,0
3a233281,408,376,32,4,3,5,74,5,15,12,0,0,253,0,21
32e8417f,165,162,3,3,0,3,4,0,0,0,0,0,128,0,2
93feac6e,171,151,19,0,0,0,1,0,0,0,0,0,123,1,6
2886c9b5,202,198,2,1,2,0,6,1,0,0,0,0,167,2,4
3ea50f67,541,529,10,0,3,1,26,8,0,0,0,0,380,2,20
c91441dc,890,639,246,72,0,1,0,0,0,0,0,0,534,5,0
30db8574,11,7,4,0,0,0,0,4,0,0,0,0,7,0,0
4115ce4e,246,230,15,13,0,0,1,2,0,0,0,0,203,1,2
4115ce4e,66,64,2,2,0,0,0,0,0,0,0,0,60,0,1
50dc94ce,61,56,3,0,0,0,0,0,1,0,0,0,46,2,4
7b4de647,30,21,9,1,0,0,0,0,0,0,0,0,21,0,0
a39d11bc,537,520,17,13,0,8,4,4,0,0,0,0,411,0,7
5a04fd92,506,491,14,0,1,1,45,7,1,1,0,0,401,1,17
3b8674e6,878,850,25,11,3,3,16,4,1,0,0,0,736,3,20
505486d6,195,143,51,2,1,0,11,44,5,4,1,0,124,1,5
87966294,3,3,0,0,0,0,0,0,0,0,0,0,2,0,1
de40e38c,21,19,2,0,0,0,1,2,0,0,0,0,15,0,0
d328a254,595,574,20,12,1,5,21,2,2,2,0,0,451,1,22
6c203af0,571,558,11,8,1,2,2,0,0,0,0,0,514,2,8
a4ac4b8f,240,236,4,3,0,0,0,1,0,0,0,0,181,0,3
ccce7025,1009,978,25,18,0,21,0,3,0,0,0,0,867,6,3
79c84d1c,599,521,74,9,4,3,104,3,58,53,0,0,386,4,34
c07b7c5c,92,73,19,2,0,0,8,17,0,0,0,0,66,0,3
97220da2,53,51,2,0,0,1,0,0,0,0,0,0,33,0,0
a2081c6b,21,16,5,0,0,0,0,5,0,0,0,0,17,0,1
7b5ab7f2,60,57,3,1,0,0,2,1,0,0,0,0,47,0,3
66b76d44,623,579,42,5,5,3,16,5,5,2,0,1,487,2,21
bfc3b3a0,528,416,109,6,0,0,45,92,11,2,9,0,425,3,16
468a7a91,14,13,1,0,0,0,0,1,0,0,0,0,11,0,0
b2d31e83,1082,923,157,12,0,5,12,144,0,0,0,0,855,2,17
85322440,2,2,0,0,0,0,0,0,0,0,0,0,2,0,0
16264a81,1234,1228,6,3,7,6,9,3,0,0,0,0,1090,0,20
a8748947,400,385,15,2,2,3,18,4,6,2,2,0,342,0,4
94f8d10c,414,393,18,13,0,0,1,1,0,0,0,0,351,3,1
59e6e5bf,139,138,1,0,0,0,2,0,0,0,0,0,86,0,4
6f711f67,32,31,1,0,0,0,4,0,1,1,0,0,23,0,1
bd6351cd,1220,1120,98,20,2,14,45,78,0,0,0,0,1036,2,15
4506aec5,5,4,1,0,0,0,0,0,0,0,0,0,4,0,0
1137759d,43,39,3,1,0,0,3,2,0,0,0,0,23,1,0
b4a014b1,128,123,4,3,0,0,1,1,0,0,0,0,101,1,1
966e28d0,135,132,2,0,0,0,2,1,0,0,0,0,111,1,3
4d224fe8,855,836,16,16,6,10,12,0,0,0,0,0,664,3,14
2389cdc2,777,637,137,10,2,5,46,127,0,0,0,0,592,3,19
197640fd,1176,997,175,12,2,2,47,163,0,0,0,0,939,4,22
e28868f3,721,607,112,10,1,1,18,102,0,0,0,0,609,2,19
9cfbad36,29,28,1,0,0,0,1,0,0,0,0,0,19,0,0
422862ea,5,5,0,0,0,0,0,0,0,0,0,0,4,0,0
5515376c,651,620,30,12,0,4,2,18,0,0,0,0,578,1,7
dc6f5bdd,121,115,3,1,0,1,0,2,0,0,0,0,98,3,1
d2424d1b,473,372,97,13,2,5,26,70,14,7,2,0,372,4,9
26ce2263,353,339,13,2,3,5,14,1,10,3,3,0,285,1,5
b2f9c73e,93,92,1,0,0,0,3,0,0,0,0,0,76,0,4
73341ace,1,1,0,0,0,0,0,0,0,0,0,0,1,0,0
0442183b,726,583,141,5,0,3,18,136,0,0,0,0,562,2,9
2928dca2,1145,1106,34,30,1,9,1,3,0,0,0,0,970,5,1
963a9201,110,106,4,2,0,0,1,1,0,0,0,0,93,0,1
0420d84f,536,426,110,9,0,2,13,101,0,0,0,0,431,0,14
a8c19eb8,914,894,18,15,0,8,0,3,0,0,0,0,812,2,3
700783e7,424,400,22,8,1,1,0,10,0,0,0,0,379,2,2
2afc7272,646,595,48,30,1,3,36,0,10,10,0,0,509,3,17
3e5e4e63,459,445,13,11,0,6,1,2,0,0,0,0,369,1,2
dc64b8b3,609,585,24,24,0,4,0,0,0,0,0,0,480,0,2
beb391dd,30,27,2,0,0,0,2,1,0,0,0,0,20,1,3
a190d597,98,95,3,0,0,0,5,0,0,0,0,0,71,0,8
fdf3cb77,819,636,178,9,0,0,84,169,0,0,0,0,508,5,41
0ef89a37,384,352,30,13,5,1,19,5,6,3,1,0,288,2,7
a5ca9127,0,0,0,0,0,0,0,0,0,0,0,0,0,0,0
4f974391,1109,895,212,30,1,4,105,143,39,3,29,1,882,2,26
1daec722,1070,907,156,20,0,1,41,123,13,8,3,0,892,7,23
dc62b55d,95,80,15,1,0,0,3,3,1,1,0,0,70,0,2
ca45605e,162,146,16,0,4,0,4,2,0,0,0,0,107,0,5
d9565625,958,805,150,11,2,15,34,139,0,0,0,0,748,3,23
215f3907,146,132,11,8,1,0,9,1,1,1,0,0,103,3,5
a816dbfb,44,44,0,0,0,0,0,0,0,0,0,0,30,0,1
f08490a6,11,11,0,0,0,0,1,0,0,0,0,0,6,0,1
60344e4f,458,438,19,6,1,0,26,9,4,3,0,0,368,1,14
44781702,973,918,52,24,0,6,22,28,0,0,0,0,809,3,11
9228b07c,198,192,5,4,3,3,1,1,0,0,0,0,149,1,3
3e9e06cb,310,299,9,8,0,2,2,1,0,0,0,0,245,2,3
3e9e06cb,274,267,6,4,0,1,0,2,0,0,0,0,232,1,0
e46012d4,1188,1057,122,44,20,20,177,22,56,15,28,3,851,9,30
11f54bd5,47,45,2,0,0,0,3,2,0,0,0,0,37,0,1
5a7301ae,155,151,4,3,0,0,2,1,0,0,0,0,135,0,4
5a7301ae,99,96,3,3,0,2,1,0,0,0,0,0,86,0,5
2c44a35d,111,106,4,0,0,0,6,3,0,0,0,0,77,1,10
9d8cf204,0,0,0,0,0,0,0,0,0,0,0,0,0,0,0
5c74c0f5,863,838,16,6,7,14,40,2,7,7,0,0,645,9,18
11ff3d56,343,336,7,7,0,2,3,0,0,0,0,0,266,0,9
31c69ef1,1201,1168,33,23,0,5,1,6,0,0,0,0,1111,0,2
4a1a9578,256,254,2,0,0,6,7,2,0,0,0,0,203,0,10
ac861941,1543,1488,52,45,0,13,11,6,0,0,0,0,1332,3,12
1b84dbe1,769,619,149,21,0,4,60,119,9,4,3,0,585,1,18
a712ca2b,903,872,30,28,0,8,2,0,0,0,0,0,767,1,4
254147d4,213,187,25,3,0,2,12,22,0,0,0,0,157,1,9
733f1a7d,14,14,0,0,0,0,0,0,0,0,0,0,10,0,1
d557d734,408,345,61,2,0,1,18,59,0,0,0,0,329,2,8
67ac5bb8,1494,1430,62,44,1,10,3,2,0,0,0,0,1334,2,11
02b29014,259,257,1,0,1,0,3,0,0,0,0,0,211,1,5
ce4f40c7,841,830,9,9,2,2,3,0,0,0,0,0,689,2,20
69fdb896,141,137,4,0,0,1,3,0,0,0,0,0,116,0,4
e0d1510a,38,31,7,1,0,0,1,6,0,0,0,0,30,0,1
3a949a25,22,15,7,1,0,0,0,0,0,0,0,0,19,0,0
7314bba4,4,4,0,0,0,0,0,0,0,0,0,0,2,0,0
282f75f3,1816,1747,67,52,2,15,1,3,0,0,0,0,1635,2,9
414184f7,15,13,2,0,0,0,1,1,0,0,0,0,9,0,0
fa9fa773,10,10,0,0,0,0,3,0,0,0,0,0,5,0,2
3bb7b8b4,889,736,152,37,1,6,0,0,0,0,0,0,765,1,0
0562b7f1,281,267,12,0,0,0,4,0,0,0,0,0,202,2,9
007414dd,151,150,0,0,1,0,10,0,0,0,0,0,102,1,10
2fba6108,128,126,2,0,0,1,7,2,0,0,0,0,94,0,2
c8387671,733,703,25,0,5,2,30,5,1,0,0,0,581,5,17
47a34c4f,60,58,2,2,0,0,0,0,0,0,0,0,57,0,1
68dc0dac,456,443,12,2,5,1,26,7,1,1,0,0,305,1,17
df8b52a5,823,677,142,15,0,6,44,126,1,0,0,0,654,4,29
980522ec,1031,944,82,23,6,16,60,4,50,19,15,0,813,5,18
d38fdf53,983,864,115,10,1,5,48,105,0,0,0,0,794,4,30
f8fcd2a5,672,652,19,18,0,2,0,1,0,0,0,0,600,1,4
ae4fc6a4,721,618,98,45,4,4,51,3,39,16,12,1,566,5,5
9328b835,603,392,208,55,0,2,0,0,0,0,0,0,390,3,0
7f3b388c,1010,983,25,21,3,2,4,4,0,0,0,0,892,2,7
9c221d14,1196,1168,28,26,2,6,0,1,0,0,0,0,1031,0,7
51a3c4c8,136,131,5,5,0,3,0,0,0,0,0,0,107,0,3
8aafd64f,143,123,18,2,2,0,14,2,10,2,7,0,108,2,4
4596da74,64,58,5,0,1,0,0,0,0,0,0,0,51,1,1
507c7bdf,1177,1076,95,16,16,21,83,11,36,13,10,1,862,6,41
5ff4ab71,344,331,13,12,3,5,2,1,0,0,0,0,303,0,6
6ad43f9a,1,1,0,0,0,0,0,0,0,0,0,0,1,0,0
4c370d81,471,456,14,1,7,0,11,6,0,0,0,0,370,1,19
24f59bb2,242,193,48,2,0,1,5,46,0,0,0,0,180,1,5
ed1e53f3,798,748,46,5,2,4,74,10,31,4,24,1,641,4,21
e82900ef,7,6,1,0,0,0,1,0,0,0,0,0,5,0,0
132a82f1,140,138,1,1,0,0,0,0,0,0,0,0,117,1,3
132a82f1,267,258,9,6,0,1,1,3,0,0,0,0,235,0,1
82927de4,508,473,33,4,4,8,41,6,15,12,2,0,366,2,14
9f1938ab,65,61,4,2,0,0,4,0,2,1,1,0,54,0,1
c3e39f12,100,69,30,6,0,0,0,0,0,0,0,0,82,1,0
6722d4f0,2,2,0,0,0,0,0,0,0,0,0,0,2,0,0
d56543a0,122,112,7,2,0,0,13,2,3,0,1,0,85,3,4
b853e0ad,561,551,7,5,5,1,10,1,0,0,0,0,447,3,18
c067631c,214,173,41,1,0,0,15,40,0,0,0,0,144,0,11
98d2c2c4,671,652,18,16,0,2,5,1,0,0,0,0,535,1,11
1971591f,94,91,1,0,0,0,7,0,0,0,0,0,61,2,4
c2731c10,503,462,39,7,1,3,38,7,21,9,7,0,398,2,17
72c812f3,789,773,13,12,1,4,6,1,0,0,0,0,673,3,15
7aa8adfe,137,137,0,0,0,1,1,0,0,0,0,0,111,0,6
4e015693,79,74,5,0,0,1,6,0,5,4,1,0,59,0,2
7ba6d84e,752,600,147,38,0,2,0,0,0,0,0,0,545,5,0
01962d0d,67,62,3,0,1,0,1,0,0,0,0,0,43,2,4
f7b1d4e0,48,44,4,1,1,0,2,1,1,0,1,0,35,0,1
32f60ed8,95,88,7,2,0,1,8,1,4,0,3,0,75,0,2
32f60ed8,668,553,104,40,13,5,99,5,49,22,25,1,412,11,20
df10e27c,154,153,0,0,0,1,0,0,0,0,0,0,142,1,0
75fdd638,360,338,18,1,3,0,29,6,10,2,1,0,251,4,28
9f7c837d,87,80,6,1,0,0,1,5,0,0,0,0,69,1,1
8b57ad2c,31,30,0,0,0,0,1,0,0,0,0,0,18,1,3
f0caab96,173,169,4,2,0,2,1,2,0,0,0,0,147,0,1
7a11550b,1214,1184,25,6,2,10,3,19,0,0,0,0,1039,5,4
01e5f06e,119,107,12,4,0,0,5,6,2,0,2,0,101,0,3
2bd83368,49,47,0,0,1,0,0,0,0,0,0,0,41,2,0
2bd83368,280,272,7,0,1,1,25,1,2,2,0,0,193,1,10
4468ec10,652,516,136,44,2,7,139,6,61,40,20,0,446,0,27
b0b4fd3e,675,637,35,4,2,4,40,15,16,11,0,1,560,3,21
f3354c07,153,121,32,12,0,1,33,1,19,10,9,0,94,0,1
8aec0537,1318,1107,206,51,9,16,140,48,87,43,33,2,1019,5,31
ab13a5aa,763,529,230,44,0,4,0,0,0,0,0,0,543,4,0
e6bc67d7,201,182,19,2,0,4,27,2,14,3,8,2,138,0,8
d0706b27,1279,1228,48,47,0,19,0,1,0,0,0,0,1103,3,6
82518f62,848,822,20,13,11,11,7,4,3,0,0,0,692,6,14
819b3158,937,910,27,9,14,4,20,3,15,6,3,0,801,0,19
56d838f7,4,4,0,0,0,0,0,0,0,0,0,0,4,0,0
1f44ac21,338,290,43,0,2,0,6,2,0,0,0,0,248,5,10
da011f18,195,175,20,3,0,3,9,15,2,2,0,0,147,0,6
8c3078cd,14,14,0,0,0,0,1,0,0,0,0,0,13,0,0
aa849a12,697,597,97,29,4,7,119,14,53,22,20,3,431,3,36
fed7cb61,568,546,21,2,0,2,7,5,0,0,0,0,458,1,16
4fd08daa,97,96,1,0,0,0,0,1,0,0,0,0,93,0,1
169fd162,167,160,6,0,0,0,7,3,0,0,0,0,127,1,4
e5a76dfe,671,455,214,58,0,0,0,0,0,0,0,0,425,2,0
935e6b8f,940,906,29,12,6,7,12,8,0,0,0,0,770,5,15
76eca7e2,56,38,18,3,0,0,0,0,0,0,0,0,45,0,0
8a3c1dc7,676,592,81,0,4,2,48,81,0,0,0,0,486,3,11
92e7e919,580,480,94,16,1,0,86,4,71,31,23,0,414,6,21
1780bb4a,368,330,38,6,0,1,15,32,0,0,0,0,302,0,7
bd8a5d95,87,83,2,0,0,0,1,2,0,0,0,0,69,2,3
d79a8c87,6,6,0,0,0,0,0,0,0,0,0,0,5,0,0
d0042ab9,148,139,8,5,1,5,1,3,0,0,0,0,107,1,1
a0666d3e,170,157,11,4,0,0,10,2,3,1,2,0,125,2,7
bd9553e6,12,12,0,0,0,0,2,0,0,0,0,0,8,0,1
8b04d6c1,1593,1537,53,37,6,26,11,11,1,0,0,0,1417,3,22
c92e1a31,165,155,8,0,1,1,2,2,2,0,0,0,122,2,7
07802f7f,31,30,1,0,1,1,0,0,0,0,0,0,20,0,2
07802f7f,162,152,10,0,4,0,4,0,0,0,0,0,114,0,6
8e92be30,84,80,3,0,1,0,3,0,0,0,0,0,60,1,2
6ca5ec4b,1013,970,36,2,11,12,62,17,13,11,1,0,788,7,29
c931d9f9,40,40,0,0,0,0,6,0,0,0,0,0,24,0,4
c931d9f9,117,114,3,0,0,0,16,3,0,0,0,0,76,0,10
1265a93a,732,625,104,18,0,3,50,73,13,9,1,0,630,3,10
8449d35e,654,624,26,11,3,10,14,14,1,1,0,0,516,4,11
172e52d8,241,236,5,5,1,0,0,0,0,0,0,0,196,0,1
0f134faf,995,749,243,51,2,19,101,103,55,26,15,5,686,3,18
b66315ae,402,369,32,1,1,3,7,7,0,0,0,0,325,1,11
b561db50,100,94,6,0,0,0,3,2,0,0,0,0,67,0,4
c17bfb65,833,805,25,4,2,4,13,16,4,0,0,0,684,3,30
9319781b,414,361,52,6,0,6,14,44,0,0,0,0,304,1,10
0cd31129,344,338,5,0,0,1,42,3,1,1,0,0,189,1,17
4fb9c88f,138,135,3,0,1,1,3,2,0,0,0,0,118,0,2
45db685d,264,256,7,7,4,1,1,0,0,0,0,0,221,1,5
45db685d,884,853,28,27,2,3,2,1,0,0,0,0,750,3,11
178ae8f8,108,107,1,0,1,1,4,0,0,0,0,0,73,0,6
570bb4b9,123,103,19,6,2,0,28,1,11,7,2,1,74,1,1
fb614c44,819,687,130,16,0,4,21,114,0,0,0,0,667,2,19
0db5d2c8,339,301,37,5,0,0,1,28,0,0,0,0,272,1,0
15f24fe7,4,4,0,0,0,0,0,0,0,0,0,0,2,0,1
cc77354e,828,800,28,26,1,8,1,0,0,0,0,0,701,0,20
21a66f6a,596,543,48,10,9,14,27,20,0,0,0,0,412,5,28
b9fbae28,129,128,0,0,0,0,3,0,0,0,0,0,107,1,4
c5b7c315,4,4,0,0,0,0,0,0,0,0,0,0,2,0,1
18b999f4,188,186,2,0,0,1,20,0,2,0,0,0,139,0,15
51dbeea9,826,746,78,19,0,4,17,58,0,0,0,0,689,2,13
f25c8e3a,168,161,6,1,0,0,2,1,0,0,0,0,129,1,7
f31def1e,490,434,53,20,0,7,6,32,0,0,0,0,388,3,4
d0f72bf1,1386,1362,18,18,0,15,0,0,0,0,0,0,1143,6,10
282679b4,148,139,9,2,0,0,8,4,3,1,1,0,108,0,7
ea6bc03a,1058,1024,31,31,2,4,1,0,0,0,0,0,814,3,19
5ed9b537,269,263,6,5,0,0,0,1,0,0,0,0,231,0,3
0313a347,1131,1081,46,29,1,3,4,14,0,0,0,0,973,4,12
da974c7b,1056,1015,40,28,0,13,3,12,0,0,0,0,909,1,10
8d3c902d,206,201,4,4,0,1,0,0,0,0,0,0,159,1,5
79c0821a,703,686,17,14,6,9,2,3,0,0,0,0,595,0,11
77cf6852,0,0,0,0,0,0,0,0,0,0,0,0,0,0,0
df3cda47,490,454,36,0,3,2,37,4,15,2,3,0,373,0,16
41e7ef1c,41,29,12,0,0,0,2,12,0,0,0,0,28,0,2
99813635,317,304,11,2,0,0,3,2,1,0,0,0,262,2,5
f4e433d4,288,246,42,5,1,0,31,37,0,0,0,0,228,0,6
26f6dca8,90,88,2,0,0,0,1,0,0,0,0,0,74,0,2
119b9a8e,481,470,10,4,1,3,4,6,0,0,0,0,440,1,2
cf7fb13a,82,59,23,0,0,0,4,23,0,0,0,0,63,0,2
450ab6fc,26,26,0,0,0,0,0,0,0,0,0,0,21,0,0
ecad9aa5,428,425,3,2,2,5,1,0,1,0,0,1,372,0,6
0bdda685,13,12,1,0,0,0,1,1,0,0,0,0,10,0,2
2b471f99,137,136,1,1,0,2,1,0,0,0,0,0,119,0,1
4f28a6ff,849,835,14,11,0,9,13,3,0,0,0,0,735,0,8
2628fd2b,871,622,247,79,0,2,0,0,0,0,0,0,673,2,0
9b5ce51a,1013,975,38,29,3,2,4,7,0,0,0,0,829,0,15
efb9215a,12,12,0,0,0,0,0,0,0,0,0,0,10,0,1
b57e066e,421,393,27,4,0,0,5,23,0,0,0,0,387,1,6
41f08ac8,86,83,3,0,1,1,8,2,0,0,0,0,49,0,3
f5deef4c,390,384,6,5,0,0,0,0,0,0,0,0,360,0,0
810e3c74,283,260,21,7,1,4,4,8,0,0,0,0,225,2,5
bba30585,429,417,11,10,0,4,1,0,0,0,0,0,356,1,2
8f62b6ee,625,443,179,16,0,0,0,0,0,0,0,0,493,3,1
ed9f7cfe,570,436,132,27,0,2,47,98,7,4,2,0,397,2,15
e97fd090,643,613,26,9,1,5,11,17,0,0,0,0,550,4,15
a2b105e0,828,802,22,2,6,5,23,1,2,0,0,0,654,4,22
b2856bc0,4,4,0,0,0,0,0,0,0,0,0,0,2,0,1
6f7d826d,1058,941,115,65,3,8,59,4,45,22,12,1,877,2,8
c6e8cf1f,33,33,0,0,0,0,1,0,0,0,0,0,31,0,0
b5bf1770,343,307,35,8,1,2,3,27,0,0,0,0,242,1,4
83d074ff,1033,1002,29,18,4,7,15,4,7,5,2,0,907,2,23
ee38d9c5,680,602,75,33,3,4,60,1,39,22,12,2,520,3,15
bf34eebd,74,72,2,1,0,0,4,0,1,1,0,0,59,0,0
d8931174,374,369,4,4,0,5,1,0,0,0,0,0,323,1,2
892d5bb1,640,563,77,21,5,6,52,22,34,16,10,0,540,0,10
c6220452,8,8,0,0,0,0,0,0,0,0,0,0,7,0,0
e3a5814e,379,340,38,4,1,2,7,34,0,0,0,0,304,1,7
6b6c793c,478,387,90,7,0,2,13,81,2,2,0,0,398,1,13
a572e291,289,285,2,2,1,1,5,0,0,0,0,0,231,2,9
758dd7f0,7,6,1,0,0,0,0,1,0,0,0,0,4,0,0
3544641e,70,68,2,0,1,0,0,0,0,0,0,0,48,0,3
bb5fbd2b,908,811,96,10,2,21,102,43,40,21,12,0,659,1,19
4d960fc3,1,1,0,0,0,0,0,0,0,0,0,0,1,0,0
59878425,3,3,0,0,0,0,0,0,0,0,0,0,2,0,0
8b788c01,133,122,9,2,2,0,3,2,0,0,0,0,107,2,6
48a5a5d6,781,701,75,10,4,2,93,10,55,36,0,0,576,5,32
7956236f,781,577,200,62,1,2,0,0,0,0,0,0,572,4,1
bac46a10,1233,1140,89,21,6,12,0,4,0,0,0,0,1073,4,4
feb5d972,100,98,2,2,0,1,0,0,0,0,0,0,93,0,0
50e6dc35,130,124,6,0,0,0,1,0,0,0,0,0,91,0,7
b217ef29,664,653,10,7,0,3,1,3,0,0,0,0,573,1,4
4bcf39f6,192,172,19,1,0,0,2,2,0,0,0,0,141,1,8
493924a7,94,71,23,0,0,1,7,23,0,0,0,0,68,0,2
6afaebf2,552,483,66,16,3,2,80,12,37,17,8,4,372,3,21
90f91999,586,558,22,9,2,9,29,1,10,8,0,0,442,6,13
4e5a4cbc,694,660,31,10,0,3,2,21,0,0,0,0,551,3,2
01c3aff5,177,172,5,3,0,2,3,2,0,0,0,0,141,0,3
fc15fb84,519,459,59,18,3,4,102,9,32,29,1,0,361,1,28
d93c2511,296,291,4,3,1,3,2,1,0,0,0,0,245,1,1
8df7a2fb,1074,983,85,23,0,6,5,61,0,0,0,0,808,6,12
33887998,268,206,62,6,0,1,0,0,0,0,0,0,213,0,0
1598599e,271,266,4,4,0,2,1,0,0,0,0,0,235,1,9
fed96827,747,722,23,16,0,2,0,7,0,0,0,0,615,2,6
6b625ac2,741,495,244,58,0,0,0,0,0,0,0,0,458,2,1
10ec4169,1,1,0,0,0,0,0,0,0,0,0,0,1,0,0
2ce2508a,162,154,7,6,0,2,3,1,0,0,0,0,132,1,0
2f90f6b8,515,440,72,16,1,3,42,45,11,2,9,0,395,3,15
6d5701f2,174,163,11,10,0,1,0,1,0,0,0,0,156,0,0
8397a50c,1042,1004,36,30,1,9,2,6,0,0,0,0,873,2,5
5cbd1eb0,893,691,199,22,0,0,35,177,0,0,0,0,623,3,38
74618572,481,463,13,0,1,2,21,11,2,0,0,0,383,5,14
3925dbd6,396,390,6,0,4,5,3,3,0,0,0,0,239,0,18
01ce9e70,317,295,22,1,0,1,6,0,0,0,0,0,186,0,12
c4720845,2,1,1,0,0,0,0,0,0,0,0,0,1,0,0
16e9d0ea,220,180,39,6,0,0,12,33,0,0,0,0,156,1,11
9674002f,767,695,68,17,6,8,64,5,34,11,19,1,577,4,23
2b622f01,55,51,4,0,0,0,6,3,1,0,0,0,39,0,3
f5a00fa4,878,779,95,45,7,6,43,3,23,9,8,0,718,4,13
92868cb5,1,0,1,1,0,0,0,0,0,0,0,0,1,0,0
049a888d,68,62,5,0,1,0,6,4,1,1,0,0,49,1,0
de112b84,204,193,10,0,4,0,22,6,3,1,0,0,131,1,15
1d5cab82,78,76,2,0,0,1,3,0,0,0,0,0,61,0,3
30d4a2e5,1054,850,197,9,1,2,46,186,2,1,1,0,802,7,23
ecada4fc,160,95,63,18,0,0,0,0,0,0,0,0,100,2,0
6b47c5db,599,580,19,13,0,4,1,3,0,0,0,0,520,0,8
c5bdb6e3,39,39,0,0,0,0,1,0,0,0,0,0,35,0,0
a9dc785c,407,252,154,45,0,1,0,0,0,0,0,0,256,1,0
7ba2eaa9,240,211,29,8,0,3,45,1,20,9,6,0,177,0,7
44bfb6c5,1457,1364,90,74,5,19,23,6,4,2,1,0,1205,3,26
00242715,50,47,3,3,0,0,0,0,0,0,0,0,38,0,1
39769cff,707,546,159,7,0,0,27,152,0,0,0,0,493,2,25
a53649b7,229,207,22,0,0,1,4,0,0,0,0,0,186,0,10
e6af02e0,653,628,23,12,3,24,26,4,7,3,3,0,518,2,15
4d77b365,241,234,4,0,1,3,14,2,1,0,0,0,158,3,10
7f94982c,0,0,0,0,0,0,0,0,0,0,0,0,0,0,0
df0a4c90,498,484,10,5,2,5,6,2,0,0,0,0,364,4,7
089667a5,214,207,7,4,0,0,4,3,0,0,0,0,166,0,4
74b2cd7e,214,209,5,5,0,0,0,0,0,0,0,0,174,0,0
c4486bac,821,697,123,37,1,11,130,11,61,28,24,3,579,1,31
e7ee38c3,111,79,32,8,0,1,0,0,0,0,0,0,65,0,0
828657ff,709,700,6,4,3,6,3,1,0,0,0,0,594,3,4
6612cd8c,6,6,0,0,0,0,0,0,0,0,0,0,4,0,1
c06d1086,55,55,0,0,0,2,0,0,0,0,0,0,41,0,2
2944f86f,129,128,1,0,0,0,1,1,0,0,0,0,97,0,2
ee950928,3,2,1,0,0,0,0,1,0,0,0,0,2,0,0
2f9e4435,114,112,2,0,1,2,11,2,0,0,0,0,77,0,4
38c7feef,99,95,2,0,2,3,2,2,0,0,0,0,73,2,3
d00d45ab,3,3,0,0,0,0,0,0,0,0,0,0,3,0,0
a78ff07f,830,805,23,17,0,24,2,0,0,0,0,0,673,2,11
dc7f8a28,72,71,1,0,0,1,4,0,1,0,0,0,62,0,0
e0bc6fdc,318,283,34,3,0,0,17,31,0,0,0,0,252,1,13
9b6f7fd5,628,589,34,12,7,5,15,1,0,0,0,0,494,5,11
529f49ab,1229,1192,34,17,5,8,4,17,0,0,0,0,1056,3,11
230f0471,517,399,117,5,1,0,29,112,0,0,0,0,396,1,9
a6b461e7,134,130,4,3,0,1,0,0,0,0,0,0,108,0,1
ac7e7b1c,8,8,0,0,0,0,0,0,0,0,0,0,8,0,0
6639e500,807,623,175,62,0,12,154,5,89,39,39,0,522,9,33
75a72a99,6,4,2,0,0,0,1,2,0,0,0,0,5,0,0
819aa8e7,171,156,14,1,5,0,17,1,11,6,5,0,118,1,11
6fe90922,764,607,154,9,0,10,127,94,51,47,1,0,496,3,28
6dfd8f05,604,490,110,5,1,0,56,104,1,0,0,0,415,4,29
53552942,21,20,0,0,0,0,0,0,0,0,0,0,18,1,1
4f565d77,58,57,1,1,0,0,0,0,0,0,0,0,53,0,0
515ebe8d,82,80,2,2,0,2,0,0,0,0,0,0,71,0,0
4806ec67,845,554,288,85,1,2,0,0,0,0,0,0,520,3,1
e541326e,571,529,38,9,0,1,3,29,0,0,0,0,426,4,2
7fcc71d8,520,481,36,3,7,7,35,9,18,5,6,0,350,3,15
4b40d9ca,568,396,172,49,0,1,0,0,0,0,0,0,389,0,0
27d0a506,32,25,7,1,0,0,2,6,0,0,0,0,24,0,0
86695068,175,165,9,0,1,0,11,2,2,0,0,0,128,1,11
b9403c99,14,14,0,0,0,0,1,0,0,0,0,0,12,0,0
1bf33a9a,229,225,2,0,0,0,7,2,0,0,0,0,185,2,6
466fb2c5,695,552,141,52,0,5,0,0,0,0,0,0,475,2,3
1544f145,543,537,2,2,0,0,9,0,0,0,0,0,449,4,11
a1d5bd30,542,529,9,0,2,3,16,6,0,0,0,0,410,4,23
98ea5115,981,699,280,106,0,12,0,1,0,0,0,0,630,2,1
28b40c9c,1420,1376,42,27,0,20,4,9,0,0,0,0,1225,2,5
ab651565,1,1,0,0,0,0,1,0,0,0,0,0,0,0,0
803ae100,819,779,37,9,0,2,35,4,2,1,1,0,622,3,26
0f7533cd,743,668,71,6,0,2,47,65,0,0,0,0,516,4,31
1c7012b8,1465,1415,49,32,2,45,33,2,15,11,1,0,1287,1,19
0a3d6d2b,146,140,6,3,0,0,0,3,0,0,0,0,120,0,0
fa031b34,194,189,5,0,3,1,10,0,0,0,0,0,138,0,9
7a1f2c08,35,28,7,2,0,0,0,4,1,0,0,0,26,0,1
71ef519e,18,18,0,0,0,0,1,0,0,0,0,0,12,0,2
2e4f5f03,1353,1118,234,34,0,7,128,145,55,14,34,0,1073,1,29
289601e6,1134,920,214,15,0,3,78,199,0,0,0,0,831,0,31
da27e268,864,817,44,26,0,7,37,3,14,8,5,0,664,3,13
17acc2ed,61,38,23,8,0,0,0,0,0,0,0,0,29,0,0
6434f10d,2162,2123,38,32,2,19,4,3,0,0,0,0,1976,1,13
1fb1c435,390,351,36,0,4,7,13,4,1,0,0,0,274,3,7
57c94db2,254,237,17,1,2,0,18,16,0,0,0,0,163,0,17
a3d94a58,895,846,48,34,1,15,0,14,0,0,0,0,777,1,19
4b511457,30,30,0,0,0,0,1,0,0,0,0,0,28,0,0
dea698d9,162,157,5,0,2,1,3,1,0,0,0,0,121,0,10
1b804500,4,3,1,1,0,0,1,0,0,0,0,0,3,0,0
b318a643,29,28,1,0,0,0,0,1,0,0,0,0,22,0,0
10a10454,94,87,7,1,1,0,4,1,4,0,3,1,83,0,0
c64c01fc,26,23,2,0,0,0,0,0,0,0,0,0,13,1,2
903b6e8b,808,578,226,44,0,1,0,0,0,0,0,0,584,4,1
e280527c,159,154,4,2,0,2,2,2,0,0,0,0,128,1,2
2b16cb1a,282,277,3,0,1,3,20,3,0,0,0,0,197,2,11
bc7dc64d,910,822,87,9,0,3,104,18,60,47,0,1,685,1,39
e342ad68,623,602,15,1,5,1,13,9,0,0,0,0,473,6,21
972aeb2a,1592,1554,38,29,0,0,1,0,0,0,0,0,1448,0,8
0b33f6ad,1156,1038,112,25,1,10,13,87,0,0,0,0,849,6,12
1b4f1169,140,135,5,5,1,1,0,0,0,0,0,0,132,0,1
1b4f1169,117,111,4,4,1,1,0,0,0,0,0,0,98,2,1
da7b447d,406,400,6,3,0,0,2,3,0,0,0,0,356,0,5
6a713852,748,581,162,35,0,4,0,0,0,0,0,0,571,5,3
dbf053da,372,365,7,0,1,1,9,7,0,0,0,0,308,0,12
6e7f1353,7,7,0,0,0,0,0,0,0,0,0,0,5,0,0
9744ff80,164,146,17,2,0,1,21,1,14,10,1,0,122,1,6
ac0d576d,59,59,0,0,0,0,3,0,0,0,0,0,46,0,1
8790f988,177,173,3,0,0,8,1,0,0,0,0,0,118,1,7
2964fd20,65,60,5,0,1,2,3,3,1,0,0,0,45,0,5
52afb588,15,15,0,0,0,0,2,0,0,0,0,0,10,0,0
c8aa95da,1141,1094,44,38,4,24,11,5,0,0,0,0,860,3,9
3312f911,685,646,36,11,1,1,11,23,0,0,0,0,519,3,16
d04b94db,827,697,129,2,4,1,28,127,0,0,0,0,671,1,15
efd2ec23,29,27,2,0,0,1,1,0,0,0,0,0,16,0,0
35141f4c,825,773,46,31,0,9,6,14,0,0,0,0,650,6,11
6aa3e78b,390,318,72,2,2,1,30,70,0,0,0,0,280,0,19
9c94165b,1346,1160,179,28,1,10,55,133,14,12,2,0,1102,7,27
3727dd3c,26,23,3,2,0,2,0,0,0,0,0,0,19,0,0
3727dd3c,80,78,2,2,0,1,2,0,0,0,0,0,64,0,0
3eb22ec9,1181,1122,57,10,1,9,56,39,7,0,2,0,1008,2,18
86e7deaf,1617,1559,51,46,0,13,1,2,0,0,0,0,1460,7,8
26d3b5be,30,28,2,0,1,0,0,0,0,0,0,0,19,0,0
8e16dd48,220,217,3,0,2,4,4,3,0,0,0,0,181,0,6
6250083a,191,189,2,2,1,0,9,0,0,0,0,0,154,0,5
20b104bc,874,680,193,16,0,2,25,177,0,0,0,0,678,1,17
17695062,22,20,2,0,0,0,2,0,2,2,0,0,19,0,1
839c14e1,24,23,1,0,0,0,3,1,0,0,0,0,19,0,0
839c14e1,2,2,0,0,0,0,0,0,0,0,0,0,2,0,0
e77dc3b2,283,253,30,0,1,1,4,2,0,0,0,0,192,0,21
886f9aac,48,45,3,1,0,0,1,2,0,0,0,0,38,0,0
6613c819,694,684,10,9,0,6,10,0,0,0,0,0,505,0,21
ae59b359,518,514,4,4,1,1,1,0,0,0,0,0,459,0,7
0a6cb1b1,177,168,7,7,0,6,0,0,0,0,0,0,141,2,2
21166ff4,49,47,2,2,0,0,0,0,0,0,0,0,39,0,0
9bc9a519,9,9,0,0,0,0,0,0,0,0,0,0,5,0,2
558807c0,126,103,22,0,0,0,10,22,0,0,0,0,72,1,7
6992791d,28,27,1,0,0,1,1,0,1,0,0,0,22,0,1
b2626673,23,23,0,0,0,0,3,0,0,0,0,0,9,0,3
6adbc307,28,25,3,1,0,0,0,2,0,0,0,0,23,0,0
6adbc307,159,158,1,1,0,0,1,0,0,0,0,0,129,0,2
b400bde0,465,447,16,0,4,0,32,4,7,7,0,0,345,2,17
5eecec3d,1052,1013,38,9,0,10,2,27,1,0,0,0,990,1,7
f4d296e4,1070,835,230,15,0,2,17,215,0,0,0,0,844,5,24
a62f8bf1,66,64,2,0,0,1,3,0,0,0,0,0,45,0,3
df04eb4b,276,274,1,1,0,1,12,0,0,0,0,0,202,1,10
b017b770,68,65,2,0,0,0,3,0,0,0,0,0,30,1,2
e9971f2d,87,86,1,1,0,0,1,0,0,0,0,0,78,0,0
e514ab62,283,224,58,13,0,3,26,32,13,8,4,0,216,1,6
15ea812b,1210,1162,41,38,3,12,0,3,0,0,0,0,1005,7,4
5c0da4a4,526,443,82,20,2,6,78,19,40,22,9,3,360,1,18
7120a04d,91,81,7,0,0,0,3,0,0,0,0,0,70,3,2
77d7c96f,948,712,229,22,1,7,57,207,0,0,0,0,689,7,26
fc027d02,456,354,100,14,3,1,6,86,0,0,0,0,363,2,18
56f7a928,1244,1172,68,33,7,6,33,13,15,6,7,0,1022,4,32
fce2302c,302,261,38,3,1,1,11,35,0,0,0,0,223,3,5
a105d46a,291,238,53,2,0,1,24,49,2,2,0,0,193,0,10
b3af9be1,413,361,51,4,2,2,9,47,0,0,0,0,337,1,8
e7ca0439,136,132,4,4,0,0,0,0,0,0,0,0,111,0,2
e09f279b,518,500,17,3,7,1,19,4,1,0,0,0,305,1,16
9a28eba4,345,343,1,0,2,0,55,1,0,0,0,0,231,1,14
999ceb5f,125,122,0,0,0,0,1,0,0,0,0,0,97,3,1
fe558029,324,182,142,32,0,0,0,1,0,0,0,0,244,0,0
21512407,1627,1195,424,115,12,7,234,188,121,45,51,11,1160,8,29
38ceb24a,112,101,11,0,0,3,16,1,9,6,0,0,85,0,3
38ceb24a,529,498,28,3,9,8,35,19,0,0,0,0,379,3,20
f315ca93,360,272,87,14,0,1,56,51,22,7,14,0,276,1,6
dd549382,63,61,2,0,1,0,1,0,0,0,0,0,51,0,1
531a4aa8,23,23,0,0,0,0,1,0,0,0,0,0,15,0,1
e06683ca,1514,1471,42,33,1,16,0,8,0,0,0,0,1360,1,4
9f8e9423,786,766,18,16,0,4,1,2,0,0,0,0,679,2,3
45963054,170,152,18,0,1,0,4,0,0,0,0,0,91,0,6
dad4b285,1077,923,149,26,1,2,11,123,0,0,0,0,902,5,20
6412cc03,157,148,9,5,1,0,11,3,1,1,0,0,124,0,3
08eb3b58,4,4,0,0,0,0,1,0,0,0,0,0,3,0,0
b937e490,24,19,5,1,0,0,2,4,0,0,0,0,15,0,1
8b529245,99,96,2,0,1,0,4,0,0,0,0,0,54,1,10
1ecb65be,45,44,1,0,0,0,5,0,0,0,0,0,32,0,1
86dd77d1,1117,1031,84,16,1,11,18,68,0,0,0,0,971,2,6
984a5a64,686,537,147,5,0,1,35,142,0,0,0,0,498,2,31
9e525177,360,305,54,3,0,2,9,51,0,0,0,0,298,1,9
d3ce0e89,881,625,251,66,0,4,0,0,0,0,0,0,652,5,2
8a7ff278,670,547,122,23,0,2,21,99,0,0,0,0,501,1,14
3515d404,1364,1150,212,99,1,11,172,3,94,39,46,0,1039,2,24
aed3a70f,378,369,7,0,0,1,7,2,0,0,0,0,266,2,7
c40b6180,1078,1022,55,21,0,6,2,34,0,0,0,0,941,1,5
c4e87b8b,116,116,0,0,2,1,0,0,0,0,0,0,84,0,5
ce5143da,222,215,5,0,4,0,0,0,0,0,0,0,183,2,3
35e413f1,1392,1203,185,31,3,12,39,154,0,0,0,0,1156,4,21
4d90ce8c,8,6,2,0,1,0,3,0,2,2,0,0,3,0,0
dd323728,680,526,150,23,3,4,73,114,13,7,6,0,441,4,26
8b9ebd03,545,524,20,3,3,9,27,3,14,3,4,0,427,1,13
a3b03921,617,594,19,2,1,1,33,6,0,0,0,0,499,4,15
c596fcb0,148,144,3,1,1,2,5,0,0,0,0,0,106,1,10
c6dc9ecd,175,165,10,2,0,0,11,4,3,1,0,0,131,0,9
2500cef9,216,208,5,1,4,0,10,1,0,0,0,0,153,3,10
4b803b3c,324,309,14,7,0,0,1,7,0,0,0,0,235,1,5
4e9a0555,106,105,1,0,0,0,0,0,0,0,0,0,66,0,1
4e9a0555,57,57,0,0,1,1,0,0,0,0,0,0,34,0,0
a5212312,818,776,41,26,0,7,3,15,0,0,0,0,651,1,6
e61b8aee,1153,1105,46,31,5,4,31,15,0,0,0,0,972,2,19
c1fe2a48,479,423,54,12,0,5,5,3,0,0,0,0,374,2,11
be927d03,763,601,156,31,2,9,26,120,5,2,0,2,567,6,19
b2bc3b1f,460,445,14,5,2,1,22,2,0,0,0,0,368,1,15
384d58d9,159,157,2,2,1,1,1,0,0,0,0,0,142,0,3
e8271ad9,579,456,122,9,0,1,17,113,0,0,0,0,417,1,29
51cf8561,1174,1048,124,30,1,7,27,94,0,0,0,0,1016,2,21
6622454d,328,292,32,8,4,3,55,6,17,10,4,1,209,4,11
ce4246f5,610,586,22,9,0,10,0,2,0,0,0,0,522,2,1
79300479,1060,977,77,58,16,7,59,8,11,4,4,1,844,6,26
