id,Touches,Def Pen,Def 3rd,Mid 3rd,Att 3rd,Att Pen,Live,Att,Succ,Tkld,Carries,TotDist,PrgDist,PrgC,1/3,CPA,Mis,Dis,Rec,PrgR
32c2d95f,1534.0,158.0,741.0,741.0,67.0,25.0,1534.0,19.0,9.0,10.0,1019.0,5954.0,3153.0,12.0,7.0,2.0,17.0,16.0,903.0,5.0
7978cbf0,709.0,9.0,113.0,428.0,189.0,11.0,709.0,36.0,20.0,14.0,519.0,3187.0,1614.0,28.0,32.0,4.0,20.0,12.0,502.0,68.0
82464ce3,1682.0,46.0,272.0,1146.0,276.0,14.0,1682.0,32.0,18.0,9.0,1364.0,7074.0,2617.0,29.0,44.0,3.0,30.0,27.0,1308.0,35.0
31626657,842.0,44.0,282.0,489.0,82.0,4.0,842.0,16.0,10.0,5.0,615.0,2509.0,1095.0,9.0,13.0,0.0,17.0,12.0,567.0,10.0
0e46fa2f,116.0,2.0,8.0,52.0,58.0,22.0,114.0,13.0,5.0,8.0,72.0,425.0,101.0,5.0,2.0,4.0,29.0,8.0,83.0,22.0
0e46fa2f,37.0,1.0,1.0,15.0,22.0,15.0,37.0,0.0,0.0,0.0,27.0,174.0,105.0,4.0,1.0,2.0,10.0,1.0,27.0,11.0
c2a6033c,754.0,22.0,111.0,290.0,370.0,96.0,754.0,66.0,23.0,37.0,559.0,3595.0,1597.0,62.0,26.0,24.0,51.0,25.0,539.0,177.0
1e93fc5d,25.0,0.0,4.0,11.0,10.0,0.0,25.0,1.0,0.0,1.0,21.0,134.0,75.0,2.0,2.0,0.0,0.0,1.0,19.0,1.0
7587446d,59.0,4.0,22.0,22.0,16.0,1.0,59.0,3.0,1.0,2.0,31.0,173.0,83.0,1.0,0.0,0.0,4.0,2.0,27.0,1.0
75f1ed80,1169.0,156.0,611.0,520.0,49.0,15.0,1169.0,8.0,5.0,3.0,811.0,4893.0,2446.0,11.0,13.0,2.0,16.0,9.0,696.0,5.0
8bc8829a,456.0,17.0,135.0,239.0,84.0,7.0,456.0,9.0,4.0,3.0,279.0,1371.0,559.0,6.0,10.0,0.0,4.0,8.0,303.0,2.0
3dd738a1,471.0,23.0,120.0,225.0,127.0,14.0,471.0,5.0,3.0,1.0,292.0,1521.0,659.0,10.0,6.0,1.0,7.0,3.0,270.0,22.0
22396615,18.0,0.0,3.0,8.0,7.0,0.0,18.0,1.0,1.0,0.0,12.0,74.0,21.0,0.0,1.0,0.0,4.0,2.0,12.0,2.0
48b28bfd,462.0,13.0,86.0,252.0,132.0,22.0,462.0,25.0,10.0,11.0,328.0,1787.0,713.0,14.0,11.0,7.0,25.0,12.0,294.0,29.0
462475ed,336.0,8.0,31.0,172.0,136.0,50.0,335.0,4.0,2.0,2.0,225.0,901.0,202.0,2.0,7.0,1.0,19.0,10.0,262.0,55.0
b625b241,134.0,4.0,20.0,54.0,62.0,9.0,134.0,6.0,2.0,4.0,107.0,600.0,265.0,5.0,3.0,1.0,5.0,6.0,98.0,21.0
9e17ccff,79.0,60.0,79.0,0.0,0.0,0.0,79.0,0.0,0.0,0.0,48.0,193.0,102.0,0.0,0.0,0.0,1.0,0.0,36.0,0.0
1956b948,681.0,23.0,133.0,299.0,262.0,46.0,681.0,59.0,25.0,28.0,514.0,3758.0,1662.0,53.0,38.0,8.0,33.0,30.0,470.0,96.0
0a63446f,649.0,30.0,161.0,345.0,147.0,11.0,649.0,12.0,6.0,6.0,333.0,2042.0,1114.0,24.0,19.0,0.0,10.0,12.0,313.0,27.0
9260926b,244.0,54.0,148.0,88.0,9.0,2.0,244.0,1.0,0.0,1.0,165.0,845.0,397.0,0.0,3.0,0.0,2.0,4.0,143.0,4.0
ae11ba3d,55.0,3.0,36.0,16.0,3.0,0.0,55.0,1.0,0.0,0.0,38.0,109.0,26.0,0.0,0.0,0.0,3.0,1.0,37.0,2.0
ef9c1c95,1889.0,75.0,437.0,1217.0,251.0,23.0,1889.0,27.0,15.0,10.0,1370.0,6785.0,3033.0,30.0,30.0,0.0,29.0,30.0,1302.0,28.0
af3ddb2e,539.0,12.0,37.0,315.0,190.0,50.0,537.0,11.0,5.0,4.0,382.0,1918.0,440.0,9.0,12.0,4.0,42.0,24.0,430.0,83.0
a5db0bec,356.0,2.0,35.0,219.0,104.0,20.0,356.0,15.0,4.0,9.0,277.0,1394.0,617.0,12.0,12.0,4.0,6.0,8.0,270.0,25.0
b94b8be1,86.0,1.0,6.0,49.0,31.0,4.0,86.0,4.0,0.0,3.0,65.0,465.0,276.0,7.0,4.0,0.0,3.0,3.0,64.0,9.0
feb5d3ab,554.0,37.0,158.0,292.0,113.0,4.0,554.0,18.0,6.0,10.0,372.0,2193.0,1173.0,15.0,13.0,0.0,12.0,10.0,339.0,51.0
c5e6c017,36.0,1.0,4.0,9.0,23.0,5.0,36.0,5.0,3.0,2.0,23.0,179.0,26.0,1.0,1.0,2.0,5.0,2.0,24.0,8.0
508a9011,4.0,0.0,2.0,1.0,1.0,0.0,4.0,1.0,0.0,1.0,2.0,36.0,33.0,1.0,0.0,0.0,0.0,0.0,0.0,0.0
b026bbf6,140.0,7.0,40.0,82.0,20.0,4.0,140.0,3.0,1.0,2.0,87.0,459.0,223.0,4.0,1.0,2.0,3.0,2.0,76.0,8.0
6a827d8e,518.0,18.0,127.0,242.0,159.0,12.0,518.0,30.0,11.0,17.0,359.0,2304.0,1230.0,30.0,22.0,5.0,9.0,3.0,326.0,45.0
6b5edd5d,1.0,0.0,0.0,0.0,1.0,0.0,1.0,0.0,0.0,0.0,2.0,76.0,0.0,0.0,0.0,0.0,0.0,1.0,2.0,0.0
7dfbba27,703.0,22.0,120.0,358.0,231.0,21.0,702.0,24.0,9.0,14.0,493.0,2693.0,922.0,20.0,12.0,3.0,18.0,4.0,459.0,56.0
a94d93be,647.0,70.0,365.0,284.0,3.0,1.0,647.0,1.0,0.0,0.0,411.0,2212.0,1076.0,3.0,1.0,0.0,2.0,0.0,393.0,0.0
114bbdee,67.0,7.0,35.0,31.0,2.0,2.0,67.0,0.0,0.0,0.0,51.0,277.0,100.0,0.0,0.0,0.0,0.0,0.0,51.0,0.0
06df8256,568.0,82.0,240.0,324.0,13.0,7.0,568.0,1.0,0.0,1.0,402.0,2118.0,1114.0,3.0,3.0,1.0,3.0,0.0,349.0,0.0
a1232f4e,255.0,26.0,122.0,115.0,20.0,10.0,255.0,3.0,2.0,1.0,139.0,811.0,389.0,3.0,2.0,0.0,7.0,2.0,126.0,3.0
5065d67d,70.0,15.0,42.0,28.0,0.0,0.0,70.0,1.0,1.0,0.0,48.0,294.0,137.0,0.0,0.0,0.0,0.0,0.0,44.0,0.0
7e3e825e,42.0,5.0,10.0,24.0,8.0,1.0,42.0,1.0,1.0,0.0,27.0,159.0,54.0,0.0,0.0,0.0,1.0,1.0,24.0,0.0
0af4dcf0,33.0,0.0,6.0,15.0,12.0,3.0,33.0,2.0,0.0,2.0,22.0,135.0,59.0,1.0,3.0,1.0,2.0,1.0,20.0,4.0
3975195f,832.0,66.0,300.0,304.0,243.0,22.0,832.0,47.0,20.0,20.0,542.0,4118.0,2117.0,41.0,38.0,4.0,23.0,10.0,467.0,75.0
a1390d2f,254.0,6.0,27.0,172.0,59.0,1.0,254.0,19.0,10.0,7.0,201.0,1323.0,738.0,12.0,13.0,1.0,6.0,11.0,188.0,6.0
7c3ed041,1407.0,162.0,644.0,686.0,86.0,8.0,1407.0,11.0,7.0,3.0,994.0,5738.0,2978.0,11.0,15.0,0.0,14.0,2.0,897.0,13.0
31822f8c,593.0,11.0,52.0,232.0,318.0,119.0,588.0,64.0,23.0,34.0,442.0,2685.0,1056.0,37.0,15.0,26.0,60.0,53.0,442.0,163.0
7fecbcdb,324.0,18.0,100.0,182.0,46.0,1.0,324.0,5.0,2.0,2.0,223.0,1112.0,509.0,6.0,2.0,0.0,4.0,3.0,196.0,11.0
b2bd0f6c,1148.0,12.0,97.0,493.0,574.0,89.0,1148.0,61.0,20.0,37.0,877.0,5313.0,2239.0,71.0,58.0,17.0,40.0,37.0,882.0,215.0
a0d55a09,253.0,3.0,34.0,93.0,132.0,39.0,253.0,37.0,18.0,18.0,167.0,1063.0,486.0,23.0,10.0,12.0,12.0,1.0,163.0,62.0
1ddbc7ca,1144.0,59.0,387.0,527.0,246.0,14.0,1144.0,31.0,12.0,14.0,706.0,3851.0,1724.0,28.0,38.0,2.0,17.0,10.0,630.0,76.0
3a24769f,371.0,7.0,66.0,177.0,133.0,19.0,371.0,12.0,7.0,4.0,283.0,1557.0,748.0,15.0,18.0,3.0,10.0,20.0,268.0,31.0
e3844ecb,270.0,0.0,29.0,152.0,93.0,2.0,270.0,18.0,11.0,6.0,176.0,1033.0,442.0,11.0,11.0,0.0,9.0,7.0,177.0,30.0
20e0dd86,677.0,10.0,93.0,295.0,303.0,40.0,677.0,45.0,15.0,25.0,435.0,2934.0,1205.0,40.0,26.0,12.0,41.0,27.0,399.0,84.0
5e6355f8,29.0,0.0,7.0,11.0,11.0,2.0,29.0,2.0,1.0,1.0,22.0,91.0,32.0,1.0,1.0,0.0,6.0,1.0,21.0,3.0
4a5e83ad,212.0,9.0,51.0,129.0,35.0,1.0,212.0,5.0,3.0,2.0,175.0,1144.0,501.0,5.0,7.0,1.0,5.0,4.0,150.0,3.0
5680bf3f,308.0,15.0,71.0,114.0,129.0,10.0,308.0,24.0,7.0,13.0,204.0,1411.0,584.0,21.0,13.0,4.0,13.0,6.0,190.0,44.0
1a248246,474.0,3.0,44.0,219.0,218.0,47.0,468.0,39.0,18.0,16.0,343.0,2246.0,903.0,26.0,19.0,18.0,35.0,14.0,329.0,53.0
1a248246,212.0,2.0,22.0,84.0,110.0,13.0,212.0,15.0,4.0,7.0,149.0,1023.0,484.0,16.0,10.0,4.0,16.0,4.0,144.0,31.0
2b1bed19,962.0,38.0,224.0,605.0,147.0,11.0,962.0,21.0,4.0,12.0,685.0,3593.0,1526.0,14.0,17.0,3.0,26.0,17.0,599.0,26.0
10f0fdd3,1111.0,24.0,174.0,574.0,384.0,23.0,1111.0,72.0,33.0,25.0,782.0,5537.0,2853.0,67.0,63.0,7.0,39.0,29.0,711.0,73.0
c678ddd7,90.0,12.0,53.0,38.0,0.0,0.0,90.0,0.0,0.0,0.0,76.0,354.0,217.0,0.0,0.0,0.0,0.0,0.0,71.0,0.0
3bd65247,336.0,0.0,23.0,152.0,166.0,28.0,336.0,22.0,10.0,8.0,222.0,1437.0,601.0,20.0,16.0,6.0,25.0,16.0,248.0,56.0
1f6298f2,4.0,0.0,0.0,2.0,2.0,0.0,4.0,0.0,0.0,0.0,3.0,13.0,6.0,0.0,0.0,0.0,1.0,2.0,3.0,0.0
942b4f90,489.0,0.0,17.0,194.0,281.0,92.0,484.0,36.0,17.0,17.0,372.0,2054.0,904.0,36.0,22.0,19.0,23.0,21.0,376.0,120.0
3189f61a,1593.0,50.0,398.0,1001.0,224.0,5.0,1592.0,64.0,34.0,20.0,1129.0,6331.0,2929.0,23.0,42.0,2.0,18.0,20.0,1039.0,4.0
e4114f5d,23.0,0.0,5.0,15.0,3.0,0.0,23.0,1.0,0.0,1.0,17.0,83.0,29.0,0.0,0.0,0.0,1.0,0.0,16.0,4.0
0b2c9aec,305.0,6.0,48.0,111.0,158.0,28.0,305.0,25.0,6.0,18.0,223.0,2146.0,1051.0,33.0,28.0,12.0,15.0,7.0,192.0,55.0
3916b09c,473.0,32.0,152.0,242.0,82.0,2.0,473.0,4.0,1.0,1.0,324.0,1567.0,722.0,4.0,15.0,0.0,2.0,1.0,290.0,14.0
28dabd43,482.0,405.0,480.0,2.0,0.0,0.0,482.0,0.0,0.0,0.0,280.0,1321.0,846.0,0.0,0.0,0.0,0.0,1.0,173.0,0.0
433dc9a2,757.0,33.0,200.0,363.0,199.0,38.0,757.0,26.0,13.0,12.0,565.0,2758.0,1195.0,17.0,12.0,8.0,6.0,6.0,547.0,96.0
03e91055,20.0,0.0,1.0,13.0,6.0,0.0,20.0,0.0,0.0,0.0,16.0,69.0,20.0,0.0,0.0,0.0,0.0,0.0,17.0,2.0
47c609d5,29.0,1.0,3.0,13.0,13.0,3.0,29.0,2.0,1.0,1.0,13.0,61.0,15.0,0.0,0.0,0.0,1.0,2.0,17.0,1.0
a3e1d20d,35.0,4.0,10.0,24.0,1.0,0.0,35.0,0.0,0.0,0.0,29.0,158.0,56.0,0.0,0.0,0.0,0.0,0.0,26.0,0.0
636247ca,163.0,6.0,21.0,72.0,72.0,12.0,163.0,13.0,2.0,8.0,117.0,692.0,324.0,15.0,9.0,7.0,8.0,2.0,116.0,30.0
3d214e5f,765.0,674.0,765.0,0.0,0.0,0.0,765.0,0.0,0.0,0.0,442.0,2274.0,1081.0,0.0,0.0,0.0,0.0,0.0,289.0,0.0
967f34d3,160.0,132.0,160.0,0.0,0.0,0.0,160.0,0.0,0.0,0.0,118.0,570.0,287.0,0.0,0.0,0.0,0.0,0.0,84.0,0.0
6191093d,1090.0,7.0,113.0,532.0,475.0,60.0,1087.0,99.0,45.0,44.0,827.0,6040.0,2699.0,79.0,50.0,23.0,62.0,56.0,774.0,160.0
3cdfc63e,1137.0,156.0,604.0,525.0,10.0,7.0,1137.0,1.0,0.0,0.0,825.0,3681.0,1744.0,0.0,0.0,0.0,3.0,0.0,763.0,0.0
6a9e4913,32.0,26.0,32.0,0.0,0.0,0.0,32.0,0.0,0.0,0.0,15.0,104.0,55.0,0.0,0.0,0.0,0.0,0.0,6.0,0.0
5b479568,46.0,1.0,4.0,16.0,26.0,11.0,46.0,1.0,0.0,1.0,24.0,85.0,27.0,1.0,0.0,1.0,8.0,2.0,37.0,6.0
2db2fd7b,193.0,31.0,95.0,97.0,1.0,0.0,193.0,0.0,0.0,0.0,127.0,546.0,196.0,0.0,0.0,0.0,0.0,0.0,121.0,0.0
7d937aa1,23.0,0.0,2.0,9.0,13.0,3.0,23.0,0.0,0.0,0.0,16.0,77.0,48.0,2.0,1.0,0.0,0.0,0.0,15.0,8.0
f6496133,136.0,2.0,21.0,58.0,59.0,8.0,136.0,4.0,0.0,3.0,90.0,566.0,263.0,7.0,4.0,1.0,5.0,2.0,84.0,15.0
9f936061,1255.0,62.0,377.0,517.0,380.0,46.0,1255.0,63.0,30.0,28.0,755.0,4273.0,1991.0,36.0,33.0,6.0,28.0,14.0,688.0,121.0
c03b7266,36.0,2.0,11.0,17.0,8.0,1.0,36.0,0.0,0.0,0.0,25.0,154.0,90.0,2.0,2.0,0.0,1.0,0.0,25.0,7.0
65fcf987,84.0,1.0,7.0,31.0,49.0,13.0,84.0,5.0,1.0,4.0,55.0,398.0,131.0,4.0,3.0,3.0,10.0,1.0,57.0,16.0
0400dd2f,114.0,0.0,12.0,53.0,52.0,11.0,114.0,14.0,9.0,5.0,83.0,619.0,282.0,8.0,5.0,5.0,5.0,5.0,84.0,19.0
f9d5908e,678.0,28.0,205.0,352.0,132.0,13.0,678.0,27.0,7.0,17.0,477.0,2759.0,1188.0,16.0,21.0,3.0,12.0,6.0,450.0,24.0
4fb18ca4,36.0,1.0,13.0,12.0,11.0,0.0,36.0,1.0,1.0,0.0,14.0,46.0,11.0,0.0,0.0,0.0,1.0,2.0,13.0,2.0
b0c71810,614.0,1.0,43.0,298.0,285.0,38.0,612.0,77.0,35.0,37.0,497.0,3351.0,1544.0,47.0,32.0,17.0,28.0,19.0,488.0,94.0
62e02107,88.0,5.0,21.0,40.0,27.0,1.0,88.0,6.0,4.0,2.0,58.0,372.0,159.0,6.0,4.0,1.0,6.0,0.0,50.0,11.0
20e73fac,1450.0,27.0,143.0,680.0,637.0,55.0,1449.0,25.0,9.0,14.0,1069.0,4885.0,1786.0,26.0,51.0,3.0,23.0,13.0,1018.0,192.0
02bcaf8e,288.0,1.0,27.0,118.0,146.0,19.0,288.0,16.0,4.0,11.0,228.0,1773.0,788.0,28.0,15.0,7.0,17.0,11.0,233.0,57.0
5b146df3,1284.0,142.0,593.0,555.0,151.0,14.0,1284.0,25.0,10.0,12.0,825.0,4935.0,2487.0,19.0,16.0,0.0,19.0,11.0,745.0,29.0
b088d5d3,517.0,16.0,112.0,204.0,205.0,13.0,517.0,25.0,10.0,11.0,337.0,2080.0,821.0,33.0,18.0,6.0,17.0,3.0,310.0,82.0
af69e7f0,114.0,4.0,27.0,53.0,36.0,5.0,114.0,0.0,0.0,0.0,78.0,421.0,178.0,2.0,6.0,0.0,3.0,0.0,69.0,15.0
3b676989,26.0,0.0,0.0,15.0,11.0,5.0,26.0,0.0,0.0,0.0,21.0,81.0,11.0,0.0,0.0,0.0,7.0,2.0,23.0,7.0
7b082ec2,407.0,26.0,113.0,196.0,103.0,8.0,407.0,19.0,4.0,11.0,249.0,1627.0,818.0,15.0,15.0,3.0,12.0,4.0,216.0,25.0
db87a2c4,70.0,64.0,70.0,0.0,0.0,0.0,70.0,0.0,0.0,0.0,46.0,210.0,72.0,0.0,0.0,0.0,0.0,0.0,29.0,0.0
148e136f,1257.0,11.0,100.0,584.0,585.0,79.0,1257.0,41.0,14.0,19.0,930.0,5361.0,2478.0,75.0,53.0,19.0,35.0,24.0,920.0,135.0
46359159,432.0,13.0,88.0,162.0,193.0,19.0,432.0,24.0,12.0,11.0,282.0,2002.0,887.0,26.0,17.0,8.0,26.0,6.0,247.0,65.0
928a4a61,591.0,30.0,158.0,308.0,132.0,24.0,591.0,34.0,13.0,14.0,419.0,2370.0,1366.0,25.0,21.0,5.0,24.0,11.0,372.0,15.0
94f8d10c,3.0,1.0,2.0,1.0,0.0,0.0,3.0,0.0,0.0,0.0,2.0,5.0,3.0,0.0,0.0,0.0,0.0,0.0,2.0,0.0
8577e60a,696.0,25.0,151.0,427.0,132.0,25.0,696.0,30.0,12.0,16.0,446.0,2502.0,1082.0,22.0,16.0,2.0,22.0,12.0,399.0,36.0
489e80e3,1089.0,29.0,227.0,714.0,164.0,6.0,1089.0,36.0,15.0,12.0,835.0,4266.0,1938.0,21.0,18.0,1.0,25.0,17.0,780.0,11.0
5a6b06cd,11.0,0.0,0.0,3.0,8.0,1.0,11.0,1.0,0.0,0.0,7.0,71.0,35.0,2.0,2.0,0.0,0.0,0.0,5.0,1.0
7d3dfdfd,264.0,28.0,119.0,144.0,4.0,0.0,264.0,0.0,0.0,0.0,193.0,1306.0,868.0,4.0,2.0,0.0,4.0,1.0,191.0,0.0
9f4a940f,46.0,0.0,6.0,17.0,24.0,9.0,46.0,4.0,1.0,3.0,28.0,282.0,81.0,2.0,3.0,1.0,4.0,3.0,30.0,9.0
79b2399c,603.0,22.0,144.0,320.0,143.0,15.0,603.0,17.0,8.0,8.0,420.0,2333.0,892.0,12.0,17.0,4.0,18.0,12.0,388.0,23.0
f81ef10d,1323.0,36.0,203.0,741.0,390.0,44.0,1323.0,40.0,16.0,19.0,986.0,4726.0,1818.0,22.0,49.0,8.0,45.0,28.0,917.0,65.0
5e080f73,85.0,2.0,7.0,41.0,37.0,12.0,85.0,5.0,1.0,3.0,56.0,290.0,92.0,3.0,1.0,2.0,7.0,3.0,57.0,14.0
e3e32fbb,86.0,3.0,29.0,45.0,15.0,2.0,86.0,4.0,2.0,2.0,54.0,247.0,133.0,1.0,2.0,1.0,1.0,0.0,47.0,7.0
8608f269,56.0,44.0,56.0,0.0,0.0,0.0,56.0,0.0,0.0,0.0,32.0,211.0,112.0,0.0,0.0,0.0,0.0,0.0,19.0,0.0
e0f3a1f6,1055.0,97.0,441.0,565.0,55.0,13.0,1055.0,13.0,8.0,3.0,665.0,3427.0,1724.0,13.0,15.0,0.0,16.0,4.0,590.0,13.0
4db5915d,299.0,7.0,61.0,85.0,161.0,19.0,299.0,39.0,14.0,20.0,227.0,1735.0,822.0,30.0,19.0,7.0,26.0,14.0,210.0,70.0
c92c24f0,867.0,115.0,435.0,396.0,43.0,6.0,867.0,8.0,3.0,4.0,636.0,4288.0,2088.0,17.0,14.0,0.0,6.0,2.0,558.0,6.0
3c6bbbab,689.0,48.0,183.0,330.0,183.0,9.0,689.0,36.0,21.0,12.0,392.0,2384.0,1088.0,26.0,15.0,4.0,14.0,8.0,389.0,70.0
f5dfc256,0.0,0.0,0.0,0.0,0.0,0.0,0.0,0.0,0.0,0.0,0.0,0.0,0.0,0.0,0.0,0.0,0.0,0.0,0.0,0.0
5d9577aa,164.0,4.0,17.0,113.0,36.0,0.0,164.0,1.0,0.0,1.0,104.0,455.0,181.0,1.0,3.0,0.0,5.0,3.0,103.0,8.0
2180c761,218.0,21.0,90.0,121.0,9.0,1.0,218.0,0.0,0.0,0.0,172.0,698.0,202.0,0.0,1.0,0.0,2.0,2.0,152.0,1.0
357103bd,793.0,26.0,104.0,383.0,312.0,59.0,793.0,17.0,4.0,12.0,592.0,3025.0,1488.0,50.0,24.0,14.0,41.0,17.0,597.0,135.0
18ebca4b,120.0,5.0,11.0,67.0,43.0,14.0,120.0,4.0,2.0,1.0,91.0,433.0,139.0,2.0,3.0,0.0,8.0,6.0,92.0,18.0
16aa7d4c,999.0,112.0,517.0,456.0,32.0,15.0,999.0,2.0,2.0,0.0,674.0,3355.0,1775.0,2.0,2.0,0.0,5.0,2.0,604.0,2.0
279ddf6a,936.0,45.0,286.0,486.0,168.0,28.0,936.0,15.0,7.0,6.0,645.0,2822.0,980.0,13.0,15.0,4.0,14.0,6.0,591.0,33.0
b34c63a5,723.0,0.0,34.0,271.0,434.0,71.0,723.0,75.0,35.0,35.0,559.0,4129.0,2157.0,67.0,52.0,33.0,37.0,33.0,562.0,146.0
9d498560,117.0,11.0,50.0,48.0,20.0,1.0,117.0,2.0,0.0,2.0,74.0,454.0,193.0,2.0,1.0,0.0,4.0,1.0,59.0,6.0
b3d76d84,639.0,506.0,638.0,1.0,0.0,0.0,639.0,0.0,0.0,0.0,510.0,2574.0,1752.0,0.0,0.0,0.0,1.0,0.0,391.0,0.0
68a26d51,1324.0,19.0,198.0,944.0,192.0,9.0,1324.0,12.0,7.0,4.0,1037.0,5117.0,2117.0,15.0,20.0,1.0,5.0,6.0,985.0,18.0
7909ffa4,810.0,64.0,261.0,466.0,92.0,8.0,810.0,14.0,6.0,5.0,517.0,2519.0,973.0,3.0,7.0,0.0,14.0,5.0,476.0,21.0
7495aba7,148.0,5.0,23.0,64.0,61.0,2.0,148.0,6.0,2.0,4.0,91.0,471.0,197.0,3.0,8.0,0.0,4.0,5.0,87.0,17.0
ff4d0258,19.0,4.0,12.0,5.0,2.0,1.0,19.0,1.0,0.0,1.0,12.0,56.0,5.0,0.0,0.0,0.0,1.0,1.0,10.0,1.0
741418c3,39.0,4.0,9.0,18.0,12.0,0.0,39.0,0.0,0.0,0.0,24.0,129.0,34.0,0.0,1.0,0.0,3.0,2.0,25.0,1.0
741418c3,245.0,5.0,30.0,122.0,97.0,18.0,245.0,20.0,6.0,11.0,191.0,1124.0,438.0,9.0,5.0,4.0,13.0,8.0,195.0,38.0
5219ab4a,1038.0,37.0,206.0,420.0,427.0,70.0,1038.0,40.0,16.0,21.0,675.0,3860.0,1938.0,48.0,26.0,13.0,25.0,10.0,650.0,136.0
3010aefb,197.0,8.0,47.0,75.0,80.0,15.0,197.0,3.0,1.0,2.0,133.0,802.0,432.0,10.0,3.0,2.0,12.0,6.0,122.0,27.0
c4065f40,428.0,62.0,224.0,176.0,31.0,1.0,428.0,2.0,0.0,2.0,309.0,1699.0,762.0,3.0,4.0,0.0,3.0,3.0,290.0,9.0
cfa49cc1,621.0,38.0,219.0,283.0,126.0,8.0,621.0,11.0,1.0,10.0,433.0,2388.0,1183.0,21.0,16.0,1.0,6.0,4.0,398.0,56.0
0e7ccfc4,371.0,21.0,95.0,146.0,134.0,8.0,371.0,8.0,2.0,1.0,226.0,1151.0,488.0,18.0,7.0,2.0,10.0,5.0,201.0,56.0
59948ef7,833.0,4.0,47.0,414.0,382.0,42.0,833.0,43.0,25.0,14.0,696.0,4718.0,2362.0,61.0,62.0,9.0,28.0,24.0,680.0,123.0
bfb2056e,21.0,1.0,7.0,15.0,0.0,0.0,21.0,1.0,1.0,0.0,18.0,121.0,87.0,1.0,0.0,0.0,0.0,0.0,15.0,0.0
909222de,482.0,12.0,60.0,219.0,214.0,55.0,482.0,69.0,28.0,30.0,322.0,2119.0,692.0,17.0,7.0,8.0,61.0,28.0,323.0,78.0
2434f24a,638.0,531.0,635.0,3.0,0.0,0.0,638.0,1.0,1.0,0.0,377.0,1899.0,975.0,0.0,0.0,0.0,0.0,0.0,254.0,0.0
ef8ae23b,785.0,21.0,124.0,546.0,122.0,4.0,785.0,8.0,5.0,2.0,565.0,2899.0,1281.0,17.0,12.0,2.0,12.0,5.0,534.0,14.0
8f325097,747.0,66.0,289.0,329.0,133.0,19.0,747.0,15.0,5.0,8.0,447.0,2740.0,1368.0,20.0,16.0,3.0,18.0,4.0,407.0,34.0
1ec7e1c5,295.0,17.0,105.0,166.0,25.0,3.0,295.0,2.0,1.0,1.0,206.0,1084.0,441.0,2.0,6.0,0.0,2.0,1.0,200.0,1.0
29c02c9f,417.0,14.0,87.0,177.0,160.0,13.0,417.0,18.0,8.0,8.0,274.0,1748.0,1037.0,21.0,20.0,3.0,7.0,4.0,255.0,34.0
b70afb45,440.0,15.0,27.0,210.0,206.0,68.0,440.0,14.0,6.0,4.0,293.0,1407.0,456.0,16.0,10.0,7.0,29.0,13.0,341.0,104.0
7ef972c3,71.0,3.0,23.0,28.0,20.0,1.0,71.0,0.0,0.0,0.0,45.0,234.0,129.0,2.0,2.0,0.0,1.0,0.0,43.0,3.0
6e33125f,1948.0,164.0,719.0,1166.0,72.0,21.0,1948.0,24.0,14.0,7.0,1418.0,9063.0,5088.0,24.0,24.0,1.0,15.0,9.0,1318.0,2.0
fd2bc67d,1873.0,247.0,983.0,864.0,33.0,16.0,1873.0,7.0,2.0,5.0,1435.0,6878.0,3370.0,7.0,2.0,0.0,10.0,7.0,1340.0,1.0
5069b796,696.0,103.0,405.0,284.0,12.0,9.0,696.0,0.0,0.0,0.0,460.0,2377.0,1031.0,2.0,1.0,0.0,3.0,3.0,430.0,1.0
ce50fd99,789.0,18.0,56.0,342.0,399.0,144.0,784.0,46.0,17.0,23.0,591.0,3062.0,1157.0,39.0,29.0,26.0,60.0,30.0,593.0,188.0
5fdcb075,721.0,38.0,225.0,375.0,130.0,1.0,721.0,8.0,3.0,3.0,417.0,2165.0,1052.0,24.0,16.0,0.0,11.0,4.0,396.0,37.0
4ca4f601,650.0,15.0,94.0,355.0,216.0,34.0,650.0,36.0,18.0,15.0,452.0,2661.0,1221.0,31.0,22.0,5.0,28.0,12.0,439.0,58.0
0be95d34,491.0,2.0,49.0,230.0,225.0,33.0,488.0,37.0,14.0,17.0,322.0,1966.0,908.0,28.0,16.0,11.0,23.0,17.0,315.0,65.0
8332db56,454.0,18.0,93.0,193.0,173.0,16.0,454.0,17.0,7.0,8.0,301.0,1851.0,814.0,24.0,17.0,8.0,13.0,1.0,281.0,73.0
e4448c8c,19.0,0.0,6.0,9.0,4.0,1.0,19.0,0.0,0.0,0.0,9.0,30.0,8.0,1.0,0.0,1.0,0.0,0.0,8.0,0.0
d33c706e,309.0,7.0,21.0,150.0,141.0,37.0,306.0,12.0,4.0,7.0,224.0,1093.0,372.0,7.0,7.0,1.0,23.0,9.0,246.0,48.0
d33c706e,79.0,0.0,6.0,36.0,37.0,14.0,79.0,5.0,4.0,1.0,43.0,145.0,35.0,0.0,1.0,0.0,7.0,3.0,56.0,17.0
7304f3b1,106.0,1.0,8.0,44.0,56.0,10.0,106.0,6.0,2.0,2.0,84.0,631.0,304.0,6.0,6.0,3.0,7.0,7.0,84.0,25.0
e7986081,261.0,8.0,17.0,124.0,123.0,42.0,261.0,10.0,4.0,6.0,163.0,867.0,216.0,8.0,5.0,5.0,27.0,15.0,191.0,57.0
11f54bd5,41.0,0.0,5.0,12.0,27.0,5.0,41.0,9.0,7.0,2.0,40.0,350.0,148.0,5.0,7.0,3.0,6.0,6.0,37.0,10.0
99d660b2,1718.0,28.0,265.0,958.0,510.0,29.0,1714.0,22.0,14.0,5.0,1195.0,5881.0,2448.0,30.0,36.0,5.0,21.0,8.0,1157.0,78.0
477e50ce,28.0,26.0,28.0,0.0,0.0,0.0,28.0,0.0,0.0,0.0,18.0,149.0,124.0,0.0,0.0,0.0,0.0,0.0,5.0,0.0
1d5c96f8,1145.0,60.0,302.0,563.0,289.0,20.0,1145.0,31.0,15.0,12.0,752.0,3852.0,1657.0,34.0,29.0,4.0,29.0,13.0,695.0,80.0
1bfb6fef,1608.0,65.0,435.0,865.0,323.0,26.0,1608.0,21.0,11.0,8.0,1092.0,4945.0,2410.0,28.0,32.0,6.0,20.0,11.0,1043.0,59.0
d8c19a60,83.0,4.0,30.0,32.0,23.0,1.0,83.0,3.0,1.0,1.0,46.0,264.0,96.0,0.0,1.0,0.0,1.0,1.0,37.0,6.0
fb55f63a,25.0,0.0,4.0,8.0,13.0,2.0,25.0,0.0,0.0,0.0,12.0,82.0,37.0,2.0,2.0,1.0,0.0,1.0,12.0,4.0
6605d143,631.0,15.0,54.0,287.0,296.0,101.0,630.0,44.0,15.0,26.0,430.0,2437.0,763.0,20.0,18.0,6.0,73.0,21.0,480.0,120.0
b3244eeb,981.0,65.0,386.0,482.0,127.0,1.0,981.0,23.0,8.0,11.0,616.0,3688.0,1663.0,31.0,26.0,0.0,25.0,7.0,512.0,16.0
6d0fe035,427.0,9.0,83.0,216.0,134.0,14.0,427.0,24.0,9.0,10.0,318.0,1992.0,940.0,26.0,20.0,6.0,16.0,13.0,277.0,30.0
698f11e3,635.0,39.0,234.0,289.0,115.0,6.0,635.0,16.0,6.0,9.0,438.0,2552.0,1271.0,20.0,19.0,1.0,21.0,3.0,391.0,37.0
29939a1d,444.0,17.0,107.0,160.0,192.0,35.0,444.0,63.0,20.0,37.0,321.0,2448.0,1293.0,37.0,19.0,19.0,27.0,12.0,255.0,76.0
8104e41e,739.0,10.0,65.0,269.0,410.0,61.0,739.0,44.0,20.0,14.0,513.0,3159.0,1402.0,57.0,32.0,20.0,36.0,12.0,535.0,157.0
f41a69e6,1015.0,833.0,1007.0,8.0,0.0,0.0,1015.0,0.0,0.0,0.0,644.0,3614.0,2378.0,0.0,0.0,0.0,0.0,0.0,419.0,0.0
40774c6b,76.0,1.0,4.0,39.0,34.0,15.0,76.0,3.0,2.0,1.0,54.0,303.0,112.0,5.0,1.0,2.0,7.0,4.0,58.0,23.0
40774c6b,91.0,0.0,7.0,37.0,47.0,14.0,90.0,14.0,4.0,8.0,69.0,324.0,97.0,2.0,2.0,1.0,7.0,5.0,72.0,18.0
92b56413,88.0,0.0,9.0,41.0,38.0,5.0,88.0,2.0,1.0,1.0,66.0,263.0,123.0,1.0,1.0,1.0,1.0,1.0,61.0,4.0
6de23ab0,1034.0,72.0,425.0,553.0,59.0,7.0,1034.0,9.0,4.0,3.0,704.0,3391.0,1771.0,3.0,12.0,0.0,12.0,1.0,698.0,3.0
4be0b467,161.0,1.0,3.0,78.0,83.0,24.0,161.0,9.0,2.0,5.0,109.0,590.0,197.0,13.0,6.0,3.0,13.0,7.0,128.0,48.0
37143438,50.0,1.0,5.0,18.0,28.0,3.0,50.0,4.0,1.0,3.0,31.0,177.0,113.0,3.0,7.0,0.0,0.0,2.0,34.0,9.0
19053e31,665.0,12.0,113.0,314.0,247.0,25.0,665.0,34.0,14.0,19.0,514.0,3498.0,1481.0,41.0,27.0,7.0,33.0,19.0,480.0,67.0
19053e31,48.0,0.0,0.0,14.0,35.0,5.0,48.0,5.0,1.0,3.0,33.0,255.0,127.0,5.0,5.0,3.0,3.0,3.0,32.0,10.0
eedea60b,640.0,548.0,638.0,1.0,1.0,0.0,640.0,1.0,1.0,0.0,439.0,2268.0,1263.0,0.0,0.0,0.0,2.0,0.0,277.0,0.0
ad82197c,1514.0,152.0,540.0,886.0,107.0,29.0,1513.0,10.0,5.0,5.0,1056.0,7514.0,4532.0,44.0,32.0,3.0,11.0,11.0,973.0,12.0
b2336681,1760.0,167.0,754.0,970.0,54.0,18.0,1760.0,13.0,5.0,6.0,1362.0,7103.0,3838.0,9.0,13.0,1.0,5.0,8.0,1266.0,4.0
43e7a164,1420.0,188.0,672.0,694.0,65.0,20.0,1420.0,4.0,3.0,1.0,877.0,4763.0,2408.0,4.0,8.0,0.0,6.0,6.0,799.0,3.0
627b570a,18.0,0.0,0.0,8.0,10.0,2.0,18.0,1.0,1.0,0.0,14.0,82.0,11.0,0.0,1.0,0.0,2.0,2.0,16.0,3.0
1bd5bdc4,2.0,0.0,0.0,2.0,0.0,0.0,2.0,0.0,0.0,0.0,2.0,7.0,2.0,0.0,0.0,0.0,0.0,0.0,2.0,0.0
fffea3e5,363.0,4.0,44.0,126.0,211.0,40.0,363.0,79.0,42.0,32.0,316.0,2722.0,1362.0,42.0,28.0,20.0,19.0,13.0,276.0,77.0
836dc4a8,23.0,0.0,1.0,7.0,16.0,2.0,23.0,2.0,0.0,2.0,16.0,111.0,75.0,3.0,2.0,0.0,3.0,1.0,16.0,7.0
1b5b32d2,12.0,0.0,0.0,7.0,5.0,0.0,12.0,0.0,0.0,0.0,7.0,26.0,2.0,0.0,0.0,0.0,0.0,1.0,11.0,0.0
08f5afaa,710.0,636.0,705.0,6.0,0.0,0.0,710.0,0.0,0.0,0.0,492.0,2258.0,1357.0,0.0,1.0,0.0,0.0,0.0,326.0,0.0
a1dbfcb1,101.0,1.0,13.0,40.0,51.0,9.0,101.0,21.0,8.0,10.0,67.0,446.0,214.0,8.0,4.0,2.0,8.0,5.0,64.0,23.0
dff0c299,92.0,5.0,20.0,59.0,14.0,1.0,92.0,2.0,1.0,1.0,62.0,337.0,177.0,2.0,3.0,0.0,0.0,0.0,54.0,1.0
92d90c8f,58.0,0.0,7.0,18.0,33.0,10.0,58.0,6.0,2.0,3.0,44.0,285.0,119.0,4.0,1.0,1.0,7.0,5.0,50.0,15.0
9e7483ff,484.0,6.0,44.0,252.0,200.0,27.0,484.0,59.0,33.0,22.0,371.0,2355.0,1062.0,32.0,25.0,7.0,27.0,22.0,355.0,65.0
b4ef3fb5,4.0,0.0,1.0,3.0,0.0,0.0,4.0,0.0,0.0,0.0,3.0,14.0,5.0,0.0,0.0,0.0,0.0,0.0,3.0,0.0
0512a60a,708.0,48.0,271.0,390.0,59.0,2.0,708.0,20.0,11.0,8.0,474.0,2715.0,1321.0,12.0,15.0,1.0,15.0,14.0,423.0,11.0
9226aa22,523.0,7.0,66.0,276.0,185.0,31.0,522.0,27.0,14.0,12.0,385.0,2198.0,944.0,24.0,14.0,3.0,28.0,11.0,356.0,64.0
9daeac61,977.0,47.0,292.0,488.0,217.0,12.0,977.0,56.0,17.0,30.0,646.0,4107.0,2108.0,41.0,34.0,5.0,20.0,3.0,574.0,73.0
6d7ede84,79.0,5.0,14.0,27.0,39.0,4.0,79.0,1.0,0.0,1.0,59.0,329.0,130.0,2.0,2.0,0.0,2.0,1.0,58.0,12.0
0e12089d,920.0,704.0,917.0,3.0,0.0,0.0,920.0,1.0,1.0,0.0,626.0,3388.0,2196.0,0.0,0.0,0.0,2.0,0.0,473.0,0.0
0cbc8baa,1041.0,64.0,289.0,512.0,257.0,9.0,1041.0,30.0,7.0,18.0,627.0,3835.0,2080.0,39.0,40.0,5.0,19.0,13.0,568.0,66.0
5b92d896,319.0,3.0,21.0,142.0,162.0,43.0,319.0,22.0,6.0,13.0,226.0,1543.0,456.0,16.0,12.0,7.0,21.0,12.0,225.0,54.0
104b4ad3,65.0,4.0,15.0,26.0,28.0,4.0,65.0,8.0,1.0,5.0,43.0,347.0,115.0,4.0,6.0,3.0,4.0,5.0,38.0,12.0
0d7b6576,494.0,4.0,34.0,211.0,256.0,78.0,494.0,45.0,16.0,23.0,361.0,2553.0,955.0,36.0,28.0,23.0,66.0,32.0,373.0,131.0
0b4f388a,605.0,19.0,38.0,259.0,320.0,83.0,604.0,66.0,28.0,34.0,443.0,2407.0,764.0,21.0,25.0,11.0,56.0,40.0,470.0,130.0
1a066e69,775.0,118.0,411.0,346.0,24.0,9.0,775.0,6.0,4.0,2.0,480.0,2487.0,1387.0,9.0,4.0,0.0,2.0,3.0,409.0,1.0
bc7b4580,149.0,10.0,32.0,64.0,53.0,4.0,149.0,4.0,1.0,3.0,87.0,409.0,191.0,4.0,6.0,0.0,4.0,1.0,80.0,18.0
83f03b07,545.0,26.0,151.0,278.0,121.0,15.0,545.0,30.0,14.0,15.0,341.0,2097.0,1155.0,29.0,20.0,8.0,18.0,6.0,295.0,27.0
9c221d14,150.0,38.0,85.0,64.0,2.0,1.0,150.0,2.0,1.0,1.0,91.0,402.0,210.0,1.0,0.0,0.0,1.0,1.0,76.0,1.0
745ca0a3,184.0,1.0,15.0,88.0,84.0,10.0,184.0,20.0,15.0,2.0,130.0,1002.0,560.0,20.0,12.0,6.0,11.0,1.0,128.0,18.0
745ca0a3,216.0,1.0,15.0,112.0,95.0,6.0,216.0,20.0,3.0,16.0,160.0,1198.0,543.0,14.0,12.0,1.0,4.0,3.0,153.0,16.0
faf00ab8,328.0,8.0,78.0,214.0,44.0,2.0,328.0,9.0,5.0,3.0,234.0,1247.0,507.0,5.0,5.0,0.0,6.0,6.0,208.0,6.0
4b792f35,15.0,0.0,1.0,9.0,5.0,1.0,15.0,1.0,0.0,1.0,10.0,55.0,5.0,0.0,0.0,0.0,2.0,3.0,12.0,3.0
375622c5,1440.0,39.0,339.0,914.0,198.0,4.0,1440.0,31.0,10.0,13.0,1103.0,5668.0,2626.0,27.0,27.0,1.0,24.0,35.0,1048.0,23.0
50ac8941,46.0,1.0,3.0,19.0,25.0,5.0,46.0,0.0,0.0,0.0,36.0,237.0,191.0,4.0,1.0,2.0,1.0,0.0,32.0,4.0
caef7840,787.0,26.0,171.0,327.0,301.0,30.0,787.0,21.0,6.0,13.0,483.0,2403.0,1067.0,16.0,25.0,2.0,36.0,13.0,426.0,85.0
5313ed43,1403.0,20.0,149.0,782.0,482.0,72.0,1401.0,60.0,31.0,25.0,1178.0,7207.0,2945.0,78.0,65.0,23.0,42.0,29.0,1148.0,176.0
9d420dad,261.0,233.0,259.0,2.0,0.0,0.0,261.0,1.0,1.0,0.0,178.0,1013.0,740.0,0.0,1.0,1.0,0.0,0.0,99.0,0.0
822d51d7,1393.0,42.0,233.0,874.0,302.0,26.0,1393.0,66.0,31.0,31.0,1009.0,5629.0,2760.0,52.0,56.0,6.0,32.0,32.0,945.0,52.0
90eb507d,611.0,25.0,162.0,274.0,180.0,11.0,611.0,8.0,6.0,0.0,405.0,2212.0,941.0,22.0,18.0,0.0,12.0,6.0,367.0,73.0
90f87966,1421.0,192.0,678.0,684.0,63.0,21.0,1421.0,0.0,0.0,0.0,1023.0,4969.0,2445.0,5.0,9.0,0.0,7.0,1.0,990.0,7.0
574aa9ec,3.0,0.0,2.0,1.0,0.0,0.0,3.0,0.0,0.0,0.0,1.0,2.0,2.0,0.0,0.0,0.0,0.0,0.0,1.0,0.0
00a8d210,1453.0,50.0,258.0,541.0,671.0,45.0,1452.0,16.0,3.0,11.0,890.0,4424.0,1711.0,34.0,31.0,8.0,22.0,6.0,845.0,189.0
4b96c347,147.0,1.0,11.0,76.0,60.0,5.0,147.0,5.0,1.0,4.0,86.0,327.0,131.0,4.0,3.0,1.0,4.0,4.0,116.0,23.0
db3164e1,598.0,538.0,597.0,1.0,0.0,0.0,598.0,0.0,0.0,0.0,332.0,1467.0,807.0,0.0,1.0,1.0,0.0,0.0,230.0,0.0
42276181,755.0,7.0,66.0,351.0,347.0,77.0,754.0,37.0,14.0,20.0,568.0,3369.0,1401.0,37.0,42.0,15.0,36.0,24.0,550.0,117.0
23c63b7f,328.0,5.0,30.0,150.0,153.0,49.0,328.0,17.0,5.0,10.0,225.0,1280.0,414.0,12.0,6.0,2.0,27.0,15.0,232.0,67.0
23c63b7f,17.0,0.0,2.0,13.0,3.0,0.0,17.0,1.0,0.0,1.0,13.0,120.0,30.0,0.0,1.0,0.0,2.0,2.0,11.0,3.0
868eaba0,1465.0,57.0,423.0,874.0,178.0,4.0,1465.0,12.0,4.0,8.0,1126.0,5278.0,2176.0,8.0,16.0,0.0,21.0,9.0,1033.0,16.0
badcdcae,105.0,10.0,36.0,43.0,26.0,5.0,105.0,7.0,2.0,5.0,50.0,314.0,132.0,4.0,2.0,0.0,2.0,1.0,47.0,4.0
ea0ff634,275.0,10.0,29.0,122.0,125.0,32.0,275.0,2.0,1.0,1.0,163.0,657.0,175.0,5.0,6.0,1.0,21.0,6.0,184.0,40.0
8827bf46,244.0,4.0,31.0,113.0,103.0,11.0,244.0,7.0,2.0,3.0,199.0,1053.0,408.0,9.0,7.0,3.0,14.0,15.0,199.0,29.0
5b3cfa12,36.0,1.0,2.0,21.0,13.0,2.0,36.0,2.0,2.0,0.0,26.0,147.0,35.0,1.0,0.0,0.0,0.0,1.0,30.0,5.0
c5adc293,234.0,12.0,67.0,112.0,55.0,1.0,234.0,3.0,1.0,0.0,103.0,360.0,210.0,3.0,1.0,0.0,0.0,1.0,139.0,15.0
41eebdf5,965.0,107.0,407.0,483.0,82.0,23.0,965.0,8.0,4.0,3.0,680.0,4319.0,2601.0,25.0,23.0,0.0,8.0,3.0,634.0,16.0
3befc2b6,1563.0,228.0,730.0,754.0,85.0,20.0,1563.0,6.0,2.0,4.0,964.0,4685.0,2182.0,8.0,9.0,0.0,8.0,1.0,915.0,5.0
3708e9fa,972.0,13.0,130.0,403.0,465.0,60.0,972.0,38.0,19.0,11.0,670.0,4550.0,2305.0,66.0,42.0,18.0,37.0,23.0,621.0,147.0
1961b2aa,911.0,27.0,156.0,595.0,172.0,12.0,911.0,23.0,13.0,8.0,707.0,3082.0,1108.0,10.0,15.0,2.0,17.0,18.0,686.0,27.0
645a3363,1339.0,19.0,229.0,788.0,330.0,29.0,1338.0,37.0,21.0,7.0,1077.0,5087.0,2188.0,25.0,26.0,7.0,30.0,21.0,1084.0,79.0
b8c1de25,476.0,13.0,124.0,312.0,47.0,2.0,476.0,14.0,8.0,6.0,343.0,1724.0,764.0,5.0,6.0,0.0,10.0,6.0,328.0,1.0
a9d4c241,959.0,89.0,468.0,459.0,40.0,18.0,959.0,11.0,3.0,4.0,605.0,3486.0,1677.0,9.0,5.0,1.0,14.0,8.0,533.0,3.0
aad56ca3,99.0,3.0,12.0,35.0,52.0,7.0,99.0,3.0,0.0,2.0,75.0,470.0,179.0,8.0,3.0,2.0,7.0,5.0,79.0,18.0
aad56ca3,591.0,5.0,28.0,242.0,329.0,81.0,591.0,41.0,18.0,23.0,442.0,2547.0,966.0,39.0,23.0,14.0,42.0,22.0,444.0,103.0
06c48679,1431.0,76.0,409.0,932.0,103.0,6.0,1431.0,21.0,12.0,8.0,1099.0,6626.0,3877.0,23.0,32.0,2.0,13.0,7.0,1065.0,8.0
49136c42,566.0,58.0,236.0,260.0,80.0,6.0,566.0,12.0,7.0,3.0,370.0,2213.0,1183.0,18.0,12.0,1.0,11.0,4.0,307.0,14.0
4a987ffa,11.0,0.0,1.0,3.0,7.0,0.0,11.0,0.0,0.0,0.0,6.0,31.0,17.0,1.0,1.0,0.0,0.0,0.0,6.0,2.0
d5d22a58,96.0,3.0,21.0,38.0,38.0,8.0,96.0,7.0,5.0,2.0,54.0,417.0,204.0,11.0,4.0,2.0,0.0,2.0,56.0,13.0
f6857b4f,11.0,0.0,1.0,1.0,9.0,0.0,11.0,0.0,0.0,0.0,6.0,20.0,10.0,0.0,1.0,0.0,1.0,0.0,7.0,5.0
5ea8ef20,1080.0,19.0,151.0,606.0,343.0,48.0,1080.0,25.0,11.0,11.0,857.0,5228.0,2678.0,36.0,37.0,7.0,17.0,9.0,813.0,73.0
b73f17f8,415.0,7.0,56.0,194.0,177.0,40.0,415.0,61.0,32.0,25.0,312.0,2585.0,1121.0,37.0,18.0,7.0,42.0,23.0,303.0,84.0
7155e3e1,388.0,9.0,72.0,246.0,73.0,7.0,388.0,7.0,1.0,4.0,297.0,1687.0,881.0,9.0,4.0,1.0,7.0,6.0,271.0,13.0
5d8d7454,291.0,23.0,82.0,122.0,94.0,1.0,291.0,14.0,7.0,6.0,135.0,649.0,309.0,5.0,7.0,1.0,6.0,4.0,125.0,21.0
923f4dda,13.0,1.0,1.0,3.0,9.0,5.0,13.0,0.0,0.0,0.0,9.0,43.0,0.0,0.0,0.0,0.0,0.0,1.0,8.0,6.0
7091324a,3.0,1.0,2.0,1.0,0.0,0.0,3.0,0.0,0.0,0.0,1.0,7.0,0.0,0.0,0.0,0.0,0.0,1.0,0.0,0.0
d56b9520,1477.0,43.0,319.0,704.0,471.0,19.0,1477.0,48.0,20.0,19.0,1091.0,6147.0,2833.0,60.0,70.0,8.0,17.0,10.0,982.0,137.0
576817b7,309.0,16.0,93.0,160.0,63.0,5.0,309.0,23.0,16.0,7.0,161.0,1052.0,480.0,10.0,8.0,2.0,10.0,7.0,169.0,13.0
5167c97e,853.0,55.0,239.0,453.0,164.0,21.0,853.0,14.0,5.0,3.0,600.0,3248.0,1594.0,18.0,18.0,5.0,14.0,5.0,555.0,41.0
e42d61c7,1211.0,31.0,249.0,489.0,489.0,61.0,1211.0,50.0,20.0,22.0,958.0,5442.0,3029.0,67.0,52.0,18.0,16.0,17.0,899.0,178.0
a94571f6,45.0,2.0,14.0,14.0,17.0,1.0,45.0,1.0,0.0,1.0,21.0,112.0,30.0,0.0,1.0,1.0,2.0,0.0,27.0,5.0
0b4d8274,371.0,4.0,18.0,162.0,194.0,31.0,371.0,29.0,13.0,16.0,255.0,1741.0,724.0,25.0,12.0,8.0,28.0,11.0,265.0,81.0
52cd0e88,14.0,0.0,0.0,6.0,9.0,0.0,14.0,5.0,3.0,2.0,11.0,109.0,22.0,1.0,2.0,0.0,2.0,1.0,10.0,2.0
e7d59f4f,341.0,10.0,33.0,139.0,176.0,30.0,341.0,36.0,13.0,18.0,284.0,1842.0,791.0,19.0,13.0,9.0,18.0,17.0,273.0,54.0
07ace8c3,22.0,0.0,2.0,6.0,14.0,8.0,22.0,0.0,0.0,0.0,17.0,85.0,16.0,1.0,0.0,1.0,3.0,2.0,21.0,6.0
563fcd6b,533.0,7.0,83.0,253.0,204.0,34.0,533.0,23.0,7.0,14.0,408.0,2626.0,1146.0,36.0,21.0,12.0,14.0,12.0,379.0,83.0
f28474a4,97.0,3.0,18.0,64.0,15.0,0.0,97.0,2.0,0.0,2.0,64.0,318.0,109.0,0.0,1.0,0.0,0.0,0.0,61.0,0.0
3681cfff,546.0,84.0,325.0,201.0,24.0,5.0,546.0,2.0,1.0,1.0,357.0,1750.0,700.0,1.0,2.0,0.0,3.0,1.0,324.0,2.0
61b77d0a,86.0,6.0,17.0,49.0,21.0,5.0,86.0,9.0,3.0,6.0,60.0,325.0,109.0,1.0,2.0,0.0,5.0,6.0,58.0,8.0
db7849ca,885.0,13.0,119.0,320.0,464.0,54.0,885.0,43.0,10.0,28.0,616.0,4402.0,2049.0,75.0,44.0,20.0,39.0,12.0,564.0,169.0
00891164,1297.0,146.0,667.0,606.0,28.0,17.0,1297.0,2.0,1.0,1.0,898.0,4406.0,2189.0,6.0,6.0,2.0,6.0,1.0,813.0,1.0
910e3cad,5.0,0.0,1.0,2.0,2.0,0.0,5.0,0.0,0.0,0.0,4.0,8.0,1.0,0.0,0.0,0.0,1.0,2.0,7.0,1.0
d14229f3,745.0,5.0,99.0,373.0,284.0,50.0,745.0,26.0,8.0,14.0,562.0,3061.0,1145.0,25.0,29.0,8.0,46.0,20.0,531.0,114.0
fb0ee44e,631.0,18.0,41.0,306.0,290.0,83.0,631.0,19.0,5.0,12.0,393.0,2182.0,583.0,19.0,17.0,3.0,59.0,24.0,438.0,122.0
c9f49454,75.0,1.0,13.0,28.0,36.0,5.0,75.0,6.0,5.0,1.0,58.0,378.0,165.0,7.0,11.0,1.0,3.0,10.0,54.0,6.0
546bb36e,539.0,51.0,195.0,318.0,31.0,2.0,539.0,7.0,4.0,1.0,362.0,1557.0,524.0,3.0,3.0,0.0,6.0,4.0,312.0,0.0
cf182add,1124.0,41.0,259.0,556.0,320.0,39.0,1124.0,27.0,10.0,13.0,742.0,3735.0,1735.0,31.0,37.0,8.0,19.0,23.0,677.0,94.0
dbd3a428,868.0,5.0,93.0,332.0,463.0,66.0,868.0,84.0,38.0,35.0,651.0,4991.0,2300.0,79.0,44.0,25.0,62.0,29.0,621.0,170.0
a0415710,456.0,11.0,75.0,216.0,171.0,22.0,456.0,5.0,2.0,2.0,300.0,1855.0,905.0,27.0,23.0,7.0,9.0,3.0,308.0,60.0
96f4ebc0,14.0,0.0,1.0,3.0,10.0,3.0,14.0,2.0,0.0,2.0,11.0,79.0,34.0,2.0,0.0,1.0,1.0,1.0,11.0,2.0
eeba07f8,119.0,7.0,15.0,53.0,53.0,20.0,119.0,3.0,3.0,0.0,78.0,440.0,181.0,5.0,5.0,0.0,7.0,1.0,80.0,17.0
300ec91c,13.0,0.0,1.0,4.0,9.0,0.0,13.0,1.0,0.0,1.0,9.0,80.0,18.0,1.0,2.0,0.0,1.0,1.0,8.0,2.0
5cb215fc,731.0,122.0,419.0,291.0,21.0,12.0,731.0,2.0,1.0,1.0,526.0,2831.0,1490.0,4.0,3.0,0.0,5.0,1.0,475.0,5.0
45cce300,8.0,0.0,0.0,5.0,3.0,1.0,8.0,0.0,0.0,0.0,5.0,31.0,11.0,0.0,1.0,0.0,1.0,0.0,6.0,3.0
5b4bc323,783.0,54.0,283.0,328.0,179.0,4.0,783.0,28.0,13.0,8.0,519.0,3094.0,1511.0,19.0,27.0,1.0,9.0,12.0,445.0,48.0
56ae428b,1146.0,193.0,653.0,465.0,32.0,17.0,1146.0,2.0,1.0,1.0,732.0,3922.0,1830.0,3.0,9.0,0.0,13.0,2.0,668.0,0.0
f323d995,863.0,167.0,472.0,363.0,31.0,23.0,863.0,1.0,1.0,0.0,496.0,2502.0,1177.0,2.0,3.0,1.0,11.0,2.0,470.0,5.0
c066d1a5,409.0,19.0,93.0,155.0,164.0,24.0,409.0,23.0,8.0,13.0,282.0,1850.0,932.0,22.0,17.0,5.0,18.0,7.0,270.0,80.0
32f3d97e,54.0,0.0,8.0,23.0,23.0,2.0,54.0,1.0,0.0,0.0,42.0,236.0,79.0,1.0,1.0,1.0,1.0,4.0,40.0,12.0
5b1bf5e3,18.0,0.0,4.0,11.0,4.0,0.0,18.0,0.0,0.0,0.0,16.0,103.0,53.0,2.0,2.0,0.0,0.0,0.0,16.0,1.0
bf4c41f9,424.0,7.0,34.0,172.0,224.0,68.0,424.0,31.0,13.0,15.0,293.0,1677.0,496.0,24.0,9.0,16.0,41.0,24.0,292.0,118.0
dd211559,1313.0,111.0,488.0,594.0,244.0,33.0,1313.0,33.0,19.0,11.0,844.0,5565.0,2736.0,53.0,39.0,5.0,26.0,14.0,748.0,61.0
a426a912,52.0,6.0,23.0,25.0,4.0,0.0,52.0,0.0,0.0,0.0,38.0,242.0,126.0,1.0,1.0,0.0,2.0,1.0,28.0,2.0
3814120d,143.0,120.0,143.0,0.0,0.0,0.0,143.0,0.0,0.0,0.0,86.0,416.0,244.0,0.0,0.0,0.0,0.0,0.0,57.0,0.0
c5908bc4,48.0,1.0,4.0,24.0,22.0,1.0,48.0,5.0,2.0,3.0,33.0,245.0,120.0,2.0,3.0,0.0,4.0,1.0,31.0,4.0
c43a8336,164.0,12.0,58.0,68.0,41.0,3.0,164.0,8.0,1.0,5.0,99.0,526.0,202.0,5.0,8.0,1.0,8.0,5.0,80.0,16.0
c9f2f83a,138.0,15.0,76.0,61.0,2.0,0.0,138.0,1.0,1.0,0.0,94.0,565.0,297.0,0.0,0.0,0.0,3.0,0.0,84.0,0.0
796b1c41,729.0,14.0,122.0,385.0,240.0,33.0,729.0,37.0,17.0,15.0,482.0,2665.0,1172.0,17.0,21.0,5.0,31.0,17.0,435.0,54.0
2677a1de,434.0,7.0,54.0,214.0,173.0,34.0,434.0,38.0,17.0,15.0,303.0,2010.0,739.0,18.0,11.0,10.0,32.0,20.0,284.0,60.0
3670aa71,12.0,0.0,3.0,8.0,1.0,0.0,12.0,0.0,0.0,0.0,4.0,24.0,22.0,1.0,0.0,0.0,0.0,0.0,8.0,0.0
aef6e670,566.0,59.0,211.0,318.0,39.0,7.0,566.0,3.0,2.0,0.0,414.0,1905.0,1024.0,4.0,8.0,0.0,4.0,5.0,406.0,4.0
3935e52e,856.0,38.0,227.0,432.0,206.0,26.0,856.0,9.0,3.0,6.0,573.0,3033.0,1721.0,26.0,16.0,2.0,14.0,5.0,535.0,52.0
1361e5bc,118.0,4.0,56.0,56.0,8.0,0.0,118.0,8.0,5.0,2.0,59.0,361.0,232.0,4.0,2.0,0.0,1.0,3.0,66.0,2.0
04bb2b06,296.0,7.0,32.0,141.0,128.0,26.0,295.0,12.0,8.0,2.0,198.0,995.0,335.0,6.0,10.0,2.0,38.0,15.0,227.0,56.0
e6eadfb8,286.0,35.0,119.0,143.0,28.0,0.0,286.0,7.0,1.0,1.0,181.0,963.0,459.0,9.0,5.0,0.0,8.0,1.0,150.0,10.0
86a2ba20,1071.0,81.0,323.0,618.0,159.0,12.0,1071.0,45.0,28.0,12.0,850.0,5554.0,2509.0,44.0,34.0,3.0,25.0,20.0,745.0,22.0
562a4799,295.0,32.0,146.0,141.0,12.0,8.0,295.0,0.0,0.0,0.0,168.0,1101.0,584.0,2.0,1.0,0.0,1.0,0.0,172.0,1.0
c385bf49,395.0,18.0,114.0,171.0,111.0,10.0,395.0,19.0,7.0,11.0,225.0,1297.0,545.0,5.0,7.0,3.0,8.0,6.0,222.0,41.0
397ba086,444.0,12.0,35.0,242.0,174.0,47.0,443.0,41.0,19.0,20.0,320.0,1671.0,429.0,13.0,5.0,8.0,58.0,36.0,352.0,85.0
c90f380c,43.0,1.0,8.0,11.0,24.0,10.0,43.0,5.0,1.0,4.0,31.0,207.0,65.0,1.0,1.0,0.0,5.0,2.0,31.0,14.0
7cdda3bf,597.0,13.0,66.0,292.0,243.0,76.0,597.0,29.0,13.0,14.0,402.0,2273.0,1031.0,34.0,24.0,12.0,39.0,17.0,415.0,99.0
7cdda3bf,92.0,2.0,3.0,41.0,51.0,24.0,92.0,2.0,2.0,0.0,61.0,349.0,150.0,8.0,4.0,4.0,11.0,4.0,59.0,20.0
9dbb75ca,869.0,9.0,60.0,333.0,483.0,131.0,865.0,49.0,25.0,18.0,652.0,2879.0,950.0,25.0,19.0,11.0,42.0,36.0,637.0,155.0
eb0db257,171.0,3.0,20.0,109.0,44.0,1.0,171.0,4.0,2.0,1.0,118.0,585.0,207.0,0.0,3.0,0.0,1.0,0.0,109.0,4.0
4e7db402,859.0,748.0,857.0,3.0,0.0,0.0,859.0,3.0,1.0,2.0,538.0,2899.0,1582.0,1.0,0.0,0.0,1.0,0.0,356.0,0.0
770d7eb8,425.0,32.0,191.0,157.0,83.0,2.0,425.0,10.0,5.0,4.0,217.0,1224.0,604.0,10.0,7.0,0.0,7.0,6.0,205.0,11.0
01870104,141.0,2.0,6.0,47.0,90.0,32.0,141.0,11.0,8.0,1.0,107.0,547.0,187.0,7.0,5.0,4.0,17.0,10.0,115.0,36.0
f066022d,929.0,220.0,551.0,364.0,15.0,6.0,929.0,1.0,1.0,0.0,648.0,3629.0,1904.0,4.0,4.0,0.0,5.0,2.0,612.0,0.0
0ed063d6,716.0,39.0,204.0,329.0,198.0,18.0,716.0,55.0,23.0,26.0,515.0,3698.0,1817.0,53.0,38.0,11.0,27.0,29.0,448.0,83.0
2d22cea7,136.0,0.0,26.0,52.0,64.0,19.0,136.0,17.0,14.0,1.0,103.0,800.0,445.0,14.0,5.0,5.0,4.0,4.0,87.0,21.0
afe39ca8,522.0,15.0,131.0,217.0,176.0,34.0,522.0,30.0,10.0,20.0,362.0,2282.0,1043.0,37.0,23.0,15.0,18.0,6.0,325.0,68.0
547a72ad,142.0,7.0,26.0,61.0,56.0,5.0,142.0,4.0,2.0,1.0,82.0,450.0,177.0,4.0,8.0,0.0,5.0,2.0,88.0,14.0
88c4d190,418.0,21.0,62.0,172.0,191.0,46.0,418.0,41.0,12.0,24.0,276.0,1803.0,467.0,18.0,9.0,8.0,40.0,26.0,301.0,68.0
6f806d99,1833.0,67.0,389.0,1033.0,445.0,23.0,1833.0,97.0,42.0,42.0,1328.0,8190.0,3752.0,66.0,58.0,11.0,50.0,39.0,1222.0,59.0
2321ea6e,1479.0,111.0,517.0,731.0,246.0,25.0,1479.0,22.0,8.0,10.0,915.0,5173.0,2780.0,48.0,35.0,4.0,14.0,10.0,827.0,55.0
321a71a7,1146.0,144.0,529.0,569.0,63.0,8.0,1146.0,13.0,12.0,0.0,783.0,4253.0,2337.0,9.0,17.0,0.0,10.0,4.0,701.0,4.0
5bf26efc,18.0,0.0,2.0,12.0,4.0,0.0,18.0,1.0,1.0,0.0,13.0,44.0,15.0,0.0,0.0,0.0,1.0,0.0,11.0,0.0
2fa2a875,194.0,155.0,191.0,4.0,0.0,0.0,194.0,0.0,0.0,0.0,102.0,616.0,414.0,0.0,0.0,0.0,0.0,0.0,72.0,0.0
f5044e54,1083.0,66.0,328.0,600.0,176.0,13.0,1083.0,17.0,7.0,7.0,743.0,4354.0,1939.0,18.0,26.0,6.0,21.0,10.0,653.0,23.0
8ca9415f,32.0,0.0,11.0,16.0,7.0,2.0,32.0,3.0,2.0,1.0,18.0,175.0,59.0,1.0,3.0,2.0,5.0,0.0,18.0,1.0
2b471f99,724.0,39.0,204.0,451.0,73.0,6.0,724.0,16.0,11.0,5.0,579.0,2983.0,1278.0,14.0,14.0,0.0,4.0,1.0,549.0,10.0
1e52971c,1107.0,27.0,227.0,670.0,219.0,14.0,1107.0,40.0,18.0,17.0,854.0,3918.0,1585.0,17.0,23.0,1.0,31.0,16.0,786.0,29.0
1e7aea56,618.0,479.0,617.0,2.0,0.0,0.0,618.0,0.0,0.0,0.0,343.0,2111.0,975.0,0.0,0.0,0.0,2.0,0.0,211.0,0.0
fcc84a07,503.0,16.0,130.0,297.0,89.0,13.0,503.0,20.0,7.0,10.0,322.0,1768.0,827.0,10.0,11.0,2.0,13.0,13.0,290.0,16.0
17e25e72,21.0,0.0,3.0,7.0,11.0,3.0,21.0,2.0,2.0,0.0,16.0,53.0,25.0,0.0,3.0,0.0,2.0,2.0,15.0,3.0
f7691f63,895.0,34.0,257.0,367.0,282.0,8.0,895.0,13.0,4.0,8.0,531.0,2655.0,1171.0,19.0,26.0,2.0,17.0,6.0,501.0,83.0
fd78b105,287.0,223.0,284.0,3.0,0.0,0.0,287.0,0.0,0.0,0.0,178.0,964.0,626.0,0.0,0.0,0.0,0.0,0.0,109.0,0.0
40221fa7,630.0,44.0,217.0,290.0,138.0,8.0,630.0,36.0,15.0,18.0,374.0,2771.0,1537.0,31.0,15.0,3.0,27.0,15.0,304.0,39.0
40221fa7,70.0,3.0,37.0,29.0,6.0,0.0,70.0,6.0,5.0,1.0,38.0,325.0,212.0,3.0,2.0,0.0,0.0,0.0,41.0,1.0
f00de885,676.0,564.0,672.0,5.0,0.0,0.0,676.0,1.0,0.0,1.0,436.0,2362.0,1569.0,0.0,0.0,0.0,0.0,0.0,297.0,0.0
7c2965bb,706.0,15.0,101.0,330.0,288.0,34.0,706.0,58.0,32.0,22.0,494.0,3168.0,1416.0,38.0,31.0,7.0,27.0,25.0,470.0,68.0
20b9f052,744.0,508.0,725.0,19.0,0.0,0.0,744.0,0.0,0.0,0.0,540.0,2634.0,1472.0,0.0,0.0,0.0,0.0,0.0,386.0,0.0
64c14d49,598.0,32.0,156.0,327.0,129.0,10.0,598.0,22.0,6.0,12.0,414.0,2520.0,1103.0,15.0,14.0,3.0,20.0,13.0,373.0,20.0
fc4cf6a7,1238.0,74.0,408.0,610.0,243.0,13.0,1238.0,56.0,29.0,21.0,810.0,5584.0,3071.0,61.0,40.0,5.0,29.0,17.0,751.0,66.0
1a2935f6,658.0,59.0,273.0,359.0,30.0,8.0,658.0,1.0,0.0,1.0,454.0,2729.0,1557.0,7.0,7.0,0.0,2.0,0.0,464.0,0.0
a99138af,191.0,8.0,29.0,136.0,32.0,5.0,191.0,14.0,9.0,3.0,147.0,968.0,398.0,5.0,6.0,1.0,3.0,1.0,125.0,6.0
5b9512c5,1669.0,122.0,662.0,955.0,62.0,17.0,1669.0,8.0,4.0,3.0,1313.0,6662.0,3394.0,10.0,20.0,1.0,11.0,7.0,1247.0,6.0
e05082d1,406.0,9.0,97.0,195.0,115.0,12.0,406.0,17.0,7.0,8.0,289.0,1491.0,559.0,15.0,7.0,1.0,12.0,6.0,267.0,26.0
b3f8bdef,826.0,36.0,190.0,348.0,299.0,27.0,826.0,32.0,10.0,15.0,517.0,3170.0,1419.0,42.0,27.0,7.0,23.0,8.0,482.0,109.0
dfc5d4fa,38.0,1.0,10.0,26.0,3.0,0.0,38.0,1.0,0.0,1.0,26.0,130.0,57.0,0.0,1.0,0.0,1.0,0.0,22.0,1.0
d4d35152,631.0,23.0,150.0,357.0,131.0,6.0,631.0,23.0,18.0,5.0,414.0,2488.0,1148.0,19.0,20.0,0.0,10.0,12.0,365.0,17.0
caa7aaea,1259.0,50.0,326.0,763.0,180.0,20.0,1259.0,23.0,4.0,16.0,835.0,3903.0,1543.0,10.0,19.0,2.0,15.0,9.0,801.0,48.0
fc46aab1,722.0,10.0,83.0,341.0,312.0,29.0,721.0,26.0,13.0,11.0,550.0,3692.0,1747.0,34.0,38.0,3.0,30.0,19.0,515.0,71.0
22bfb57e,220.0,3.0,53.0,142.0,35.0,3.0,220.0,10.0,8.0,2.0,164.0,1092.0,497.0,8.0,9.0,1.0,5.0,8.0,167.0,13.0
654f49ca,67.0,2.0,6.0,28.0,36.0,11.0,67.0,9.0,2.0,7.0,49.0,424.0,181.0,9.0,4.0,0.0,4.0,5.0,46.0,17.0
48d5bd33,302.0,7.0,35.0,125.0,148.0,10.0,302.0,15.0,10.0,5.0,204.0,1262.0,641.0,13.0,11.0,1.0,13.0,10.0,221.0,36.0
0f86995c,13.0,1.0,1.0,7.0,5.0,0.0,13.0,1.0,1.0,0.0,10.0,73.0,36.0,2.0,2.0,0.0,1.0,1.0,9.0,1.0
1d2d5cc8,810.0,600.0,802.0,9.0,0.0,0.0,810.0,1.0,1.0,0.0,554.0,2408.0,1512.0,0.0,0.0,0.0,2.0,0.0,402.0,0.0
c801616a,756.0,28.0,128.0,491.0,140.0,3.0,754.0,5.0,3.0,1.0,450.0,2272.0,1029.0,9.0,16.0,1.0,8.0,3.0,403.0,12.0
c4173f1a,400.0,353.0,398.0,2.0,0.0,0.0,400.0,0.0,0.0,0.0,255.0,1269.0,876.0,0.0,1.0,1.0,0.0,0.0,168.0,0.0
706a60e1,92.0,1.0,15.0,31.0,48.0,4.0,92.0,7.0,4.0,2.0,49.0,331.0,187.0,4.0,2.0,2.0,6.0,4.0,61.0,16.0
e54a9890,721.0,24.0,175.0,299.0,258.0,26.0,721.0,37.0,12.0,21.0,418.0,2619.0,1309.0,31.0,33.0,10.0,25.0,15.0,391.0,78.0
740f00ac,1072.0,31.0,171.0,680.0,249.0,23.0,1072.0,63.0,38.0,19.0,774.0,5035.0,2550.0,46.0,44.0,6.0,39.0,32.0,709.0,46.0
d9764034,982.0,110.0,431.0,533.0,24.0,18.0,982.0,6.0,1.0,4.0,674.0,3128.0,1529.0,3.0,3.0,0.0,6.0,4.0,618.0,0.0
d5f2f82b,1669.0,209.0,721.0,901.0,52.0,28.0,1669.0,0.0,0.0,0.0,1346.0,6484.0,3399.0,2.0,8.0,2.0,7.0,4.0,1280.0,10.0
468fdbad,214.0,6.0,48.0,144.0,22.0,3.0,214.0,0.0,0.0,0.0,167.0,796.0,334.0,3.0,6.0,0.0,2.0,1.0,159.0,1.0
3ef0fa48,219.0,3.0,30.0,74.0,118.0,22.0,219.0,13.0,3.0,9.0,168.0,1029.0,525.0,14.0,9.0,6.0,10.0,7.0,153.0,48.0
eba1e557,180.0,2.0,36.0,100.0,47.0,7.0,180.0,10.0,5.0,5.0,114.0,663.0,356.0,9.0,9.0,3.0,7.0,2.0,115.0,13.0
6ea05ca7,49.0,1.0,16.0,25.0,9.0,1.0,49.0,3.0,0.0,3.0,35.0,167.0,64.0,0.0,1.0,0.0,0.0,0.0,29.0,0.0
15944afd,307.0,16.0,65.0,216.0,28.0,0.0,307.0,7.0,0.0,6.0,201.0,1073.0,466.0,1.0,2.0,0.0,2.0,7.0,190.0,4.0
cf1ef7ec,145.0,25.0,90.0,51.0,4.0,3.0,145.0,0.0,0.0,0.0,114.0,599.0,310.0,0.0,2.0,0.0,2.0,0.0,108.0,0.0
cf1ef7ec,128.0,5.0,24.0,71.0,34.0,1.0,128.0,1.0,1.0,0.0,59.0,252.0,126.0,3.0,1.0,0.0,0.0,0.0,84.0,9.0
70d4c949,6.0,0.0,0.0,1.0,5.0,0.0,6.0,0.0,0.0,0.0,4.0,10.0,3.0,0.0,0.0,0.0,0.0,0.0,5.0,2.0
a17a94d6,1130.0,65.0,348.0,655.0,140.0,1.0,1130.0,16.0,9.0,5.0,797.0,3921.0,1752.0,4.0,13.0,0.0,15.0,7.0,691.0,7.0
87d31635,84.0,3.0,15.0,34.0,36.0,5.0,84.0,12.0,7.0,3.0,60.0,486.0,203.0,8.0,4.0,1.0,8.0,1.0,56.0,14.0
30144daa,306.0,11.0,44.0,132.0,142.0,28.0,306.0,36.0,14.0,20.0,228.0,1591.0,569.0,17.0,21.0,7.0,31.0,20.0,209.0,50.0
2c70d915,56.0,5.0,11.0,34.0,11.0,0.0,56.0,1.0,0.0,1.0,39.0,195.0,113.0,1.0,2.0,0.0,0.0,0.0,35.0,1.0
b20cc590,306.0,56.0,189.0,111.0,8.0,5.0,306.0,1.0,0.0,0.0,195.0,935.0,442.0,2.0,1.0,0.0,3.0,1.0,169.0,0.0
42fd9c7f,985.0,5.0,24.0,316.0,658.0,189.0,981.0,120.0,43.0,66.0,866.0,5698.0,2785.0,110.0,76.0,57.0,39.0,23.0,865.0,278.0
e76cb9cc,1476.0,125.0,496.0,743.0,244.0,38.0,1476.0,15.0,7.0,4.0,1066.0,5852.0,3122.0,35.0,45.0,9.0,16.0,8.0,996.0,31.0
890bc029,11.0,0.0,0.0,5.0,6.0,0.0,11.0,1.0,0.0,1.0,7.0,34.0,5.0,0.0,0.0,0.0,0.0,0.0,7.0,2.0
46750e9c,37.0,2.0,7.0,17.0,14.0,2.0,37.0,2.0,1.0,1.0,30.0,206.0,123.0,4.0,2.0,2.0,2.0,1.0,26.0,6.0
6f5ec8bb,2038.0,104.0,598.0,1299.0,166.0,17.0,2038.0,28.0,17.0,6.0,1653.0,10337.0,6033.0,60.0,42.0,1.0,17.0,17.0,1580.0,27.0
04ac78d2,396.0,55.0,201.0,187.0,10.0,3.0,396.0,6.0,4.0,1.0,294.0,1812.0,1055.0,7.0,1.0,0.0,3.0,1.0,297.0,0.0
d21e361a,229.0,2.0,48.0,104.0,86.0,12.0,229.0,26.0,10.0,11.0,160.0,1311.0,686.0,23.0,15.0,7.0,17.0,6.0,139.0,33.0
70c52749,490.0,19.0,103.0,263.0,126.0,7.0,490.0,10.0,2.0,7.0,340.0,2231.0,1156.0,28.0,16.0,1.0,8.0,3.0,301.0,32.0
f20e4cc9,686.0,29.0,158.0,257.0,279.0,41.0,686.0,40.0,14.0,23.0,515.0,2736.0,1281.0,31.0,20.0,12.0,20.0,14.0,472.0,135.0
c6e5d20f,1502.0,93.0,416.0,958.0,131.0,7.0,1502.0,8.0,4.0,4.0,1131.0,5315.0,2731.0,5.0,14.0,1.0,15.0,11.0,1071.0,11.0
3322e296,149.0,5.0,44.0,86.0,21.0,5.0,149.0,2.0,2.0,0.0,92.0,434.0,155.0,0.0,0.0,0.0,6.0,1.0,92.0,14.0
9f0f4b49,147.0,7.0,45.0,57.0,46.0,5.0,147.0,5.0,0.0,2.0,92.0,499.0,211.0,6.0,4.0,0.0,2.0,2.0,81.0,22.0
e472a6f6,1062.0,48.0,268.0,628.0,179.0,10.0,1062.0,28.0,15.0,9.0,801.0,4367.0,1974.0,17.0,26.0,2.0,15.0,19.0,737.0,28.0
9bdd8118,1107.0,53.0,355.0,527.0,242.0,6.0,1107.0,39.0,17.0,18.0,699.0,4438.0,2071.0,39.0,39.0,1.0,25.0,7.0,605.0,71.0
0bfca6a1,1037.0,41.0,262.0,514.0,275.0,7.0,1037.0,27.0,13.0,11.0,675.0,3942.0,1984.0,33.0,25.0,5.0,16.0,9.0,604.0,62.0
d70ce98e,1458.0,3.0,55.0,713.0,707.0,112.0,1458.0,119.0,64.0,45.0,1251.0,7118.0,3255.0,74.0,80.0,25.0,30.0,45.0,1260.0,154.0
85613cf0,47.0,3.0,5.0,27.0,15.0,1.0,47.0,1.0,0.0,1.0,33.0,171.0,53.0,1.0,3.0,0.0,1.0,1.0,36.0,9.0
f833a830,254.0,7.0,27.0,102.0,129.0,27.0,254.0,7.0,2.0,5.0,165.0,945.0,432.0,18.0,8.0,7.0,24.0,8.0,152.0,41.0
065dc209,84.0,0.0,3.0,39.0,44.0,17.0,84.0,8.0,5.0,3.0,60.0,307.0,95.0,3.0,1.0,3.0,7.0,7.0,67.0,18.0
065dc209,364.0,10.0,32.0,192.0,152.0,63.0,362.0,38.0,20.0,13.0,268.0,1799.0,812.0,29.0,23.0,11.0,41.0,13.0,263.0,61.0
595e6f3e,412.0,32.0,50.0,177.0,188.0,68.0,412.0,21.0,9.0,10.0,232.0,1440.0,421.0,8.0,11.0,6.0,36.0,18.0,272.0,62.0
7e82a78f,250.0,4.0,31.0,114.0,106.0,6.0,250.0,7.0,4.0,2.0,161.0,924.0,396.0,11.0,5.0,0.0,6.0,9.0,173.0,24.0
8499c713,8.0,0.0,4.0,3.0,1.0,0.0,8.0,1.0,0.0,0.0,5.0,30.0,0.0,0.0,0.0,0.0,0.0,2.0,5.0,0.0
3eaf8817,99.0,4.0,10.0,45.0,45.0,6.0,99.0,7.0,2.0,3.0,70.0,407.0,144.0,5.0,2.0,1.0,7.0,4.0,73.0,19.0
19ba6c6d,216.0,13.0,26.0,100.0,94.0,34.0,215.0,7.0,4.0,2.0,124.0,725.0,295.0,12.0,6.0,4.0,19.0,11.0,163.0,20.0
71d10572,261.0,11.0,23.0,119.0,122.0,37.0,261.0,26.0,13.0,13.0,159.0,996.0,316.0,10.0,8.0,6.0,25.0,11.0,190.0,45.0
af0c835b,826.0,30.0,160.0,525.0,149.0,20.0,826.0,15.0,8.0,5.0,571.0,3012.0,1454.0,18.0,15.0,1.0,14.0,7.0,546.0,29.0
ac73ec79,763.0,48.0,235.0,375.0,164.0,24.0,763.0,23.0,6.0,11.0,555.0,2903.0,1333.0,18.0,10.0,3.0,11.0,11.0,517.0,49.0
2acf0cd7,756.0,39.0,156.0,406.0,209.0,48.0,756.0,29.0,13.0,12.0,491.0,2512.0,1121.0,20.0,13.0,2.0,34.0,10.0,447.0,38.0
dc29b608,454.0,401.0,452.0,2.0,0.0,0.0,454.0,1.0,1.0,0.0,293.0,1690.0,1165.0,0.0,0.0,0.0,1.0,0.0,174.0,0.0
e110ea4b,40.0,0.0,6.0,14.0,20.0,0.0,40.0,3.0,1.0,2.0,27.0,167.0,27.0,1.0,2.0,0.0,0.0,2.0,25.0,7.0
65c55288,205.0,21.0,109.0,90.0,9.0,1.0,205.0,3.0,2.0,0.0,137.0,803.0,446.0,5.0,3.0,0.0,8.0,2.0,129.0,1.0
87e9c7cd,264.0,12.0,68.0,104.0,95.0,9.0,264.0,8.0,3.0,4.0,189.0,1240.0,705.0,21.0,16.0,4.0,6.0,4.0,174.0,31.0
69384e5d,1470.0,3.0,125.0,773.0,593.0,74.0,1468.0,96.0,38.0,46.0,1272.0,7483.0,3348.0,69.0,75.0,12.0,50.0,36.0,1260.0,127.0
46faabfa,96.0,3.0,10.0,45.0,42.0,11.0,96.0,9.0,2.0,6.0,62.0,341.0,113.0,7.0,2.0,1.0,9.0,7.0,69.0,16.0
2054d037,386.0,25.0,39.0,198.0,152.0,44.0,384.0,27.0,7.0,17.0,236.0,1362.0,440.0,14.0,14.0,8.0,52.0,15.0,283.0,62.0
3f319bb9,1418.0,221.0,798.0,586.0,42.0,24.0,1418.0,13.0,8.0,2.0,958.0,5417.0,3083.0,17.0,7.0,2.0,6.0,3.0,881.0,2.0
7b9a9e25,522.0,8.0,69.0,219.0,242.0,53.0,522.0,45.0,16.0,14.0,387.0,2772.0,1250.0,41.0,27.0,12.0,34.0,20.0,368.0,93.0
374fbf7d,601.0,12.0,67.0,285.0,253.0,24.0,600.0,26.0,8.0,16.0,420.0,2392.0,850.0,24.0,22.0,6.0,24.0,15.0,397.0,110.0
afb0c500,794.0,666.0,789.0,5.0,0.0,0.0,794.0,0.0,0.0,0.0,536.0,2726.0,1639.0,0.0,0.0,0.0,1.0,0.0,312.0,0.0
6043997c,616.0,90.0,324.0,283.0,15.0,7.0,616.0,4.0,2.0,1.0,444.0,2784.0,1566.0,7.0,5.0,0.0,5.0,0.0,388.0,1.0
35516eac,463.0,6.0,60.0,189.0,229.0,37.0,463.0,57.0,17.0,39.0,358.0,3131.0,1440.0,46.0,33.0,18.0,31.0,17.0,339.0,88.0
6993927b,768.0,78.0,387.0,354.0,30.0,5.0,768.0,8.0,5.0,2.0,505.0,2394.0,1192.0,3.0,4.0,0.0,4.0,0.0,496.0,1.0
4534a352,367.0,23.0,177.0,192.0,3.0,3.0,367.0,0.0,0.0,0.0,269.0,1571.0,911.0,0.0,1.0,0.0,4.0,0.0,264.0,0.0
c631f952,450.0,365.0,448.0,2.0,0.0,0.0,450.0,1.0,0.0,1.0,298.0,1693.0,1024.0,0.0,0.0,0.0,0.0,0.0,172.0,0.0
ff4df82e,230.0,4.0,14.0,107.0,110.0,23.0,230.0,5.0,3.0,2.0,172.0,949.0,344.0,9.0,6.0,5.0,17.0,15.0,189.0,54.0
b5bb8188,243.0,11.0,46.0,156.0,43.0,5.0,243.0,2.0,2.0,0.0,182.0,1004.0,287.0,4.0,6.0,2.0,4.0,5.0,170.0,9.0
8652a85c,424.0,0.0,10.0,138.0,285.0,98.0,424.0,28.0,5.0,20.0,296.0,2124.0,806.0,32.0,23.0,23.0,34.0,17.0,296.0,133.0
2f9e4435,719.0,37.0,145.0,250.0,339.0,84.0,719.0,77.0,26.0,35.0,501.0,3749.0,1760.0,64.0,28.0,34.0,45.0,22.0,457.0,151.0
6b4436ba,33.0,0.0,3.0,25.0,5.0,1.0,33.0,1.0,0.0,1.0,29.0,143.0,37.0,0.0,0.0,0.0,0.0,2.0,22.0,2.0
83299cc0,83.0,0.0,9.0,44.0,32.0,3.0,83.0,5.0,4.0,1.0,56.0,359.0,142.0,3.0,4.0,1.0,1.0,1.0,69.0,6.0
83299cc0,787.0,7.0,106.0,457.0,240.0,42.0,787.0,73.0,39.0,28.0,648.0,4480.0,2149.0,53.0,45.0,17.0,26.0,12.0,615.0,77.0
ed90babd,540.0,6.0,39.0,210.0,305.0,25.0,540.0,67.0,29.0,26.0,414.0,3232.0,1587.0,45.0,35.0,7.0,21.0,22.0,392.0,93.0
cd9b37a3,10.0,1.0,2.0,5.0,3.0,1.0,10.0,0.0,0.0,0.0,6.0,23.0,3.0,0.0,0.0,0.0,0.0,0.0,3.0,0.0
779847d6,907.0,111.0,437.0,467.0,17.0,7.0,907.0,4.0,2.0,2.0,616.0,2935.0,1437.0,3.0,4.0,0.0,10.0,5.0,513.0,1.0
e5c1e0ca,1147.0,247.0,713.0,417.0,26.0,9.0,1147.0,11.0,5.0,3.0,794.0,4269.0,2130.0,6.0,7.0,2.0,7.0,6.0,690.0,0.0
9b6f7fd5,146.0,5.0,22.0,92.0,33.0,8.0,146.0,3.0,1.0,2.0,121.0,584.0,203.0,3.0,2.0,2.0,2.0,1.0,117.0,10.0
dff153a4,75.0,2.0,10.0,57.0,8.0,0.0,75.0,0.0,0.0,0.0,64.0,320.0,203.0,1.0,3.0,0.0,0.0,0.0,62.0,0.0
58ae47b2,471.0,4.0,45.0,191.0,241.0,30.0,470.0,21.0,9.0,10.0,369.0,2068.0,1011.0,20.0,15.0,6.0,14.0,7.0,360.0,67.0
f8ce97ca,63.0,5.0,15.0,29.0,19.0,4.0,63.0,3.0,2.0,1.0,39.0,188.0,96.0,1.0,3.0,2.0,2.0,0.0,37.0,8.0
0810b6df,221.0,191.0,221.0,0.0,0.0,0.0,221.0,0.0,0.0,0.0,144.0,845.0,503.0,0.0,1.0,1.0,0.0,0.0,91.0,0.0
57e3f0c7,703.0,2.0,70.0,315.0,334.0,65.0,700.0,63.0,25.0,28.0,578.0,3514.0,1480.0,40.0,26.0,20.0,35.0,40.0,559.0,108.0
5c42e7ce,112.0,10.0,40.0,39.0,34.0,1.0,112.0,13.0,6.0,5.0,73.0,344.0,136.0,4.0,2.0,1.0,6.0,0.0,66.0,8.0
8fd9996f,1121.0,101.0,345.0,715.0,70.0,15.0,1121.0,5.0,3.0,2.0,889.0,4396.0,2151.0,10.0,10.0,0.0,7.0,6.0,824.0,5.0
8846a40f,463.0,14.0,72.0,236.0,163.0,35.0,463.0,19.0,7.0,10.0,334.0,1933.0,802.0,17.0,10.0,7.0,21.0,16.0,308.0,80.0
10dd88f9,428.0,13.0,73.0,202.0,162.0,23.0,427.0,51.0,31.0,18.0,331.0,2568.0,1232.0,32.0,26.0,6.0,34.0,31.0,312.0,67.0
49070d66,578.0,62.0,275.0,250.0,55.0,7.0,578.0,2.0,1.0,1.0,397.0,2342.0,1318.0,7.0,5.0,0.0,2.0,3.0,344.0,12.0
64ba07c0,464.0,34.0,132.0,220.0,114.0,9.0,464.0,16.0,11.0,5.0,289.0,1665.0,774.0,16.0,17.0,1.0,10.0,6.0,252.0,35.0
e546b2e3,754.0,16.0,103.0,386.0,276.0,43.0,754.0,29.0,9.0,17.0,571.0,3499.0,1581.0,40.0,38.0,7.0,31.0,16.0,529.0,93.0
be98f358,156.0,3.0,17.0,83.0,56.0,1.0,156.0,2.0,1.0,1.0,116.0,577.0,206.0,3.0,8.0,0.0,5.0,1.0,110.0,18.0
7d704e92,768.0,105.0,417.0,312.0,45.0,19.0,768.0,11.0,7.0,4.0,479.0,2389.0,1099.0,5.0,4.0,1.0,8.0,4.0,448.0,3.0
51c30111,1054.0,48.0,271.0,601.0,194.0,6.0,1054.0,16.0,10.0,5.0,756.0,3847.0,1504.0,8.0,30.0,1.0,8.0,7.0,670.0,8.0
7be7c08b,24.0,0.0,3.0,10.0,11.0,2.0,24.0,0.0,0.0,0.0,13.0,77.0,42.0,2.0,1.0,2.0,3.0,1.0,16.0,1.0
1b729a98,37.0,31.0,37.0,0.0,0.0,0.0,37.0,0.0,0.0,0.0,20.0,139.0,112.0,0.0,0.0,0.0,0.0,0.0,12.0,0.0
67f649be,216.0,181.0,214.0,2.0,0.0,0.0,216.0,0.0,0.0,0.0,158.0,851.0,601.0,0.0,0.0,0.0,1.0,0.0,104.0,0.0
8dbff17c,352.0,67.0,208.0,127.0,20.0,5.0,352.0,2.0,1.0,0.0,222.0,1025.0,455.0,2.0,3.0,0.0,4.0,0.0,203.0,1.0
08511d65,1707.0,178.0,673.0,921.0,121.0,16.0,1707.0,13.0,6.0,5.0,1397.0,6775.0,3241.0,10.0,14.0,3.0,4.0,6.0,1331.0,7.0
ef619b0b,853.0,32.0,165.0,477.0,221.0,32.0,853.0,20.0,12.0,4.0,613.0,3015.0,1192.0,15.0,16.0,5.0,14.0,24.0,570.0,47.0
79a793b7,43.0,1.0,7.0,19.0,17.0,0.0,43.0,1.0,0.0,0.0,36.0,204.0,30.0,1.0,3.0,0.0,0.0,2.0,31.0,5.0
25749008,671.0,19.0,133.0,294.0,258.0,57.0,671.0,35.0,13.0,17.0,452.0,2819.0,1112.0,34.0,23.0,17.0,33.0,17.0,421.0,98.0
40ef7347,774.0,9.0,109.0,355.0,324.0,49.0,774.0,65.0,26.0,30.0,590.0,3732.0,1523.0,48.0,24.0,9.0,39.0,24.0,543.0,151.0
fb3236a7,729.0,54.0,229.0,356.0,147.0,25.0,729.0,17.0,6.0,7.0,455.0,2605.0,1201.0,17.0,18.0,5.0,26.0,9.0,411.0,31.0
d504b3e1,82.0,0.0,22.0,53.0,11.0,1.0,82.0,9.0,5.0,4.0,54.0,423.0,244.0,3.0,7.0,0.0,0.0,4.0,56.0,4.0
d504b3e1,377.0,2.0,31.0,210.0,144.0,11.0,377.0,21.0,11.0,6.0,316.0,2042.0,959.0,20.0,27.0,3.0,12.0,9.0,300.0,25.0
102c9665,451.0,57.0,234.0,208.0,14.0,8.0,451.0,5.0,3.0,2.0,339.0,1771.0,818.0,7.0,3.0,0.0,2.0,4.0,316.0,1.0
7f41ee30,133.0,108.0,132.0,1.0,0.0,0.0,133.0,0.0,0.0,0.0,92.0,359.0,203.0,0.0,0.0,0.0,0.0,0.0,63.0,0.0
beae3a73,551.0,10.0,72.0,263.0,225.0,48.0,551.0,35.0,10.0,21.0,386.0,2248.0,911.0,23.0,14.0,7.0,27.0,18.0,386.0,81.0
8d62d31a,1032.0,89.0,432.0,578.0,25.0,12.0,1032.0,0.0,0.0,0.0,804.0,3985.0,1952.0,3.0,3.0,0.0,3.0,2.0,757.0,0.0
ed45c4a5,1631.0,46.0,326.0,983.0,338.0,25.0,1631.0,33.0,21.0,11.0,1198.0,6828.0,3287.0,31.0,37.0,5.0,21.0,19.0,1146.0,45.0
1a6b7ea4,652.0,43.0,204.0,349.0,102.0,6.0,652.0,10.0,3.0,7.0,493.0,2374.0,1096.0,14.0,11.0,0.0,10.0,7.0,463.0,15.0
9b545925,1603.0,249.0,866.0,695.0,48.0,24.0,1603.0,5.0,2.0,3.0,1047.0,5278.0,2902.0,10.0,6.0,1.0,18.0,3.0,947.0,4.0
90a9cc01,41.0,0.0,19.0,19.0,4.0,1.0,41.0,1.0,1.0,0.0,31.0,160.0,68.0,1.0,0.0,1.0,2.0,1.0,23.0,2.0
c0c7ff58,1065.0,22.0,261.0,637.0,173.0,21.0,1065.0,14.0,6.0,8.0,880.0,3763.0,1727.0,16.0,13.0,2.0,14.0,10.0,850.0,36.0
8299e363,180.0,8.0,41.0,98.0,42.0,2.0,180.0,4.0,2.0,2.0,107.0,568.0,259.0,1.0,5.0,1.0,4.0,2.0,98.0,10.0
6388e356,884.0,86.0,317.0,396.0,183.0,15.0,884.0,21.0,8.0,10.0,538.0,3311.0,1607.0,25.0,15.0,2.0,20.0,5.0,480.0,48.0
90fcf472,240.0,1.0,10.0,132.0,104.0,34.0,240.0,22.0,14.0,8.0,197.0,1138.0,427.0,15.0,9.0,4.0,17.0,6.0,193.0,56.0
93c942fb,226.0,12.0,48.0,124.0,56.0,6.0,226.0,8.0,4.0,4.0,150.0,730.0,301.0,3.0,6.0,1.0,5.0,3.0,142.0,29.0
c9151d66,1055.0,18.0,157.0,589.0,322.0,27.0,1055.0,26.0,14.0,6.0,786.0,4709.0,1958.0,41.0,34.0,3.0,20.0,13.0,739.0,71.0
87935cf3,385.0,47.0,170.0,209.0,6.0,4.0,385.0,0.0,0.0,0.0,277.0,1389.0,862.0,0.0,0.0,0.0,0.0,0.0,262.0,1.0
cad3fd4d,52.0,0.0,10.0,17.0,25.0,3.0,52.0,1.0,1.0,0.0,28.0,151.0,70.0,3.0,4.0,0.0,0.0,0.0,35.0,9.0
bc7cc472,449.0,6.0,48.0,211.0,202.0,42.0,449.0,50.0,20.0,27.0,326.0,2427.0,904.0,27.0,16.0,11.0,45.0,18.0,320.0,86.0
c3725db2,1279.0,192.0,658.0,570.0,63.0,13.0,1279.0,10.0,4.0,4.0,872.0,4911.0,2577.0,18.0,18.0,2.0,5.0,4.0,797.0,6.0
fb14aa28,634.0,11.0,66.0,307.0,281.0,91.0,633.0,71.0,29.0,35.0,408.0,2616.0,990.0,36.0,12.0,18.0,76.0,43.0,418.0,112.0
60d90c55,872.0,609.0,857.0,18.0,0.0,0.0,872.0,1.0,1.0,0.0,651.0,3509.0,2077.0,0.0,0.0,0.0,0.0,0.0,477.0,0.0
032f894e,452.0,6.0,65.0,300.0,94.0,12.0,452.0,5.0,4.0,1.0,386.0,2119.0,1166.0,15.0,12.0,2.0,9.0,4.0,372.0,19.0
2c0f8e9e,791.0,5.0,44.0,334.0,421.0,93.0,789.0,41.0,19.0,18.0,592.0,2933.0,826.0,24.0,13.0,12.0,61.0,35.0,617.0,145.0
6e7f1353,212.0,6.0,35.0,112.0,66.0,10.0,212.0,17.0,5.0,8.0,139.0,960.0,493.0,17.0,8.0,5.0,13.0,6.0,144.0,24.0
5e22e2a4,921.0,19.0,158.0,630.0,138.0,11.0,921.0,8.0,5.0,3.0,678.0,3237.0,1509.0,3.0,22.0,0.0,20.0,8.0,652.0,16.0
9744ff80,225.0,1.0,40.0,91.0,94.0,15.0,225.0,5.0,1.0,3.0,181.0,953.0,406.0,9.0,8.0,0.0,11.0,7.0,178.0,37.0
f527a32c,821.0,10.0,98.0,396.0,337.0,38.0,820.0,35.0,16.0,15.0,622.0,3592.0,1591.0,41.0,38.0,7.0,26.0,43.0,603.0,77.0
d5326924,76.0,0.0,3.0,37.0,38.0,11.0,76.0,4.0,3.0,1.0,44.0,214.0,103.0,4.0,3.0,2.0,10.0,3.0,52.0,14.0
4315f30d,442.0,36.0,157.0,275.0,12.0,0.0,442.0,3.0,1.0,2.0,324.0,1870.0,1213.0,7.0,5.0,1.0,4.0,0.0,312.0,1.0
6bde367b,1381.0,34.0,213.0,770.0,424.0,23.0,1377.0,78.0,43.0,24.0,971.0,5585.0,2413.0,33.0,38.0,2.0,40.0,33.0,921.0,71.0
53af52f3,854.0,759.0,851.0,3.0,0.0,0.0,854.0,0.0,0.0,0.0,556.0,2624.0,1349.0,0.0,0.0,0.0,2.0,0.0,398.0,0.0
cea59f02,1147.0,86.0,481.0,561.0,126.0,3.0,1147.0,44.0,22.0,8.0,827.0,5222.0,2510.0,17.0,23.0,2.0,25.0,10.0,683.0,31.0
834b5c4c,750.0,650.0,745.0,7.0,0.0,0.0,750.0,0.0,0.0,0.0,466.0,2479.0,1562.0,0.0,0.0,0.0,1.0,0.0,310.0,0.0
1d383c10,7.0,2.0,4.0,1.0,2.0,0.0,7.0,0.0,0.0,0.0,4.0,30.0,11.0,1.0,0.0,0.0,0.0,0.0,3.0,0.0
9c2b1f11,9.0,0.0,2.0,4.0,3.0,0.0,9.0,0.0,0.0,0.0,9.0,48.0,21.0,1.0,1.0,0.0,1.0,2.0,8.0,2.0
92ffb8f9,35.0,1.0,6.0,24.0,5.0,0.0,35.0,2.0,2.0,0.0,16.0,82.0,25.0,1.0,0.0,0.0,2.0,0.0,12.0,1.0
30af8b93,1409.0,64.0,372.0,670.0,380.0,27.0,1409.0,19.0,10.0,5.0,861.0,4888.0,2516.0,32.0,23.0,6.0,19.0,7.0,806.0,85.0
fdbde523,373.0,15.0,32.0,172.0,177.0,54.0,373.0,22.0,7.0,13.0,240.0,1668.0,566.0,25.0,15.0,10.0,43.0,22.0,260.0,93.0
5f3eaaf5,683.0,1.0,66.0,235.0,399.0,80.0,682.0,62.0,20.0,33.0,517.0,4413.0,2124.0,92.0,37.0,30.0,32.0,24.0,482.0,143.0
5e5249c8,635.0,24.0,106.0,261.0,286.0,58.0,635.0,51.0,22.0,23.0,469.0,3237.0,1467.0,42.0,31.0,15.0,35.0,26.0,423.0,124.0
0f8418aa,449.0,28.0,107.0,252.0,97.0,19.0,449.0,9.0,2.0,6.0,267.0,1285.0,499.0,8.0,8.0,0.0,19.0,13.0,270.0,31.0
2acd49b9,592.0,23.0,122.0,353.0,134.0,18.0,592.0,15.0,6.0,8.0,412.0,2659.0,1294.0,19.0,12.0,3.0,20.0,11.0,377.0,44.0
d7547531,14.0,1.0,2.0,7.0,5.0,3.0,14.0,0.0,0.0,0.0,11.0,93.0,49.0,1.0,0.0,0.0,1.0,0.0,10.0,2.0
ffec9769,467.0,13.0,30.0,269.0,170.0,45.0,466.0,12.0,3.0,8.0,356.0,1528.0,467.0,11.0,11.0,2.0,36.0,17.0,377.0,61.0
2ccd89a3,169.0,6.0,40.0,82.0,50.0,3.0,169.0,10.0,4.0,5.0,91.0,611.0,314.0,11.0,5.0,1.0,2.0,3.0,91.0,20.0
fed17f5a,488.0,6.0,64.0,249.0,178.0,16.0,488.0,7.0,3.0,2.0,401.0,1832.0,779.0,16.0,18.0,1.0,10.0,10.0,393.0,42.0
f19f32b1,64.0,50.0,64.0,0.0,0.0,0.0,64.0,0.0,0.0,0.0,41.0,243.0,118.0,0.0,0.0,0.0,0.0,0.0,25.0,0.0
7a42d0df,1243.0,28.0,110.0,611.0,531.0,113.0,1240.0,26.0,9.0,13.0,941.0,4576.0,1537.0,31.0,36.0,14.0,33.0,20.0,973.0,213.0
86a49468,21.0,0.0,0.0,12.0,9.0,3.0,21.0,1.0,1.0,0.0,10.0,39.0,11.0,1.0,0.0,1.0,2.0,1.0,13.0,4.0
4e0afc5d,185.0,17.0,57.0,93.0,37.0,3.0,185.0,7.0,2.0,4.0,98.0,532.0,245.0,5.0,1.0,0.0,5.0,1.0,86.0,14.0
a45a5d95,179.0,3.0,21.0,76.0,86.0,17.0,179.0,17.0,7.0,8.0,127.0,957.0,400.0,9.0,5.0,5.0,15.0,5.0,110.0,31.0
9bc9a519,248.0,13.0,72.0,120.0,58.0,7.0,248.0,20.0,12.0,7.0,151.0,817.0,397.0,11.0,4.0,4.0,11.0,4.0,145.0,14.0
a08985b8,1719.0,67.0,418.0,1095.0,228.0,15.0,1719.0,31.0,15.0,9.0,1246.0,5787.0,2595.0,23.0,30.0,3.0,19.0,17.0,1110.0,24.0
8f7e6783,119.0,0.0,14.0,47.0,61.0,6.0,119.0,10.0,6.0,3.0,105.0,727.0,332.0,10.0,11.0,1.0,6.0,3.0,100.0,16.0
39b326ed,292.0,14.0,97.0,148.0,52.0,3.0,292.0,15.0,11.0,4.0,189.0,1163.0,731.0,9.0,8.0,0.0,5.0,3.0,181.0,16.0
a62f8bf1,230.0,2.0,19.0,82.0,133.0,25.0,230.0,32.0,15.0,14.0,189.0,1486.0,540.0,17.0,10.0,10.0,13.0,12.0,170.0,57.0
b99bec05,311.0,13.0,75.0,149.0,92.0,0.0,311.0,9.0,3.0,5.0,176.0,1064.0,633.0,11.0,18.0,1.0,3.0,4.0,191.0,14.0
b99bec05,1027.0,56.0,261.0,448.0,332.0,17.0,1027.0,34.0,10.0,22.0,668.0,4225.0,2097.0,51.0,44.0,5.0,23.0,34.0,576.0,107.0
f0661424,1600.0,56.0,380.0,802.0,431.0,34.0,1600.0,29.0,11.0,13.0,1042.0,4948.0,1998.0,26.0,25.0,3.0,34.0,12.0,999.0,119.0
95192fe4,152.0,4.0,34.0,90.0,29.0,2.0,152.0,2.0,1.0,1.0,110.0,650.0,298.0,7.0,3.0,1.0,2.0,0.0,104.0,5.0
a0f9b535,1029.0,25.0,120.0,663.0,260.0,31.0,1029.0,41.0,20.0,16.0,841.0,4605.0,2062.0,38.0,27.0,11.0,17.0,24.0,759.0,43.0
a4a44eb0,1492.0,282.0,901.0,583.0,15.0,8.0,1492.0,7.0,5.0,2.0,1063.0,6777.0,3761.0,8.0,5.0,0.0,10.0,3.0,1012.0,0.0
ed39121c,870.0,36.0,218.0,503.0,158.0,11.0,867.0,12.0,7.0,3.0,650.0,3120.0,1385.0,20.0,22.0,4.0,12.0,12.0,584.0,17.0
a65c844b,1252.0,26.0,266.0,481.0,529.0,64.0,1252.0,100.0,34.0,60.0,847.0,5787.0,2898.0,75.0,49.0,18.0,52.0,48.0,796.0,170.0
7f783431,583.0,40.0,159.0,248.0,182.0,8.0,583.0,13.0,4.0,7.0,339.0,1980.0,949.0,19.0,23.0,1.0,13.0,7.0,326.0,56.0
5148dcc5,782.0,12.0,65.0,361.0,362.0,85.0,782.0,26.0,9.0,14.0,580.0,3282.0,1254.0,34.0,33.0,9.0,26.0,15.0,591.0,137.0
7120a04d,649.0,3.0,58.0,252.0,351.0,60.0,649.0,53.0,20.0,28.0,506.0,3173.0,1322.0,49.0,28.0,27.0,31.0,15.0,482.0,130.0
df8d6029,1918.0,148.0,732.0,1106.0,88.0,21.0,1918.0,11.0,5.0,6.0,1552.0,9093.0,5060.0,24.0,22.0,0.0,12.0,5.0,1468.0,1.0
f4bc42b1,354.0,9.0,52.0,187.0,120.0,13.0,354.0,21.0,6.0,13.0,264.0,1592.0,634.0,13.0,9.0,3.0,11.0,14.0,256.0,55.0
c76b7567,641.0,9.0,89.0,305.0,249.0,50.0,641.0,16.0,8.0,6.0,481.0,2357.0,930.0,15.0,17.0,3.0,21.0,18.0,453.0,73.0
c76b7567,241.0,3.0,26.0,115.0,100.0,15.0,241.0,4.0,3.0,0.0,164.0,777.0,276.0,7.0,5.0,0.0,9.0,9.0,194.0,37.0
7d9397f8,1143.0,44.0,277.0,655.0,229.0,33.0,1143.0,44.0,27.0,13.0,891.0,5748.0,2847.0,51.0,48.0,7.0,20.0,20.0,844.0,40.0
ca6f4846,19.0,0.0,1.0,11.0,8.0,0.0,19.0,2.0,1.0,0.0,15.0,88.0,31.0,1.0,1.0,0.0,0.0,1.0,18.0,3.0
88f130ed,1639.0,219.0,890.0,735.0,35.0,10.0,1639.0,18.0,12.0,4.0,1257.0,6776.0,3405.0,14.0,7.0,0.0,16.0,7.0,1131.0,6.0
5ceba7fc,98.0,1.0,12.0,45.0,43.0,7.0,98.0,9.0,3.0,6.0,77.0,492.0,194.0,8.0,6.0,3.0,4.0,3.0,71.0,22.0
5ceba7fc,778.0,11.0,69.0,308.0,411.0,85.0,778.0,53.0,26.0,21.0,646.0,4000.0,1541.0,58.0,35.0,24.0,38.0,24.0,625.0,188.0
652d4c37,1125.0,22.0,178.0,719.0,234.0,8.0,1125.0,13.0,5.0,6.0,882.0,4396.0,1676.0,19.0,25.0,0.0,13.0,7.0,889.0,34.0
a4b798a9,1324.0,62.0,370.0,811.0,152.0,13.0,1323.0,13.0,5.0,5.0,876.0,4198.0,1541.0,9.0,15.0,1.0,23.0,8.0,800.0,20.0
01fd01e8,49.0,6.0,23.0,25.0,2.0,0.0,49.0,1.0,0.0,1.0,31.0,161.0,45.0,1.0,0.0,0.0,1.0,0.0,29.0,1.0
01fd01e8,403.0,55.0,214.0,171.0,23.0,7.0,403.0,8.0,4.0,3.0,260.0,1656.0,919.0,6.0,4.0,0.0,2.0,2.0,253.0,3.0
4e47507a,127.0,4.0,10.0,70.0,47.0,7.0,127.0,6.0,2.0,3.0,84.0,437.0,88.0,3.0,2.0,1.0,9.0,3.0,91.0,21.0
de488e56,208.0,21.0,80.0,96.0,33.0,1.0,208.0,2.0,0.0,0.0,108.0,442.0,182.0,2.0,2.0,0.0,3.0,0.0,94.0,6.0
a4b1028a,1440.0,57.0,295.0,773.0,378.0,37.0,1440.0,10.0,2.0,8.0,1052.0,5409.0,2521.0,43.0,49.0,7.0,19.0,6.0,976.0,106.0
5d0e0a1f,1499.0,57.0,376.0,724.0,410.0,27.0,1499.0,41.0,18.0,18.0,961.0,5144.0,2307.0,50.0,44.0,8.0,20.0,14.0,884.0,148.0
906baf89,5.0,0.0,0.0,4.0,1.0,0.0,5.0,0.0,0.0,0.0,3.0,9.0,3.0,0.0,0.0,0.0,0.0,0.0,3.0,0.0
8a53d24b,91.0,4.0,9.0,45.0,37.0,11.0,91.0,6.0,3.0,3.0,50.0,278.0,96.0,4.0,2.0,3.0,10.0,3.0,58.0,16.0
1df4a109,548.0,20.0,124.0,382.0,47.0,3.0,548.0,11.0,8.0,3.0,421.0,2350.0,970.0,5.0,9.0,0.0,5.0,8.0,381.0,9.0
1880614f,834.0,11.0,89.0,311.0,444.0,75.0,833.0,52.0,20.0,30.0,599.0,3698.0,1329.0,35.0,25.0,22.0,38.0,20.0,576.0,146.0
d75f3980,192.0,11.0,61.0,91.0,41.0,1.0,192.0,2.0,2.0,0.0,132.0,629.0,251.0,3.0,4.0,0.0,2.0,0.0,119.0,14.0
531a4aa8,857.0,51.0,244.0,382.0,243.0,8.0,857.0,39.0,18.0,17.0,500.0,3445.0,1705.0,47.0,41.0,3.0,23.0,19.0,454.0,49.0
ee45fd85,1071.0,35.0,236.0,518.0,323.0,26.0,1071.0,42.0,15.0,22.0,692.0,3926.0,1733.0,31.0,21.0,5.0,20.0,9.0,604.0,97.0
4a56052c,1416.0,50.0,246.0,871.0,309.0,21.0,1416.0,9.0,6.0,2.0,1071.0,5895.0,2849.0,30.0,33.0,3.0,19.0,8.0,1030.0,45.0
1467af0d,1731.0,49.0,352.0,1093.0,305.0,12.0,1731.0,40.0,24.0,10.0,1419.0,7018.0,3504.0,28.0,45.0,4.0,12.0,24.0,1378.0,26.0
d60cf08d,185.0,25.0,104.0,78.0,6.0,1.0,185.0,3.0,1.0,1.0,108.0,844.0,439.0,3.0,3.0,1.0,2.0,2.0,110.0,1.0
b2791a55,551.0,41.0,226.0,302.0,27.0,11.0,551.0,0.0,0.0,0.0,320.0,1763.0,957.0,2.0,2.0,0.0,3.0,3.0,334.0,3.0
01becd60,97.0,1.0,6.0,19.0,73.0,21.0,97.0,6.0,0.0,6.0,66.0,513.0,227.0,8.0,6.0,5.0,7.0,6.0,69.0,27.0
75438a9a,423.0,57.0,221.0,189.0,15.0,2.0,423.0,12.0,5.0,5.0,320.0,1547.0,749.0,1.0,5.0,0.0,2.0,2.0,296.0,1.0
74d4cec6,34.0,0.0,0.0,18.0,16.0,3.0,34.0,0.0,0.0,0.0,20.0,57.0,13.0,0.0,0.0,0.0,5.0,3.0,24.0,4.0
3b029691,1397.0,28.0,223.0,871.0,313.0,22.0,1397.0,34.0,19.0,11.0,1173.0,6200.0,2984.0,40.0,40.0,5.0,19.0,24.0,1136.0,49.0
64f69877,128.0,2.0,7.0,64.0,58.0,21.0,128.0,2.0,1.0,1.0,105.0,429.0,127.0,4.0,2.0,3.0,9.0,0.0,107.0,30.0
8eec784d,597.0,8.0,95.0,270.0,236.0,22.0,597.0,17.0,8.0,6.0,436.0,2744.0,1232.0,32.0,26.0,8.0,16.0,8.0,435.0,92.0
3ecc8c5f,1394.0,181.0,728.0,637.0,43.0,22.0,1394.0,7.0,6.0,0.0,954.0,5734.0,3119.0,11.0,7.0,0.0,9.0,4.0,869.0,6.0
b003239d,467.0,45.0,181.0,273.0,13.0,7.0,467.0,0.0,0.0,0.0,366.0,1969.0,1038.0,6.0,1.0,0.0,7.0,1.0,338.0,0.0
b003239d,3.0,0.0,1.0,2.0,0.0,0.0,3.0,0.0,0.0,0.0,2.0,4.0,2.0,0.0,0.0,0.0,0.0,0.0,2.0,0.0
f3600c02,380.0,12.0,74.0,248.0,61.0,6.0,380.0,6.0,1.0,3.0,276.0,1285.0,559.0,5.0,8.0,0.0,13.0,3.0,242.0,13.0
f5c8b425,116.0,1.0,15.0,48.0,54.0,6.0,116.0,6.0,1.0,5.0,95.0,570.0,230.0,5.0,6.0,0.0,2.0,2.0,90.0,18.0
061266cd,113.0,2.0,29.0,47.0,38.0,3.0,113.0,10.0,2.0,6.0,71.0,397.0,146.0,4.0,4.0,1.0,4.0,2.0,62.0,9.0
6763f716,414.0,34.0,182.0,233.0,3.0,2.0,414.0,2.0,2.0,0.0,315.0,1600.0,702.0,0.0,1.0,0.0,4.0,1.0,294.0,0.0
1a85bcdb,1169.0,47.0,325.0,592.0,257.0,3.0,1169.0,19.0,4.0,12.0,655.0,3857.0,1705.0,40.0,26.0,0.0,16.0,9.0,593.0,68.0
6b9960cf,230.0,6.0,36.0,149.0,51.0,5.0,230.0,16.0,6.0,9.0,185.0,1200.0,508.0,10.0,8.0,2.0,5.0,5.0,177.0,11.0
72d4922b,89.0,8.0,25.0,31.0,33.0,3.0,89.0,6.0,3.0,2.0,51.0,251.0,121.0,4.0,0.0,0.0,3.0,0.0,45.0,12.0
0ff630d0,425.0,29.0,135.0,188.0,104.0,11.0,425.0,15.0,8.0,5.0,254.0,1453.0,623.0,14.0,7.0,4.0,10.0,7.0,225.0,29.0
0ff630d0,252.0,10.0,71.0,115.0,69.0,7.0,252.0,8.0,3.0,4.0,188.0,958.0,519.0,6.0,8.0,1.0,4.0,3.0,173.0,18.0
c8c02ac7,44.0,0.0,6.0,20.0,18.0,1.0,44.0,0.0,0.0,0.0,35.0,128.0,30.0,0.0,1.0,0.0,2.0,0.0,33.0,7.0
095e4199,535.0,5.0,47.0,196.0,304.0,51.0,535.0,52.0,15.0,33.0,394.0,2955.0,1264.0,41.0,28.0,26.0,44.0,19.0,364.0,110.0
fb4c5b6e,30.0,1.0,15.0,15.0,0.0,0.0,30.0,0.0,0.0,0.0,20.0,103.0,49.0,0.0,0.0,0.0,0.0,0.0,18.0,0.0
34a88e3e,501.0,1.0,27.0,140.0,339.0,52.0,501.0,54.0,24.0,29.0,392.0,2823.0,1443.0,50.0,30.0,24.0,22.0,10.0,375.0,130.0
aefa3050,29.0,1.0,12.0,10.0,7.0,0.0,29.0,0.0,0.0,0.0,23.0,82.0,27.0,0.0,1.0,0.0,0.0,0.0,22.0,1.0
