id,Gls,Sh,SoT,G/Sh,G/SoT,Dist,FK,PK,PKatt,xG,npxG,G-xG,np:G-xG
5f09991f,0,1,1,0.0,0.0,24.5,1.0,0,0,0.1,0.1,-0.1,-0.1
0e46fa2f,1,6,2,0.17,0.5,14.0,0.0,0,0,0.6,0.6,0.4,0.4
8bc373ea,0,3,0,0.0,0.0,10.6,0.0,0,0,0.2,0.2,-0.2,-0.2
f586779e,1,11,5,0.09,0.2,15.0,1.0,0,0,1.2,1.2,-0.2,-0.2
47aaf574,0,7,2,0.0,0.0,14.2,0.0,0,0,0.9,0.9,-0.9,-0.9
81442ecb,0,2,1,0.0,0.0,16.8,0.0,0,0,0.1,0.1,-0.1,-0.1
82e12fe7,0,5,2,0.0,0.0,11.1,0.0,0,0,0.9,0.9,-0.9,-0.9
65d62814,0,0,0,0.0,0.0,0.0,0.0,0,0,0.0,0.0,0.0,0.0
4dcec659,0,8,1,0.0,0.0,21.0,0.0,0,0,0.6,0.6,-0.6,-0.6
dcfb17f4,1,3,2,0.33,0.5,17.0,0.0,0,0,0.3,0.3,0.7,0.7
4b00cd47,0,2,0,0.0,0.0,12.6,0.0,0,0,0.2,0.2,-0.2,-0.2
3dd738a1,0,1,1,0.0,0.0,14.2,0.0,0,0,0.0,0.0,0.0,0.0
9c4f39b3,0,13,4,0.0,0.0,16.6,0.0,0,0,1.5,1.5,-1.5,-1.5
2b1c4abd,0,8,4,0.0,0.0,16.2,0.0,0,0,0.7,0.7,-0.7,-0.7
b625b241,0,1,0,0.0,0.0,22.1,0.0,0,0,0.1,0.1,-0.1,-0.1
31f5b89b,0,2,0,0.0,0.0,21.4,0.0,0,0,0.1,0.1,-0.1,-0.1
4601e194,0,1,1,0.0,0.0,11.4,0.0,0,0,0.2,0.2,-0.2,-0.2
5294a83f,1,4,1,0.25,1.0,19.6,0.0,0,0,0.6,0.6,0.4,0.4
9e17ccff,0,0,0,0.0,0.0,0.0,0.0,0,0,0.0,0.0,0.0,0.0
cd6a1a59,0,4,1,0.0,0.0,26.0,0.0,0,0,0.1,0.1,-0.1,-0.1
f8405304,0,1,1,0.0,0.0,23.8,0.0,0,0,0.0,0.0,0.0,0.0
1a7fcf39,0,2,2,0.0,0.0,17.3,0.0,0,0,0.1,0.1,-0.1,-0.1
5c46e908,0,3,0,0.0,0.0,16.9,0.0,0,0,0.2,0.2,-0.2,-0.2
bdf8165d,0,1,0,0.0,0.0,31.1,0.0,0,0,0.0,0.0,0.0,0.0
f4290206,1,2,1,0.5,1.0,16.2,1.0,0,0,0.3,0.3,0.7,0.7
0afff3b7,2,7,2,0.29,1.0,17.7,0.0,0,0,0.4,0.4,1.6,1.6
8b3ab7ad,0,2,1,0.0,0.0,21.0,0.0,0,0,0.0,0.0,0.0,0.0
555d5edd,0,1,1,0.0,0.0,11.5,0.0,0,0,0.1,0.1,-0.1,-0.1
7fdb872a,0,0,0,0.0,0.0,0.0,0.0,0,0,0.0,0.0,0.0,0.0
9f1893b9,1,8,5,0.13,0.2,15.3,0.0,0,0,0.7,0.7,0.3,0.3
b5f66351,0,0,0,0.0,0.0,0.0,0.0,0,0,0.0,0.0,0.0,0.0
8382b207,0,0,0,0.0,0.0,0.0,0.0,0,0,0.0,0.0,0.0,0.0
4f9f721c,0,0,0,0.0,0.0,0.0,0.0,0,0,0.0,0.0,0.0,0.0
40dc75f0,0,0,0,0.0,0.0,0.0,0.0,0,0,0.0,0.0,0.0,0.0
e0b113a7,0,2,0,0.0,0.0,25.3,0.0,0,0,0.1,0.1,-0.1,-0.1
4e3f5992,0,2,0,0.0,0.0,24.7,0.0,0,0,0.1,0.1,-0.1,-0.1
2a70dcc9,0,0,0,0.0,0.0,0.0,0.0,0,0,0.0,0.0,0.0,0.0
4a7078f9,0,2,0,0.0,0.0,22.0,0.0,0,0,0.1,0.1,-0.1,-0.1
50cddd19,1,4,2,0.25,0.5,13.9,0.0,0,0,0.6,0.6,0.4,0.4
108fe016,0,1,0,0.0,0.0,23.5,0.0,0,0,0.0,0.0,0.0,0.0
99127249,1,10,6,0.1,0.17,20.4,0.0,0,0,0.5,0.5,0.5,0.5
feb5d3ab,0,2,1,0.0,0.0,12.2,0.0,0,0,0.1,0.1,-0.1,-0.1
c63f6e46,1,3,2,0.33,0.5,9.3,0.0,0,0,0.7,0.7,0.3,0.3
7e6b3664,0,0,0,0.0,0.0,0.0,0.0,0,0,0.0,0.0,0.0,0.0
f28876e5,0,0,0,0.0,0.0,0.0,0.0,0,0,0.0,0.0,0.0,0.0
f47a530a,1,2,1,0.5,1.0,14.1,0.0,0,0,0.2,0.2,0.8,0.8
2bef2bca,0,1,0,0.0,0.0,21.1,0.0,0,0,0.0,0.0,0.0,0.0
184ad240,0,2,0,0.0,0.0,6.6,0.0,0,0,0.8,0.8,-0.8,-0.8
31b7d437,1,4,2,0.25,0.5,22.8,0.0,0,0,0.2,0.2,0.8,0.8
b026bbf6,1,4,1,0.25,1.0,15.4,0.0,0,0,0.2,0.2,0.8,0.8
8f5bfaac,1,8,0,0.0,0.0,24.9,1.0,1,1,1.1,0.3,-0.1,-0.3
dbd1b101,0,0,0,0.0,0.0,0.0,0.0,0,0,0.0,0.0,0.0,0.0
e65a7469,1,2,1,0.5,1.0,21.8,0.0,0,0,0.1,0.1,0.9,0.9
dd95af65,0,0,0,0.0,0.0,0.0,0.0,0,0,0.0,0.0,0.0,0.0
8e34b9f5,0,3,0,0.0,0.0,6.8,0.0,0,0,0.2,0.2,-0.2,-0.2
10549b49,0,0,0,0.0,0.0,0.0,0.0,0,0,0.0,0.0,0.0,0.0
85f476cc,0,1,1,0.0,0.0,19.4,0.0,0,0,0.1,0.1,-0.1,-0.1
60c07b31,0,0,0,0.0,0.0,0.0,0.0,0,0,0.0,0.0,0.0,0.0
75229233,0,0,0,0.0,0.0,0.0,0.0,0,0,0.0,0.0,0.0,0.0
114bbdee,0,0,0,0.0,0.0,0.0,0.0,0,0,0.0,0.0,0.0,0.0
06df8256,0,2,1,0.0,0.0,11.3,0.0,0,0,0.1,0.1,-0.1,-0.1
d7abc42e,0,8,2,0.0,0.0,26.7,0.0,0,0,0.3,0.3,-0.3,-0.3
dead55e5,3,14,9,0.21,0.33,24.7,2.0,0,0,0.7,0.7,2.3,2.3
0caa2fd4,1,11,3,0.09,0.33,15.1,0.0,0,0,1.4,1.4,-0.4,-0.4
a8567629,0,2,1,0.0,0.0,11.0,0.0,0,0,0.3,0.3,-0.3,-0.3
5ccc9672,0,0,0,0.0,0.0,0.0,0.0,0,0,0.0,0.0,0.0,0.0
be47b750,0,4,2,0.0,0.0,11.5,0.0,0,0,0.7,0.7,-0.7,-0.7
cac2537b,1,10,4,0.1,0.25,21.3,1.0,0,0,0.4,0.4,0.6,0.6
3098c0df,0,3,0,0.0,0.0,27.5,0.0,0,0,0.1,0.1,-0.1,-0.1
200e89e1,0,0,0,0.0,0.0,0.0,0.0,0,0,0.0,0.0,0.0,0.0
b742cc0d,0,7,0,0.0,0.0,20.2,0.0,0,0,0.2,0.2,-0.2,-0.2
80556f08,0,4,0,0.0,0.0,18.5,0.0,0,0,0.2,0.2,-0.2,-0.2
a36524bf,0,1,0,0.0,0.0,8.6,0.0,0,0,0.0,0.0,0.0,0.0
2973d8ff,3,7,5,0.29,0.4,15.4,0.0,1,1,2.0,1.2,1.0,0.8
072e68ed,0,0,0,0.0,0.0,0.0,0.0,0,0,0.0,0.0,0.0,0.0
a74ea18d,0,3,1,0.0,0.0,19.4,0.0,0,0,0.1,0.1,-0.1,-0.1
8eb55dbb,1,26,12,0.04,0.08,22.2,0.0,0,0,1.9,1.9,-0.9,-0.9
50dc94ce,0,1,0,0.0,0.0,6.1,0.0,0,0,0.2,0.2,-0.2,-0.2
30ae134d,0,5,3,0.0,0.0,13.0,0.0,0,0,0.5,0.5,-0.5,-0.5
71115017,0,2,0,0.0,0.0,21.5,0.0,0,0,0.1,0.1,-0.1,-0.1
f874dd44,0,0,0,0.0,0.0,0.0,0.0,0,0,0.0,0.0,0.0,0.0
c678ddd7,0,3,0,0.0,0.0,25.8,0.0,0,0,0.1,0.1,-0.1,-0.1
d705ba44,3,12,6,0.25,0.5,11.6,0.0,0,0,3.3,3.3,-0.3,-0.3
3bd65247,0,1,1,0.0,0.0,13.6,0.0,0,0,0.2,0.2,-0.2,-0.2
942b4f90,4,14,5,0.14,0.4,14.4,0.0,2,2,3.3,1.7,0.7,0.3
8a2248b4,0,0,0,0.0,0.0,0.0,0.0,0,0,0.0,0.0,0.0,0.0
e4114f5d,0,3,0,0.0,0.0,25.0,0.0,0,0,0.1,0.1,-0.1,-0.1
713c144a,0,3,0,0.0,0.0,22.0,0.0,0,0,0.1,0.1,-0.1,-0.1
a29b1131,0,3,1,0.0,0.0,17.6,0.0,0,0,0.2,0.2,-0.2,-0.2
17370b95,0,0,0,0.0,0.0,0.0,0.0,0,0,0.0,0.0,0.0,0.0
7ca9f0f0,0,4,0,0.0,0.0,23.7,0.0,0,0,0.2,0.2,-0.2,-0.2
11c0fa9d,0,1,0,0.0,0.0,9.0,0.0,0,0,0.1,0.1,-0.1,-0.1
a0b730dc,0,4,1,0.0,0.0,19.6,1.0,0,0,0.3,0.3,-0.3,-0.3
1c59240b,0,6,3,0.0,0.0,16.0,1.0,0,0,1.1,1.1,-1.1,-1.1
53d93280,0,0,0,0.0,0.0,0.0,0.0,0,0,0.0,0.0,0.0,0.0
4c6e2ab5,0,0,0,0.0,0.0,0.0,0.0,0,0,0.0,0.0,0.0,0.0
6191093d,3,26,10,0.12,0.3,20.6,0.0,0,0,1.6,1.6,1.4,1.4
5b479568,0,1,0,0.0,0.0,17.0,0.0,0,0,0.1,0.1,-0.1,-0.1
9c2b4382,0,1,0,0.0,0.0,33.7,0.0,0,0,0.0,0.0,0.0,0.0
7713c72a,0,0,0,0.0,0.0,0.0,0.0,0,0,0.0,0.0,0.0,0.0
415568b5,1,1,0,0.0,0.0,28.6,0.0,1,1,0.9,0.1,0.1,-0.1
b146275b,3,13,5,0.23,0.6,14.8,0.0,0,0,1.2,1.2,1.8,1.8
52ec54d0,0,0,0,0.0,0.0,0.0,0.0,0,0,0.0,0.0,0.0,0.0
f893dba4,1,4,2,0.25,0.5,21.4,0.0,0,0,0.5,0.5,0.5,0.5
ae05689a,0,14,5,0.0,0.0,21.3,2.0,0,0,0.7,0.7,-0.7,-0.7
9d7d5334,0,0,0,0.0,0.0,0.0,0.0,0,0,0.0,0.0,0.0,0.0
5e8936be,0,0,0,0.0,0.0,0.0,0.0,0,0,0.0,0.0,0.0,0.0
1443ca7d,0,0,0,0.0,0.0,0.0,0.0,0,0,0.0,0.0,0.0,0.0
2cb77ec6,0,0,0,0.0,0.0,0.0,0.0,0,0,0.0,0.0,0.0,0.0
1c07b06e,0,0,0,0.0,0.0,0.0,0.0,0,0,0.0,0.0,0.0,0.0
541127d5,0,7,2,0.0,0.0,16.9,0.0,0,0,0.4,0.4,-0.4,-0.4
f6798fc3,0,0,0,0.0,0.0,0.0,0.0,0,0,0.0,0.0,0.0,0.0
20e73fac,0,10,6,0.0,0.0,21.4,2.0,0,0,0.4,0.4,-0.4,-0.4
ae94a6c5,0,1,0,0.0,0.0,22.1,0.0,0,0,0.0,0.0,0.0,0.0
ea39a081,0,2,2,0.0,0.0,16.7,0.0,0,0,0.1,0.1,-0.1,-0.1
1e064bfb,0,0,0,0.0,0.0,0.0,0.0,0,0,0.0,0.0,0.0,0.0
6e2c94ad,1,3,2,0.33,0.5,14.7,0.0,0,0,0.2,0.2,0.8,0.8
c1949191,0,0,0,0.0,0.0,0.0,0.0,0,0,0.0,0.0,0.0,0.0
10072610,0,0,0,0.0,0.0,0.0,0.0,0,0,0.0,0.0,0.0,0.0
6115fddd,0,0,0,0.0,0.0,0.0,0.0,0,0,0.0,0.0,0.0,0.0
5fd5ed86,0,0,0,0.0,0.0,0.0,0.0,0,0,0.0,0.0,0.0,0.0
4c184730,0,1,0,0.0,0.0,4.5,0.0,0,0,0.2,0.2,-0.2,-0.2
582beb9d,0,4,2,0.0,0.0,16.8,0.0,0,0,0.6,0.6,-0.6,-0.6
7b5ab7f2,0,3,0,0.0,0.0,21.3,0.0,0,0,0.1,0.1,-0.1,-0.1
eab85789,0,5,2,0.0,0.0,20.0,0.0,0,0,0.5,0.5,-0.5,-0.5
e0b5ac38,0,0,0,0.0,0.0,0.0,0.0,0,0,0.0,0.0,0.0,0.0
44f050bc,0,0,0,0.0,0.0,0.0,0.0,0,0,0.0,0.0,0.0,0.0
f8766ef9,1,2,2,0.5,0.5,10.8,0.0,0,0,0.3,0.3,0.7,0.7
eb2b33aa,0,0,0,0.0,0.0,0.0,0.0,0,0,0.0,0.0,0.0,0.0
5ab0ea87,0,0,0,0.0,0.0,0.0,0.0,0,0,0.0,0.0,0.0,0.0
8e456005,0,6,2,0.0,0.0,21.3,0.0,0,0,0.2,0.2,-0.2,-0.2
b8814868,0,5,3,0.0,0.0,16.6,0.0,0,0,0.2,0.2,-0.2,-0.2
f63a8347,0,0,0,0.0,0.0,0.0,0.0,0,0,0.0,0.0,0.0,0.0
13ea2544,0,4,0,0.0,0.0,26.6,0.0,0,0,0.3,0.3,-0.3,-0.3
489e80e3,0,5,0,0.0,0.0,24.5,0.0,0,0,0.5,0.5,-0.5,-0.5
a6de370d,2,17,6,0.12,0.33,23.9,0.0,0,0,0.9,0.9,1.1,1.1
b6a1cdf9,0,5,1,0.0,0.0,13.2,0.0,0,0,0.5,0.5,-0.5,-0.5
6885cc44,1,4,2,0.25,0.5,21.9,0.0,0,0,0.2,0.2,0.8,0.8
dee86451,0,3,1,0.0,0.0,15.6,0.0,0,0,0.3,0.3,-0.3,-0.3
3f5f38fb,0,0,0,0.0,0.0,0.0,0.0,0,0,0.0,0.0,0.0,0.0
4d224fe8,0,11,4,0.0,0.0,22.0,0.0,0,0,0.6,0.6,-0.6,-0.6
f54d2149,0,1,0,0.0,0.0,27.7,0.0,0,0,0.0,0.0,0.0,0.0
e0f3a1f6,0,3,1,0.0,0.0,12.1,0.0,0,0,0.3,0.3,-0.3,-0.3
37d0048f,0,1,1,0.0,0.0,29.3,0.0,0,0,0.0,0.0,0.0,0.0
ba3d3bea,0,0,0,0.0,0.0,0.0,0.0,0,0,0.0,0.0,0.0,0.0
350ad032,1,2,2,0.5,0.5,15.1,0.0,0,0,0.2,0.2,0.8,0.8
2edbd8d5,0,0,0,0.0,0.0,0.0,0.0,0,0,0.0,0.0,0.0,0.0
31a62dc7,0,0,0,0.0,0.0,0.0,0.0,0,0,0.0,0.0,0.0,0.0
3c6bbbab,0,1,0,0.0,0.0,25.5,0.0,0,0,0.0,0.0,0.0,0.0
254b831b,0,0,0,0.0,0.0,0.0,0.0,0,0,0.0,0.0,0.0,0.0
e63c5181,0,6,1,0.0,0.0,24.3,0.0,0,0,0.3,0.3,-0.3,-0.3
890f108d,0,0,0,0.0,0.0,0.0,0.0,0,0,0.0,0.0,0.0,0.0
b0f7e36c,0,2,0,0.0,0.0,16.0,0.0,0,0,0.1,0.1,-0.1,-0.1
b7b27de0,0,3,1,0.0,0.0,23.4,0.0,0,0,0.1,0.1,-0.1,-0.1
68a26d51,0,1,0,0.0,0.0,22.6,0.0,0,0,0.0,0.0,0.0,0.0
1cb49278,0,1,0,0.0,0.0,9.3,0.0,0,0,0.1,0.1,-0.1,-0.1
6e2e6e4e,0,0,0,0.0,0.0,0.0,0.0,0,0,0.0,0.0,0.0,0.0
770ebf00,0,10,3,0.0,0.0,18.2,0.0,0,0,0.7,0.7,-0.7,-0.7
7cd78926,0,0,0,0.0,0.0,0.0,0.0,0,0,0.0,0.0,0.0,0.0
5fcb90ac,0,0,0,0.0,0.0,0.0,0.0,0,0,0.0,0.0,0.0,0.0
1fbbfbde,2,3,3,0.67,0.67,2.7,0.0,0,0,1.8,1.8,0.2,0.2
3010aefb,0,1,0,0.0,0.0,14.4,0.0,0,0,0.0,0.0,0.0,0.0
5ef3d210,0,1,0,0.0,0.0,17.8,0.0,0,0,0.0,0.0,0.0,0.0
0e7ccfc4,0,2,0,0.0,0.0,20.1,0.0,0,0,0.1,0.1,-0.1,-0.1
9980269a,0,2,1,0.0,0.0,13.7,0.0,0,0,0.0,0.0,0.0,0.0
720ebb4e,0,0,0,0.0,0.0,0.0,0.0,0,0,0.0,0.0,0.0,0.0
922dfade,0,4,0,0.0,0.0,22.7,0.0,0,0,0.2,0.2,-0.2,-0.2
16657b95,0,10,4,0.0,0.0,13.0,0.0,0,0,0.8,0.8,-0.8,-0.8
0ab1f153,0,2,1,0.0,0.0,8.0,0.0,0,0,0.2,0.2,-0.2,-0.2
235a646b,0,1,0,0.0,0.0,30.9,0.0,0,0,0.0,0.0,0.0,0.0
a04e2dd2,0,0,0,0.0,0.0,0.0,0.0,0,0,0.0,0.0,0.0,0.0
d9565625,1,2,1,0.5,1.0,16.0,0.0,0,0,0.2,0.2,0.8,0.8
563cbac0,0,4,1,0.0,0.0,10.7,0.0,0,0,0.3,0.3,-0.3,-0.3
94b2001f,0,3,0,0.0,0.0,18.0,0.0,0,0,0.3,0.3,-0.3,-0.3
ccd38335,1,8,3,0.13,0.33,13.7,0.0,0,0,1.3,1.3,-0.3,-0.3
da7f2781,0,4,2,0.0,0.0,31.6,0.0,0,0,0.1,0.1,-0.1,-0.1
ae4e2852,0,2,1,0.0,0.0,18.3,0.0,0,0,0.1,0.1,-0.1,-0.1
bc6e544a,0,4,0,0.0,0.0,23.4,1.0,0,0,0.2,0.2,-0.2,-0.2
d99830de,0,0,0,0.0,0.0,0.0,0.0,0,0,0.0,0.0,0.0,0.0
d33c706e,0,0,0,0.0,0.0,0.0,0.0,0,0,0.0,0.0,0.0,0.0
5832ebfe,0,1,1,0.0,0.0,35.4,0.0,0,0,0.0,0.0,0.0,0.0
13c8e5f6,1,6,3,0.17,0.33,17.8,2.0,0,0,0.5,0.5,0.5,0.5
19cda00b,3,9,8,0.22,0.25,21.4,0.0,1,1,1.2,0.8,1.8,1.2
aeed5c06,1,4,3,0.25,0.33,17.0,0.0,0,0,0.6,0.6,0.4,0.4
d4822868,0,0,0,0.0,0.0,0.0,0.0,0,0,0.0,0.0,0.0,0.0
8104e41e,1,15,5,0.07,0.2,19.6,0.0,0,0,1.0,1.0,0.0,0.0
a9107589,0,0,0,0.0,0.0,0.0,0.0,0,0,0.0,0.0,0.0,0.0
4030c7ae,0,0,0,0.0,0.0,0.0,0.0,0,0,0.0,0.0,0.0,0.0
34a0f5ff,0,4,0,0.0,0.0,17.1,0.0,0,0,0.2,0.2,-0.2,-0.2
37143438,0,0,0,0.0,0.0,0.0,0.0,0,0,0.0,0.0,0.0,0.0
1581e8db,1,9,2,0.11,0.5,20.4,0.0,0,0,0.8,0.8,0.2,0.2
ad82197c,2,7,3,0.29,0.67,18.7,0.0,0,0,0.4,0.4,1.6,1.6
d6f866ba,0,1,0,0.0,0.0,27.1,0.0,0,0,0.0,0.0,0.0,0.0
45c29ae7,1,6,1,0.17,1.0,21.3,1.0,0,0,0.4,0.4,0.6,0.6
77ac1d89,0,2,1,0.0,0.0,15.0,0.0,0,0,0.2,0.2,-0.2,-0.2
ac295d9e,0,0,0,0.0,0.0,0.0,0.0,0,0,0.0,0.0,0.0,0.0
d01bbb6f,1,11,4,0.09,0.25,15.8,0.0,0,0,1.1,1.1,-0.1,-0.1
f67c9d29,1,4,2,0.25,0.5,11.2,0.0,0,0,0.3,0.3,0.7,0.7
fffea3e5,0,6,0,0.0,0.0,20.5,0.0,0,0,0.2,0.2,-0.2,-0.2
67ac5bb8,0,3,0,0.0,0.0,9.4,0.0,0,0,0.6,0.6,-0.6,-0.6
9e7483ff,1,8,3,0.13,0.33,17.7,0.0,0,0,0.6,0.6,0.4,0.4
6fd8a334,0,3,0,0.0,0.0,7.6,0.0,0,0,0.5,0.5,-0.5,-0.5
c6486b01,2,11,3,0.18,0.67,17.8,0.0,0,0,1.5,1.5,0.5,0.5
510c6a3f,0,0,0,0.0,0.0,0.0,0.0,0,0,0.0,0.0,0.0,0.0
8c5506ec,0,0,0,0.0,0.0,0.0,0.0,0,0,0.0,0.0,0.0,0.0
e0921a4f,3,15,6,0.13,0.33,18.2,3.0,1,1,1.9,1.1,1.1,0.9
0b243559,0,0,0,0.0,0.0,0.0,0.0,0,0,0.0,0.0,0.0,0.0
756959aa,0,2,1,0.0,0.0,21.4,0.0,0,0,0.1,0.1,-0.1,-0.1
29e298a8,0,1,0,0.0,0.0,11.6,0.0,0,0,0.1,0.1,-0.1,-0.1
7f8fb807,0,2,0,0.0,0.0,12.0,0.0,0,0,0.2,0.2,-0.2,-0.2
57760e66,0,4,1,0.0,0.0,24.3,1.0,0,0,0.7,0.7,-0.7,-0.7
beb882a8,0,5,1,0.0,0.0,21.7,0.0,0,0,0.3,0.3,-0.3,-0.3
2fba6108,0,2,0,0.0,0.0,16.7,0.0,0,0,0.1,0.1,-0.1,-0.1
47a34c4f,0,1,0,0.0,0.0,31.2,0.0,0,0,0.0,0.0,0.0,0.0
f7dc2ae5,1,6,1,0.17,1.0,13.8,0.0,0,0,0.8,0.8,0.2,0.2
0b4f388a,2,12,5,0.08,0.2,13.5,0.0,1,1,2.5,1.7,-0.5,-0.7
a0c590b9,1,7,1,0.14,1.0,9.2,0.0,0,0,1.1,1.1,-0.1,-0.1
04e17fd5,1,3,2,0.33,0.5,10.8,0.0,0,0,0.7,0.7,0.3,0.3
3fba18d3,0,2,0,0.0,0.0,29.0,1.0,0,0,0.1,0.1,-0.1,-0.1
c75f04f4,0,0,0,0.0,0.0,0.0,0.0,0,0,0.0,0.0,0.0,0.0
ea770abf,0,3,0,0.0,0.0,17.4,0.0,0,0,0.2,0.2,-0.2,-0.2
1469d291,0,0,0,0.0,0.0,0.0,0.0,0,0,0.0,0.0,0.0,0.0
8eeb8ba4,0,3,0,0.0,0.0,23.2,0.0,0,0,0.2,0.2,-0.2,-0.2
980522ec,0,6,1,0.0,0.0,28.8,1.0,0,0,0.3,0.3,-0.3,-0.3
12dcbdcc,0,1,1,0.0,0.0,13.4,0.0,0,0,0.1,0.1,-0.1,-0.1
d7354a36,0,0,0,0.0,0.0,0.0,0.0,0,0,0.0,0.0,0.0,0.0
16322a52,0,5,1,0.0,0.0,15.9,0.0,0,0,0.5,0.5,-0.5,-0.5
4352d221,1,10,0,0.0,0.0,24.6,0.0,1,2,2.4,0.9,-1.4,-0.9
54bb5c3f,0,0,0,0.0,0.0,0.0,0.0,0,0,0.0,0.0,0.0,0.0
f5e7fdf9,0,4,1,0.0,0.0,23.7,0.0,0,0,0.2,0.2,-0.2,-0.2
bc7b4580,0,1,1,0.0,0.0,23.0,0.0,0,0,0.0,0.0,0.0,0.0
366be751,0,1,0,0.0,0.0,17.8,0.0,0,0,0.1,0.1,-0.1,-0.1
b396a0b1,0,2,0,0.0,0.0,17.8,0.0,0,0,0.6,0.6,-0.6,-0.6
0ba976e4,0,3,1,0.0,0.0,22.8,0.0,0,0,0.2,0.2,-0.2,-0.2
4c1e579e,0,0,0,0.0,0.0,0.0,0.0,0,0,0.0,0.0,0.0,0.0
bece776f,2,3,2,0.67,1.0,12.8,0.0,0,0,0.9,0.9,1.1,1.1
15d0c248,0,1,0,0.0,0.0,23.2,0.0,0,0,0.1,0.1,-0.1,-0.1
507c7bdf,0,18,5,0.0,0.0,17.9,1.0,0,0,2.3,2.3,-2.3,-2.3
ef491564,0,0,0,0.0,0.0,0.0,0.0,0,0,0.0,0.0,0.0,0.0
e08647d6,0,6,1,0.0,0.0,16.6,0.0,0,0,0.4,0.4,-0.4,-0.4
d9d43555,0,1,0,0.0,0.0,9.0,0.0,0,0,0.1,0.1,-0.1,-0.1
41f32541,0,0,0,0.0,0.0,0.0,0.0,0,0,0.0,0.0,0.0,0.0
a92ab7be,0,0,0,0.0,0.0,0.0,0.0,0,0,0.0,0.0,0.0,0.0
822d51d7,0,15,5,0.0,0.0,22.3,0.0,0,0,1.5,1.5,-1.5,-1.5
f620b04f,0,1,0,0.0,0.0,19.0,0.0,0,0,0.1,0.1,-0.1,-0.1
9a794238,0,0,0,0.0,0.0,0.0,0.0,0,0,0.0,0.0,0.0,0.0
b853e0ad,1,10,3,0.1,0.33,19.7,0.0,0,0,0.9,0.9,0.1,0.1
74f2e748,0,3,1,0.0,0.0,15.8,0.0,0,0,0.2,0.2,-0.2,-0.2
f360f047,0,2,1,0.0,0.0,14.0,0.0,0,0,0.3,0.3,-0.3,-0.3
1971591f,3,14,6,0.21,0.5,18.6,0.0,0,0,1.2,1.2,1.8,1.8
3da8cba0,0,0,0,0.0,0.0,0.0,0.0,0,0,0.0,0.0,0.0,0.0
23c63b7f,1,8,2,0.13,0.5,13.1,0.0,0,0,0.6,0.6,0.4,0.4
a372a9f2,0,6,1,0.0,0.0,25.7,0.0,0,0,0.2,0.2,-0.2,-0.2
7aa8adfe,1,6,1,0.17,1.0,16.9,0.0,0,0,0.6,0.6,0.4,0.4
62f7c156,0,0,0,0.0,0.0,0.0,0.0,0,0,0.0,0.0,0.0,0.0
19cae58d,0,0,0,0.0,0.0,0.0,0.0,0,0,0.0,0.0,0.0,0.0
0683f364,0,2,0,0.0,0.0,23.2,0.0,0,0,0.1,0.1,-0.1,-0.1
6bd603db,0,2,1,0.0,0.0,28.7,0.0,0,0,0.1,0.1,-0.1,-0.1
7ba6d84e,0,0,0,0.0,0.0,0.0,0.0,0,0,0.0,0.0,0.0,0.0
242e1043,0,0,0,0.0,0.0,0.0,0.0,0,0,0.0,0.0,0.0,0.0
ffa90327,1,2,1,0.5,1.0,16.9,0.0,0,0,0.1,0.1,0.9,0.9
7242b495,0,0,0,0.0,0.0,0.0,0.0,0,0,0.0,0.0,0.0,0.0
d0a0858e,0,1,0,0.0,0.0,28.9,0.0,0,0,0.0,0.0,0.0,0.0
9c435456,0,0,0,0.0,0.0,0.0,0.0,0,0,0.0,0.0,0.0,0.0
37337aea,4,8,3,0.38,1.0,9.6,0.0,1,1,2.5,1.9,1.5,1.1
f521b80a,0,1,1,0.0,0.0,13.9,0.0,0,0,0.1,0.1,-0.1,-0.1
3befc2b6,0,4,0,0.0,0.0,12.0,0.0,0,0,0.3,0.3,-0.3,-0.3
c0a38fb2,0,0,0,0.0,0.0,0.0,0.0,0,0,0.0,0.0,0.0,0.0
ab57e591,0,0,0,0.0,0.0,0.0,0.0,0,0,0.0,0.0,0.0,0.0
50c1ff86,0,3,1,0.0,0.0,27.5,0.0,0,0,0.1,0.1,-0.1,-0.1
51ffa295,0,4,1,0.0,0.0,22.0,0.0,0,0,0.4,0.4,-0.4,-0.4
3708e9fa,0,10,1,0.0,0.0,20.0,0.0,0,0,0.7,0.7,-0.7,-0.7
8dcf77c0,0,3,2,0.0,0.0,12.6,0.0,0,0,0.5,0.5,-0.5,-0.5
4c2e9442,1,6,3,0.17,0.33,16.9,0.0,0,0,0.5,0.5,0.5,0.5
5c78cb9e,0,0,0,0.0,0.0,0.0,0.0,0,0,0.0,0.0,0.0,0.0
c275947b,2,9,3,0.22,0.67,17.8,0.0,0,0,0.7,0.7,1.3,1.3
49d028db,0,2,0,0.0,0.0,18.3,0.0,0,0,0.2,0.2,-0.2,-0.2
7cc5bd9c,0,0,0,0.0,0.0,0.0,0.0,0,0,0.0,0.0,0.0,0.0
c4f5eb61,0,0,0,0.0,0.0,0.0,0.0,0,0,0.0,0.0,0.0,0.0
4e4b59a4,0,0,0,0.0,0.0,0.0,0.0,0,0,0.0,0.0,0.0,0.0
9c74fa25,0,5,1,0.0,0.0,21.7,0.0,0,0,0.2,0.2,-0.2,-0.2
6f5f82c0,0,1,1,0.0,0.0,24.9,0.0,0,0,0.0,0.0,0.0,0.0
aad56ca3,2,9,4,0.22,0.5,14.5,0.0,0,0,1.0,1.0,1.0,1.0
3cd7820a,0,0,0,0.0,0.0,0.0,0.0,0,0,0.0,0.0,0.0,0.0
8e235926,3,14,7,0.21,0.43,14.9,0.0,0,0,1.7,1.7,1.3,1.3
54e4866f,2,14,4,0.07,0.25,23.3,2.0,1,1,1.5,0.7,0.5,0.3
37998008,0,0,0,0.0,0.0,0.0,0.0,0,0,0.0,0.0,0.0,0.0
0da5076f,1,11,2,0.09,0.5,21.6,0.0,0,0,0.7,0.7,0.3,0.3
5db7ba90,1,2,1,0.5,1.0,0.0,0.0,0,0,0.0,0.0,0.0,0.0
ef322658,0,6,4,0.0,0.0,20.3,0.0,0,0,0.2,0.2,-0.2,-0.2
0076ab7f,1,2,1,0.5,1.0,20.8,0.0,0,0,0.1,0.1,0.9,0.9
bb598858,0,0,0,0.0,0.0,0.0,0.0,0,0,0.0,0.0,0.0,0.0
58a3a572,0,1,0,0.0,0.0,17.5,0.0,0,0,0.0,0.0,0.0,0.0
1707d9c6,0,1,1,0.0,0.0,16.4,0.0,0,0,0.1,0.1,-0.1,-0.1
b73f17f8,1,7,1,0.14,1.0,12.1,0.0,0,0,0.7,0.7,0.3,0.3
8e48dc61,1,3,2,0.33,0.5,19.3,0.0,0,0,0.4,0.4,0.6,0.6
3741ca58,1,3,3,0.33,0.33,18.6,0.0,0,0,0.1,0.1,0.9,0.9
8593f88c,0,4,1,0.0,0.0,17.3,0.0,0,0,0.3,0.3,-0.3,-0.3
44400941,0,2,0,0.0,0.0,22.5,1.0,0,0,0.1,0.1,-0.1,-0.1
c7842dab,1,1,1,1.0,1.0,2.6,0.0,0,0,0.6,0.6,0.4,0.4
a6979b0f,1,7,2,0.14,0.5,23.0,2.0,0,0,0.3,0.3,0.7,0.7
70dcf94d,0,11,3,0.0,0.0,17.7,0.0,0,0,0.5,0.5,-0.5,-0.5
82cfae2a,0,3,1,0.0,0.0,23.1,0.0,0,0,0.2,0.2,-0.2,-0.2
7673e4bc,0,0,0,0.0,0.0,0.0,0.0,0,0,0.0,0.0,0.0,0.0
60831426,0,0,0,0.0,0.0,0.0,0.0,0,0,0.0,0.0,0.0,0.0
02b952ce,0,1,0,0.0,0.0,10.1,0.0,0,0,0.1,0.1,-0.1,-0.1
e6ad16b2,1,10,2,0.1,0.5,21.8,0.0,0,0,1.0,1.0,0.0,0.0
4fac8f81,2,6,3,0.33,0.67,9.1,0.0,0,0,0.9,0.9,1.1,1.1
f24ea523,0,0,0,0.0,0.0,0.0,0.0,0,0,0.0,0.0,0.0,0.0
bfc5768b,2,6,3,0.33,0.67,13.0,0.0,0,0,0.7,0.7,1.3,1.3
39e1138f,0,1,0,0.0,0.0,18.3,0.0,0,0,0.0,0.0,0.0,0.0
f0f64209,0,0,0,0.0,0.0,0.0,0.0,0,0,0.0,0.0,0.0,0.0
6b658db0,0,0,0,0.0,0.0,0.0,0.0,0,0,0.0,0.0,0.0,0.0
10161491,0,0,0,0.0,0.0,0.0,0.0,0,0,0.0,0.0,0.0,0.0
50871bcc,0,1,0,0.0,0.0,24.4,0.0,0,0,0.0,0.0,0.0,0.0
2dc925d5,0,0,0,0.0,0.0,0.0,0.0,0,0,0.0,0.0,0.0,0.0
fa066690,1,7,4,0.14,0.25,8.4,0.0,0,0,1.2,1.2,-0.2,-0.2
8059806f,2,14,6,0.14,0.33,15.4,0.0,0,0,1.4,1.4,0.6,0.6
fa94d227,0,0,0,0.0,0.0,0.0,0.0,0,0,0.0,0.0,0.0,0.0
90b70194,2,5,2,0.4,1.0,10.5,0.0,0,0,0.8,0.8,1.2,1.2
3642b47f,0,3,1,0.0,0.0,27.7,0.0,0,0,0.1,0.1,-0.1,-0.1
0c7a48f8,0,0,0,0.0,0.0,0.0,0.0,0,0,0.0,0.0,0.0,0.0
5521f419,0,6,2,0.0,0.0,21.6,0.0,0,0,0.4,0.4,-0.4,-0.4
2116f524,0,1,1,0.0,0.0,11.3,0.0,0,0,0.1,0.1,-0.1,-0.1
9a71e978,0,1,0,0.0,0.0,5.5,0.0,0,0,0.2,0.2,-0.2,-0.2
5d8e331f,1,5,2,0.2,0.5,9.8,0.0,0,0,0.4,0.4,0.6,0.6
d79a8c87,1,1,1,1.0,1.0,10.9,0.0,0,0,0.1,0.1,0.9,0.9
ca618d23,0,0,0,0.0,0.0,0.0,0.0,0,0,0.0,0.0,0.0,0.0
16839b27,0,0,0,0.0,0.0,0.0,0.0,0,0,0.0,0.0,0.0,0.0
951f1739,0,3,2,0.0,0.0,29.1,0.0,0,0,0.1,0.1,-0.1,-0.1
6603fed7,2,15,8,0.07,0.13,22.3,3.0,1,1,1.7,0.9,0.3,0.1
62de9d42,0,11,3,0.0,0.0,23.3,0.0,0,1,1.2,0.4,-1.2,-0.4
d5efd527,0,3,1,0.0,0.0,7.2,0.0,0,0,0.3,0.3,-0.3,-0.3
73b1d487,0,8,2,0.0,0.0,21.8,2.0,0,0,0.5,0.5,-0.5,-0.5
ad3389d5,0,0,0,0.0,0.0,0.0,0.0,0,0,0.0,0.0,0.0,0.0
15f3ec41,0,1,0,0.0,0.0,16.3,0.0,0,0,0.1,0.1,-0.1,-0.1
f2c1300a,1,3,3,0.33,0.33,12.0,0.0,0,0,0.1,0.1,0.9,0.9
e09436fb,0,0,0,0.0,0.0,0.0,0.0,0,0,0.0,0.0,0.0,0.0
4f5a953e,0,2,2,0.0,0.0,7.6,0.0,0,0,0.2,0.2,-0.2,-0.2
2f3452eb,0,1,0,0.0,0.0,31.5,0.0,0,0,0.0,0.0,0.0,0.0
952afd27,0,1,0,0.0,0.0,7.8,0.0,0,0,0.1,0.1,-0.1,-0.1
82efe6fa,0,3,0,0.0,0.0,14.7,0.0,0,0,0.6,0.6,-0.6,-0.6
34caa4b3,1,3,1,0.33,1.0,24.4,0.0,0,0,0.1,0.1,0.9,0.9
75645f0e,0,3,1,0.0,0.0,15.0,0.0,0,0,0.2,0.2,-0.2,-0.2
d5161564,0,0,0,0.0,0.0,0.0,0.0,0,0,0.0,0.0,0.0,0.0
ba492306,0,0,0,0.0,0.0,0.0,0.0,0,0,0.0,0.0,0.0,0.0
5ce0b5ba,0,1,0,0.0,0.0,16.3,0.0,0,0,0.0,0.0,0.0,0.0
4431aed2,1,9,2,0.0,0.0,13.0,0.0,1,1,2.4,1.6,-1.4,-1.6
92fa5d28,0,0,0,0.0,0.0,0.0,0.0,0,0,0.0,0.0,0.0,0.0
33651873,0,2,0,0.0,0.0,19.5,0.0,0,0,0.1,0.1,-0.1,-0.1
85c76f0a,0,2,1,0.0,0.0,21.3,0.0,0,0,0.2,0.2,-0.2,-0.2
f512a009,0,3,0,0.0,0.0,19.5,0.0,0,0,0.1,0.1,-0.1,-0.1
3d3ac5b8,0,0,0,0.0,0.0,0.0,0.0,0,0,0.0,0.0,0.0,0.0
5715bb71,3,15,7,0.2,0.43,16.4,1.0,0,0,1.4,0.8,1.6,2.2
4c82730b,0,8,1,0.0,0.0,17.2,0.0,0,0,0.6,0.6,-0.6,-0.6
a93b6f4e,0,0,0,0.0,0.0,0.0,0.0,0,0,0.0,0.0,0.0,0.0
08452314,2,7,3,0.29,0.67,21.2,0.0,0,0,0.5,0.5,1.5,1.5
a0415710,0,3,1,0.0,0.0,14.2,0.0,0,0,0.4,0.4,-0.4,-0.4
9866afec,1,4,2,0.25,0.5,26.3,0.0,0,0,0.1,0.1,0.9,0.9
2c5f04ba,0,1,0,0.0,0.0,8.5,0.0,0,0,0.1,0.1,-0.1,-0.1
53e442e2,0,0,0,0.0,0.0,0.0,0.0,0,0,0.0,0.0,0.0,0.0
706a337d,0,0,0,0.0,0.0,0.0,0.0,0,0,0.0,0.0,0.0,0.0
b66315ae,0,10,6,0.0,0.0,12.6,0.0,0,0,1.0,1.0,-1.0,-1.0
4c5b14d2,1,1,1,1.0,1.0,22.3,0.0,0,0,0.0,0.0,1.0,1.0
1bacc518,0,0,0,0.0,0.0,0.0,0.0,0,0,0.0,0.0,0.0,0.0
abb3bb95,2,12,3,0.17,0.67,13.5,0.0,0,0,1.0,1.0,1.0,1.0
2a0c8ba4,0,0,0,0.0,0.0,0.0,0.0,0,0,0.0,0.0,0.0,0.0
d87e2cae,2,5,1,0.2,1.0,15.0,0.0,1,1,1.7,0.9,0.3,0.1
84399660,0,0,0,0.0,0.0,0.0,0.0,0,0,0.0,0.0,0.0,0.0
72c01cfb,1,1,1,1.0,1.0,5.0,0.0,0,0,0.5,0.5,0.5,0.5
a29e5244,0,0,0,0.0,0.0,0.0,0.0,0,0,0.0,0.0,0.0,0.0
6358cb11,0,1,1,0.0,0.0,35.8,0.0,0,0,0.0,0.0,0.0,0.0
0a084b35,1,2,2,0.5,0.5,24.5,1.0,0,0,0.1,0.1,0.9,0.9
d29202c2,1,2,2,0.5,0.5,17.5,0.0,0,0,0.1,0.1,0.9,0.9
390eb94b,0,2,1,0.0,0.0,16.8,0.0,0,0,0.1,0.1,-0.1,-0.1
32f3d97e,0,2,1,0.0,0.0,26.4,1.0,0,0,0.1,0.1,-0.1,-0.1
66c52a77,0,2,0,0.0,0.0,13.0,0.0,0,0,0.2,0.2,-0.2,-0.2
d2800f47,1,4,2,0.25,0.5,22.4,0.0,0,0,0.3,0.3,0.7,0.7
d9ac09e2,0,6,3,0.0,0.0,19.4,0.0,0,0,0.7,0.7,-0.7,-0.7
bf4c41f9,0,6,1,0.0,0.0,14.4,0.0,0,0,0.7,0.7,-0.7,-0.7
f38a247a,0,1,0,0.0,0.0,14.4,0.0,0,0,0.0,0.0,0.0,0.0
4047c976,0,2,1,0.0,0.0,21.4,0.0,0,0,0.1,0.1,-0.1,-0.1
0f6e3474,0,4,0,0.0,0.0,14.6,0.0,0,0,0.4,0.4,-0.4,-0.4
53342701,0,2,1,0.0,0.0,10.4,0.0,0,0,0.2,0.2,-0.2,-0.2
af50141d,3,9,3,0.11,0.33,30.0,1.0,2,2,1.9,0.3,1.1,0.7
4123bc9a,0,4,1,0.0,0.0,20.7,1.0,0,0,0.3,0.3,-0.3,-0.3
1bd5735a,0,1,0,0.0,0.0,25.1,0.0,0,0,0.0,0.0,0.0,0.0
211589b8,0,7,3,0.0,0.0,15.4,0.0,0,0,0.7,0.7,-0.7,-0.7
9f84febe,0,0,0,0.0,0.0,0.0,0.0,0,0,0.0,0.0,0.0,0.0
d5127c3f,2,11,5,0.18,0.4,19.3,1.0,0,0,0.7,0.7,1.3,1.3
35bd124a,0,1,0,0.0,0.0,17.3,0.0,0,0,0.0,0.0,0.0,0.0
3d50bcdb,0,0,0,0.0,0.0,0.0,0.0,0,0,0.0,0.0,0.0,0.0
dc52c72f,0,0,0,0.0,0.0,0.0,0.0,0,0,0.0,0.0,0.0,0.0
d2c580ce,0,2,0,0.0,0.0,10.2,0.0,0,0,0.2,0.2,-0.2,-0.2
136958ad,0,0,0,0.0,0.0,0.0,0.0,0,0,0.0,0.0,0.0,0.0
05e19d6a,0,2,1,0.0,0.0,19.6,0.0,0,0,0.1,0.1,-0.1,-0.1
59e4b92e,0,3,0,0.0,0.0,21.0,0.0,0,0,0.1,0.1,-0.1,-0.1
b956af7d,1,7,1,0.14,1.0,14.2,0.0,0,0,0.6,0.6,0.4,0.4
718a3a5c,0,1,0,0.0,0.0,23.2,0.0,0,0,0.0,0.0,0.0,0.0
43458538,0,3,0,0.0,0.0,19.1,0.0,0,0,0.3,0.3,-0.3,-0.3
fc9b373e,1,9,1,0.11,1.0,20.5,0.0,0,0,0.8,0.8,0.2,0.2
ff711ca2,0,2,0,0.0,0.0,19.6,0.0,0,0,0.4,0.4,-0.4,-0.4
2b0852db,0,1,0,0.0,0.0,11.3,0.0,0,0,0.2,0.2,-0.2,-0.2
15fd5593,0,1,0,0.0,0.0,10.5,0.0,0,0,0.1,0.1,-0.1,-0.1
6bd5cd5d,3,5,1,0.0,0.0,20.4,0.0,3,3,2.7,0.3,0.3,-0.3
988dfee2,0,0,0,0.0,0.0,0.0,0.0,0,0,0.0,0.0,0.0,0.0
ec48abb1,0,0,0,0.0,0.0,0.0,0.0,0,0,0.0,0.0,0.0,0.0
ff74841d,0,0,0,0.0,0.0,0.0,0.0,0,0,0.0,0.0,0.0,0.0
6747869d,0,0,0,0.0,0.0,0.0,0.0,0,0,0.0,0.0,0.0,0.0
9bf914b4,1,10,3,0.0,0.0,28.5,2.0,1,1,1.2,0.5,-0.2,-0.5
aee634bf,0,3,2,0.0,0.0,10.7,0.0,0,0,0.2,0.2,-0.2,-0.2
0f816ae5,0,0,0,0.0,0.0,0.0,0.0,0,0,0.0,0.0,0.0,0.0
1f3afdcb,0,0,0,0.0,0.0,0.0,0.0,0,0,0.0,0.0,0.0,0.0
b1cd37e6,0,2,2,0.0,0.0,15.7,0.0,0,0,0.1,0.1,-0.1,-0.1
4d1666ff,0,1,1,0.0,0.0,7.8,0.0,0,0,0.2,0.2,-0.2,-0.2
bc08556f,0,0,0,0.0,0.0,0.0,0.0,0,0,0.0,0.0,0.0,0.0
b79d8e93,0,1,0,0.0,0.0,11.5,0.0,0,0,0.1,0.1,-0.1,-0.1
60713cb3,0,0,0,0.0,0.0,0.0,0.0,0,0,0.0,0.0,0.0,0.0
50385760,0,2,0,0.0,0.0,26.6,0.0,0,0,0.1,0.1,-0.1,-0.1
2249e65b,0,3,1,0.0,0.0,21.4,0.0,0,0,0.1,0.1,-0.1,-0.1
3543ef90,0,0,0,0.0,0.0,0.0,0.0,0,0,0.0,0.0,0.0,0.0
1ac58ba6,1,0,0,0.0,0.0,0.0,0.0,1,1,0.8,0.0,0.2,0.0
47420f02,1,2,1,0.5,1.0,10.5,0.0,0,0,0.6,0.6,0.4,0.4
2a29eb9b,2,3,3,0.67,0.67,12.8,0.0,0,0,0.3,0.3,1.7,1.7
16aa3654,0,6,1,0.0,0.0,20.0,0.0,0,0,0.4,0.4,-0.4,-0.4
a40819d9,0,0,0,0.0,0.0,0.0,0.0,0,0,0.0,0.0,0.0,0.0
9ceb7642,0,7,3,0.0,0.0,27.6,1.0,0,0,0.2,0.2,-0.2,-0.2
6d86d9cd,3,20,14,0.15,0.21,15.2,0.0,0,0,3.8,3.8,-0.8,-0.8
9f115e20,0,0,0,0.0,0.0,0.0,0.0,0,0,0.0,0.0,0.0,0.0
2770726a,1,6,4,0.17,0.25,18.6,0.0,0,0,0.7,0.7,0.3,0.3
ef83dfcc,0,0,0,0.0,0.0,0.0,0.0,0,0,0.0,0.0,0.0,0.0
4e7db402,0,0,0,0.0,0.0,0.0,0.0,0,0,0.0,0.0,0.0,0.0
651fa4db,0,0,0,0.0,0.0,0.0,0.0,0,0,0.0,0.0,0.0,0.0
22798128,0,3,1,0.0,0.0,17.0,1.0,0,0,0.2,0.2,-0.2,-0.2
22798128,0,2,0,0.0,0.0,20.3,0.0,0,0,0.1,0.1,-0.1,-0.1
bf12926c,0,2,1,0.0,0.0,20.2,0.0,0,0,0.2,0.2,-0.2,-0.2
abe66106,0,1,0,0.0,0.0,25.7,0.0,0,0,0.0,0.0,0.0,0.0
8614496d,0,0,0,0.0,0.0,0.0,0.0,0,0,0.0,0.0,0.0,0.0
8cd49575,0,0,0,0.0,0.0,0.0,0.0,0,0,0.0,0.0,0.0,0.0
8b5504e1,0,3,2,0.0,0.0,19.7,0.0,0,0,0.3,0.3,-0.3,-0.3
00c9a283,0,1,0,0.0,0.0,31.8,0.0,0,0,0.0,0.0,0.0,0.0
02caf6e0,0,2,1,0.0,0.0,17.3,0.0,0,0,0.1,0.1,-0.1,-0.1
9a64e67e,0,1,0,0.0,0.0,30.0,0.0,0,0,0.0,0.0,0.0,0.0
56dd5e10,0,3,1,0.0,0.0,13.6,0.0,0,0,0.1,0.1,-0.1,-0.1
d2ddff2d,0,0,0,0.0,0.0,0.0,0.0,0,0,0.0,0.0,0.0,0.0
c4987edc,0,6,2,0.0,0.0,13.0,0.0,0,0,0.4,0.4,-0.4,-0.4
8d78e732,1,2,1,0.0,0.0,28.5,1.0,1,1,0.9,0.1,0.1,-0.1
13fe7b69,0,1,0,0.0,0.0,20.5,0.0,0,0,0.0,0.0,0.0,0.0
0c09c984,0,1,0,0.0,0.0,23.9,0.0,0,0,0.0,0.0,0.0,0.0
302527b2,0,4,1,0.0,0.0,18.0,0.0,0,0,0.3,0.3,-0.3,-0.3
27504df8,0,6,2,0.0,0.0,25.0,2.0,0,0,0.3,0.3,-0.3,-0.3
f5deef4c,0,1,0,0.0,0.0,13.7,0.0,0,0,0.0,0.0,0.0,0.0
f99360b9,0,2,0,0.0,0.0,20.8,1.0,0,0,0.1,0.1,-0.1,-0.1
5e42afa3,0,2,1,0.0,0.0,28.1,0.0,0,0,0.1,0.1,-0.1,-0.1
a8a874f1,0,1,0,0.0,0.0,24.5,0.0,0,0,0.1,0.1,-0.1,-0.1
37f341f0,0,0,0,0.0,0.0,0.0,0.0,0,0,0.0,0.0,0.0,0.0
975eda74,0,2,0,0.0,0.0,17.7,0.0,0,0,0.1,0.1,-0.1,-0.1
184ea16a,0,0,0,0.0,0.0,0.0,0.0,0,0,0.0,0.0,0.0,0.0
8df5b30f,2,4,3,0.5,0.67,10.9,0.0,0,0,0.6,0.6,1.4,1.4
9b3ab988,0,2,1,0.0,0.0,15.4,0.0,0,0,0.1,0.1,-0.1,-0.1
939bc634,0,0,0,0.0,0.0,0.0,0.0,0,0,0.0,0.0,0.0,0.0
a99138af,0,2,0,0.0,0.0,21.4,0.0,0,0,0.1,0.1,-0.1,-0.1
83c06f3a,0,0,0,0.0,0.0,0.0,0.0,0,0,0.0,0.0,0.0,0.0
0ed60738,1,4,2,0.25,0.5,21.6,0.0,0,0,0.5,0.5,0.5,0.5
d4133fa1,0,4,0,0.0,0.0,20.5,0.0,0,0,0.1,0.1,-0.1,-0.1
bf34eebd,0,3,2,0.0,0.0,14.0,0.0,0,0,0.5,0.5,-0.5,-0.5
d8931174,0,0,0,0.0,0.0,0.0,0.0,0,0,0.0,0.0,0.0,0.0
d4808594,0,0,0,0.0,0.0,0.0,0.0,0,0,0.0,0.0,0.0,0.0
fc46aab1,1,14,4,0.07,0.25,22.8,2.0,0,0,1.8,1.8,-0.8,-0.8
6b6c793c,0,4,1,0.0,0.0,15.3,0.0,0,0,0.3,0.3,-0.3,-0.3
42f8775b,0,2,1,0.0,0.0,21.9,0.0,0,0,0.1,0.1,-0.1,-0.1
5aa53281,0,5,0,0.0,0.0,7.0,0.0,0,0,0.9,0.9,-0.9,-0.9
1d2d5cc8,0,0,0,0.0,0.0,0.0,0.0,0,0,0.0,0.0,0.0,0.0
c707411f,0,0,0,0.0,0.0,0.0,0.0,0,0,0.0,0.0,0.0,0.0
603116a7,0,2,0,0.0,0.0,16.6,0.0,0,0,0.2,0.2,-0.2,-0.2
8d7323e8,1,11,5,0.09,0.2,18.8,0.0,0,0,1.1,1.1,-0.1,-0.1
a83c19cf,0,3,2,0.0,0.0,17.4,0.0,0,0,0.4,0.4,-0.4,-0.4
d9764034,0,1,0,0.0,0.0,4.8,0.0,0,0,0.1,0.1,-0.1,-0.1
59878425,1,4,1,0.25,1.0,15.0,0.0,0,0,0.7,0.7,0.3,0.3
04964f4f,0,1,1,0.0,0.0,23.3,0.0,0,0,0.1,0.1,-0.1,-0.1
8b788c01,1,1,1,1.0,1.0,21.0,0.0,0,0,0.0,0.0,1.0,1.0
48a5a5d6,0,8,1,0.0,0.0,15.3,0.0,0,0,0.8,0.8,-0.8,-0.8
52061089,1,6,2,0.17,0.5,32.1,0.0,0,0,0.1,0.1,0.9,0.9
bac46a10,0,1,0,0.0,0.0,9.5,0.0,0,0,0.1,0.1,-0.1,-0.1
3ef0fa48,0,0,0,0.0,0.0,0.0,0.0,0,0,0.0,0.0,0.0,0.0
d4535821,0,2,1,0.0,0.0,17.8,0.0,0,0,0.1,0.1,-0.1,-0.1
9d689a5b,0,3,0,0.0,0.0,15.8,0.0,0,0,0.8,0.8,-0.8,-0.8
15944afd,0,1,0,0.0,0.0,14.0,0.0,0,0,0.0,0.0,0.0,0.0
ef3909cd,0,0,0,0.0,0.0,0.0,0.0,0,0,0.0,0.0,0.0,0.0
eb7822d7,0,3,2,0.0,0.0,25.1,0.0,0,0,0.1,0.1,-0.1,-0.1
cf1ef7ec,0,0,0,0.0,0.0,0.0,0.0,0,0,0.0,0.0,0.0,0.0
d8bffa70,0,0,0,0.0,0.0,0.0,0.0,0,0,0.0,0.0,0.0,0.0
1adcf39e,0,0,0,0.0,0.0,0.0,0.0,0,0,0.0,0.0,0.0,0.0
826e8b63,0,3,1,0.0,0.0,27.6,0.0,0,0,0.1,0.1,-0.1,-0.1
f9de9c23,0,0,0,0.0,0.0,0.0,0.0,0,0,0.0,0.0,0.0,0.0
d93c2511,1,4,3,0.25,0.33,16.8,0.0,0,0,0.7,0.7,0.3,0.3
97e2aa67,0,1,0,0.0,0.0,25.7,1.0,0,0,0.0,0.0,0.0,0.0
89c63f8c,0,0,0,0.0,0.0,0.0,0.0,0,0,0.0,0.0,0.0,0.0
e66e4ddc,0,0,0,0.0,0.0,0.0,0.0,0,0,0.0,0.0,0.0,0.0
70c52749,0,5,1,0.0,0.0,24.5,0.0,0,0,0.2,0.2,-0.2,-0.2
c9e39d91,2,10,4,0.1,0.25,20.7,1.0,1,1,1.5,0.7,0.5,0.3
de89f3c3,0,1,0,0.0,0.0,11.1,0.0,0,0,0.2,0.2,-0.2,-0.2
d080ed5e,0,3,0,0.0,0.0,12.4,0.0,0,0,0.7,0.7,-0.7,-0.7
0bfca6a1,0,2,0,0.0,0.0,24.0,0.0,0,0,0.1,0.1,-0.1,-0.1
ef2ad14e,0,0,0,0.0,0.0,0.0,0.0,0,0,0.0,0.0,0.0,0.0
1e274a0a,1,3,1,0.33,1.0,16.2,0.0,0,0,0.3,0.3,0.7,0.7
c54638ba,0,1,0,0.0,0.0,23.9,0.0,0,0,0.1,0.1,-0.1,-0.1
903b3b77,0,0,0,0.0,0.0,0.0,0.0,0,0,0.0,0.0,0.0,0.0
37aa57c0,0,1,0,0.0,0.0,26.8,0.0,0,0,0.0,0.0,0.0,0.0
4e6dbac4,2,12,5,0.17,0.4,18.1,1.0,0,0,1.3,1.3,0.7,0.7
746b64a7,0,3,1,0.0,0.0,9.7,0.0,0,0,0.2,0.2,-0.2,-0.2
f833a830,0,5,0,0.0,0.0,22.1,0.0,0,0,0.1,0.1,-0.1,-0.1
bbf5c11b,0,1,1,0.0,0.0,26.5,0.0,0,0,0.0,0.0,0.0,0.0
ead61f73,0,4,1,0.0,0.0,19.8,0.0,0,0,0.3,0.3,-0.3,-0.3
232b3da4,2,6,2,0.33,1.0,17.1,0.0,0,0,0.7,0.7,1.3,1.3
8a56c04c,0,7,1,0.0,0.0,13.0,0.0,0,0,0.5,0.5,-0.5,-0.5
bf80db4d,1,2,1,0.5,1.0,16.7,0.0,0,0,0.1,0.1,0.9,0.9
a55ba2f8,0,0,0,0.0,0.0,0.0,0.0,0,0,0.0,0.0,0.0,0.0
595e6f3e,2,19,9,0.11,0.22,13.8,0.0,0,0,1.8,1.8,0.2,0.2
b62878a5,1,6,1,0.17,1.0,12.1,0.0,0,0,1.3,1.3,-0.3,-0.3
00844823,0,1,0,0.0,0.0,17.3,0.0,0,0,0.0,0.0,0.0,0.0
7e82a78f,0,1,0,0.0,0.0,30.9,0.0,0,0,0.0,0.0,0.0,0.0
374d5158,0,0,0,0.0,0.0,0.0,0.0,0,0,0.0,0.0,0.0,0.0
0c3f7197,1,4,3,0.25,0.33,11.6,0.0,0,0,0.9,0.9,0.1,0.1
16e9d0ea,0,0,0,0.0,0.0,0.0,0.0,0,0,0.0,0.0,0.0,0.0
99351886,0,0,0,0.0,0.0,0.0,0.0,0,0,0.0,0.0,0.0,0.0
a650c75b,0,1,0,0.0,0.0,7.7,0.0,0,0,0.0,0.0,0.0,0.0
1774c547,0,1,1,0.0,0.0,9.8,0.0,0,0,0.1,0.1,-0.1,-0.1
af0c835b,0,5,2,0.0,0.0,20.8,0.0,0,0,1.0,1.0,-1.0,-1.0
0959184b,0,3,1,0.0,0.0,14.1,0.0,0,0,0.1,0.1,-0.1,-0.1
228b0d9d,0,0,0,0.0,0.0,0.0,0.0,0,0,0.0,0.0,0.0,0.0
1d438d6c,0,0,0,0.0,0.0,0.0,0.0,0,0,0.0,0.0,0.0,0.0
808035bd,0,1,0,0.0,0.0,4.5,0.0,0,0,0.3,0.3,-0.3,-0.3
6445d6fe,0,1,0,0.0,0.0,12.5,0.0,0,0,0.0,0.0,0.0,0.0
15317e60,0,0,0,0.0,0.0,0.0,0.0,0,0,0.0,0.0,0.0,0.0
2ff76adc,0,4,0,0.0,0.0,18.2,0.0,0,0,0.2,0.2,-0.2,-0.2
3e9bd29d,0,1,1,0.0,0.0,10.2,0.0,0,0,0.1,0.1,-0.1,-0.1
d4aa40b8,0,0,0,0.0,0.0,0.0,0.0,0,0,0.0,0.0,0.0,0.0
f32a988d,0,1,1,0.0,0.0,11.0,0.0,0,0,0.0,0.0,0.0,0.0
c997b942,2,7,3,0.29,0.67,13.1,0.0,0,0,1.3,1.3,0.7,0.7
3f10bd22,0,1,0,0.0,0.0,15.7,0.0,0,0,0.0,0.0,0.0,0.0
ed45a7d7,0,0,0,0.0,0.0,0.0,0.0,0,0,0.0,0.0,0.0,0.0
244a31b9,0,2,1,0.0,0.0,20.6,0.0,0,0,0.1,0.1,-0.1,-0.1
c5bdb6e3,0,5,0,0.0,0.0,15.4,0.0,0,0,0.5,0.5,-0.5,-0.5
0880e10b,0,0,0,0.0,0.0,0.0,0.0,0,0,0.0,0.0,0.0,0.0
36a79857,2,8,3,0.13,0.33,19.3,0.0,1,1,1.5,0.7,0.5,0.3
8eef18aa,0,1,1,0.0,0.0,14.7,0.0,0,0,0.1,0.1,-0.1,-0.1
5853ac44,0,1,0,0.0,0.0,11.6,0.0,0,0,0.1,0.1,-0.1,-0.1
06e5b0e4,0,0,0,0.0,0.0,0.0,0.0,0,0,0.0,0.0,0.0,0.0
f40dd3c7,0,4,3,0.0,0.0,6.7,0.0,0,0,0.9,0.9,-0.9,-0.9
30fab1ee,1,1,1,1.0,1.0,15.5,0.0,0,0,0.1,0.1,0.9,0.9
a7d48b00,2,5,2,0.4,1.0,11.7,0.0,0,0,0.7,0.7,1.3,1.3
a53649b7,2,22,7,0.09,0.29,14.2,0.0,0,0,3.2,3.2,-1.2,-1.2
b91a6912,1,4,2,0.25,0.5,15.9,0.0,0,0,0.5,0.5,0.5,0.5
56bcde74,0,1,0,0.0,0.0,12.6,0.0,0,0,0.0,0.0,0.0,0.0
afb0c500,0,0,0,0.0,0.0,0.0,0.0,0,0,0.0,0.0,0.0,0.0
2ffa6348,0,2,1,0.0,0.0,22.3,0.0,0,0,0.1,0.1,-0.1,-0.1
a08b974a,1,1,1,1.0,1.0,13.7,0.0,0,0,0.1,0.1,0.9,0.9
ca607d59,0,2,1,0.0,0.0,19.1,0.0,0,0,0.1,0.1,-0.1,-0.1
2bc17985,1,16,5,0.06,0.2,21.4,1.0,0,0,1.4,1.4,-0.4,-0.4
743ffce1,0,7,1,0.0,0.0,22.8,0.0,0,0,0.4,0.4,-0.4,-0.4
a8fbae1d,0,0,0,0.0,0.0,0.0,0.0,0,0,0.0,0.0,0.0,0.0
2b53f7a5,1,14,3,0.07,0.33,18.2,1.0,0,0,1.2,1.2,-0.2,-0.2
fa73ccc7,0,3,2,0.0,0.0,16.3,0.0,0,0,0.3,0.3,-0.3,-0.3
2f72f79e,0,1,1,0.0,0.0,14.0,0.0,0,0,0.3,0.3,-0.3,-0.3
095ec83c,0,1,0,0.0,0.0,13.7,0.0,0,0,0.1,0.1,-0.1,-0.1
4534a352,0,0,0,0.0,0.0,0.0,0.0,0,0,0.0,0.0,0.0,0.0
6456e745,0,5,1,0.0,0.0,17.8,0.0,0,0,0.3,0.3,-0.3,-0.3
c0347e9b,0,1,1,0.0,0.0,14.8,0.0,0,0,0.0,0.0,0.0,0.0
5333d7de,0,0,0,0.0,0.0,0.0,0.0,0,0,0.0,0.0,0.0,0.0
03b6afa9,0,2,0,0.0,0.0,12.1,0.0,0,0,0.2,0.2,-0.2,-0.2
6578600f,0,3,0,0.0,0.0,25.9,0.0,0,0,0.1,0.1,-0.1,-0.1
2f88752d,0,2,0,0.0,0.0,21.8,0.0,0,0,0.1,0.1,-0.1,-0.1
a8f41212,1,2,0,0.0,0.0,25.8,0.0,1,1,0.9,0.1,0.1,-0.1
44150beb,0,0,0,0.0,0.0,0.0,0.0,0,0,0.0,0.0,0.0,0.0
be855308,0,0,0,0.0,0.0,0.0,0.0,0,0,0.0,0.0,0.0,0.0
089c7323,0,3,1,0.0,0.0,17.0,0.0,0,0,0.2,0.2,-0.2,-0.2
e82adcab,1,5,3,0.2,0.33,23.9,0.0,0,0,0.4,0.4,0.6,0.6
779847d6,0,2,0,0.0,0.0,23.6,0.0,0,0,0.1,0.1,-0.1,-0.1
16ea3bb1,1,1,1,1.0,1.0,10.0,0.0,0,0,0.3,0.3,0.7,0.7
1e8dbb59,0,0,0,0.0,0.0,0.0,0.0,0,0,0.0,0.0,0.0,0.0
b682dcf6,0,0,0,0.0,0.0,0.0,0.0,0,0,0.0,0.0,0.0,0.0
e1bbb68d,0,2,1,0.0,0.0,22.4,0.0,0,0,0.1,0.1,-0.1,-0.1
dff153a4,0,1,1,0.0,0.0,26.9,1.0,0,0,0.0,0.0,0.0,0.0
52522325,0,1,0,0.0,0.0,12.1,0.0,0,0,0.1,0.1,-0.1,-0.1
529f49ab,0,1,0,0.0,0.0,15.0,0.0,0,0,0.0,0.0,0.0,0.0
4c5039bd,0,0,0,0.0,0.0,0.0,0.0,0,0,0.0,0.0,0.0,0.0
1da13ab9,0,1,1,0.0,0.0,28.4,0.0,0,0,0.0,0.0,0.0,0.0
f7223718,0,0,0,0.0,0.0,0.0,0.0,0,0,0.0,0.0,0.0,0.0
79b0d6a0,0,0,0,0.0,0.0,0.0,0.0,0,0,0.0,0.0,0.0,0.0
a62c16d0,0,2,0,0.0,0.0,14.0,0.0,0,0,0.1,0.1,-0.1,-0.1
f3fa599d,1,4,2,0.25,0.5,24.2,0.0,0,0,0.2,0.2,0.8,0.8
25146df0,0,0,0,0.0,0.0,0.0,0.0,0,0,0.0,0.0,0.0,0.0
596cc50e,0,2,1,0.0,0.0,23.7,0.0,0,0,0.1,0.1,-0.1,-0.1
0d9b2d31,0,1,0,0.0,0.0,11.3,0.0,0,0,0.1,0.1,-0.1,-0.1
8b0d9f35,0,2,2,0.0,0.0,30.0,0.0,0,0,0.1,0.1,-0.1,-0.1
3ca7254a,2,8,3,0.25,0.67,15.6,0.0,0,0,1.1,1.1,0.9,0.9
81255c03,1,3,1,0.33,1.0,13.4,0.0,0,0,0.5,0.5,0.5,0.5
b684a484,0,8,2,0.0,0.0,12.2,0.0,0,0,0.7,0.7,-0.7,-0.7
4a5a45c7,3,23,7,0.04,0.14,20.9,3.0,2,2,3.5,1.9,-0.5,-0.9
9d9e69df,1,7,3,0.14,0.33,15.3,0.0,0,0,0.9,0.9,0.1,0.1
7af31216,0,1,0,0.0,0.0,28.5,0.0,0,0,0.0,0.0,0.0,0.0
eda8506a,0,0,0,0.0,0.0,0.0,0.0,0,0,0.0,0.0,0.0,0.0
b7de5bad,0,1,0,0.0,0.0,31.2,0.0,0,0,0.0,0.0,0.0,0.0
a5549ec1,0,0,0,0.0,0.0,0.0,0.0,0,0,0.0,0.0,0.0,0.0
ec61b68f,0,5,2,0.0,0.0,20.9,1.0,0,0,0.2,0.2,-0.2,-0.2
a2f2d806,1,12,3,0.08,0.33,12.9,0.0,0,0,1.7,1.7,-0.7,-0.7
f93e6e94,1,7,5,0.0,0.0,15.9,0.0,1,1,1.6,0.8,-0.6,-0.8
6db16dda,0,0,0,0.0,0.0,0.0,0.0,0,0,0.0,0.0,0.0,0.0
8c725b43,0,3,0,0.0,0.0,13.3,0.0,0,0,0.2,0.2,-0.2,-0.2
af686bed,0,6,3,0.0,0.0,16.5,0.0,0,0,0.4,0.4,-0.4,-0.4
10f1cd17,0,2,0,0.0,0.0,17.2,0.0,0,0,0.1,0.1,-0.1,-0.1
00b86f5e,0,0,0,0.0,0.0,0.0,0.0,0,0,0.0,0.0,0.0,0.0
4760b2f2,0,0,0,0.0,0.0,0.0,0.0,0,0,0.0,0.0,0.0,0.0
29b61deb,0,1,0,0.0,0.0,11.6,0.0,0,0,0.0,0.0,0.0,0.0
67f0703d,0,0,0,0.0,0.0,0.0,0.0,0,0,0.0,0.0,0.0,0.0
6637e6a7,0,12,1,0.0,0.0,24.3,0.0,0,0,0.5,0.5,-0.5,-0.5
277da414,0,0,0,0.0,0.0,0.0,0.0,0,0,0.0,0.0,0.0,0.0
d03380ec,0,0,0,0.0,0.0,0.0,0.0,0,0,0.0,0.0,0.0,0.0
c68b1b13,0,0,0,0.0,0.0,0.0,0.0,0,0,0.0,0.0,0.0,0.0
185a2732,0,2,0,0.0,0.0,16.7,0.0,0,0,0.1,0.1,-0.1,-0.1
9c2e7413,0,0,0,0.0,0.0,0.0,0.0,0,0,0.0,0.0,0.0,0.0
8794e251,0,2,0,0.0,0.0,6.2,0.0,0,0,0.4,0.4,-0.4,-0.4
faed84db,0,6,3,0.0,0.0,17.2,1.0,0,0,0.3,0.3,-0.3,-0.3
30e03a25,0,2,0,0.0,0.0,23.8,0.0,0,0,0.1,0.1,-0.1,-0.1
53de807a,0,0,0,0.0,0.0,0.0,0.0,0,0,0.0,0.0,0.0,0.0
cbeed9e6,0,2,2,0.0,0.0,12.4,0.0,0,0,0.3,0.3,-0.3,-0.3
67b054d1,0,0,0,0.0,0.0,0.0,0.0,0,0,0.0,0.0,0.0,0.0
e150254d,0,2,0,0.0,0.0,19.2,0.0,0,0,0.1,0.1,-0.1,-0.1
89f951b5,0,5,0,0.0,0.0,19.0,0.0,0,0,0.2,0.2,-0.2,-0.2
7483d9f9,0,1,0,0.0,0.0,12.2,0.0,0,0,0.1,0.1,-0.1,-0.1
466fb2c5,0,0,0,0.0,0.0,0.0,0.0,0,0,0.0,0.0,0.0,0.0
3423f250,1,8,3,0.13,0.33,27.4,0.0,0,0,0.2,0.2,0.8,0.8
9937ce4a,2,10,3,0.2,0.67,19.6,0.0,0,0,1.0,1.0,1.0,1.0
a1d5bd30,4,24,13,0.17,0.31,15.9,0.0,0,0,3.6,3.6,0.4,0.4
6c249ea7,0,0,0,0.0,0.0,0.0,0.0,0,0,0.0,0.0,0.0,0.0
92d6bdc9,0,0,0,0.0,0.0,0.0,0.0,0,0,0.0,0.0,0.0,0.0
ae1159bf,0,1,0,0.0,0.0,31.5,0.0,0,0,0.0,0.0,0.0,0.0
374ee424,0,0,0,0.0,0.0,0.0,0.0,0,0,0.0,0.0,0.0,0.0
c5cbbcff,0,0,0,0.0,0.0,0.0,0.0,0,0,0.0,0.0,0.0,0.0
4bd00a50,0,0,0,0.0,0.0,0.0,0.0,0,0,0.0,0.0,0.0,0.0
ba6d9ff6,3,10,4,0.3,0.75,23.5,0.0,0,0,0.7,0.7,2.3,2.3
d9ba39fc,1,6,1,0.17,1.0,23.3,0.0,0,0,0.2,0.2,0.8,0.8
572498c7,0,2,0,0.0,0.0,15.5,0.0,0,0,0.1,0.1,-0.1,-0.1
6ff91a3a,0,0,0,0.0,0.0,0.0,0.0,0,0,0.0,0.0,0.0,0.0
335fa267,0,0,0,0.0,0.0,0.0,0.0,0,0,0.0,0.0,0.0,0.0
4dedd469,0,2,0,0.0,0.0,13.1,0.0,0,0,0.1,0.1,-0.1,-0.1
8d62d31a,0,1,0,0.0,0.0,6.9,0.0,0,0,0.2,0.2,-0.2,-0.2
85bed4ee,0,6,2,0.0,0.0,18.0,0.0,0,0,0.8,0.8,-0.8,-0.8
2ab7149e,1,1,1,1.0,1.0,2.7,0.0,0,0,0.6,0.6,0.4,0.4
149895bf,0,2,1,0.0,0.0,11.3,0.0,0,0,0.3,0.3,-0.3,-0.3
34e393f2,1,3,2,0.33,0.5,21.8,0.0,0,0,0.2,0.2,0.8,0.8
55e81c76,0,0,0,0.0,0.0,0.0,0.0,0,0,0.0,0.0,0.0,0.0
ac4961c8,0,2,0,0.0,0.0,12.5,0.0,0,0,0.2,0.2,-0.2,-0.2
3ead85f9,0,1,1,0.0,0.0,10.0,0.0,0,0,0.1,0.1,-0.1,-0.1
fef20ac5,0,0,0,0.0,0.0,0.0,0.0,0,0,0.0,0.0,0.0,0.0
ca6edaa0,0,2,0,0.0,0.0,12.2,0.0,0,0,0.2,0.2,-0.2,-0.2
dea698d9,2,30,6,0.03,0.17,15.5,3.0,1,1,4.8,4.0,-2.8,-3.0
81069528,0,2,1,0.0,0.0,21.9,0.0,0,0,0.1,0.1,-0.1,-0.1
a81dba8c,0,4,3,0.0,0.0,16.7,0.0,0,0,0.7,0.7,-0.7,-0.7
13203c45,0,2,0,0.0,0.0,28.7,0.0,0,0,0.1,0.1,-0.1,-0.1
a55d8df5,2,6,2,0.33,1.0,18.8,0.0,0,0,0.7,0.7,1.3,1.3
6cbf8d0d,1,7,4,0.14,0.25,15.7,0.0,0,0,0.8,0.8,0.2,0.2
b3dc6eca,0,0,0,0.0,0.0,0.0,0.0,0,0,0.0,0.0,0.0,0.0
625c144a,0,0,0,0.0,0.0,0.0,0.0,0,0,0.0,0.0,0.0,0.0
009a4f60,0,5,0,0.0,0.0,22.1,0.0,0,0,0.2,0.2,-0.2,-0.2
a70b8345,0,0,0,0.0,0.0,0.0,0.0,0,0,0.0,0.0,0.0,0.0
fbbb9269,0,1,0,0.0,0.0,13.7,0.0,0,0,0.1,0.1,-0.1,-0.1
686cbe7d,0,1,0,0.0,0.0,13.7,0.0,0,0,0.1,0.1,-0.1,-0.1
595ccab1,0,0,0,0.0,0.0,0.0,0.0,0,0,0.0,0.0,0.0,0.0
3ec9f005,0,5,3,0.0,0.0,20.8,0.0,0,0,0.2,0.2,-0.2,-0.2
bc7dc64d,1,10,4,0.1,0.25,14.9,0.0,0,0,1.1,1.1,-0.1,-0.1
cad3fd4d,1,2,1,0.5,1.0,12.7,0.0,0,0,0.9,0.9,0.1,0.1
972aeb2a,0,0,0,0.0,0.0,0.0,0.0,0,0,0.0,0.0,0.0,0.0
218e344d,0,2,0,0.0,0.0,25.7,0.0,0,0,0.1,0.1,-0.1,-0.1
bf075f6b,0,1,0,0.0,0.0,21.5,0.0,0,0,0.1,0.1,-0.1,-0.1
f6af14b0,0,6,2,0.0,0.0,11.8,0.0,0,0,0.7,0.7,-0.7,-0.7
4736039a,0,3,0,0.0,0.0,10.6,0.0,0,0,0.4,0.4,-0.4,-0.4
1b4f1169,0,1,0,0.0,0.0,18.3,0.0,0,0,0.1,0.1,-0.1,-0.1
5d873dfb,0,2,0,0.0,0.0,11.1,0.0,0,0,0.2,0.2,-0.2,-0.2
dbf053da,1,7,1,0.14,1.0,14.2,0.0,0,0,0.7,0.7,0.3,0.3
0d82903c,0,3,2,0.0,0.0,7.1,0.0,0,0,0.7,0.7,-0.7,-0.7
bced0375,1,5,2,0.2,0.5,16.4,0.0,0,0,0.5,0.5,0.5,0.5
466824fb,1,5,1,0.2,1.0,11.7,0.0,0,0,0.8,0.8,0.2,0.2
90d7dda6,0,0,0,0.0,0.0,0.0,0.0,0,0,0.0,0.0,0.0,0.0
5e22e2a4,0,1,0,0.0,0.0,25.6,0.0,0,0,0.0,0.0,0.0,0.0
086d7db3,0,2,1,0.0,0.0,11.4,0.0,0,0,0.3,0.3,-0.3,-0.3
a6ee4f55,0,4,0,0.0,0.0,28.0,0.0,0,0,0.1,0.1,-0.1,-0.1
04f661ea,0,0,0,0.0,0.0,0.0,0.0,0,0,0.0,0.0,0.0,0.0
33591ff0,0,1,1,0.0,0.0,31.2,0.0,0,0,0.0,0.0,0.0,0.0
4315f30d,0,0,0,0.0,0.0,0.0,0.0,0,0,0.0,0.0,0.0,0.0
fe6e7156,0,1,0,0.0,0.0,23.2,0.0,0,0,0.0,0.0,0.0,0.0
52afb588,1,1,1,1.0,1.0,21.3,0.0,0,0,0.0,0.0,1.0,1.0
049751d7,0,6,3,0.0,0.0,19.6,0.0,0,0,0.2,0.2,-0.2,-0.2
5d4f7d61,0,2,0,0.0,0.0,13.4,0.0,0,0,0.3,0.3,-0.3,-0.3
f6bdc830,0,0,0,0.0,0.0,0.0,0.0,0,0,0.0,0.0,0.0,0.0
1c341b14,0,1,1,0.0,0.0,9.8,0.0,0,0,0.1,0.1,-0.1,-0.1
28c6e925,0,2,0,0.0,0.0,26.7,0.0,0,0,0.1,0.1,-0.1,-0.1
57d9707f,1,4,2,0.25,0.5,16.4,0.0,0,0,0.5,0.5,0.5,0.5
830a34ec,0,0,0,0.0,0.0,0.0,0.0,0,0,0.0,0.0,0.0,0.0
4db2157a,0,3,0,0.0,0.0,19.2,0.0,0,0,0.2,0.2,-0.2,-0.2
7a2cf111,0,1,0,0.0,0.0,22.0,0.0,0,0,0.0,0.0,0.0,0.0
03e7a498,0,1,0,0.0,0.0,7.3,0.0,0,0,0.1,0.1,-0.1,-0.1
3260690c,0,0,0,0.0,0.0,0.0,0.0,0,0,0.0,0.0,0.0,0.0
d3aaad90,0,6,2,0.0,0.0,21.7,0.0,0,0,0.3,0.3,-0.3,-0.3
17e3e467,0,0,0,0.0,0.0,0.0,0.0,0,0,0.0,0.0,0.0,0.0
9c94165b,0,0,0,0.0,0.0,0.0,0.0,0,0,0.0,0.0,0.0,0.0
a81ed730,0,1,0,0.0,0.0,34.2,0.0,0,0,0.0,0.0,0.0,0.0
14a04bea,1,6,2,0.17,0.5,15.7,0.0,0,0,0.8,0.8,0.2,0.2
57469b2d,1,3,2,0.33,0.5,12.7,0.0,0,0,0.2,0.2,0.8,0.8
b9392438,0,2,0,0.0,0.0,17.2,0.0,0,0,0.2,0.2,-0.2,-0.2
b69dfb42,0,0,0,0.0,0.0,0.0,0.0,0,0,0.0,0.0,0.0,0.0
03998238,0,1,0,0.0,0.0,8.1,0.0,0,0,0.1,0.1,-0.1,-0.1
313254a3,0,2,0,0.0,0.0,12.9,0.0,0,0,0.1,0.1,-0.1,-0.1
0eb83e1a,1,6,3,0.17,0.33,14.0,0.0,0,0,0.8,0.8,0.2,0.2
30af8b93,0,4,1,0.0,0.0,23.6,2.0,0,0,0.2,0.2,-0.2,-0.2
e2716bd0,1,3,1,0.33,1.0,20.6,1.0,0,0,0.2,0.2,0.8,0.8
e7aa9d7c,1,3,1,0.33,1.0,13.9,0.0,0,0,0.4,0.4,0.6,0.6
ea83bfa6,0,0,0,0.0,0.0,0.0,0.0,0,0,0.0,0.0,0.0,0.0
5f3eaaf5,0,5,2,0.0,0.0,15.4,0.0,0,0,0.2,0.2,-0.2,-0.2
da4d670f,1,11,6,0.09,0.17,19.9,0.0,0,0,1.1,1.1,-0.1,-0.1
f91fa277,0,0,0,0.0,0.0,0.0,0.0,0,0,0.0,0.0,0.0,0.0
36a6f28d,0,2,0,0.0,0.0,31.7,0.0,0,0,0.0,0.0,0.0,0.0
c6cf860f,0,1,0,0.0,0.0,23.9,0.0,0,0,0.0,0.0,0.0,0.0
2acd49b9,0,5,1,0.0,0.0,14.6,0.0,0,0,0.6,0.6,-0.6,-0.6
fd9c4805,0,6,1,0.0,0.0,21.9,2.0,0,0,0.3,0.3,-0.3,-0.3
65857fdf,0,1,1,0.0,0.0,11.2,0.0,0,0,0.0,0.0,0.0,0.0
b6964eb6,0,2,1,0.0,0.0,8.3,0.0,0,0,0.1,0.1,-0.1,-0.1
839c14e1,0,0,0,0.0,0.0,0.0,0.0,0,0,0.0,0.0,0.0,0.0
59671448,0,0,0,0.0,0.0,0.0,0.0,0,0,0.0,0.0,0.0,0.0
5fa714d5,0,1,0,0.0,0.0,31.5,0.0,0,0,0.0,0.0,0.0,0.0
78f13530,0,5,2,0.0,0.0,17.8,0.0,0,0,0.4,0.4,-0.4,-0.4
0670ee51,0,1,0,0.0,0.0,29.8,0.0,0,0,0.0,0.0,0.0,0.0
c13ddd3e,0,1,0,0.0,0.0,17.3,0.0,0,0,0.1,0.1,-0.1,-0.1
9bc9a519,0,2,1,0.0,0.0,21.5,0.0,0,0,0.1,0.1,-0.1,-0.1
3626daea,0,3,0,0.0,0.0,21.7,0.0,0,0,0.1,0.1,-0.1,-0.1
cf8ef0a1,0,0,0,0.0,0.0,0.0,0.0,0,0,0.0,0.0,0.0,0.0
90339309,0,1,0,0.0,0.0,6.1,0.0,0,0,0.2,0.2,-0.2,-0.2
ee3519f5,0,3,0,0.0,0.0,18.9,0.0,0,0,0.2,0.2,-0.2,-0.2
f91e81c9,0,1,1,0.0,0.0,20.8,0.0,0,0,0.0,0.0,0.0,0.0
1e1378e1,0,7,0,0.0,0.0,27.8,0.0,0,0,0.2,0.2,-0.2,-0.2
a793f5a8,0,1,0,0.0,0.0,30.8,1.0,0,0,0.0,0.0,0.0,0.0
a62f8bf1,0,6,2,0.0,0.0,18.3,0.0,0,0,0.2,0.2,-0.2,-0.2
4e219ad2,0,3,1,0.0,0.0,30.3,1.0,0,0,0.1,0.1,-0.1,-0.1
9614b550,2,3,2,0.67,1.0,7.8,0.0,0,0,0.3,0.3,1.7,1.7
bcf5058a,0,0,0,0.0,0.0,0.0,0.0,0,0,0.0,0.0,0.0,0.0
c71e97ba,0,7,1,0.0,0.0,28.9,0.0,0,0,0.2,0.2,-0.2,-0.2
4d0be953,0,0,0,0.0,0.0,0.0,0.0,0,0,0.0,0.0,0.0,0.0
3d62c18b,0,3,1,0.0,0.0,18.2,0.0,0,0,0.3,0.3,-0.3,-0.3
50ff205b,0,2,1,0.0,0.0,10.0,0.0,0,0,0.1,0.1,-0.1,-0.1
01b8a2b2,0,0,0,0.0,0.0,0.0,0.0,0,0,0.0,0.0,0.0,0.0
bb718263,1,10,3,0.1,0.33,21.5,1.0,0,0,0.9,0.9,0.1,0.1
e92cd3f7,2,10,4,0.2,0.5,18.0,0.0,0,0,0.8,0.8,1.2,1.2
2475dcc6,0,0,0,0.0,0.0,0.0,0.0,0,0,0.0,0.0,0.0,0.0
bd142efb,0,1,1,0.0,0.0,11.1,0.0,0,0,0.0,0.0,0.0,0.0
31139973,0,0,0,0.0,0.0,0.0,0.0,0,0,0.0,0.0,0.0,0.0
a0f9b535,0,8,2,0.0,0.0,19.4,0.0,0,0,0.5,0.5,-0.5,-0.5
031ebd52,0,0,0,0.0,0.0,0.0,0.0,0,0,0.0,0.0,0.0,0.0
90def3ab,0,0,0,0.0,0.0,0.0,0.0,0,0,0.0,0.0,0.0,0.0
a73c8f95,0,1,0,0.0,0.0,30.7,0.0,0,0,0.0,0.0,0.0,0.0
ad9b2747,0,0,0,0.0,0.0,0.0,0.0,0,0,0.0,0.0,0.0,0.0
7bf8ad6c,0,21,5,0.0,0.0,24.4,1.0,0,0,1.0,1.0,-1.0,-1.0
e73c9bb2,0,2,0,0.0,0.0,28.3,1.0,0,0,0.1,0.1,-0.1,-0.1
2ca35213,0,0,0,0.0,0.0,0.0,0.0,0,0,0.0,0.0,0.0,0.0
6f51e382,0,0,0,0.0,0.0,0.0,0.0,0,0,0.0,0.0,0.0,0.0
bd2f622a,0,0,0,0.0,0.0,0.0,0.0,0,0,0.0,0.0,0.0,0.0
5148dcc5,3,8,4,0.38,0.75,13.0,0.0,0,0,1.2,1.2,1.8,1.8
efc33b33,0,0,0,0.0,0.0,0.0,0.0,0,0,0.0,0.0,0.0,0.0
5c26ca51,2,5,2,0.4,1.0,26.5,0.0,0,0,0.3,0.3,1.7,1.7
82e9b1bb,0,1,1,0.0,0.0,8.7,0.0,0,0,0.0,0.0,0.0,0.0
df8d6029,1,5,1,0.2,1.0,10.5,0.0,0,0,1.1,1.1,-0.1,-0.1
dc45ac24,0,4,4,0.0,0.0,17.1,0.0,0,0,0.3,0.3,-0.3,-0.3
1d2c3e5e,1,5,3,0.2,0.33,15.9,0.0,0,0,0.5,0.5,0.5,0.5
d1b49282,0,6,1,0.0,0.0,12.2,0.0,0,0,0.6,0.6,-0.6,-0.6
fce2302c,1,10,3,0.1,0.33,20.4,0.0,0,0,0.8,0.8,0.2,0.2
6e44569a,0,5,3,0.0,0.0,12.2,0.0,0,0,0.6,0.6,-0.6,-0.6
41034650,0,1,0,0.0,0.0,10.0,0.0,0,0,0.1,0.1,-0.1,-0.1
803e7aca,1,5,1,0.2,1.0,24.8,0.0,0,0,0.5,0.5,0.5,0.5
a919be14,1,4,3,0.25,0.33,14.7,0.0,0,0,0.9,0.9,0.1,0.1
2794a536,0,0,0,0.0,0.0,0.0,0.0,0,0,0.0,0.0,0.0,0.0
de4fe7a2,0,2,1,0.0,0.0,9.9,0.0,0,0,0.1,0.1,-0.1,-0.1
5ceba7fc,2,8,4,0.25,0.5,16.0,0.0,0,0,1.3,1.3,0.7,0.7
b3af9be1,0,2,0,0.0,0.0,12.3,0.0,0,0,0.5,0.5,-0.5,-0.5
6aafdc27,0,0,0,0.0,0.0,0.0,0.0,0,0,0.0,0.0,0.0,0.0
7c106fcf,0,0,0,0.0,0.0,0.0,0.0,0,0,0.0,0.0,0.0,0.0
ed1cc44a,0,0,0,0.0,0.0,0.0,0.0,0,0,0.0,0.0,0.0,0.0
9e1035f8,0,1,1,0.0,0.0,8.2,0.0,0,0,0.1,0.1,-0.1,-0.1
58a9a4d9,0,1,0,0.0,0.0,22.0,0.0,0,0,0.1,0.1,-0.1,-0.1
f9edc384,1,6,3,0.17,0.33,15.1,0.0,0,0,1.3,1.3,-0.3,-0.3
de488e56,0,0,0,0.0,0.0,0.0,0.0,0,0,0.0,0.0,0.0,0.0
a4b1028a,0,1,0,0.0,0.0,5.3,0.0,0,0,0.1,0.1,-0.1,-0.1
9d21da85,0,3,2,0.0,0.0,10.3,0.0,0,0,0.4,0.4,-0.4,-0.4
3ae14ed1,2,18,7,0.11,0.29,16.5,0.0,0,0,1.3,1.3,0.7,0.7
5d4e9f31,1,4,2,0.0,0.0,18.0,0.0,1,1,1.0,0.3,0.0,-0.3
056d2d95,0,3,1,0.0,0.0,17.2,1.0,0,0,0.2,0.2,-0.2,-0.2
77e39b04,0,0,0,0.0,0.0,0.0,0.0,0,0,0.0,0.0,0.0,0.0
41f0b196,0,0,0,0.0,0.0,0.0,0.0,0,0,0.0,0.0,0.0,0.0
5d0e0a1f,0,8,3,0.0,0.0,20.7,1.0,0,0,0.5,0.5,-0.5,-0.5
f7e87032,2,10,4,0.2,0.5,20.0,3.0,0,0,1.1,1.1,0.9,0.9
3fa66cb2,0,0,0,0.0,0.0,0.0,0.0,0,0,0.0,0.0,0.0,0.0
4a51ba65,0,0,0,0.0,0.0,0.0,0.0,0,0,0.0,0.0,0.0,0.0
068f4dec,0,3,0,0.0,0.0,24.2,1.0,0,0,0.1,0.1,-0.1,-0.1
3b996663,0,0,0,0.0,0.0,0.0,0.0,0,0,0.0,0.0,0.0,0.0
9052e98c,0,0,0,0.0,0.0,0.0,0.0,0,0,0.0,0.0,0.0,0.0
c9817014,0,0,0,0.0,0.0,0.0,0.0,0,0,0.0,0.0,0.0,0.0
1df4a109,0,3,0,0.0,0.0,27.2,0.0,0,0,0.1,0.1,-0.1,-0.1
a2d873dd,0,11,3,0.0,0.0,15.2,0.0,0,0,0.9,0.9,-0.9,-0.9
1a799243,0,2,0,0.0,0.0,24.0,0.0,0,0,0.1,0.1,-0.1,-0.1
bf25cb29,0,0,0,0.0,0.0,0.0,0.0,0,0,0.0,0.0,0.0,0.0
cfd68aa7,0,0,0,0.0,0.0,0.0,0.0,0,0,0.0,0.0,0.0,0.0
63567ebc,0,2,0,0.0,0.0,27.0,0.0,0,0,0.1,0.1,-0.1,-0.1
7b456af7,0,0,0,0.0,0.0,0.0,0.0,0,0,0.0,0.0,0.0,0.0
7a4cea18,0,0,0,0.0,0.0,0.0,0.0,0,0,0.0,0.0,0.0,0.0
fb485406,2,9,3,0.11,0.33,16.3,0.0,1,2,3.3,1.7,-1.3,-0.7
2bf50b37,0,0,0,0.0,0.0,0.0,0.0,0,0,0.0,0.0,0.0,0.0
cf9bdd43,0,2,1,0.0,0.0,9.9,0.0,0,0,0.3,0.3,-0.3,-0.3
7287ea6b,1,3,1,0.33,1.0,11.0,0.0,0,0,0.7,0.7,0.3,0.3
ee45fd85,0,4,0,0.0,0.0,26.8,0.0,0,0,0.1,0.1,-0.1,-0.1
d682f554,1,7,2,0.14,0.5,12.8,0.0,0,0,0.7,0.7,0.3,0.3
9f8e9423,0,1,0,0.0,0.0,7.5,0.0,0,0,0.2,0.2,-0.2,-0.2
44ac04e9,2,7,5,0.29,0.4,13.8,0.0,0,0,1.1,1.1,0.9,0.9
173eb3cd,1,6,2,0.17,0.5,28.3,0.0,0,0,0.1,0.1,0.9,0.9
18fae4ac,3,12,6,0.25,0.5,22.3,0.0,0,0,0.8,0.8,2.2,2.2
7cb9de24,0,0,0,0.0,0.0,0.0,0.0,0,0,0.0,0.0,0.0,0.0
e8ef59da,2,4,2,0.5,1.0,11.7,0.0,0,0,1.2,1.2,0.8,0.8
24baba9d,2,5,2,0.4,1.0,18.9,0.0,0,0,1.1,1.1,0.9,0.9
aa982b0f,1,11,4,0.09,0.25,17.1,0.0,0,0,1.2,1.2,-0.2,-0.2
731302dc,2,10,6,0.2,0.33,18.3,0.0,0,0,0.8,0.8,1.2,1.2
6412cc03,1,12,2,0.08,0.5,16.3,1.0,0,0,2.1,2.1,-1.1,-1.1
08eb3b58,0,2,0,0.0,0.0,2.9,0.0,0,0,0.3,0.3,-0.3,-0.3
74d4cec6,4,15,9,0.27,0.44,12.6,0.0,0,0,1.5,1.5,2.5,2.5
e4d5e2ae,0,4,1,0.0,0.0,21.0,0.0,0,0,0.2,0.2,-0.2,-0.2
d46d048f,0,0,0,0.0,0.0,0.0,0.0,0,0,0.0,0.0,0.0,0.0
0412b9cd,0,1,1,0.0,0.0,22.1,0.0,0,0,0.1,0.1,-0.1,-0.1
79443529,1,3,1,0.33,1.0,16.1,0.0,0,0,0.7,0.7,0.3,0.3
64f69877,3,8,5,0.38,0.6,13.6,0.0,0,0,1.1,1.1,1.9,1.9
72f87f25,0,3,0,0.0,0.0,15.4,0.0,0,0,0.3,0.3,-0.3,-0.3
d2795011,0,0,0,0.0,0.0,0.0,0.0,0,0,0.0,0.0,0.0,0.0
46a8347f,0,0,0,0.0,0.0,0.0,0.0,0,0,0.0,0.0,0.0,0.0
e3d3fbeb,0,0,0,0.0,0.0,0.0,0.0,0,0,0.0,0.0,0.0,0.0
7d7660da,0,3,1,0.0,0.0,18.7,0.0,0,0,0.1,0.1,-0.1,-0.1
9e525177,0,1,0,0.0,0.0,15.9,0.0,0,0,0.1,0.1,-0.1,-0.1
c4e87b8b,0,2,1,0.0,0.0,10.9,0.0,0,0,0.4,0.4,-0.4,-0.4
dd676a97,0,1,0,0.0,0.0,20.1,0.0,0,0,0.1,0.1,-0.1,-0.1
c1851bfd,0,0,0,0.0,0.0,0.0,0.0,0,0,0.0,0.0,0.0,0.0
35e413f1,0,0,0,0.0,0.0,0.0,0.0,0,0,0.0,0.0,0.0,0.0
4876c9ab,0,2,1,0.0,0.0,12.9,0.0,0,0,0.1,0.1,-0.1,-0.1
eb58eef0,0,0,0,0.0,0.0,0.0,0.0,0,0,0.0,0.0,0.0,0.0
83300259,0,0,0,0.0,0.0,0.0,0.0,0,0,0.0,0.0,0.0,0.0
0362c29e,0,3,0,0.0,0.0,23.1,0.0,0,0,0.1,0.1,-0.1,-0.1
e7fcf289,2,3,2,0.67,1.0,14.8,0.0,0,0,1.0,1.0,1.0,1.0
3f30f12a,0,1,1,0.0,0.0,31.9,1.0,0,0,0.1,0.1,-0.1,-0.1
6190474d,1,6,2,0.17,0.5,12.6,0.0,0,0,1.0,1.0,0.0,0.0
b003239d,1,1,1,1.0,1.0,3.1,0.0,0,0,0.5,0.5,0.5,0.5
7b9ecf02,0,2,0,0.0,0.0,24.4,0.0,0,0,0.1,0.1,-0.1,-0.1
e61b8aee,1,8,4,0.13,0.25,22.4,2.0,0,0,0.6,0.6,0.4,0.4
6510079f,0,1,0,0.0,0.0,24.0,0.0,0,0,0.0,0.0,0.0,0.0
f5c8b425,0,9,2,0.0,0.0,19.7,0.0,0,0,0.8,0.8,-0.8,-0.8
ca3478f9,0,0,0,0.0,0.0,0.0,0.0,0,0,0.0,0.0,0.0,0.0
6c5af908,0,0,0,0.0,0.0,0.0,0.0,0,0,0.0,0.0,0.0,0.0
f50a668a,0,1,0,0.0,0.0,27.2,0.0,0,0,0.0,0.0,0.0,0.0
88968486,0,0,0,0.0,0.0,0.0,0.0,0,0,0.0,0.0,0.0,0.0
d85c238b,0,5,3,0.0,0.0,19.0,0.0,0,0,0.3,0.3,-0.3,-0.3
47dbe004,3,8,5,0.38,0.6,9.7,0.0,0,0,1.4,1.4,1.6,1.6
38fc10d2,0,0,0,0.0,0.0,0.0,0.0,0,0,0.0,0.0,0.0,0.0
83e4643e,1,2,1,0.5,1.0,24.7,2.0,0,0,0.1,0.1,0.9,0.9
45191c29,0,4,0,0.0,0.0,25.7,0.0,0,0,0.1,0.1,-0.1,-0.1
9907b1c8,1,16,6,0.06,0.17,17.7,0.0,0,0,1.6,1.6,-0.6,-0.6
eca2b6b8,0,0,0,0.0,0.0,0.0,0.0,0,0,0.0,0.0,0.0,0.0
51cf8561,0,0,0,0.0,0.0,0.0,0.0,0,0,0.0,0.0,0.0,0.0
4a1abff3,1,12,6,0.08,0.17,16.7,0.0,0,0,0.8,0.8,0.2,0.2
5c7845f6,0,0,0,0.0,0.0,0.0,0.0,0,0,0.0,0.0,0.0,0.0
3ee0dd59,0,1,0,0.0,0.0,16.9,0.0,0,0,0.1,0.1,-0.1,-0.1
adfbe1f5,0,5,0,0.0,0.0,26.0,0.0,0,0,0.1,0.1,-0.1,-0.1
5529a99a,1,2,2,0.5,0.5,7.7,0.0,0,0,0.3,0.3,0.7,0.7
79300479,0,2,1,0.0,0.0,22.0,0.0,0,0,0.2,0.2,-0.2,-0.2
37557ec4,0,2,0,0.0,0.0,20.1,0.0,0,0,0.1,0.1,-0.1,-0.1
