id,Cmp,Att,TotDist,PrgDist,Cmp.1,Att.1,Cmp.2,Att.2,Cmp.3,Att.3,Ast,xAG,xA,A-xAG,KP,1/3,PPA,CrsPA,PrgP
7f9c5d2d,153.0,208.0,2306.0,1004.0,83.0,95.0,54.0,76.0,8.0,19.0,0,0.2,0.4,-0.2,1.0,10.0,2.0,1.0,11.0
be6faae0,7.0,8.0,149.0,113.0,2.0,2.0,4.0,4.0,1.0,2.0,0,0.0,0.0,0.0,0.0,0.0,0.0,0.0,0.0
81442ecb,571.0,780.0,10837.0,4126.0,259.0,288.0,224.0,294.0,80.0,168.0,1,2.3,3.2,-1.3,21.0,34.0,27.0,12.0,66.0
a2c1a8d3,42.0,56.0,1171.0,766.0,3.0,3.0,29.0,30.0,10.0,23.0,0,0.0,0.0,0.0,0.0,1.0,0.0,0.0,0.0
014aa7bd,587.0,707.0,11996.0,3334.0,223.0,252.0,235.0,268.0,113.0,156.0,2,1.1,1.4,0.9,23.0,69.0,7.0,1.0,88.0
18abe173,972.0,1142.0,19848.0,6199.0,256.0,295.0,607.0,657.0,104.0,167.0,0,0.0,0.2,0.0,1.0,55.0,4.0,0.0,68.0
06efa9dc,757.0,980.0,12386.0,4584.0,391.0,441.0,296.0,361.0,48.0,119.0,0,2.0,2.0,-2.0,20.0,43.0,20.0,16.0,54.0
31f5b89b,94.0,101.0,1642.0,327.0,40.0,42.0,33.0,35.0,14.0,15.0,0,0.0,0.1,0.0,0.0,8.0,1.0,0.0,6.0
05439de2,869.0,993.0,12581.0,4421.0,510.0,532.0,276.0,315.0,44.0,79.0,3,1.1,1.3,1.9,16.0,58.0,9.0,4.0,60.0
455c26a4,4.0,5.0,40.0,7.0,4.0,4.0,0.0,1.0,0.0,0.0,0,0.0,0.0,0.0,0.0,0.0,0.0,0.0,0.0
99ea2ddd,78.0,95.0,1688.0,582.0,28.0,32.0,27.0,34.0,20.0,25.0,0,0.1,0.1,-0.1,2.0,11.0,1.0,0.0,9.0
4601e194,901.0,1064.0,14270.0,4262.0,487.0,529.0,326.0,377.0,64.0,102.0,3,5.2,4.9,-2.2,27.0,101.0,35.0,12.0,114.0
4bd414c1,1092.0,1238.0,23670.0,8898.0,266.0,290.0,631.0,676.0,186.0,252.0,0,0.0,0.4,0.0,2.0,82.0,5.0,0.0,85.0
036bba5f,412.0,524.0,7985.0,2403.0,167.0,198.0,164.0,186.0,65.0,107.0,0,1.0,0.8,-1.0,13.0,43.0,8.0,5.0,45.0
bb08bce9,258.0,415.0,5232.0,2554.0,84.0,113.0,141.0,177.0,32.0,113.0,1,0.6,0.7,0.4,3.0,29.0,5.0,0.0,43.0
3d7e48ce,116.0,210.0,1665.0,491.0,73.0,99.0,25.0,50.0,10.0,30.0,1,1.2,0.8,-0.2,11.0,5.0,10.0,9.0,7.0
6c811eb7,490.0,634.0,8226.0,2009.0,236.0,276.0,167.0,211.0,57.0,88.0,2,0.8,1.0,1.2,10.0,50.0,15.0,4.0,70.0
b907d169,1.0,1.0,3.0,0.0,0.0,0.0,0.0,0.0,0.0,0.0,0,0.0,0.0,0.0,0.0,0.0,0.0,0.0,0.0
acc1aefa,348.0,423.0,6142.0,1247.0,154.0,178.0,140.0,157.0,42.0,61.0,0,0.1,0.3,-0.1,3.0,25.0,4.0,4.0,31.0
f8405304,46.0,73.0,640.0,180.0,31.0,35.0,10.0,23.0,2.0,8.0,2,1.5,1.1,0.5,5.0,2.0,5.0,3.0,4.0
e6697917,613.0,763.0,10014.0,3349.0,322.0,358.0,213.0,255.0,56.0,108.0,3,1.9,2.1,1.1,22.0,83.0,21.0,7.0,110.0
f4290206,536.0,589.0,10021.0,3440.0,206.0,219.0,274.0,291.0,50.0,64.0,0,0.2,0.6,-0.2,4.0,41.0,6.0,3.0,49.0
629081bd,0.0,0.0,0.0,0.0,0.0,0.0,0.0,0.0,0.0,0.0,0,0.0,0.0,0.0,0.0,0.0,0.0,0.0,0.0
852ddfb8,211.0,323.0,3400.0,1702.0,116.0,129.0,74.0,127.0,17.0,47.0,0,0.2,0.2,-0.2,3.0,17.0,3.0,2.0,24.0
3ecc11d8,859.0,1054.0,18031.0,6774.0,285.0,320.0,441.0,488.0,124.0,220.0,1,0.9,0.6,0.1,12.0,110.0,8.0,4.0,118.0
00eba9c9,18.0,24.0,309.0,81.0,9.0,11.0,5.0,7.0,3.0,3.0,0,0.0,0.0,0.0,0.0,3.0,1.0,0.0,4.0
f3b1d9a2,96.0,124.0,1295.0,359.0,63.0,70.0,23.0,34.0,4.0,7.0,0,0.8,0.4,-0.8,2.0,5.0,4.0,2.0,8.0
22721b88,51.0,96.0,779.0,372.0,28.0,39.0,18.0,36.0,3.0,11.0,0,0.0,0.0,0.0,0.0,2.0,0.0,0.0,5.0
fdd26d71,134.0,229.0,2338.0,890.0,62.0,79.0,57.0,98.0,11.0,31.0,0,0.0,0.1,0.0,0.0,13.0,1.0,0.0,15.0
c93231dc,30.0,40.0,363.0,114.0,18.0,23.0,9.0,10.0,0.0,0.0,0,0.4,0.0,-0.4,4.0,3.0,0.0,0.0,3.0
58afe001,292.0,373.0,5880.0,1792.0,101.0,114.0,133.0,155.0,52.0,91.0,1,1.5,1.5,-0.5,14.0,29.0,4.0,2.0,30.0
2bef2bca,580.0,655.0,11301.0,3496.0,200.0,216.0,311.0,334.0,64.0,93.0,1,0.4,0.4,0.6,2.0,53.0,1.0,0.0,41.0
1e465e70,8.0,9.0,102.0,32.0,6.0,6.0,2.0,3.0,0.0,0.0,0,0.0,0.0,0.0,1.0,1.0,1.0,0.0,2.0
6091cf45,0.0,5.0,0.0,0.0,0.0,0.0,0.0,0.0,0.0,1.0,0,0.0,0.0,0.0,0.0,0.0,0.0,0.0,0.0
5d133e96,5.0,6.0,46.0,15.0,5.0,6.0,0.0,0.0,0.0,0.0,0,0.0,0.0,0.0,0.0,0.0,0.0,0.0,0.0
759d8dd7,114.0,170.0,1857.0,812.0,61.0,74.0,39.0,53.0,9.0,25.0,0,0.6,0.2,-0.6,6.0,8.0,3.0,0.0,10.0
9f0ea33f,140.0,207.0,4282.0,3054.0,21.0,21.0,69.0,71.0,48.0,112.0,0,0.0,0.0,0.0,0.0,3.0,0.0,0.0,0.0
45af8a54,314.0,384.0,4846.0,923.0,182.0,198.0,88.0,102.0,31.0,57.0,3,2.0,1.4,1.0,16.0,26.0,7.0,2.0,28.0
7dcf86f6,642.0,830.0,9760.0,2189.0,376.0,445.0,182.0,241.0,54.0,74.0,3,4.1,3.6,-1.1,59.0,54.0,28.0,2.0,100.0
d5dd5f1f,3.0,3.0,59.0,26.0,0.0,0.0,3.0,3.0,0.0,0.0,0,0.0,0.0,0.0,0.0,0.0,0.0,0.0,0.0
9fec8860,21.0,30.0,289.0,105.0,15.0,16.0,5.0,9.0,1.0,5.0,0,0.0,0.0,0.0,1.0,0.0,0.0,0.0,0.0
253a06b9,212.0,387.0,4425.0,1256.0,100.0,140.0,60.0,108.0,49.0,101.0,2,1.7,2.0,0.3,17.0,21.0,22.0,13.0,29.0
bfd381b3,283.0,341.0,5106.0,1362.0,118.0,131.0,129.0,144.0,31.0,49.0,0,0.2,0.2,-0.2,3.0,30.0,1.0,0.0,30.0
075fe5a3,740.0,871.0,14722.0,5374.0,237.0,256.0,402.0,445.0,93.0,148.0,0,0.2,0.3,-0.2,6.0,30.0,2.0,1.0,40.0
114bbdee,344.0,384.0,6251.0,2163.0,137.0,142.0,176.0,188.0,29.0,42.0,0,0.1,0.1,-0.1,1.0,27.0,0.0,0.0,22.0
e4346678,453.0,652.0,14703.0,11567.0,55.0,56.0,202.0,212.0,195.0,379.0,0,0.0,0.0,0.0,0.0,10.0,0.0,0.0,0.0
518f2234,342.0,438.0,5463.0,1540.0,173.0,193.0,128.0,157.0,28.0,44.0,1,3.2,2.1,-2.2,21.0,37.0,20.0,1.0,62.0
5ccc9672,900.0,1001.0,13132.0,2496.0,528.0,558.0,307.0,330.0,44.0,67.0,4,3.0,3.1,1.0,13.0,50.0,10.0,5.0,48.0
1fe67e86,28.0,37.0,419.0,130.0,15.0,16.0,12.0,15.0,1.0,3.0,0,0.0,0.1,0.0,0.0,1.0,2.0,1.0,4.0
cee88597,967.0,1245.0,15977.0,6280.0,484.0,528.0,381.0,485.0,82.0,163.0,0,1.8,1.9,-1.8,23.0,65.0,22.0,11.0,90.0
35f6db55,240.0,351.0,3927.0,1059.0,116.0,143.0,86.0,119.0,22.0,46.0,1,0.9,0.8,0.1,12.0,18.0,9.0,2.0,37.0
03049c8c,140.0,168.0,2395.0,603.0,65.0,77.0,56.0,60.0,17.0,25.0,0,0.2,0.1,-0.2,2.0,15.0,1.0,0.0,15.0
aad53e64,146.0,224.0,2274.0,535.0,80.0,98.0,43.0,71.0,13.0,31.0,2,1.3,1.3,0.7,13.0,3.0,14.0,10.0,15.0
200e89e1,147.0,187.0,2209.0,712.0,75.0,84.0,58.0,67.0,6.0,16.0,0,0.0,0.1,0.0,1.0,8.0,1.0,0.0,13.0
45736cec,224.0,270.0,3518.0,951.0,117.0,130.0,84.0,100.0,14.0,22.0,0,0.1,0.1,-0.1,2.0,30.0,1.0,0.0,28.0
d637fc22,184.0,229.0,2873.0,889.0,93.0,104.0,77.0,92.0,11.0,20.0,0,0.0,0.1,0.0,1.0,24.0,1.0,0.0,19.0
d8712bf9,21.0,38.0,411.0,101.0,8.0,9.0,9.0,17.0,4.0,7.0,0,0.1,0.1,-0.1,2.0,2.0,1.0,1.0,1.0
f874dd44,77.0,96.0,1146.0,419.0,48.0,52.0,21.0,25.0,5.0,8.0,0,0.1,0.5,-0.1,1.0,10.0,4.0,0.0,13.0
ed5c5fa3,1075.0,1201.0,19676.0,4375.0,421.0,454.0,517.0,553.0,112.0,147.0,1,1.3,1.8,-0.3,17.0,81.0,10.0,2.0,91.0
70d74ece,540.0,627.0,6491.0,1243.0,369.0,409.0,109.0,118.0,15.0,20.0,3,3.7,3.1,-0.7,33.0,35.0,26.0,0.0,73.0
b6e50615,589.0,738.0,9811.0,3820.0,284.0,315.0,250.0,300.0,44.0,70.0,1,0.7,1.1,0.3,9.0,64.0,21.0,8.0,80.0
dc1c2fce,402.0,595.0,5854.0,1610.0,250.0,289.0,94.0,155.0,38.0,91.0,1,2.8,2.8,-1.8,31.0,17.0,23.0,7.0,54.0
697295b1,543.0,682.0,10567.0,4786.0,203.0,221.0,268.0,299.0,66.0,134.0,0,0.0,0.2,0.0,0.0,51.0,1.0,1.0,54.0
47c609d5,159.0,224.0,1893.0,257.0,109.0,134.0,39.0,58.0,1.0,1.0,2,1.1,0.6,0.9,12.0,8.0,2.0,1.0,9.0
506daeac,57.0,61.0,818.0,137.0,31.0,33.0,22.0,24.0,1.0,1.0,0,0.0,0.1,0.0,1.0,3.0,1.0,0.0,2.0
1657f448,62.0,106.0,1267.0,796.0,31.0,36.0,17.0,34.0,14.0,33.0,1,0.2,0.2,0.8,3.0,7.0,4.0,3.0,9.0
0da6a13e,152.0,237.0,2086.0,480.0,99.0,127.0,37.0,52.0,10.0,36.0,2,0.6,0.8,1.4,8.0,4.0,3.0,0.0,15.0
7f271d74,15.0,17.0,314.0,104.0,6.0,6.0,5.0,5.0,4.0,5.0,0,0.0,0.0,0.0,0.0,2.0,0.0,0.0,2.0
f6798fc3,604.0,806.0,15733.0,10984.0,131.0,131.0,285.0,293.0,186.0,378.0,0,0.0,0.0,0.0,0.0,6.0,0.0,0.0,1.0
d49f3e6b,298.0,380.0,4106.0,826.0,167.0,192.0,80.0,96.0,19.0,23.0,2,1.3,1.1,0.7,16.0,20.0,17.0,5.0,39.0
fd771f95,174.0,280.0,2426.0,567.0,112.0,152.0,39.0,66.0,12.0,20.0,1,1.0,0.6,0.0,8.0,14.0,7.0,2.0,31.0
2475cf9b,361.0,435.0,6180.0,2241.0,160.0,172.0,179.0,199.0,19.0,49.0,0,0.0,0.1,0.0,0.0,19.0,2.0,1.0,19.0
4accb7e0,272.0,338.0,4162.0,1115.0,144.0,161.0,104.0,126.0,11.0,18.0,1,0.7,0.6,0.3,7.0,33.0,7.0,2.0,42.0
10072610,90.0,152.0,2710.0,2094.0,21.0,21.0,33.0,35.0,35.0,93.0,0,0.0,0.0,0.0,0.0,2.0,0.0,0.0,1.0
7b5ab7f2,99.0,129.0,1366.0,473.0,56.0,67.0,39.0,48.0,0.0,6.0,0,0.2,0.2,-0.2,3.0,2.0,4.0,0.0,6.0
8f3565b3,104.0,178.0,1202.0,175.0,71.0,103.0,26.0,50.0,0.0,5.0,0,0.6,0.5,-0.6,9.0,5.0,2.0,0.0,12.0
edc98fac,1056.0,1225.0,20963.0,7164.0,348.0,381.0,569.0,619.0,126.0,196.0,1,1.0,0.6,0.0,5.0,94.0,3.0,1.0,99.0
5ab0ea87,992.0,1118.0,17523.0,4798.0,453.0,494.0,414.0,455.0,104.0,124.0,1,0.8,1.7,0.2,11.0,122.0,13.0,2.0,128.0
69cbc8b6,628.0,876.0,13517.0,6140.0,186.0,225.0,330.0,396.0,105.0,226.0,0,0.8,0.6,-0.8,8.0,55.0,9.0,2.0,56.0
fe05804b,30.0,38.0,792.0,274.0,4.0,5.0,14.0,17.0,12.0,16.0,0,0.0,0.0,0.0,0.0,0.0,0.0,0.0,2.0
41b3069f,442.0,553.0,8741.0,3306.0,160.0,181.0,215.0,249.0,63.0,110.0,0,0.1,0.3,-0.1,3.0,45.0,3.0,0.0,46.0
af34f10d,40.0,47.0,570.0,185.0,19.0,20.0,19.0,25.0,0.0,0.0,0,0.0,0.0,0.0,0.0,4.0,1.0,0.0,5.0
7b9c2d84,722.0,797.0,11337.0,3075.0,363.0,393.0,283.0,300.0,50.0,61.0,1,1.0,1.3,0.0,13.0,79.0,10.0,1.0,105.0
873619c6,261.0,331.0,3694.0,430.0,147.0,174.0,88.0,110.0,12.0,18.0,3,1.9,1.3,1.1,19.0,8.0,6.0,0.0,24.0
a6de370d,684.0,909.0,10483.0,2976.0,368.0,417.0,207.0,266.0,63.0,125.0,2,3.6,2.8,-1.6,32.0,70.0,33.0,7.0,93.0
37f1cf47,12.0,16.0,182.0,68.0,8.0,8.0,3.0,4.0,1.0,2.0,0,0.0,0.1,0.0,1.0,1.0,1.0,1.0,2.0
5acc4a10,662.0,758.0,10488.0,2460.0,332.0,367.0,278.0,305.0,31.0,52.0,0,0.6,0.6,-0.6,5.0,83.0,5.0,0.0,70.0
c4b888df,423.0,535.0,6910.0,2648.0,206.0,226.0,179.0,228.0,26.0,53.0,0,0.4,0.3,-0.4,4.0,31.0,8.0,5.0,43.0
688b96e3,288.0,340.0,7160.0,4635.0,52.0,53.0,170.0,176.0,66.0,111.0,0,0.0,0.0,0.0,0.0,1.0,0.0,0.0,0.0
5b93209a,3.0,4.0,49.0,2.0,2.0,3.0,1.0,1.0,0.0,0.0,0,0.0,0.0,0.0,0.0,0.0,0.0,0.0,0.0
5b93209a,21.0,30.0,277.0,46.0,9.0,12.0,8.0,9.0,2.0,4.0,1,0.2,0.1,0.8,2.0,0.0,3.0,1.0,3.0
2dce876a,90.0,134.0,1280.0,529.0,57.0,67.0,26.0,40.0,4.0,11.0,0,0.1,0.1,-0.1,2.0,3.0,2.0,0.0,6.0
2dce876a,269.0,330.0,4412.0,1380.0,131.0,142.0,118.0,147.0,17.0,32.0,1,0.4,0.2,0.6,2.0,24.0,3.0,2.0,11.0
de39485a,433.0,539.0,6002.0,1714.0,276.0,296.0,108.0,139.0,21.0,47.0,0,1.9,1.8,-1.9,22.0,23.0,14.0,4.0,43.0
4958bfb2,745.0,872.0,12085.0,2752.0,399.0,439.0,274.0,313.0,58.0,85.0,2,1.5,1.4,0.5,13.0,44.0,13.0,5.0,37.0
dee86451,976.0,1133.0,16253.0,4899.0,488.0,535.0,365.0,415.0,91.0,123.0,1,0.8,1.2,0.2,14.0,112.0,12.0,1.0,136.0
4d224fe8,7.0,8.0,134.0,50.0,6.0,6.0,0.0,0.0,1.0,2.0,0,0.0,0.0,0.0,0.0,1.0,0.0,0.0,0.0
da76bab4,163.0,267.0,2207.0,518.0,95.0,137.0,44.0,78.0,11.0,15.0,0,0.8,1.2,-0.8,10.0,14.0,10.0,1.0,23.0
130a7a3f,324.0,419.0,5060.0,1428.0,172.0,198.0,111.0,135.0,25.0,51.0,0,1.0,1.0,-1.0,16.0,36.0,15.0,3.0,52.0
274ab13c,1004.0,1215.0,24166.0,9551.0,199.0,227.0,562.0,612.0,238.0,353.0,1,0.8,0.3,0.2,4.0,77.0,2.0,0.0,76.0
527f063d,188.0,255.0,2997.0,394.0,111.0,143.0,53.0,68.0,20.0,24.0,1,1.3,0.7,-0.3,10.0,9.0,2.0,0.0,11.0
c0617e2b,702.0,768.0,11331.0,3354.0,353.0,378.0,253.0,265.0,63.0,74.0,1,0.9,1.1,0.1,18.0,115.0,8.0,1.0,108.0
ae852b7d,3.0,5.0,46.0,19.0,0.0,1.0,2.0,3.0,0.0,0.0,0,0.0,0.0,0.0,0.0,0.0,0.0,0.0,0.0
5e1028e5,385.0,543.0,5671.0,1702.0,225.0,265.0,123.0,164.0,23.0,63.0,2,1.1,1.4,0.9,15.0,29.0,13.0,4.0,39.0
63c5e56b,41.0,63.0,627.0,194.0,21.0,27.0,15.0,20.0,2.0,7.0,0,0.1,0.1,-0.1,3.0,2.0,1.0,0.0,4.0
873ce3a2,9.0,14.0,166.0,55.0,3.0,6.0,6.0,6.0,0.0,2.0,0,0.0,0.0,0.0,0.0,0.0,0.0,0.0,0.0
1cb49278,827.0,881.0,15119.0,4821.0,310.0,334.0,448.0,456.0,60.0,79.0,1,0.4,0.6,0.6,5.0,51.0,3.0,0.0,55.0
b8a642fc,378.0,501.0,5860.0,1137.0,213.0,246.0,125.0,163.0,32.0,49.0,3,2.4,1.9,0.6,23.0,12.0,24.0,5.0,37.0
ec1a731e,326.0,395.0,7219.0,2697.0,92.0,103.0,152.0,172.0,73.0,104.0,0,0.0,0.1,0.0,1.0,20.0,1.0,0.0,21.0
9a0408b6,432.0,519.0,8436.0,2287.0,169.0,190.0,200.0,228.0,59.0,78.0,0,0.2,0.2,-0.2,4.0,49.0,3.0,0.0,49.0
33a61a52,536.0,747.0,7910.0,3199.0,320.0,369.0,171.0,236.0,31.0,87.0,1,1.1,1.3,-0.1,6.0,28.0,11.0,6.0,43.0
85dace26,176.0,218.0,2509.0,495.0,107.0,116.0,47.0,57.0,12.0,22.0,1,0.9,1.1,0.1,12.0,14.0,4.0,1.0,16.0
b3f62bfc,5.0,7.0,111.0,15.0,2.0,3.0,2.0,2.0,1.0,1.0,0,0.0,0.0,0.0,0.0,0.0,0.0,0.0,1.0
15937e17,734.0,848.0,15788.0,5479.0,183.0,206.0,440.0,467.0,104.0,150.0,0,0.1,0.2,-0.1,3.0,43.0,2.0,0.0,48.0
5ae499d0,537.0,639.0,8841.0,2520.0,266.0,296.0,212.0,248.0,43.0,57.0,0,0.8,0.8,-0.8,17.0,63.0,7.0,0.0,87.0
0f26ffd7,453.0,578.0,8892.0,3977.0,166.0,186.0,217.0,246.0,66.0,118.0,0,0.2,0.1,-0.2,2.0,40.0,3.0,0.0,41.0
a6951bf8,265.0,311.0,3778.0,803.0,152.0,167.0,80.0,88.0,14.0,20.0,0,1.0,1.2,-1.0,6.0,19.0,3.0,1.0,29.0
fb938d24,16.0,20.0,239.0,6.0,9.0,9.0,6.0,8.0,1.0,3.0,0,0.2,0.1,-0.2,1.0,0.0,0.0,0.0,1.0
01eb744d,276.0,352.0,3545.0,840.0,184.0,208.0,60.0,80.0,12.0,27.0,0,2.6,2.6,-2.6,17.0,19.0,15.0,2.0,36.0
c78b352d,763.0,990.0,12835.0,4390.0,401.0,455.0,270.0,345.0,78.0,142.0,0,0.5,1.2,-0.5,9.0,71.0,14.0,7.0,72.0
808d48f3,592.0,797.0,9947.0,3669.0,291.0,332.0,245.0,321.0,48.0,96.0,1,1.7,2.2,-0.7,22.0,44.0,20.0,12.0,53.0
76c2a023,537.0,686.0,10237.0,3300.0,218.0,249.0,240.0,280.0,72.0,115.0,0,0.4,0.6,-0.4,7.0,39.0,3.0,0.0,55.0
1840e36d,517.0,609.0,12520.0,8138.0,112.0,113.0,293.0,297.0,109.0,194.0,0,0.1,0.0,-0.1,1.0,3.0,0.0,0.0,0.0
1944818c,296.0,392.0,4711.0,1353.0,156.0,175.0,104.0,138.0,24.0,48.0,1,1.1,1.3,-0.1,9.0,23.0,14.0,6.0,37.0
a56da3ba,540.0,718.0,9026.0,4099.0,263.0,293.0,229.0,298.0,42.0,100.0,0,0.8,0.8,-0.8,11.0,51.0,14.0,10.0,48.0
cc2dd8a5,22.0,36.0,254.0,65.0,14.0,16.0,5.0,11.0,0.0,4.0,0,0.1,0.1,-0.1,2.0,0.0,0.0,0.0,1.0
0abc51f2,238.0,277.0,4564.0,1698.0,83.0,89.0,133.0,143.0,21.0,40.0,0,0.1,0.2,-0.1,1.0,15.0,2.0,0.0,20.0
192c89a6,76.0,92.0,1256.0,437.0,40.0,43.0,25.0,29.0,7.0,12.0,0,0.0,0.1,0.0,1.0,4.0,1.0,0.0,7.0
dc62b55d,64.0,85.0,790.0,203.0,48.0,55.0,9.0,13.0,3.0,4.0,2,0.8,0.4,1.2,6.0,6.0,2.0,0.0,7.0
f9a225f5,21.0,28.0,310.0,133.0,10.0,12.0,4.0,6.0,3.0,4.0,0,0.2,0.2,-0.2,2.0,1.0,1.0,0.0,1.0
f08490a6,70.0,95.0,999.0,169.0,44.0,61.0,20.0,26.0,2.0,3.0,0,0.4,0.3,-0.4,5.0,3.0,3.0,2.0,2.0
070a3904,691.0,971.0,13615.0,5301.0,262.0,309.0,312.0,378.0,106.0,237.0,1,4.3,4.1,-3.3,50.0,98.0,32.0,5.0,144.0
162efffd,615.0,754.0,10790.0,3429.0,312.0,347.0,208.0,248.0,75.0,114.0,2,3.4,2.1,-1.4,26.0,88.0,28.0,5.0,99.0
84a85b48,0.0,1.0,0.0,0.0,0.0,0.0,0.0,0.0,0.0,1.0,0,0.0,0.0,0.0,0.0,0.0,0.0,0.0,0.0
fe641c1a,140.0,164.0,2173.0,461.0,71.0,76.0,54.0,64.0,8.0,14.0,0,0.1,0.6,-0.1,2.0,6.0,3.0,1.0,7.0
e7d2a50b,7.0,8.0,110.0,13.0,4.0,4.0,3.0,3.0,0.0,1.0,0,0.0,0.0,0.0,0.0,0.0,0.0,0.0,0.0
b19db005,499.0,647.0,7876.0,1528.0,297.0,331.0,147.0,189.0,43.0,78.0,5,3.7,3.8,1.3,34.0,19.0,29.0,4.0,58.0
d2110326,560.0,675.0,11925.0,4332.0,151.0,176.0,314.0,348.0,88.0,138.0,0,0.2,0.1,-0.2,3.0,43.0,1.0,0.0,41.0
80211dc5,8.0,9.0,103.0,26.0,4.0,5.0,3.0,3.0,0.0,0.0,0,0.0,0.0,0.0,0.0,0.0,0.0,0.0,0.0
d61759ec,16.0,19.0,300.0,22.0,6.0,6.0,7.0,7.0,3.0,5.0,0,0.0,0.0,0.0,0.0,1.0,0.0,0.0,1.0
fc70e345,408.0,666.0,11725.0,8520.0,70.0,70.0,198.0,201.0,139.0,388.0,0,0.0,0.0,0.0,1.0,11.0,0.0,0.0,0.0
a461f098,7.0,7.0,92.0,20.0,5.0,5.0,2.0,2.0,0.0,0.0,0,0.0,0.0,0.0,0.0,0.0,0.0,0.0,1.0
a4971d84,588.0,732.0,10651.0,4147.0,246.0,273.0,273.0,305.0,59.0,123.0,1,0.3,0.8,0.7,3.0,35.0,7.0,5.0,44.0
ac295d9e,72.0,100.0,2155.0,1601.0,12.0,12.0,35.0,35.0,25.0,52.0,0,0.0,0.0,0.0,0.0,1.0,0.0,0.0,0.0
cc83b74d,19.0,28.0,257.0,27.0,13.0,18.0,3.0,5.0,2.0,3.0,1,0.4,0.0,0.6,1.0,1.0,0.0,0.0,2.0
3521abfe,11.0,12.0,176.0,75.0,7.0,7.0,2.0,2.0,2.0,3.0,0,0.0,0.0,0.0,0.0,1.0,0.0,0.0,1.0
5e95c000,28.0,33.0,405.0,165.0,14.0,16.0,12.0,13.0,1.0,2.0,0,0.0,0.0,0.0,0.0,0.0,0.0,0.0,0.0
93090f69,578.0,738.0,12030.0,4814.0,184.0,217.0,290.0,348.0,99.0,161.0,2,0.8,0.1,1.2,4.0,38.0,0.0,0.0,44.0
6db116ec,14.0,21.0,201.0,13.0,10.0,14.0,3.0,4.0,1.0,3.0,0,0.0,0.0,0.0,0.0,0.0,0.0,0.0,0.0
37e103f8,120.0,161.0,1464.0,144.0,81.0,100.0,27.0,39.0,1.0,3.0,0,0.7,0.3,-0.7,7.0,7.0,1.0,0.0,7.0
3e93f8cf,335.0,400.0,5889.0,2177.0,162.0,180.0,131.0,147.0,36.0,54.0,1,0.6,1.2,0.4,9.0,43.0,10.0,2.0,51.0
f7dc2ae5,487.0,595.0,8345.0,2928.0,220.0,245.0,224.0,268.0,34.0,59.0,1,1.0,0.4,0.0,4.0,29.0,5.0,2.0,38.0
fd47b4f2,741.0,922.0,16176.0,6213.0,179.0,205.0,440.0,484.0,118.0,218.0,0,0.2,0.3,-0.2,3.0,32.0,3.0,0.0,32.0
db8f0eba,201.0,325.0,3760.0,1051.0,85.0,108.0,69.0,103.0,35.0,71.0,3,2.3,1.3,0.7,20.0,12.0,4.0,1.0,27.0
db8f0eba,4.0,6.0,80.0,37.0,2.0,3.0,1.0,2.0,1.0,1.0,0,0.0,0.1,0.0,0.0,0.0,0.0,0.0,0.0
04e17fd5,87.0,137.0,1346.0,144.0,51.0,73.0,28.0,42.0,4.0,7.0,0,0.1,0.2,-0.1,3.0,2.0,0.0,0.0,5.0
3f79a1c8,130.0,166.0,1997.0,551.0,76.0,88.0,44.0,53.0,8.0,19.0,0,0.1,0.2,-0.1,3.0,15.0,3.0,2.0,16.0
b0616e3d,282.0,389.0,4614.0,1790.0,144.0,157.0,101.0,126.0,27.0,73.0,0,0.5,0.4,-0.5,8.0,11.0,8.0,4.0,20.0
db001fa9,565.0,884.0,9515.0,4334.0,280.0,345.0,222.0,317.0,50.0,153.0,3,1.0,1.2,2.0,15.0,46.0,13.0,8.0,62.0
4242011c,491.0,558.0,9050.0,3588.0,179.0,200.0,273.0,294.0,35.0,57.0,1,0.0,0.1,1.0,1.0,16.0,0.0,0.0,19.0
283c7121,269.0,369.0,4834.0,1359.0,107.0,129.0,122.0,149.0,29.0,64.0,2,1.8,1.4,0.2,15.0,33.0,12.0,1.0,51.0
3409de86,99.0,130.0,1474.0,630.0,59.0,64.0,27.0,32.0,8.0,22.0,0,0.3,0.5,-0.3,5.0,9.0,7.0,4.0,17.0
bed68338,178.0,261.0,2470.0,629.0,110.0,135.0,52.0,74.0,10.0,18.0,2,1.3,2.3,0.7,6.0,5.0,16.0,6.0,20.0
66116290,94.0,126.0,1263.0,181.0,62.0,75.0,26.0,32.0,4.0,6.0,0,0.1,0.2,-0.1,2.0,7.0,1.0,0.0,13.0
72a84002,288.0,372.0,6724.0,2705.0,69.0,83.0,152.0,177.0,65.0,105.0,0,0.2,0.1,-0.2,3.0,33.0,2.0,0.0,38.0
805a2a11,13.0,16.0,254.0,64.0,3.0,3.0,8.0,9.0,2.0,3.0,0,0.0,0.0,0.0,0.0,0.0,1.0,1.0,1.0
0ba976e4,311.0,366.0,3821.0,522.0,227.0,252.0,66.0,74.0,8.0,11.0,3,1.0,0.9,2.0,9.0,11.0,6.0,0.0,21.0
89151b16,159.0,201.0,3405.0,1439.0,44.0,49.0,83.0,96.0,26.0,48.0,0,0.1,0.0,-0.1,2.0,6.0,1.0,0.0,5.0
bece776f,378.0,484.0,4729.0,1390.0,226.0,259.0,90.0,105.0,18.0,56.0,2,2.6,2.4,-0.6,22.0,35.0,15.0,1.0,42.0
51a3c4c8,121.0,132.0,2265.0,847.0,44.0,45.0,66.0,72.0,10.0,12.0,0,0.0,0.0,0.0,1.0,15.0,0.0,0.0,20.0
15d0c248,401.0,468.0,7229.0,2893.0,161.0,176.0,184.0,202.0,47.0,69.0,0,0.1,0.1,-0.1,1.0,17.0,0.0,0.0,22.0
8aafd64f,171.0,228.0,2307.0,680.0,98.0,113.0,42.0,60.0,11.0,29.0,3,1.5,1.0,1.5,10.0,14.0,10.0,1.0,27.0
e5d01ecf,511.0,601.0,8120.0,2285.0,258.0,278.0,213.0,241.0,28.0,54.0,0,0.6,0.4,-0.6,7.0,34.0,9.0,4.0,45.0
a01c3d54,288.0,452.0,10290.0,8723.0,26.0,27.0,109.0,115.0,153.0,308.0,0,0.0,0.0,0.0,0.0,16.0,0.0,0.0,1.0
aa677a35,499.0,591.0,8423.0,2445.0,256.0,276.0,172.0,195.0,57.0,93.0,0,1.3,1.2,-1.3,14.0,46.0,3.0,2.0,55.0
f127d782,232.0,358.0,9065.0,7578.0,19.0,19.0,83.0,85.0,130.0,252.0,0,0.2,0.1,-0.2,1.0,17.0,0.0,0.0,0.0
e08647d6,55.0,83.0,795.0,183.0,27.0,38.0,23.0,31.0,0.0,3.0,0,0.4,0.2,-0.4,5.0,2.0,2.0,0.0,8.0
f25b010f,8.0,14.0,204.0,130.0,1.0,2.0,5.0,8.0,2.0,4.0,0,0.0,0.0,0.0,0.0,0.0,0.0,0.0,0.0
b86a64b2,522.0,632.0,10983.0,4393.0,151.0,164.0,282.0,320.0,79.0,123.0,0,0.1,0.1,-0.1,2.0,30.0,2.0,0.0,27.0
dabb2827,572.0,811.0,16745.0,12074.0,74.0,75.0,298.0,305.0,198.0,426.0,0,0.0,0.0,0.0,0.0,9.0,0.0,0.0,0.0
41f32541,639.0,714.0,11472.0,2833.0,273.0,294.0,299.0,320.0,57.0,79.0,0,0.1,0.3,-0.1,5.0,45.0,2.0,0.0,50.0
eb82b6f1,178.0,275.0,2630.0,880.0,106.0,127.0,45.0,72.0,17.0,44.0,1,0.7,0.6,0.3,9.0,20.0,7.0,0.0,36.0
45e17712,275.0,406.0,4373.0,1719.0,140.0,169.0,112.0,155.0,16.0,45.0,1,0.7,1.0,0.3,4.0,23.0,9.0,5.0,29.0
6c7762c3,535.0,616.0,9319.0,3452.0,244.0,266.0,239.0,263.0,45.0,67.0,0,1.1,0.9,-1.1,7.0,54.0,6.0,1.0,56.0
29d0f2ac,372.0,465.0,5934.0,1771.0,197.0,229.0,138.0,164.0,28.0,47.0,0,0.8,0.6,-0.8,10.0,25.0,6.0,4.0,32.0
a4b00319,989.0,1290.0,16568.0,5027.0,472.0,536.0,420.0,515.0,77.0,169.0,1,2.8,2.5,-1.8,32.0,40.0,29.0,14.0,68.0
91f7631f,654.0,786.0,11722.0,3047.0,299.0,340.0,267.0,291.0,68.0,109.0,0,0.7,0.9,-0.7,12.0,71.0,11.0,0.0,81.0
a10361d2,1205.0,1446.0,21563.0,6800.0,580.0,620.0,408.0,460.0,165.0,270.0,5,6.1,5.8,-1.1,63.0,134.0,20.0,10.0,129.0
90bbd822,394.0,625.0,6129.0,1821.0,224.0,280.0,131.0,211.0,27.0,75.0,2,3.0,3.1,-1.0,30.0,18.0,28.0,18.0,43.0
e7f4603c,75.0,88.0,1052.0,288.0,42.0,45.0,23.0,27.0,4.0,7.0,0,0.4,0.2,-0.4,2.0,7.0,4.0,0.0,12.0
661e2822,20.0,24.0,497.0,122.0,2.0,5.0,14.0,15.0,4.0,4.0,1,0.1,0.0,0.9,1.0,0.0,0.0,0.0,2.0
240d3a0b,268.0,344.0,4541.0,1407.0,129.0,153.0,107.0,126.0,26.0,51.0,1,0.1,0.2,0.9,3.0,44.0,3.0,1.0,33.0
3e42f707,698.0,866.0,14382.0,5646.0,238.0,273.0,336.0,383.0,116.0,194.0,0,0.3,0.2,-0.3,4.0,73.0,3.0,0.0,66.0
2bed3eab,756.0,825.0,14710.0,5168.0,258.0,271.0,400.0,419.0,91.0,120.0,0,0.0,0.2,0.0,0.0,77.0,2.0,0.0,65.0
7226539b,1058.0,1330.0,17230.0,5310.0,521.0,572.0,443.0,532.0,68.0,148.0,2,0.9,1.0,1.1,17.0,86.0,17.0,14.0,97.0
b418dbd4,124.0,194.0,1986.0,419.0,69.0,91.0,38.0,67.0,14.0,25.0,2,1.1,0.6,0.9,6.0,13.0,5.0,0.0,22.0
5c96b017,282.0,376.0,4689.0,1220.0,162.0,182.0,68.0,95.0,39.0,71.0,2,1.3,1.3,0.7,16.0,16.0,8.0,1.0,31.0
4a633cfe,509.0,644.0,11067.0,4012.0,136.0,149.0,290.0,337.0,76.0,145.0,1,0.1,0.2,0.9,3.0,37.0,2.0,1.0,41.0
9a26fa06,34.0,40.0,709.0,206.0,11.0,13.0,16.0,18.0,7.0,8.0,0,0.0,0.0,0.0,0.0,2.0,0.0,0.0,2.0
475a738b,7.0,9.0,87.0,0.0,5.0,7.0,2.0,2.0,0.0,0.0,0,0.0,0.0,0.0,1.0,0.0,0.0,0.0,0.0
19cae58d,651.0,760.0,9341.0,1767.0,415.0,450.0,180.0,211.0,38.0,52.0,2,2.4,2.5,-0.4,28.0,63.0,28.0,3.0,78.0
63d17038,364.0,494.0,10290.0,7705.0,87.0,87.0,154.0,161.0,122.0,242.0,0,0.0,0.0,0.0,0.0,8.0,0.0,0.0,0.0
6652cf96,450.0,581.0,7487.0,2168.0,201.0,232.0,196.0,235.0,35.0,67.0,1,2.5,1.5,-1.5,8.0,13.0,7.0,4.0,20.0
18017beb,2.0,2.0,21.0,6.0,1.0,1.0,1.0,1.0,0.0,0.0,0,0.0,0.0,0.0,0.0,0.0,0.0,0.0,1.0
0e5ddc7c,9.0,13.0,134.0,22.0,6.0,6.0,3.0,5.0,0.0,0.0,0,0.0,0.0,0.0,1.0,0.0,1.0,0.0,3.0
4c2e9442,9.0,14.0,131.0,3.0,5.0,5.0,2.0,4.0,1.0,3.0,0,0.2,0.2,-0.2,2.0,0.0,0.0,0.0,0.0
5a626448,941.0,1126.0,17684.0,4518.0,423.0,455.0,355.0,400.0,138.0,210.0,2,3.5,4.1,-1.5,41.0,118.0,27.0,9.0,129.0
6e4df551,337.0,386.0,5842.0,1809.0,175.0,185.0,120.0,139.0,35.0,47.0,1,0.5,1.1,0.5,7.0,40.0,14.0,3.0,64.0
bc6f5f06,557.0,648.0,12002.0,4089.0,146.0,156.0,332.0,347.0,77.0,139.0,0,0.1,0.2,-0.1,2.0,29.0,1.0,0.0,28.0
4ac7608e,272.0,340.0,5733.0,2349.0,75.0,84.0,145.0,161.0,43.0,80.0,0,0.0,0.0,0.0,0.0,15.0,1.0,0.0,9.0
49d028db,532.0,600.0,9657.0,3501.0,222.0,242.0,257.0,280.0,48.0,66.0,0,0.8,0.6,-0.8,2.0,10.0,0.0,0.0,23.0
1fc474ae,193.0,253.0,3096.0,1199.0,111.0,128.0,70.0,92.0,11.0,26.0,2,1.2,0.5,0.8,5.0,12.0,5.0,3.0,17.0
2c56a792,375.0,419.0,6266.0,1661.0,181.0,194.0,168.0,182.0,22.0,33.0,0,0.3,0.7,-0.3,5.0,62.0,4.0,0.0,46.0
56545648,25.0,29.0,374.0,121.0,12.0,14.0,8.0,8.0,3.0,5.0,0,0.3,0.2,-0.3,3.0,2.0,0.0,0.0,2.0
6f5f82c0,398.0,468.0,6265.0,2212.0,214.0,233.0,146.0,169.0,26.0,39.0,0,0.4,0.5,-0.4,5.0,14.0,10.0,3.0,33.0
ee45d138,71.0,82.0,1397.0,558.0,21.0,25.0,41.0,47.0,7.0,7.0,0,0.0,0.1,0.0,0.0,2.0,0.0,0.0,5.0
3f034750,41.0,87.0,1330.0,1018.0,6.0,7.0,17.0,17.0,18.0,63.0,0,0.0,0.0,0.0,0.0,0.0,0.0,0.0,0.0
8b298f56,216.0,298.0,3569.0,1018.0,111.0,128.0,70.0,92.0,25.0,58.0,0,0.7,1.0,-0.7,9.0,24.0,6.0,2.0,34.0
df69b544,632.0,844.0,9981.0,2961.0,341.0,391.0,199.0,257.0,58.0,126.0,7,5.9,5.2,1.1,43.0,57.0,28.0,8.0,81.0
ef322658,394.0,473.0,7547.0,2362.0,177.0,196.0,160.0,183.0,54.0,74.0,1,1.1,0.9,-0.1,9.0,34.0,5.0,0.0,48.0
32974271,74.0,117.0,948.0,149.0,47.0,65.0,18.0,26.0,3.0,5.0,0,0.1,0.2,-0.1,2.0,1.0,1.0,1.0,3.0
32974271,36.0,49.0,407.0,80.0,24.0,27.0,8.0,14.0,1.0,1.0,0,0.1,0.1,-0.1,3.0,0.0,1.0,0.0,3.0
0076ab7f,982.0,1065.0,16776.0,5374.0,421.0,446.0,486.0,510.0,55.0,80.0,0,0.2,0.4,-0.2,3.0,78.0,2.0,0.0,69.0
8e48dc61,108.0,120.0,1663.0,379.0,58.0,59.0,43.0,47.0,4.0,7.0,0,0.7,0.3,-0.7,4.0,20.0,1.0,0.0,9.0
7155e3e1,128.0,156.0,2627.0,685.0,53.0,59.0,52.0,61.0,23.0,31.0,2,0.7,0.2,1.3,3.0,17.0,1.0,0.0,20.0
f7c12fbf,661.0,804.0,12469.0,3246.0,280.0,315.0,256.0,303.0,104.0,140.0,4,1.5,1.4,2.5,22.0,69.0,9.0,1.0,74.0
ac454a4f,570.0,746.0,11264.0,3574.0,238.0,272.0,204.0,247.0,103.0,166.0,3,2.4,2.6,0.6,31.0,57.0,13.0,4.0,80.0
6b5ea2f4,113.0,153.0,1600.0,280.0,58.0,71.0,35.0,47.0,7.0,8.0,0,0.3,0.4,-0.3,4.0,6.0,3.0,0.0,13.0
0b2c8585,230.0,283.0,3413.0,969.0,135.0,155.0,58.0,68.0,22.0,35.0,0,0.0,0.2,0.0,0.0,16.0,2.0,0.0,19.0
7e98cff1,684.0,859.0,10722.0,3087.0,379.0,423.0,244.0,301.0,47.0,85.0,2,2.4,2.1,-0.4,16.0,51.0,17.0,10.0,68.0
8696bc90,126.0,187.0,1736.0,450.0,72.0,91.0,38.0,49.0,7.0,20.0,0,0.2,0.4,-0.2,3.0,8.0,3.0,2.0,15.0
e0979e74,11.0,12.0,230.0,26.0,5.0,5.0,4.0,5.0,2.0,2.0,0,0.0,0.0,0.0,1.0,3.0,0.0,0.0,0.0
a39bb753,62.0,69.0,737.0,95.0,41.0,46.0,11.0,12.0,3.0,3.0,0,0.1,0.2,-0.1,3.0,4.0,0.0,0.0,1.0
8059806f,266.0,357.0,3674.0,645.0,168.0,201.0,76.0,98.0,10.0,20.0,1,1.1,0.8,-0.1,8.0,9.0,5.0,2.0,15.0
555f3a0b,436.0,508.0,9424.0,3642.0,130.0,141.0,225.0,240.0,76.0,113.0,0,0.3,0.1,-0.3,4.0,22.0,3.0,0.0,27.0
132ac341,266.0,321.0,5326.0,1678.0,94.0,103.0,135.0,155.0,37.0,61.0,0,0.0,0.1,0.0,0.0,12.0,0.0,0.0,9.0
02d2c436,662.0,903.0,14243.0,5824.0,192.0,213.0,343.0,408.0,118.0,258.0,0,0.7,0.6,-0.7,7.0,43.0,4.0,3.0,53.0
90162357,8.0,11.0,143.0,27.0,4.0,6.0,2.0,2.0,2.0,3.0,0,0.0,0.0,0.0,0.0,0.0,0.0,0.0,0.0
436a9dd0,170.0,197.0,2423.0,679.0,101.0,113.0,51.0,56.0,9.0,15.0,1,0.6,0.5,0.4,5.0,14.0,3.0,0.0,16.0
a4995f48,249.0,395.0,9099.0,7627.0,17.0,17.0,101.0,102.0,130.0,273.0,0,0.0,0.0,0.0,1.0,23.0,0.0,0.0,0.0
e778654a,252.0,324.0,3847.0,1023.0,137.0,154.0,82.0,104.0,21.0,36.0,2,0.9,0.7,1.1,9.0,27.0,7.0,1.0,39.0
139560df,21.0,35.0,356.0,128.0,8.0,12.0,13.0,17.0,0.0,5.0,0,0.0,0.0,0.0,1.0,0.0,0.0,0.0,0.0
b85bf253,104.0,141.0,2332.0,705.0,24.0,27.0,55.0,64.0,21.0,42.0,0,0.0,0.0,0.0,0.0,7.0,0.0,0.0,7.0
3701906c,93.0,138.0,1585.0,479.0,47.0,55.0,34.0,48.0,10.0,20.0,1,0.6,0.1,0.4,7.0,13.0,2.0,0.0,22.0
974322dc,392.0,632.0,7110.0,3045.0,176.0,216.0,159.0,234.0,48.0,141.0,0,0.5,0.9,-0.5,9.0,25.0,16.0,10.0,34.0
75645f0e,244.0,328.0,2833.0,367.0,164.0,205.0,41.0,58.0,10.0,12.0,3,2.3,1.4,0.7,14.0,6.0,6.0,0.0,16.0
5ce0b5ba,340.0,397.0,5149.0,1228.0,193.0,213.0,121.0,137.0,18.0,28.0,0,0.2,0.2,-0.2,4.0,35.0,1.0,0.0,33.0
8e92be30,17.0,30.0,236.0,60.0,11.0,14.0,6.0,9.0,0.0,2.0,0,0.1,0.0,-0.1,2.0,0.0,1.0,0.0,3.0
a0b4bb3e,346.0,417.0,5315.0,1337.0,192.0,211.0,109.0,124.0,27.0,50.0,2,1.7,1.1,0.3,17.0,45.0,8.0,0.0,37.0
9c36ed83,104.0,145.0,1569.0,400.0,57.0,82.0,35.0,44.0,7.0,8.0,2,1.5,0.8,0.5,8.0,13.0,9.0,0.0,25.0
4737cebe,15.0,24.0,229.0,35.0,10.0,12.0,4.0,5.0,1.0,3.0,0,0.0,0.0,0.0,0.0,0.0,0.0,0.0,1.0
9a76c2e9,287.0,348.0,4373.0,1876.0,156.0,180.0,105.0,121.0,17.0,25.0,1,0.4,0.4,0.6,3.0,27.0,6.0,1.0,33.0
eeba07f8,115.0,156.0,1688.0,220.0,73.0,90.0,28.0,38.0,8.0,15.0,1,0.7,0.4,0.3,5.0,5.0,1.0,1.0,6.0
4c5b14d2,154.0,188.0,2245.0,591.0,91.0,97.0,45.0,54.0,11.0,21.0,1,1.0,1.2,0.0,14.0,8.0,6.0,2.0,19.0
1bacc518,1162.0,1300.0,18397.0,5822.0,637.0,677.0,417.0,454.0,81.0,102.0,1,1.9,3.3,-0.9,24.0,135.0,31.0,3.0,143.0
2a0c8ba4,733.0,836.0,12591.0,3583.0,366.0,394.0,279.0,305.0,75.0,102.0,1,0.5,0.6,0.5,7.0,100.0,4.0,0.0,89.0
0107757e,29.0,35.0,459.0,223.0,11.0,11.0,18.0,19.0,0.0,5.0,0,0.0,0.0,0.0,0.0,0.0,0.0,0.0,0.0
5b28b2f6,115.0,159.0,1842.0,548.0,61.0,72.0,38.0,58.0,11.0,21.0,0,0.2,0.1,-0.2,4.0,8.0,2.0,0.0,10.0
d87e2cae,126.0,156.0,1686.0,335.0,77.0,87.0,34.0,43.0,7.0,10.0,0,0.1,0.2,-0.1,3.0,3.0,3.0,0.0,10.0
6265208f,282.0,470.0,4081.0,955.0,168.0,244.0,74.0,134.0,20.0,36.0,2,1.8,1.4,0.2,13.0,27.0,6.0,0.0,45.0
84399660,164.0,194.0,2172.0,385.0,104.0,114.0,43.0,49.0,6.0,11.0,0,1.0,0.8,-1.0,5.0,6.0,2.0,0.0,12.0
1633fc8a,460.0,546.0,9072.0,3497.0,141.0,156.0,251.0,273.0,63.0,100.0,0,0.1,0.3,-0.1,1.0,22.0,0.0,0.0,27.0
360d70f8,12.0,18.0,154.0,31.0,6.0,7.0,3.0,5.0,1.0,2.0,0,0.0,0.0,0.0,0.0,0.0,0.0,0.0,0.0
7111d552,600.0,773.0,7648.0,1474.0,404.0,457.0,136.0,170.0,22.0,44.0,4,5.3,4.5,-1.3,42.0,19.0,34.0,2.0,54.0
7d08063d,52.0,76.0,784.0,190.0,26.0,33.0,18.0,26.0,4.0,9.0,0,0.5,0.1,-0.5,1.0,4.0,0.0,0.0,2.0
55634fb8,140.0,173.0,2797.0,1079.0,47.0,51.0,68.0,76.0,21.0,38.0,0,0.0,0.0,0.0,0.0,11.0,1.0,0.0,10.0
8455ad90,435.0,620.0,7482.0,2338.0,214.0,255.0,151.0,188.0,51.0,122.0,4,3.1,2.9,0.9,34.0,41.0,21.0,7.0,58.0
211589b8,11.0,18.0,164.0,66.0,5.0,7.0,2.0,4.0,2.0,3.0,0,0.3,0.1,-0.3,1.0,2.0,1.0,0.0,4.0
5eebbfdf,15.0,25.0,156.0,47.0,11.0,14.0,3.0,6.0,0.0,3.0,0,0.0,0.0,0.0,0.0,1.0,0.0,0.0,0.0
05e19d6a,191.0,219.0,2776.0,536.0,115.0,125.0,60.0,67.0,10.0,12.0,1,0.5,0.6,0.5,5.0,11.0,2.0,0.0,17.0
e897d8ba,107.0,145.0,1342.0,174.0,72.0,84.0,25.0,37.0,2.0,5.0,0,0.6,0.6,-0.6,7.0,7.0,6.0,0.0,12.0
4c3a6744,169.0,244.0,2632.0,578.0,102.0,127.0,45.0,62.0,16.0,34.0,0,1.7,1.0,-1.7,16.0,12.0,10.0,4.0,15.0
55126f3b,856.0,1003.0,12987.0,4287.0,468.0,504.0,275.0,318.0,64.0,102.0,2,1.1,0.9,0.9,18.0,84.0,12.0,2.0,101.0
fc076f78,7.0,12.0,93.0,21.0,4.0,5.0,3.0,5.0,0.0,0.0,0,0.0,0.0,0.0,0.0,0.0,0.0,0.0,0.0
cce181df,529.0,593.0,8348.0,2533.0,285.0,307.0,178.0,195.0,42.0,56.0,2,0.9,0.3,1.1,5.0,41.0,3.0,0.0,40.0
4d1666ff,915.0,1034.0,15823.0,5238.0,422.0,461.0,398.0,428.0,79.0,107.0,2,1.3,1.3,0.7,6.0,109.0,8.0,2.0,87.0
6ce1f46f,1326.0,1459.0,25038.0,8972.0,554.0,570.0,561.0,590.0,180.0,248.0,2,2.5,3.0,-0.5,31.0,216.0,16.0,6.0,180.0
16aa3654,392.0,535.0,5108.0,1377.0,240.0,281.0,111.0,149.0,14.0,33.0,3,3.6,3.1,-0.6,19.0,20.0,17.0,3.0,48.0
60abea75,291.0,363.0,5490.0,1984.0,122.0,135.0,124.0,147.0,39.0,61.0,0,0.9,0.6,-0.9,4.0,35.0,3.0,1.0,32.0
e9241b40,198.0,238.0,2884.0,535.0,115.0,129.0,64.0,70.0,10.0,19.0,2,1.2,0.6,0.8,10.0,20.0,5.0,1.0,26.0
abe66106,422.0,551.0,5915.0,1075.0,245.0,293.0,130.0,162.0,22.0,32.0,0,1.1,1.0,-1.1,19.0,24.0,18.0,1.0,53.0
e7af9060,28.0,41.0,374.0,55.0,13.0,19.0,8.0,10.0,2.0,2.0,0,0.3,0.0,-0.3,2.0,2.0,0.0,0.0,4.0
2bea832e,22.0,42.0,357.0,130.0,9.0,15.0,10.0,16.0,1.0,2.0,0,0.0,0.1,0.0,0.0,3.0,1.0,0.0,6.0
8e088e04,283.0,346.0,4464.0,1411.0,146.0,157.0,111.0,132.0,18.0,40.0,0,0.8,0.8,-0.8,11.0,26.0,9.0,2.0,29.0
86ff856b,75.0,97.0,1072.0,386.0,45.0,51.0,17.0,26.0,7.0,11.0,0,0.2,0.2,-0.2,5.0,14.0,2.0,1.0,10.0
9a64e67e,874.0,980.0,16985.0,5407.0,281.0,313.0,488.0,522.0,93.0,126.0,0,0.1,0.2,-0.1,3.0,51.0,1.0,0.0,65.0
2fa2a875,179.0,275.0,6302.0,5234.0,21.0,21.0,66.0,67.0,92.0,184.0,0,0.1,0.0,-0.1,1.0,5.0,0.0,0.0,0.0
6c4776b1,393.0,764.0,14857.0,12472.0,41.0,42.0,149.0,152.0,203.0,567.0,0,0.0,0.1,0.0,1.0,25.0,1.0,0.0,0.0
6eaed4eb,774.0,976.0,18227.0,6912.0,172.0,199.0,449.0,491.0,150.0,263.0,0,0.2,0.3,-0.2,5.0,84.0,4.0,0.0,54.0
59b7d823,579.0,746.0,9594.0,3275.0,285.0,328.0,243.0,307.0,39.0,75.0,1,0.4,0.5,0.6,10.0,53.0,7.0,5.0,59.0
4dbd0916,380.0,455.0,5695.0,1606.0,219.0,234.0,113.0,134.0,31.0,51.0,2,1.5,1.0,0.5,18.0,39.0,13.0,5.0,39.0
0a0cc13c,100.0,149.0,1518.0,257.0,53.0,66.0,32.0,48.0,6.0,13.0,1,0.7,0.5,0.3,9.0,4.0,5.0,1.0,16.0
8d78e732,338.0,443.0,4724.0,936.0,208.0,245.0,91.0,120.0,18.0,25.0,5,3.5,2.9,1.5,20.0,29.0,21.0,2.0,59.0
ff800ed8,208.0,288.0,3322.0,1156.0,114.0,133.0,70.0,95.0,14.0,35.0,0,0.7,0.6,-0.7,6.0,10.0,3.0,2.0,19.0
38b0cf42,4.0,4.0,37.0,12.0,4.0,4.0,0.0,0.0,0.0,0.0,0,0.0,0.0,0.0,0.0,0.0,0.0,0.0,0.0
02c15616,443.0,558.0,6453.0,1704.0,247.0,273.0,143.0,184.0,25.0,44.0,0,2.4,2.2,-2.4,18.0,26.0,19.0,3.0,56.0
d7553721,222.0,267.0,3483.0,930.0,118.0,132.0,80.0,95.0,17.0,22.0,0,0.2,0.4,-0.2,4.0,18.0,9.0,0.0,40.0
f03f284b,566.0,627.0,10551.0,3543.0,204.0,220.0,311.0,323.0,43.0,68.0,1,0.3,0.1,0.7,5.0,38.0,1.0,0.0,34.0
73683fa9,22.0,29.0,462.0,309.0,7.0,8.0,11.0,11.0,4.0,10.0,0,0.0,0.0,0.0,0.0,0.0,0.0,0.0,0.0
88050721,532.0,660.0,10063.0,2750.0,225.0,251.0,204.0,236.0,88.0,133.0,2,0.8,1.1,1.2,14.0,73.0,7.0,2.0,67.0
38699c72,156.0,234.0,1966.0,444.0,92.0,119.0,46.0,69.0,4.0,10.0,0,0.5,0.8,-0.5,7.0,15.0,5.0,1.0,25.0
ea610f00,5.0,8.0,91.0,46.0,2.0,3.0,2.0,3.0,1.0,2.0,0,0.0,0.0,0.0,0.0,0.0,0.0,0.0,0.0
b05e2dbd,821.0,1090.0,14140.0,5159.0,419.0,445.0,292.0,385.0,91.0,199.0,2,3.7,3.8,-1.7,38.0,64.0,24.0,18.0,75.0
4a478107,123.0,183.0,1667.0,341.0,82.0,104.0,30.0,47.0,6.0,8.0,0,1.0,0.7,-1.0,6.0,4.0,6.0,2.0,10.0
3061e1ec,175.0,192.0,4036.0,2664.0,40.0,40.0,100.0,102.0,35.0,49.0,0,0.0,0.0,0.0,0.0,0.0,0.0,0.0,0.0
922da988,34.0,54.0,422.0,149.0,22.0,28.0,6.0,10.0,2.0,9.0,0,0.0,0.0,0.0,1.0,4.0,0.0,0.0,4.0
ed6ea4d9,74.0,109.0,1455.0,384.0,32.0,40.0,26.0,30.0,14.0,29.0,1,1.9,1.5,-0.9,7.0,3.0,8.0,8.0,6.0
5db04597,539.0,770.0,9296.0,3878.0,264.0,290.0,216.0,306.0,54.0,135.0,3,1.9,1.3,1.1,18.0,35.0,19.0,14.0,36.0
01a49bd2,51.0,70.0,1012.0,476.0,18.0,21.0,26.0,27.0,6.0,19.0,0,0.0,0.0,0.0,0.0,4.0,0.0,0.0,5.0
d4808594,8.0,16.0,150.0,56.0,4.0,10.0,3.0,4.0,1.0,1.0,0,0.4,0.5,-0.4,2.0,0.0,0.0,0.0,0.0
00b28772,181.0,228.0,2845.0,525.0,86.0,107.0,74.0,88.0,11.0,21.0,0,0.2,0.3,-0.2,4.0,10.0,2.0,2.0,15.0
cb574619,620.0,801.0,9732.0,4103.0,313.0,344.0,249.0,317.0,37.0,77.0,0,0.9,1.0,-0.9,7.0,40.0,17.0,9.0,43.0
bbc19252,13.0,20.0,156.0,92.0,7.0,9.0,5.0,8.0,0.0,0.0,0,0.0,0.0,0.0,0.0,3.0,0.0,0.0,5.0
d4b73232,498.0,697.0,13108.0,9397.0,114.0,114.0,244.0,247.0,137.0,329.0,0,0.0,0.0,0.0,0.0,6.0,0.0,0.0,1.0
c20bdcd7,918.0,1067.0,13160.0,5166.0,545.0,583.0,300.0,343.0,38.0,83.0,0,0.5,0.8,-0.5,9.0,51.0,7.0,3.0,71.0
fbd6378b,279.0,309.0,5188.0,1785.0,98.0,105.0,145.0,155.0,28.0,34.0,0,0.0,0.1,0.0,1.0,14.0,1.0,0.0,17.0
ae86d473,40.0,59.0,593.0,157.0,20.0,30.0,17.0,22.0,1.0,3.0,0,0.4,0.2,-0.4,3.0,4.0,1.0,0.0,6.0
133faa84,184.0,211.0,3043.0,1232.0,90.0,97.0,85.0,91.0,8.0,19.0,0,0.0,0.0,0.0,0.0,16.0,0.0,0.0,13.0
853b7c48,449.0,635.0,12898.0,9202.0,81.0,81.0,206.0,212.0,161.0,337.0,0,0.0,0.0,0.0,0.0,6.0,0.0,0.0,1.0
9f323c71,940.0,1208.0,15627.0,5920.0,484.0,548.0,371.0,463.0,71.0,134.0,4,2.6,2.7,1.4,26.0,107.0,31.0,15.0,127.0
6f4c734d,125.0,152.0,2686.0,915.0,40.0,48.0,51.0,56.0,29.0,39.0,0,0.3,0.1,-0.3,5.0,26.0,1.0,0.0,18.0
f0da930c,536.0,625.0,10632.0,3825.0,177.0,197.0,284.0,312.0,66.0,100.0,0,0.1,0.1,-0.1,3.0,31.0,0.0,0.0,32.0
5c4dc0ff,12.0,15.0,178.0,41.0,10.0,12.0,1.0,2.0,1.0,1.0,0,0.4,0.6,-0.4,1.0,1.0,0.0,0.0,1.0
a83c19cf,123.0,161.0,1750.0,362.0,76.0,89.0,34.0,45.0,9.0,12.0,0,0.8,0.4,-0.8,6.0,8.0,2.0,0.0,15.0
0ae4e09a,118.0,160.0,1447.0,357.0,72.0,82.0,22.0,32.0,7.0,13.0,1,0.7,0.4,0.3,10.0,7.0,3.0,2.0,7.0
0ae4e09a,48.0,62.0,451.0,48.0,36.0,45.0,6.0,8.0,0.0,0.0,0,0.3,0.0,-0.3,1.0,1.0,0.0,0.0,1.0
e1e75690,12.0,24.0,175.0,71.0,7.0,9.0,4.0,9.0,0.0,1.0,0,0.1,0.0,-0.1,2.0,2.0,0.0,0.0,3.0
2ae30661,24.0,55.0,405.0,115.0,12.0,21.0,7.0,13.0,3.0,11.0,0,0.5,0.2,-0.5,1.0,1.0,3.0,2.0,3.0
ae48c5cb,197.0,241.0,2635.0,506.0,112.0,125.0,67.0,77.0,6.0,12.0,1,1.0,0.7,0.0,6.0,8.0,3.0,1.0,14.0
c3e66ffe,701.0,872.0,10338.0,3781.0,428.0,471.0,211.0,259.0,44.0,89.0,2,2.1,1.5,-0.1,23.0,38.0,16.0,11.0,61.0
3fc45c73,431.0,507.0,8927.0,3323.0,142.0,159.0,213.0,236.0,68.0,97.0,0,0.2,0.1,-0.2,4.0,38.0,2.0,0.0,40.0
937c6ae6,5.0,5.0,104.0,26.0,2.0,2.0,2.0,2.0,1.0,1.0,0,0.0,0.0,0.0,0.0,1.0,0.0,0.0,1.0
11fd2b75,704.0,836.0,12763.0,3627.0,308.0,343.0,300.0,336.0,78.0,123.0,0,0.6,0.6,-0.6,11.0,72.0,1.0,1.0,80.0
8fae77ea,448.0,622.0,12604.0,9031.0,59.0,59.0,241.0,243.0,144.0,314.0,0,0.0,0.0,0.0,0.0,7.0,0.0,0.0,0.0
02319ad7,11.0,15.0,168.0,14.0,6.0,7.0,4.0,6.0,1.0,1.0,0,0.0,0.0,0.0,0.0,1.0,0.0,0.0,1.0
64e8ed6d,409.0,550.0,5738.0,1000.0,249.0,298.0,98.0,135.0,30.0,41.0,0,1.4,1.7,-1.4,11.0,24.0,11.0,2.0,33.0
8aae94b9,141.0,194.0,2896.0,1116.0,52.0,65.0,69.0,85.0,20.0,35.0,0,0.1,0.1,-0.1,1.0,10.0,2.0,0.0,10.0
3902e91b,386.0,444.0,6294.0,1555.0,183.0,204.0,155.0,173.0,32.0,40.0,3,1.4,0.8,1.6,14.0,43.0,9.0,0.0,61.0
8f696594,53.0,66.0,735.0,209.0,34.0,38.0,14.0,16.0,3.0,7.0,0,0.1,0.2,-0.1,3.0,3.0,2.0,0.0,7.0
8f696594,32.0,39.0,411.0,140.0,23.0,28.0,8.0,9.0,0.0,0.0,0,0.3,0.3,-0.3,2.0,3.0,2.0,0.0,7.0
1545cf15,203.0,287.0,3047.0,1284.0,117.0,130.0,66.0,100.0,14.0,41.0,1,0.3,0.2,0.7,4.0,11.0,4.0,2.0,14.0
c9e39d91,721.0,916.0,11564.0,2868.0,399.0,451.0,211.0,266.0,78.0,131.0,3,2.2,2.6,0.8,31.0,67.0,21.0,3.0,91.0
b151a3f2,1.0,2.0,13.0,2.0,1.0,2.0,0.0,0.0,0.0,0.0,0,0.0,0.0,0.0,0.0,0.0,0.0,0.0,0.0
3cefcaef,648.0,708.0,8911.0,2253.0,416.0,438.0,177.0,199.0,30.0,33.0,1,0.6,0.6,0.4,13.0,45.0,8.0,0.0,48.0
d080ed5e,640.0,843.0,10109.0,3459.0,325.0,386.0,247.0,307.0,42.0,89.0,7,3.0,2.3,4.0,24.0,96.0,20.0,3.0,94.0
7c4243d4,539.0,656.0,10560.0,3139.0,209.0,245.0,227.0,254.0,86.0,124.0,1,0.9,0.7,0.1,16.0,70.0,12.0,3.0,84.0
2784f898,859.0,984.0,16264.0,5243.0,343.0,366.0,396.0,429.0,99.0,154.0,0,0.3,0.4,-0.3,3.0,62.0,2.0,0.0,45.0
19c36442,563.0,719.0,10250.0,3445.0,270.0,301.0,198.0,244.0,77.0,134.0,0,0.9,1.1,-0.9,21.0,74.0,3.0,2.0,72.0
335039a2,292.0,413.0,4488.0,1405.0,157.0,202.0,91.0,115.0,27.0,49.0,1,1.1,0.9,-0.1,12.0,38.0,10.0,2.0,52.0
1fda2b14,4.0,9.0,53.0,7.0,1.0,2.0,2.0,4.0,0.0,0.0,0,0.0,0.0,0.0,0.0,0.0,0.0,0.0,1.0
056269d7,636.0,797.0,10880.0,4537.0,321.0,352.0,255.0,301.0,53.0,113.0,0,1.1,1.0,-1.1,10.0,62.0,11.0,4.0,59.0
bbf5c11b,109.0,153.0,1461.0,203.0,68.0,80.0,31.0,48.0,3.0,6.0,0,0.8,0.8,-0.8,6.0,5.0,0.0,0.0,7.0
ead61f73,139.0,205.0,2150.0,1022.0,76.0,92.0,41.0,59.0,14.0,37.0,0,0.9,0.5,-0.9,7.0,13.0,7.0,1.0,20.0
e6777e6b,291.0,354.0,6279.0,2776.0,78.0,91.0,163.0,183.0,46.0,70.0,0,0.0,0.0,0.0,0.0,6.0,0.0,0.0,11.0
6025fab1,920.0,1063.0,14348.0,4453.0,501.0,537.0,296.0,338.0,85.0,124.0,3,3.6,2.8,-0.6,30.0,113.0,16.0,2.0,126.0
608f2092,285.0,351.0,4836.0,1191.0,133.0,144.0,121.0,136.0,25.0,41.0,0,0.9,0.9,-0.9,9.0,17.0,3.0,3.0,19.0
608f2092,127.0,178.0,1917.0,658.0,64.0,73.0,54.0,69.0,5.0,21.0,0,0.3,0.2,-0.3,3.0,5.0,4.0,1.0,9.0
23610943,831.0,1137.0,12856.0,5018.0,467.0,522.0,280.0,406.0,60.0,133.0,1,1.9,2.3,-0.9,21.0,46.0,30.0,13.0,69.0
9939e168,639.0,785.0,12573.0,4372.0,259.0,288.0,275.0,312.0,95.0,155.0,0,0.7,0.8,-0.7,11.0,96.0,11.0,4.0,90.0
8ac501f5,512.0,652.0,10025.0,2783.0,221.0,247.0,193.0,234.0,86.0,144.0,1,1.5,1.3,-0.5,17.0,58.0,4.0,2.0,59.0
28e957d7,109.0,152.0,2442.0,781.0,23.0,26.0,67.0,80.0,19.0,44.0,0,0.0,0.0,0.0,0.0,4.0,0.0,0.0,6.0
374d5158,409.0,533.0,6061.0,2181.0,220.0,251.0,156.0,200.0,20.0,47.0,1,1.0,1.3,0.0,11.0,38.0,7.0,3.0,32.0
5cec2487,84.0,112.0,1223.0,459.0,46.0,49.0,27.0,33.0,5.0,19.0,0,0.3,0.3,-0.3,2.0,5.0,2.0,1.0,7.0
129af0db,186.0,297.0,2507.0,417.0,117.0,163.0,46.0,81.0,13.0,22.0,1,0.8,0.5,0.2,12.0,5.0,4.0,1.0,15.0
b7d7f3bf,32.0,44.0,525.0,156.0,18.0,20.0,10.0,13.0,3.0,7.0,1,0.3,0.2,0.7,4.0,0.0,3.0,1.0,2.0
11b9265b,339.0,423.0,5698.0,1561.0,153.0,171.0,159.0,181.0,18.0,40.0,0,0.8,0.5,-0.8,8.0,9.0,12.0,4.0,20.0
16e9d0ea,525.0,695.0,7787.0,3493.0,298.0,332.0,180.0,247.0,31.0,69.0,3,1.5,1.4,1.5,9.0,38.0,13.0,4.0,44.0
a21417e2,181.0,277.0,3109.0,1018.0,73.0,90.0,86.0,120.0,18.0,51.0,0,0.1,0.2,-0.1,2.0,13.0,2.0,1.0,11.0
81f0781e,230.0,326.0,3702.0,956.0,110.0,146.0,93.0,123.0,20.0,24.0,2,2.0,1.1,0.0,15.0,22.0,15.0,1.0,45.0
004d185e,249.0,332.0,3681.0,1117.0,158.0,181.0,59.0,83.0,22.0,36.0,0,0.2,0.5,-0.2,4.0,19.0,6.0,3.0,25.0
f4c69aa6,255.0,316.0,3986.0,1198.0,145.0,166.0,86.0,106.0,20.0,27.0,1,0.6,0.6,0.4,7.0,30.0,6.0,1.0,44.0
a0255c67,36.0,46.0,596.0,151.0,19.0,21.0,13.0,15.0,4.0,7.0,0,0.0,0.0,0.0,0.0,6.0,0.0,0.0,6.0
a0255c67,18.0,21.0,328.0,72.0,9.0,10.0,5.0,7.0,4.0,4.0,0,0.0,0.0,0.0,0.0,1.0,1.0,0.0,1.0
3aa4a3be,3.0,4.0,29.0,0.0,3.0,3.0,0.0,1.0,0.0,0.0,0,0.0,0.0,0.0,0.0,0.0,0.0,0.0,0.0
dc1ce4f5,53.0,65.0,828.0,314.0,29.0,33.0,20.0,23.0,4.0,9.0,0,0.0,0.0,0.0,0.0,0.0,0.0,0.0,1.0
5487adcd,90.0,111.0,1852.0,450.0,25.0,30.0,54.0,58.0,11.0,23.0,0,0.0,0.0,0.0,1.0,5.0,0.0,0.0,4.0
c05dfb74,668.0,825.0,10551.0,3202.0,364.0,410.0,224.0,267.0,57.0,102.0,3,3.1,2.9,-0.1,34.0,66.0,18.0,3.0,115.0
228b0d9d,366.0,456.0,6068.0,2049.0,169.0,192.0,173.0,203.0,22.0,45.0,0,0.3,0.5,-0.3,6.0,12.0,9.0,6.0,15.0
49a6ecbb,4.0,6.0,57.0,22.0,2.0,2.0,2.0,4.0,0.0,0.0,1,0.3,0.1,0.7,1.0,0.0,1.0,0.0,1.0
175ece4c,8.0,8.0,132.0,38.0,4.0,4.0,2.0,2.0,1.0,1.0,0,0.0,0.0,0.0,0.0,1.0,0.0,0.0,2.0
44e8521b,2.0,2.0,23.0,15.0,2.0,2.0,0.0,0.0,0.0,0.0,0,0.0,0.0,0.0,0.0,1.0,0.0,0.0,1.0
0cadc46d,296.0,513.0,4075.0,818.0,184.0,257.0,84.0,169.0,13.0,33.0,2,1.5,1.1,0.5,15.0,25.0,2.0,0.0,37.0
b51b1b9c,485.0,602.0,8275.0,1828.0,230.0,272.0,201.0,233.0,39.0,53.0,2,1.4,1.5,0.6,12.0,47.0,7.0,2.0,71.0
2946f9a1,491.0,532.0,7590.0,2556.0,264.0,280.0,194.0,206.0,22.0,30.0,0,0.2,0.6,-0.2,4.0,33.0,3.0,0.0,29.0
485e4939,25.0,36.0,270.0,31.0,18.0,22.0,5.0,7.0,0.0,1.0,0,0.0,0.0,0.0,0.0,0.0,0.0,0.0,0.0
f35430a4,198.0,243.0,4204.0,1881.0,64.0,75.0,102.0,108.0,32.0,57.0,0,0.0,0.1,0.0,0.0,23.0,3.0,0.0,22.0
c997b942,98.0,134.0,1307.0,379.0,60.0,73.0,22.0,33.0,7.0,12.0,0,1.2,1.1,-1.2,11.0,8.0,3.0,0.0,13.0
3f10bd22,687.0,891.0,12004.0,3244.0,335.0,370.0,273.0,346.0,66.0,115.0,0,2.0,2.2,-2.0,20.0,39.0,30.0,10.0,68.0
63b0ca6b,77.0,129.0,1225.0,218.0,41.0,60.0,20.0,32.0,9.0,21.0,2,2.0,1.4,0.0,7.0,6.0,1.0,0.0,11.0
5853ac44,544.0,621.0,9720.0,3232.0,202.0,221.0,307.0,326.0,31.0,60.0,0,0.0,0.1,0.0,1.0,49.0,0.0,0.0,51.0
c14bc029,234.0,310.0,3377.0,758.0,141.0,165.0,80.0,104.0,9.0,20.0,1,0.1,0.3,0.9,1.0,13.0,3.0,0.0,22.0
81d5c497,5.0,5.0,64.0,0.0,3.0,3.0,2.0,2.0,0.0,0.0,0,0.0,0.0,0.0,0.0,0.0,0.0,0.0,0.0
c487901c,3.0,3.0,28.0,0.0,3.0,3.0,0.0,0.0,0.0,0.0,0,0.0,0.0,0.0,0.0,0.0,0.0,0.0,0.0
a6103274,18.0,29.0,181.0,30.0,16.0,24.0,1.0,2.0,0.0,0.0,0,0.0,0.1,0.0,1.0,1.0,0.0,0.0,1.0
a6103274,49.0,65.0,752.0,155.0,23.0,31.0,20.0,21.0,3.0,6.0,0,0.0,0.1,0.0,1.0,7.0,1.0,0.0,6.0
be170419,1011.0,1163.0,20650.0,7358.0,299.0,328.0,588.0,638.0,119.0,184.0,0,0.1,0.2,-0.1,3.0,72.0,0.0,0.0,80.0
ee8508c0,393.0,612.0,11466.0,8587.0,73.0,73.0,177.0,180.0,140.0,353.0,0,0.0,0.0,0.0,0.0,3.0,0.0,0.0,0.0
2e3995cd,274.0,369.0,3842.0,1055.0,176.0,206.0,61.0,86.0,22.0,41.0,1,1.7,1.7,-0.7,16.0,13.0,16.0,6.0,23.0
a08b974a,136.0,169.0,1923.0,338.0,80.0,93.0,47.0,58.0,4.0,6.0,0,0.6,0.4,-0.6,5.0,5.0,4.0,1.0,13.0
1d1691ad,16.0,17.0,206.0,55.0,12.0,13.0,4.0,4.0,0.0,0.0,0,0.1,0.1,-0.1,1.0,0.0,1.0,1.0,1.0
3d99999d,39.0,48.0,645.0,118.0,19.0,25.0,18.0,19.0,2.0,3.0,0,0.0,0.0,0.0,0.0,6.0,1.0,0.0,2.0
4cee5954,472.0,620.0,8017.0,3261.0,211.0,242.0,207.0,245.0,41.0,90.0,0,0.7,0.8,-0.7,12.0,23.0,12.0,6.0,44.0
a3e4bf46,562.0,906.0,10644.0,5289.0,243.0,299.0,220.0,344.0,84.0,214.0,5,3.6,3.3,1.4,26.0,58.0,23.0,18.0,61.0
5132b92c,177.0,246.0,2629.0,901.0,101.0,113.0,61.0,86.0,9.0,25.0,0,0.5,0.4,-0.5,4.0,3.0,3.0,1.0,11.0
7c363088,313.0,402.0,4435.0,1021.0,197.0,224.0,86.0,112.0,16.0,26.0,1,0.7,0.8,0.3,13.0,22.0,13.0,0.0,41.0
f9358b61,1.0,1.0,12.0,0.0,1.0,1.0,0.0,0.0,0.0,0.0,0,0.0,0.0,0.0,0.0,0.0,0.0,0.0,0.0
8c3c640c,120.0,150.0,1645.0,345.0,73.0,78.0,37.0,43.0,4.0,11.0,1,1.6,1.0,-0.6,6.0,8.0,5.0,1.0,16.0
9a93efc9,310.0,367.0,5880.0,2138.0,121.0,135.0,159.0,175.0,29.0,44.0,0,0.1,0.2,-0.1,1.0,27.0,1.0,0.0,29.0
97852360,20.0,31.0,617.0,423.0,2.0,2.0,10.0,11.0,8.0,17.0,0,0.0,0.0,0.0,0.0,1.0,0.0,0.0,0.0
97852360,52.0,84.0,1844.0,1431.0,6.0,6.0,18.0,18.0,28.0,60.0,0,0.0,0.0,0.0,0.0,2.0,0.0,0.0,0.0
44150beb,454.0,500.0,8831.0,2590.0,140.0,147.0,259.0,270.0,50.0,70.0,0,0.0,0.1,0.0,0.0,29.0,0.0,0.0,25.0
962e54cb,50.0,87.0,754.0,174.0,29.0,42.0,16.0,25.0,3.0,8.0,0,0.4,0.2,-0.4,3.0,5.0,1.0,1.0,4.0
ac8b2421,429.0,571.0,7032.0,3340.0,221.0,246.0,160.0,203.0,37.0,89.0,0,0.8,0.9,-0.8,7.0,35.0,7.0,4.0,30.0
49dbab27,588.0,803.0,9947.0,2471.0,299.0,333.0,202.0,260.0,67.0,154.0,5,3.1,3.2,1.9,35.0,43.0,26.0,3.0,71.0
b906757a,109.0,128.0,2249.0,589.0,32.0,37.0,58.0,61.0,17.0,26.0,0,0.0,0.0,0.0,0.0,5.0,0.0,0.0,10.0
7460ca0d,1305.0,1541.0,24268.0,7925.0,556.0,595.0,549.0,615.0,168.0,267.0,3,2.9,3.6,0.1,32.0,179.0,25.0,3.0,156.0
e2dcc60e,3.0,3.0,29.0,17.0,3.0,3.0,0.0,0.0,0.0,0.0,0,0.0,0.0,0.0,0.0,0.0,0.0,0.0,0.0
647d39d2,4.0,10.0,101.0,55.0,1.0,2.0,2.0,5.0,1.0,2.0,0,0.0,0.0,0.0,0.0,1.0,0.0,0.0,1.0
881ef58c,6.0,8.0,81.0,49.0,3.0,3.0,0.0,1.0,1.0,1.0,0,0.0,0.0,0.0,0.0,1.0,0.0,0.0,1.0
b7ca5c51,450.0,526.0,8967.0,3637.0,154.0,172.0,229.0,254.0,62.0,89.0,0,0.2,0.3,-0.2,4.0,40.0,4.0,0.0,44.0
63f04c6c,309.0,407.0,4737.0,1212.0,165.0,183.0,123.0,155.0,12.0,31.0,1,0.7,0.4,0.3,7.0,12.0,9.0,2.0,18.0
0d9b2d31,1021.0,1170.0,18534.0,3960.0,479.0,523.0,384.0,433.0,140.0,169.0,0,3.4,3.8,-3.4,34.0,125.0,22.0,1.0,148.0
1f079188,204.0,291.0,3249.0,1529.0,110.0,122.0,74.0,106.0,16.0,41.0,1,0.7,1.1,0.3,8.0,20.0,8.0,6.0,31.0
5496cc91,10.0,12.0,114.0,30.0,6.0,7.0,3.0,3.0,0.0,1.0,0,0.0,0.0,0.0,0.0,0.0,0.0,0.0,2.0
819aa8e7,39.0,52.0,445.0,153.0,23.0,29.0,11.0,13.0,0.0,0.0,0,0.4,0.4,-0.4,3.0,6.0,3.0,0.0,7.0
a8f21b9f,300.0,356.0,4477.0,874.0,162.0,183.0,112.0,130.0,13.0,21.0,3,0.7,0.7,2.3,13.0,22.0,10.0,1.0,33.0
3d79a68c,28.0,35.0,393.0,52.0,12.0,15.0,14.0,16.0,0.0,1.0,0,0.0,0.0,0.0,0.0,1.0,0.0,0.0,2.0
237a3851,648.0,857.0,11903.0,3349.0,297.0,357.0,242.0,290.0,93.0,148.0,2,1.2,1.6,0.8,20.0,76.0,14.0,4.0,100.0
a300ac7e,169.0,236.0,2634.0,646.0,96.0,106.0,48.0,63.0,17.0,48.0,0,0.6,1.0,-0.6,4.0,13.0,7.0,3.0,14.0
b7c04927,337.0,440.0,5195.0,1832.0,190.0,208.0,111.0,150.0,24.0,43.0,1,0.5,0.5,0.5,6.0,24.0,9.0,9.0,31.0
8c725b43,748.0,848.0,14169.0,5373.0,266.0,279.0,410.0,437.0,66.0,116.0,0,0.1,0.3,-0.1,3.0,33.0,1.0,0.0,34.0
64ba07c0,25.0,35.0,473.0,192.0,9.0,10.0,13.0,15.0,3.0,5.0,0,0.0,0.0,0.0,0.0,1.0,1.0,1.0,4.0
540ec57b,328.0,443.0,4732.0,872.0,199.0,233.0,98.0,132.0,20.0,30.0,2,2.2,2.0,-0.2,16.0,9.0,10.0,2.0,32.0
adfc9123,353.0,385.0,7375.0,2268.0,102.0,112.0,193.0,199.0,56.0,66.0,0,0.0,0.1,0.0,1.0,47.0,0.0,0.0,35.0
7c388b20,368.0,496.0,5564.0,1475.0,194.0,251.0,126.0,154.0,24.0,38.0,1,1.4,1.3,-0.4,12.0,43.0,16.0,4.0,54.0
54bcdeb0,308.0,396.0,3836.0,722.0,203.0,234.0,76.0,94.0,8.0,18.0,2,1.4,1.4,0.6,14.0,12.0,7.0,2.0,24.0
ccbbe661,173.0,233.0,2067.0,332.0,114.0,141.0,29.0,38.0,8.0,13.0,0,0.4,0.3,-0.4,7.0,18.0,3.0,0.0,14.0
8e010ff4,193.0,245.0,2892.0,1028.0,102.0,118.0,69.0,82.0,12.0,21.0,0,0.1,0.8,-0.1,2.0,28.0,10.0,1.0,41.0
1bda5842,291.0,409.0,4574.0,1627.0,148.0,171.0,111.0,150.0,19.0,44.0,2,0.8,1.5,1.2,13.0,18.0,15.0,9.0,23.0
fc8b614b,29.0,39.0,402.0,109.0,19.0,23.0,5.0,10.0,3.0,3.0,0,0.1,0.2,-0.1,2.0,2.0,2.0,0.0,5.0
3c16d927,487.0,668.0,8192.0,3389.0,250.0,277.0,181.0,235.0,47.0,108.0,1,2.4,1.6,-1.4,13.0,25.0,11.0,8.0,40.0
d1b060e2,37.0,49.0,562.0,110.0,16.0,23.0,12.0,15.0,4.0,5.0,0,0.1,0.0,-0.1,2.0,2.0,1.0,0.0,5.0
2683eda7,239.0,306.0,3452.0,636.0,130.0,156.0,75.0,93.0,13.0,22.0,1,1.4,1.2,-0.4,12.0,8.0,11.0,1.0,30.0
39352da2,103.0,144.0,1522.0,509.0,64.0,74.0,33.0,48.0,6.0,15.0,0,0.2,0.1,-0.2,5.0,5.0,3.0,0.0,10.0
41fb0f4e,122.0,147.0,2173.0,674.0,54.0,60.0,56.0,62.0,10.0,15.0,0,0.4,0.5,-0.4,3.0,16.0,4.0,1.0,17.0
b857bd29,698.0,817.0,14675.0,5134.0,170.0,197.0,443.0,469.0,81.0,132.0,1,0.5,0.3,0.5,3.0,25.0,0.0,0.0,37.0
58ad9383,499.0,783.0,17662.0,14178.0,60.0,61.0,190.0,193.0,244.0,523.0,0,0.1,0.1,-0.1,1.0,25.0,0.0,0.0,2.0
89f951b5,598.0,729.0,10214.0,2702.0,314.0,351.0,211.0,239.0,58.0,98.0,2,1.2,1.5,0.8,15.0,67.0,14.0,3.0,83.0
cc9256ef,168.0,250.0,2735.0,733.0,91.0,122.0,57.0,76.0,15.0,26.0,0,0.7,1.1,-0.7,10.0,17.0,10.0,2.0,25.0
44e07fac,4.0,13.0,40.0,0.0,3.0,6.0,0.0,3.0,0.0,0.0,0,0.0,0.0,0.0,1.0,0.0,0.0,0.0,0.0
3423f250,518.0,705.0,8851.0,2084.0,273.0,317.0,159.0,199.0,66.0,129.0,4,4.4,5.3,-0.4,29.0,23.0,44.0,10.0,62.0
3353737a,48.0,61.0,715.0,243.0,28.0,29.0,17.0,21.0,2.0,4.0,0,0.0,0.1,0.0,1.0,5.0,0.0,0.0,6.0
e358587b,249.0,301.0,5812.0,3761.0,49.0,52.0,149.0,150.0,50.0,98.0,0,0.0,0.0,0.0,0.0,1.0,0.0,0.0,0.0
6b21b7b5,94.0,118.0,1188.0,321.0,65.0,73.0,27.0,33.0,0.0,2.0,0,0.2,0.3,-0.2,3.0,2.0,5.0,0.0,9.0
3376a776,443.0,471.0,7872.0,2589.0,176.0,181.0,237.0,245.0,25.0,37.0,1,0.0,0.1,1.0,3.0,33.0,2.0,1.0,37.0
374ee424,600.0,832.0,18178.0,13600.0,94.0,95.0,281.0,287.0,225.0,443.0,0,0.0,0.0,0.0,0.0,19.0,0.0,0.0,1.0
14d5b7ac,0.0,0.0,0.0,0.0,0.0,0.0,0.0,0.0,0.0,0.0,0,0.0,0.0,0.0,0.0,0.0,0.0,0.0,0.0
b3b9b8b8,1.0,1.0,7.0,5.0,1.0,1.0,0.0,0.0,0.0,0.0,0,0.0,0.0,0.0,0.0,0.0,0.0,0.0,0.0
ce8039aa,111.0,147.0,1703.0,330.0,60.0,72.0,39.0,48.0,7.0,17.0,2,0.3,0.2,1.7,5.0,11.0,2.0,0.0,13.0
d9ba39fc,583.0,776.0,9807.0,4367.0,295.0,337.0,240.0,310.0,39.0,99.0,0,1.1,1.4,-1.1,9.0,42.0,16.0,8.0,44.0
65154df0,310.0,442.0,4281.0,1426.0,191.0,234.0,88.0,126.0,14.0,43.0,2,2.2,2.1,-0.2,19.0,30.0,21.0,5.0,60.0
335fa267,512.0,557.0,7607.0,1649.0,307.0,320.0,162.0,177.0,34.0,41.0,1,0.6,0.9,0.4,4.0,53.0,6.0,3.0,59.0
a8981944,603.0,787.0,10897.0,3798.0,273.0,311.0,217.0,257.0,87.0,167.0,5,4.5,3.3,0.5,36.0,68.0,25.0,10.0,90.0
5f21b94c,23.0,31.0,347.0,60.0,16.0,21.0,5.0,7.0,2.0,3.0,0,0.0,0.0,0.0,1.0,0.0,0.0,0.0,1.0
37f827ec,476.0,584.0,9370.0,3960.0,151.0,180.0,256.0,283.0,60.0,95.0,0,0.0,0.3,0.0,1.0,32.0,4.0,0.0,32.0
85bed4ee,386.0,453.0,5458.0,1450.0,215.0,233.0,115.0,135.0,24.0,36.0,1,0.7,0.7,0.3,7.0,27.0,14.0,2.0,50.0
8cfc2f69,37.0,51.0,490.0,127.0,20.0,23.0,8.0,13.0,3.0,6.0,0,0.0,0.0,0.0,2.0,4.0,0.0,0.0,3.0
19709006,618.0,782.0,10179.0,2955.0,330.0,368.0,203.0,249.0,65.0,122.0,0,1.5,1.4,-1.5,16.0,83.0,8.0,1.0,85.0
70f8e0bd,351.0,440.0,5623.0,1405.0,191.0,217.0,110.0,135.0,34.0,55.0,3,1.3,1.0,1.7,18.0,28.0,13.0,0.0,52.0
34e393f2,779.0,896.0,12611.0,4006.0,376.0,412.0,305.0,337.0,64.0,95.0,0,0.2,0.5,-0.2,6.0,70.0,3.0,0.0,65.0
8f5e92a6,497.0,566.0,5845.0,1142.0,347.0,380.0,92.0,102.0,18.0,22.0,5,5.2,3.8,-0.2,29.0,33.0,11.0,2.0,37.0
2fbe6af0,1.0,3.0,12.0,2.0,1.0,2.0,0.0,1.0,0.0,0.0,0,0.0,0.0,0.0,0.0,0.0,0.0,0.0,0.0
4b511457,815.0,941.0,13992.0,3864.0,369.0,401.0,331.0,365.0,81.0,119.0,0,0.6,0.9,-0.6,12.0,71.0,9.0,2.0,82.0
35d4f151,127.0,182.0,2028.0,647.0,70.0,81.0,44.0,65.0,9.0,25.0,1,0.9,0.6,0.1,4.0,8.0,1.0,0.0,8.0
18b896d6,848.0,926.0,15826.0,5158.0,305.0,319.0,462.0,485.0,74.0,101.0,0,0.1,0.5,-0.1,2.0,48.0,4.0,0.0,35.0
a55d8df5,384.0,488.0,6159.0,2186.0,209.0,233.0,124.0,162.0,35.0,59.0,0,1.5,0.8,-1.5,10.0,31.0,7.0,3.0,36.0
b3dc6eca,182.0,218.0,3220.0,1479.0,78.0,88.0,89.0,96.0,12.0,29.0,0,0.2,0.2,-0.2,2.0,6.0,0.0,0.0,9.0
625c144a,464.0,543.0,11876.0,7752.0,82.0,83.0,270.0,271.0,109.0,184.0,0,0.0,0.0,0.0,0.0,6.0,0.0,0.0,0.0
b75ac54b,46.0,60.0,957.0,445.0,17.0,23.0,22.0,24.0,7.0,13.0,0,0.0,0.0,0.0,0.0,4.0,0.0,0.0,1.0
fbbb9269,527.0,639.0,7576.0,3041.0,294.0,323.0,185.0,227.0,22.0,45.0,0,0.5,0.2,-0.5,8.0,35.0,7.0,1.0,54.0
686cbe7d,22.0,36.0,254.0,34.0,11.0,15.0,8.0,11.0,0.0,0.0,0,0.2,0.1,-0.2,3.0,0.0,1.0,0.0,2.0
686cbe7d,13.0,13.0,162.0,35.0,9.0,9.0,1.0,1.0,1.0,1.0,0,0.0,0.0,0.0,0.0,0.0,0.0,0.0,1.0
13e0eb29,122.0,162.0,1903.0,476.0,71.0,82.0,36.0,46.0,10.0,15.0,0,0.2,0.3,-0.2,3.0,13.0,7.0,2.0,17.0
405f267a,58.0,108.0,873.0,263.0,40.0,48.0,12.0,27.0,5.0,14.0,0,0.5,0.5,-0.5,3.0,3.0,5.0,2.0,8.0
2a295d33,583.0,760.0,7926.0,1773.0,353.0,403.0,171.0,222.0,24.0,50.0,0,1.1,2.0,-1.1,17.0,30.0,20.0,5.0,64.0
efecd633,312.0,393.0,5239.0,1443.0,157.0,180.0,120.0,141.0,26.0,45.0,0,0.0,0.1,0.0,1.0,27.0,1.0,0.0,21.0
bdb624a3,495.0,597.0,7231.0,1811.0,288.0,320.0,161.0,191.0,27.0,38.0,0,1.8,1.3,-1.8,22.0,52.0,14.0,0.0,90.0
a254bbe0,204.0,269.0,3646.0,799.0,95.0,116.0,77.0,94.0,25.0,35.0,0,0.5,0.5,-0.5,3.0,17.0,4.0,2.0,25.0
70107d4d,291.0,360.0,4807.0,1391.0,136.0,156.0,119.0,131.0,24.0,41.0,0,1.3,1.2,-1.3,11.0,27.0,10.0,5.0,46.0
60359288,685.0,830.0,13747.0,4871.0,229.0,258.0,352.0,382.0,93.0,159.0,0,0.0,0.4,0.0,1.0,40.0,2.0,0.0,51.0
ffacd3d5,419.0,522.0,6055.0,1961.0,253.0,283.0,128.0,163.0,25.0,48.0,1,0.9,1.7,0.1,11.0,34.0,15.0,10.0,51.0
79f2a5f5,0.0,0.0,0.0,0.0,0.0,0.0,0.0,0.0,0.0,0.0,0,0.0,0.0,0.0,0.0,0.0,0.0,0.0,0.0
f6ac68c1,720.0,817.0,13480.0,5380.0,279.0,296.0,353.0,394.0,78.0,102.0,0,0.0,0.1,0.0,1.0,49.0,1.0,0.0,62.0
a45eac1f,21.0,37.0,286.0,55.0,13.0,21.0,3.0,8.0,2.0,3.0,0,0.2,0.2,-0.2,2.0,2.0,1.0,0.0,2.0
a62b4888,79.0,99.0,1352.0,421.0,34.0,41.0,28.0,33.0,9.0,15.0,0,0.3,0.3,-0.3,6.0,7.0,1.0,0.0,6.0
e2716bd0,547.0,655.0,8658.0,1792.0,276.0,313.0,196.0,230.0,47.0,63.0,2,1.9,1.4,0.1,14.0,59.0,20.0,2.0,97.0
ea83bfa6,424.0,631.0,13032.0,9903.0,73.0,74.0,174.0,179.0,175.0,374.0,0,0.0,0.2,0.0,0.0,12.0,1.0,0.0,0.0
5dcf3e90,471.0,644.0,13100.0,9650.0,70.0,71.0,259.0,265.0,141.0,304.0,0,0.0,0.0,0.0,0.0,11.0,0.0,0.0,2.0
19b776e9,224.0,301.0,2852.0,674.0,130.0,166.0,67.0,74.0,7.0,12.0,1,0.6,0.5,0.4,11.0,13.0,1.0,1.0,13.0
5fa714d5,146.0,185.0,2536.0,625.0,55.0,63.0,75.0,87.0,11.0,24.0,0,0.1,0.1,-0.1,2.0,5.0,1.0,1.0,3.0
3ca6106c,79.0,99.0,1132.0,293.0,45.0,50.0,27.0,31.0,4.0,8.0,1,0.2,0.3,0.8,3.0,6.0,2.0,0.0,10.0
fed17f5a,92.0,123.0,1388.0,378.0,52.0,59.0,23.0,28.0,9.0,24.0,0,0.2,0.2,-0.2,4.0,5.0,4.0,0.0,13.0
8f8c6934,382.0,663.0,16619.0,14301.0,26.0,28.0,94.0,99.0,262.0,532.0,0,0.1,0.1,-0.1,2.0,22.0,1.0,0.0,0.0
3aa74860,20.0,23.0,265.0,86.0,11.0,12.0,9.0,9.0,0.0,1.0,0,0.0,0.0,0.0,0.0,2.0,0.0,0.0,2.0
e4738e91,72.0,104.0,953.0,236.0,38.0,54.0,28.0,34.0,1.0,4.0,1,0.8,0.8,0.2,6.0,0.0,4.0,0.0,10.0
6a8a7af8,531.0,666.0,9200.0,2371.0,244.0,280.0,216.0,257.0,53.0,84.0,0,0.4,0.4,-0.4,7.0,60.0,2.0,1.0,62.0
f553b2b3,156.0,228.0,1985.0,277.0,89.0,128.0,39.0,56.0,7.0,12.0,3,1.9,0.9,1.1,8.0,7.0,2.0,0.0,9.0
220c11f1,75.0,99.0,934.0,85.0,48.0,57.0,16.0,26.0,4.0,6.0,0,0.9,0.6,-0.9,6.0,4.0,3.0,0.0,8.0
ba5004e1,365.0,525.0,6291.0,2835.0,189.0,223.0,126.0,163.0,39.0,105.0,0,1.1,1.0,-1.1,15.0,32.0,11.0,5.0,46.0
12c50af5,84.0,103.0,1269.0,331.0,51.0,56.0,26.0,31.0,6.0,14.0,0,0.3,0.3,-0.3,3.0,5.0,2.0,1.0,6.0
7106f0a0,2.0,3.0,28.0,6.0,1.0,1.0,1.0,2.0,0.0,0.0,0,0.0,0.0,0.0,0.0,0.0,0.0,0.0,0.0
4e219ad2,223.0,278.0,3944.0,954.0,119.0,124.0,75.0,96.0,27.0,45.0,1,1.2,1.1,-0.2,10.0,17.0,13.0,3.0,39.0
184fe4b2,11.0,12.0,148.0,37.0,7.0,8.0,3.0,3.0,0.0,0.0,0,0.0,0.1,0.0,0.0,1.0,1.0,0.0,3.0
e92cd3f7,213.0,303.0,2664.0,347.0,137.0,168.0,57.0,87.0,5.0,8.0,1,1.3,0.8,-0.3,20.0,9.0,6.0,1.0,14.0
34269bdf,403.0,467.0,7542.0,1930.0,165.0,180.0,178.0,193.0,54.0,82.0,0,0.7,0.4,-0.7,8.0,39.0,3.0,0.0,38.0
4f255115,827.0,890.0,13371.0,4055.0,417.0,435.0,343.0,373.0,48.0,56.0,2,1.3,1.2,0.7,11.0,72.0,7.0,0.0,81.0
e73c9bb2,332.0,450.0,5558.0,2074.0,174.0,192.0,113.0,152.0,35.0,82.0,2,0.9,1.0,1.1,13.0,25.0,14.0,10.0,22.0
6f51e382,731.0,867.0,18410.0,12403.0,139.0,141.0,376.0,383.0,213.0,340.0,0,0.1,0.0,-0.1,1.0,7.0,0.0,0.0,3.0
f36016a5,58.0,70.0,818.0,196.0,39.0,43.0,16.0,18.0,3.0,8.0,0,0.4,0.3,-0.4,2.0,4.0,3.0,0.0,10.0
f36016a5,77.0,96.0,1216.0,290.0,44.0,48.0,23.0,31.0,8.0,10.0,0,0.0,0.0,0.0,1.0,5.0,1.0,0.0,6.0
02ef8778,22.0,29.0,353.0,47.0,13.0,16.0,6.0,7.0,2.0,3.0,0,0.2,0.3,-0.2,1.0,0.0,2.0,0.0,3.0
04e531b6,13.0,17.0,169.0,58.0,9.0,11.0,4.0,4.0,0.0,2.0,0,0.0,0.1,0.0,0.0,2.0,1.0,0.0,3.0
381dbcfc,59.0,78.0,962.0,239.0,28.0,31.0,28.0,32.0,3.0,8.0,0,0.0,0.0,0.0,1.0,5.0,0.0,0.0,4.0
9e1035f8,271.0,355.0,4170.0,950.0,156.0,177.0,88.0,113.0,22.0,40.0,0,2.8,3.1,-2.8,17.0,7.0,20.0,9.0,29.0
58a9a4d9,666.0,851.0,11284.0,2829.0,358.0,410.0,207.0,261.0,78.0,118.0,1,2.5,2.7,-1.5,26.0,78.0,19.0,6.0,108.0
532e1e4f,1070.0,1253.0,22112.0,7447.0,336.0,368.0,559.0,610.0,164.0,243.0,0,0.6,0.6,-0.6,10.0,116.0,6.0,0.0,123.0
d733aa38,12.0,13.0,223.0,50.0,5.0,5.0,2.0,3.0,3.0,3.0,0,0.3,0.2,-0.3,2.0,0.0,0.0,0.0,0.0
0e4fef6e,626.0,761.0,9776.0,2643.0,332.0,380.0,236.0,276.0,38.0,64.0,0,0.1,0.3,-0.1,5.0,54.0,0.0,0.0,68.0
e96b2583,1.0,1.0,17.0,0.0,0.0,0.0,1.0,1.0,0.0,0.0,0,0.0,0.0,0.0,0.0,0.0,0.0,0.0,1.0
fc647b34,519.0,646.0,7182.0,1918.0,316.0,352.0,151.0,186.0,26.0,50.0,3,2.0,1.7,1.0,27.0,68.0,14.0,2.0,77.0
963829d0,228.0,255.0,3344.0,814.0,133.0,141.0,84.0,97.0,7.0,10.0,0,0.1,0.3,-0.1,2.0,22.0,5.0,0.0,38.0
f7e87032,50.0,70.0,648.0,144.0,28.0,34.0,12.0,17.0,3.0,3.0,2,0.3,0.2,1.7,4.0,0.0,1.0,0.0,8.0
068f4dec,40.0,47.0,707.0,113.0,20.0,23.0,14.0,14.0,5.0,9.0,0,0.2,0.0,-0.2,2.0,3.0,0.0,0.0,2.0
f8eca1b6,309.0,494.0,3694.0,767.0,202.0,277.0,67.0,131.0,10.0,20.0,3,2.1,1.0,0.9,19.0,25.0,10.0,2.0,28.0
2dd7e29d,15.0,22.0,192.0,19.0,7.0,10.0,6.0,6.0,0.0,2.0,0,0.0,0.0,0.0,0.0,1.0,0.0,0.0,1.0
592f3158,604.0,733.0,11051.0,3665.0,271.0,310.0,247.0,286.0,76.0,113.0,0,0.8,1.0,-0.8,14.0,103.0,3.0,1.0,91.0
4acd733a,190.0,217.0,2726.0,599.0,114.0,122.0,53.0,61.0,13.0,15.0,2,1.0,0.5,1.0,15.0,7.0,7.0,2.0,13.0
0a69de7b,177.0,211.0,3258.0,1273.0,69.0,74.0,89.0,100.0,18.0,32.0,1,0.2,0.0,0.8,1.0,9.0,1.0,0.0,14.0
f2c6ac01,609.0,756.0,11686.0,4822.0,242.0,266.0,284.0,323.0,77.0,145.0,0,0.1,0.1,-0.1,2.0,40.0,2.0,1.0,36.0
0bc4e720,68.0,89.0,1029.0,232.0,41.0,50.0,22.0,29.0,4.0,5.0,1,0.3,0.3,0.7,3.0,8.0,3.0,1.0,10.0
0959c2a2,982.0,1126.0,14694.0,2883.0,582.0,620.0,295.0,342.0,73.0,100.0,2,4.1,3.3,-2.1,32.0,76.0,32.0,5.0,102.0
106c142c,83.0,105.0,1031.0,397.0,63.0,69.0,18.0,27.0,1.0,5.0,0,0.1,0.3,-0.1,1.0,5.0,0.0,0.0,8.0
ee923664,43.0,53.0,743.0,324.0,22.0,26.0,14.0,17.0,4.0,6.0,0,0.1,0.1,-0.1,2.0,7.0,3.0,2.0,5.0
fd51b456,311.0,356.0,4682.0,1047.0,177.0,190.0,107.0,123.0,18.0,26.0,0,0.8,1.0,-0.8,9.0,12.0,14.0,3.0,22.0
35a6e5c7,368.0,477.0,5870.0,1853.0,189.0,226.0,130.0,172.0,33.0,47.0,3,1.4,1.7,1.6,15.0,48.0,16.0,2.0,64.0
4112ace5,81.0,91.0,1556.0,418.0,37.0,39.0,27.0,31.0,15.0,17.0,0,0.0,0.0,0.0,1.0,11.0,0.0,0.0,11.0
1c2c55fc,169.0,210.0,3653.0,1354.0,35.0,41.0,114.0,120.0,19.0,45.0,0,0.0,0.0,0.0,0.0,5.0,0.0,0.0,6.0
b0fce72c,831.0,1007.0,15146.0,4754.0,371.0,435.0,333.0,380.0,107.0,140.0,2,1.1,1.3,0.9,16.0,135.0,15.0,3.0,139.0
04965583,197.0,276.0,3393.0,828.0,107.0,130.0,66.0,93.0,22.0,33.0,1,1.5,0.9,-0.5,10.0,14.0,7.0,2.0,18.0
3a9c4b7b,354.0,459.0,5686.0,2416.0,180.0,202.0,138.0,168.0,26.0,62.0,0,0.6,0.5,-0.6,3.0,21.0,5.0,2.0,31.0
636eae97,20.0,32.0,258.0,109.0,13.0,16.0,5.0,8.0,1.0,3.0,0,0.0,0.0,0.0,1.0,2.0,0.0,0.0,4.0
636eae97,186.0,244.0,2560.0,899.0,113.0,129.0,54.0,73.0,8.0,17.0,2,1.1,0.9,0.9,10.0,13.0,6.0,4.0,31.0
57be54ec,11.0,18.0,163.0,39.0,6.0,9.0,5.0,6.0,0.0,0.0,0,0.2,0.0,-0.2,2.0,1.0,1.0,0.0,2.0
bdc74a8f,99.0,120.0,1560.0,396.0,52.0,58.0,33.0,40.0,9.0,12.0,0,0.1,0.1,-0.1,1.0,11.0,3.0,0.0,12.0
cde52ef5,73.0,121.0,2224.0,1599.0,11.0,12.0,37.0,39.0,25.0,68.0,0,0.0,0.0,0.0,1.0,2.0,0.0,0.0,0.0
ab7bf91d,624.0,771.0,13231.0,4951.0,179.0,201.0,347.0,385.0,96.0,159.0,0,0.0,0.2,0.0,1.0,58.0,1.0,0.0,66.0
379dc075,70.0,91.0,749.0,113.0,52.0,61.0,12.0,16.0,1.0,3.0,0,0.2,0.4,-0.2,3.0,3.0,0.0,0.0,4.0
6a99e0b1,274.0,430.0,3717.0,802.0,163.0,211.0,79.0,131.0,14.0,31.0,2,2.1,1.9,-0.1,18.0,16.0,12.0,3.0,31.0
afdc14d7,414.0,609.0,5930.0,1378.0,246.0,283.0,132.0,192.0,23.0,53.0,4,3.2,2.4,0.8,27.0,17.0,26.0,8.0,53.0
5dfc6ad5,724.0,778.0,11938.0,3914.0,326.0,340.0,348.0,368.0,32.0,44.0,0,0.3,0.4,-0.3,3.0,46.0,1.0,0.0,46.0
f6f6b6e8,359.0,429.0,6872.0,2492.0,144.0,162.0,166.0,187.0,43.0,66.0,0,0.1,0.2,-0.1,1.0,14.0,1.0,0.0,19.0
5ca20b7a,190.0,277.0,3001.0,1133.0,104.0,119.0,68.0,100.0,15.0,42.0,1,0.0,0.2,1.0,2.0,11.0,2.0,2.0,13.0
968a1c2f,173.0,229.0,2707.0,681.0,91.0,107.0,68.0,89.0,9.0,15.0,0,0.4,0.5,-0.4,8.0,21.0,5.0,3.0,21.0
5c7845f6,804.0,928.0,15749.0,5584.0,256.0,286.0,467.0,501.0,78.0,128.0,1,0.4,0.3,0.6,2.0,41.0,4.0,1.0,64.0
3ee0dd59,950.0,1125.0,16475.0,5414.0,428.0,479.0,440.0,489.0,68.0,112.0,2,1.0,1.3,1.0,10.0,109.0,12.0,0.0,117.0
