id,GA,PKA,FK,CK,OG,PSxG,PSxG+/-,Cmp,Att,Att.1,Thr,Att.2,Opp,Stp,#OPA,TotLen,TotLen.1,TotDist
7a2e46a8,28,2,0,0,2,35.3,9.3,67,159,744,143,126,256,12,47,19567.2,3754.8,930.6
2f965a72,2,1,0,0,0,1.7,-0.3,11,24,33,3,13,19,0,1,1138.5,625.3,14.3
28d596a0,13,0,1,2,2,16.6,5.6,37,102,462,78,105,209,9,32,11365.2,3234.0,560.0
c91441dc,41,0,1,5,4,25.9,-11.1,178,501,711,109,174,342,30,34,28013.4,9048.0,493.0
7b4de647,0,0,0,0,0,0.5,0.5,4,13,22,5,8,23,1,0,767.8,374.4,0.0
3a949a25,0,0,0,0,0,1.1,1.1,3,6,16,8,6,13,1,0,337.6,180.0,0.0
3bb7b8b4,25,3,1,2,1,19.4,-4.6,74,179,773,114,115,201,18,29,21566.7,3714.5,458.2
9328b835,27,1,0,0,1,27.2,1.2,121,325,447,107,153,323,21,12,17567.1,6930.9,141.6
c3e39f12,6,0,0,2,0,4.1,-1.9,9,24,75,26,24,46,1,6,2070.0,780.0,117.0
7ba6d84e,28,1,2,5,1,25.8,-1.2,81,267,638,85,109,347,8,20,20033.2,5003.1,308.0
ab13a5aa,31,1,0,4,1,29.8,-0.2,109,303,573,124,186,389,25,25,19080.9,6956.4,327.5
e5a76dfe,31,2,1,5,0,26.9,-4.1,108,334,513,107,156,291,20,27,19750.5,7066.8,421.2
76eca7e2,4,0,0,1,0,3.8,-0.2,16,26,41,8,15,22,0,2,1521.1,628.5,35.6
2628fd2b,29,3,1,4,0,33.9,4.9,99,287,701,120,168,301,23,31,22151.6,6182.4,458.8
8f62b6ee,29,1,0,2,1,25.7,-2.3,68,179,459,94,163,274,16,26,14366.7,4058.7,366.6
7956236f,31,2,1,5,4,25.5,-1.5,116,304,639,84,138,283,39,26,21534.3,5823.6,371.8
33887998,12,0,0,4,0,11.7,-0.3,27,76,212,42,56,117,8,9,5957.2,2088.8,124.2
6b625ac2,39,2,1,4,1,32.2,-5.8,74,331,553,135,186,301,26,49,19133.8,7942.2,793.8
ecada4fc,7,0,0,1,0,6.7,-0.3,34,88,113,19,45,77,5,5,4440.9,2070.0,52.0
a9dc785c,17,4,0,3,1,20.0,4.0,95,224,297,62,109,283,22,14,11464.2,4992.2,159.6
e7ee38c3,7,1,0,3,0,5.5,-1.5,12,52,87,17,24,38,4,3,3262.5,1106.4,48.6
4806ec67,32,3,1,4,0,34.8,2.8,172,477,639,107,203,338,12,30,26007.3,10454.5,465.0
4b40d9ca,15,1,0,5,0,17.2,2.2,78,238,445,146,123,282,21,52,14729.5,6519.0,1003.6
466fb2c5,23,2,0,3,1,21.4,-0.6,76,277,604,121,89,253,16,26,20475.6,4556.8,400.4
98ea5115,30,1,0,7,2,30.5,2.5,214,533,806,106,173,368,37,35,31675.8,9117.1,553.0
17acc2ed,2,0,0,0,0,2.0,0.0,16,47,46,3,15,26,1,2,2116.0,900.0,28.0
903b6e8b,33,1,0,4,1,28.7,-3.3,86,275,622,117,182,367,27,22,18784.4,8026.2,301.4
6a713852,29,5,0,4,3,24.1,-1.9,56,201,616,98,127,220,17,13,18048.8,4559.3,162.5
fe558029,31,2,0,8,2,22.1,-6.9,70,146,215,47,109,206,5,4,7009.0,4981.3,38.4
d3ce0e89,42,2,2,5,4,33.6,-4.4,90,291,691,148,185,338,21,36,21213.7,6567.5,550.8
