id,Player,Nation,Pos,Squad,Age,Born,90s,GA,PKA,FK,CK,OG,PSxG,PSxG/SoT,PSxG+/-,/90,Cmp,Att,Cmp%,Att.1,Thr,Launch%,AvgLen,Att.2,Launch%.1,AvgLen.1,Opp,Stp,Stp%,#OPA,#OPA/90,AvgDist,Matches
649b01d8,Emil Audero,it ITA,GK,Sampdoria,26-042,1997,24.0,39,5,0,4,2,31.6,0.21,-5.4,-0.23,152,422,36.0,686,101,45.3,39.0,194,57.2,44.5,343,23,6.7,23,0.96,14.2,Matches
8ec56e62,Marco Carnesecchi,it ITA,GK,Cremonese,22-243,2000,15.0,24,2,1,4,1,24.9,0.29,+1.9,+0.13,74,261,28.4,379,77,50.4,40.5,113,61.9,50.2,201,14,7.0,10,0.67,13.0,Matches
8cabdc1e,Andrea Consigli,it ITA,GK,Sassuolo,36-033,1987,22.0,32,3,0,3,0,24.9,0.32,-7.1,-0.32,121,294,41.2,761,121,30.1,33.9,205,31.7,33.1,303,18,5.9,23,1.05,14.6,Matches
f554e29b,Alessio Cragno,it ITA,GK,Monza,28-246,1994,1.0,3,0,0,0,0,1.8,0.36,-1.2,-1.22,2,4,50.0,25,4,12.0,23.1,6,16.7,33.3,7,0,0.0,2,2.00,25.3,Matches
4e0c8d66,Michele Di Gregorio,it ITA,GK,Monza,25-217,1997,23.0,31,0,0,3,1,32.5,0.34,+2.5,+0.11,100,292,34.2,764,144,31.5,33.0,142,35.9,33.6,322,10,3.1,16,0.70,12.5,Matches
085e71a7,Bartłomiej Drągowski,pl POL,GK,Spezia,25-194,1997,20.7,36,1,1,4,0,31.2,0.27,-4.8,-0.23,95,294,32.3,560,103,38.4,34.4,132,59.8,46.3,292,10,3.4,24,1.16,14.9,Matches
9f5a610b,Wladimiro Falcone,it ITA,GK,Lecce,27-323,1995,24.0,27,4,1,5,1,29.2,0.24,+3.2,+0.13,126,486,25.9,589,93,57.2,42.3,189,78.8,53.1,356,18,5.1,23,0.96,12.6,Matches
f0f7f62f,Pierluigi Gollini,it ITA,GK,Fiorentina,27-348,1995,3.0,2,0,0,1,0,1.7,0.21,-0.3,-0.10,13,38,34.2,115,17,27.0,32.4,11,63.6,49.3,24,1,4.2,0,0.00,9.3,Matches
74419746,Samir Handanović,si SVN,GK,Inter,38-230,1984,9.0,14,0,0,1,1,10.7,0.29,-2.3,-0.25,29,58,50.0,290,48,18.3,26.3,52,9.6,25.8,92,2,2.2,5,0.56,14.5,Matches
fcb38f57,Mike Maignan,fr FRA,GK,Milan,27-241,1995,8.0,8,1,0,1,0,8.2,0.29,+0.2,+0.02,36,90,40.0,261,38,31.0,33.3,21,42.9,42.0,75,5,6.7,7,0.88,13.4,Matches
f794b426,Federico Marchetti,it ITA,GK,Spezia,40-022,1983,0.7,2,0,0,0,0,1.5,0.48,-0.5,-0.74,2,4,50.0,10,2,10.0,24.3,8,37.5,32.4,8,0,0.0,1,1.36,22.0,Matches
3318286e,Luís Maximiano,pt POR,GK,Lazio,24-055,1999,0.1,,,,,,,,,,2,3,66.7,,1,,,,,,,,,,,19.0,Matches
9413b19f,Alex Meret,it ITA,GK,Napoli,25-344,1997,24.0,15,1,0,1,0,17.9,0.26,+2.9,+0.12,40,110,36.4,518,87,16.2,26.9,148,17.6,26.4,250,8,3.2,24,1.00,16.4,Matches
9fa26bc2,Vanja Milinković-Savić,rs SRB,GK,Torino,26-009,1997,24.0,29,3,0,5,0,25.3,0.24,-3.7,-0.15,165,590,28.0,888,106,47.3,40.7,180,94.4,71.5,293,20,6.8,39,1.63,16.2,Matches
c1d95617,Lorenzo Montipò,it ITA,GK,Hellas Verona,27-009,1996,24.0,37,0,1,3,1,32.2,0.26,-3.8,-0.16,220,484,45.5,588,82,61.7,43.9,187,64.7,48.2,328,16,4.9,48,2.00,16.6,Matches
a111cf41,Juan Musso,ar ARG,GK,Atalanta,28-299,1994,17.1,19,1,0,2,2,13.9,0.20,-3.1,-0.18,94,216,43.5,433,122,33.5,32.1,117,60.7,47.3,199,11,5.5,17,1.00,15.8,Matches
1e9bde92,Guillermo Ochoa,mx MEX,GK,Salernitana,37-231,1985,7.0,17,2,0,1,0,17.7,0.31,+0.7,+0.10,47,147,32.0,198,19,52.0,39.9,63,69.8,50.9,97,4,4.1,5,0.71,14.4,Matches
e9c0c1b2,André Onana,cm CMR,GK,Inter,26-333,1996,15.0,14,2,0,2,1,11.4,0.18,-1.6,-0.11,62,171,36.3,517,74,26.9,30.1,98,32.7,35.9,184,8,4.3,5,0.33,13.5,Matches
79b0d6a0,Rui Patrício,pt POR,GK,Roma,35-014,1988,24.0,21,1,1,3,1,14.0,0.20,-6.0,-0.25,82,202,40.6,437,89,34.3,32.1,173,30.1,32.3,279,9,3.2,17,0.71,14.0,Matches
f058ed1f,Gianluca Pegolo,it ITA,GK,Sassuolo,41-341,1981,2.0,3,1,0,0,0,3.2,0.38,+0.2,+0.12,9,18,50.0,61,10,21.3,29.7,16,31.3,28.3,28,2,7.1,0,0.00,9.0,Matches
4c62d0c8,Mattia Perin,it ITA,GK,Juventus,30-111,1992,7.5,4,1,0,0,0,9.4,0.24,+5.4,+0.71,27,92,29.3,225,42,30.2,31.0,50,48.0,40.0,121,3,2.5,10,1.33,16.2,Matches
277da414,Ivan Provedel,it ITA,GK,Lazio,28-349,1994,23.9,19,1,0,4,0,19.8,0.23,+0.8,+0.03,113,260,43.5,737,108,29.2,33.0,132,34.1,34.8,312,13,4.2,41,1.71,17.4,Matches
67f649be,Ionuț Radu,ro ROU,GK,Cremonese,25-277,1997,9.0,19,3,0,3,0,21.0,0.29,+2.0,+0.22,38,143,26.6,265,34,41.1,37.3,67,50.7,46.3,107,6,5.6,9,1.00,14.5,Matches
343f753a,Luigi Sepe,it ITA,GK,Salernitana,31-297,1991,17.0,27,4,0,0,0,30.2,0.27,+3.2,+0.19,76,274,27.7,490,84,40.6,35.9,154,48.7,41.0,222,16,7.2,13,0.76,14.2,Matches
0d422df7,Marco Silvestri,it ITA,GK,Udinese,31-364,1991,24.0,30,3,1,2,2,27.8,0.31,-0.2,-0.01,95,240,39.6,510,89,33.7,32.7,187,36.4,34.9,318,6,1.9,13,0.54,13.3,Matches
ab4449d6,Łukasz Skorupski,pl POL,GK,Bologna,31-300,1991,24.0,33,6,1,4,2,35.3,0.27,+4.3,+0.18,107,273,39.2,627,130,32.5,33.0,179,38.5,35.2,322,19,5.9,19,0.79,13.5,Matches
ac4003af,Marco Sportiello,it ITA,GK,Atalanta,30-295,1992,6.9,9,0,1,2,0,7.8,0.30,-1.2,-0.17,31,77,40.3,181,45,19.3,28.5,61,68.9,48.9,86,7,8.1,14,2.02,19.9,Matches
01b8a2b2,Wojciech Szczęsny,pl POL,GK,Juventus,32-317,1990,16.5,15,0,0,4,0,14.4,0.29,-0.6,-0.04,73,176,41.5,385,70,34.8,35.0,88,47.7,41.6,210,6,2.9,12,0.73,14.7,Matches
b056e3da,Ciprian Tătărușanu,ro ROU,GK,Milan,37-020,1986,16.0,22,2,2,4,1,16.8,0.25,-4.2,-0.26,95,196,48.5,473,75,32.3,32.9,83,51.8,41.8,195,9,4.6,13,0.81,14.4,Matches
e1b0a70d,Pietro Terracciano,it ITA,GK,Fiorentina,32-358,1990,21.0,28,3,0,3,1,22.5,0.28,-4.5,-0.21,110,265,41.5,622,80,32.6,33.2,142,43.7,39.5,189,10,5.3,41,1.95,18.6,Matches
77d6fd4d,Guglielmo Vicario,it ITA,GK,Empoli,26-145,1996,24.0,31,2,0,7,1,32.3,0.28,+2.3,+0.10,117,346,33.8,869,123,32.0,33.3,138,49.3,42.7,489,28,5.7,15,0.63,10.7,Matches
cc1a0c57,Jeroen Zoet,nl NED,GK,Spezia,32-054,1991,1.7,1,0,0,0,0,0.7,0.11,-0.3,-0.19,15,43,34.9,57,5,63.2,41.7,8,87.5,56.6,24,1,4.2,3,1.74,15.7,Matches
54f6afe3,Petar Zovko,ba BIH,GK,Spezia,20-341,2002,0.8,2,0,0,0,0,1.7,0.55,-0.3,-0.42,7,21,33.3,23,3,47.8,35.1,13,76.9,51.1,24,1,4.2,2,2.47,17.0,Matches
