id,Att,Live,Dead,FK,TB,Sw,Crs,TI,CK,In,Out,Str,Cmp,Off,Blocks
1339039e,59.0,58.0,1.0,0.0,0.0,0.0,10,1.0,0.0,0.0,0.0,0.0,39.0,0.0,4.0
8f5cdf66,33.0,33.0,0.0,0.0,0.0,0.0,0,0.0,0.0,0.0,0.0,0.0,24.0,0.0,1.0
f417a1fa,230.0,218.0,10.0,2.0,0.0,5.0,2,2.0,5.0,0.0,0.0,0.0,198.0,2.0,4.0
b96b595c,310.0,298.0,12.0,8.0,0.0,2.0,0,2.0,0.0,0.0,0.0,0.0,291.0,0.0,2.0
81442ecb,97.0,78.0,19.0,0.0,0.0,0.0,9,18.0,1.0,0.0,1.0,0.0,67.0,0.0,3.0
82e12fe7,48.0,47.0,1.0,0.0,0.0,0.0,5,0.0,0.0,0.0,0.0,0.0,25.0,0.0,5.0
65d62814,219.0,164.0,55.0,20.0,0.0,1.0,0,0.0,0.0,0.0,0.0,0.0,153.0,0.0,0.0
ee926a02,147.0,141.0,6.0,2.0,0.0,1.0,0,0.0,0.0,0.0,0.0,0.0,122.0,0.0,5.0
501055d8,101.0,100.0,1.0,0.0,0.0,0.0,6,1.0,0.0,0.0,0.0,0.0,77.0,0.0,5.0
dcfb17f4,64.0,62.0,2.0,0.0,1.0,0.0,4,1.0,1.0,0.0,0.0,0.0,44.0,0.0,2.0
89ac64a6,393.0,384.0,9.0,3.0,0.0,2.0,0,6.0,0.0,0.0,0.0,0.0,370.0,0.0,0.0
eaeca114,351.0,335.0,15.0,5.0,0.0,2.0,1,10.0,0.0,0.0,0.0,0.0,331.0,1.0,4.0
05439de2,322.0,300.0,22.0,5.0,0.0,0.0,14,15.0,2.0,0.0,2.0,0.0,279.0,0.0,2.0
834d0be5,3.0,3.0,0.0,0.0,0.0,0.0,0,0.0,0.0,0.0,0.0,0.0,1.0,0.0,0.0
4601e194,183.0,166.0,17.0,3.0,1.0,0.0,9,14.0,0.0,0.0,0.0,0.0,162.0,0.0,0.0
77e84962,232.0,224.0,8.0,6.0,1.0,9.0,2,2.0,0.0,0.0,0.0,0.0,205.0,0.0,3.0
cd1acf9d,456.0,364.0,91.0,18.0,2.0,8.0,47,54.0,19.0,4.0,14.0,0.0,352.0,1.0,6.0
4288f249,42.0,40.0,2.0,1.0,0.0,1.0,0,0.0,0.0,0.0,0.0,0.0,33.0,0.0,2.0
00f518d8,31.0,25.0,6.0,1.0,0.0,0.0,1,5.0,0.0,0.0,0.0,0.0,27.0,0.0,0.0
7a2e46a8,251.0,208.0,41.0,8.0,0.0,0.0,0,0.0,0.0,0.0,0.0,0.0,222.0,2.0,0.0
f4290206,418.0,387.0,30.0,8.0,0.0,3.0,12,18.0,4.0,0.0,4.0,0.0,376.0,1.0,4.0
8ce30c57,17.0,16.0,1.0,1.0,0.0,0.0,0,0.0,0.0,0.0,0.0,0.0,13.0,0.0,0.0
8b3ab7ad,364.0,359.0,5.0,5.0,0.0,1.0,0,0.0,0.0,0.0,0.0,0.0,312.0,0.0,4.0
15ab5a2b,95.0,91.0,4.0,0.0,2.0,0.0,2,0.0,0.0,0.0,0.0,0.0,79.0,0.0,2.0
555d5edd,64.0,62.0,0.0,0.0,0.0,1.0,1,0.0,0.0,0.0,0.0,0.0,51.0,2.0,3.0
e0b113a7,207.0,200.0,6.0,5.0,1.0,2.0,0,1.0,0.0,0.0,0.0,0.0,176.0,1.0,2.0
df525574,6.0,6.0,0.0,0.0,0.0,0.0,0,0.0,0.0,0.0,0.0,0.0,3.0,0.0,0.0
a2ea941d,11.0,11.0,0.0,0.0,0.0,0.0,0,0.0,0.0,0.0,0.0,0.0,10.0,0.0,0.0
56413b1f,154.0,151.0,3.0,1.0,1.0,3.0,0,2.0,0.0,0.0,0.0,0.0,146.0,0.0,1.0
353eb529,8.0,8.0,0.0,0.0,0.0,0.0,2,0.0,0.0,0.0,0.0,0.0,5.0,0.0,0.0
2bef2bca,55.0,49.0,6.0,5.0,0.0,3.0,0,1.0,0.0,0.0,0.0,0.0,47.0,0.0,0.0
b1313ec4,87.0,83.0,3.0,0.0,0.0,0.0,2,0.0,3.0,0.0,1.0,0.0,59.0,1.0,4.0
e2ae54db,100.0,90.0,9.0,0.0,0.0,1.0,3,0.0,3.0,3.0,0.0,0.0,79.0,1.0,1.0
28d596a0,176.0,138.0,37.0,8.0,0.0,0.0,0,0.0,0.0,0.0,0.0,0.0,129.0,1.0,0.0
184ad240,43.0,39.0,4.0,0.0,1.0,0.0,3,2.0,1.0,1.0,0.0,0.0,33.0,0.0,3.0
45af8a54,167.0,157.0,10.0,1.0,2.0,2.0,10,4.0,5.0,3.0,0.0,0.0,145.0,0.0,2.0
0fdcef0e,74.0,60.0,12.0,5.0,0.0,0.0,8,0.0,7.0,3.0,3.0,0.0,59.0,2.0,2.0
92fffd91,119.0,101.0,17.0,6.0,3.0,0.0,15,3.0,8.0,4.0,1.0,0.0,80.0,1.0,5.0
d5dd5f1f,102.0,94.0,6.0,0.0,0.0,0.0,3,0.0,0.0,0.0,0.0,0.0,78.0,2.0,3.0
32feb0cf,6.0,6.0,0.0,0.0,0.0,0.0,0,0.0,0.0,0.0,0.0,0.0,3.0,0.0,0.0
f0677ed7,179.0,177.0,1.0,0.0,1.0,4.0,3,1.0,0.0,0.0,0.0,0.0,138.0,1.0,9.0
10549b49,3.0,3.0,0.0,0.0,0.0,0.0,0,0.0,0.0,0.0,0.0,0.0,2.0,0.0,0.0
53cad200,288.0,257.0,31.0,13.0,0.0,0.0,4,18.0,0.0,0.0,0.0,0.0,256.0,0.0,2.0
ca002b1a,27.0,25.0,2.0,0.0,1.0,0.0,0,2.0,0.0,0.0,0.0,0.0,23.0,0.0,0.0
78f21137,475.0,408.0,65.0,6.0,1.0,2.0,19,59.0,0.0,0.0,0.0,0.0,381.0,2.0,6.0
a1232f4e,203.0,192.0,8.0,7.0,0.0,0.0,0,1.0,0.0,0.0,0.0,0.0,174.0,3.0,0.0
32e8417f,76.0,76.0,0.0,0.0,0.0,2.0,0,0.0,0.0,0.0,0.0,0.0,60.0,0.0,2.0
a8567629,211.0,194.0,17.0,1.0,0.0,2.0,6,16.0,0.0,0.0,0.0,0.0,171.0,0.0,4.0
5ccc9672,138.0,116.0,21.0,2.0,0.0,0.0,9,19.0,0.0,0.0,0.0,0.0,120.0,1.0,4.0
7c3ed041,370.0,358.0,8.0,8.0,0.0,2.0,1,0.0,0.0,0.0,0.0,0.0,322.0,4.0,2.0
f449640d,72.0,60.0,12.0,2.0,0.0,0.0,3,10.0,0.0,0.0,0.0,0.0,60.0,0.0,3.0
6f1d7aa8,6.0,6.0,0.0,0.0,0.0,0.0,1,0.0,0.0,0.0,0.0,0.0,4.0,0.0,1.0
88ce7ddc,24.0,22.0,2.0,1.0,0.0,1.0,1,0.0,1.0,1.0,0.0,0.0,15.0,0.0,0.0
6928979a,205.0,203.0,2.0,2.0,2.0,6.0,5,0.0,0.0,0.0,0.0,0.0,169.0,0.0,9.0
712dd708,268.0,218.0,50.0,13.0,0.0,0.0,27,31.0,6.0,1.0,5.0,0.0,221.0,0.0,4.0
6caffe81,5.0,5.0,0.0,0.0,0.0,0.0,0,0.0,0.0,0.0,0.0,0.0,3.0,0.0,0.0
45736cec,7.0,7.0,0.0,0.0,0.0,0.0,0,0.0,0.0,0.0,0.0,0.0,7.0,0.0,0.0
a36524bf,434.0,410.0,24.0,9.0,0.0,5.0,1,6.0,0.0,0.0,0.0,0.0,387.0,0.0,1.0
29b7b767,27.0,25.0,2.0,0.0,0.0,0.0,0,0.0,0.0,0.0,0.0,0.0,22.0,0.0,0.0
75b86fb3,342.0,321.0,19.0,13.0,0.0,7.0,15,6.0,0.0,0.0,0.0,0.0,293.0,2.0,1.0
37d39918,198.0,189.0,9.0,9.0,0.0,1.0,0,0.0,0.0,0.0,0.0,0.0,174.0,0.0,2.0
d1eda5f0,37.0,35.0,1.0,1.0,0.0,0.0,1,0.0,0.0,0.0,0.0,0.0,29.0,1.0,3.0
e3756e72,47.0,38.0,8.0,0.0,0.0,1.0,9,8.0,0.0,0.0,0.0,0.0,31.0,1.0,4.0
f874dd44,98.0,79.0,18.0,1.0,0.0,1.0,5,17.0,0.0,0.0,0.0,0.0,79.0,1.0,4.0
57d88cf9,293.0,287.0,5.0,3.0,2.0,5.0,3,1.0,0.0,0.0,0.0,0.0,242.0,1.0,4.0
db092d3b,293.0,280.0,12.0,10.0,1.0,3.0,3,1.0,1.0,0.0,1.0,0.0,248.0,1.0,1.0
3b8674e6,365.0,358.0,7.0,5.0,3.0,0.0,3,0.0,0.0,0.0,0.0,0.0,316.0,0.0,3.0
70d74ece,157.0,148.0,8.0,0.0,0.0,0.0,0,0.0,1.0,0.0,0.0,0.0,136.0,1.0,1.0
713c144a,274.0,244.0,26.0,6.0,0.0,6.0,24,5.0,15.0,11.0,0.0,0.0,204.0,4.0,4.0
a29b1131,205.0,198.0,7.0,0.0,2.0,3.0,3,3.0,4.0,0.0,0.0,0.0,184.0,0.0,4.0
67b09a18,4.0,4.0,0.0,0.0,0.0,0.0,0,0.0,0.0,0.0,0.0,0.0,4.0,0.0,0.0
17370b95,73.0,67.0,5.0,5.0,0.0,1.0,0,0.0,0.0,0.0,0.0,0.0,49.0,1.0,1.0
433dc9a2,191.0,176.0,15.0,2.0,0.0,0.0,2,13.0,0.0,0.0,0.0,0.0,175.0,0.0,2.0
505486d6,251.0,209.0,41.0,9.0,0.0,1.0,18,27.0,5.0,2.0,2.0,0.0,188.0,1.0,6.0
d00fd50a,61.0,61.0,0.0,0.0,0.0,1.0,0,0.0,0.0,0.0,0.0,0.0,46.0,0.0,2.0
6c203af0,72.0,70.0,2.0,2.0,0.0,1.0,0,0.0,0.0,0.0,0.0,0.0,65.0,0.0,0.0
663e080e,204.0,166.0,36.0,4.0,0.0,0.0,0,0.0,0.0,0.0,0.0,0.0,178.0,2.0,1.0
691bef82,333.0,288.0,43.0,4.0,0.0,1.0,4,34.0,1.0,0.0,0.0,0.0,277.0,2.0,7.0
73b9fa8a,21.0,16.0,5.0,1.0,0.0,0.0,5,2.0,2.0,2.0,0.0,0.0,12.0,0.0,3.0
08fe932d,84.0,82.0,2.0,2.0,0.0,0.0,0,0.0,0.0,0.0,0.0,0.0,81.0,0.0,0.0
7713c72a,344.0,338.0,6.0,6.0,0.0,2.0,0,0.0,0.0,0.0,0.0,0.0,317.0,0.0,4.0
415568b5,277.0,268.0,9.0,6.0,1.0,0.0,2,1.0,2.0,2.0,0.0,0.0,242.0,0.0,5.0
52ec54d0,303.0,274.0,26.0,11.0,1.0,1.0,1,2.0,0.0,0.0,0.0,0.0,262.0,3.0,0.0
4d1c4a5d,15.0,15.0,0.0,0.0,0.0,0.0,1,0.0,0.0,0.0,0.0,0.0,9.0,0.0,0.0
c68da769,50.0,48.0,2.0,0.0,0.0,0.0,1,2.0,0.0,0.0,0.0,0.0,39.0,0.0,2.0
f6798fc3,208.0,156.0,52.0,9.0,0.0,1.0,0,0.0,0.0,0.0,0.0,0.0,166.0,0.0,0.0
7c473e12,79.0,75.0,4.0,4.0,0.0,0.0,0,0.0,0.0,0.0,0.0,0.0,66.0,0.0,0.0
a167537f,246.0,225.0,19.0,4.0,1.0,2.0,17,3.0,11.0,2.0,8.0,0.0,198.0,2.0,7.0
5fd5ed86,143.0,141.0,2.0,2.0,0.0,0.0,0,0.0,0.0,0.0,0.0,0.0,122.0,0.0,2.0
4c184730,25.0,18.0,7.0,0.0,0.0,0.0,1,0.0,0.0,0.0,0.0,0.0,19.0,0.0,0.0
97220da2,31.0,31.0,0.0,0.0,0.0,0.0,0,0.0,0.0,0.0,0.0,0.0,24.0,0.0,1.0
33b8d077,192.0,177.0,14.0,7.0,0.0,4.0,7,1.0,6.0,1.0,5.0,0.0,172.0,1.0,3.0
7b5ab7f2,20.0,20.0,0.0,0.0,0.0,1.0,3,0.0,0.0,0.0,0.0,0.0,13.0,0.0,2.0
3235182a,132.0,131.0,1.0,0.0,0.0,0.0,4,0.0,1.0,1.0,0.0,0.0,115.0,0.0,4.0
3aca6420,128.0,107.0,21.0,1.0,0.0,1.0,10,20.0,0.0,0.0,0.0,0.0,99.0,0.0,2.0
eaeefc50,23.0,22.0,1.0,1.0,0.0,0.0,0,0.0,0.0,0.0,0.0,0.0,19.0,0.0,0.0
5ab0ea87,166.0,155.0,11.0,11.0,0.0,2.0,0,0.0,0.0,0.0,0.0,0.0,138.0,0.0,4.0
b4705807,15.0,8.0,7.0,0.0,0.0,0.0,2,7.0,0.0,0.0,0.0,0.0,12.0,0.0,0.0
10745192,3.0,3.0,0.0,0.0,0.0,0.0,0,0.0,0.0,0.0,0.0,0.0,3.0,0.0,0.0
e34e086c,8.0,8.0,0.0,0.0,0.0,0.0,2,0.0,0.0,0.0,0.0,0.0,6.0,0.0,0.0
2146785a,111.0,93.0,17.0,1.0,0.0,1.0,4,16.0,0.0,0.0,0.0,0.0,92.0,1.0,3.0
cd0fa27b,312.0,280.0,32.0,10.0,1.0,5.0,32,1.0,21.0,5.0,14.0,0.0,263.0,0.0,5.0
7b9c2d84,194.0,191.0,3.0,2.0,0.0,0.0,0,1.0,0.0,0.0,0.0,0.0,170.0,0.0,2.0
a65ce836,226.0,220.0,6.0,6.0,1.0,4.0,1,0.0,0.0,0.0,0.0,0.0,191.0,0.0,5.0
bd6351cd,53.0,45.0,8.0,1.0,0.0,0.0,3,7.0,0.0,0.0,0.0,0.0,43.0,0.0,2.0
bd6351cd,416.0,383.0,32.0,7.0,1.0,4.0,24,25.0,0.0,0.0,0.0,0.0,352.0,1.0,9.0
6885cc44,76.0,74.0,2.0,0.0,0.0,0.0,5,2.0,0.0,0.0,0.0,0.0,43.0,0.0,4.0
707b98f1,2.0,2.0,0.0,0.0,0.0,0.0,0,0.0,0.0,0.0,0.0,0.0,1.0,0.0,0.0
4a5839fa,120.0,116.0,4.0,4.0,0.0,0.0,0,0.0,0.0,0.0,0.0,0.0,102.0,0.0,1.0
3ce20eda,214.0,197.0,16.0,11.0,0.0,2.0,2,0.0,0.0,0.0,0.0,0.0,166.0,1.0,1.0
2dce876a,298.0,272.0,26.0,10.0,0.0,2.0,10,14.0,0.0,0.0,0.0,0.0,257.0,0.0,10.0
de39485a,180.0,142.0,38.0,7.0,1.0,1.0,23,20.0,10.0,8.0,2.0,0.0,137.0,0.0,3.0
88ced02c,299.0,297.0,2.0,2.0,1.0,2.0,0,0.0,0.0,0.0,0.0,0.0,285.0,0.0,0.0
4958bfb2,368.0,319.0,49.0,7.0,0.0,0.0,14,41.0,1.0,0.0,0.0,0.0,318.0,0.0,4.0
966e28d0,55.0,55.0,0.0,0.0,1.0,0.0,1,0.0,0.0,0.0,0.0,0.0,46.0,0.0,0.0
2ef08833,29.0,28.0,1.0,1.0,0.0,0.0,0,0.0,0.0,0.0,0.0,0.0,26.0,0.0,1.0
c0617e2b,45.0,43.0,2.0,0.0,0.0,1.0,1,0.0,2.0,0.0,1.0,0.0,39.0,0.0,2.0
a33a0dc0,30.0,27.0,2.0,0.0,0.0,0.0,2,0.0,2.0,1.0,0.0,0.0,24.0,1.0,0.0
5515376c,243.0,235.0,8.0,6.0,1.0,1.0,0,2.0,0.0,0.0,0.0,0.0,218.0,0.0,0.0
b3b7f5a6,6.0,4.0,2.0,0.0,0.0,0.0,0,2.0,0.0,0.0,0.0,0.0,5.0,0.0,1.0
71031a25,256.0,223.0,29.0,1.0,3.0,1.0,14,0.0,8.0,2.0,2.0,0.0,204.0,4.0,4.0
b0f7e36c,9.0,9.0,0.0,0.0,0.0,1.0,0,0.0,0.0,0.0,0.0,0.0,8.0,0.0,1.0
d2424d1b,297.0,256.0,41.0,8.0,0.0,1.0,24,21.0,12.0,8.0,4.0,0.0,242.0,0.0,5.0
262e5a82,112.0,101.0,10.0,3.0,0.0,0.0,7,0.0,7.0,3.0,3.0,0.0,99.0,1.0,1.0
163bbd4a,60.0,57.0,3.0,0.0,0.0,0.0,0,0.0,0.0,0.0,0.0,0.0,35.0,0.0,1.0
1cb49278,229.0,221.0,8.0,7.0,0.0,1.0,0,1.0,0.0,0.0,0.0,0.0,217.0,0.0,0.0
b3a712de,175.0,171.0,3.0,1.0,2.0,2.0,0,0.0,0.0,0.0,0.0,0.0,139.0,1.0,3.0
5219ab4a,220.0,175.0,42.0,1.0,2.0,2.0,12,41.0,0.0,0.0,0.0,0.0,164.0,3.0,11.0
b9beb6c5,74.0,73.0,1.0,1.0,0.0,0.0,0,0.0,0.0,0.0,0.0,0.0,66.0,0.0,0.0
1fbbfbde,202.0,192.0,10.0,9.0,0.0,1.0,0,0.0,0.0,0.0,0.0,0.0,178.0,0.0,0.0
75c2e240,145.0,98.0,45.0,6.0,0.0,0.0,0,0.0,0.0,0.0,0.0,0.0,107.0,2.0,0.0
bfde3de5,42.0,32.0,10.0,0.0,0.0,0.0,1,0.0,0.0,0.0,0.0,0.0,27.0,0.0,0.0
042e8a49,168.0,162.0,6.0,0.0,1.0,3.0,14,6.0,0.0,0.0,0.0,0.0,134.0,0.0,3.0
5ef3d210,14.0,11.0,3.0,1.0,0.0,0.0,0,2.0,0.0,0.0,0.0,0.0,13.0,0.0,0.0
6fee9966,5.0,4.0,1.0,0.0,0.0,0.0,0,1.0,0.0,0.0,0.0,0.0,4.0,0.0,0.0
c693347d,30.0,30.0,0.0,0.0,0.0,1.0,0,0.0,0.0,0.0,0.0,0.0,18.0,0.0,0.0
edeb21ff,202.0,177.0,24.0,4.0,1.0,0.0,21,20.0,0.0,0.0,0.0,0.0,161.0,1.0,1.0
01eb744d,114.0,109.0,5.0,1.0,0.0,0.0,8,0.0,2.0,0.0,1.0,0.0,92.0,0.0,3.0
45b9b619,73.0,71.0,2.0,1.0,1.0,0.0,0,1.0,0.0,0.0,0.0,0.0,62.0,0.0,3.0
7b4c1f6e,22.0,18.0,4.0,2.0,0.0,0.0,3,0.0,2.0,2.0,0.0,0.0,18.0,0.0,0.0
93fffbcf,311.0,249.0,60.0,18.0,0.0,1.0,0,0.0,0.0,0.0,0.0,0.0,221.0,2.0,0.0
9dff291c,15.0,15.0,0.0,0.0,0.0,0.0,0,0.0,0.0,0.0,0.0,0.0,14.0,0.0,1.0
1840e36d,201.0,165.0,35.0,4.0,0.0,0.0,0,0.0,0.0,0.0,0.0,0.0,173.0,1.0,1.0
0ab1f153,281.0,235.0,45.0,11.0,0.0,12.0,24,29.0,5.0,1.0,3.0,0.0,234.0,1.0,5.0
1daec722,236.0,201.0,35.0,8.0,0.0,1.0,5,27.0,0.0,0.0,0.0,0.0,199.0,0.0,1.0
dc62b55d,33.0,30.0,2.0,0.0,0.0,0.0,3,0.0,0.0,0.0,0.0,0.0,24.0,1.0,3.0
44eb9093,78.0,77.0,0.0,0.0,0.0,0.0,2,0.0,0.0,0.0,0.0,0.0,66.0,1.0,0.0
94b2001f,274.0,253.0,20.0,2.0,0.0,3.0,8,18.0,0.0,0.0,0.0,0.0,232.0,1.0,3.0
f08490a6,2.0,2.0,0.0,0.0,0.0,0.0,0,0.0,0.0,0.0,0.0,0.0,2.0,0.0,0.0
06a1d642,139.0,124.0,15.0,1.0,0.0,0.0,5,4.0,0.0,0.0,0.0,0.0,111.0,0.0,9.0
96e0490d,133.0,111.0,22.0,2.0,0.0,1.0,9,20.0,0.0,0.0,0.0,0.0,101.0,0.0,4.0
40f65c01,49.0,46.0,3.0,0.0,0.0,0.0,2,3.0,0.0,0.0,0.0,0.0,28.0,0.0,5.0
d781d855,261.0,228.0,31.0,8.0,0.0,2.0,2,23.0,0.0,0.0,0.0,0.0,231.0,2.0,3.0
44781702,168.0,156.0,12.0,5.0,0.0,1.0,1,7.0,0.0,0.0,0.0,0.0,136.0,0.0,2.0
c9009a1f,152.0,147.0,5.0,5.0,0.0,0.0,0,0.0,0.0,0.0,0.0,0.0,121.0,0.0,0.0
cf15bbb1,114.0,110.0,3.0,2.0,0.0,3.0,0,0.0,1.0,0.0,0.0,0.0,91.0,1.0,0.0
e46012d4,159.0,144.0,15.0,2.0,3.0,5.0,24,3.0,10.0,4.0,3.0,0.0,110.0,0.0,3.0
2ef7c612,75.0,72.0,2.0,0.0,0.0,0.0,3,2.0,0.0,0.0,0.0,0.0,53.0,1.0,6.0
162efffd,244.0,221.0,19.0,7.0,0.0,3.0,20,7.0,5.0,2.0,1.0,0.0,189.0,4.0,3.0
ae4e2852,60.0,53.0,7.0,0.0,0.0,2.0,6,7.0,0.0,0.0,0.0,0.0,45.0,0.0,3.0
bc6e544a,283.0,200.0,83.0,4.0,0.0,1.0,9,79.0,0.0,0.0,0.0,0.0,183.0,0.0,8.0
fe641c1a,108.0,105.0,3.0,1.0,0.0,0.0,1,2.0,0.0,0.0,0.0,0.0,82.0,0.0,4.0
b19db005,259.0,230.0,28.0,9.0,2.0,2.0,51,1.0,18.0,7.0,7.0,0.0,176.0,1.0,9.0
54b4dc4e,228.0,198.0,30.0,3.0,0.0,1.0,29,4.0,21.0,7.0,13.0,0.0,175.0,0.0,6.0
5976f83e,90.0,77.0,12.0,0.0,0.0,1.0,3,12.0,0.0,0.0,0.0,0.0,64.0,1.0,5.0
230a2fac,403.0,343.0,55.0,14.0,6.0,5.0,16,40.0,1.0,0.0,0.0,0.0,336.0,5.0,8.0
19cda00b,78.0,65.0,11.0,2.0,4.0,2.0,10,1.0,8.0,5.0,2.0,0.0,53.0,2.0,1.0
aeed5c06,202.0,188.0,13.0,2.0,0.0,1.0,16,1.0,2.0,1.0,0.0,0.0,149.0,1.0,7.0
fc62f087,191.0,183.0,7.0,4.0,0.0,2.0,1,2.0,0.0,0.0,0.0,0.0,174.0,1.0,1.0
31c69ef1,571.0,560.0,9.0,8.0,0.0,1.0,2,1.0,0.0,0.0,0.0,0.0,549.0,2.0,0.0
407feb71,96.0,92.0,4.0,3.0,2.0,0.0,5,0.0,0.0,0.0,0.0,0.0,77.0,0.0,3.0
4a1a9578,99.0,97.0,2.0,0.0,0.0,1.0,2,2.0,0.0,0.0,0.0,0.0,79.0,0.0,2.0
ac861941,466.0,453.0,11.0,11.0,1.0,2.0,4,0.0,0.0,0.0,0.0,0.0,416.0,2.0,3.0
f179ee11,161.0,141.0,20.0,1.0,0.0,1.0,2,19.0,0.0,0.0,0.0,0.0,119.0,0.0,3.0
970b8574,179.0,153.0,23.0,3.0,0.0,4.0,25,14.0,5.0,0.0,5.0,0.0,126.0,3.0,6.0
95bb6ddc,110.0,90.0,19.0,1.0,0.0,2.0,3,18.0,0.0,0.0,0.0,0.0,86.0,1.0,3.0
ac295d9e,73.0,61.0,12.0,3.0,0.0,0.0,0,0.0,0.0,0.0,0.0,0.0,49.0,0.0,0.0
d557d734,35.0,34.0,1.0,0.0,0.0,0.0,1,1.0,0.0,0.0,0.0,0.0,29.0,0.0,1.0
cc83b74d,19.0,15.0,4.0,0.0,0.0,0.0,0,0.0,0.0,0.0,0.0,0.0,15.0,0.0,1.0
08f5afaa,208.0,152.0,55.0,13.0,0.0,0.0,0,0.0,0.0,0.0,0.0,0.0,174.0,1.0,0.0
1a992676,15.0,15.0,0.0,0.0,0.0,0.0,0,0.0,0.0,0.0,0.0,0.0,13.0,0.0,0.0
15ea94de,22.0,20.0,2.0,0.0,0.0,0.0,1,0.0,0.0,0.0,0.0,0.0,15.0,0.0,0.0
481c9ece,167.0,141.0,24.0,0.0,0.0,0.0,16,24.0,0.0,0.0,0.0,0.0,116.0,2.0,12.0
3bb7f478,134.0,124.0,9.0,1.0,0.0,2.0,3,2.0,0.0,0.0,0.0,0.0,92.0,1.0,6.0
3bb7b8b4,163.0,132.0,30.0,7.0,0.0,2.0,0,0.0,0.0,0.0,0.0,0.0,143.0,1.0,0.0
c8d1c3a5,136.0,114.0,22.0,1.0,0.0,0.0,3,21.0,0.0,0.0,0.0,0.0,115.0,0.0,5.0
57760e66,113.0,105.0,8.0,0.0,2.0,0.0,6,1.0,3.0,3.0,0.0,0.0,85.0,0.0,4.0
5b92d896,12.0,12.0,0.0,0.0,0.0,0.0,0,0.0,0.0,0.0,0.0,0.0,10.0,0.0,0.0
c8387671,213.0,205.0,7.0,0.0,0.0,1.0,4,2.0,0.0,0.0,0.0,0.0,166.0,1.0,7.0
cf007308,122.0,119.0,3.0,1.0,0.0,0.0,1,0.0,2.0,0.0,1.0,0.0,113.0,0.0,0.0
df8b52a5,275.0,226.0,47.0,4.0,0.0,3.0,12,42.0,1.0,0.0,0.0,0.0,212.0,2.0,12.0
04e17fd5,28.0,20.0,8.0,0.0,0.0,0.0,2,0.0,0.0,0.0,0.0,0.0,19.0,0.0,1.0
12dcbdcc,49.0,43.0,6.0,0.0,0.0,1.0,1,6.0,0.0,0.0,0.0,0.0,34.0,0.0,2.0
1e4319ac,10.0,10.0,0.0,0.0,0.0,0.0,1,0.0,0.0,0.0,0.0,0.0,7.0,0.0,0.0
577efaec,247.0,229.0,18.0,8.0,2.0,0.0,16,0.0,10.0,6.0,1.0,0.0,176.0,0.0,4.0
6f3cc2fe,117.0,113.0,4.0,1.0,1.0,0.0,1,0.0,0.0,0.0,0.0,0.0,96.0,0.0,1.0
7f3b388c,388.0,374.0,12.0,12.0,0.0,1.0,0,0.0,0.0,0.0,0.0,0.0,340.0,2.0,3.0
366be751,70.0,68.0,2.0,2.0,0.0,0.0,1,0.0,0.0,0.0,0.0,0.0,67.0,0.0,0.0
762179d9,101.0,100.0,1.0,1.0,0.0,0.0,0,0.0,0.0,0.0,0.0,0.0,89.0,0.0,5.0
bceda5ff,27.0,19.0,8.0,0.0,0.0,0.0,2,5.0,3.0,2.0,0.0,0.0,20.0,0.0,0.0
0ba976e4,105.0,102.0,3.0,0.0,0.0,0.0,4,1.0,2.0,2.0,0.0,0.0,90.0,0.0,1.0
51a3c4c8,54.0,54.0,0.0,0.0,0.0,0.0,0,0.0,0.0,0.0,0.0,0.0,46.0,0.0,0.0
8aafd64f,42.0,33.0,9.0,1.0,1.0,0.0,9,0.0,6.0,6.0,0.0,0.0,30.0,0.0,1.0
8aafd64f,97.0,91.0,5.0,1.0,0.0,2.0,6,1.0,1.0,0.0,0.0,0.0,78.0,1.0,1.0
ef491564,9.0,9.0,0.0,0.0,0.0,0.0,0,0.0,0.0,0.0,0.0,0.0,4.0,0.0,0.0
5ff4ab71,335.0,316.0,19.0,11.0,0.0,5.0,9,0.0,8.0,4.0,1.0,0.0,298.0,0.0,3.0
5ff4ab71,75.0,72.0,2.0,2.0,0.0,0.0,1,0.0,0.0,0.0,0.0,0.0,66.0,1.0,0.0
d9d43555,10.0,9.0,1.0,1.0,0.0,0.0,0,0.0,0.0,0.0,0.0,0.0,9.0,0.0,1.0
41f32541,72.0,70.0,2.0,2.0,0.0,2.0,0,0.0,0.0,0.0,0.0,0.0,69.0,0.0,1.0
4c370d81,186.0,179.0,7.0,0.0,0.0,0.0,1,2.0,0.0,0.0,0.0,0.0,150.0,0.0,6.0
ed1e53f3,187.0,176.0,11.0,3.0,2.0,2.0,19,1.0,7.0,1.0,6.0,0.0,152.0,0.0,8.0
132a82f1,100.0,94.0,6.0,6.0,0.0,0.0,1,0.0,0.0,0.0,0.0,0.0,87.0,0.0,1.0
58c6b67c,10.0,9.0,1.0,1.0,0.0,0.0,0,0.0,0.0,0.0,0.0,0.0,8.0,0.0,0.0
e73659d3,55.0,55.0,0.0,0.0,0.0,0.0,10,0.0,0.0,0.0,0.0,0.0,38.0,0.0,0.0
9a2e0ccc,136.0,131.0,5.0,1.0,3.0,1.0,2,1.0,2.0,0.0,2.0,0.0,121.0,0.0,3.0
c3e39f12,24.0,18.0,6.0,0.0,0.0,0.0,0,0.0,0.0,0.0,0.0,0.0,22.0,0.0,0.0
a9142dc3,5.0,5.0,0.0,0.0,0.0,0.0,0,0.0,0.0,0.0,0.0,0.0,4.0,0.0,0.0
f620b04f,49.0,42.0,6.0,0.0,1.0,0.0,0,0.0,0.0,0.0,0.0,0.0,35.0,1.0,3.0
74f2e748,153.0,133.0,20.0,2.0,0.0,0.0,10,18.0,0.0,0.0,0.0,0.0,114.0,0.0,8.0
fd4d5f81,55.0,44.0,11.0,1.0,0.0,0.0,3,1.0,0.0,0.0,0.0,0.0,38.0,0.0,2.0
c235e803,106.0,100.0,6.0,1.0,0.0,1.0,0,1.0,0.0,0.0,0.0,0.0,94.0,0.0,0.0
3b387cc7,36.0,35.0,1.0,1.0,0.0,0.0,0,0.0,0.0,0.0,0.0,0.0,32.0,0.0,0.0
ce30bfc8,47.0,46.0,0.0,0.0,0.0,0.0,1,0.0,0.0,0.0,0.0,0.0,39.0,1.0,2.0
1971591f,14.0,11.0,3.0,0.0,0.0,0.0,2,0.0,0.0,0.0,0.0,0.0,9.0,0.0,0.0
5b3d1a7a,146.0,137.0,7.0,0.0,0.0,1.0,9,7.0,0.0,0.0,0.0,0.0,98.0,2.0,10.0
c2731c10,123.0,120.0,3.0,0.0,1.0,2.0,8,0.0,3.0,0.0,3.0,0.0,109.0,0.0,0.0
2bed3eab,190.0,184.0,6.0,6.0,1.0,2.0,2,0.0,0.0,0.0,0.0,0.0,183.0,0.0,0.0
18dd3219,67.0,64.0,3.0,2.0,0.0,3.0,1,0.0,0.0,0.0,0.0,0.0,61.0,0.0,0.0
19cae58d,168.0,160.0,8.0,3.0,0.0,0.0,7,0.0,0.0,0.0,0.0,0.0,141.0,0.0,6.0
8827bf46,63.0,58.0,3.0,3.0,0.0,0.0,2,0.0,0.0,0.0,0.0,0.0,52.0,2.0,1.0
8d3d3b0a,34.0,34.0,0.0,0.0,0.0,0.0,0,0.0,0.0,0.0,0.0,0.0,21.0,0.0,2.0
41eebdf5,170.0,165.0,5.0,3.0,0.0,0.0,2,2.0,0.0,0.0,0.0,0.0,156.0,0.0,0.0
1338e42b,13.0,10.0,3.0,0.0,0.0,0.0,0,3.0,0.0,0.0,0.0,0.0,8.0,0.0,1.0
16ceb862,129.0,116.0,11.0,0.0,1.0,1.0,1,0.0,0.0,0.0,0.0,0.0,85.0,2.0,4.0
88e357ef,135.0,129.0,5.0,2.0,1.0,1.0,4,0.0,2.0,1.0,0.0,1.0,111.0,1.0,3.0
0d4fd3a0,266.0,253.0,13.0,9.0,0.0,3.0,0,4.0,0.0,0.0,0.0,0.0,227.0,0.0,3.0
56f6f826,152.0,141.0,10.0,10.0,0.0,1.0,0,0.0,0.0,0.0,0.0,0.0,115.0,1.0,3.0
7a11550b,214.0,205.0,9.0,1.0,3.0,3.0,2,8.0,0.0,0.0,0.0,0.0,170.0,0.0,5.0
6e4df551,125.0,118.0,6.0,2.0,1.0,6.0,6,3.0,1.0,0.0,0.0,0.0,102.0,1.0,1.0
01e5f06e,264.0,241.0,23.0,2.0,0.0,2.0,15,20.0,1.0,0.0,1.0,0.0,230.0,0.0,5.0
f4b52308,19.0,16.0,2.0,0.0,0.0,0.0,2,0.0,2.0,2.0,0.0,0.0,14.0,1.0,0.0
c275947b,127.0,120.0,7.0,4.0,1.0,2.0,4,0.0,2.0,2.0,0.0,0.0,92.0,0.0,1.0
cc86b9a3,188.0,187.0,1.0,0.0,1.0,1.0,4,1.0,0.0,0.0,0.0,0.0,157.0,0.0,2.0
2d970560,191.0,169.0,21.0,1.0,0.0,2.0,10,20.0,0.0,0.0,0.0,0.0,152.0,1.0,4.0
9efa1d25,218.0,196.0,19.0,6.0,1.0,0.0,10,2.0,4.0,3.0,1.0,0.0,164.0,3.0,4.0
3cd7820a,154.0,152.0,1.0,1.0,0.0,0.0,1,0.0,0.0,0.0,0.0,0.0,118.0,1.0,2.0
62182b1d,124.0,89.0,35.0,7.0,0.0,0.0,0,0.0,0.0,0.0,0.0,0.0,79.0,0.0,0.0
b8e740fb,143.0,138.0,4.0,1.0,2.0,0.0,3,1.0,1.0,0.0,1.0,0.0,118.0,1.0,4.0
3f034750,30.0,20.0,10.0,1.0,0.0,0.0,0,0.0,0.0,0.0,0.0,0.0,20.0,0.0,0.0
b0b4fd3e,271.0,261.0,9.0,2.0,0.0,2.0,7,3.0,4.0,2.0,0.0,0.0,235.0,1.0,7.0
df69b544,245.0,225.0,19.0,3.0,3.0,3.0,20,2.0,12.0,11.0,0.0,1.0,190.0,1.0,3.0
ffbbc83b,41.0,37.0,4.0,4.0,0.0,0.0,3,0.0,0.0,0.0,0.0,0.0,34.0,0.0,1.0
b1f4086c,428.0,364.0,64.0,11.0,1.0,1.0,15,53.0,0.0,0.0,0.0,0.0,357.0,0.0,9.0
8b8e759d,79.0,78.0,1.0,1.0,0.0,0.0,1,0.0,0.0,0.0,0.0,0.0,67.0,0.0,3.0
0076ab7f,328.0,309.0,19.0,16.0,0.0,6.0,0,2.0,0.0,0.0,0.0,0.0,296.0,0.0,2.0
e6bc67d7,12.0,12.0,0.0,0.0,0.0,0.0,1,0.0,0.0,0.0,0.0,0.0,9.0,0.0,2.0
5ea8ef20,257.0,245.0,10.0,1.0,0.0,0.0,5,5.0,2.0,0.0,0.0,0.0,223.0,2.0,3.0
048a1cbc,246.0,205.0,41.0,6.0,0.0,0.0,6,33.0,2.0,0.0,1.0,0.0,207.0,0.0,5.0
7155e3e1,51.0,50.0,1.0,1.0,0.0,2.0,0,0.0,0.0,0.0,0.0,0.0,47.0,0.0,0.0
bcb2ccd8,64.0,52.0,12.0,0.0,0.0,0.0,0,0.0,0.0,0.0,0.0,0.0,51.0,0.0,0.0
819b3158,488.0,476.0,11.0,7.0,1.0,0.0,5,1.0,3.0,1.0,1.0,1.0,436.0,1.0,7.0
5ad50391,423.0,414.0,8.0,6.0,0.0,10.0,0,2.0,0.0,0.0,0.0,0.0,377.0,1.0,5.0
1f44ac21,49.0,43.0,6.0,0.0,0.0,0.0,1,0.0,0.0,0.0,0.0,0.0,40.0,0.0,3.0
92432bc6,174.0,173.0,0.0,0.0,1.0,0.0,0,0.0,0.0,0.0,0.0,0.0,156.0,1.0,2.0
e42d61c7,307.0,294.0,11.0,0.0,0.0,0.0,5,11.0,0.0,0.0,0.0,0.0,280.0,2.0,4.0
d2fd7c14,107.0,91.0,16.0,4.0,1.0,2.0,18,1.0,9.0,4.0,2.0,0.0,78.0,0.0,2.0
ba115a40,20.0,19.0,1.0,0.0,0.0,0.0,0,0.0,0.0,0.0,0.0,0.0,16.0,0.0,2.0
8ff2354e,116.0,96.0,20.0,4.0,0.0,0.0,10,15.0,1.0,0.0,0.0,0.0,98.0,0.0,2.0
e7d59f4f,215.0,192.0,20.0,3.0,2.0,3.0,13,1.0,14.0,4.0,4.0,0.0,181.0,3.0,2.0
cb4f24c6,174.0,135.0,39.0,7.0,0.0,0.0,0,0.0,0.0,0.0,0.0,0.0,162.0,0.0,0.0
9ab16552,153.0,148.0,5.0,5.0,0.0,2.0,0,0.0,0.0,0.0,0.0,0.0,125.0,0.0,0.0
78f85621,242.0,240.0,2.0,1.0,3.0,2.0,1,1.0,0.0,0.0,0.0,0.0,188.0,0.0,3.0
8454388c,127.0,101.0,25.0,2.0,0.0,0.0,10,23.0,0.0,0.0,0.0,0.0,92.0,1.0,3.0
fed7cb61,183.0,178.0,4.0,0.0,1.0,2.0,5,2.0,0.0,0.0,0.0,0.0,137.0,1.0,3.0
a39bb753,66.0,63.0,3.0,0.0,0.0,0.0,0,2.0,0.0,0.0,0.0,0.0,58.0,0.0,1.0
50871bcc,98.0,81.0,17.0,4.0,0.0,1.0,7,9.0,4.0,3.0,1.0,0.0,75.0,0.0,3.0
40d08dcd,140.0,109.0,30.0,2.0,0.0,2.0,15,20.0,8.0,0.0,1.0,0.0,101.0,1.0,5.0
61f63784,84.0,80.0,3.0,3.0,0.0,0.0,1,0.0,0.0,0.0,0.0,0.0,73.0,1.0,2.0
935e6b8f,212.0,204.0,7.0,4.0,2.0,1.0,2,1.0,0.0,0.0,0.0,0.0,185.0,1.0,3.0
ffed43e3,56.0,55.0,1.0,1.0,0.0,1.0,0,0.0,0.0,0.0,0.0,0.0,44.0,0.0,0.0
0a89e877,73.0,67.0,6.0,0.0,1.0,1.0,5,6.0,0.0,0.0,0.0,0.0,64.0,0.0,1.0
555f3a0b,120.0,116.0,4.0,2.0,0.0,1.0,4,2.0,0.0,0.0,0.0,0.0,109.0,0.0,0.0
c3ee18ef,135.0,133.0,1.0,0.0,0.0,2.0,0,0.0,0.0,0.0,0.0,0.0,118.0,1.0,2.0
d4c9725f,295.0,236.0,58.0,11.0,1.0,3.0,16,39.0,8.0,2.0,6.0,0.0,242.0,1.0,15.0
92e7e919,172.0,136.0,33.0,10.0,0.0,0.0,29,2.0,21.0,14.0,2.0,0.0,113.0,3.0,7.0
0c7a48f8,308.0,285.0,23.0,7.0,0.0,0.0,6,13.0,0.0,0.0,0.0,0.0,251.0,0.0,8.0
5521f419,88.0,86.0,2.0,0.0,1.0,0.0,1,1.0,0.0,0.0,0.0,0.0,65.0,0.0,0.0
d92ab59f,85.0,60.0,25.0,1.0,0.0,0.0,15,24.0,0.0,0.0,0.0,0.0,55.0,0.0,2.0
ad3389d5,203.0,155.0,47.0,12.0,0.0,0.0,0,0.0,0.0,0.0,0.0,0.0,160.0,1.0,0.0
15f3ec41,215.0,198.0,13.0,5.0,2.0,4.0,11,2.0,5.0,3.0,0.0,0.0,173.0,4.0,3.0
05d548d8,224.0,218.0,5.0,5.0,0.0,5.0,0,0.0,0.0,0.0,0.0,0.0,190.0,1.0,3.0
8b04d6c1,381.0,366.0,12.0,4.0,0.0,4.0,6,3.0,0.0,0.0,0.0,0.0,336.0,3.0,2.0
ba492306,8.0,8.0,0.0,0.0,0.0,0.0,4,0.0,0.0,0.0,0.0,0.0,4.0,0.0,0.0
33651873,378.0,355.0,22.0,19.0,0.0,4.0,0,1.0,0.0,0.0,0.0,0.0,330.0,1.0,2.0
a0b4bb3e,198.0,185.0,12.0,7.0,1.0,2.0,4,0.0,4.0,0.0,3.0,0.0,168.0,1.0,6.0
1f994616,70.0,40.0,30.0,8.0,0.0,0.0,0,0.0,0.0,0.0,0.0,0.0,43.0,0.0,0.0
29fbdc88,215.0,211.0,4.0,1.0,0.0,3.0,4,3.0,0.0,0.0,0.0,0.0,175.0,0.0,6.0
d97cccc9,77.0,77.0,0.0,0.0,0.0,0.0,3,0.0,0.0,0.0,0.0,0.0,61.0,0.0,1.0
a8ee54ad,362.0,316.0,46.0,6.0,0.0,4.0,11,40.0,0.0,0.0,0.0,0.0,279.0,0.0,6.0
1265a93a,352.0,307.0,43.0,5.0,0.0,4.0,25,37.0,1.0,1.0,0.0,0.0,292.0,2.0,14.0
4737cebe,19.0,18.0,1.0,0.0,0.0,0.0,1,0.0,1.0,1.0,0.0,0.0,15.0,0.0,1.0
eeba07f8,32.0,31.0,1.0,0.0,0.0,0.0,1,0.0,0.0,0.0,0.0,0.0,21.0,0.0,1.0
213f0daf,90.0,74.0,16.0,1.0,0.0,1.0,4,15.0,0.0,0.0,0.0,0.0,72.0,0.0,2.0
b244e804,122.0,97.0,23.0,5.0,0.0,3.0,4,18.0,0.0,0.0,0.0,0.0,96.0,2.0,6.0
cd1629bc,167.0,163.0,3.0,2.0,0.0,4.0,0,1.0,0.0,0.0,0.0,0.0,145.0,1.0,0.0
ee644761,457.0,445.0,12.0,11.0,0.0,1.0,0,1.0,0.0,0.0,0.0,0.0,427.0,0.0,1.0
79083382,47.0,45.0,2.0,2.0,0.0,0.0,0,0.0,0.0,0.0,0.0,0.0,42.0,0.0,0.0
f9bd541e,74.0,70.0,4.0,0.0,0.0,0.0,4,2.0,0.0,0.0,0.0,0.0,49.0,0.0,4.0
c16c4e3b,83.0,70.0,13.0,3.0,2.0,3.0,14,0.0,10.0,8.0,1.0,0.0,56.0,0.0,4.0
4fb9c88f,45.0,44.0,0.0,0.0,0.0,0.0,1,0.0,0.0,0.0,0.0,0.0,36.0,1.0,1.0
1bacc518,175.0,167.0,7.0,5.0,2.0,0.0,4,1.0,0.0,0.0,0.0,0.0,152.0,1.0,7.0
2a0c8ba4,171.0,165.0,6.0,6.0,1.0,2.0,1,0.0,0.0,0.0,0.0,0.0,157.0,0.0,1.0
45db685d,361.0,345.0,14.0,14.0,2.0,0.0,1,0.0,0.0,0.0,0.0,0.0,334.0,2.0,2.0
2b65fe46,111.0,99.0,12.0,0.0,1.0,0.0,15,7.0,5.0,2.0,0.0,0.0,84.0,0.0,4.0
178ae8f8,80.0,78.0,1.0,0.0,0.0,0.0,2,0.0,0.0,0.0,0.0,0.0,64.0,1.0,2.0
7111d552,265.0,258.0,7.0,1.0,2.0,6.0,11,3.0,2.0,0.0,0.0,0.0,207.0,0.0,10.0
0a084b35,342.0,289.0,51.0,5.0,0.0,0.0,19,46.0,0.0,0.0,0.0,0.0,281.0,2.0,10.0
2a9f6b4d,125.0,113.0,12.0,0.0,0.0,1.0,1,0.0,2.0,0.0,0.0,0.0,88.0,0.0,4.0
c066d1a5,51.0,45.0,6.0,0.0,0.0,0.0,5,6.0,0.0,0.0,0.0,0.0,44.0,0.0,2.0
85f7d1be,420.0,391.0,29.0,10.0,0.0,2.0,4,19.0,0.0,0.0,0.0,0.0,370.0,0.0,2.0
df064106,238.0,207.0,31.0,18.0,0.0,4.0,23,0.0,13.0,5.0,4.0,0.0,171.0,0.0,7.0
15b287da,280.0,258.0,20.0,9.0,0.0,4.0,14,0.0,8.0,4.0,3.0,0.0,221.0,2.0,6.0
4da9191b,40.0,37.0,3.0,3.0,0.0,0.0,0,0.0,0.0,0.0,0.0,0.0,39.0,0.0,0.0
17458720,0.0,0.0,0.0,0.0,0.0,0.0,0,0.0,0.0,0.0,0.0,0.0,0.0,0.0,0.0
0ca476cc,41.0,38.0,3.0,0.0,0.0,1.0,0,0.0,0.0,0.0,0.0,0.0,32.0,0.0,1.0
b825a650,155.0,151.0,3.0,2.0,0.0,0.0,0,1.0,0.0,0.0,0.0,0.0,148.0,1.0,0.0
21a66f6a,219.0,206.0,9.0,4.0,6.0,2.0,8,1.0,0.0,0.0,0.0,0.0,135.0,4.0,8.0
23a10591,3.0,3.0,0.0,0.0,0.0,0.0,0,0.0,0.0,0.0,0.0,0.0,2.0,0.0,0.0
3d50bcdb,18.0,17.0,1.0,0.0,0.0,1.0,2,0.0,0.0,0.0,0.0,0.0,12.0,0.0,1.0
316de854,120.0,105.0,15.0,0.0,1.0,0.0,9,2.0,2.0,0.0,0.0,0.0,98.0,0.0,4.0
05e19d6a,185.0,180.0,5.0,4.0,0.0,1.0,6,1.0,0.0,0.0,0.0,0.0,160.0,0.0,3.0
862fa9fb,222.0,219.0,3.0,3.0,0.0,1.0,0,0.0,0.0,0.0,0.0,0.0,191.0,0.0,1.0
49296448,487.0,441.0,44.0,20.0,3.0,1.0,28,4.0,20.0,9.0,10.0,0.0,424.0,2.0,3.0
aef6e670,103.0,92.0,11.0,4.0,0.0,0.0,0,5.0,0.0,0.0,0.0,0.0,98.0,0.0,2.0
82c615f8,198.0,190.0,8.0,4.0,0.0,2.0,1,4.0,0.0,0.0,0.0,0.0,156.0,0.0,5.0
8b8a56ce,136.0,131.0,5.0,5.0,0.0,0.0,0,0.0,0.0,0.0,0.0,0.0,120.0,0.0,0.0
2b0852db,152.0,141.0,10.0,2.0,0.0,0.0,19,2.0,6.0,6.0,0.0,0.0,96.0,1.0,2.0
15fd5593,66.0,65.0,1.0,1.0,0.0,0.0,1,0.0,0.0,0.0,0.0,0.0,59.0,0.0,1.0
c2a30c01,8.0,8.0,0.0,0.0,0.0,0.0,0,0.0,0.0,0.0,0.0,0.0,7.0,0.0,0.0
ca8033cb,14.0,12.0,0.0,0.0,0.0,0.0,0,0.0,0.0,0.0,0.0,0.0,10.0,2.0,0.0
19a967ab,120.0,93.0,27.0,1.0,0.0,0.0,4,26.0,0.0,0.0,0.0,0.0,78.0,0.0,1.0
cd59b9df,143.0,112.0,30.0,12.0,0.0,0.0,0,0.0,0.0,0.0,0.0,0.0,109.0,1.0,0.0
ff74841d,143.0,89.0,54.0,22.0,0.0,0.0,0,0.0,0.0,0.0,0.0,0.0,95.0,0.0,0.0
6747869d,8.0,7.0,1.0,0.0,0.0,0.0,0,1.0,0.0,0.0,0.0,0.0,7.0,0.0,0.0
55126f3b,260.0,248.0,11.0,8.0,0.0,3.0,3,2.0,1.0,0.0,0.0,0.0,230.0,1.0,1.0
3935e52e,118.0,108.0,10.0,6.0,0.0,0.0,0,4.0,0.0,0.0,0.0,0.0,102.0,0.0,1.0
c0b3669f,95.0,86.0,6.0,0.0,0.0,0.0,4,0.0,0.0,0.0,0.0,0.0,61.0,3.0,1.0
5ed9b537,103.0,98.0,4.0,3.0,0.0,0.0,0,1.0,0.0,0.0,0.0,0.0,80.0,1.0,0.0
cce181df,210.0,206.0,2.0,1.0,0.0,9.0,2,1.0,0.0,0.0,0.0,0.0,182.0,2.0,1.0
aee634bf,212.0,177.0,32.0,3.0,0.0,2.0,5,29.0,0.0,0.0,0.0,0.0,175.0,3.0,9.0
6f639ec7,19.0,17.0,2.0,0.0,0.0,0.0,2,0.0,0.0,0.0,0.0,0.0,14.0,0.0,0.0
1f3afdcb,314.0,290.0,24.0,6.0,1.0,2.0,2,18.0,0.0,0.0,0.0,0.0,260.0,0.0,6.0
b1cd37e6,249.0,226.0,21.0,6.0,0.0,1.0,41,11.0,4.0,1.0,3.0,0.0,172.0,2.0,8.0
da974c7b,308.0,301.0,7.0,7.0,0.0,5.0,0,0.0,0.0,0.0,0.0,0.0,279.0,0.0,1.0
4d1666ff,221.0,207.0,14.0,2.0,0.0,2.0,2,12.0,0.0,0.0,0.0,0.0,200.0,0.0,0.0
79c0821a,306.0,297.0,7.0,7.0,1.0,1.0,0,0.0,0.0,0.0,0.0,0.0,266.0,2.0,6.0
9606f0b2,4.0,4.0,0.0,0.0,0.0,0.0,0,0.0,0.0,0.0,0.0,0.0,2.0,0.0,0.0
6ce1f46f,593.0,550.0,41.0,18.0,0.0,7.0,20,2.0,21.0,9.0,6.0,0.0,547.0,2.0,3.0
817c6964,140.0,136.0,2.0,0.0,0.0,2.0,0,2.0,0.0,0.0,0.0,0.0,105.0,2.0,5.0
47420f02,4.0,4.0,0.0,0.0,0.0,0.0,0,0.0,0.0,0.0,0.0,0.0,4.0,0.0,0.0
292a652a,0.0,0.0,0.0,0.0,0.0,0.0,0,0.0,0.0,0.0,0.0,0.0,0.0,0.0,0.0
df3cda47,48.0,41.0,5.0,0.0,0.0,0.0,5,1.0,2.0,0.0,0.0,0.0,33.0,2.0,1.0
dea88efd,173.0,166.0,5.0,3.0,5.0,3.0,7,1.0,1.0,0.0,0.0,0.0,121.0,2.0,4.0
c1b7847c,73.0,70.0,3.0,1.0,0.0,0.0,1,2.0,0.0,0.0,0.0,0.0,60.0,0.0,1.0
abe66106,121.0,118.0,2.0,0.0,1.0,1.0,3,1.0,0.0,0.0,0.0,0.0,97.0,1.0,1.0
8e034340,127.0,103.0,22.0,4.0,0.0,1.0,15,7.0,8.0,6.0,0.0,0.0,88.0,2.0,6.0
119b9a8e,255.0,252.0,3.0,0.0,0.0,1.0,0,3.0,0.0,0.0,0.0,0.0,240.0,0.0,1.0
e7af9060,1.0,1.0,0.0,0.0,0.0,0.0,0,0.0,0.0,0.0,0.0,0.0,1.0,0.0,0.0
8b929ec2,0.0,0.0,0.0,0.0,0.0,0.0,0,0.0,0.0,0.0,0.0,0.0,0.0,0.0,0.0
da9018ca,274.0,266.0,7.0,7.0,1.0,0.0,2,0.0,0.0,0.0,0.0,0.0,229.0,1.0,5.0
20730eae,166.0,162.0,4.0,0.0,1.0,3.0,21,4.0,0.0,0.0,0.0,0.0,122.0,0.0,7.0
4dbd0916,64.0,57.0,6.0,2.0,0.0,3.0,6,0.0,4.0,2.0,1.0,0.0,50.0,1.0,1.0
4f28a6ff,301.0,291.0,10.0,5.0,0.0,1.0,5,5.0,0.0,0.0,0.0,0.0,251.0,0.0,2.0
bbd86530,86.0,63.0,22.0,3.0,0.0,0.0,6,17.0,2.0,1.0,0.0,1.0,59.0,1.0,3.0
1b82f8df,164.0,160.0,4.0,2.0,1.0,2.0,4,2.0,0.0,0.0,0.0,0.0,127.0,0.0,3.0
8d78e732,131.0,124.0,5.0,0.0,5.0,0.0,6,0.0,0.0,0.0,0.0,0.0,86.0,2.0,5.0
b57e066e,97.0,92.0,5.0,1.0,0.0,0.0,1,4.0,0.0,0.0,0.0,0.0,88.0,0.0,0.0
d6e53a3a,264.0,257.0,6.0,5.0,0.0,0.0,0,1.0,0.0,0.0,0.0,0.0,247.0,1.0,0.0
37dc1a48,133.0,122.0,11.0,2.0,1.0,0.0,10,3.0,5.0,1.0,4.0,0.0,87.0,0.0,8.0
58f077c0,253.0,150.0,103.0,27.0,0.0,0.0,0,0.0,0.0,0.0,0.0,0.0,172.0,0.0,0.0
99a8ddc9,363.0,299.0,64.0,14.0,0.0,8.0,9,50.0,0.0,0.0,0.0,0.0,272.0,0.0,14.0
02c15616,117.0,108.0,7.0,0.0,0.0,0.0,3,7.0,0.0,0.0,0.0,0.0,98.0,2.0,5.0
8f62b6ee,176.0,129.0,47.0,5.0,0.0,0.0,0,0.0,0.0,0.0,0.0,0.0,150.0,0.0,0.0
e9fda01d,21.0,16.0,3.0,0.0,0.0,0.0,0,0.0,0.0,0.0,0.0,0.0,16.0,2.0,0.0
e1cbb531,428.0,420.0,8.0,6.0,0.0,3.0,0,1.0,0.0,0.0,0.0,0.0,390.0,0.0,5.0
a8a874f1,196.0,186.0,9.0,5.0,1.0,2.0,6,1.0,3.0,3.0,0.0,0.0,170.0,1.0,1.0
e97fd090,183.0,178.0,3.0,2.0,0.0,2.0,1,0.0,0.0,0.0,0.0,0.0,160.0,2.0,1.0
20b9f052,177.0,142.0,34.0,9.0,0.0,1.0,0,0.0,0.0,0.0,0.0,0.0,135.0,1.0,0.0
8e50599a,3.0,3.0,0.0,0.0,0.0,0.0,0,0.0,0.0,0.0,0.0,0.0,2.0,0.0,0.0
a69e4806,92.0,87.0,3.0,0.0,0.0,0.0,13,2.0,1.0,0.0,1.0,0.0,57.0,2.0,4.0
881cd6be,378.0,371.0,6.0,6.0,0.0,3.0,0,0.0,0.0,0.0,0.0,0.0,329.0,1.0,6.0
5eae500a,15.0,15.0,0.0,0.0,1.0,0.0,0,0.0,0.0,0.0,0.0,0.0,12.0,0.0,1.0
0df2b165,217.0,209.0,4.0,2.0,0.0,3.0,2,2.0,0.0,0.0,0.0,0.0,173.0,4.0,1.0
3061e1ec,43.0,32.0,11.0,2.0,0.0,0.0,0,0.0,0.0,0.0,0.0,0.0,41.0,0.0,0.0
7be09c86,7.0,7.0,0.0,0.0,0.0,0.0,0,0.0,0.0,0.0,0.0,0.0,6.0,0.0,0.0
395451fc,71.0,71.0,0.0,0.0,0.0,0.0,6,0.0,0.0,0.0,0.0,0.0,51.0,0.0,5.0
892d5bb1,286.0,262.0,24.0,3.0,0.0,7.0,18,7.0,14.0,6.0,1.0,1.0,246.0,0.0,4.0
fcb38f57,59.0,48.0,11.0,2.0,0.0,0.0,0,0.0,0.0,0.0,0.0,0.0,53.0,0.0,0.0
864163f3,50.0,45.0,5.0,0.0,0.0,0.0,1,1.0,2.0,0.0,1.0,0.0,37.0,0.0,2.0
c20bdcd7,383.0,351.0,31.0,4.0,0.0,1.0,5,27.0,0.0,0.0,0.0,0.0,339.0,1.0,5.0
c691bfe2,186.0,180.0,5.0,0.0,4.0,0.0,4,4.0,0.0,0.0,0.0,0.0,147.0,1.0,8.0
7a20d90a,104.0,95.0,9.0,4.0,1.0,0.0,0,0.0,0.0,0.0,0.0,0.0,90.0,0.0,0.0
133faa84,164.0,162.0,2.0,2.0,0.0,1.0,0,0.0,0.0,0.0,0.0,0.0,141.0,0.0,1.0
f0da930c,288.0,281.0,6.0,6.0,0.0,2.0,1,0.0,0.0,0.0,0.0,0.0,253.0,1.0,1.0
5c4dc0ff,4.0,4.0,0.0,0.0,0.0,0.0,0,0.0,0.0,0.0,0.0,0.0,2.0,0.0,0.0
148af9a8,4.0,4.0,0.0,0.0,0.0,0.0,0,0.0,0.0,0.0,0.0,0.0,3.0,0.0,0.0
f0021247,357.0,338.0,19.0,6.0,2.0,1.0,21,3.0,10.0,4.0,3.0,0.0,302.0,0.0,8.0
82a39b66,104.0,83.0,21.0,2.0,0.0,1.0,8,19.0,0.0,0.0,0.0,0.0,78.0,0.0,2.0
d5f2f82b,386.0,364.0,22.0,13.0,1.0,1.0,0,2.0,0.0,0.0,0.0,0.0,357.0,0.0,2.0
b4ecc6b6,27.0,26.0,1.0,1.0,0.0,0.0,0,0.0,0.0,0.0,0.0,0.0,24.0,0.0,0.0
f7036e1c,131.0,122.0,8.0,0.0,2.0,0.0,2,0.0,0.0,0.0,0.0,0.0,96.0,1.0,4.0
f3945e07,34.0,33.0,1.0,0.0,0.0,0.0,0,0.0,0.0,0.0,0.0,0.0,19.0,0.0,1.0
55abe554,79.0,70.0,9.0,1.0,0.0,0.0,2,8.0,0.0,0.0,0.0,0.0,61.0,0.0,3.0
feb5d972,60.0,56.0,4.0,3.0,0.0,0.0,0,1.0,0.0,0.0,0.0,0.0,50.0,0.0,3.0
b217ef29,175.0,172.0,3.0,3.0,0.0,0.0,0,0.0,0.0,0.0,0.0,0.0,155.0,0.0,0.0
33144cc5,18.0,18.0,0.0,0.0,0.0,0.0,1,0.0,0.0,0.0,0.0,0.0,9.0,0.0,2.0
1adcf39e,444.0,399.0,44.0,11.0,0.0,2.0,0,0.0,0.0,0.0,0.0,0.0,393.0,1.0,3.0
826e8b63,35.0,24.0,10.0,3.0,0.0,0.0,7,6.0,1.0,0.0,1.0,0.0,23.0,1.0,2.0
0e6bc38c,75.0,69.0,2.0,0.0,3.0,0.0,0,0.0,0.0,0.0,0.0,0.0,55.0,4.0,0.0
b74277a0,312.0,271.0,40.0,4.0,0.0,1.0,8,36.0,0.0,0.0,0.0,0.0,260.0,1.0,5.0
42fd9c7f,259.0,246.0,12.0,1.0,1.0,1.0,19,1.0,2.0,0.0,0.0,0.0,196.0,1.0,5.0
e76cb9cc,278.0,269.0,6.0,4.0,0.0,3.0,9,2.0,0.0,0.0,0.0,0.0,226.0,3.0,5.0
64b08de7,10.0,10.0,0.0,0.0,0.0,0.0,0,0.0,0.0,0.0,0.0,0.0,8.0,0.0,1.0
f3a97d02,196.0,132.0,62.0,11.0,0.0,0.0,0,0.0,0.0,0.0,0.0,0.0,121.0,2.0,0.0
6800f515,157.0,155.0,1.0,1.0,0.0,0.0,1,0.0,0.0,0.0,0.0,0.0,139.0,1.0,3.0
01c3aff5,152.0,145.0,5.0,0.0,0.0,0.0,3,5.0,0.0,0.0,0.0,0.0,115.0,2.0,6.0
3b0108d6,31.0,24.0,7.0,2.0,0.0,0.0,0,0.0,0.0,0.0,0.0,0.0,21.0,0.0,0.0
0a6dbbf7,409.0,398.0,11.0,9.0,0.0,4.0,0,0.0,0.0,0.0,0.0,0.0,357.0,0.0,2.0
95f5aae8,260.0,217.0,41.0,2.0,2.0,1.0,4,39.0,0.0,0.0,0.0,0.0,187.0,2.0,7.0
38f8ce7f,38.0,31.0,6.0,0.0,0.0,0.0,1,6.0,0.0,0.0,0.0,0.0,31.0,1.0,0.0
48b3dd60,13.0,12.0,1.0,1.0,0.0,0.0,0,0.0,0.0,0.0,0.0,0.0,11.0,0.0,0.0
8f696594,16.0,15.0,1.0,0.0,0.0,0.0,0,0.0,1.0,0.0,0.0,0.0,14.0,0.0,0.0
a30e23de,30.0,26.0,4.0,1.0,0.0,0.0,1,3.0,0.0,0.0,0.0,0.0,21.0,0.0,1.0
f20e4cc9,176.0,144.0,31.0,2.0,0.0,3.0,9,29.0,0.0,0.0,0.0,0.0,135.0,1.0,10.0
33887998,25.0,21.0,4.0,1.0,0.0,0.0,0,0.0,0.0,0.0,0.0,0.0,23.0,0.0,0.0
3cefcaef,304.0,284.0,20.0,1.0,0.0,1.0,2,19.0,0.0,0.0,0.0,0.0,289.0,0.0,3.0
9413b19f,213.0,149.0,63.0,12.0,0.0,0.0,0,0.0,0.0,0.0,0.0,0.0,188.0,1.0,0.0
d70ce98e,360.0,338.0,20.0,6.0,6.0,1.0,10,1.0,10.0,3.0,5.0,0.0,310.0,2.0,9.0
f49c4ae9,33.0,30.0,3.0,0.0,0.0,0.0,1,3.0,0.0,0.0,0.0,0.0,27.0,0.0,0.0
e162b013,259.0,218.0,40.0,3.0,1.0,0.0,11,37.0,0.0,0.0,0.0,0.0,202.0,1.0,6.0
b56dd813,155.0,114.0,40.0,6.0,0.0,0.0,0,0.0,0.0,0.0,0.0,0.0,130.0,1.0,0.0
d436eb94,288.0,194.0,93.0,27.0,0.0,1.0,0,0.0,0.0,0.0,0.0,0.0,209.0,1.0,0.0
85613cf0,87.0,82.0,4.0,0.0,0.0,1.0,3,0.0,0.0,0.0,0.0,0.0,64.0,1.0,2.0
2784f898,281.0,265.0,15.0,6.0,1.0,7.0,1,2.0,0.0,0.0,0.0,0.0,254.0,1.0,5.0
2f90f6b8,106.0,102.0,4.0,2.0,1.0,1.0,4,1.0,0.0,0.0,0.0,0.0,85.0,0.0,3.0
e0f8151c,478.0,465.0,13.0,12.0,1.0,3.0,0,1.0,0.0,0.0,0.0,0.0,422.0,0.0,1.0
bbf5c11b,34.0,33.0,1.0,0.0,0.0,0.0,0,0.0,0.0,0.0,0.0,0.0,21.0,0.0,1.0
34693494,96.0,92.0,3.0,1.0,0.0,3.0,5,0.0,2.0,1.0,1.0,0.0,67.0,1.0,5.0
46152b69,285.0,270.0,14.0,11.0,0.0,8.0,3,1.0,0.0,0.0,0.0,0.0,255.0,1.0,1.0
dd0daf32,225.0,221.0,2.0,0.0,1.0,3.0,7,1.0,1.0,1.0,0.0,0.0,176.0,2.0,13.0
34e4343c,44.0,44.0,0.0,0.0,0.0,0.0,3,0.0,0.0,0.0,0.0,0.0,27.0,0.0,1.0
6025fab1,318.0,305.0,13.0,5.0,2.0,4.0,9,0.0,6.0,0.0,4.0,0.0,277.0,0.0,1.0
cfdacb90,224.0,219.0,4.0,2.0,0.0,3.0,1,0.0,1.0,0.0,0.0,0.0,190.0,1.0,5.0
b62878a5,123.0,107.0,15.0,0.0,0.0,1.0,2,1.0,0.0,0.0,0.0,0.0,102.0,1.0,2.0
25b74470,183.0,171.0,12.0,1.0,0.0,0.0,15,11.0,0.0,0.0,0.0,0.0,148.0,0.0,4.0
23610943,364.0,311.0,51.0,2.0,2.0,0.0,38,45.0,4.0,3.0,1.0,0.0,266.0,2.0,5.0
374d5158,142.0,124.0,17.0,5.0,0.0,0.0,7,12.0,0.0,0.0,0.0,0.0,114.0,1.0,2.0
47b7e3af,139.0,131.0,8.0,1.0,0.0,1.0,13,2.0,5.0,1.0,1.0,0.0,111.0,0.0,4.0
129af0db,59.0,53.0,6.0,0.0,0.0,0.0,2,0.0,0.0,0.0,0.0,0.0,39.0,0.0,3.0
ef88f778,63.0,57.0,6.0,0.0,1.0,2.0,1,1.0,0.0,0.0,0.0,0.0,41.0,0.0,4.0
a650c75b,149.0,145.0,4.0,3.0,0.0,3.0,0,1.0,0.0,0.0,0.0,0.0,116.0,0.0,5.0
736157b7,132.0,115.0,16.0,2.0,0.0,0.0,10,14.0,0.0,0.0,0.0,0.0,81.0,1.0,9.0
6ce43701,43.0,39.0,3.0,0.0,0.0,0.0,1,0.0,0.0,0.0,0.0,0.0,35.0,1.0,2.0
9674002f,264.0,246.0,15.0,3.0,1.0,3.0,21,4.0,7.0,0.0,6.0,0.0,213.0,3.0,6.0
2b622f01,61.0,58.0,2.0,0.0,0.0,1.0,4,2.0,0.0,0.0,0.0,0.0,37.0,1.0,2.0
049a888d,20.0,20.0,0.0,0.0,1.0,0.0,2,0.0,0.0,0.0,0.0,0.0,11.0,0.0,3.0
049a888d,154.0,137.0,17.0,7.0,5.0,0.0,21,1.0,9.0,3.0,5.0,1.0,111.0,0.0,3.0
dbfbdf06,6.0,6.0,0.0,0.0,0.0,0.0,0,0.0,0.0,0.0,0.0,0.0,4.0,0.0,0.0
ac73ec79,38.0,38.0,0.0,0.0,0.0,0.0,2,0.0,0.0,0.0,0.0,0.0,28.0,0.0,3.0
3c6089ab,108.0,105.0,3.0,1.0,0.0,0.0,0,0.0,0.0,0.0,0.0,0.0,89.0,0.0,0.0
4567a0b4,41.0,41.0,0.0,0.0,0.0,0.0,0,0.0,0.0,0.0,0.0,0.0,27.0,0.0,0.0
2c0558b8,128.0,124.0,2.0,0.0,0.0,0.0,1,0.0,1.0,1.0,0.0,0.0,112.0,2.0,2.0
3e9bd29d,204.0,184.0,19.0,2.0,0.0,0.0,5,17.0,0.0,0.0,0.0,0.0,166.0,1.0,3.0
441197b8,369.0,361.0,8.0,5.0,0.0,1.0,1,3.0,0.0,0.0,0.0,0.0,309.0,0.0,5.0
2946f9a1,226.0,212.0,14.0,2.0,0.0,1.0,0,12.0,0.0,0.0,0.0,0.0,207.0,0.0,2.0
3f10bd22,112.0,91.0,20.0,1.0,0.0,0.0,10,19.0,0.0,0.0,0.0,0.0,85.0,1.0,5.0
e7281ea9,22.0,19.0,3.0,0.0,0.0,0.0,1,3.0,0.0,0.0,0.0,0.0,14.0,0.0,0.0
5cdddffa,196.0,192.0,3.0,2.0,3.0,2.0,1,0.0,0.0,0.0,0.0,0.0,172.0,1.0,1.0
4f1e6a0b,159.0,146.0,13.0,1.0,1.0,1.0,15,2.0,10.0,4.0,0.0,0.0,115.0,0.0,7.0
953597a1,36.0,36.0,0.0,0.0,0.0,0.0,0,0.0,0.0,0.0,0.0,0.0,34.0,0.0,0.0
8778c910,121.0,94.0,26.0,4.0,0.0,0.0,0,0.0,0.0,0.0,0.0,0.0,98.0,1.0,0.0
c2a15a27,0.0,0.0,0.0,0.0,0.0,0.0,0,0.0,0.0,0.0,0.0,0.0,0.0,0.0,0.0
69384e5d,393.0,350.0,39.0,17.0,4.0,2.0,19,3.0,15.0,8.0,3.0,0.0,321.0,4.0,5.0
5853ac44,95.0,95.0,0.0,0.0,1.0,1.0,0,0.0,0.0,0.0,0.0,0.0,86.0,0.0,0.0
f6a90edd,158.0,144.0,13.0,6.0,1.0,0.0,17,1.0,6.0,5.0,1.0,0.0,102.0,1.0,9.0
c14bc029,143.0,126.0,15.0,0.0,0.0,0.0,6,15.0,0.0,0.0,0.0,0.0,114.0,2.0,2.0
7c56da38,233.0,227.0,3.0,1.0,2.0,0.0,4,0.0,1.0,0.0,0.0,0.0,211.0,3.0,2.0
5458f670,4.0,4.0,0.0,0.0,0.0,0.0,0,0.0,0.0,0.0,0.0,0.0,3.0,0.0,1.0
4d77b365,90.0,88.0,2.0,0.0,1.0,0.0,10,1.0,0.0,0.0,0.0,0.0,55.0,0.0,6.0
4ab12002,17.0,17.0,0.0,0.0,0.0,0.0,0,0.0,0.0,0.0,0.0,0.0,14.0,0.0,0.0
fb495bb8,274.0,254.0,20.0,5.0,2.0,1.0,11,2.0,7.0,2.0,2.0,0.0,224.0,0.0,4.0
ee8508c0,113.0,74.0,38.0,4.0,0.0,0.0,0,0.0,0.0,0.0,0.0,0.0,79.0,1.0,0.0
a08b974a,13.0,12.0,0.0,0.0,0.0,0.0,0,0.0,0.0,0.0,0.0,0.0,11.0,1.0,0.0
a04e47f0,6.0,6.0,0.0,0.0,0.0,0.0,0,0.0,0.0,0.0,0.0,0.0,4.0,0.0,0.0
f7750aa0,319.0,264.0,52.0,6.0,0.0,4.0,2,46.0,0.0,0.0,0.0,0.0,256.0,3.0,9.0
ca607d59,73.0,72.0,0.0,0.0,0.0,1.0,4,0.0,0.0,0.0,0.0,0.0,50.0,1.0,2.0
41c12f75,335.0,276.0,59.0,9.0,0.0,3.0,5,50.0,0.0,0.0,0.0,0.0,279.0,0.0,9.0
ae44e8e2,24.0,22.0,2.0,0.0,1.0,0.0,3,0.0,2.0,0.0,1.0,0.0,14.0,0.0,0.0
e9c0c1b2,287.0,218.0,69.0,16.0,0.0,1.0,0,0.0,0.0,0.0,0.0,0.0,224.0,0.0,0.0
751a0fb5,247.0,239.0,7.0,7.0,0.0,5.0,0,0.0,0.0,0.0,0.0,0.0,206.0,1.0,5.0
20030c06,477.0,458.0,17.0,17.0,0.0,3.0,3,0.0,0.0,0.0,0.0,0.0,425.0,2.0,4.0
43a166b4,21.0,20.0,1.0,1.0,1.0,0.0,0,0.0,0.0,0.0,0.0,0.0,13.0,0.0,2.0
ee950928,172.0,151.0,21.0,3.0,2.0,1.0,16,3.0,13.0,3.0,3.0,0.0,121.0,0.0,9.0
c1242d4e,52.0,40.0,12.0,2.0,0.0,0.0,0,0.0,0.0,0.0,0.0,0.0,50.0,0.0,0.0
8c90fd7a,24.0,22.0,2.0,0.0,0.0,0.0,1,0.0,0.0,0.0,0.0,0.0,16.0,0.0,1.0
0d267745,379.0,371.0,7.0,6.0,0.0,11.0,0,1.0,0.0,0.0,0.0,0.0,341.0,1.0,3.0
28b1f3ce,263.0,215.0,47.0,20.0,2.0,2.0,14,10.0,11.0,4.0,4.0,0.0,200.0,1.0,11.0
15413fa5,270.0,262.0,8.0,8.0,1.0,4.0,1,0.0,0.0,0.0,0.0,0.0,229.0,0.0,4.0
e82adcab,79.0,76.0,2.0,1.0,0.0,1.0,4,0.0,1.0,0.0,1.0,0.0,61.0,1.0,0.0
dc7f8a28,63.0,62.0,1.0,0.0,0.0,0.0,4,0.0,1.0,0.0,0.0,0.0,54.0,0.0,3.0
13d23b29,6.0,6.0,0.0,0.0,0.0,0.0,0,0.0,0.0,0.0,0.0,0.0,2.0,0.0,1.0
dff153a4,240.0,212.0,28.0,20.0,0.0,1.0,10,3.0,5.0,3.0,1.0,0.0,214.0,0.0,3.0
5c899683,69.0,60.0,9.0,0.0,0.0,1.0,2,9.0,0.0,0.0,0.0,0.0,57.0,0.0,0.0
3392603d,283.0,234.0,47.0,14.0,0.0,1.0,0,0.0,0.0,0.0,0.0,0.0,187.0,2.0,1.0
a62c16d0,81.0,76.0,5.0,0.0,0.0,1.0,0,0.0,0.0,0.0,0.0,0.0,61.0,0.0,1.0
53070b63,17.0,16.0,1.0,0.0,0.0,0.0,1,0.0,1.0,0.0,0.0,0.0,13.0,0.0,0.0
45a03961,453.0,425.0,27.0,11.0,1.0,3.0,2,16.0,0.0,0.0,0.0,0.0,419.0,1.0,2.0
25146df0,219.0,211.0,8.0,8.0,0.0,3.0,1,0.0,0.0,0.0,0.0,0.0,153.0,0.0,6.0
58ae47b2,58.0,55.0,2.0,2.0,0.0,1.0,5,0.0,0.0,0.0,0.0,0.0,46.0,1.0,2.0
0d9b2d31,287.0,279.0,8.0,1.0,3.0,6.0,3,2.0,0.0,0.0,0.0,0.0,253.0,0.0,2.0
3b61c9ec,118.0,92.0,21.0,2.0,0.0,2.0,15,16.0,3.0,3.0,0.0,0.0,78.0,5.0,5.0
cc1c5035,39.0,29.0,10.0,2.0,0.0,0.0,0,0.0,0.0,0.0,0.0,0.0,37.0,0.0,0.0
c906ce0f,202.0,189.0,13.0,12.0,0.0,1.0,0,1.0,0.0,0.0,0.0,0.0,166.0,0.0,2.0
fc4e7637,251.0,212.0,39.0,4.0,1.0,1.0,10,33.0,2.0,0.0,1.0,0.0,193.0,0.0,6.0
8fd9996f,274.0,250.0,24.0,5.0,0.0,2.0,0,10.0,0.0,0.0,0.0,0.0,255.0,0.0,2.0
121101a4,304.0,291.0,13.0,13.0,0.0,0.0,1,0.0,0.0,0.0,0.0,0.0,260.0,0.0,1.0
4c62d0c8,55.0,45.0,10.0,1.0,0.0,0.0,0,0.0,0.0,0.0,0.0,0.0,46.0,0.0,0.0
6fe90922,267.0,206.0,60.0,6.0,0.0,4.0,53,39.0,15.0,11.0,3.0,0.0,180.0,1.0,7.0
51a56075,139.0,128.0,11.0,4.0,0.0,1.0,0,3.0,0.0,0.0,0.0,0.0,121.0,0.0,0.0
24228180,197.0,189.0,8.0,1.0,2.0,8.0,1,0.0,0.0,0.0,0.0,0.0,131.0,0.0,6.0
6db16dda,44.0,43.0,0.0,0.0,1.0,0.0,4,0.0,0.0,0.0,0.0,0.0,31.0,1.0,4.0
4f565d77,15.0,15.0,0.0,0.0,0.0,0.0,0,0.0,0.0,0.0,0.0,0.0,14.0,0.0,0.0
307877be,78.0,74.0,4.0,0.0,0.0,0.0,2,1.0,0.0,0.0,0.0,0.0,56.0,0.0,3.0
b5b2e1ba,47.0,44.0,2.0,1.0,0.0,1.0,4,1.0,0.0,0.0,0.0,0.0,33.0,1.0,1.0
5db20508,1.0,1.0,0.0,0.0,0.0,0.0,0,0.0,0.0,0.0,0.0,0.0,1.0,0.0,0.0
adfc9123,242.0,237.0,5.0,5.0,0.0,3.0,0,0.0,0.0,0.0,0.0,0.0,224.0,0.0,0.0
55a1cac2,79.0,76.0,2.0,2.0,1.0,0.0,2,0.0,0.0,0.0,0.0,0.0,51.0,1.0,3.0
d697a2d0,0.0,0.0,0.0,0.0,0.0,0.0,0,0.0,0.0,0.0,0.0,0.0,0.0,0.0,0.0
5e861944,125.0,114.0,9.0,4.0,2.0,3.0,11,2.0,3.0,1.0,0.0,0.0,89.0,2.0,3.0
27d0a506,234.0,179.0,53.0,15.0,0.0,3.0,22,34.0,4.0,0.0,3.0,0.0,162.0,2.0,6.0
d2416c2e,14.0,14.0,0.0,0.0,0.0,0.0,1,0.0,0.0,0.0,0.0,0.0,6.0,0.0,1.0
1bf33a9a,58.0,54.0,4.0,0.0,0.0,0.0,1,4.0,0.0,0.0,0.0,0.0,48.0,0.0,0.0
8794e251,240.0,235.0,5.0,2.0,1.0,0.0,8,3.0,0.0,0.0,0.0,0.0,204.0,0.0,5.0
89f951b5,245.0,238.0,6.0,4.0,1.0,6.0,4,1.0,0.0,0.0,0.0,0.0,207.0,1.0,7.0
f63cda26,96.0,93.0,2.0,0.0,0.0,0.0,3,0.0,0.0,0.0,0.0,0.0,62.0,1.0,3.0
08511d65,459.0,432.0,24.0,15.0,1.0,3.0,1,9.0,0.0,0.0,0.0,0.0,428.0,3.0,0.0
d720e834,3.0,2.0,1.0,1.0,0.0,0.0,0,0.0,0.0,0.0,0.0,0.0,3.0,0.0,0.0
3423f250,180.0,155.0,24.0,7.0,1.0,0.0,30,2.0,15.0,11.0,4.0,0.0,127.0,1.0,3.0
6e058f06,91.0,84.0,7.0,1.0,1.0,2.0,4,0.0,2.0,2.0,0.0,0.0,71.0,0.0,3.0
7d450ed3,320.0,267.0,53.0,9.0,0.0,1.0,37,36.0,8.0,1.0,6.0,0.0,264.0,0.0,6.0
536cebe5,87.0,86.0,1.0,0.0,1.0,0.0,9,1.0,0.0,0.0,0.0,0.0,52.0,0.0,3.0
ae1159bf,334.0,309.0,25.0,7.0,0.0,0.0,0,18.0,0.0,0.0,0.0,0.0,295.0,0.0,4.0
3376a776,37.0,34.0,3.0,1.0,0.0,0.0,1,2.0,0.0,0.0,0.0,0.0,35.0,0.0,0.0
c5cbbcff,130.0,105.0,23.0,4.0,0.0,0.0,1,19.0,0.0,0.0,0.0,0.0,106.0,2.0,5.0
36a3ff67,64.0,59.0,5.0,1.0,0.0,0.0,3,0.0,0.0,0.0,0.0,0.0,54.0,0.0,1.0
7fa4e703,119.0,109.0,10.0,0.0,0.0,0.0,9,5.0,5.0,3.0,1.0,0.0,87.0,0.0,3.0
fa031b34,102.0,101.0,1.0,0.0,1.0,1.0,1,0.0,0.0,0.0,0.0,0.0,72.0,0.0,7.0
7e56d3db,194.0,163.0,31.0,11.0,0.0,2.0,13,20.0,0.0,0.0,0.0,0.0,159.0,0.0,7.0
335fa267,189.0,174.0,15.0,1.0,0.0,1.0,3,13.0,0.0,0.0,0.0,0.0,173.0,0.0,1.0
2e4f5f03,242.0,202.0,40.0,2.0,0.0,1.0,26,27.0,11.0,2.0,9.0,0.0,195.0,0.0,4.0
c738a5ec,6.0,5.0,1.0,0.0,0.0,1.0,1,0.0,1.0,0.0,1.0,0.0,4.0,0.0,0.0
e12b0b5b,159.0,156.0,3.0,3.0,0.0,0.0,2,0.0,0.0,0.0,0.0,0.0,125.0,0.0,4.0
6434f10d,552.0,543.0,8.0,7.0,0.0,5.0,2,1.0,0.0,0.0,0.0,0.0,513.0,1.0,5.0
8f5e92a6,234.0,225.0,8.0,1.0,2.0,3.0,4,0.0,3.0,1.0,0.0,0.0,207.0,1.0,0.0
a3d94a58,387.0,367.0,20.0,14.0,1.0,2.0,1,6.0,0.0,0.0,0.0,0.0,350.0,0.0,5.0
ed45c4a5,413.0,400.0,13.0,10.0,0.0,4.0,1,3.0,0.0,0.0,0.0,0.0,372.0,0.0,7.0
90c1f9a4,55.0,43.0,12.0,0.0,0.0,0.0,1,12.0,0.0,0.0,0.0,0.0,39.0,0.0,2.0
4b3e1a38,299.0,287.0,12.0,12.0,1.0,3.0,0,0.0,0.0,0.0,0.0,0.0,263.0,0.0,2.0
18b896d6,287.0,280.0,7.0,4.0,0.0,5.0,0,1.0,0.0,0.0,0.0,0.0,267.0,0.0,1.0
14b8fcdf,55.0,55.0,0.0,0.0,0.0,0.0,1,0.0,0.0,0.0,0.0,0.0,48.0,0.0,0.0
0b5a292a,144.0,123.0,21.0,4.0,1.0,2.0,4,17.0,0.0,0.0,0.0,0.0,124.0,0.0,3.0
c0c7ff58,155.0,154.0,1.0,1.0,0.0,0.0,0,0.0,0.0,0.0,0.0,0.0,140.0,0.0,2.0
12e7ac0a,15.0,13.0,2.0,0.0,0.0,0.0,1,0.0,0.0,0.0,0.0,0.0,12.0,0.0,0.0
4535e4bb,65.0,46.0,19.0,3.0,0.0,0.0,0,0.0,0.0,0.0,0.0,0.0,37.0,0.0,0.0
009a4f60,3.0,2.0,1.0,0.0,0.0,0.0,0,1.0,0.0,0.0,0.0,0.0,2.0,0.0,0.0
e280527c,149.0,148.0,1.0,1.0,0.0,0.0,1,0.0,0.0,0.0,0.0,0.0,128.0,0.0,1.0
ee251371,88.0,79.0,8.0,0.0,0.0,0.0,9,8.0,0.0,0.0,0.0,0.0,65.0,1.0,0.0
be6a794c,52.0,48.0,4.0,0.0,0.0,0.0,8,2.0,0.0,0.0,0.0,0.0,36.0,0.0,6.0
e342ad68,186.0,179.0,5.0,0.0,6.0,1.0,8,5.0,0.0,0.0,0.0,0.0,152.0,2.0,2.0
032f894e,106.0,104.0,2.0,2.0,0.0,0.0,0,0.0,0.0,0.0,0.0,0.0,102.0,0.0,2.0
2c0f8e9e,133.0,124.0,9.0,1.0,1.0,2.0,5,0.0,0.0,0.0,0.0,0.0,108.0,0.0,5.0
da7b447d,11.0,10.0,0.0,0.0,0.0,0.0,0,0.0,0.0,0.0,0.0,0.0,8.0,1.0,0.0
2f33776f,0.0,0.0,0.0,0.0,0.0,0.0,0,0.0,0.0,0.0,0.0,0.0,0.0,0.0,0.0
0d82903c,196.0,181.0,14.0,2.0,0.0,3.0,5,12.0,0.0,0.0,0.0,0.0,175.0,1.0,1.0
dccd127f,189.0,184.0,4.0,3.0,0.0,3.0,0,0.0,0.0,0.0,0.0,0.0,159.0,1.0,2.0
2b114be3,193.0,192.0,0.0,0.0,3.0,0.0,0,0.0,0.0,0.0,0.0,0.0,165.0,1.0,1.0
a6ee4f55,151.0,117.0,34.0,5.0,0.0,2.0,12,25.0,4.0,0.0,3.0,1.0,127.0,0.0,3.0
24051310,236.0,179.0,57.0,5.0,0.0,1.0,4,51.0,1.0,1.0,0.0,0.0,168.0,0.0,6.0
eaefa2d0,12.0,12.0,0.0,0.0,0.0,0.0,0,0.0,0.0,0.0,0.0,0.0,10.0,0.0,0.0
9744ff80,26.0,20.0,6.0,1.0,0.0,0.0,5,0.0,5.0,0.0,5.0,0.0,17.0,0.0,3.0
f6ac68c1,205.0,196.0,9.0,6.0,0.0,1.0,1,3.0,0.0,0.0,0.0,0.0,183.0,0.0,2.0
5d4f7d61,94.0,92.0,2.0,0.0,0.0,0.0,0,0.0,0.0,0.0,0.0,0.0,74.0,0.0,2.0
8f056768,358.0,352.0,5.0,4.0,4.0,4.0,0,1.0,0.0,0.0,0.0,0.0,317.0,1.0,5.0
34e12499,344.0,335.0,9.0,9.0,0.0,15.0,0,0.0,0.0,0.0,0.0,0.0,302.0,0.0,0.0
f07a0fe5,188.0,178.0,8.0,4.0,0.0,2.0,0,4.0,0.0,0.0,0.0,0.0,158.0,2.0,2.0
28c6e925,260.0,238.0,20.0,7.0,0.0,1.0,18,1.0,12.0,9.0,2.0,0.0,191.0,2.0,5.0
3260690c,88.0,88.0,0.0,0.0,0.0,0.0,1,0.0,0.0,0.0,0.0,0.0,53.0,0.0,6.0
6aa3e78b,48.0,37.0,10.0,1.0,1.0,0.0,3,9.0,0.0,0.0,0.0,0.0,33.0,1.0,0.0
fcea4f04,51.0,47.0,4.0,0.0,0.0,0.0,3,1.0,3.0,3.0,0.0,0.0,35.0,0.0,1.0
03998238,27.0,24.0,3.0,0.0,0.0,0.0,1,0.0,0.0,0.0,0.0,0.0,24.0,0.0,1.0
3effaa34,169.0,150.0,18.0,1.0,2.0,0.0,3,3.0,0.0,0.0,0.0,0.0,133.0,1.0,5.0
8f0435c7,350.0,337.0,13.0,11.0,0.0,2.0,0,2.0,0.0,0.0,0.0,0.0,317.0,0.0,1.0
3eb22ec9,353.0,343.0,10.0,4.0,0.0,2.0,10,4.0,2.0,0.0,0.0,0.0,321.0,0.0,6.0
70cf63ca,204.0,190.0,14.0,0.0,0.0,0.0,5,2.0,0.0,0.0,0.0,0.0,164.0,0.0,3.0
86e7deaf,370.0,361.0,9.0,8.0,0.0,5.0,0,1.0,0.0,0.0,0.0,0.0,333.0,0.0,1.0
fcb27134,331.0,273.0,57.0,7.0,0.0,1.0,9,50.0,0.0,0.0,0.0,0.0,255.0,1.0,8.0
343c0d52,64.0,63.0,1.0,0.0,0.0,0.0,4,0.0,0.0,0.0,0.0,0.0,47.0,0.0,3.0
a086ae11,5.0,5.0,0.0,0.0,0.0,0.0,0,0.0,0.0,0.0,0.0,0.0,3.0,0.0,0.0
6250083a,72.0,72.0,0.0,0.0,0.0,0.0,1,0.0,0.0,0.0,0.0,0.0,66.0,0.0,0.0
b35a7399,188.0,183.0,5.0,5.0,0.0,5.0,0,0.0,0.0,0.0,0.0,0.0,168.0,0.0,1.0
c50cee19,99.0,88.0,11.0,4.0,0.0,0.0,20,2.0,5.0,5.0,0.0,0.0,68.0,0.0,4.0
30f5ffa9,342.0,318.0,23.0,10.0,0.0,0.0,0,13.0,0.0,0.0,0.0,0.0,313.0,1.0,4.0
c967f6b8,51.0,47.0,4.0,4.0,0.0,1.0,0,0.0,0.0,0.0,0.0,0.0,38.0,0.0,1.0
2ccd89a3,59.0,44.0,15.0,2.0,0.0,0.0,7,12.0,1.0,1.0,0.0,0.0,43.0,0.0,1.0
fed17f5a,70.0,68.0,2.0,1.0,0.0,0.0,2,0.0,1.0,0.0,1.0,0.0,62.0,0.0,0.0
0670ee51,132.0,126.0,6.0,6.0,0.0,0.0,0,0.0,0.0,0.0,0.0,0.0,114.0,0.0,0.0
420c18a1,29.0,23.0,6.0,4.0,0.0,0.0,0,0.0,0.0,0.0,0.0,0.0,25.0,0.0,0.0
c13ddd3e,18.0,16.0,2.0,1.0,0.0,0.0,0,1.0,0.0,0.0,0.0,0.0,17.0,0.0,0.0
4c6facae,374.0,362.0,12.0,12.0,2.0,2.0,1,0.0,0.0,0.0,0.0,0.0,311.0,0.0,8.0
74b7375f,191.0,187.0,2.0,1.0,0.0,1.0,6,0.0,1.0,0.0,0.0,0.0,142.0,2.0,7.0
688fcea2,56.0,53.0,3.0,0.0,0.0,1.0,4,3.0,0.0,0.0,0.0,0.0,45.0,0.0,2.0
2d65a822,0.0,0.0,0.0,0.0,0.0,0.0,0,0.0,0.0,0.0,0.0,0.0,0.0,0.0,0.0
90339309,117.0,113.0,4.0,4.0,0.0,0.0,0,0.0,0.0,0.0,0.0,0.0,103.0,0.0,1.0
690d1049,100.0,99.0,1.0,1.0,0.0,2.0,0,0.0,0.0,0.0,0.0,0.0,76.0,0.0,1.0
eca17cf2,141.0,89.0,52.0,12.0,0.0,0.0,0,0.0,0.0,0.0,0.0,0.0,92.0,0.0,0.0
7ed08d5c,219.0,200.0,19.0,1.0,0.0,1.0,1,18.0,0.0,0.0,0.0,0.0,206.0,0.0,3.0
5cfec13d,54.0,53.0,1.0,1.0,0.0,0.0,0,0.0,0.0,0.0,0.0,0.0,52.0,0.0,0.0
d0b8e745,6.0,6.0,0.0,0.0,0.0,0.0,0,0.0,0.0,0.0,0.0,0.0,3.0,0.0,0.0
ee3519f5,277.0,264.0,13.0,10.0,0.0,5.0,0,3.0,0.0,0.0,0.0,0.0,240.0,0.0,6.0
b400bde0,228.0,215.0,11.0,2.0,2.0,0.0,12,5.0,4.0,4.0,0.0,0.0,180.0,2.0,9.0
5eecec3d,164.0,152.0,11.0,0.0,0.0,2.0,1,11.0,0.0,0.0,0.0,0.0,150.0,1.0,4.0
1e1378e1,199.0,182.0,15.0,1.0,4.0,1.0,3,0.0,3.0,0.0,1.0,0.0,151.0,2.0,7.0
a793f5a8,315.0,305.0,9.0,5.0,6.0,0.0,1,1.0,0.0,0.0,0.0,0.0,277.0,1.0,2.0
e33c06cf,448.0,434.0,14.0,11.0,1.0,13.0,0,3.0,0.0,0.0,0.0,0.0,402.0,0.0,2.0
141b0bd2,208.0,184.0,24.0,2.0,0.0,1.0,4,22.0,0.0,0.0,0.0,0.0,171.0,0.0,3.0
4e219ad2,100.0,91.0,7.0,1.0,1.0,2.0,4,3.0,1.0,0.0,0.0,0.0,82.0,2.0,2.0
33a6a650,295.0,286.0,9.0,9.0,0.0,1.0,0,0.0,0.0,0.0,0.0,0.0,256.0,0.0,3.0
d820a7c8,20.0,18.0,2.0,0.0,0.0,0.0,1,1.0,0.0,0.0,0.0,0.0,15.0,0.0,0.0
29c91632,260.0,253.0,7.0,7.0,0.0,0.0,0,0.0,0.0,0.0,0.0,0.0,230.0,0.0,1.0
01b8a2b2,103.0,80.0,23.0,4.0,0.0,1.0,0,0.0,0.0,0.0,0.0,0.0,89.0,0.0,0.0
934e1968,311.0,273.0,37.0,10.0,0.0,4.0,29,10.0,17.0,6.0,10.0,0.0,250.0,1.0,5.0
c8829a58,73.0,53.0,18.0,4.0,0.0,0.0,9,12.0,2.0,1.0,0.0,1.0,52.0,2.0,2.0
2475dcc6,208.0,197.0,10.0,1.0,3.0,0.0,10,4.0,5.0,0.0,3.0,0.0,161.0,1.0,5.0
bd142efb,350.0,342.0,6.0,6.0,2.0,1.0,0,0.0,0.0,0.0,0.0,0.0,317.0,2.0,1.0
e9971f2d,18.0,16.0,2.0,1.0,0.0,0.0,0,1.0,0.0,0.0,0.0,0.0,16.0,0.0,0.0
a73c8f95,282.0,268.0,13.0,8.0,1.0,2.0,0,4.0,0.0,0.0,0.0,0.0,257.0,1.0,0.0
4c2a5d34,156.0,152.0,1.0,0.0,3.0,0.0,1,0.0,0.0,0.0,0.0,0.0,111.0,3.0,5.0
b056e3da,173.0,127.0,46.0,13.0,0.0,1.0,0,0.0,0.0,0.0,0.0,0.0,136.0,0.0,0.0
a65c844b,330.0,280.0,49.0,8.0,0.0,3.0,33,41.0,0.0,0.0,0.0,0.0,257.0,1.0,8.0
be765073,289.0,206.0,78.0,13.0,1.0,1.0,22,57.0,8.0,0.0,8.0,0.0,196.0,5.0,5.0
30d75bfb,399.0,339.0,59.0,6.0,0.0,0.0,8,52.0,1.0,0.0,0.0,0.0,338.0,1.0,9.0
ad9b2747,240.0,228.0,8.0,3.0,1.0,0.0,6,4.0,1.0,0.0,0.0,0.0,205.0,4.0,2.0
d0a39bdf,113.0,91.0,22.0,0.0,0.0,0.0,2,22.0,0.0,0.0,0.0,0.0,88.0,0.0,4.0
f4d8ce5a,27.0,27.0,0.0,0.0,0.0,0.0,3,0.0,0.0,0.0,0.0,0.0,15.0,0.0,3.0
4f255115,326.0,320.0,6.0,6.0,2.0,2.0,0,0.0,0.0,0.0,0.0,0.0,305.0,0.0,2.0
829aa60c,43.0,41.0,2.0,0.0,0.0,0.0,4,1.0,0.0,0.0,0.0,0.0,33.0,0.0,1.0
e73c9bb2,242.0,186.0,56.0,9.0,0.0,0.0,27,38.0,9.0,1.0,8.0,0.0,181.0,0.0,5.0
6f51e382,162.0,125.0,37.0,9.0,0.0,0.0,0,0.0,0.0,0.0,0.0,0.0,149.0,0.0,0.0
6b994195,43.0,40.0,3.0,0.0,0.0,0.0,0,3.0,0.0,0.0,0.0,0.0,32.0,0.0,1.0
ff5ea0bf,49.0,48.0,1.0,1.0,0.0,0.0,0,0.0,0.0,0.0,0.0,0.0,38.0,0.0,1.0
b7c19c48,71.0,63.0,8.0,6.0,0.0,2.0,0,0.0,0.0,0.0,0.0,0.0,55.0,0.0,0.0
a5420709,57.0,56.0,1.0,0.0,0.0,0.0,1,1.0,0.0,0.0,0.0,0.0,40.0,0.0,3.0
41034650,420.0,406.0,13.0,11.0,0.0,1.0,1,1.0,0.0,0.0,0.0,0.0,393.0,1.0,0.0
7edfbb8a,244.0,231.0,13.0,7.0,1.0,1.0,0,1.0,0.0,0.0,0.0,0.0,210.0,0.0,2.0
0db169ae,297.0,253.0,41.0,16.0,2.0,1.0,26,5.0,18.0,9.0,6.0,0.0,215.0,3.0,9.0
04e531b6,78.0,78.0,0.0,0.0,0.0,0.0,0,0.0,0.0,0.0,0.0,0.0,70.0,0.0,0.0
9e1035f8,78.0,75.0,3.0,1.0,0.0,0.0,1,1.0,0.0,0.0,0.0,0.0,66.0,0.0,3.0
ab708880,6.0,5.0,1.0,0.0,0.0,0.0,1,0.0,1.0,0.0,1.0,0.0,5.0,0.0,0.0
ce17b5eb,200.0,141.0,58.0,19.0,0.0,1.0,0,0.0,0.0,0.0,0.0,0.0,127.0,1.0,0.0
77e39b04,120.0,112.0,8.0,3.0,0.0,0.0,5,1.0,2.0,0.0,2.0,0.0,91.0,0.0,7.0
41f0b196,260.0,196.0,63.0,9.0,0.0,1.0,0,0.0,0.0,0.0,0.0,0.0,200.0,1.0,0.0
f315ca93,239.0,164.0,75.0,7.0,0.0,0.0,44,48.0,20.0,5.0,15.0,0.0,170.0,0.0,8.0
aa34ed38,83.0,72.0,11.0,0.0,0.0,0.0,6,2.0,5.0,1.0,3.0,0.0,67.0,0.0,1.0
35d64857,275.0,263.0,12.0,10.0,0.0,1.0,1,2.0,0.0,0.0,0.0,0.0,220.0,0.0,3.0
d3dc62d1,50.0,26.0,24.0,11.0,0.0,0.0,0,0.0,0.0,0.0,0.0,0.0,31.0,0.0,0.0
c9817014,238.0,229.0,8.0,6.0,0.0,2.0,1,1.0,0.0,0.0,0.0,0.0,201.0,1.0,2.0
1a799243,187.0,139.0,48.0,3.0,0.0,0.0,11,42.0,3.0,3.0,0.0,0.0,123.0,0.0,4.0
7d3e7da6,116.0,90.0,26.0,5.0,0.0,0.0,0,0.0,0.0,0.0,0.0,0.0,102.0,0.0,0.0
1880614f,97.0,78.0,18.0,6.0,0.0,4.0,7,6.0,6.0,1.0,0.0,1.0,80.0,1.0,1.0
d248cd8f,366.0,352.0,13.0,11.0,0.0,5.0,0,2.0,0.0,0.0,0.0,0.0,331.0,1.0,2.0
b997c3de,261.0,246.0,14.0,7.0,0.0,1.0,3,7.0,0.0,0.0,0.0,0.0,213.0,1.0,4.0
0a69de7b,153.0,153.0,0.0,0.0,0.0,1.0,1,0.0,0.0,0.0,0.0,0.0,124.0,0.0,1.0
c2111b45,17.0,16.0,1.0,0.0,0.0,1.0,0,0.0,0.0,0.0,0.0,0.0,16.0,0.0,1.0
0959c2a2,322.0,321.0,1.0,1.0,2.0,6.0,15,0.0,0.0,0.0,0.0,0.0,274.0,0.0,9.0
e06683ca,454.0,444.0,10.0,9.0,0.0,5.0,0,1.0,0.0,0.0,0.0,0.0,391.0,0.0,2.0
392a7aea,411.0,393.0,17.0,15.0,2.0,15.0,1,2.0,0.0,0.0,0.0,0.0,343.0,1.0,8.0
08990838,159.0,151.0,8.0,6.0,0.0,3.0,1,1.0,0.0,0.0,0.0,0.0,133.0,0.0,0.0
fd51b456,143.0,128.0,15.0,1.0,0.0,3.0,9,14.0,0.0,0.0,0.0,0.0,129.0,0.0,0.0
4a56052c,411.0,383.0,26.0,15.0,0.0,2.0,15,3.0,8.0,2.0,5.0,0.0,362.0,2.0,2.0
5eaf85b5,2.0,2.0,0.0,0.0,0.0,0.0,0,0.0,0.0,0.0,0.0,0.0,1.0,0.0,0.0
6bc49da7,17.0,16.0,1.0,0.0,0.0,0.0,2,1.0,0.0,0.0,0.0,0.0,11.0,0.0,2.0
1467af0d,579.0,537.0,40.0,38.0,1.0,2.0,1,2.0,0.0,0.0,0.0,0.0,536.0,2.0,5.0
3b029691,376.0,373.0,2.0,2.0,0.0,1.0,2,0.0,0.0,0.0,0.0,0.0,343.0,1.0,7.0
03df04ff,187.0,132.0,54.0,14.0,0.0,0.0,0,0.0,0.0,0.0,0.0,0.0,131.0,1.0,0.0
79443529,91.0,75.0,14.0,0.0,0.0,0.0,2,0.0,0.0,0.0,0.0,0.0,65.0,2.0,2.0
aed44b64,135.0,106.0,29.0,2.0,0.0,1.0,14,2.0,6.0,1.0,4.0,0.0,99.0,0.0,2.0
d0d8dd44,68.0,64.0,3.0,1.0,0.0,0.0,0,0.0,0.0,0.0,0.0,0.0,56.0,1.0,0.0
86dd77d1,75.0,60.0,15.0,0.0,0.0,0.0,4,15.0,0.0,0.0,0.0,0.0,55.0,0.0,3.0
cb64672e,21.0,18.0,3.0,0.0,0.0,0.0,1,3.0,0.0,0.0,0.0,0.0,18.0,0.0,0.0
a8b8af8d,58.0,56.0,2.0,2.0,0.0,0.0,0,0.0,0.0,0.0,0.0,0.0,55.0,0.0,0.0
f9acca3a,90.0,75.0,15.0,2.0,0.0,0.0,6,10.0,3.0,3.0,0.0,0.0,76.0,0.0,2.0
49fe9070,219.0,212.0,6.0,1.0,4.0,1.0,3,3.0,1.0,0.0,0.0,0.0,172.0,1.0,7.0
83300259,49.0,48.0,1.0,0.0,0.0,0.0,3,1.0,0.0,0.0,0.0,0.0,42.0,0.0,0.0
c19a2df1,35.0,31.0,4.0,0.0,0.0,0.0,1,4.0,0.0,0.0,0.0,0.0,30.0,0.0,0.0
5dfc6ad5,344.0,336.0,8.0,7.0,0.0,1.0,0,1.0,0.0,0.0,0.0,0.0,322.0,0.0,2.0
4b803b3c,72.0,46.0,26.0,0.0,0.0,0.0,9,26.0,0.0,0.0,0.0,0.0,32.0,0.0,2.0
fa661778,43.0,36.0,7.0,2.0,0.0,0.0,5,5.0,0.0,0.0,0.0,0.0,34.0,0.0,1.0
e9b0ccaf,37.0,37.0,0.0,0.0,0.0,0.0,2,0.0,0.0,0.0,0.0,0.0,25.0,0.0,1.0
cb641b9d,23.0,23.0,0.0,0.0,0.0,0.0,1,0.0,0.0,0.0,0.0,0.0,17.0,0.0,0.0
94721522,50.0,39.0,11.0,1.0,0.0,0.0,4,10.0,0.0,0.0,0.0,0.0,39.0,0.0,1.0
6b9960cf,22.0,22.0,0.0,0.0,0.0,0.0,1,0.0,0.0,0.0,0.0,0.0,16.0,0.0,1.0
384d58d9,40.0,39.0,1.0,1.0,0.0,0.0,0,0.0,0.0,0.0,0.0,0.0,39.0,0.0,0.0
6bb2c084,274.0,263.0,8.0,7.0,5.0,0.0,0,1.0,0.0,0.0,0.0,0.0,227.0,3.0,5.0
3b12b11f,8.0,8.0,0.0,0.0,0.0,0.0,3,0.0,0.0,0.0,0.0,0.0,6.0,0.0,1.0
f15b778f,71.0,68.0,2.0,2.0,0.0,0.0,0,0.0,0.0,0.0,0.0,0.0,65.0,1.0,0.0
d19ef4ef,34.0,33.0,0.0,0.0,0.0,0.0,0,0.0,0.0,0.0,0.0,0.0,25.0,1.0,1.0
a5296e55,231.0,203.0,28.0,7.0,4.0,0.0,21,0.0,18.0,7.0,6.0,0.0,191.0,0.0,4.0
6622454d,88.0,81.0,6.0,1.0,0.0,1.0,18,1.0,4.0,2.0,1.0,0.0,59.0,1.0,3.0
adfbe1f5,104.0,98.0,6.0,0.0,2.0,0.0,0,2.0,0.0,0.0,0.0,0.0,81.0,0.0,2.0
37557ec4,36.0,36.0,0.0,0.0,0.0,0.0,0,0.0,0.0,0.0,0.0,0.0,33.0,0.0,0.0
