id,Gls,Sh,SoT,G/Sh,G/SoT,Dist,FK,PK,PKatt,xG,npxG,G-xG,np:G-xG
32c2d95f,1,21,2,0.05,0.5,14.0,0.0,0,0,1.8,1.8,-0.8,-0.8
7978cbf0,0,11,3,0.0,0.0,19.7,0.0,0,0,0.9,0.9,-0.9,-0.9
82464ce3,1,12,3,0.08,0.33,20.3,0.0,0,0,0.8,0.8,0.2,0.2
31626657,0,6,0,0.0,0.0,22.8,0.0,0,0,0.3,0.3,-0.3,-0.3
0e46fa2f,2,12,4,0.08,0.25,23.4,0.0,1,2,2.6,1.0,-0.6,0.0
0e46fa2f,1,6,2,0.17,0.5,12.2,0.0,0,0,0.8,0.8,0.2,0.2
c2a6033c,6,55,19,0.11,0.32,17.9,0.0,0,0,6.3,6.3,-0.3,-0.3
1e93fc5d,0,1,0,0.0,0.0,26.1,0.0,0,0,0.1,0.1,-0.1,-0.1
7587446d,0,1,0,0.0,0.0,25.5,0.0,0,0,0.1,0.1,-0.1,-0.1
75f1ed80,0,16,3,0.0,0.0,16.2,0.0,0,0,1.4,1.4,-1.4,-1.4
8bc8829a,0,5,1,0.0,0.0,18.3,0.0,0,0,0.3,0.3,-0.3,-0.3
3dd738a1,0,2,2,0.0,0.0,12.1,0.0,0,0,0.2,0.2,-0.2,-0.2
22396615,0,0,0,0.0,0.0,0.0,0.0,0,0,0.0,0.0,0.0,0.0
48b28bfd,1,9,3,0.11,0.33,22.8,0.0,0,0,0.6,0.6,0.4,0.4
462475ed,1,22,7,0.0,0.0,15.1,1.0,1,1,3.4,2.6,-2.4,-2.6
b625b241,0,1,1,0.0,0.0,8.4,0.0,0,0,0.2,0.2,-0.2,-0.2
9e17ccff,0,0,0,0.0,0.0,0.0,0.0,0,0,0.0,0.0,0.0,0.0
1956b948,1,21,5,0.05,0.2,17.2,0.0,0,0,1.6,1.6,-0.6,-0.6
0a63446f,0,10,2,0.0,0.0,17.0,0.0,0,0,0.5,0.5,-0.5,-0.5
9260926b,0,2,0,0.0,0.0,24.4,0.0,0,0,0.1,0.1,-0.1,-0.1
ae11ba3d,0,0,0,0.0,0.0,0.0,0.0,0,0,0.0,0.0,0.0,0.0
ef9c1c95,1,15,2,0.07,0.5,16.2,0.0,0,0,1.0,1.0,0.0,0.0
af3ddb2e,4,27,11,0.11,0.27,13.9,0.0,1,2,5.4,3.8,-1.4,-0.8
a5db0bec,1,6,3,0.17,0.33,14.1,0.0,0,0,0.8,0.8,0.2,0.2
b94b8be1,0,4,2,0.0,0.0,15.1,0.0,0,0,0.4,0.4,-0.4,-0.4
feb5d3ab,0,5,1,0.0,0.0,19.3,0.0,0,0,0.4,0.4,-0.4,-0.4
c5e6c017,0,2,1,0.0,0.0,12.6,0.0,0,0,0.3,0.3,-0.3,-0.3
508a9011,0,0,0,0.0,0.0,0.0,0.0,0,0,0.0,0.0,0.0,0.0
b026bbf6,0,3,1,0.0,0.0,14.7,0.0,0,0,0.3,0.3,-0.3,-0.3
6a827d8e,1,9,5,0.11,0.2,16.3,0.0,0,0,0.9,0.9,0.1,0.1
6b5edd5d,0,0,0,0.0,0.0,0.0,0.0,0,0,0.0,0.0,0.0,0.0
7dfbba27,2,22,11,0.05,0.09,26.1,1.0,1,1,2.2,1.5,-0.2,-0.5
a94d93be,1,2,1,0.5,1.0,1.2,0.0,0,0,1.0,1.0,0.0,0.0
114bbdee,0,2,0,0.0,0.0,8.7,0.0,0,0,0.2,0.2,-0.2,-0.2
06df8256,2,5,3,0.4,0.67,16.0,0.0,0,0,0.6,0.6,1.4,1.4
a1232f4e,0,3,0,0.0,0.0,13.0,0.0,0,0,0.2,0.2,-0.2,-0.2
5065d67d,0,0,0,0.0,0.0,0.0,0.0,0,0,0.0,0.0,0.0,0.0
7e3e825e,0,0,0,0.0,0.0,0.0,0.0,0,0,0.0,0.0,0.0,0.0
0af4dcf0,0,0,0,0.0,0.0,0.0,0.0,0,0,0.0,0.0,0.0,0.0
3975195f,0,4,0,0.0,0.0,15.5,0.0,0,0,0.2,0.2,-0.2,-0.2
a1390d2f,0,7,2,0.0,0.0,25.4,0.0,0,0,0.3,0.3,-0.3,-0.3
7c3ed041,0,4,0,0.0,0.0,8.7,0.0,0,0,0.6,0.6,-0.6,-0.6
31822f8c,15,68,31,0.16,0.35,15.0,1.0,4,5,15.9,11.9,-0.9,-0.9
7fecbcdb,0,0,0,0.0,0.0,0.0,0.0,0,0,0.0,0.0,0.0,0.0
b2bd0f6c,5,45,17,0.11,0.29,16.2,0.0,0,0,5.0,5.0,0.0,0.0
a0d55a09,2,12,4,0.17,0.5,13.2,0.0,0,0,1.2,1.2,0.8,0.8
1ddbc7ca,0,4,0,0.0,0.0,12.6,0.0,0,0,0.3,0.3,-0.3,-0.3
3a24769f,3,23,9,0.13,0.33,17.8,1.0,0,0,3.3,3.3,-0.3,-0.3
e3844ecb,0,5,1,0.0,0.0,22.4,1.0,0,0,0.3,0.3,-0.3,-0.3
20e0dd86,1,20,6,0.05,0.17,16.2,0.0,0,0,2.0,2.0,-1.0,-1.0
5e6355f8,0,0,0,0.0,0.0,0.0,0.0,0,0,0.0,0.0,0.0,0.0
4a5e83ad,0,3,1,0.0,0.0,25.7,0.0,0,0,0.1,0.1,-0.1,-0.1
5680bf3f,1,9,3,0.11,0.33,22.1,1.0,0,0,0.4,0.4,0.6,0.6
1a248246,6,20,7,0.05,0.14,22.5,2.0,5,6,5.9,1.5,0.1,-0.5
1a248246,0,9,1,0.0,0.0,16.0,1.0,0,0,0.6,0.6,-0.6,-0.6
2b1bed19,1,7,2,0.14,0.5,24.7,0.0,0,0,0.4,0.4,0.6,0.6
10f0fdd3,1,21,6,0.05,0.17,22.8,6.0,0,0,1.5,1.5,-0.5,-0.5
c678ddd7,0,0,0,0.0,0.0,0.0,0.0,0,0,0.0,0.0,0.0,0.0
3bd65247,3,17,5,0.18,0.6,18.9,0.0,0,0,1.6,1.6,1.4,1.4
1f6298f2,0,0,0,0.0,0.0,0.0,0.0,0,0,0.0,0.0,0.0,0.0
942b4f90,14,34,22,0.29,0.45,15.6,1.0,4,5,10.3,6.4,3.7,3.6
3189f61a,3,24,6,0.08,0.33,28.2,6.0,1,1,1.6,0.8,1.4,1.2
e4114f5d,0,0,0,0.0,0.0,0.0,0.0,0,0,0.0,0.0,0.0,0.0
0b2c9aec,0,19,9,0.0,0.0,18.5,0.0,0,0,1.6,1.6,-1.6,-1.6
3916b09c,0,0,0,0.0,0.0,0.0,0.0,0,0,0.0,0.0,0.0,0.0
28dabd43,0,0,0,0.0,0.0,0.0,0.0,0,0,0.0,0.0,0.0,0.0
433dc9a2,1,7,6,0.14,0.17,11.0,0.0,0,0,0.9,0.9,0.1,0.1
03e91055,0,0,0,0.0,0.0,0.0,0.0,0,0,0.0,0.0,0.0,0.0
47c609d5,0,1,1,0.0,0.0,26.1,0.0,0,0,0.0,0.0,0.0,0.0
a3e1d20d,0,0,0,0.0,0.0,0.0,0.0,0,0,0.0,0.0,0.0,0.0
636247ca,0,6,1,0.0,0.0,22.6,0.0,0,0,0.4,0.4,-0.4,-0.4
3d214e5f,0,0,0,0.0,0.0,0.0,0.0,0,0,0.0,0.0,0.0,0.0
967f34d3,0,0,0,0.0,0.0,0.0,0.0,0,0,0.0,0.0,0.0,0.0
6191093d,5,69,22,0.04,0.14,22.5,3.0,2,3,6.5,4.4,-1.5,-1.4
3cdfc63e,2,6,3,0.33,0.67,9.2,0.0,0,0,1.3,1.3,0.7,0.7
6a9e4913,0,0,0,0.0,0.0,0.0,0.0,0,0,0.0,0.0,0.0,0.0
5b479568,2,3,2,0.67,1.0,8.7,0.0,0,0,0.9,0.9,1.1,1.1
2db2fd7b,0,0,0,0.0,0.0,0.0,0.0,0,0,0.0,0.0,0.0,0.0
7d937aa1,0,1,1,0.0,0.0,31.2,1.0,0,0,0.1,0.1,-0.1,-0.1
f6496133,1,6,3,0.17,0.33,18.5,0.0,0,0,0.4,0.4,0.6,0.6
9f936061,2,18,3,0.11,0.67,15.2,0.0,0,0,2.0,2.0,0.0,0.0
c03b7266,0,1,0,0.0,0.0,27.0,0.0,0,0,0.0,0.0,0.0,0.0
65fcf987,0,7,0,0.0,0.0,14.2,0.0,0,0,1.2,1.2,-1.2,-1.2
0400dd2f,0,4,2,0.0,0.0,19.8,0.0,0,0,0.4,0.4,-0.4,-0.4
f9d5908e,0,6,2,0.0,0.0,24.0,0.0,0,0,0.3,0.3,-0.3,-0.3
4fb18ca4,0,0,0,0.0,0.0,0.0,0.0,0,0,0.0,0.0,0.0,0.0
b0c71810,4,21,9,0.1,0.22,20.8,4.0,2,2,3.6,2.1,0.4,-0.1
62e02107,0,2,1,0.0,0.0,28.6,0.0,0,0,0.1,0.1,-0.1,-0.1
20e73fac,3,38,9,0.05,0.22,19.4,5.0,1,1,4.1,3.3,-1.1,-1.3
02bcaf8e,3,12,4,0.25,0.75,23.6,0.0,0,0,0.8,0.8,2.2,2.2
5b146df3,0,11,1,0.0,0.0,21.1,0.0,0,0,0.3,0.3,-0.3,-0.3
b088d5d3,0,5,1,0.0,0.0,19.4,1.0,0,0,0.3,0.3,-0.3,-0.3
af69e7f0,0,1,0,0.0,0.0,18.9,0.0,0,0,0.0,0.0,0.0,0.0
3b676989,0,0,0,0.0,0.0,0.0,0.0,0,0,0.0,0.0,0.0,0.0
7b082ec2,0,3,0,0.0,0.0,27.5,0.0,0,0,0.1,0.1,-0.1,-0.1
db87a2c4,0,0,0,0.0,0.0,0.0,0.0,0,0,0.0,0.0,0.0,0.0
148e136f,4,27,16,0.15,0.25,15.1,6.0,0,0,4.3,4.3,-0.3,-0.3
46359159,0,5,1,0.0,0.0,17.0,0.0,0,0,0.3,0.3,-0.3,-0.3
928a4a61,2,17,4,0.12,0.5,18.3,0.0,0,0,0.9,0.9,1.1,1.1
94f8d10c,0,0,0,0.0,0.0,0.0,0.0,0,0,0.0,0.0,0.0,0.0
8577e60a,0,15,4,0.0,0.0,17.4,0.0,0,0,1.3,1.3,-1.3,-1.3
489e80e3,0,19,5,0.0,0.0,29.0,0.0,0,0,0.7,0.7,-0.7,-0.7
5a6b06cd,0,1,0,0.0,0.0,11.1,0.0,0,0,0.1,0.1,-0.1,-0.1
7d3dfdfd,0,0,0,0.0,0.0,0.0,0.0,0,0,0.0,0.0,0.0,0.0
9f4a940f,0,1,1,0.0,0.0,6.8,0.0,0,0,0.2,0.2,-0.2,-0.2
79b2399c,0,12,5,0.0,0.0,18.7,0.0,0,0,1.1,1.1,-1.1,-1.1
f81ef10d,1,17,7,0.06,0.14,20.2,2.0,0,0,1.5,1.5,-0.5,-0.5
5e080f73,0,4,2,0.0,0.0,13.4,0.0,0,0,0.2,0.2,-0.2,-0.2
e3e32fbb,0,0,0,0.0,0.0,0.0,0.0,0,0,0.0,0.0,0.0,0.0
8608f269,0,0,0,0.0,0.0,0.0,0.0,0,0,0.0,0.0,0.0,0.0
e0f3a1f6,0,7,2,0.0,0.0,13.7,0.0,0,0,0.6,0.6,-0.6,-0.6
4db5915d,1,20,8,0.05,0.13,20.3,0.0,0,0,1.3,1.3,-0.3,-0.3
c92c24f0,0,6,2,0.0,0.0,18.5,0.0,0,0,0.3,0.3,-0.3,-0.3
3c6bbbab,0,7,0,0.0,0.0,21.3,0.0,0,0,0.4,0.4,-0.4,-0.4
f5dfc256,0,0,0,0.0,0.0,0.0,0.0,0,0,0.0,0.0,0.0,0.0
5d9577aa,0,2,1,0.0,0.0,26.6,0.0,0,0,0.1,0.1,-0.1,-0.1
2180c761,0,0,0,0.0,0.0,0.0,0.0,0,0,0.0,0.0,0.0,0.0
357103bd,4,34,14,0.12,0.29,16.4,0.0,0,0,2.5,2.5,1.5,1.5
18ebca4b,1,7,1,0.14,1.0,23.2,0.0,0,0,0.6,0.6,0.4,0.4
16aa7d4c,0,8,1,0.0,0.0,12.7,0.0,0,0,0.5,0.5,-0.5,-0.5
279ddf6a,2,19,8,0.11,0.25,22.4,0.0,0,0,0.8,0.8,1.2,1.2
b34c63a5,3,33,11,0.09,0.27,19.0,2.0,0,0,2.8,2.8,0.2,0.2
9d498560,0,0,0,0.0,0.0,0.0,0.0,0,0,0.0,0.0,0.0,0.0
b3d76d84,0,0,0,0.0,0.0,0.0,0.0,0,0,0.0,0.0,0.0,0.0
68a26d51,0,14,5,0.0,0.0,21.9,0.0,0,0,0.7,0.7,-0.7,-0.7
7909ffa4,0,6,1,0.0,0.0,26.2,0.0,0,0,0.2,0.2,-0.2,-0.2
7495aba7,0,6,2,0.0,0.0,24.6,0.0,0,0,0.2,0.2,-0.2,-0.2
ff4d0258,0,1,0,0.0,0.0,13.9,0.0,0,0,0.0,0.0,0.0,0.0
741418c3,0,2,0,0.0,0.0,24.0,0.0,0,0,0.1,0.1,-0.1,-0.1
741418c3,2,9,4,0.22,0.5,18.0,0.0,0,0,1.0,1.0,1.0,1.0
5219ab4a,1,31,8,0.03,0.13,17.6,0.0,0,0,2.7,2.7,-1.7,-1.7
3010aefb,1,5,1,0.2,1.0,15.4,0.0,0,0,0.8,0.8,0.2,0.2
c4065f40,0,1,0,0.0,0.0,9.2,0.0,0,0,0.1,0.1,-0.1,-0.1
cfa49cc1,1,3,2,0.33,0.5,14.7,0.0,0,0,0.4,0.4,0.6,0.6
0e7ccfc4,0,3,2,0.0,0.0,30.6,1.0,0,0,0.1,0.1,-0.1,-0.1
59948ef7,1,25,7,0.04,0.14,17.6,3.0,0,0,2.7,2.7,-1.7,-1.7
bfb2056e,0,0,0,0.0,0.0,0.0,0.0,0,0,0.0,0.0,0.0,0.0
909222de,3,28,10,0.11,0.3,16.1,0.0,0,0,2.9,2.9,0.1,0.1
2434f24a,0,0,0,0.0,0.0,0.0,0.0,0,0,0.0,0.0,0.0,0.0
ef8ae23b,0,2,0,0.0,0.0,29.3,0.0,0,0,0.0,0.0,0.0,0.0
8f325097,2,7,4,0.29,0.5,10.0,0.0,0,0,1.4,1.4,0.6,0.6
1ec7e1c5,0,2,0,0.0,0.0,13.5,0.0,0,0,0.1,0.1,-0.1,-0.1
29c02c9f,0,2,0,0.0,0.0,17.4,0.0,0,0,0.1,0.1,-0.1,-0.1
b70afb45,9,35,20,0.26,0.45,11.3,0.0,0,0,6.3,6.3,2.7,2.7
7ef972c3,0,0,0,0.0,0.0,0.0,0.0,0,0,0.0,0.0,0.0,0.0
6e33125f,1,15,1,0.07,1.0,17.2,0.0,0,0,1.9,1.8,-0.9,-0.8
fd2bc67d,1,12,3,0.08,0.33,13.8,0.0,0,0,0.9,0.9,0.1,0.1
5069b796,1,4,2,0.25,0.5,15.4,0.0,0,0,0.4,0.4,0.6,0.6
ce50fd99,15,73,34,0.15,0.32,15.5,0.0,4,5,15.8,11.9,-0.8,-0.9
5fdcb075,0,0,0,0.0,0.0,0.0,0.0,0,0,0.0,0.0,0.0,0.0
4ca4f601,4,21,6,0.19,0.67,14.9,0.0,0,0,2.1,2.1,1.9,1.9
0be95d34,4,21,8,0.05,0.13,19.4,2.0,3,3,3.7,1.4,0.3,-0.4
8332db56,0,3,2,0.0,0.0,19.5,0.0,0,0,0.2,0.2,-0.2,-0.2
e4448c8c,1,2,1,0.5,1.0,20.4,0.0,0,0,0.1,0.1,0.9,0.9
d33c706e,6,23,8,0.13,0.38,16.4,1.0,3,3,5.4,3.0,0.6,0.0
d33c706e,0,9,3,0.0,0.0,10.5,0.0,0,0,1.9,1.9,-1.9,-1.9
7304f3b1,0,4,2,0.0,0.0,16.1,0.0,0,0,0.2,0.2,-0.2,-0.2
e7986081,3,24,11,0.13,0.27,13.1,0.0,0,0,3.2,3.2,-0.2,-0.2
11f54bd5,0,1,0,0.0,0.0,8.3,0.0,0,0,0.1,0.1,-0.1,-0.1
99d660b2,5,41,18,0.02,0.06,25.0,14.0,4,4,5.7,2.5,-0.7,-1.5
477e50ce,0,0,0,0.0,0.0,0.0,0.0,0,0,0.0,0.0,0.0,0.0
1d5c96f8,0,7,2,0.0,0.0,16.1,0.0,0,0,0.5,0.5,-0.5,-0.5
1bfb6fef,2,13,5,0.15,0.4,11.5,0.0,0,0,0.9,0.9,1.1,1.1
d8c19a60,0,1,1,0.0,0.0,7.5,0.0,0,0,0.2,0.2,-0.2,-0.2
fb55f63a,0,0,0,0.0,0.0,0.0,0.0,0,0,0.0,0.0,0.0,0.0
6605d143,13,49,22,0.24,0.55,12.9,1.0,1,1,8.9,8.1,4.1,3.9
b3244eeb,0,2,0,0.0,0.0,16.8,0.0,0,0,0.2,0.2,-0.2,-0.2
6d0fe035,0,9,4,0.0,0.0,21.9,0.0,0,0,0.4,0.4,-0.4,-0.4
698f11e3,0,1,0,0.0,0.0,6.4,0.0,0,0,0.2,0.2,-0.2,-0.2
29939a1d,1,16,7,0.06,0.14,17.1,0.0,0,0,1.7,1.7,-0.7,-0.7
8104e41e,2,32,13,0.06,0.15,15.1,0.0,0,0,3.3,3.3,-1.3,-1.3
f41a69e6,0,0,0,0.0,0.0,0.0,0.0,0,0,0.0,0.0,0.0,0.0
40774c6b,1,11,5,0.09,0.2,12.5,0.0,0,0,1.5,1.5,-0.5,-0.5
40774c6b,1,6,0,0.0,0.0,19.6,0.0,1,1,1.5,0.7,-0.5,-0.7
92b56413,0,3,1,0.0,0.0,21.7,0.0,0,0,0.2,0.2,-0.2,-0.2
6de23ab0,0,6,1,0.0,0.0,11.6,0.0,0,0,0.3,0.3,-0.3,-0.3
4be0b467,1,10,2,0.1,0.5,14.1,0.0,0,0,1.7,1.7,-0.7,-0.7
37143438,0,0,0,0.0,0.0,0.0,0.0,0,0,0.0,0.0,0.0,0.0
19053e31,1,19,6,0.05,0.17,21.6,1.0,0,0,1.4,1.4,-0.4,-0.4
19053e31,1,2,1,0.5,1.0,10.5,0.0,0,0,1.0,1.0,0.0,0.0
eedea60b,0,0,0,0.0,0.0,0.0,0.0,0,0,0.0,0.0,0.0,0.0
ad82197c,2,15,3,0.13,0.67,15.0,0.0,0,1,2.8,2.0,-0.8,0.0
b2336681,2,15,4,0.13,0.5,12.5,0.0,0,0,1.4,1.4,0.6,0.6
43e7a164,1,12,3,0.08,0.33,15.7,1.0,0,0,1.1,1.1,-0.1,-0.1
627b570a,0,1,0,0.0,0.0,13.6,0.0,0,0,0.1,0.1,-0.1,-0.1
1bd5bdc4,0,0,0,0.0,0.0,0.0,0.0,0,0,0.0,0.0,0.0,0.0
fffea3e5,1,13,6,0.08,0.17,15.6,0.0,0,0,1.4,1.4,-0.4,-0.4
836dc4a8,0,1,0,0.0,0.0,24.4,0.0,0,0,0.1,0.1,-0.1,-0.1
1b5b32d2,0,0,0,0.0,0.0,0.0,0.0,0,0,0.0,0.0,0.0,0.0
08f5afaa,0,0,0,0.0,0.0,0.0,0.0,0,0,0.0,0.0,0.0,0.0
a1dbfcb1,1,6,3,0.17,0.33,16.7,0.0,0,0,0.4,0.4,0.6,0.6
dff0c299,0,1,1,0.0,0.0,16.2,0.0,0,0,0.1,0.1,-0.1,-0.1
92d90c8f,0,6,1,0.0,0.0,12.1,0.0,0,0,0.6,0.6,-0.6,-0.6
9e7483ff,3,19,6,0.16,0.5,21.7,0.0,0,0,1.4,1.4,1.6,1.6
b4ef3fb5,0,0,0,0.0,0.0,0.0,0.0,0,0,0.0,0.0,0.0,0.0
0512a60a,1,5,2,0.2,0.5,23.3,0.0,0,0,0.2,0.2,0.8,0.8
9226aa22,2,21,9,0.05,0.11,19.0,0.0,1,1,3.3,2.5,-1.3,-1.5
9daeac61,0,4,2,0.0,0.0,16.5,0.0,0,0,0.5,0.5,-0.5,-0.5
6d7ede84,0,4,1,0.0,0.0,27.6,0.0,0,0,0.1,0.1,-0.1,-0.1
0e12089d,0,0,0,0.0,0.0,0.0,0.0,0,0,0.0,0.0,0.0,0.0
0cbc8baa,0,2,0,0.0,0.0,15.3,0.0,0,0,0.3,0.3,-0.3,-0.3
5b92d896,3,20,9,0.15,0.33,13.8,0.0,0,0,2.5,2.5,0.5,0.5
104b4ad3,0,2,1,0.0,0.0,12.8,0.0,0,0,0.1,0.1,-0.1,-0.1
0d7b6576,8,37,19,0.22,0.42,14.8,1.0,0,0,5.9,5.9,2.1,2.1
0b4f388a,12,35,17,0.34,0.71,11.0,0.0,0,1,8.1,7.2,3.9,4.8
1a066e69,0,4,0,0.0,0.0,8.1,0.0,0,0,0.4,0.4,-0.4,-0.4
bc7b4580,0,3,2,0.0,0.0,13.9,0.0,0,0,0.2,0.2,-0.2,-0.2
83f03b07,1,9,3,0.11,0.33,18.8,0.0,0,0,0.6,0.6,0.4,0.4
9c221d14,0,0,0,0.0,0.0,0.0,0.0,0,0,0.0,0.0,0.0,0.0
745ca0a3,1,9,5,0.11,0.2,18.3,0.0,0,0,1.2,1.2,-0.2,-0.2
745ca0a3,0,5,2,0.0,0.0,23.6,0.0,0,0,0.2,0.2,-0.2,-0.2
faf00ab8,0,5,2,0.0,0.0,22.1,0.0,0,0,0.4,0.4,-0.4,-0.4
4b792f35,0,0,0,0.0,0.0,0.0,0.0,0,0,0.0,0.0,0.0,0.0
375622c5,0,6,1,0.0,0.0,25.4,0.0,0,0,0.1,0.1,-0.1,-0.1
50ac8941,0,1,0,0.0,0.0,20.7,0.0,0,0,0.1,0.1,-0.1,-0.1
caef7840,2,32,12,0.06,0.17,23.1,4.0,0,0,2.0,2.0,0.0,0.0
5313ed43,3,52,15,0.04,0.13,20.2,0.0,1,2,5.9,4.3,-2.9,-2.3
9d420dad,0,0,0,0.0,0.0,0.0,0.0,0,0,0.0,0.0,0.0,0.0
822d51d7,1,28,6,0.04,0.17,22.6,1.0,0,0,2.0,2.0,-1.0,-1.0
90eb507d,0,1,0,0.0,0.0,15.3,0.0,0,0,0.1,0.1,-0.1,-0.1
90f87966,1,11,2,0.09,0.5,13.3,0.0,0,0,1.2,1.2,-0.2,-0.2
574aa9ec,0,0,0,0.0,0.0,0.0,0.0,0,0,0.0,0.0,0.0,0.0
00a8d210,2,20,3,0.05,0.33,21.4,1.0,1,1,2.1,1.3,-0.1,-0.3
4b96c347,1,6,3,0.17,0.33,12.3,0.0,0,0,1.0,1.0,0.0,0.0
db3164e1,0,0,0,0.0,0.0,0.0,0.0,0,0,0.0,0.0,0.0,0.0
42276181,7,36,19,0.19,0.37,13.4,0.0,0,1,5.7,4.8,1.3,2.2
23c63b7f,3,19,8,0.16,0.38,13.0,0.0,0,0,2.1,2.1,0.9,0.9
23c63b7f,0,1,0,0.0,0.0,23.1,0.0,0,0,0.0,0.0,0.0,0.0
868eaba0,2,12,6,0.17,0.33,25.9,1.0,0,0,0.6,0.6,1.4,1.4
badcdcae,0,2,1,0.0,0.0,12.1,0.0,0,0,0.3,0.3,-0.3,-0.3
ea0ff634,2,19,6,0.11,0.33,12.3,0.0,0,0,2.6,2.6,-0.6,-0.6
8827bf46,2,9,6,0.22,0.33,15.8,0.0,0,0,0.8,0.8,1.2,1.2
5b3cfa12,0,1,0,0.0,0.0,18.1,0.0,0,0,0.1,0.1,-0.1,-0.1
c5adc293,0,1,0,0.0,0.0,26.5,0.0,0,0,0.0,0.0,0.0,0.0
41eebdf5,2,8,3,0.25,0.67,7.8,0.0,0,0,2.1,2.1,-0.1,-0.1
3befc2b6,1,19,4,0.05,0.25,18.3,1.0,0,0,1.1,1.1,-0.1,-0.1
3708e9fa,6,38,19,0.16,0.32,18.9,2.0,0,0,4.0,4.0,2.0,2.0
1961b2aa,1,11,3,0.09,0.33,22.8,0.0,0,0,0.5,0.5,0.5,0.5
645a3363,2,33,9,0.03,0.11,24.3,2.0,1,1,3.0,2.2,-1.0,-1.2
b8c1de25,1,3,1,0.33,1.0,19.7,0.0,0,0,0.4,0.4,0.6,0.6
a9d4c241,0,7,1,0.0,0.0,11.8,0.0,0,0,0.4,0.4,-0.4,-0.4
aad56ca3,0,5,2,0.0,0.0,12.5,0.0,0,0,0.6,0.6,-0.6,-0.6
aad56ca3,9,45,22,0.2,0.41,13.0,0.0,0,0,7.8,7.8,1.2,1.2
06c48679,1,3,1,0.33,1.0,12.5,0.0,0,0,0.7,0.7,0.3,0.3
49136c42,0,8,1,0.0,0.0,18.3,1.0,0,0,0.8,0.8,-0.8,-0.8
4a987ffa,0,3,0,0.0,0.0,28.5,2.0,0,0,0.2,0.2,-0.2,-0.2
d5d22a58,0,2,0,0.0,0.0,18.2,0.0,0,0,0.0,0.0,0.0,0.0
f6857b4f,0,0,0,0.0,0.0,0.0,0.0,0,0,0.0,0.0,0.0,0.0
5ea8ef20,1,23,5,0.04,0.2,16.1,0.0,0,0,2.4,2.4,-1.4,-1.4
b73f17f8,2,18,9,0.11,0.22,10.8,0.0,0,0,2.3,2.3,-0.3,-0.3
7155e3e1,1,8,4,0.13,0.25,16.8,0.0,0,0,0.7,0.7,0.3,0.3
5d8d7454,0,2,1,0.0,0.0,25.3,0.0,0,0,0.0,0.0,0.0,0.0
923f4dda,0,2,1,0.0,0.0,10.5,0.0,0,0,0.1,0.1,-0.1,-0.1
7091324a,0,0,0,0.0,0.0,0.0,0.0,0,0,0.0,0.0,0.0,0.0
d56b9520,0,6,2,0.0,0.0,22.0,0.0,0,0,0.2,0.2,-0.2,-0.2
576817b7,0,5,2,0.0,0.0,24.4,0.0,0,0,0.2,0.2,-0.2,-0.2
5167c97e,0,8,0,0.0,0.0,13.1,0.0,0,0,1.0,1.0,-1.0,-1.0
e42d61c7,4,14,7,0.29,0.57,15.5,0.0,0,0,2.7,2.7,1.3,1.3
a94571f6,0,0,0,0.0,0.0,0.0,0.0,0,0,0.0,0.0,0.0,0.0
0b4d8274,2,14,5,0.14,0.4,14.9,1.0,0,0,2.8,2.8,-0.8,-0.8
52cd0e88,0,1,0,0.0,0.0,23.4,0.0,0,0,0.0,0.0,0.0,0.0
e7d59f4f,0,6,3,0.0,0.0,18.7,0.0,0,0,0.5,0.5,-0.5,-0.5
07ace8c3,1,4,2,0.25,0.5,12.8,0.0,0,0,0.3,0.3,0.7,0.7
563fcd6b,1,19,5,0.05,0.2,17.9,1.0,0,0,2.4,2.4,-1.4,-1.4
f28474a4,0,1,0,0.0,0.0,27.6,0.0,0,0,0.0,0.0,0.0,0.0
3681cfff,0,3,0,0.0,0.0,17.4,0.0,0,0,0.2,0.2,-0.2,-0.2
61b77d0a,0,2,0,0.0,0.0,36.7,0.0,0,0,0.3,0.3,-0.3,-0.3
db7849ca,3,30,13,0.1,0.23,18.5,3.0,0,0,3.0,3.0,0.0,0.0
00891164,0,8,4,0.0,0.0,9.0,0.0,0,0,0.7,0.7,-0.7,-0.7
910e3cad,0,0,0,0.0,0.0,0.0,0.0,0,0,0.0,0.0,0.0,0.0
d14229f3,3,35,14,0.09,0.21,13.4,0.0,0,0,5.5,5.5,-2.5,-2.5
fb0ee44e,5,42,17,0.12,0.29,14.2,0.0,0,0,5.9,5.9,-0.9,-0.9
c9f49454,0,4,0,0.0,0.0,16.8,0.0,0,0,0.3,0.3,-0.3,-0.3
546bb36e,0,2,0,0.0,0.0,23.0,0.0,0,0,0.1,0.1,-0.1,-0.1
cf182add,2,12,5,0.17,0.4,17.8,0.0,0,0,1.1,1.1,0.9,0.9
dbd3a428,5,31,14,0.16,0.36,14.5,0.0,0,0,4.5,4.5,0.5,0.5
a0415710,0,7,3,0.0,0.0,16.3,1.0,0,0,0.6,0.6,-0.6,-0.6
96f4ebc0,0,2,1,0.0,0.0,12.7,0.0,0,0,0.1,0.1,-0.1,-0.1
eeba07f8,3,16,7,0.19,0.43,12.6,0.0,0,0,2.4,2.4,0.6,0.6
300ec91c,0,0,0,0.0,0.0,0.0,0.0,0,0,0.0,0.0,0.0,0.0
5cb215fc,1,8,4,0.13,0.25,8.7,0.0,0,0,1.2,1.2,-0.2,-0.2
45cce300,0,0,0,0.0,0.0,0.0,0.0,0,0,0.0,0.0,0.0,0.0
5b4bc323,0,7,0,0.0,0.0,23.5,0.0,0,0,0.1,0.1,-0.1,-0.1
56ae428b,2,11,2,0.18,1.0,9.3,0.0,0,0,1.3,1.3,0.7,0.7
f323d995,0,12,2,0.0,0.0,8.5,0.0,0,0,1.3,1.3,-1.3,-1.3
c066d1a5,1,6,2,0.17,0.5,19.1,0.0,0,0,0.7,0.7,0.3,0.3
32f3d97e,0,1,1,0.0,0.0,19.3,0.0,0,0,0.1,0.1,-0.1,-0.1
5b1bf5e3,0,1,0,0.0,0.0,29.8,0.0,0,0,0.0,0.0,0.0,0.0
bf4c41f9,6,28,14,0.21,0.43,14.7,0.0,0,0,4.7,4.7,1.3,1.3
dd211559,0,8,2,0.0,0.0,21.0,0.0,0,0,0.5,0.5,-0.5,-0.5
a426a912,0,0,0,0.0,0.0,0.0,0.0,0,0,0.0,0.0,0.0,0.0
3814120d,0,0,0,0.0,0.0,0.0,0.0,0,0,0.0,0.0,0.0,0.0
c5908bc4,0,2,0,0.0,0.0,23.3,0.0,0,0,0.1,0.1,-0.1,-0.1
c43a8336,0,1,0,0.0,0.0,18.2,0.0,0,0,0.0,0.0,0.0,0.0
c9f2f83a,0,0,0,0.0,0.0,0.0,0.0,0,0,0.0,0.0,0.0,0.0
796b1c41,2,30,10,0.07,0.2,23.2,6.0,0,0,2.4,2.4,-0.4,-0.4
2677a1de,3,21,12,0.14,0.25,20.4,0.0,0,0,2.5,2.5,0.5,0.5
3670aa71,0,0,0,0.0,0.0,0.0,0.0,0,0,0.0,0.0,0.0,0.0
aef6e670,0,4,0,0.0,0.0,6.0,0.0,0,0,0.7,0.7,-0.7,-0.7
3935e52e,3,13,7,0.23,0.43,9.5,0.0,0,0,2.6,2.6,0.4,0.4
1361e5bc,0,1,0,0.0,0.0,30.4,0.0,0,0,0.0,0.0,0.0,0.0
04bb2b06,3,11,5,0.18,0.4,16.9,0.0,1,1,2.2,1.4,0.8,0.6
e6eadfb8,0,1,1,0.0,0.0,27.6,0.0,0,0,0.0,0.0,0.0,0.0
86a2ba20,0,17,3,0.0,0.0,21.8,0.0,0,0,0.8,0.8,-0.8,-0.8
562a4799,0,3,1,0.0,0.0,13.5,0.0,0,0,0.1,0.1,-0.1,-0.1
c385bf49,0,3,1,0.0,0.0,20.5,0.0,0,0,0.1,0.1,-0.1,-0.1
397ba086,3,29,12,0.1,0.25,16.4,0.0,0,1,4.5,3.7,-1.5,-0.7
c90f380c,0,3,1,0.0,0.0,15.9,0.0,0,0,0.4,0.4,-0.4,-0.4
7cdda3bf,6,37,20,0.16,0.3,15.7,0.0,0,0,4.9,4.9,1.1,1.1
7cdda3bf,2,11,6,0.18,0.33,13.2,0.0,0,0,1.7,1.7,0.3,0.3
9dbb75ca,14,63,31,0.16,0.32,15.0,5.0,4,4,13.0,9.8,1.0,0.2
eb0db257,0,4,0,0.0,0.0,30.4,1.0,0,0,0.2,0.2,-0.2,-0.2
4e7db402,0,0,0,0.0,0.0,0.0,0.0,0,0,0.0,0.0,0.0,0.0
770d7eb8,0,2,1,0.0,0.0,21.8,0.0,0,0,0.1,0.1,-0.1,-0.1
01870104,3,18,8,0.17,0.38,10.1,0.0,0,0,2.9,2.9,0.1,0.1
f066022d,0,6,2,0.0,0.0,14.8,0.0,0,0,0.3,0.3,-0.3,-0.3
0ed063d6,1,7,3,0.14,0.33,19.3,0.0,0,0,0.4,0.4,0.6,0.6
2d22cea7,1,14,5,0.07,0.2,18.2,2.0,0,0,1.8,1.8,-0.8,-0.8
afe39ca8,2,9,4,0.22,0.5,13.2,0.0,0,0,1.1,1.1,0.9,0.9
547a72ad,0,5,2,0.0,0.0,9.6,0.0,0,0,0.6,0.6,-0.6,-0.6
88c4d190,6,35,14,0.17,0.43,10.4,0.0,0,0,6.3,6.3,-0.3,-0.3
6f806d99,4,33,17,0.12,0.24,23.2,5.0,0,0,2.4,2.4,1.6,1.6
2321ea6e,0,13,5,0.0,0.0,17.5,0.0,0,0,0.9,0.9,-0.9,-0.9
321a71a7,0,7,0,0.0,0.0,20.3,0.0,0,0,0.4,0.4,-0.4,-0.4
5bf26efc,0,0,0,0.0,0.0,0.0,0.0,0,0,0.0,0.0,0.0,0.0
2fa2a875,0,0,0,0.0,0.0,0.0,0.0,0,0,0.0,0.0,0.0,0.0
f5044e54,3,28,7,0.11,0.43,23.6,2.0,0,0,1.3,1.3,1.7,1.7
8ca9415f,0,0,0,0.0,0.0,0.0,0.0,0,0,0.0,0.0,0.0,0.0
2b471f99,0,6,3,0.0,0.0,20.1,0.0,0,0,0.3,0.3,-0.3,-0.3
1e52971c,1,15,1,0.07,1.0,23.7,0.0,0,0,0.7,0.7,0.3,0.3
1e7aea56,0,0,0,0.0,0.0,0.0,0.0,0,0,0.0,0.0,0.0,0.0
fcc84a07,0,12,3,0.0,0.0,21.0,1.0,0,0,0.8,0.8,-0.8,-0.8
17e25e72,0,2,1,0.0,0.0,13.5,0.0,0,0,0.1,0.1,-0.1,-0.1
f7691f63,0,12,2,0.0,0.0,21.7,1.0,0,0,0.5,0.5,-0.5,-0.5
fd78b105,0,0,0,0.0,0.0,0.0,0.0,0,0,0.0,0.0,0.0,0.0
40221fa7,0,5,0,0.0,0.0,22.3,0.0,0,0,0.2,0.2,-0.2,-0.2
40221fa7,0,0,0,0.0,0.0,0.0,0.0,0,0,0.0,0.0,0.0,0.0
f00de885,0,0,0,0.0,0.0,0.0,0.0,0,0,0.0,0.0,0.0,0.0
7c2965bb,4,39,13,0.1,0.31,18.2,3.0,0,0,3.9,3.9,0.1,0.1
20b9f052,0,0,0,0.0,0.0,0.0,0.0,0,0,0.0,0.0,0.0,0.0
64c14d49,0,12,2,0.0,0.0,24.2,0.0,0,0,0.5,0.5,-0.5,-0.5
fc4cf6a7,0,8,3,0.0,0.0,21.6,0.0,0,0,0.5,0.5,-0.5,-0.5
1a2935f6,0,10,1,0.0,0.0,13.2,1.0,0,0,0.6,0.6,-0.6,-0.6
a99138af,0,5,3,0.0,0.0,18.3,0.0,0,0,0.6,0.6,-0.6,-0.6
5b9512c5,1,7,4,0.14,0.25,11.8,0.0,0,0,0.5,0.5,0.5,0.5
e05082d1,0,11,1,0.0,0.0,27.9,4.0,0,0,0.3,0.3,-0.3,-0.3
b3f8bdef,3,12,5,0.25,0.6,18.2,0.0,0,0,1.0,1.0,2.0,2.0
dfc5d4fa,0,0,0,0.0,0.0,0.0,0.0,0,0,0.0,0.0,0.0,0.0
d4d35152,0,13,4,0.0,0.0,25.1,0.0,0,0,0.5,0.5,-0.5,-0.5
caa7aaea,0,11,0,0.0,0.0,18.8,0.0,0,0,0.8,0.8,-0.8,-0.8
fc46aab1,1,18,3,0.0,0.0,21.9,4.0,1,1,2.1,1.4,-1.1,-1.4
22bfb57e,0,1,0,0.0,0.0,8.0,0.0,0,0,0.0,0.0,0.0,0.0
654f49ca,0,6,1,0.0,0.0,13.9,0.0,0,0,0.8,0.8,-0.8,-0.8
48d5bd33,1,14,3,0.07,0.33,26.0,3.0,0,0,0.9,0.9,0.1,0.1
0f86995c,0,0,0,0.0,0.0,0.0,0.0,0,0,0.0,0.0,0.0,0.0
1d2d5cc8,0,0,0,0.0,0.0,0.0,0.0,0,0,0.0,0.0,0.0,0.0
c801616a,1,6,0,0.0,0.0,29.5,2.0,1,2,1.9,0.3,-0.9,-0.3
c4173f1a,0,0,0,0.0,0.0,0.0,0.0,0,0,0.0,0.0,0.0,0.0
706a60e1,1,4,2,0.25,0.5,19.5,0.0,0,0,0.2,0.2,0.8,0.8
e54a9890,2,22,7,0.09,0.29,21.2,1.0,0,0,1.8,1.8,0.2,0.2
740f00ac,0,32,8,0.0,0.0,23.8,1.0,0,0,1.7,1.7,-1.7,-1.7
d9764034,3,12,4,0.25,0.75,10.8,0.0,0,0,1.1,1.1,1.9,1.9
d5f2f82b,2,13,4,0.15,0.5,8.1,0.0,0,0,1.7,1.7,0.3,0.3
468fdbad,0,1,0,0.0,0.0,7.6,0.0,0,0,0.1,0.1,-0.1,-0.1
3ef0fa48,0,12,3,0.0,0.0,15.9,0.0,0,0,0.8,0.8,-0.8,-0.8
eba1e557,0,3,0,0.0,0.0,18.0,0.0,0,0,0.2,0.2,-0.2,-0.2
6ea05ca7,0,1,0,0.0,0.0,24.0,0.0,0,0,0.1,0.1,-0.1,-0.1
15944afd,0,2,1,0.0,0.0,31.1,0.0,0,0,0.0,0.0,0.0,0.0
cf1ef7ec,0,1,0,0.0,0.0,10.5,0.0,0,0,0.1,0.1,-0.1,-0.1
cf1ef7ec,0,0,0,0.0,0.0,0.0,0.0,0,0,0.0,0.0,0.0,0.0
70d4c949,0,0,0,0.0,0.0,0.0,0.0,0,0,0.0,0.0,0.0,0.0
a17a94d6,0,5,2,0.0,0.0,26.6,0.0,0,0,0.2,0.2,-0.2,-0.2
87d31635,0,3,2,0.0,0.0,16.8,1.0,0,0,0.1,0.1,-0.1,-0.1
30144daa,2,19,8,0.11,0.25,17.2,0.0,0,0,1.8,1.8,0.2,0.2
2c70d915,0,0,0,0.0,0.0,0.0,0.0,0,0,0.0,0.0,0.0,0.0
b20cc590,0,4,0,0.0,0.0,6.2,0.0,0,0,1.2,1.2,-1.2,-1.2
42fd9c7f,17,83,44,0.18,0.34,16.1,0.0,2,4,14.9,11.6,2.1,3.4
e76cb9cc,3,22,7,0.14,0.43,11.6,0.0,0,0,2.2,2.2,0.8,0.8
890bc029,0,0,0,0.0,0.0,0.0,0.0,0,0,0.0,0.0,0.0,0.0
46750e9c,0,2,0,0.0,0.0,21.0,0.0,0,0,0.1,0.1,-0.1,-0.1
6f5ec8bb,1,12,2,0.08,0.5,14.8,0.0,0,0,2.0,2.0,-1.0,-1.0
04ac78d2,0,2,0,0.0,0.0,9.7,0.0,0,0,0.3,0.3,-0.3,-0.3
d21e361a,0,7,1,0.0,0.0,18.2,0.0,0,0,0.6,0.6,-0.6,-0.6
70c52749,0,0,0,0.0,0.0,0.0,0.0,0,0,0.0,0.0,0.0,0.0
f20e4cc9,1,5,4,0.2,0.25,11.3,0.0,0,0,0.6,0.6,0.4,0.4
c6e5d20f,1,12,3,0.08,0.33,26.4,2.0,0,0,0.5,0.5,0.5,0.5
3322e296,0,5,2,0.0,0.0,14.8,0.0,0,0,0.2,0.2,-0.2,-0.2
9f0f4b49,0,2,0,0.0,0.0,20.6,0.0,0,0,0.0,0.0,0.0,0.0
e472a6f6,0,8,0,0.0,0.0,22.1,0.0,0,0,0.5,0.5,-0.5,-0.5
9bdd8118,0,2,1,0.0,0.0,27.6,0.0,0,0,0.0,0.0,0.0,0.0
0bfca6a1,0,12,3,0.0,0.0,24.0,0.0,0,0,0.4,0.4,-0.4,-0.4
d70ce98e,12,84,37,0.14,0.32,17.5,14.0,0,0,12.1,12.1,-0.1,-0.1
85613cf0,0,1,0,0.0,0.0,7.8,0.0,0,0,0.1,0.1,-0.1,-0.1
f833a830,1,10,5,0.1,0.2,14.4,1.0,0,0,1.0,1.0,0.0,0.0
065dc209,2,6,4,0.33,0.5,14.8,0.0,0,0,1.6,1.6,0.4,0.4
065dc209,12,33,18,0.33,0.61,13.6,0.0,1,2,7.3,5.7,4.7,5.3
595e6f3e,5,34,10,0.15,0.5,14.6,0.0,0,0,3.8,3.8,1.2,1.2
7e82a78f,1,6,2,0.17,0.5,22.9,2.0,0,0,0.4,0.4,0.6,0.6
8499c713,0,0,0,0.0,0.0,0.0,0.0,0,0,0.0,0.0,0.0,0.0
3eaf8817,2,6,2,0.33,1.0,13.3,0.0,0,0,0.8,0.8,1.2,1.2
19ba6c6d,4,24,7,0.13,0.43,13.5,0.0,1,1,4.1,3.3,-0.1,-0.3
71d10572,1,20,7,0.05,0.14,12.6,0.0,0,0,1.8,1.8,-0.8,-0.8
af0c835b,0,17,4,0.0,0.0,17.2,0.0,0,0,1.3,1.3,-1.3,-1.3
ac73ec79,0,10,2,0.0,0.0,11.5,0.0,0,0,1.0,1.0,-1.0,-1.0
2acf0cd7,5,39,12,0.13,0.42,17.3,0.0,0,0,5.6,5.6,-0.6,-0.6
dc29b608,0,0,0,0.0,0.0,0.0,0.0,0,0,0.0,0.0,0.0,0.0
e110ea4b,0,0,0,0.0,0.0,0.0,0.0,0,0,0.0,0.0,0.0,0.0
65c55288,0,2,0,0.0,0.0,18.4,0.0,0,0,0.2,0.2,-0.2,-0.2
87e9c7cd,0,7,2,0.0,0.0,22.5,0.0,0,0,0.5,0.5,-0.5,-0.5
69384e5d,13,36,18,0.31,0.61,16.7,6.0,2,2,8.2,6.7,4.8,4.3
46faabfa,0,7,5,0.0,0.0,16.6,0.0,0,0,0.4,0.4,-0.4,-0.4
2054d037,3,22,5,0.05,0.2,14.5,0.0,2,2,3.4,1.9,-0.4,-0.9
3f319bb9,0,9,4,0.0,0.0,12.1,0.0,0,0,0.7,0.7,-0.7,-0.7
7b9a9e25,4,31,7,0.13,0.57,16.3,0.0,0,0,2.7,2.7,1.3,1.3
374fbf7d,1,13,4,0.08,0.25,16.2,0.0,0,1,2.2,1.4,-1.2,-0.4
afb0c500,0,0,0,0.0,0.0,0.0,0.0,0,0,0.0,0.0,0.0,0.0
6043997c,0,5,1,0.0,0.0,8.2,0.0,0,0,0.8,0.8,-0.8,-0.8
35516eac,3,18,8,0.17,0.38,18.1,0.0,0,0,1.5,1.5,1.5,1.5
6993927b,0,2,0,0.0,0.0,18.2,0.0,0,0,0.2,0.2,-0.2,-0.2
4534a352,0,1,1,0.0,0.0,9.3,0.0,0,0,0.1,0.1,-0.1,-0.1
c631f952,0,0,0,0.0,0.0,0.0,0.0,0,0,0.0,0.0,0.0,0.0
ff4df82e,2,10,3,0.2,0.67,15.4,0.0,0,0,1.0,1.0,1.0,1.0
b5bb8188,0,3,0,0.0,0.0,18.0,0.0,0,0,0.2,0.2,-0.2,-0.2
8652a85c,9,57,25,0.16,0.36,13.0,0.0,0,0,10.2,10.2,-1.2,-1.2
2f9e4435,6,52,17,0.12,0.35,16.6,4.0,0,0,5.2,5.2,0.8,0.8
6b4436ba,0,1,1,0.0,0.0,2.8,0.0,0,0,0.3,0.3,-0.3,-0.3
83299cc0,1,2,1,0.5,1.0,20.7,0.0,0,0,0.6,0.6,0.4,0.4
83299cc0,0,23,6,0.0,0.0,19.8,1.0,0,0,1.8,1.8,-1.8,-1.8
ed90babd,1,21,8,0.05,0.13,19.2,3.0,0,0,1.8,1.8,-0.8,-0.8
cd9b37a3,1,1,1,1.0,1.0,5.2,0.0,0,0,0.5,0.5,0.5,0.5
779847d6,0,4,1,0.0,0.0,12.7,0.0,0,0,0.3,0.3,-0.3,-0.3
e5c1e0ca,0,5,1,0.0,0.0,12.1,0.0,0,0,0.5,0.5,-0.5,-0.5
9b6f7fd5,0,5,1,0.0,0.0,15.1,0.0,0,0,0.4,0.4,-0.4,-0.4
dff153a4,0,0,0,0.0,0.0,0.0,0.0,0,0,0.0,0.0,0.0,0.0
58ae47b2,2,21,4,0.05,0.25,22.7,1.0,1,1,2.3,1.5,-0.3,-0.5
f8ce97ca,0,2,0,0.0,0.0,16.3,0.0,0,0,0.1,0.1,-0.1,-0.1
0810b6df,0,0,0,0.0,0.0,0.0,0.0,0,0,0.0,0.0,0.0,0.0
57e3f0c7,6,39,15,0.08,0.2,17.9,2.0,3,3,7.3,5.0,-1.3,-2.0
5c42e7ce,0,0,0,0.0,0.0,0.0,0.0,0,0,0.0,0.0,0.0,0.0
8fd9996f,1,13,2,0.08,0.5,12.2,0.0,0,0,1.5,1.5,-0.5,-0.5
8846a40f,1,18,7,0.06,0.14,19.9,1.0,0,0,1.0,1.0,0.0,0.0
10dd88f9,3,17,8,0.12,0.25,21.8,0.0,1,1,2.3,1.5,0.7,0.5
49070d66,0,1,1,0.0,0.0,5.8,0.0,0,0,0.2,0.2,-0.2,-0.2
64ba07c0,0,3,2,0.0,0.0,14.6,0.0,0,0,0.2,0.2,-0.2,-0.2
e546b2e3,1,13,4,0.08,0.25,18.5,0.0,0,0,1.3,1.3,-0.3,-0.3
be98f358,0,3,0,0.0,0.0,17.1,0.0,0,0,0.6,0.6,-0.6,-0.6
7d704e92,2,19,9,0.11,0.22,12.7,0.0,0,0,2.6,2.6,-0.6,-0.6
51c30111,1,24,6,0.04,0.17,26.7,1.0,0,0,1.0,1.0,0.0,0.0
7be7c08b,0,0,0,0.0,0.0,0.0,0.0,0,0,0.0,0.0,0.0,0.0
1b729a98,0,0,0,0.0,0.0,0.0,0.0,0,0,0.0,0.0,0.0,0.0
67f649be,0,0,0,0.0,0.0,0.0,0.0,0,0,0.0,0.0,0.0,0.0
8dbff17c,0,6,2,0.0,0.0,25.2,0.0,0,0,0.3,0.3,-0.3,-0.3
08511d65,0,10,4,0.0,0.0,11.7,0.0,0,0,0.9,0.9,-0.9,-0.9
ef619b0b,1,18,6,0.06,0.17,14.7,1.0,0,0,2.2,2.2,-1.2,-1.2
79a793b7,0,0,0,0.0,0.0,0.0,0.0,0,0,0.0,0.0,0.0,0.0
25749008,3,23,11,0.13,0.27,14.0,0.0,0,0,3.7,3.7,-0.7,-0.7
40ef7347,5,21,11,0.24,0.45,11.7,0.0,0,0,4.6,4.6,0.4,0.4
fb3236a7,1,16,3,0.06,0.33,18.5,2.0,0,0,1.7,1.7,-0.7,-0.7
d504b3e1,0,1,0,0.0,0.0,8.2,0.0,0,0,0.2,0.2,-0.2,-0.2
d504b3e1,0,10,7,0.0,0.0,20.0,0.0,0,0,0.8,0.8,-0.8,-0.8
102c9665,2,6,2,0.33,1.0,10.0,0.0,0,0,0.7,0.7,1.3,1.3
7f41ee30,0,0,0,0.0,0.0,0.0,0.0,0,0,0.0,0.0,0.0,0.0
beae3a73,3,32,11,0.09,0.27,16.0,0.0,0,0,3.0,3.0,0.0,0.0
8d62d31a,1,7,2,0.14,0.5,6.9,0.0,0,0,0.9,0.9,0.1,0.1
ed45c4a5,1,13,2,0.08,0.5,21.5,0.0,0,0,0.8,0.8,0.2,0.2
1a6b7ea4,0,5,0,0.0,0.0,19.4,0.0,0,0,0.3,0.3,-0.3,-0.3
9b545925,2,14,7,0.14,0.29,9.3,0.0,0,0,2.5,2.5,-0.5,-0.5
90a9cc01,0,0,0,0.0,0.0,0.0,0.0,0,0,0.0,0.0,0.0,0.0
c0c7ff58,1,14,3,0.07,0.33,18.6,0.0,0,0,1.3,1.3,-0.3,-0.3
8299e363,0,0,0,0.0,0.0,0.0,0.0,0,0,0.0,0.0,0.0,0.0
6388e356,0,3,0,0.0,0.0,12.8,0.0,0,0,0.3,0.3,-0.3,-0.3
90fcf472,5,24,9,0.21,0.56,13.7,0.0,0,0,3.1,3.1,1.9,1.9
93c942fb,1,3,2,0.33,0.5,20.5,0.0,0,0,0.4,0.4,0.6,0.6
c9151d66,1,28,8,0.04,0.13,23.7,2.0,0,0,1.7,1.7,-0.7,-0.7
87935cf3,1,3,2,0.33,0.5,6.1,0.0,0,0,0.5,0.5,0.5,0.5
cad3fd4d,0,3,1,0.0,0.0,18.5,0.0,0,0,0.1,0.1,-0.1,-0.1
bc7cc472,3,23,10,0.13,0.3,15.2,1.0,0,0,2.7,2.7,0.3,0.3
c3725db2,1,10,3,0.1,0.33,15.1,0.0,0,0,1.1,1.1,-0.1,-0.1
fb14aa28,10,57,18,0.16,0.5,16.9,0.0,1,1,7.7,6.9,2.3,2.1
60d90c55,0,0,0,0.0,0.0,0.0,0.0,0,0,0.0,0.0,0.0,0.0
032f894e,2,6,4,0.33,0.5,15.2,0.0,0,0,0.6,0.6,1.4,1.4
2c0f8e9e,9,42,20,0.19,0.4,15.1,4.0,1,2,8.3,6.7,0.7,1.3
6e7f1353,0,8,2,0.0,0.0,19.4,0.0,0,0,0.7,0.7,-0.7,-0.7
5e22e2a4,1,12,5,0.08,0.2,23.7,0.0,0,0,0.6,0.6,0.4,0.4
9744ff80,0,6,2,0.0,0.0,10.4,0.0,0,0,1.3,1.3,-1.3,-1.3
f527a32c,4,30,11,0.1,0.27,19.6,2.0,1,1,3.6,2.8,0.4,0.2
d5326924,1,4,3,0.25,0.33,11.1,0.0,0,0,1.2,1.2,-0.2,-0.2
4315f30d,0,0,0,0.0,0.0,0.0,0.0,0,0,0.0,0.0,0.0,0.0
6bde367b,8,36,14,0.11,0.29,27.7,11.0,4,4,5.3,2.1,2.7,1.9
53af52f3,0,0,0,0.0,0.0,0.0,0.0,0,0,0.0,0.0,0.0,0.0
cea59f02,0,5,1,0.0,0.0,33.6,0.0,0,0,0.1,0.1,-0.1,-0.1
834b5c4c,0,0,0,0.0,0.0,0.0,0.0,0,0,0.0,0.0,0.0,0.0
1d383c10,0,0,0,0.0,0.0,0.0,0.0,0,0,0.0,0.0,0.0,0.0
9c2b1f11,0,0,0,0.0,0.0,0.0,0.0,0,0,0.0,0.0,0.0,0.0
92ffb8f9,0,0,0,0.0,0.0,0.0,0.0,0,0,0.0,0.0,0.0,0.0
30af8b93,1,10,6,0.1,0.17,21.0,2.0,0,0,0.7,0.7,0.3,0.3
fdbde523,3,30,7,0.1,0.43,11.8,0.0,0,0,3.7,3.7,-0.7,-0.7
5f3eaaf5,5,23,6,0.17,0.67,18.4,1.0,1,1,3.9,2.9,1.1,1.1
5e5249c8,0,30,7,0.0,0.0,17.3,0.0,0,0,2.3,2.3,-2.3,-2.3
0f8418aa,0,8,1,0.0,0.0,15.9,0.0,0,0,0.4,0.4,-0.4,-0.4
2acd49b9,1,11,3,0.09,0.33,14.7,0.0,0,0,1.7,1.7,-0.7,-0.7
d7547531,0,1,0,0.0,0.0,15.5,0.0,0,0,0.1,0.1,-0.1,-0.1
ffec9769,1,14,2,0.07,0.5,14.1,0.0,0,1,2.5,1.7,-1.5,-0.7
2ccd89a3,0,2,0,0.0,0.0,23.3,0.0,0,0,0.1,0.1,-0.1,-0.1
fed17f5a,2,7,4,0.29,0.5,14.2,0.0,0,0,1.1,1.1,0.9,0.9
f19f32b1,0,0,0,0.0,0.0,0.0,0.0,0,0,0.0,0.0,0.0,0.0
7a42d0df,6,69,25,0.07,0.2,15.3,0.0,1,3,9.2,6.8,-3.2,-1.8
86a49468,1,3,1,0.33,1.0,17.2,0.0,0,0,0.4,0.4,0.6,0.6
4e0afc5d,0,1,0,0.0,0.0,20.7,0.0,0,0,0.1,0.1,-0.1,-0.1
a45a5d95,0,3,0,0.0,0.0,16.2,0.0,0,0,0.1,0.1,-0.1,-0.1
9bc9a519,0,2,0,0.0,0.0,14.9,0.0,0,0,0.3,0.3,-0.3,-0.3
a08985b8,2,18,3,0.11,0.67,20.5,0.0,0,0,1.5,1.5,0.5,0.5
8f7e6783,0,3,1,0.0,0.0,20.1,0.0,0,0,0.3,0.3,-0.3,-0.3
39b326ed,0,1,0,0.0,0.0,25.4,0.0,0,0,0.1,0.1,-0.1,-0.1
a62f8bf1,1,13,3,0.08,0.33,17.6,0.0,0,0,1.4,1.4,-0.4,-0.4
b99bec05,0,0,0,0.0,0.0,0.0,0.0,0,0,0.0,0.0,0.0,0.0
b99bec05,0,9,3,0.0,0.0,17.9,0.0,0,0,0.4,0.4,-0.4,-0.4
f0661424,1,16,5,0.06,0.2,15.7,0.0,0,0,1.6,1.6,-0.6,-0.6
95192fe4,0,1,0,0.0,0.0,6.5,0.0,0,0,0.3,0.3,-0.3,-0.3
a0f9b535,2,19,6,0.11,0.33,19.6,0.0,0,0,1.7,1.7,0.3,0.3
a4a44eb0,1,5,2,0.2,0.5,11.0,0.0,0,0,0.4,0.4,0.6,0.6
ed39121c,3,10,2,0.0,0.0,29.8,1.0,3,3,2.9,0.5,0.1,-0.5
a65c844b,6,50,16,0.12,0.38,19.6,0.0,0,0,3.5,3.5,2.5,2.5
7f783431,1,3,1,0.33,1.0,19.5,0.0,0,0,0.3,0.3,0.7,0.7
5148dcc5,9,47,27,0.19,0.33,15.2,0.0,0,0,5.6,5.6,3.4,3.4
7120a04d,6,30,13,0.2,0.46,16.5,1.0,0,0,4.2,4.2,1.8,1.8
df8d6029,2,12,5,0.17,0.4,8.5,0.0,0,0,2.6,2.6,-0.6,-0.6
f4bc42b1,0,7,0,0.0,0.0,14.1,0.0,0,0,0.8,0.8,-0.8,-0.8
c76b7567,0,17,5,0.0,0.0,12.1,0.0,0,0,1.5,1.5,-1.5,-1.5
c76b7567,2,9,3,0.22,0.67,12.7,0.0,0,0,1.5,1.5,0.5,0.5
7d9397f8,2,25,8,0.08,0.25,18.9,0.0,0,0,2.3,2.3,-0.3,-0.3
ca6f4846,0,0,0,0.0,0.0,0.0,0.0,0,0,0.0,0.0,0.0,0.0
88f130ed,0,6,1,0.0,0.0,16.1,0.0,0,0,0.4,0.4,-0.4,-0.4
5ceba7fc,0,4,2,0.0,0.0,13.5,0.0,0,0,1.0,1.0,-1.0,-1.0
5ceba7fc,4,41,19,0.1,0.21,14.7,0.0,0,0,4.4,4.4,-0.4,-0.4
652d4c37,0,11,4,0.0,0.0,23.9,0.0,0,0,0.5,0.5,-0.5,-0.5
a4b798a9,0,16,3,0.0,0.0,23.8,0.0,0,1,1.5,0.7,-1.5,-0.7
01fd01e8,0,0,0,0.0,0.0,0.0,0.0,0,0,0.0,0.0,0.0,0.0
01fd01e8,0,3,0,0.0,0.0,5.7,0.0,0,0,0.5,0.5,-0.5,-0.5
4e47507a,0,3,0,0.0,0.0,11.1,0.0,0,0,0.2,0.2,-0.2,-0.2
de488e56,0,0,0,0.0,0.0,0.0,0.0,0,0,0.0,0.0,0.0,0.0
a4b1028a,1,18,6,0.06,0.17,17.8,0.0,0,0,0.9,0.9,0.1,0.1
5d0e0a1f,0,10,3,0.0,0.0,20.6,0.0,0,0,0.7,0.7,-0.7,-0.7
906baf89,0,0,0,0.0,0.0,0.0,0.0,0,0,0.0,0.0,0.0,0.0
8a53d24b,1,8,3,0.13,0.33,15.6,0.0,0,0,1.3,1.3,-0.3,-0.3
1df4a109,0,3,1,0.0,0.0,21.0,0.0,0,0,0.2,0.2,-0.2,-0.2
1880614f,2,41,12,0.02,0.08,16.6,2.0,1,1,5.0,4.3,-3.0,-3.3
d75f3980,0,1,0,0.0,0.0,29.8,0.0,0,0,0.0,0.0,0.0,0.0
531a4aa8,0,7,1,0.0,0.0,17.3,0.0,0,0,0.5,0.5,-0.5,-0.5
ee45fd85,0,13,4,0.0,0.0,22.7,0.0,0,0,1.2,1.2,-1.2,-1.2
4a56052c,3,17,7,0.18,0.43,18.0,0.0,0,0,2.3,2.3,0.7,0.7
1467af0d,0,3,2,0.0,0.0,17.3,0.0,0,0,0.2,0.2,-0.2,-0.2
d60cf08d,0,0,0,0.0,0.0,0.0,0.0,0,0,0.0,0.0,0.0,0.0
b2791a55,0,9,1,0.0,0.0,9.7,0.0,0,0,0.6,0.6,-0.6,-0.6
01becd60,1,12,5,0.08,0.2,14.2,0.0,0,0,2.8,2.8,-1.8,-1.8
75438a9a,1,2,1,0.5,1.0,7.8,0.0,0,0,0.1,0.1,0.9,0.9
74d4cec6,0,2,1,0.0,0.0,10.6,0.0,0,0,0.6,0.6,-0.6,-0.6
3b029691,0,18,4,0.0,0.0,20.9,0.0,0,0,1.8,1.8,-1.8,-1.8
64f69877,2,10,6,0.2,0.33,15.4,0.0,0,0,1.2,1.2,0.8,0.8
8eec784d,0,19,9,0.0,0.0,21.4,0.0,0,0,1.8,1.8,-1.8,-1.8
3ecc8c5f,0,11,4,0.0,0.0,9.7,0.0,0,0,0.8,0.8,-0.8,-0.8
b003239d,0,5,0,0.0,0.0,8.9,0.0,0,0,0.7,0.7,-0.7,-0.7
b003239d,0,0,0,0.0,0.0,0.0,0.0,0,0,0.0,0.0,0.0,0.0
f3600c02,0,5,0,0.0,0.0,22.8,0.0,0,0,0.1,0.1,-0.1,-0.1
f5c8b425,1,5,2,0.2,0.5,19.0,0.0,0,0,0.2,0.2,0.8,0.8
061266cd,0,2,1,0.0,0.0,25.9,0.0,0,0,0.1,0.1,-0.1,-0.1
6763f716,0,1,0,0.0,0.0,14.8,0.0,0,0,0.1,0.1,-0.1,-0.1
1a85bcdb,0,2,0,0.0,0.0,17.7,0.0,0,0,0.1,0.1,-0.1,-0.1
6b9960cf,2,4,3,0.5,0.67,14.0,0.0,0,0,1.4,1.4,0.6,0.6
72d4922b,0,2,1,0.0,0.0,17.6,0.0,0,0,0.0,0.0,0.0,0.0
0ff630d0,0,4,0,0.0,0.0,15.9,0.0,0,0,0.2,0.2,-0.2,-0.2
0ff630d0,1,3,1,0.33,1.0,15.3,0.0,0,0,0.4,0.4,0.6,0.6
c8c02ac7,0,0,0,0.0,0.0,0.0,0.0,0,0,0.0,0.0,0.0,0.0
095e4199,0,28,5,0.0,0.0,21.2,5.0,0,0,2.0,2.0,-2.0,-2.0
fb4c5b6e,0,0,0,0.0,0.0,0.0,0.0,0,0,0.0,0.0,0.0,0.0
34a88e3e,1,28,8,0.04,0.13,19.2,0.0,0,0,2.0,2.0,-1.0,-1.0
aefa3050,0,0,0,0.0,0.0,0.0,0.0,0,0,0.0,0.0,0.0,0.0
