id,Att,Live,Dead,FK,TB,Sw,Crs,TI,CK,In,Out,Str,Cmp,Off,Blocks
22919e97,151,136,14,0,1,1,11,6,0,0,0,0,106,1,5
501055d8,287,274,12,3,0,1,15,4,5,5,0,0,210,1,13
dcfb17f4,282,266,12,1,2,2,10,4,4,0,2,0,216,4,10
cb6d81b3,25,19,6,0,0,0,1,6,0,0,0,0,16,0,2
a6c58494,529,514,13,4,2,1,6,5,0,0,0,0,449,2,13
462475ed,128,125,1,0,0,4,1,0,0,0,0,0,64,2,6
6ec6fde0,610,572,38,13,1,9,7,25,0,0,0,0,480,0,14
834d0be5,64,60,4,0,0,0,0,0,0,0,0,0,43,0,1
00f518d8,58,49,9,0,0,0,2,9,0,0,0,0,43,0,2
8ce30c57,30,29,1,1,1,1,0,0,0,0,0,0,18,0,1
cd682b6b,3,3,0,0,0,0,0,0,0,0,0,0,3,0,0
555d5edd,342,321,19,9,2,2,9,1,5,1,4,0,290,2,11
e0b113a7,984,955,28,24,0,4,4,4,0,0,0,0,822,1,10
30941e96,1064,797,253,22,1,9,132,196,35,10,20,0,705,14,28
5e66fa06,1342,1211,128,42,2,11,22,85,0,0,0,0,1061,3,21
0a3f6cde,317,230,85,3,1,1,30,77,2,0,0,0,187,2,12
56413b1f,311,290,20,12,0,0,12,1,7,4,3,0,248,1,3
86e119e0,1086,868,208,127,4,22,115,5,65,47,17,0,812,10,6
13ddc856,168,162,4,1,1,0,11,2,1,0,0,0,120,2,5
35f67a30,50,49,1,0,0,0,2,0,0,0,0,0,30,0,2
fe46e261,162,120,38,2,1,0,11,36,0,0,0,0,94,4,7
ce81d82d,0,0,0,0,0,0,0,0,0,0,0,0,0,0,0
10549b49,127,119,7,0,1,0,0,1,0,0,0,0,81,1,2
f582d5c1,0,0,0,0,0,0,0,0,0,0,0,0,0,0,0
a8567629,643,527,115,11,1,6,18,104,0,0,0,0,508,1,13
442b56fa,1133,934,194,17,2,6,54,175,2,2,0,0,887,5,24
a2a85828,138,130,6,0,1,1,10,4,2,1,1,0,95,2,4
00242b75,344,337,4,4,1,0,4,0,0,0,0,0,233,3,13
e61bdd69,105,102,3,1,0,0,6,2,0,0,0,0,70,0,9
44a20f0c,413,402,10,9,0,5,1,1,0,0,0,0,295,1,4
47064058,959,776,180,45,0,5,0,0,0,0,0,0,772,3,1
bd7d2e6d,235,226,9,7,0,2,5,0,0,0,0,0,190,0,1
69374ff5,141,135,6,3,0,2,2,1,0,0,0,0,113,0,1
437f2b00,668,613,49,7,2,7,22,28,1,0,0,0,452,6,30
fbbc8e15,1,1,0,0,0,0,0,0,0,0,0,0,1,0,0
a53b661f,89,78,10,0,0,0,3,4,0,0,0,0,56,1,2
8eb55dbb,357,345,11,2,1,0,72,5,2,0,0,0,208,1,26
30ae134d,283,278,2,0,1,0,4,0,0,0,0,0,175,3,8
857a5abe,694,669,20,19,1,5,12,1,0,0,0,0,534,5,5
bee0bab1,51,50,1,0,0,0,5,1,0,0,0,0,34,0,1
57d88cf9,1084,1042,37,22,6,20,20,13,1,0,0,0,875,5,20
378825c7,1059,838,215,32,7,2,24,183,0,0,0,0,814,6,27
eb6e14be,289,219,69,18,0,1,74,0,34,18,16,0,135,1,15
7aac47fe,79,74,5,2,0,1,1,2,0,0,0,0,58,0,1
07d3bfec,91,86,5,2,1,0,6,1,2,2,0,0,68,0,4
dc62fbee,472,447,25,1,1,4,27,23,1,1,0,0,336,0,19
663e080e,623,512,110,24,0,0,0,0,0,0,0,0,549,1,0
691bef82,94,86,7,6,0,1,1,1,0,0,0,0,82,1,1
f4ec4fd0,98,84,13,3,1,0,5,6,0,0,0,0,73,1,0
635f2732,328,301,23,16,4,6,4,0,0,0,0,0,240,4,4
36578017,9,8,1,0,0,0,2,0,0,0,0,0,8,0,0
01834aa0,744,703,41,22,0,2,2,8,0,0,0,0,628,0,10
c68da769,224,211,12,1,0,1,6,2,2,0,0,0,165,1,7
a167537f,958,844,109,15,4,9,120,10,82,31,38,2,730,5,20
d28339cb,124,107,17,5,0,0,0,0,0,0,0,0,112,0,0
d4a2533d,148,132,16,4,0,3,13,5,4,4,0,0,103,0,9
e27da244,262,247,14,10,0,2,0,0,0,0,0,0,206,1,5
bbd79358,16,15,1,0,0,0,0,0,0,0,0,0,10,0,0
f0a37d36,780,607,171,13,1,2,38,158,0,0,0,0,519,2,19
4e204552,77,70,6,1,0,0,4,0,0,0,0,0,56,1,3
45e95f21,161,139,22,2,1,3,15,20,0,0,0,0,112,0,1
ab5b7dc1,502,488,10,0,2,4,73,10,0,0,0,0,304,4,27
05e2d5ea,42,37,3,1,0,0,1,1,1,0,0,0,31,2,3
05f99a4a,109,106,1,0,2,2,11,0,0,0,0,0,71,2,5
f631c17f,81,78,3,0,0,0,6,1,0,0,0,0,53,0,2
b4705807,184,146,38,1,0,0,8,37,0,0,0,0,141,0,8
10745192,119,115,3,0,2,0,5,3,0,0,0,0,92,1,0
0118c54c,688,600,86,14,0,17,36,62,10,6,4,0,505,2,16
d1db4b83,42,25,17,2,0,0,2,14,1,0,1,0,30,0,3
d1273f09,138,95,43,9,0,2,10,28,6,5,1,0,91,0,2
a65ce836,615,602,12,9,0,4,0,2,0,0,0,0,543,1,5
bd6351cd,177,152,24,4,0,4,7,20,0,0,0,0,143,1,4
5e080f73,10,10,0,0,1,0,1,0,0,0,0,0,5,0,0
db401046,1020,749,270,78,0,10,0,0,0,0,0,0,796,1,0
ae7058f9,489,457,31,21,0,2,1,0,0,0,0,0,413,1,2
b3b7f5a6,53,37,15,0,0,0,3,15,0,0,0,0,31,1,0
48780156,2,2,0,0,0,0,0,0,0,0,0,0,1,0,0
af104654,814,570,240,86,0,3,0,0,0,0,0,0,541,4,0
c6608135,0,0,0,0,0,0,0,0,0,0,0,0,0,0,0
6e17c802,155,148,5,4,0,0,2,0,1,0,0,0,118,2,3
dd5bbe0d,31,22,9,1,0,0,2,8,0,0,0,0,18,0,2
042e8a49,469,456,10,1,4,2,47,8,1,0,1,0,375,3,12
5ddb8f9f,387,296,89,0,0,2,34,88,1,0,1,0,238,2,10
05ba9d7c,57,52,5,0,0,1,3,5,0,0,0,0,41,0,7
eac044ad,186,180,5,0,0,1,4,0,0,0,0,0,131,1,6
dee3013b,200,144,56,16,0,0,0,0,0,0,0,0,132,0,0
db4ed67b,155,149,4,2,1,1,3,0,2,0,2,0,117,2,6
d3d77413,63,61,1,0,0,0,2,1,0,0,0,0,50,1,2
41bff4fa,157,151,6,5,1,3,0,1,0,0,0,0,101,0,2
3eb0f2df,12,10,2,1,0,0,0,0,1,0,0,0,8,0,0
d781d855,1219,1072,140,15,1,8,11,125,0,0,0,0,1064,7,14
fe641c1a,132,126,6,6,0,2,3,0,0,0,0,0,91,0,4
54b4dc4e,766,667,95,45,2,5,69,5,42,22,15,0,576,4,12
ed79b7d3,381,359,18,0,1,1,18,4,0,0,0,0,181,4,28
7bf9400b,152,148,4,4,0,3,0,0,0,0,0,0,127,0,0
aeed5c06,644,601,39,6,8,4,68,14,9,4,4,0,481,4,12
fc62f087,345,335,9,7,1,3,1,2,0,0,0,0,296,1,1
d82a310a,2,2,0,0,0,0,0,0,0,0,0,0,2,0,0
8779ddf8,76,66,9,0,0,0,4,2,0,0,0,0,39,1,3
95bb6ddc,340,293,46,3,1,0,5,43,0,0,0,0,243,1,7
4ccd8957,50,44,4,0,0,1,3,3,0,0,0,0,29,2,1
d01bbb6f,430,427,1,0,3,4,18,1,0,0,0,0,309,2,21
f67c9d29,514,501,13,8,0,2,6,2,0,0,0,0,407,0,8
cc83b74d,54,49,3,0,0,0,1,2,0,0,0,0,40,2,0
7f73bdf4,78,72,6,6,0,0,0,0,0,0,0,0,55,0,0
9a2e3a23,82,79,1,0,0,0,3,1,0,0,0,0,50,2,1
809940aa,347,326,19,3,1,0,25,12,3,2,0,0,225,2,17
638a4d71,621,479,136,45,5,10,105,4,58,12,32,1,387,6,10
79ca3e23,279,259,19,6,0,7,12,2,1,1,0,0,208,1,10
beb882a8,560,554,4,4,2,1,8,0,0,0,0,0,429,2,21
2f7fec15,73,66,4,0,2,0,2,1,0,0,0,0,42,3,2
76b2817e,24,18,6,1,0,0,0,5,0,0,0,0,15,0,1
e7f3e8a7,265,258,5,0,3,2,11,4,1,0,0,0,210,2,5
48035304,1352,1309,41,35,1,2,0,1,0,0,0,0,1251,2,7
c149016b,873,851,17,13,3,4,3,4,0,0,0,0,671,5,21
554bcc91,278,234,43,17,1,3,36,3,23,7,16,0,186,1,11
1e43fad8,212,158,54,16,0,0,0,0,0,0,0,0,158,0,0
677da306,496,472,22,20,0,3,1,2,0,0,0,0,362,2,11
3bb625ac,689,619,68,23,0,12,34,28,17,14,3,0,504,2,13
79f7302a,120,85,35,2,0,0,3,33,0,0,0,0,95,0,4
a92ab7be,919,720,195,53,0,10,0,0,0,0,0,0,663,4,1
9642c929,185,180,3,3,0,1,1,0,0,0,0,0,129,2,3
9a2e0ccc,344,336,7,4,0,1,9,2,1,0,1,0,284,1,7
76fa965f,373,315,56,20,0,1,46,9,22,17,4,0,275,2,12
a9142dc3,76,60,15,1,0,1,1,14,0,0,0,0,61,1,1
626fab5f,64,44,20,0,0,0,4,20,0,0,0,0,33,0,3
697dc00a,79,79,0,0,0,0,1,0,0,0,0,0,61,0,1
33182cb8,110,107,3,0,2,0,4,1,0,0,0,0,60,0,8
f86ad3f5,1195,1124,67,39,1,25,20,18,10,0,3,0,978,4,10
b77f44a4,740,704,32,29,1,6,0,3,0,0,0,0,630,4,5
74f2e748,801,651,150,7,0,3,42,143,0,0,0,0,626,0,24
0cf778df,478,419,57,9,2,10,40,15,28,4,18,0,361,2,11
4b96c347,238,230,7,0,1,1,7,5,1,0,0,0,188,1,3
4f16405e,666,651,12,0,4,12,16,0,1,0,1,0,414,3,30
f27680d9,583,484,97,2,1,2,34,95,0,0,0,0,389,2,11
6c731625,78,74,4,0,0,0,1,0,0,0,0,0,43,0,1
37f606f0,564,491,72,34,1,3,33,3,28,4,17,1,470,1,13
62ab9184,400,381,15,7,1,2,7,2,0,0,0,0,294,4,14
7242b495,615,426,188,20,0,3,79,137,31,19,6,0,413,1,20
17376543,882,633,249,67,0,3,0,0,0,0,0,0,643,0,1
f521b80a,1233,1191,36,32,1,10,6,3,0,0,0,0,1013,6,5
88e357ef,595,567,23,0,3,1,34,11,8,3,5,0,476,5,17
83b9c48f,39,35,4,4,0,1,0,0,0,0,0,0,31,0,1
cc86b9a3,662,644,14,11,3,1,4,2,0,0,0,0,546,4,6
9efa1d25,973,905,58,18,9,6,37,8,12,3,7,0,737,10,30
1025db8e,961,896,60,59,5,8,6,1,0,0,0,0,645,5,13
b8e740fb,184,179,3,0,0,1,5,0,3,1,2,0,157,2,3
8e235926,401,390,7,1,1,2,12,5,0,0,0,0,221,4,12
f9dfb7ae,125,123,2,2,0,0,2,0,0,0,0,0,100,0,1
54e4866f,854,741,107,46,5,10,84,13,41,27,7,0,625,6,17
37998008,173,150,23,12,0,0,0,0,0,0,0,0,121,0,1
14a7af33,564,547,16,16,1,4,4,0,0,0,0,0,460,1,12
ae9b998d,4,4,0,0,0,0,1,0,0,0,0,0,2,0,0
1fc4f3d1,533,493,40,20,2,3,11,1,2,0,2,0,460,0,7
f2dd9a21,276,270,5,5,1,5,2,0,0,0,0,0,199,1,3
048a1cbc,1125,949,175,34,3,4,46,124,17,2,11,0,937,1,22
e6c43eec,252,246,5,3,0,3,1,2,0,0,0,0,196,1,2
923f4dda,268,252,16,1,1,4,6,0,1,0,0,0,184,0,9
bcb2ccd8,215,173,42,6,0,0,0,0,0,0,0,0,189,0,0
25ab9c9c,88,87,1,0,0,0,0,0,0,0,0,0,74,0,0
1df0c0b9,622,479,141,3,0,2,23,138,0,0,0,0,403,2,13
8593f88c,943,711,230,32,0,13,129,150,48,27,17,0,674,2,21
5ad50391,1360,1316,42,40,0,13,2,2,0,0,0,0,1203,2,9
70dcf94d,404,392,7,1,3,0,11,6,0,0,0,0,279,5,17
a5ec3ede,580,544,33,30,0,7,2,3,0,0,0,0,426,3,12
cd82452e,83,80,2,0,0,2,6,2,0,0,0,0,33,1,5
92432bc6,431,418,10,6,1,0,3,4,0,0,0,0,356,3,3
ba115a40,101,97,4,0,1,1,1,0,0,0,0,0,70,0,0
8ff2354e,824,690,130,27,0,5,21,95,8,4,2,0,661,4,12
2e77d607,246,240,5,5,0,3,2,0,0,0,0,0,156,1,2
f24ea523,135,134,0,0,0,0,6,0,0,0,0,0,110,1,4
f24ea523,159,148,11,0,0,0,4,0,0,0,0,0,119,0,5
9ab16552,389,363,24,22,1,0,0,1,0,0,0,0,342,2,5
50871bcc,324,268,55,9,0,2,37,26,17,4,12,0,235,1,3
c2009df3,1126,888,235,46,0,2,69,177,10,5,2,0,829,3,35
699fb8db,118,112,6,3,0,1,2,2,0,0,0,0,103,0,0
0a89e877,953,811,136,12,2,4,32,123,1,1,0,0,712,6,34
c3ee18ef,377,347,27,3,0,9,2,24,0,0,0,0,337,3,4
dfb6490a,92,70,21,5,1,0,9,14,2,0,0,0,64,1,4
0c7a48f8,1098,998,100,26,1,4,16,59,0,0,0,0,906,0,26
5521f419,258,238,20,1,1,0,15,1,11,5,4,0,191,0,9
5d8e331f,891,822,67,34,1,2,0,1,0,0,0,0,750,2,13
2903a856,930,757,164,48,6,5,127,23,84,35,39,1,685,9,28
877bc844,478,458,18,0,1,0,3,0,0,0,0,0,275,2,9
ca618d23,203,197,6,1,0,0,7,0,0,0,0,0,128,0,7
2979c05a,244,233,10,1,1,0,48,6,1,0,0,0,142,1,18
2b83fa49,19,17,2,0,0,0,0,2,0,0,0,0,15,0,2
ad3389d5,721,552,169,52,0,0,0,0,0,0,0,0,528,0,0
94302c52,977,920,55,29,0,2,1,3,0,0,0,0,806,2,4
15f3ec41,242,217,22,8,1,2,12,4,4,3,0,0,202,3,5
05d548d8,986,957,27,23,0,17,2,4,0,0,0,0,862,2,7
b116c6e3,221,218,3,1,0,1,8,2,0,0,0,0,171,0,11
054849d2,532,382,147,4,1,1,29,142,1,1,0,0,318,3,15
f5c4fd91,8,8,0,0,0,0,0,0,0,0,0,0,7,0,0
271b8617,194,189,4,0,0,0,3,0,0,0,0,0,124,1,4
97d545ae,888,862,24,21,0,2,1,3,0,0,0,0,817,2,4
204dded0,1296,1183,109,55,0,26,32,43,9,6,3,0,1056,4,15
8bf58a80,11,10,0,0,0,0,0,0,0,0,0,0,9,1,0
34b0387f,537,524,8,2,1,3,15,4,0,0,0,0,389,5,20
a93b6f4e,444,427,17,10,0,2,2,7,0,0,0,0,358,0,7
a8ee54ad,743,665,75,23,1,1,7,50,0,0,0,0,561,3,18
fa4cabd1,91,71,20,7,0,0,0,0,0,0,0,0,70,0,0
689c9cf4,291,222,69,3,0,0,15,66,0,0,0,0,199,0,12
34b54da7,64,64,0,0,0,0,0,0,0,0,0,0,57,0,0
3eeb80e0,259,223,34,3,0,1,25,18,13,4,9,0,140,2,14
ee644761,235,220,14,13,0,1,0,0,0,0,0,0,183,1,1
f36c432f,158,150,8,3,2,1,1,1,0,0,0,0,98,0,6
de838f86,971,835,134,5,0,3,26,129,0,0,0,0,758,2,19
0a084b35,92,56,36,5,0,0,11,26,5,4,0,0,62,0,5
2d61d13a,1005,966,33,20,0,10,5,3,0,0,0,0,843,6,11
79c90e45,529,426,102,5,0,0,43,97,0,0,0,0,373,1,17
94c18565,725,563,151,42,4,2,160,15,94,41,34,0,432,11,34
15f24fe7,63,60,3,0,1,1,0,0,0,0,0,0,40,0,2
091c86e2,324,320,4,1,5,3,6,2,0,0,0,0,231,0,10
15b287da,823,771,49,21,3,6,40,2,26,15,7,0,669,3,20
202b3b68,330,323,7,0,1,1,21,7,0,0,0,0,236,0,20
463503e2,17,15,2,1,0,1,0,0,0,0,0,0,13,0,0
b825a650,571,554,16,15,3,2,3,1,0,0,0,0,514,1,13
b4c816a9,209,199,9,0,1,0,6,0,0,0,0,0,130,1,5
8f0f2230,86,85,0,0,0,0,4,0,0,0,0,0,54,1,3
5762be5c,646,620,25,24,1,4,0,1,0,0,0,0,549,1,8
778ccc44,17,15,2,0,0,0,1,0,0,0,0,0,14,0,2
de4cac2d,283,268,14,1,0,1,25,7,0,0,0,0,207,1,10
d2c580ce,185,176,9,7,0,2,3,0,0,0,0,0,149,0,3
815c314f,957,903,52,52,0,14,1,0,0,0,0,0,742,2,13
099e666f,899,718,175,6,0,2,41,168,1,0,0,0,658,6,26
59e4b92e,658,641,16,10,1,2,7,0,1,1,0,0,491,1,14
610aa1e9,673,651,19,13,0,5,0,3,0,0,0,0,578,3,5
49296448,1746,1523,220,85,19,5,143,15,120,47,57,4,1474,3,16
ca8033cb,301,286,14,4,0,0,1,10,0,0,0,0,259,1,2
19a967ab,518,389,127,5,0,0,18,122,0,0,0,0,339,2,25
6bd5cd5d,1093,1044,44,43,0,5,0,1,0,0,0,0,872,5,14
cd59b9df,727,562,163,35,0,1,0,0,0,0,0,0,588,2,0
0fbecd11,792,763,26,24,3,5,3,2,0,0,0,0,572,3,12
c0b3669f,409,391,14,0,3,2,15,1,0,0,0,0,257,4,19
ab096c6f,17,14,3,0,0,0,1,3,0,0,0,0,14,0,0
86574238,1008,981,16,15,1,4,3,1,0,0,0,0,862,11,22
1f3afdcb,540,499,40,12,0,1,4,28,0,0,0,0,450,1,12
b1cd37e6,40,25,14,3,0,1,7,6,5,3,2,0,23,1,0
dc366c36,166,116,50,10,0,0,0,0,0,0,0,0,108,0,0
f1e855eb,85,83,2,0,0,1,15,1,1,0,1,0,52,0,4
e717705a,440,427,10,6,2,2,9,0,0,0,0,0,291,3,14
603cb947,643,598,42,2,0,9,28,14,5,1,1,0,509,3,16
496aeede,969,914,51,32,2,4,11,9,0,0,0,0,797,4,30
9f77012e,585,563,19,5,1,0,9,1,0,0,0,0,425,3,21
f9446dcd,121,105,16,3,1,3,6,8,2,0,0,0,90,0,8
2a29eb9b,471,407,61,5,0,2,17,56,0,0,0,0,325,3,8
9ceb7642,149,132,17,6,1,2,7,9,2,2,0,0,82,0,2
f1bc3876,1,1,0,0,0,0,0,0,0,0,0,0,1,0,0
2770726a,182,176,5,1,0,0,3,0,2,0,1,0,139,1,7
277c49ed,733,693,38,34,1,7,1,2,0,0,0,0,631,2,4
22798128,100,96,4,1,1,0,3,1,0,0,0,0,74,0,4
c1b7847c,331,313,16,10,3,1,6,6,0,0,0,0,250,2,15
4aea5077,264,229,34,5,1,0,4,29,0,0,0,0,213,1,6
591477c9,240,230,10,5,0,1,0,5,0,0,0,0,163,0,1
72984eee,117,112,5,1,0,1,2,2,2,1,1,0,87,0,5
33b554b7,220,200,20,6,0,2,13,2,6,4,1,0,173,0,7
c4987edc,943,892,49,27,0,6,2,4,0,0,0,0,740,2,10
7e12a98d,328,319,9,6,0,2,0,1,0,0,0,0,249,0,2
792ffa71,38,36,1,0,0,0,1,0,0,0,0,0,21,1,3
bbd86530,390,299,90,13,0,3,49,59,18,9,7,0,289,1,9
13fe7b69,29,28,1,0,0,0,4,0,0,0,0,0,22,0,1
302527b2,1284,1216,67,38,2,14,1,4,0,0,0,0,1094,1,8
d6e53a3a,1201,1174,23,21,0,11,1,1,0,0,0,0,1096,4,5
37dc1a48,442,398,41,7,4,0,44,6,24,14,6,0,277,3,21
c455a2b2,326,319,5,0,2,1,18,0,2,1,1,0,242,2,11
07c7eb0c,696,689,5,5,3,1,9,0,0,0,0,0,476,2,12
0c61c77c,417,386,30,8,4,4,46,0,15,8,5,0,280,1,12
8a6ab963,44,39,5,2,0,0,0,0,0,0,0,0,35,0,0
ab700320,414,371,41,15,4,2,35,4,19,7,10,0,285,2,18
e5d85da8,398,367,30,2,1,1,50,10,15,9,4,0,269,1,27
864163f3,303,274,27,1,0,2,38,4,20,14,5,0,220,2,10
c691bfe2,287,271,13,2,1,3,13,3,0,0,0,0,210,3,18
706a60e1,15,14,0,0,0,0,1,0,0,0,0,0,8,1,0
0e0102eb,287,281,5,1,0,5,18,0,2,2,0,0,188,1,11
92a16062,513,506,6,6,1,0,10,0,0,0,0,0,403,1,13
2f3e911a,814,572,239,32,0,3,119,159,48,36,11,0,615,3,20
a396fb61,471,460,10,8,0,1,1,1,0,0,0,0,380,1,5
ab3f1bdf,470,404,65,17,0,1,3,47,0,0,0,0,360,1,12
00963611,1025,900,121,39,1,26,5,82,0,0,0,0,847,4,12
826e8b63,215,164,51,6,0,0,18,36,9,5,3,0,158,0,6
0e6bc38c,261,246,14,0,3,1,3,0,0,0,0,0,199,1,9
b74277a0,443,384,58,5,1,0,9,53,0,0,0,0,383,1,4
e162b013,429,362,67,5,1,3,15,62,0,0,0,0,318,0,14
b56dd813,196,155,40,12,0,1,0,0,0,0,0,0,175,1,1
1e274a0a,125,122,2,0,1,0,15,1,0,0,0,0,66,1,10
f76022e7,156,147,8,3,1,0,9,1,4,2,2,0,124,1,5
88d4144a,340,240,98,3,1,2,28,85,10,2,7,0,231,2,9
34e4343c,111,105,4,0,0,0,2,0,0,0,0,0,64,2,1
9ec9c8b6,435,311,123,28,1,10,64,75,19,7,11,0,265,1,14
29ddfb9c,6,2,4,1,0,0,1,3,0,0,0,0,3,0,0
7e82a78f,152,138,14,4,0,0,9,2,4,2,2,0,113,0,7
6ce43701,163,139,23,0,1,1,3,0,0,0,0,0,115,1,8
cbac6ec9,733,575,157,23,0,1,0,1,0,0,0,0,597,1,1
3c6089ab,468,452,12,2,4,2,17,7,0,0,0,0,358,4,11
2c0558b8,683,668,11,0,1,2,7,5,0,0,0,0,563,4,16
9ff8ec4a,19,18,1,0,0,0,0,1,0,0,0,0,10,0,1
441197b8,1216,1172,43,40,0,5,1,3,0,0,0,0,1045,1,13
e110ea4b,110,96,13,2,0,0,10,10,0,0,0,0,81,1,6
61590953,682,654,28,15,1,8,0,13,0,0,0,0,559,0,6
30261ba1,205,167,37,9,0,1,6,28,0,0,0,0,165,1,5
e79269bd,128,96,32,3,0,0,4,26,3,3,0,0,98,0,5
8778c910,504,415,89,19,0,0,0,1,0,0,0,0,449,0,0
36a59ba4,248,243,4,2,3,2,5,2,0,0,0,0,190,1,9
bc249af8,36,35,1,0,0,1,1,0,0,0,0,0,22,0,1
d6862409,200,175,24,1,2,0,4,3,0,0,0,0,118,1,9
d6862409,58,56,2,0,0,1,4,0,0,0,0,0,38,0,3
a45241d5,2,2,0,0,0,0,0,0,0,0,0,0,0,0,2
7c56da38,460,429,28,10,5,5,15,3,5,2,2,0,370,3,14
0cc5f4a5,191,179,12,0,1,2,2,3,0,0,0,0,127,0,8
5458f670,108,87,21,2,0,1,10,19,0,0,0,0,77,0,6
bdedffac,30,28,2,0,0,1,0,0,0,0,0,0,27,0,0
57ec75bf,51,51,0,0,0,0,0,0,0,0,0,0,39,0,1
dd2e62da,7,7,0,0,0,0,0,0,0,0,0,0,6,0,0
86adbcc7,88,82,5,1,0,1,2,0,0,0,0,0,66,1,2
ae44e8e2,351,331,18,7,14,4,8,0,7,2,0,0,264,2,15
c631f952,343,287,56,15,0,1,0,0,0,0,0,0,283,0,0
f26834c7,456,402,51,0,0,1,40,4,0,0,0,0,259,3,28
20030c06,1607,1560,45,43,0,9,2,2,0,0,0,0,1421,2,10
86c75897,599,577,21,8,1,5,0,9,0,0,0,0,445,1,1
0a16eb36,170,144,24,1,0,0,13,23,0,0,0,0,120,2,6
9662c9ec,154,144,9,2,0,0,6,7,0,0,0,0,105,1,7
1cbe4984,894,732,158,12,2,5,48,146,0,0,0,0,654,4,28
36d9dabe,464,310,147,30,0,2,87,81,36,20,16,0,280,7,14
8b6e0db2,52,50,1,1,0,0,0,0,0,0,0,0,28,1,0
15413fa5,798,761,36,28,1,6,3,6,0,0,0,0,696,1,7
66385c46,1,1,0,0,1,0,0,0,0,0,0,0,1,0,0
e82adcab,660,631,25,21,1,1,4,3,0,0,0,0,569,4,8
5dc15574,62,61,0,0,0,0,3,0,0,0,0,0,41,1,3
13d23b29,19,19,0,0,0,1,0,0,0,0,0,0,17,0,0
5c50fdbc,108,99,8,2,0,1,8,6,0,0,0,0,81,1,4
1866b0f1,7,7,0,0,0,0,1,0,0,0,0,0,6,0,0
5c899683,28,24,4,0,0,0,2,4,0,0,0,0,21,0,2
53070b63,28,27,1,0,0,0,0,0,1,0,0,0,23,0,1
45a03961,1530,1408,119,21,2,12,38,97,0,0,0,0,1338,3,14
0a1cb833,784,517,265,79,0,1,0,0,0,0,0,0,563,2,2
5154b2ba,161,129,32,3,0,2,4,29,0,0,0,0,115,0,4
582a5247,404,290,112,12,0,3,31,95,5,0,3,0,274,2,16
b684a484,225,220,5,0,1,0,1,2,0,0,0,0,121,0,4
c18d22f5,38,31,7,0,0,0,3,7,0,0,0,0,28,0,0
3b61c9ec,431,315,113,13,1,7,54,81,19,13,2,0,292,3,23
a2b1ed42,27,25,2,0,0,0,0,0,0,0,0,0,18,0,1
ff3d391c,52,47,5,0,0,0,7,3,0,0,0,0,33,0,1
f93e6e94,47,46,1,0,0,0,0,0,0,0,0,0,22,0,1
f503ef6e,34,32,2,0,0,0,0,1,0,0,0,0,18,0,2
83e1f40e,191,177,13,0,1,4,1,0,0,0,0,0,122,1,3
061e8e23,42,34,8,2,0,0,7,1,5,5,0,0,27,0,2
061e8e23,15,14,1,1,0,0,0,0,0,0,0,0,12,0,0
526ea7cc,943,903,36,25,0,9,13,11,0,0,0,0,743,4,4
f7aa75bd,811,552,256,57,0,6,113,157,42,16,21,0,547,3,9
bc6bd723,541,516,22,8,10,3,38,8,2,2,0,0,372,3,31
ea003d07,1,1,0,0,1,0,0,0,0,0,0,0,0,0,0
3745e8bd,116,104,7,0,0,1,2,0,0,0,0,0,63,5,3
7f609bfc,12,10,2,2,0,0,0,0,0,0,0,0,8,0,1
d2416c2e,77,73,3,0,2,0,2,1,0,0,0,0,41,1,2
924f9191,347,331,12,6,0,0,4,3,0,0,0,0,273,4,9
c68b1b13,36,27,8,1,0,0,5,4,3,1,0,0,22,1,1
3c200e05,2,2,0,0,0,0,1,0,0,0,0,0,0,0,0
b90c4a43,25,19,6,2,0,0,0,0,0,0,0,0,21,0,0
c8b3a472,59,56,3,2,0,1,1,1,0,0,0,0,47,0,2
7d450ed3,846,676,169,15,3,3,108,115,39,13,22,0,625,1,32
cc971106,2,2,0,0,0,0,0,0,0,0,0,0,2,0,0
36a3ff67,339,312,26,16,0,1,13,1,1,0,0,0,261,1,13
1ae836b1,611,584,23,14,3,2,15,3,4,3,0,0,398,4,19
7fa4e703,225,204,20,8,0,0,13,8,4,1,3,0,174,1,6
f972644c,437,372,61,10,0,5,47,37,14,2,12,0,277,4,26
9f941969,1139,839,292,125,0,18,1,0,0,0,0,0,688,8,3
e12b0b5b,484,465,15,13,4,1,3,0,0,0,0,0,404,4,7
ea42c03f,396,367,27,25,0,5,0,2,0,0,0,0,298,2,6
90c1f9a4,11,8,3,1,0,0,2,2,0,0,0,0,9,0,0
13203c45,7,6,1,0,0,0,0,1,0,0,0,0,3,0,0
13203c45,131,95,35,1,0,0,10,34,0,0,0,0,88,1,7
80f36c88,273,237,35,13,0,0,27,0,22,3,11,1,201,1,4
c64c01fc,158,157,1,0,1,2,11,0,0,0,0,0,95,0,12
009a4f60,501,374,125,4,1,4,41,119,2,0,2,0,350,2,16
009a4f60,333,273,60,3,2,0,16,57,0,0,0,0,260,0,13
a70b8345,770,612,157,58,0,0,0,0,0,0,0,0,540,1,1
e280527c,466,451,12,6,1,2,5,4,1,1,0,0,402,3,3
e1830c52,0,0,0,0,0,0,0,0,0,0,0,0,0,0,0
bf075f6b,180,175,2,2,1,2,14,0,0,0,0,0,132,3,3
08593525,20,20,0,0,0,0,0,0,0,0,0,0,17,0,0
2b114be3,724,708,12,0,7,0,9,6,3,1,0,0,590,4,15
6a52a6c6,7,7,0,0,0,0,0,0,0,0,0,0,7,0,0
236f02cd,852,675,177,20,0,1,27,157,0,0,0,0,675,0,27
52afb588,55,54,1,0,0,0,3,0,0,0,0,0,26,0,4
049751d7,225,214,11,2,1,0,7,1,0,0,0,0,165,0,11
93cba339,26,25,1,0,0,0,2,1,0,0,0,0,18,0,0
5d4f7d61,248,227,20,2,0,0,4,6,0,0,0,0,170,1,5
bd527260,345,279,64,3,0,1,22,58,3,1,1,0,211,2,20
8f056768,823,807,9,8,2,5,2,1,0,0,0,0,683,7,12
f6bdc830,6,5,1,1,0,0,0,0,0,0,0,0,6,0,0
f6bdc830,203,192,8,1,0,0,0,1,0,0,0,0,137,3,0
34e12499,1611,1558,51,44,2,40,10,7,0,0,0,0,1381,2,22
220ace7e,529,515,11,1,4,2,13,10,0,0,0,0,396,3,24
b9ae8560,374,366,7,3,0,11,15,4,0,0,0,0,278,1,11
ad00b1a8,916,708,202,6,1,1,58,196,0,0,0,0,563,6,32
87436846,914,737,176,49,0,1,0,0,0,0,0,0,736,1,0
0d55d942,637,454,180,47,0,0,0,0,0,0,0,0,425,3,0
8872ed17,245,231,12,0,3,0,16,0,6,0,0,0,171,2,7
1238a3f9,68,67,1,0,0,0,2,0,0,0,0,0,41,0,6
1238a3f9,49,47,1,0,0,0,2,0,0,0,0,0,22,1,2
b3325a30,462,435,26,6,1,5,5,0,3,1,2,0,325,1,18
313254a3,844,676,167,13,1,3,19,154,0,0,0,0,600,1,21
3effaa34,375,349,26,1,4,2,4,3,0,0,0,0,275,0,18
fcb27134,679,621,56,10,1,6,4,46,0,0,0,0,567,2,16
7ec723b7,68,67,1,0,0,0,0,1,0,0,0,0,60,0,0
73000a79,192,158,34,2,0,1,3,32,0,0,0,0,146,0,5
0d8a37c2,180,131,49,14,0,0,0,0,0,0,0,0,119,0,0
c6cf860f,7,5,2,0,0,0,0,2,0,0,0,0,5,0,0
65857fdf,36,32,4,0,0,1,8,4,0,0,0,0,22,0,1
65857fdf,74,67,6,1,0,0,12,2,3,0,3,0,43,1,6
c2211709,1078,1031,45,39,0,8,11,6,0,0,0,0,939,2,16
ff98492b,579,428,151,15,1,7,57,114,22,9,6,1,408,0,18
c967f6b8,272,263,9,6,0,0,0,2,0,0,0,0,218,0,3
c05f2f8c,662,512,144,6,1,0,11,137,1,0,1,0,487,6,12
4f627629,347,332,12,11,0,2,1,1,0,0,0,0,269,3,6
420c18a1,278,232,46,10,0,0,0,0,0,0,0,0,243,0,2
420c18a1,609,483,124,34,0,2,0,0,0,0,0,0,499,2,0
af0d79a9,833,650,182,40,0,3,152,96,46,17,25,0,598,1,14
4c6facae,1051,1018,25,21,4,2,3,2,0,0,0,0,895,8,14
0f59a7bf,559,516,40,17,5,4,41,2,21,17,2,0,375,3,19
861e0116,274,241,31,4,1,6,16,27,0,0,0,0,207,2,7
1fffae99,335,325,5,2,1,1,8,0,0,0,0,0,220,5,17
7ed08d5c,350,323,27,1,0,1,6,25,1,0,0,0,316,0,2
aad48be9,762,741,20,16,1,3,0,4,0,0,0,0,630,1,8
99f7e9aa,219,170,49,7,0,6,20,33,9,2,7,0,170,0,3
3b1ed320,240,232,6,3,1,3,5,3,0,0,0,0,182,2,6
7cd6badb,463,442,20,8,2,3,12,2,8,2,6,0,360,1,15
e5649a78,1072,888,172,74,8,6,101,14,58,23,28,1,748,12,18
e33c06cf,1077,996,80,31,1,20,10,49,0,0,0,0,961,1,14
e18098de,345,334,11,4,2,3,1,0,0,0,0,0,261,0,11
92d83c27,316,297,18,4,1,3,19,3,7,7,0,0,215,1,8
934e1968,941,829,110,41,13,15,62,24,43,11,20,1,758,2,25
e92cd3f7,2,2,0,0,0,0,0,0,0,0,0,0,2,0,0
bd142efb,1034,1007,25,17,0,4,3,1,0,0,0,0,924,2,5
a73c8f95,1514,1437,76,50,4,3,2,10,0,0,0,0,1293,1,13
27270af4,56,55,1,0,0,0,1,1,0,0,0,0,50,0,1
829aa60c,125,122,3,1,0,0,1,0,0,0,0,0,102,0,3
0b45a8d7,0,0,0,0,0,0,0,0,0,0,0,0,0,0,0
863ff1ee,245,218,27,0,1,2,2,2,0,0,0,0,163,0,7
ff5ea0bf,123,121,2,2,0,1,0,0,0,0,0,0,108,0,0
fd53759d,142,131,9,0,0,3,16,9,0,0,0,0,90,2,8
d1b49282,119,111,7,0,0,1,1,0,0,0,0,0,76,1,2
6f8cd6d0,360,327,32,0,1,0,6,0,0,0,0,0,263,1,16
6b8887c2,256,233,22,0,0,0,11,4,0,0,0,0,147,1,13
e547d3cf,59,58,1,0,0,0,0,1,0,0,0,0,47,0,1
b492126a,202,188,13,1,4,3,16,1,4,0,3,0,122,1,14
c8c60119,101,98,3,2,0,1,2,1,0,0,0,0,80,0,2
71ec39ef,598,585,10,8,1,3,19,1,0,0,0,0,369,3,25
ce17b5eb,568,390,173,32,0,4,0,0,0,0,0,0,381,5,0
056d2d95,741,489,245,35,0,1,118,152,58,27,25,0,450,7,15
35d64857,1245,1197,47,34,1,6,4,13,0,0,0,0,991,1,14
7d3e7da6,131,110,20,2,0,0,0,0,0,0,0,0,110,1,0
cd61c7af,5,4,1,0,0,0,1,0,1,0,1,0,4,0,0
d248cd8f,1667,1623,41,33,0,8,2,4,0,0,0,0,1498,3,8
af842091,428,400,26,18,0,1,0,8,0,0,0,0,337,2,3
d75f3980,241,175,63,7,0,0,20,52,4,1,3,0,172,3,6
a3ddb1b9,15,12,3,1,0,0,2,0,1,0,1,0,11,0,0
fb377d11,228,182,45,1,0,1,12,44,0,0,0,0,168,1,7
6ecbddf6,167,155,11,1,0,1,19,9,1,1,0,0,89,1,7
fc8fcbd1,133,117,16,4,0,2,5,12,0,0,0,0,75,0,3
a5ae8f8e,842,802,36,34,1,9,1,2,0,0,0,0,684,4,5
8fe2a392,1150,1071,78,25,0,9,10,53,0,0,0,0,1000,1,10
5360a956,13,13,0,0,0,0,0,0,0,0,0,0,10,0,1
1d8e9add,977,914,59,42,0,8,1,1,0,0,0,0,870,4,0
f86cd5df,3,3,0,0,0,0,0,0,0,0,0,0,2,0,0
e3d3fbeb,9,9,0,0,0,0,0,0,0,0,0,0,6,0,1
e5a35ae9,97,90,7,0,1,0,1,0,0,0,0,0,74,0,2
cb64672e,9,9,0,0,0,0,0,0,0,0,0,0,7,0,0
346d51d9,773,741,32,28,3,3,0,4,0,0,0,0,683,0,6
231c67ff,5,5,0,0,0,0,0,0,0,0,0,0,5,0,0
30c220c3,850,653,194,5,6,8,41,189,0,0,0,0,613,3,32
dd676a97,37,36,1,1,1,0,6,0,0,0,0,0,22,0,2
1c86aa16,10,10,0,0,0,0,0,0,0,0,0,0,9,0,0
49fe9070,392,362,24,5,1,5,18,10,1,0,0,0,285,6,16
f68b64fc,624,477,146,9,0,2,23,137,0,0,0,0,437,1,16
cb11b429,341,305,33,9,1,2,30,11,11,9,0,0,207,3,25
2077ae86,175,170,4,1,0,1,0,0,0,0,0,0,118,1,7
a1257b5e,35,33,2,2,0,1,0,0,0,0,0,0,22,0,0
e7fcf289,186,170,16,7,6,4,9,0,4,0,3,0,144,0,4
be42a291,118,117,1,0,1,1,1,1,0,0,0,0,93,0,4
fa661778,522,434,88,11,0,6,31,77,0,0,0,0,395,0,21
6190474d,218,215,3,1,0,2,9,0,0,0,0,0,170,0,6
ea0893d6,47,46,0,0,0,1,6,0,0,0,0,0,21,1,7
caffaf5a,1074,1017,52,49,2,11,5,2,0,0,0,0,825,5,7
a4effc55,409,395,12,8,0,4,0,4,0,0,0,0,339,2,4
fc3697dd,180,148,30,11,2,0,40,1,17,10,7,0,103,2,13
65bf7e2b,2,2,0,0,0,0,0,0,0,0,0,0,0,0,0
5c4bf6ba,501,349,150,36,0,0,0,0,0,0,0,0,276,2,0
9b688ae1,32,27,5,2,0,0,0,0,0,0,0,0,21,0,0
29f7cfd9,296,275,20,0,2,2,16,5,0,0,0,0,187,1,14
