id,Tkl,TklW,Def 3rd,Mid 3rd,Att 3rd,Tkl.1,Att,Lost,Blocks,Sh,Pass,Int,Tkl+Int,Clr,Err
22919e97,11,6,4,2,5,5,12,7,9,0,9,2,13,3,0
501055d8,11,7,3,5,3,6,18,12,11,0,11,6,17,1,0
dcfb17f4,12,9,3,5,4,4,9,5,17,2,15,4,16,4,0
cb6d81b3,1,0,0,1,0,0,0,0,1,1,0,0,1,0,0
a6c58494,17,11,7,7,3,8,20,12,16,5,11,8,25,7,0
462475ed,2,2,1,1,0,0,3,3,5,1,4,0,2,2,0
6ec6fde0,42,24,22,17,3,17,24,7,28,8,20,15,57,31,1
834d0be5,3,2,1,0,2,0,0,0,0,0,0,0,3,10,0
00f518d8,7,4,3,4,0,3,6,3,1,0,1,1,8,0,0
8ce30c57,2,2,1,1,0,1,4,3,0,0,0,1,3,2,0
cd682b6b,1,1,1,0,0,1,4,3,1,0,1,0,1,2,1
555d5edd,10,3,4,5,1,6,12,6,7,0,7,4,14,9,1
e0b113a7,40,26,21,15,4,16,24,8,20,7,13,21,61,36,2
30941e96,22,11,10,10,2,10,16,6,20,5,15,15,37,33,0
5e66fa06,35,21,17,16,2,15,27,12,30,12,18,29,64,77,2
0a3f6cde,13,8,4,4,5,3,15,12,8,0,8,3,16,3,0
56413b1f,17,7,7,10,0,12,20,8,4,0,4,7,24,4,0
86e119e0,39,19,14,19,6,16,36,20,25,9,16,18,57,46,0
13ddc856,6,3,1,2,3,1,3,2,9,1,8,4,10,1,0
35f67a30,0,0,0,0,0,0,3,3,1,0,1,2,2,1,0
fe46e261,16,11,9,6,1,7,15,8,8,0,8,9,25,10,0
ce81d82d,0,0,0,0,0,0,0,0,0,0,0,0,0,0,0
10549b49,5,3,1,3,1,1,6,5,3,0,3,1,6,6,0
f582d5c1,0,0,0,0,0,0,0,0,0,0,0,0,0,0,0
a8567629,11,7,5,6,0,3,6,3,10,2,8,9,20,13,2
442b56fa,34,14,21,10,3,20,41,21,35,5,30,18,52,41,0
a2a85828,12,5,9,1,2,3,6,3,2,0,2,3,15,4,0
00242b75,33,20,10,15,8,12,24,12,25,10,15,24,57,18,0
e61bdd69,3,3,0,2,1,1,3,2,2,0,2,1,4,1,0
44a20f0c,16,10,12,4,0,10,18,8,11,3,8,19,35,45,0
47064058,0,0,0,0,0,0,0,0,0,0,0,0,0,10,1
bd7d2e6d,9,5,5,2,2,4,13,9,8,2,6,1,10,10,0
69374ff5,8,3,3,3,2,2,6,4,2,1,1,2,10,11,0
437f2b00,24,12,8,13,3,6,33,27,44,5,39,13,37,13,1
fbbc8e15,0,0,0,0,0,0,1,1,1,0,1,0,0,0,0
a53b661f,5,5,1,3,1,2,5,3,4,1,3,4,9,1,0
8eb55dbb,8,3,0,5,3,1,5,4,6,1,5,1,9,2,0
30ae134d,5,4,2,1,2,2,5,3,9,2,7,4,9,18,0
857a5abe,20,12,18,2,0,11,22,11,22,9,13,31,51,66,0
bee0bab1,2,0,1,1,0,2,2,0,0,0,0,0,2,0,0
57d88cf9,56,30,20,24,12,25,32,7,42,3,39,28,84,22,0
378825c7,30,20,18,9,3,23,30,7,31,10,21,24,54,71,1
eb6e14be,8,4,3,2,3,2,6,4,11,0,11,0,8,16,0
7aac47fe,3,0,2,1,0,1,4,3,2,1,1,4,7,3,0
07d3bfec,11,7,4,3,4,5,7,2,4,0,4,0,11,0,0
dc62fbee,24,13,5,14,5,10,21,11,6,0,6,8,32,6,0
663e080e,0,0,0,0,0,0,0,0,0,0,0,0,0,6,0
691bef82,2,0,2,0,0,0,1,1,4,2,2,2,4,6,0
f4ec4fd0,2,1,1,1,0,0,2,2,1,1,0,0,2,2,0
635f2732,23,13,15,6,2,5,16,11,18,1,17,10,33,8,0
36578017,2,2,0,2,0,2,2,0,0,0,0,0,2,0,0
01834aa0,14,10,8,5,1,8,13,5,16,8,8,18,32,56,0
c68da769,16,11,4,8,4,1,6,5,4,1,3,2,18,4,0
a167537f,19,13,3,10,6,8,25,17,13,0,13,12,31,5,1
d28339cb,0,0,0,0,0,0,0,0,0,0,0,0,0,1,0
d4a2533d,2,1,2,0,0,0,4,4,0,0,0,2,4,2,0
e27da244,5,4,2,3,0,4,5,1,5,1,4,6,11,18,0
bbd79358,0,0,0,0,0,0,2,2,0,0,0,0,0,1,0
f0a37d36,27,20,18,7,2,22,29,7,17,6,11,31,58,51,0
4e204552,3,2,0,0,3,2,2,0,2,0,2,1,4,0,0
45e95f21,10,8,2,8,0,6,8,2,3,0,3,7,17,10,0
ab5b7dc1,14,7,7,3,4,7,16,9,17,0,17,9,23,10,0
05e2d5ea,3,3,1,1,1,2,3,1,2,0,2,0,3,1,0
05f99a4a,3,1,0,1,2,1,3,2,6,1,5,1,4,1,0
f631c17f,1,0,0,0,1,0,0,0,2,0,2,0,1,0,0
b4705807,7,5,4,3,0,5,7,2,7,1,6,4,11,5,0
10745192,6,4,2,3,1,2,5,3,0,0,0,0,6,1,0
0118c54c,36,20,21,11,4,15,23,8,12,4,8,36,72,27,0
d1db4b83,2,1,2,0,0,2,2,0,1,0,1,0,2,3,0
d1273f09,8,5,5,3,0,4,5,1,2,2,0,3,11,2,0
a65ce836,34,19,11,20,3,12,21,9,7,1,6,12,46,21,0
bd6351cd,7,6,4,2,1,3,8,5,4,1,3,4,11,6,0
5e080f73,0,0,0,0,0,0,1,1,2,0,2,2,2,3,0
db401046,0,0,0,0,0,0,0,0,0,0,0,1,1,6,0
ae7058f9,24,15,15,6,3,13,18,5,13,10,3,14,38,59,0
b3b7f5a6,2,2,2,0,0,2,2,0,1,0,1,0,2,3,0
48780156,0,0,0,0,0,0,0,0,0,0,0,1,1,1,0
af104654,1,0,1,0,0,0,1,1,0,0,0,0,1,17,1
c6608135,3,2,2,1,0,2,3,1,1,0,1,0,3,0,0
6e17c802,7,4,3,3,1,4,7,3,1,1,0,2,9,2,0
dd5bbe0d,2,0,1,1,0,1,1,0,4,0,4,3,5,0,0
042e8a49,8,5,2,4,2,4,9,5,11,1,10,0,8,4,0
5ddb8f9f,11,10,3,5,3,5,10,5,16,3,13,9,20,14,0
05ba9d7c,4,2,3,1,0,1,2,1,4,0,4,2,6,0,0
eac044ad,7,4,2,5,0,3,4,1,3,0,3,3,10,0,0
dee3013b,0,0,0,0,0,0,0,0,0,0,0,0,0,0,0
db4ed67b,8,6,2,3,3,6,6,0,4,1,3,4,12,2,0
d3d77413,6,3,1,2,3,1,2,1,3,0,3,0,6,0,0
41bff4fa,7,4,3,4,0,1,2,1,4,1,3,6,13,19,0
3eb0f2df,1,1,0,1,0,0,0,0,1,0,1,0,1,0,0
d781d855,32,21,19,9,4,12,21,9,20,4,16,17,49,14,3
fe641c1a,5,3,3,2,0,3,7,4,5,0,5,1,6,4,0
54b4dc4e,25,12,12,11,2,13,24,11,19,4,15,11,36,5,0
ed79b7d3,25,12,8,9,8,8,15,7,23,3,20,14,39,25,0
7bf9400b,2,1,1,1,0,0,0,0,4,2,2,8,10,19,1
aeed5c06,11,6,3,7,1,6,13,7,6,0,6,4,15,2,0
fc62f087,6,5,5,1,0,1,3,2,4,3,1,7,13,18,0
d82a310a,0,0,0,0,0,0,0,0,0,0,0,0,0,0,0
8779ddf8,2,1,0,2,0,1,4,3,4,1,3,0,2,2,0
95bb6ddc,24,16,12,12,0,13,23,10,12,4,8,7,31,12,0
4ccd8957,3,3,2,0,1,1,2,1,2,0,2,0,3,1,0
d01bbb6f,43,19,12,21,10,17,35,18,30,1,29,10,53,7,0
f67c9d29,20,14,12,8,0,9,12,3,16,5,11,17,37,52,0
cc83b74d,4,3,0,2,2,3,4,1,4,2,2,0,4,2,0
7f73bdf4,11,5,4,7,0,4,7,3,4,1,3,1,12,2,0
9a2e3a23,3,2,0,1,2,0,4,4,5,0,5,0,3,2,0
809940aa,18,13,9,7,2,6,14,8,13,1,12,4,22,9,0
638a4d71,6,3,1,4,1,2,11,9,6,0,6,6,12,28,1
79ca3e23,9,8,2,5,2,4,11,7,7,1,6,2,11,3,0
beb882a8,32,15,11,15,6,11,20,9,23,6,17,20,52,13,0
2f7fec15,12,10,4,5,3,4,6,2,2,0,2,1,13,1,0
76b2817e,0,0,0,0,0,0,0,0,1,0,1,2,2,1,0
e7f3e8a7,4,3,1,3,0,1,3,2,3,0,3,2,6,0,0
48035304,34,18,23,9,2,21,25,4,18,9,9,21,55,82,2
c149016b,47,26,20,23,4,23,49,26,25,6,19,17,64,44,0
554bcc91,12,6,7,4,1,5,8,3,6,3,3,6,18,3,0
1e43fad8,0,0,0,0,0,0,0,0,0,0,0,0,0,1,1
677da306,24,16,12,10,2,13,19,6,17,8,9,18,42,46,1
3bb625ac,19,16,15,2,2,12,21,9,24,8,16,35,54,43,1
79f7302a,1,0,0,1,0,0,2,2,3,0,3,5,6,7,0
a92ab7be,0,0,0,0,0,0,1,1,0,0,0,0,0,5,3
9642c929,12,3,7,5,0,4,14,10,9,3,6,4,16,18,0
9a2e0ccc,11,8,1,5,5,4,13,9,17,0,17,1,12,4,0
76fa965f,21,14,8,9,4,6,22,16,17,0,17,3,24,4,0
a9142dc3,4,3,2,2,0,1,1,0,1,0,1,0,4,1,0
626fab5f,10,6,6,4,0,3,5,2,2,1,1,2,12,5,0
697dc00a,4,2,2,2,0,0,2,2,4,1,3,5,9,4,0
33182cb8,4,1,1,1,2,0,3,3,3,0,3,0,4,1,0
f86ad3f5,36,24,24,12,0,21,37,16,26,11,15,42,78,81,1
b77f44a4,13,9,10,2,1,8,10,2,9,4,5,11,24,39,0
74f2e748,39,19,18,18,3,17,29,12,17,1,16,11,50,31,0
0cf778df,33,12,14,13,6,23,37,14,24,2,22,6,39,9,0
4b96c347,6,5,2,3,1,5,11,6,5,0,5,5,11,7,0
4f16405e,8,4,0,6,2,2,8,6,10,4,6,0,8,22,0
f27680d9,37,20,26,10,1,17,25,8,17,6,11,14,51,31,1
6c731625,2,2,0,1,1,0,0,0,0,0,0,0,2,3,0
37f606f0,23,12,8,14,1,10,19,9,16,2,14,12,35,6,1
62ab9184,20,11,6,9,5,8,17,9,14,2,12,5,25,16,0
7242b495,16,8,6,8,2,10,22,12,16,5,11,6,22,19,0
17376543,2,2,2,0,0,2,3,1,0,0,0,0,2,11,2
f521b80a,28,14,17,9,2,17,28,11,29,17,12,28,56,92,2
88e357ef,16,9,5,6,5,7,17,10,17,1,16,8,24,3,1
83b9c48f,6,3,3,3,0,4,6,2,4,0,4,3,9,5,0
cc86b9a3,28,18,14,10,4,17,28,11,29,3,26,19,47,23,0
9efa1d25,26,14,9,11,6,8,31,23,18,0,18,12,38,7,0
1025db8e,34,20,14,14,6,18,32,14,30,19,11,32,66,90,2
b8e740fb,8,4,1,6,1,5,8,3,3,1,2,3,11,4,0
8e235926,16,9,6,6,4,2,13,11,17,3,14,4,20,10,0
f9dfb7ae,3,1,1,1,1,3,5,2,4,3,1,1,4,11,0
54e4866f,10,5,3,4,3,5,17,12,3,0,3,10,20,11,0
37998008,0,0,0,0,0,0,1,1,0,0,0,0,0,0,1
14a7af33,41,19,12,27,2,21,45,24,17,5,12,17,58,27,0
ae9b998d,0,0,0,0,0,0,0,0,0,0,0,0,0,0,0
1fc4f3d1,27,16,11,14,2,11,19,8,16,5,11,17,44,13,1
f2dd9a21,21,12,12,9,0,9,16,7,13,4,9,10,31,15,0
048a1cbc,22,9,10,8,4,14,24,10,13,1,12,25,47,11,0
e6c43eec,8,5,0,7,1,2,11,9,12,7,5,8,16,23,0
923f4dda,2,1,1,1,0,1,1,0,5,1,4,0,2,10,0
bcb2ccd8,0,0,0,0,0,0,0,0,0,0,0,0,0,2,0
25ab9c9c,1,0,1,0,0,0,0,0,0,0,0,3,4,6,0
1df0c0b9,24,16,8,12,4,6,16,10,12,4,8,18,42,43,1
8593f88c,23,15,13,8,2,10,31,21,13,4,9,11,34,23,0
5ad50391,13,9,8,5,0,6,14,8,21,8,13,23,36,53,1
70dcf94d,19,11,5,11,3,12,31,19,23,0,23,8,27,16,0
a5ec3ede,30,17,21,9,0,19,30,11,16,5,11,24,54,45,1
cd82452e,9,5,4,4,1,8,12,4,9,2,7,4,13,14,0
92432bc6,12,6,6,6,0,5,15,10,15,4,11,11,23,11,0
ba115a40,0,0,0,0,0,0,1,1,3,0,3,0,0,5,0
8ff2354e,29,15,16,10,3,15,26,11,19,1,18,14,43,17,0
2e77d607,9,5,8,0,1,6,11,5,5,3,2,12,21,19,1
f24ea523,5,3,1,3,1,1,4,3,5,0,5,2,7,4,0
f24ea523,12,8,1,10,1,3,8,5,7,1,6,3,15,9,0
9ab16552,10,6,9,1,0,4,10,6,11,5,6,5,15,22,0
50871bcc,17,6,5,11,1,12,17,5,6,0,6,5,22,5,0
c2009df3,62,35,36,20,6,37,60,23,37,4,33,22,84,44,0
699fb8db,5,3,3,2,0,2,5,3,7,5,2,4,9,16,0
0a89e877,51,32,28,23,0,31,45,14,36,2,34,23,74,29,0
c3ee18ef,6,4,3,3,0,5,6,1,2,1,1,5,11,7,0
dfb6490a,6,2,4,1,1,2,4,2,2,0,2,2,8,0,0
0c7a48f8,30,21,17,12,1,14,18,4,28,15,13,20,50,49,1
5521f419,8,3,4,3,1,2,5,3,8,2,6,5,13,7,0
5d8e331f,43,21,14,28,1,21,43,22,30,9,21,33,76,27,0
2903a856,19,10,11,7,1,8,28,20,19,2,17,11,30,10,0
877bc844,7,5,0,4,3,4,7,3,13,5,8,6,13,19,0
ca618d23,8,5,2,3,3,3,8,5,6,0,6,5,13,11,0
2979c05a,12,6,6,5,1,10,15,5,14,1,13,2,14,2,0
2b83fa49,2,1,1,1,0,1,1,0,1,0,1,3,5,2,0
ad3389d5,0,0,0,0,0,0,0,0,0,0,0,0,0,2,1
94302c52,31,19,25,6,0,17,33,16,16,6,10,31,62,88,0
15f3ec41,5,3,4,0,1,1,1,0,0,0,0,2,7,4,0
05d548d8,32,15,15,16,1,15,28,13,21,12,9,21,53,55,0
b116c6e3,18,8,7,7,4,8,18,10,16,2,14,3,21,4,0
054849d2,22,9,16,3,3,7,16,9,11,3,8,11,33,39,0
f5c4fd91,1,1,1,0,0,0,0,0,0,0,0,0,1,0,0
271b8617,3,1,0,1,2,1,7,6,6,1,5,1,4,7,0
97d545ae,11,6,5,4,2,5,13,8,24,17,7,15,26,41,0
204dded0,21,17,13,6,2,13,25,12,27,12,15,27,48,65,0
8bf58a80,0,0,0,0,0,0,1,1,0,0,0,0,0,1,0
34b0387f,25,11,4,16,5,9,23,14,21,4,17,10,35,9,0
a93b6f4e,18,13,7,11,0,13,24,11,8,3,5,13,31,33,1
a8ee54ad,30,19,19,10,1,20,32,12,30,9,21,9,39,45,1
fa4cabd1,0,0,0,0,0,0,1,1,0,0,0,0,0,1,0
689c9cf4,14,9,9,3,2,8,14,6,15,4,11,9,23,16,1
34b54da7,2,1,1,1,0,1,1,0,4,2,2,0,2,5,0
3eeb80e0,12,9,7,3,2,4,8,4,11,5,6,3,15,12,0
ee644761,8,7,3,4,1,3,5,2,12,7,5,5,13,17,1
f36c432f,1,1,0,1,0,0,1,1,1,1,0,0,1,4,0
de838f86,33,20,13,13,7,23,33,10,17,3,14,15,48,37,0
0a084b35,3,2,1,1,1,3,3,0,2,0,2,1,4,6,0
2d61d13a,33,21,19,13,1,9,16,7,23,13,10,38,71,57,0
79c90e45,18,13,8,7,3,9,12,3,7,1,6,7,25,21,1
94c18565,14,7,4,8,2,5,12,7,19,4,15,21,35,21,0
15f24fe7,3,2,0,1,2,1,3,2,1,0,1,0,3,0,0
091c86e2,19,12,4,11,4,7,14,7,11,5,6,10,29,18,0
15b287da,32,20,5,25,2,20,36,16,22,2,20,12,44,9,1
202b3b68,21,14,7,9,5,8,19,11,15,0,15,4,25,4,0
463503e2,0,0,0,0,0,0,0,0,2,2,0,3,3,5,0
b825a650,16,10,4,11,1,4,13,9,14,5,9,12,28,4,0
b4c816a9,5,4,2,1,2,2,3,1,11,3,8,0,5,11,0
8f0f2230,6,4,1,3,2,0,3,3,5,0,5,1,7,4,0
5762be5c,39,21,13,20,6,19,27,8,21,6,15,18,57,26,0
778ccc44,0,0,0,0,0,0,0,0,1,0,1,0,0,0,0
de4cac2d,19,14,4,11,4,6,15,9,9,2,7,4,23,1,0
d2c580ce,8,5,2,5,1,2,2,0,3,0,3,9,17,2,0
815c314f,36,20,22,13,1,16,20,4,35,27,8,38,74,93,0
099e666f,35,25,18,15,2,17,31,14,22,6,16,34,69,48,0
59e4b92e,44,22,14,24,6,18,32,14,23,7,16,26,70,21,0
610aa1e9,22,16,14,7,1,12,21,9,16,8,8,10,32,48,0
49296448,50,28,10,33,7,24,43,19,19,1,18,26,76,23,0
ca8033cb,10,6,3,7,0,5,7,2,0,0,0,4,14,10,0
19a967ab,26,18,15,9,2,12,27,15,17,1,16,11,37,22,0
6bd5cd5d,34,23,21,9,4,18,31,13,25,12,13,21,55,96,0
cd59b9df,0,0,0,0,0,0,0,0,0,0,0,0,0,5,1
0fbecd11,41,24,12,24,5,18,41,23,28,6,22,23,64,18,0
c0b3669f,11,9,2,2,7,1,5,4,9,1,8,2,13,7,0
ab096c6f,0,0,0,0,0,0,1,1,0,0,0,1,1,1,0
86574238,57,28,29,24,4,18,30,12,30,6,24,22,79,14,0
1f3afdcb,10,8,6,3,1,4,4,0,14,4,10,7,17,31,1
b1cd37e6,2,0,1,1,0,0,0,0,0,0,0,1,3,0,0
dc366c36,0,0,0,0,0,0,0,0,0,0,0,0,0,2,0
f1e855eb,6,4,3,3,0,4,6,2,6,0,6,3,9,3,0
e717705a,23,14,7,15,1,10,18,8,25,3,22,12,35,35,0
603cb947,5,2,2,1,2,1,6,5,9,1,8,3,8,9,0
496aeede,30,21,16,12,2,19,42,23,25,1,24,14,44,32,0
9f77012e,91,53,34,49,8,36,74,38,30,4,26,26,117,20,0
f9446dcd,1,1,0,1,0,0,1,1,2,1,1,0,1,1,0
2a29eb9b,25,16,16,5,4,13,18,5,14,7,7,18,43,25,0
9ceb7642,8,3,2,6,0,4,9,5,4,0,4,5,13,4,0
f1bc3876,0,0,0,0,0,0,0,0,0,0,0,0,0,0,0
2770726a,6,4,2,4,0,3,6,3,4,0,4,2,8,6,0
277c49ed,13,7,10,3,0,6,13,7,16,6,10,21,34,69,0
22798128,7,4,2,4,1,3,8,5,8,1,7,3,10,0,0
c1b7847c,30,16,12,13,5,17,29,12,14,1,13,8,38,6,0
4aea5077,6,3,2,3,1,3,7,4,1,0,1,6,12,16,1
591477c9,8,7,5,3,0,4,5,1,4,3,1,10,18,35,0
72984eee,8,5,1,7,0,2,8,6,9,0,9,4,12,3,0
33b554b7,10,8,5,4,1,4,7,3,11,0,11,1,11,7,0
c4987edc,23,13,13,10,0,14,23,9,17,10,7,19,42,64,0
7e12a98d,9,7,6,3,0,4,5,1,7,4,3,18,27,26,1
792ffa71,6,4,3,1,2,3,5,2,2,0,2,1,7,4,0
bbd86530,18,14,8,6,4,10,20,10,10,0,10,9,27,19,0
13fe7b69,3,3,2,1,0,2,3,1,1,0,1,1,4,0,0
302527b2,24,14,17,7,0,9,17,8,22,11,11,26,50,76,0
d6e53a3a,15,10,8,6,1,6,9,3,18,13,5,13,28,55,0
37dc1a48,21,10,12,5,4,5,17,12,20,2,18,7,28,9,0
c455a2b2,15,9,4,8,3,9,22,13,9,0,9,6,21,1,0
07c7eb0c,53,36,24,23,6,27,44,17,20,6,14,27,80,38,0
0c61c77c,14,8,5,7,2,6,17,11,18,5,13,8,22,12,0
8a6ab963,0,0,0,0,0,0,0,0,0,0,0,0,0,0,0
ab700320,16,10,9,5,2,6,8,2,14,0,14,7,23,10,0
e5d85da8,13,9,3,9,1,6,17,11,9,0,9,3,16,6,0
864163f3,7,2,2,2,3,2,4,2,10,0,10,4,11,5,0
c691bfe2,5,3,2,1,2,0,4,4,11,2,9,0,5,2,0
706a60e1,1,1,1,0,0,1,2,1,0,0,0,0,1,1,0
0e0102eb,12,8,6,1,5,4,12,8,9,0,9,6,18,3,0
92a16062,34,22,16,13,5,18,38,20,14,3,11,19,53,28,0
2f3e911a,32,22,19,9,4,16,25,9,14,1,13,13,45,22,0
a396fb61,26,16,14,12,0,14,27,13,17,9,8,12,38,32,0
ab3f1bdf,22,11,15,5,2,12,24,12,11,6,5,11,33,29,0
00963611,40,23,25,13,2,24,27,3,31,16,15,39,79,65,0
826e8b63,7,6,3,3,1,3,10,7,6,0,6,1,8,3,0
0e6bc38c,8,7,1,5,2,1,1,0,7,0,7,0,8,4,0
b74277a0,17,12,3,6,8,8,12,4,5,1,4,6,23,14,0
e162b013,15,7,7,5,3,9,14,5,7,2,5,9,24,15,0
b56dd813,0,0,0,0,0,0,1,1,0,0,0,0,0,1,0
1e274a0a,7,4,1,5,1,4,5,1,3,1,2,0,7,2,0
f76022e7,10,7,5,3,2,4,7,3,13,2,11,9,19,4,0
88d4144a,28,14,20,6,2,12,23,11,10,1,9,14,42,19,0
34e4343c,4,4,2,0,2,2,5,3,5,0,5,2,6,18,0
9ec9c8b6,7,4,3,4,0,2,7,5,13,5,8,8,15,19,0
29ddfb9c,3,1,2,1,0,1,1,0,1,1,0,1,4,2,0
7e82a78f,4,1,0,4,0,2,7,5,7,1,6,1,5,1,0
6ce43701,12,6,3,6,3,3,6,3,6,0,6,1,13,1,0
cbac6ec9,0,0,0,0,0,0,0,0,0,0,0,0,0,7,4
3c6089ab,8,5,3,3,2,4,8,4,8,2,6,3,11,7,0
2c0558b8,26,18,8,12,6,9,20,11,17,1,16,13,39,3,0
9ff8ec4a,2,2,0,2,0,0,0,0,4,0,4,0,2,0,0
441197b8,17,13,9,6,2,12,23,11,35,15,20,23,40,117,0
e110ea4b,7,3,4,2,1,4,8,4,4,0,4,0,7,3,0
61590953,20,11,13,6,1,10,18,8,17,4,13,20,40,29,0
30261ba1,8,4,6,1,1,4,8,4,8,0,8,2,10,11,0
e79269bd,11,4,9,2,0,8,9,1,1,0,1,2,13,18,0
8778c910,0,0,0,0,0,0,0,0,0,0,0,0,0,4,1
36a59ba4,6,2,3,1,2,2,7,5,11,3,8,5,11,3,0
bc249af8,5,2,2,1,2,1,3,2,4,0,4,0,5,1,0
d6862409,10,5,5,4,1,4,7,3,16,2,14,1,11,9,0
d6862409,5,4,0,2,3,1,2,1,5,0,5,0,5,4,0
a45241d5,0,0,0,0,0,0,0,0,0,0,0,0,0,0,0
7c56da38,3,2,0,1,2,1,4,3,6,2,4,6,9,8,0
0cc5f4a5,5,3,0,2,3,3,3,0,4,0,4,3,8,3,0
5458f670,8,2,1,3,4,4,7,3,4,0,4,1,9,0,0
bdedffac,0,0,0,0,0,0,0,0,0,0,0,0,0,0,0
57ec75bf,2,1,2,0,0,1,1,0,3,2,1,1,3,8,1
dd2e62da,3,0,0,3,0,1,1,0,0,0,0,0,3,0,0
86adbcc7,8,4,4,3,1,4,5,1,6,2,4,1,9,2,0
ae44e8e2,11,7,1,7,3,5,8,3,9,0,9,5,16,3,0
c631f952,0,0,0,0,0,0,1,1,1,0,1,0,0,4,0
f26834c7,13,8,1,6,6,3,11,8,14,0,14,2,15,5,0
20030c06,36,26,21,15,0,19,30,11,25,16,9,30,66,90,0
86c75897,25,14,18,6,1,15,21,6,16,8,8,27,52,70,0
0a16eb36,19,14,10,5,4,8,14,6,12,5,7,8,27,6,0
9662c9ec,8,6,1,6,1,4,8,4,6,2,4,6,14,8,0
1cbe4984,56,33,36,14,6,32,44,12,36,4,32,25,81,59,1
36d9dabe,19,8,13,5,1,6,10,4,17,4,13,13,32,23,0
8b6e0db2,1,1,1,0,0,0,0,0,4,3,1,1,2,5,0
15413fa5,24,14,6,14,4,13,31,18,19,2,17,19,43,15,2
66385c46,0,0,0,0,0,0,1,1,0,0,0,0,0,0,0
e82adcab,34,17,12,20,2,19,30,11,13,1,12,19,53,16,0
5dc15574,3,1,3,0,0,3,4,1,2,0,2,0,3,4,0
13d23b29,0,0,0,0,0,0,0,0,0,0,0,1,1,0,0
5c50fdbc,9,6,3,3,3,6,8,2,2,0,2,3,12,3,0
1866b0f1,0,0,0,0,0,0,0,0,0,0,0,0,0,0,0
5c899683,1,0,0,1,0,0,0,0,0,0,0,0,1,0,0
53070b63,0,0,0,0,0,0,0,0,1,0,1,0,0,2,0
45a03961,49,31,24,19,6,22,26,4,18,8,10,27,76,49,0
0a1cb833,0,0,0,0,0,0,4,4,0,0,0,2,2,15,1
5154b2ba,5,4,4,1,0,0,2,2,3,0,3,5,10,17,0
582a5247,28,12,22,5,1,12,16,4,19,6,13,17,45,27,1
b684a484,15,7,4,3,8,3,13,10,16,5,11,4,19,12,0
c18d22f5,3,3,3,0,0,3,4,1,6,2,4,1,4,3,0
3b61c9ec,13,8,10,3,0,8,8,0,8,2,6,7,20,11,1
a2b1ed42,1,1,1,0,0,1,1,0,1,0,1,0,1,1,0
ff3d391c,4,3,0,1,3,2,3,1,2,1,1,1,5,3,0
f93e6e94,6,4,0,3,3,2,4,2,9,2,7,1,7,6,0
f503ef6e,5,1,4,1,0,2,3,1,4,1,3,1,6,0,0
83e1f40e,1,1,1,0,0,0,1,1,3,0,3,1,2,5,0
061e8e23,2,1,1,1,0,1,1,0,1,0,1,0,2,0,0
061e8e23,1,1,1,0,0,0,2,2,2,0,2,1,2,1,0
526ea7cc,37,21,21,15,1,17,27,10,18,9,9,23,60,72,1
f7aa75bd,29,21,17,9,3,21,33,12,19,6,13,9,38,43,0
bc6bd723,12,6,4,5,3,6,15,9,18,1,17,9,21,11,0
ea003d07,0,0,0,0,0,0,0,0,0,0,0,0,0,0,0
3745e8bd,4,3,0,4,0,1,3,2,3,0,3,0,4,6,0
7f609bfc,0,0,0,0,0,0,0,0,0,0,0,0,0,0,0
d2416c2e,1,0,0,1,0,0,1,1,3,1,2,0,1,3,0
924f9191,23,18,12,9,2,7,17,10,16,3,13,5,28,17,0
c68b1b13,1,0,1,0,0,0,0,0,0,0,0,0,1,1,0
3c200e05,0,0,0,0,0,0,0,0,0,0,0,0,0,0,0
b90c4a43,0,0,0,0,0,0,0,0,0,0,0,0,0,1,0
c8b3a472,3,1,3,0,0,0,3,3,0,0,0,0,3,1,0
7d450ed3,34,21,21,9,4,13,21,8,20,5,15,15,49,19,1
cc971106,0,0,0,0,0,0,0,0,0,0,0,0,0,0,0
36a3ff67,22,14,8,12,2,5,17,12,8,3,5,4,26,5,0
1ae836b1,34,23,11,16,7,19,40,21,26,9,17,11,45,30,0
7fa4e703,10,4,2,4,4,4,8,4,6,2,4,3,13,4,0
f972644c,32,17,13,13,6,16,34,18,21,0,21,13,45,16,0
9f941969,2,1,2,0,0,2,2,0,1,0,1,3,5,15,4
e12b0b5b,23,14,4,17,2,6,22,16,9,1,8,7,30,8,0
ea42c03f,10,6,7,3,0,6,8,2,10,4,6,11,21,38,0
90c1f9a4,1,1,0,1,0,1,1,0,0,0,0,0,1,0,0
13203c45,0,0,0,0,0,0,0,0,0,0,0,0,0,0,0
13203c45,2,1,1,0,1,1,2,1,1,0,1,0,2,7,0
80f36c88,18,10,7,11,0,7,19,12,13,1,12,6,24,12,0
c64c01fc,7,4,1,4,2,1,3,2,10,2,8,5,12,6,0
009a4f60,28,17,17,10,1,15,23,8,15,3,12,12,40,19,0
009a4f60,10,3,7,3,0,8,10,2,4,1,3,5,15,10,0
a70b8345,0,0,0,0,0,0,3,3,0,0,0,0,0,6,0
e280527c,27,14,11,10,6,10,17,7,3,0,3,10,37,9,0
e1830c52,0,0,0,0,0,0,0,0,0,0,0,0,0,0,0
bf075f6b,5,5,1,3,1,2,7,5,6,1,5,2,7,4,0
08593525,1,0,0,1,0,0,1,1,0,0,0,0,1,0,0
2b114be3,23,17,7,11,5,9,16,7,8,1,7,1,24,1,1
6a52a6c6,1,1,1,0,0,1,1,0,0,0,0,0,1,0,0
236f02cd,22,15,17,5,0,17,22,5,14,6,8,7,29,42,0
52afb588,6,4,3,2,1,3,5,2,0,0,0,0,6,2,0
049751d7,20,8,7,12,1,6,13,7,11,2,9,4,24,11,0
93cba339,4,3,2,2,0,2,3,1,1,0,1,0,4,3,0
5d4f7d61,1,0,0,0,1,0,1,1,4,1,3,1,2,7,0
bd527260,17,10,11,5,1,13,19,6,6,1,5,8,25,20,0
8f056768,38,23,12,24,2,19,39,20,17,2,15,14,52,22,0
f6bdc830,0,0,0,0,0,0,0,0,1,1,0,2,2,2,0
f6bdc830,12,5,8,4,0,6,7,1,9,3,6,11,23,28,0
34e12499,50,30,30,19,1,30,44,14,29,15,14,27,77,64,1
220ace7e,20,13,4,11,5,8,17,9,18,3,15,6,26,10,0
b9ae8560,17,6,9,8,0,6,17,11,6,0,6,1,18,5,0
ad00b1a8,45,30,21,20,4,29,48,19,26,4,22,15,60,38,0
87436846,1,0,1,0,0,1,1,0,0,0,0,2,3,4,2
0d55d942,0,0,0,0,0,0,0,0,0,0,0,1,1,6,2
8872ed17,12,6,7,1,4,6,13,7,6,0,6,1,13,4,0
1238a3f9,2,1,1,1,0,0,1,1,3,1,2,1,3,5,0
1238a3f9,0,0,0,0,0,0,0,0,2,0,2,0,0,2,0
b3325a30,42,18,10,25,7,17,29,12,36,10,26,21,63,19,0
313254a3,27,16,6,18,3,14,18,4,17,6,11,17,44,29,1
3effaa34,6,1,0,4,2,1,3,2,9,1,8,2,8,3,0
fcb27134,10,8,7,2,1,6,11,5,11,2,9,10,20,35,0
7ec723b7,5,3,3,2,0,1,3,2,3,2,1,0,5,3,0
73000a79,6,6,3,3,0,5,6,1,8,4,4,5,11,7,0
0d8a37c2,0,0,0,0,0,0,0,0,0,0,0,0,0,1,1
c6cf860f,2,2,2,0,0,2,2,0,1,0,1,0,2,0,0
65857fdf,1,1,0,0,1,0,0,0,1,0,1,0,1,0,0
65857fdf,4,1,1,3,0,2,5,3,2,0,2,0,4,1,0
c2211709,60,35,21,32,7,20,47,27,34,9,25,37,97,32,0
ff98492b,14,9,10,4,0,7,16,9,18,6,12,8,22,16,1
c967f6b8,8,7,6,2,0,5,9,4,11,4,7,5,13,33,0
c05f2f8c,49,31,27,15,7,29,42,13,24,3,21,16,65,31,1
4f627629,15,9,8,7,0,7,10,3,8,6,2,7,22,27,0
420c18a1,0,0,0,0,0,0,0,0,0,0,0,1,1,1,0
420c18a1,1,0,1,0,0,1,1,0,0,0,0,0,1,8,0
af0d79a9,17,11,12,4,1,13,22,9,12,3,9,10,27,21,0
4c6facae,34,18,11,21,2,15,27,12,18,4,14,26,60,17,0
0f59a7bf,20,16,9,9,2,10,20,10,21,2,19,24,44,18,0
861e0116,21,12,9,7,5,6,14,8,14,4,10,12,33,16,1
1fffae99,23,11,10,13,0,4,21,17,21,8,13,13,36,18,0
7ed08d5c,13,6,9,2,2,9,12,3,3,0,3,4,17,8,0
aad48be9,33,24,18,14,1,15,20,5,10,4,6,26,59,61,0
99f7e9aa,12,8,8,4,0,5,9,4,8,2,6,6,18,6,0
3b1ed320,21,9,8,11,2,7,8,1,7,2,5,8,29,4,0
7cd6badb,15,8,3,10,2,8,20,12,17,3,14,7,22,14,0
e5649a78,46,23,19,20,7,14,46,32,16,3,13,21,67,9,0
e33c06cf,10,8,7,1,2,4,9,5,20,12,8,10,20,29,0
e18098de,37,19,15,21,1,15,23,8,17,5,12,13,50,19,1
92d83c27,13,8,5,8,0,6,17,11,20,4,16,13,26,17,1
934e1968,27,18,7,12,8,9,26,17,25,2,23,11,38,22,0
e92cd3f7,0,0,0,0,0,0,0,0,0,0,0,0,0,0,0
bd142efb,19,10,15,4,0,10,14,4,15,8,7,21,40,78,0
a73c8f95,34,20,23,8,3,18,28,10,27,14,13,25,59,68,1
27270af4,2,1,2,0,0,1,3,2,2,1,1,2,4,4,0
829aa60c,1,1,0,1,0,1,1,0,5,1,4,0,1,1,0
0b45a8d7,0,0,0,0,0,0,0,0,0,0,0,0,0,0,0
863ff1ee,13,7,4,5,4,2,9,7,6,2,4,6,19,6,0
ff5ea0bf,3,1,2,1,0,1,2,1,4,3,1,9,12,24,1
fd53759d,9,8,3,5,1,3,8,5,8,2,6,3,12,5,0
d1b49282,15,8,6,8,1,9,12,3,7,3,4,2,17,12,0
6f8cd6d0,13,6,3,5,5,6,9,3,10,2,8,5,18,12,0
6b8887c2,6,4,1,4,1,4,10,6,10,2,8,6,12,13,0
e547d3cf,10,6,4,5,1,3,7,4,3,0,3,0,10,4,0
b492126a,7,4,2,3,2,5,7,2,8,2,6,0,7,2,0
c8c60119,5,4,2,3,0,3,5,2,5,2,3,5,10,2,0
71ec39ef,52,28,24,20,8,17,34,17,17,1,16,35,87,47,1
ce17b5eb,1,1,1,0,0,0,0,0,2,0,2,0,1,7,0
056d2d95,26,16,16,9,1,16,26,10,11,1,10,21,47,36,0
35d64857,28,18,11,12,5,17,32,15,30,8,22,29,57,94,1
7d3e7da6,1,1,1,0,0,1,1,0,0,0,0,0,1,0,1
cd61c7af,1,1,0,0,1,0,0,0,0,0,0,0,1,0,0
d248cd8f,52,31,34,18,0,21,33,12,17,5,12,21,73,58,4
af842091,20,10,14,5,1,9,13,4,8,6,2,23,43,51,2
d75f3980,7,4,4,3,0,2,6,4,4,2,2,4,11,6,0
a3ddb1b9,0,0,0,0,0,0,0,0,0,0,0,0,0,0,0
fb377d11,10,6,4,5,1,5,7,2,8,2,6,6,16,19,0
6ecbddf6,10,5,4,4,2,3,8,5,5,2,3,3,13,9,1
fc8fcbd1,4,3,2,1,1,3,3,0,4,1,3,3,7,8,0
a5ae8f8e,22,13,14,8,0,14,22,8,19,11,8,24,46,68,0
8fe2a392,32,21,18,14,0,21,29,8,30,17,13,19,51,80,2
5360a956,0,0,0,0,0,0,0,0,0,0,0,0,0,0,0
1d8e9add,13,10,9,4,0,7,15,8,13,9,4,21,34,53,0
f86cd5df,0,0,0,0,0,0,0,0,0,0,0,0,0,1,0
e3d3fbeb,0,0,0,0,0,0,0,0,2,0,2,0,0,2,0
e5a35ae9,5,2,2,1,2,2,6,4,1,0,1,2,7,3,0
cb64672e,3,1,1,2,0,1,1,0,0,0,0,0,3,1,0
346d51d9,29,12,14,14,1,16,28,12,14,1,13,12,41,21,0
231c67ff,2,0,0,0,2,1,1,0,1,0,1,0,2,0,0
30c220c3,50,31,24,20,6,22,42,20,33,3,30,24,74,25,0
dd676a97,4,1,1,3,0,1,4,3,2,0,2,2,6,4,0
1c86aa16,0,0,0,0,0,0,0,0,0,0,0,0,0,0,0
49fe9070,5,3,2,2,1,2,8,6,7,0,7,3,8,4,0
f68b64fc,19,12,13,5,1,15,24,9,16,5,11,26,45,16,0
cb11b429,24,15,11,7,6,7,21,14,19,2,17,12,36,13,0
2077ae86,5,1,1,2,2,2,4,2,5,3,2,1,6,6,0
a1257b5e,2,2,1,1,0,0,2,2,1,1,0,0,2,7,0
e7fcf289,12,7,6,6,0,5,7,2,6,0,6,1,13,5,0
be42a291,8,5,4,3,1,2,8,6,3,0,3,2,10,7,0
fa661778,10,7,4,3,3,6,9,3,23,8,15,12,22,15,1
6190474d,7,3,4,2,1,2,4,2,7,1,6,1,8,7,0
ea0893d6,3,3,1,2,0,1,4,3,4,0,4,1,4,1,0
caffaf5a,28,17,16,12,0,15,21,6,27,21,6,39,67,107,1
a4effc55,8,4,6,2,0,3,7,4,10,9,1,8,16,34,1
fc3697dd,8,5,4,4,0,5,13,8,6,1,5,3,11,8,0
65bf7e2b,0,0,0,0,0,0,1,1,0,0,0,1,1,0,0
5c4bf6ba,0,0,0,0,0,0,2,2,0,0,0,0,0,10,0
9b688ae1,0,0,0,0,0,0,0,0,0,0,0,0,0,1,0
29f7cfd9,8,2,2,6,0,3,9,6,13,1,12,6,14,19,0
