id,Gls,Sh,SoT,G/Sh,G/SoT,Dist,FK,PK,PKatt,xG,npxG,G-xG,np:G-xG
8f5cdf66,0,0,0,0.0,0.0,0.0,0.0,0,0,0.0,0.0,0.0,0.0
f586779e,6,48,23,0.13,0.26,11.5,0.0,0,0,9.4,9.4,-3.4,-3.4
771a2cfe,0,0,0,0.0,0.0,0.0,0.0,0,0,0.0,0.0,0.0,0.0
b96b595c,0,8,2,0.0,0.0,18.8,0.0,0,0,0.4,0.4,-0.4,-0.4
26777636,0,2,2,0.0,0.0,18.5,0.0,0,0,0.1,0.1,-0.1,-0.1
f9c927de,1,11,2,0.09,0.5,16.6,1.0,0,0,1.1,1.1,-0.1,-0.1
0154d290,0,15,1,0.0,0.0,18.6,0.0,0,0,1.3,1.3,-1.3,-1.3
46fa7204,0,19,5,0.0,0.0,20.7,0.0,0,0,1.1,1.1,-1.1,-1.1
246d153b,1,7,3,0.14,0.33,16.1,0.0,0,0,0.7,0.7,0.3,0.3
d810c13b,0,3,1,0.0,0.0,17.7,0.0,0,0,0.2,0.2,-0.2,-0.2
fdf4b948,0,7,2,0.0,0.0,22.6,0.0,0,0,0.3,0.3,-0.3,-0.3
5294a83f,5,22,8,0.18,0.5,22.3,3.0,1,2,3.1,1.4,1.9,2.6
ab472696,1,11,3,0.09,0.33,15.2,0.0,0,0,1.3,1.3,-0.3,-0.3
bcc81786,0,10,1,0.0,0.0,20.8,1.0,0,0,0.8,0.8,-0.8,-0.8
2df7cc43,0,0,0,0.0,0.0,0.0,0.0,0,0,0.0,0.0,0.0,0.0
2df7cc43,0,5,1,0.0,0.0,13.7,0.0,0,0,0.2,0.2,-0.2,-0.2
10b9fa99,0,12,4,0.0,0.0,17.4,0.0,0,0,0.9,0.9,-0.9,-0.9
5a2cb25d,0,9,3,0.0,0.0,26.5,0.0,0,0,0.3,0.3,-0.3,-0.3
9f1893b9,6,27,14,0.22,0.43,14.5,0.0,0,0,4.7,4.7,1.3,1.3
38d9ce53,1,1,1,1.0,1.0,17.3,0.0,0,0,0.2,0.2,0.8,0.8
108fe016,0,0,0,0.0,0.0,0.0,0.0,0,0,0.0,0.0,0.0,0.0
8f68aa41,0,0,0,0.0,0.0,0.0,0.0,0,0,0.0,0.0,0.0,0.0
00459419,8,21,10,0.24,0.5,15.7,0.0,3,3,5.7,3.3,2.3,1.7
963a328b,1,20,5,0.05,0.2,20.7,1.0,0,0,1.5,1.5,-0.5,-0.5
a820e429,5,28,12,0.14,0.33,11.7,0.0,1,1,4.1,3.3,0.9,0.7
e26fcca3,0,14,3,0.0,0.0,27.2,0.0,0,0,0.4,0.4,-0.4,-0.4
a69cc629,0,9,3,0.0,0.0,24.4,1.0,0,0,0.4,0.4,-0.4,-0.4
0fdcef0e,0,6,0,0.0,0.0,29.0,1.0,0,0,0.2,0.2,-0.2,-0.2
649b01d8,0,0,0,0.0,0.0,0.0,0.0,0,0,0.0,0.0,0.0,0.0
3cd3b384,1,6,2,0.17,0.5,17.8,0.0,0,0,0.3,0.3,0.7,0.7
2200181e,0,1,1,0.0,0.0,37.5,0.0,0,0,0.0,0.0,0.0,0.0
dfd24c07,0,2,0,0.0,0.0,23.7,0.0,0,0,0.1,0.1,-0.1,-0.1
f42d6c13,1,21,7,0.05,0.14,24.1,6.0,0,0,1.2,1.2,-0.2,-0.2
f42d6c13,0,7,3,0.0,0.0,18.8,2.0,0,0,1.2,1.2,-1.2,-1.2
59bf127b,0,0,0,0.0,0.0,0.0,0.0,0,0,0.0,0.0,0.0,0.0
102e2599,4,13,7,0.31,0.57,19.1,0.0,0,0,1.2,1.2,2.8,2.8
f449640d,1,1,1,1.0,1.0,8.6,0.0,0,0,0.1,0.1,0.9,0.9
8a6de8c7,1,24,7,0.04,0.14,19.5,0.0,0,0,1.8,1.8,-0.8,-0.8
d44360be,2,19,5,0.11,0.4,23.0,0.0,0,0,1.4,1.4,0.6,0.6
01efac19,0,0,0,0.0,0.0,0.0,0.0,0,0,0.0,0.0,0.0,0.0
01efac19,2,22,4,0.09,0.5,18.3,0.0,0,0,1.5,1.5,0.5,0.5
32ebfe1e,0,2,0,0.0,0.0,26.7,0.0,0,0,0.1,0.1,-0.1,-0.1
6928979a,5,19,8,0.26,0.63,19.8,1.0,0,0,2.2,2.2,2.8,2.8
6caffe81,0,1,0,0.0,0.0,12.6,0.0,0,0,0.0,0.0,0.0,0.0
e5bf73f3,2,33,8,0.06,0.25,22.1,0.0,0,0,1.6,1.6,0.4,0.4
5a08ee41,3,13,3,0.23,1.0,10.2,0.0,0,0,1.5,1.5,1.5,1.5
80556f08,0,7,4,0.0,0.0,20.4,0.0,0,0,0.5,0.5,-0.5,-0.5
75b86fb3,0,10,3,0.0,0.0,13.5,0.0,0,0,0.8,0.8,-0.8,-0.8
1ac232b8,2,20,6,0.1,0.33,20.0,1.0,0,0,1.1,1.1,0.9,0.9
78e6bf2c,0,0,0,0.0,0.0,0.0,0.0,0,0,0.0,0.0,0.0,0.0
19e4eab9,1,12,3,0.08,0.33,12.4,0.0,0,0,1.0,1.0,0.0,0.0
e892c325,0,0,0,0.0,0.0,0.0,0.0,0,0,0.0,0.0,0.0,0.0
e3756e72,0,2,0,0.0,0.0,8.4,0.0,0,0,0.3,0.3,-0.3,-0.3
d705ba44,0,9,5,0.0,0.0,13.3,0.0,0,1,2.2,1.4,-2.2,-1.4
0000acda,0,0,0,0.0,0.0,0.0,0.0,0,0,0.0,0.0,0.0,0.0
0000acda,0,7,3,0.0,0.0,22.9,0.0,0,0,0.4,0.4,-0.4,-0.4
db092d3b,1,7,2,0.14,0.5,27.6,2.0,0,0,0.3,0.3,0.7,0.7
53a0e358,4,45,8,0.04,0.25,22.6,4.0,2,3,4.9,2.5,-0.9,-0.5
61b3978f,0,3,0,0.0,0.0,21.4,0.0,0,0,0.1,0.1,-0.1,-0.1
ed5c0319,8,38,14,0.21,0.57,12.1,0.0,0,0,7.6,7.6,0.4,0.4
b3a20f18,1,6,4,0.17,0.25,10.6,0.0,0,0,0.7,0.7,0.3,0.3
d65cf468,0,2,1,0.0,0.0,25.2,0.0,0,0,0.1,0.1,-0.1,-0.1
6fdac234,3,11,4,0.27,0.75,9.2,0.0,0,0,1.6,1.6,1.4,1.4
9e1577aa,1,15,2,0.07,0.5,28.2,7.0,0,1,1.4,0.6,-0.4,0.4
204ac005,0,12,3,0.0,0.0,17.1,0.0,0,0,1.0,1.0,-1.0,-1.0
79370f8c,0,8,1,0.0,0.0,24.4,4.0,0,0,0.3,0.3,-0.3,-0.3
c69ef855,1,6,2,0.17,0.5,14.3,0.0,0,0,0.9,0.9,0.1,0.1
fe012aca,1,9,2,0.11,0.5,20.1,1.0,0,0,0.8,0.8,0.2,0.2
c83c203f,0,2,0,0.0,0.0,28.1,0.0,0,0,0.1,0.1,-0.1,-0.1
d995ed27,3,39,9,0.08,0.33,20.1,1.0,0,0,3.0,3.0,0.0,0.0
bf57eaab,2,31,7,0.06,0.29,18.8,1.0,0,0,2.3,2.3,-0.3,-0.3
0def2376,0,1,0,0.0,0.0,21.2,0.0,0,0,0.1,0.1,-0.1,-0.1
fb77bfef,0,2,0,0.0,0.0,11.3,0.0,0,0,0.2,0.2,-0.2,-0.2
52ec54d0,1,2,1,0.5,1.0,15.1,0.0,0,1,0.9,0.1,0.1,0.9
3d13d9e4,1,4,1,0.25,1.0,15.1,0.0,0,0,0.4,0.4,0.6,0.6
0d077b88,0,18,2,0.0,0.0,27.3,1.0,0,0,1.0,1.0,-1.0,-1.0
ae94a6c5,0,5,1,0.0,0.0,14.8,0.0,0,0,0.4,0.4,-0.4,-0.4
c609e90e,0,3,1,0.0,0.0,13.1,0.0,0,0,0.4,0.4,-0.4,-0.4
8bbe2df5,0,4,0,0.0,0.0,24.8,1.0,0,0,0.1,0.1,-0.1,-0.1
d4a2533d,0,1,0,0.0,0.0,29.9,0.0,0,0,0.0,0.0,0.0,0.0
5fd5ed86,2,18,3,0.11,0.67,9.7,0.0,0,0,2.7,2.7,-0.7,-0.7
edd81e2a,0,8,1,0.0,0.0,15.8,0.0,0,0,0.7,0.7,-0.7,-0.7
33b8d077,2,12,4,0.17,0.5,21.0,0.0,0,0,1.7,1.7,0.3,0.3
f3a9fa26,0,24,7,0.0,0.0,19.5,5.0,0,0,1.5,1.5,-1.5,-1.5
4ae67f27,0,14,0,0.0,0.0,9.6,0.0,0,0,1.2,1.2,-1.2,-1.2
ef6eef89,0,0,0,0.0,0.0,0.0,0.0,0,0,0.0,0.0,0.0,0.0
dd86e8e4,0,4,0,0.0,0.0,23.0,0.0,0,0,0.2,0.2,-0.2,-0.2
2146785a,1,7,1,0.14,1.0,21.1,0.0,0,0,0.9,0.9,0.1,0.1
ac7e640b,0,10,3,0.0,0.0,11.2,0.0,0,0,0.6,0.6,-0.6,-0.6
226008f1,0,5,1,0.0,0.0,13.1,0.0,0,0,0.6,0.6,-0.6,-0.6
cd0fa27b,2,36,9,0.03,0.11,26.0,6.0,1,1,2.3,1.5,-0.3,-0.5
13ea2544,0,4,0,0.0,0.0,28.3,1.0,0,0,0.1,0.1,-0.1,-0.1
91ff775f,3,18,7,0.17,0.43,16.8,0.0,0,0,2.1,2.1,0.9,0.9
247ed022,0,10,3,0.0,0.0,18.8,0.0,0,0,0.7,0.7,-0.7,-0.7
b6a1cdf9,0,4,1,0.0,0.0,15.9,0.0,0,0,0.3,0.3,-0.3,-0.3
356c9002,3,29,11,0.1,0.27,21.3,2.0,0,0,2.4,2.4,0.6,0.6
54e53b7e,4,37,9,0.08,0.33,18.8,0.0,1,1,4.4,3.6,-0.4,-0.6
5bd72174,1,19,5,0.05,0.2,14.8,0.0,0,0,1.9,1.9,-0.9,-0.9
5bd72174,1,17,6,0.06,0.17,12.3,0.0,0,0,1.9,1.9,-0.9,-0.9
f7e2af2c,0,1,1,0.0,0.0,10.8,0.0,0,0,0.1,0.1,-0.1,-0.1
b033f803,0,0,0,0.0,0.0,0.0,0.0,0,0,0.0,0.0,0.0,0.0
707b98f1,0,0,0,0.0,0.0,0.0,0.0,0,0,0.0,0.0,0.0,0.0
8d3cd59d,4,25,9,0.16,0.44,16.4,0.0,0,0,2.1,2.1,1.9,1.9
8ec56e62,0,0,0,0.0,0.0,0.0,0.0,0,0,0.0,0.0,0.0,0.0
3f5f38fb,1,8,2,0.13,0.5,10.9,0.0,0,0,0.6,0.6,0.4,0.4
ad92526f,0,6,1,0.0,0.0,25.9,0.0,0,0,0.3,0.3,-0.3,-0.3
0728bebe,0,3,1,0.0,0.0,22.2,0.0,0,0,0.2,0.2,-0.2,-0.2
ba3d3bea,0,7,1,0.0,0.0,28.8,1.0,0,0,0.2,0.2,-0.2,-0.2
4d1efb48,0,0,0,0.0,0.0,0.0,0.0,0,0,0.0,0.0,0.0,0.0
d9624b51,1,5,1,0.2,1.0,17.7,0.0,0,0,0.7,0.7,0.3,0.3
07f8bcc8,4,26,5,0.15,0.8,15.0,0.0,0,0,2.9,2.9,1.1,1.1
98a84572,0,4,0,0.0,0.0,15.8,0.0,0,0,0.2,0.2,-0.2,-0.2
31a62dc7,0,4,1,0.0,0.0,14.7,0.0,0,0,0.3,0.3,-0.3,-0.3
b0f7e36c,0,7,1,0.0,0.0,18.9,1.0,0,0,0.6,0.6,-0.6,-0.6
c316607a,0,0,0,0.0,0.0,0.0,0.0,0,0,0.0,0.0,0.0,0.0
b09a3ecc,4,15,6,0.13,0.33,15.0,0.0,2,3,3.4,0.9,0.6,1.1
039a4fb6,0,1,1,0.0,0.0,30.6,0.0,0,0,0.0,0.0,0.0,0.0
5de3866c,3,29,11,0.1,0.27,19.8,0.0,0,0,3.1,3.1,-0.1,-0.1
8b95acda,1,6,4,0.17,0.25,9.0,0.0,0,0,1.2,1.2,-0.2,-0.2
04df29a5,4,31,9,0.13,0.44,18.2,0.0,0,1,4.4,3.6,-0.4,0.4
6499048c,2,14,3,0.14,0.67,18.7,0.0,0,0,1.1,1.1,0.9,0.9
8cabdc1e,0,0,0,0.0,0.0,0.0,0.0,0,0,0.0,0.0,0.0,0.0
8fef5412,0,0,0,0.0,0.0,0.0,0.0,0,0,0.0,0.0,0.0,0.0
22ae86f9,0,3,0,0.0,0.0,11.8,0.0,0,0,0.3,0.3,-0.3,-0.3
45b9b619,3,9,5,0.33,0.6,11.6,0.0,0,0,2.1,2.1,0.9,0.9
bfc359ed,0,0,0,0.0,0.0,0.0,0.0,0,0,0.0,0.0,0.0,0.0
85a44ecc,2,10,4,0.2,0.5,18.8,0.0,0,0,0.5,0.5,1.5,1.5
f554e29b,0,0,0,0.0,0.0,0.0,0.0,0,0,0.0,0.0,0.0,0.0
16657b95,1,18,3,0.06,0.33,19.1,0.0,0,0,1.1,1.1,-0.1,-0.1
22cd43d2,0,0,0,0.0,0.0,0.0,0.0,0,0,0.0,0.0,0.0,0.0
0ab1f153,1,20,6,0.05,0.17,18.5,2.0,0,0,1.0,1.0,0.0,0.0
5722eced,0,4,1,0.0,0.0,24.5,1.0,0,0,0.2,0.2,-0.2,-0.2
060606ec,0,4,1,0.0,0.0,16.1,0.0,0,0,0.3,0.3,-0.3,-0.3
44eb9093,0,0,0,0.0,0.0,0.0,0.0,0,0,0.0,0.0,0.0,0.0
f778fe3f,0,7,3,0.0,0.0,17.0,0.0,0,0,0.3,0.3,-0.3,-0.3
7ef972c3,0,7,3,0.0,0.0,12.8,1.0,0,0,0.5,0.5,-0.5,-0.5
94b2001f,3,18,3,0.17,1.0,14.8,0.0,0,0,1.8,1.8,1.2,1.2
96e0490d,1,6,1,0.17,1.0,19.3,0.0,0,0,1.0,1.0,0.0,0.0
16bb656a,1,9,2,0.11,0.5,10.7,0.0,0,0,1.1,1.1,-0.1,-0.1
2ef7c612,0,14,3,0.0,0.0,12.9,0.0,0,0,1.6,1.6,-1.6,-1.6
60e3603d,0,0,0,0.0,0.0,0.0,0.0,0,0,0.0,0.0,0.0,0.0
ae4e2852,0,4,0,0.0,0.0,27.6,0.0,0,0,0.1,0.1,-0.1,-0.1
e74f0e59,0,4,2,0.0,0.0,13.7,0.0,0,0,0.4,0.4,-0.4,-0.4
f4797849,0,0,0,0.0,0.0,0.0,0.0,0,0,0.0,0.0,0.0,0.0
854ee61a,1,8,5,0.13,0.2,12.3,0.0,0,0,1.8,1.8,-0.8,-0.8
0e0d6c53,0,0,0,0.0,0.0,0.0,0.0,0,0,0.0,0.0,0.0,0.0
e3cceee6,1,5,1,0.2,1.0,14.4,0.0,0,0,0.7,0.7,0.3,0.3
dc3fa3b5,0,0,0,0.0,0.0,0.0,0.0,0,0,0.0,0.0,0.0,0.0
d97f2e8d,2,14,4,0.14,0.5,15.0,0.0,0,0,1.4,1.4,0.6,0.6
d97f2e8d,0,2,0,0.0,0.0,13.6,0.0,0,0,0.2,0.2,-0.2,-0.2
2990c466,0,0,0,0.0,0.0,0.0,0.0,0,0,0.0,0.0,0.0,0.0
dcb38abe,3,37,8,0.08,0.38,13.6,0.0,0,1,5.3,4.5,-2.3,-1.5
5976f83e,0,2,1,0.0,0.0,20.3,0.0,0,0,0.3,0.3,-0.3,-0.3
d7d32194,1,18,6,0.06,0.17,15.1,0.0,0,0,1.2,1.2,-0.2,-0.2
39583cfd,2,44,12,0.05,0.17,17.4,10.0,0,0,5.1,5.1,-3.1,-3.1
ef94dc2f,0,1,0,0.0,0.0,11.0,0.0,0,0,0.1,0.1,-0.1,-0.1
1fca9171,1,23,11,0.04,0.09,17.6,1.0,0,0,1.8,1.8,-0.8,-0.8
4e0c8d66,0,0,0,0.0,0.0,0.0,0.0,0,0,0.0,0.0,0.0,0.0
230a2fac,1,20,7,0.05,0.14,12.6,0.0,0,0,1.6,1.6,-0.6,-0.6
19cda00b,4,22,7,0.14,0.43,20.9,0.0,1,1,2.0,1.2,2.0,1.8
244bc2c8,8,27,13,0.3,0.62,14.6,0.0,0,0,5.1,5.1,2.9,2.9
407feb71,4,24,10,0.17,0.4,15.3,1.0,0,0,3.3,3.3,0.7,0.7
970b8574,3,35,9,0.09,0.33,20.8,6.0,0,0,2.3,2.3,0.7,0.7
933d3b51,1,8,4,0.13,0.25,12.2,0.0,0,0,0.9,0.9,0.1,0.1
6eee05f1,0,3,0,0.0,0.0,6.7,0.0,0,0,0.4,0.4,-0.4,-0.4
b5f7d10b,0,6,2,0.0,0.0,17.7,0.0,0,0,0.4,0.4,-0.4,-0.4
2f69d881,2,17,6,0.12,0.33,15.5,0.0,0,0,1.8,1.8,0.2,0.2
20b3a502,1,24,8,0.04,0.13,22.7,0.0,0,0,1.2,1.2,-0.2,-0.2
22051fbe,1,2,1,0.5,1.0,18.5,0.0,0,0,0.5,0.5,0.5,0.5
085e71a7,0,0,0,0.0,0.0,0.0,0.0,0,0,0.0,0.0,0.0,0.0
79ca3e23,0,5,2,0.0,0.0,17.6,0.0,0,0,0.4,0.4,-0.4,-0.4
481c9ece,1,24,9,0.04,0.11,11.6,0.0,0,0,2.7,2.7,-1.7,-1.7
528492ea,0,3,1,0.0,0.0,18.7,0.0,0,0,0.2,0.2,-0.2,-0.2
e0921a4f,8,41,14,0.15,0.43,19.3,3.0,2,2,6.0,4.4,2.0,1.6
3bb7f478,7,56,20,0.13,0.35,14.1,0.0,0,0,8.4,8.4,-1.4,-1.4
dbfa4f16,0,3,1,0.0,0.0,18.6,0.0,0,0,0.2,0.2,-0.2,-0.2
9ba7b4fa,0,3,0,0.0,0.0,26.4,0.0,0,0,0.1,0.1,-0.1,-0.1
6af30900,1,11,3,0.09,0.33,11.9,0.0,0,0,1.8,1.8,-0.8,-0.8
a9202def,1,22,5,0.05,0.2,21.0,0.0,0,0,1.4,1.4,-0.4,-0.4
76b2817e,1,6,2,0.17,0.5,15.4,0.0,0,0,0.9,0.9,0.1,0.1
f503ea63,0,8,1,0.0,0.0,17.4,0.0,0,0,0.8,0.8,-0.8,-0.8
c20892ee,0,1,0,0.0,0.0,28.2,0.0,0,0,0.0,0.0,0.0,0.0
c55967eb,0,2,0,0.0,0.0,21.8,0.0,0,0,0.1,0.1,-0.1,-0.1
cf007308,6,19,8,0.26,0.63,15.8,1.0,1,1,3.3,2.5,2.7,2.5
0fee6bda,0,1,0,0.0,0.0,7.7,0.0,0,0,0.1,0.1,-0.1,-0.1
3f79a1c8,0,6,1,0.0,0.0,17.9,0.0,0,0,0.2,0.2,-0.2,-0.2
5cf5c9ad,0,1,0,0.0,0.0,33.2,1.0,0,0,0.0,0.0,0.0,0.0
366be751,2,7,5,0.29,0.4,22.4,0.0,0,0,0.4,0.4,1.6,1.6
9f5a610b,0,0,0,0.0,0.0,0.0,0.0,0,0,0.0,0.0,0.0,0.0
aae9d04a,0,10,3,0.0,0.0,19.4,0.0,0,0,1.2,1.2,-1.2,-1.2
4e358a2d,1,11,2,0.09,0.5,10.7,0.0,0,0,0.7,0.7,0.3,0.3
06b08c45,0,2,0,0.0,0.0,21.5,0.0,0,0,0.1,0.1,-0.1,-0.1
ee64a822,3,23,10,0.13,0.3,13.4,0.0,0,0,3.0,3.0,0.0,0.0
d0dbca9f,0,5,0,0.0,0.0,20.0,0.0,0,0,0.2,0.2,-0.2,-0.2
d0dbca9f,0,0,0,0.0,0.0,0.0,0.0,0,0,0.0,0.0,0.0,0.0
eb76987d,0,0,0,0.0,0.0,0.0,0.0,0,0,0.0,0.0,0.0,0.0
e288d4b3,0,0,0,0.0,0.0,0.0,0.0,0,0,0.0,0.0,0.0,0.0
2a7d27c1,5,40,18,0.13,0.28,14.0,0.0,0,0,4.8,4.8,0.2,0.2
c235e803,0,1,0,0.0,0.0,19.8,0.0,0,0,0.0,0.0,0.0,0.0
8f866fe8,4,50,19,0.08,0.21,19.7,3.0,0,0,5.3,5.3,-1.3,-1.3
3b387cc7,0,3,1,0.0,0.0,17.5,0.0,0,0,0.3,0.3,-0.3,-0.3
ce30bfc8,0,10,2,0.0,0.0,14.7,0.0,0,0,0.5,0.5,-0.5,-0.5
8dfed6e9,0,5,0,0.0,0.0,11.9,0.0,0,0,0.5,0.5,-0.5,-0.5
dd403465,0,0,0,0.0,0.0,0.0,0.0,0,0,0.0,0.0,0.0,0.0
c74d63ac,0,4,1,0.0,0.0,26.4,0.0,0,0,0.1,0.1,-0.1,-0.1
18dd3219,0,6,1,0.0,0.0,15.4,0.0,0,0,0.3,0.3,-0.3,-0.3
822ed0ec,0,6,0,0.0,0.0,22.4,0.0,0,0,0.5,0.5,-0.5,-0.5
71dc23da,0,3,0,0.0,0.0,24.7,0.0,0,0,0.1,0.1,-0.1,-0.1
9c435456,0,0,0,0.0,0.0,0.0,0.0,0,0,0.0,0.0,0.0,0.0
548bd0de,0,0,0,0.0,0.0,0.0,0.0,0,0,0.0,0.0,0.0,0.0
16ceb862,7,57,19,0.11,0.32,12.4,3.0,1,1,8.2,7.5,-1.2,-1.5
f0f7f62f,0,0,0,0.0,0.0,0.0,0.0,0,0,0.0,0.0,0.0,0.0
f025eade,1,15,3,0.07,0.33,15.7,0.0,0,0,1.3,1.3,-0.3,-0.3
2374aaca,3,28,8,0.07,0.25,16.0,0.0,1,1,3.4,2.9,-0.4,-0.9
2d970560,1,9,2,0.11,0.5,12.6,0.0,0,0,0.9,0.9,0.1,0.1
6cc97b6a,0,5,2,0.0,0.0,18.0,0.0,0,0,0.3,0.3,-0.3,-0.3
49136c42,0,0,0,0.0,0.0,0.0,0.0,0,0,0.0,0.0,0.0,0.0
f1f1f238,1,9,1,0.11,1.0,14.2,0.0,0,0,0.9,0.9,0.1,0.1
f9758dae,1,24,10,0.04,0.1,14.1,0.0,0,0,2.8,2.8,-1.8,-1.8
0be276c6,0,2,0,0.0,0.0,14.6,0.0,0,0,0.3,0.3,-0.3,-0.3
9250bcff,1,11,5,0.09,0.2,11.9,1.0,0,0,2.7,2.7,-1.7,-1.7
fa449bba,1,7,3,0.14,0.33,17.0,0.0,0,0,1.2,1.2,-0.2,-0.2
74419746,0,0,0,0.0,0.0,0.0,0.0,0,0,0.0,0.0,0.0,0.0
65fd099c,1,9,3,0.11,0.33,25.3,0.0,0,0,0.6,0.6,0.4,0.4
3b333ac3,1,12,4,0.08,0.25,10.7,0.0,0,0,1.3,1.3,-0.3,-0.3
d7918b13,0,9,5,0.0,0.0,24.4,0.0,0,0,0.3,0.3,-0.3,-0.3
ffed43e3,0,0,0,0.0,0.0,0.0,0.0,0,0,0.0,0.0,0.0,0.0
a2d9f138,2,11,8,0.18,0.25,17.8,0.0,0,0,0.8,0.8,1.2,1.2
9ef42479,2,18,5,0.11,0.4,17.4,0.0,0,0,1.7,1.7,0.3,0.3
d4c9725f,2,37,6,0.03,0.17,23.4,4.0,1,1,3.3,2.5,-1.3,-1.5
12806697,0,1,0,0.0,0.0,12.2,0.0,0,0,0.0,0.0,0.0,0.0
d4456fb3,0,8,1,0.0,0.0,27.4,0.0,0,0,0.3,0.3,-0.3,-0.3
c2357b65,1,15,5,0.07,0.2,14.9,0.0,0,0,1.2,1.2,-0.2,-0.2
b85bf253,0,5,2,0.0,0.0,28.1,0.0,0,0,0.2,0.2,-0.2,-0.2
d8800a46,0,1,0,0.0,0.0,10.0,0.0,0,0,0.1,0.1,-0.1,-0.1
1f2d714c,0,3,0,0.0,0.0,19.4,0.0,0,0,0.3,0.3,-0.3,-0.3
2f3452eb,0,2,1,0.0,0.0,26.2,0.0,0,0,0.0,0.0,0.0,0.0
491a433d,6,33,17,0.18,0.35,13.0,0.0,0,0,5.4,5.4,0.6,0.6
82efe6fa,3,17,6,0.18,0.5,13.6,0.0,0,0,1.8,1.8,1.2,1.2
4cde5509,0,0,0,0.0,0.0,0.0,0.0,0,0,0.0,0.0,0.0,0.0
a4e85758,0,4,0,0.0,0.0,8.6,0.0,0,0,0.4,0.4,-0.4,-0.4
42eaa028,2,36,6,0.06,0.33,17.4,0.0,0,0,2.2,2.2,-0.2,-0.2
bb376bed,0,9,2,0.0,0.0,21.6,0.0,0,0,0.4,0.4,-0.4,-0.4
bb376bed,0,1,0,0.0,0.0,30.2,0.0,0,0,0.0,0.0,0.0,0.0
ba492306,0,1,0,0.0,0.0,31.4,0.0,0,0,0.0,0.0,0.0,0.0
a47c6309,0,2,0,0.0,0.0,31.8,0.0,0,0,0.0,0.0,0.0,0.0
a47c6309,0,0,0,0.0,0.0,0.0,0.0,0,0,0.0,0.0,0.0,0.0
4431aed2,9,47,18,0.15,0.39,14.9,0.0,2,3,9.6,7.3,-0.6,-0.3
6b635f5c,0,7,2,0.0,0.0,12.5,0.0,0,0,0.5,0.5,-0.5,-0.5
89976232,0,7,1,0.0,0.0,11.1,0.0,0,0,0.7,0.7,-0.7,-0.7
8c65eb5f,0,2,0,0.0,0.0,26.3,0.0,0,0,0.0,0.0,0.0,0.0
4a537185,0,0,0,0.0,0.0,0.0,0.0,0,0,0.0,0.0,0.0,0.0
79083382,1,4,1,0.25,1.0,13.4,0.0,0,0,0.2,0.2,0.8,0.8
dc765618,0,1,0,0.0,0.0,32.3,1.0,0,0,0.0,0.0,0.0,0.0
4d8cd038,3,37,11,0.08,0.27,13.5,0.0,0,1,4.8,4.0,-1.8,-1.0
570bb4b9,0,8,4,0.0,0.0,20.1,2.0,0,0,1.0,1.0,-1.0,-1.0
f95f49d2,1,11,3,0.09,0.33,19.5,0.0,0,0,0.8,0.8,0.2,0.2
85f7d1be,1,10,2,0.1,0.5,9.8,0.0,0,0,1.4,1.4,-0.4,-0.4
8b66d9cc,2,13,6,0.15,0.33,16.0,0.0,0,0,2.0,2.0,0.0,0.0
9f84febe,0,1,0,0.0,0.0,11.0,0.0,0,0,0.3,0.3,-0.3,-0.3
7ae36711,0,4,0,0.0,0.0,23.9,0.0,0,0,0.1,0.1,-0.1,-0.1
2a82aa85,1,10,4,0.1,0.25,22.8,0.0,0,0,0.6,0.6,0.4,0.4
3d50bcdb,5,33,12,0.15,0.42,14.2,0.0,0,0,5.7,5.7,-0.7,-0.7
dc3e663e,0,10,2,0.0,0.0,16.6,1.0,0,0,0.6,0.6,-0.6,-0.6
8b8a56ce,0,0,0,0.0,0.0,0.0,0.0,0,0,0.0,0.0,0.0,0.0
a26fb8aa,6,38,15,0.11,0.27,22.9,5.0,2,4,5.8,2.4,0.2,1.6
b1cd37e6,2,26,8,0.08,0.25,18.7,0.0,0,0,1.9,1.9,0.1,0.1
58e933d2,2,34,11,0.06,0.18,14.5,1.0,0,0,3.8,3.8,-1.8,-1.8
9d60028d,0,5,0,0.0,0.0,19.6,1.0,0,0,0.4,0.4,-0.4,-0.4
b804c280,0,0,0,0.0,0.0,0.0,0.0,0,0,0.0,0.0,0.0,0.0
b4101c2e,0,1,1,0.0,0.0,21.4,0.0,0,0,0.1,0.1,-0.1,-0.1
817c6964,0,6,1,0.0,0.0,12.4,0.0,0,0,0.5,0.5,-0.5,-0.5
a40819d9,0,1,0,0.0,0.0,13.8,0.0,0,0,0.0,0.0,0.0,0.0
dea88efd,10,56,22,0.16,0.41,18.4,1.0,1,1,5.8,5.0,4.2,4.0
0a483542,0,1,1,0.0,0.0,9.8,0.0,0,0,0.0,0.0,0.0,0.0
0a483542,1,13,4,0.08,0.25,15.4,0.0,0,0,1.1,1.1,-0.1,-0.1
c283ddef,0,12,3,0.0,0.0,11.8,0.0,0,0,1.0,1.0,-1.0,-1.0
c283ddef,1,28,7,0.04,0.14,15.5,0.0,0,0,2.3,2.3,-1.3,-1.3
09538fdb,1,42,8,0.02,0.13,18.5,0.0,0,0,5.3,5.3,-4.3,-4.3
2d22cea7,4,37,16,0.08,0.19,21.6,6.0,1,1,2.6,1.8,1.4,1.2
016ff750,0,7,2,0.0,0.0,14.0,0.0,0,0,0.4,0.4,-0.4,-0.4
93088fbb,0,1,0,0.0,0.0,13.2,0.0,0,0,0.1,0.1,-0.1,-0.1
5128bde4,3,30,11,0.1,0.27,18.6,1.0,0,0,2.7,2.7,0.3,0.3
02caf6e0,0,3,1,0.0,0.0,20.2,0.0,0,0,0.1,0.1,-0.1,-0.1
20730eae,8,66,19,0.12,0.42,18.4,0.0,0,0,7.0,7.0,1.0,1.0
7d3cbc67,0,16,6,0.0,0.0,11.5,0.0,0,0,1.9,1.9,-1.9,-1.9
d023d70f,1,12,4,0.08,0.25,20.1,0.0,0,0,0.8,0.8,0.2,0.2
a3695ac2,0,1,0,0.0,0.0,13.9,0.0,0,0,0.1,0.1,-0.1,-0.1
bba30585,0,0,0,0.0,0.0,0.0,0.0,0,0,0.0,0.0,0.0,0.0
e1cbb531,1,6,3,0.17,0.33,22.0,0.0,0,0,0.3,0.3,0.7,0.7
a8a874f1,0,18,7,0.0,0.0,24.1,0.0,0,0,1.0,1.0,-1.0,-1.0
c8ad0857,0,4,1,0.0,0.0,20.9,0.0,0,0,0.3,0.3,-0.3,-0.3
7c104bb7,12,39,16,0.23,0.56,16.1,1.0,3,3,7.8,5.4,4.2,3.6
20094685,0,7,2,0.0,0.0,23.6,0.0,0,0,0.6,0.6,-0.6,-0.6
5fa57166,0,1,0,0.0,0.0,22.0,0.0,0,0,0.0,0.0,0.0,0.0
966eea58,3,42,8,0.07,0.38,22.6,2.0,0,0,2.3,2.3,0.7,0.7
a69e4806,3,32,11,0.06,0.18,17.9,0.0,1,1,4.7,3.9,-1.7,-1.9
80490d7f,0,7,2,0.0,0.0,12.1,0.0,0,0,0.5,0.5,-0.5,-0.5
921f6058,1,4,2,0.25,0.5,13.3,0.0,0,0,0.2,0.2,0.8,0.8
5eae500a,2,13,6,0.08,0.17,14.2,0.0,1,1,2.6,1.8,-0.6,-0.8
c6e8cf1f,2,15,3,0.07,0.33,20.2,1.0,1,1,1.7,0.9,0.3,0.1
997fff07,1,7,3,0.14,0.33,13.4,0.0,0,0,0.5,0.5,0.5,0.5
5efc5389,1,17,5,0.06,0.2,26.1,4.0,0,0,0.6,0.6,0.4,0.4
957e4c87,0,4,0,0.0,0.0,20.2,0.0,0,0,0.2,0.2,-0.2,-0.2
cce9f582,0,4,1,0.0,0.0,18.2,0.0,0,0,0.3,0.3,-0.3,-0.3
fcb38f57,0,0,0,0.0,0.0,0.0,0.0,0,0,0.0,0.0,0.0,0.0
22bfb57e,0,7,0,0.0,0.0,21.4,0.0,0,0,0.4,0.4,-0.4,-0.4
2bffcbf2,0,1,1,0.0,0.0,10.6,0.0,0,0,0.1,0.1,-0.1,-0.1
801831fe,1,7,4,0.14,0.25,16.8,0.0,0,0,0.7,0.7,0.3,0.3
4c8845f7,0,7,0,0.0,0.0,15.9,0.0,0,0,0.6,0.6,-0.6,-0.6
4c8845f7,0,3,0,0.0,0.0,22.6,0.0,0,0,0.2,0.2,-0.2,-0.2
48d5bd33,1,19,6,0.05,0.17,25.6,0.0,0,0,0.6,0.6,0.4,0.4
5aa53281,0,14,2,0.0,0.0,13.0,0.0,0,0,1.3,1.3,-1.3,-1.3
c7259b83,1,26,4,0.04,0.25,23.0,1.0,0,0,1.0,1.0,0.0,0.0
f794b426,0,0,0,0.0,0.0,0.0,0.0,0,0,0.0,0.0,0.0,0.0
91d0fabf,0,0,0,0.0,0.0,0.0,0.0,0,0,0.0,0.0,0.0,0.0
8650af85,1,6,1,0.17,1.0,10.3,0.0,0,0,1.1,1.1,-0.1,-0.1
aa54ec6f,1,7,2,0.14,0.5,15.0,0.0,0,0,0.4,0.4,0.6,0.6
7fac99d4,2,23,7,0.09,0.29,27.4,5.0,0,0,0.9,0.9,1.1,1.1
cdf65d12,0,3,1,0.0,0.0,11.6,0.0,0,0,0.1,0.1,-0.1,-0.1
ea468ea8,0,1,0,0.0,0.0,17.6,0.0,0,0,0.1,0.1,-0.1,-0.1
f7036e1c,13,86,32,0.14,0.38,14.9,0.0,1,1,11.2,10.4,1.8,1.6
3ec3c1c9,1,20,9,0.05,0.11,12.3,0.0,0,0,2.1,2.1,-1.1,-1.1
d4535821,0,15,7,0.0,0.0,24.1,0.0,0,0,0.7,0.7,-0.7,-0.7
de0f152c,1,1,1,1.0,1.0,13.1,0.0,0,0,0.0,0.0,1.0,1.0
eb7822d7,1,8,3,0.13,0.33,17.2,0.0,0,0,0.7,0.7,0.3,0.3
3318286e,0,0,0,0.0,0.0,0.0,0.0,0,0,0.0,0.0,0.0,0.0
eb0ec070,2,12,4,0.17,0.5,20.4,0.0,0,0,0.9,0.9,1.1,1.1
01c3aff5,1,8,4,0.13,0.25,10.1,0.0,0,0,0.9,0.9,0.1,0.1
563a68ad,0,2,0,0.0,0.0,26.5,0.0,0,0,0.1,0.1,-0.1,-0.1
5cec2c74,0,11,1,0.0,0.0,23.4,0.0,0,0,0.3,0.3,-0.3,-0.3
9413b19f,0,0,0,0.0,0.0,0.0,0.0,0,0,0.0,0.0,0.0,0.0
c730da00,0,0,0,0.0,0.0,0.0,0.0,0,0,0.0,0.0,0.0,0.0
f49c4ae9,4,23,9,0.17,0.44,18.3,0.0,0,0,1.8,1.8,2.2,2.2
b2561711,0,0,0,0.0,0.0,0.0,0.0,0,0,0.0,0.0,0.0,0.0
bee704fc,2,13,3,0.15,0.67,8.7,0.0,0,0,1.7,1.7,0.3,0.3
85613cf0,6,29,16,0.21,0.38,13.9,1.0,0,0,4.2,4.2,1.8,1.8
4e6dbac4,4,35,9,0.11,0.44,18.9,3.0,0,0,2.8,2.8,1.2,1.2
9fa26bc2,0,0,0,0.0,0.0,0.0,0.0,0,0,0.0,0.0,0.0,0.0
e0f8151c,2,7,2,0.29,1.0,6.2,0.0,0,0,0.9,0.9,1.1,1.1
a9aa0d1d,4,25,10,0.16,0.4,19.7,1.0,0,0,2.1,2.1,1.9,1.9
34693494,0,17,5,0.0,0.0,18.0,0.0,0,0,1.4,1.4,-1.4,-1.4
dd0daf32,2,19,3,0.11,0.67,19.7,0.0,0,0,1.5,1.5,0.5,0.5
54ab971f,0,1,0,0.0,0.0,16.1,0.0,0,0,0.0,0.0,0.0,0.0
ca73910d,0,7,1,0.0,0.0,13.1,0.0,0,0,0.5,0.5,-0.5,-0.5
c1d95617,0,0,0,0.0,0.0,0.0,0.0,0,0,0.0,0.0,0.0,0.0
ff579c7e,0,7,1,0.0,0.0,26.6,0.0,0,0,0.2,0.2,-0.2,-0.2
efc9e31f,3,16,5,0.19,0.6,10.6,0.0,0,0,3.7,3.7,-0.7,-0.7
a0aee24e,0,0,0,0.0,0.0,0.0,0.0,0,0,0.0,0.0,0.0,0.0
1295552e,0,0,0,0.0,0.0,0.0,0.0,0,0,0.0,0.0,0.0,0.0
eb2fe5b6,1,12,4,0.0,0.0,21.0,2.0,1,1,1.4,0.6,-0.4,-0.6
b233e8e4,0,1,0,0.0,0.0,26.4,0.0,0,0,0.0,0.0,0.0,0.0
d183e9d6,0,2,0,0.0,0.0,26.0,0.0,0,0,0.0,0.0,0.0,0.0
a111cf41,0,0,0,0.0,0.0,0.0,0.0,0,0,0.0,0.0,0.0,0.0
c459a650,2,18,5,0.11,0.4,17.2,0.0,0,0,2.7,2.7,-0.7,-0.7
599d91d0,0,2,0,0.0,0.0,14.1,0.0,0,0,0.1,0.1,-0.1,-0.1
5cdddffa,0,13,1,0.0,0.0,22.8,0.0,0,0,0.5,0.5,-0.5,-0.5
b1236c63,1,3,1,0.33,1.0,12.8,0.0,0,0,0.3,0.3,0.7,0.7
2b8360f1,2,12,5,0.17,0.4,26.3,0.0,0,0,1.0,1.0,1.0,1.0
b136c945,1,2,1,0.5,1.0,25.6,0.0,0,0,0.1,0.1,0.9,0.9
cf961d8d,0,7,1,0.0,0.0,22.1,0.0,0,0,0.3,0.3,-0.3,-0.3
e33f36d5,0,1,0,0.0,0.0,8.4,0.0,0,0,0.0,0.0,0.0,0.0
e33f36d5,0,3,0,0.0,0.0,9.9,0.0,0,0,0.2,0.2,-0.2,-0.2
a4948e67,11,43,17,0.21,0.53,15.4,0.0,2,2,8.0,6.4,3.0,2.6
ba1e04b3,0,5,0,0.0,0.0,19.0,0.0,0,0,0.3,0.3,-0.3,-0.3
1e9bde92,0,0,0,0.0,0.0,0.0,0.0,0,0,0.0,0.0,0.0,0.0
d125f22f,5,38,11,0.11,0.36,18.3,0.0,1,1,3.3,2.5,1.7,1.5
8ec109e6,0,5,2,0.0,0.0,11.3,0.0,0,0,0.3,0.3,-0.3,-0.3
41c12f75,1,2,1,0.5,1.0,9.1,0.0,0,0,0.4,0.4,0.6,0.6
e9c0c1b2,0,0,0,0.0,0.0,0.0,0.0,0,0,0.0,0.0,0.0,0.0
43a166b4,2,18,8,0.11,0.25,19.4,0.0,0,0,1.4,1.4,0.6,0.6
e14ec482,7,57,18,0.11,0.33,20.0,3.0,1,1,6.3,5.5,0.7,0.5
8c90fd7a,19,87,35,0.22,0.54,11.9,0.0,0,0,14.5,14.4,4.5,4.6
ea02beaf,0,11,4,0.0,0.0,22.4,0.0,0,0,0.3,0.3,-0.3,-0.3
ed90babd,0,1,0,0.0,0.0,27.5,0.0,0,0,0.0,0.0,0.0,0.0
8daee720,0,1,0,0.0,0.0,24.4,0.0,0,0,0.0,0.0,0.0,0.0
3d6cee81,0,0,0,0.0,0.0,0.0,0.0,0,0,0.0,0.0,0.0,0.0
dff153a4,0,9,1,0.0,0.0,27.3,2.0,0,0,0.3,0.3,-0.3,-0.3
0967845b,2,14,2,0.14,1.0,22.5,0.0,0,0,1.5,1.5,0.5,0.5
e599253a,2,13,4,0.15,0.5,11.5,0.0,0,0,2.6,2.6,-0.6,-0.6
f7223718,0,1,0,0.0,0.0,22.8,0.0,0,0,0.0,0.0,0.0,0.0
79b0d6a0,0,0,0,0.0,0.0,0.0,0.0,0,0,0.0,0.0,0.0,0.0
3ca7254a,3,28,9,0.11,0.33,19.2,0.0,0,0,2.3,2.3,0.7,0.7
f058ed1f,0,0,0,0.0,0.0,0.0,0.0,0,0,0.0,0.0,0.0,0.0
a44d3a3c,1,6,3,0.17,0.33,11.7,0.0,0,0,0.4,0.4,0.6,0.6
4a5a45c7,2,36,10,0.0,0.0,22.3,3.0,2,3,5.1,2.7,-3.1,-2.7
7afb1573,0,7,1,0.0,0.0,20.0,0.0,0,0,0.4,0.4,-0.4,-0.4
75f2c59f,3,31,13,0.1,0.23,15.5,1.0,0,0,3.1,3.1,-0.1,-0.1
f7c491f1,1,13,6,0.08,0.17,18.8,0.0,0,0,0.9,0.9,0.1,0.1
4c62d0c8,0,0,0,0.0,0.0,0.0,0.0,0,0,0.0,0.0,0.0,0.0
780e3631,3,17,4,0.06,0.25,19.9,0.0,2,2,3.3,1.7,-0.3,-0.7
03f946ed,2,19,8,0.05,0.13,13.3,0.0,1,1,3.3,2.5,-1.3,-1.5
149c5f5d,0,2,0,0.0,0.0,19.9,0.0,0,0,0.1,0.1,-0.1,-0.1
17f3620a,3,37,15,0.05,0.13,14.8,0.0,1,1,6.2,5.5,-3.2,-3.5
1cadaf34,0,4,2,0.0,0.0,12.7,0.0,0,0,0.4,0.4,-0.4,-0.4
1cadaf34,0,3,1,0.0,0.0,15.7,0.0,0,0,0.4,0.4,-0.4,-0.4
f71ad8cb,1,17,6,0.06,0.17,14.8,0.0,0,0,1.3,1.3,-0.3,-0.3
08aa9cd1,3,41,11,0.05,0.18,15.7,0.0,1,1,4.3,3.5,-1.3,-1.5
caec77da,0,3,0,0.0,0.0,9.5,0.0,0,0,0.3,0.3,-0.3,-0.3
2c38b327,0,13,2,0.0,0.0,18.5,0.0,0,0,0.6,0.6,-0.6,-0.6
55a1cac2,1,10,3,0.1,0.33,17.7,0.0,0,0,0.8,0.8,0.2,0.2
867239d3,0,1,0,0.0,0.0,16.5,0.0,0,0,0.1,0.1,-0.1,-0.1
5e861944,3,20,3,0.05,0.33,20.3,1.0,2,3,3.7,1.4,-0.7,-0.4
2a6cd437,0,1,0,0.0,0.0,16.5,0.0,0,0,0.0,0.0,0.0,0.0
7f609bfc,4,14,7,0.29,0.57,14.9,0.0,0,0,1.5,1.5,2.5,2.5
277da414,0,0,0,0.0,0.0,0.0,0.0,0,0,0.0,0.0,0.0,0.0
62437b4f,0,2,2,0.0,0.0,14.2,0.0,0,0,0.2,0.2,-0.2,-0.2
88f53b75,0,2,0,0.0,0.0,21.0,0.0,0,0,0.1,0.1,-0.1,-0.1
ee4f2f3b,0,19,5,0.0,0.0,17.3,0.0,0,0,1.6,1.6,-1.6,-1.6
1b9c7401,0,9,1,0.0,0.0,19.9,1.0,0,0,0.5,0.5,-0.5,-0.5
8794e251,5,25,14,0.2,0.36,16.8,0.0,0,0,3.3,3.3,1.7,1.7
0630eb63,2,37,12,0.05,0.17,18.4,0.0,0,0,3.0,3.0,-1.0,-1.0
023937a9,0,7,0,0.0,0.0,33.0,0.0,0,0,0.2,0.2,-0.2,-0.2
67f649be,0,0,0,0.0,0.0,0.0,0.0,0,0,0.0,0.0,0.0,0.0
ce1a6c7e,0,0,0,0.0,0.0,0.0,0.0,0,0,0.0,0.0,0.0,0.0
8c63fae5,0,0,0,0.0,0.0,0.0,0.0,0,0,0.0,0.0,0.0,0.0
539230cf,0,0,0,0.0,0.0,0.0,0.0,0,0,0.0,0.0,0.0,0.0
d9ebed1c,1,16,6,0.06,0.17,25.9,5.0,0,0,1.0,1.0,0.0,0.0
6e058f06,1,26,12,0.04,0.08,17.4,3.0,0,0,2.4,2.4,-1.4,-1.4
6e058f06,0,0,0,0.0,0.0,0.0,0.0,0,0,0.0,0.0,0.0,0.0
536cebe5,3,18,9,0.17,0.33,16.4,1.0,0,0,2.3,2.3,0.7,0.7
6213fd82,1,13,4,0.08,0.25,23.8,0.0,0,0,0.6,0.6,0.4,0.4
4bd00a50,0,1,0,0.0,0.0,16.8,0.0,0,0,0.1,0.1,-0.1,-0.1
f61c7c4e,0,0,0,0.0,0.0,0.0,0.0,0,0,0.0,0.0,0.0,0.0
9823be92,1,11,4,0.09,0.25,22.2,0.0,0,0,0.7,0.7,0.3,0.3
f1cfc209,0,9,3,0.0,0.0,21.8,0.0,0,0,0.5,0.5,-0.5,-0.5
1d4e63b6,0,0,0,0.0,0.0,0.0,0.0,0,0,0.0,0.0,0.0,0.0
7f78ad23,0,6,2,0.0,0.0,25.2,1.0,0,0,0.3,0.3,-0.3,-0.3
10e7f486,0,8,2,0.0,0.0,21.8,0.0,0,0,0.4,0.4,-0.4,-0.4
3ead85f9,1,7,2,0.14,0.5,15.4,0.0,0,0,0.5,0.5,0.5,0.5
ca6edaa0,1,5,1,0.2,1.0,15.7,0.0,0,0,0.9,0.9,0.1,0.1
2a1beb34,0,8,1,0.0,0.0,21.5,0.0,0,0,0.4,0.4,-0.4,-0.4
e58cbfd5,0,12,3,0.0,0.0,27.0,1.0,0,0,0.5,0.5,-0.5,-0.5
e58cbfd5,0,2,0,0.0,0.0,27.0,0.0,0,0,0.1,0.1,-0.1,-0.1
4b3e1a38,1,14,1,0.07,1.0,13.0,0.0,0,0,1.4,1.4,-0.4,-0.4
a378a02a,0,3,0,0.0,0.0,10.1,0.0,0,0,0.3,0.3,-0.3,-0.3
14b8fcdf,0,3,1,0.0,0.0,13.1,0.0,0,0,0.3,0.3,-0.3,-0.3
ae9898c5,0,5,0,0.0,0.0,20.0,0.0,0,0,0.2,0.2,-0.2,-0.2
0b5a292a,0,9,3,0.0,0.0,23.1,1.0,0,0,0.5,0.5,-0.5,-0.5
4830e0af,2,28,9,0.04,0.11,25.5,6.0,1,2,2.9,1.2,-0.9,-0.2
ee251371,0,11,3,0.0,0.0,21.2,0.0,0,0,0.7,0.7,-0.7,-0.7
da5a981b,0,0,0,0.0,0.0,0.0,0.0,0,0,0.0,0.0,0.0,0.0
217c93a1,4,34,13,0.12,0.31,24.4,5.0,0,0,1.9,1.9,2.1,2.1
24eb7ed6,0,8,3,0.0,0.0,24.6,3.0,0,0,0.4,0.4,-0.4,-0.4
0a447501,6,34,13,0.15,0.38,13.7,0.0,1,1,5.2,4.4,0.8,0.6
4295f19c,0,0,0,0.0,0.0,0.0,0.0,0,0,0.0,0.0,0.0,0.0
0d82903c,0,4,0,0.0,0.0,20.8,0.0,0,0,0.2,0.2,-0.2,-0.2
7eb97a8e,1,14,3,0.07,0.33,19.2,1.0,0,0,1.6,1.6,-0.6,-0.6
3bb7af3b,2,25,9,0.08,0.22,20.6,0.0,0,0,1.4,1.4,0.6,0.6
86383d0e,1,30,8,0.03,0.13,16.4,0.0,0,0,3.1,3.1,-2.1,-2.1
1e9aa637,2,10,4,0.2,0.5,12.0,0.0,0,0,1.0,1.0,1.0,1.0
2cfae697,0,5,1,0.0,0.0,19.2,0.0,0,0,0.3,0.3,-0.3,-0.3
e613313c,0,7,1,0.0,0.0,16.3,1.0,0,0,0.4,0.4,-0.4,-0.4
16463a79,0,8,2,0.0,0.0,17.1,0.0,0,0,0.4,0.4,-0.4,-0.4
3cb132e6,0,0,0,0.0,0.0,0.0,0.0,0,0,0.0,0.0,0.0,0.0
b6baba31,0,0,0,0.0,0.0,0.0,0.0,0,0,0.0,0.0,0.0,0.0
b70bde8f,2,14,6,0.14,0.33,26.6,3.0,0,0,0.7,0.7,1.3,1.3
343f753a,0,0,0,0.0,0.0,0.0,0.0,0,0,0.0,0.0,0.0,0.0
dd7febd8,1,20,4,0.05,0.25,21.3,0.0,0,0,1.0,1.0,0.0,0.0
d3aaad90,3,20,11,0.15,0.27,18.6,0.0,0,0,3.3,3.3,-0.3,-0.3
57469b2d,0,8,1,0.0,0.0,15.5,0.0,0,0,1.2,1.2,-1.2,-1.2
57469b2d,0,6,3,0.0,0.0,19.8,0.0,0,0,0.6,0.6,-0.6,-0.6
0d422df7,0,0,0,0.0,0.0,0.0,0.0,0,0,0.0,0.0,0.0,0.0
343c0d52,3,7,5,0.43,0.6,16.8,0.0,0,0,0.7,0.7,2.3,2.3
8b609c34,1,16,4,0.06,0.25,15.1,0.0,0,0,1.2,1.2,-0.2,-0.2
b35a7399,0,2,0,0.0,0.0,26.6,0.0,0,0,0.0,0.0,0.0,0.0
ab4449d6,0,0,0,0.0,0.0,0.0,0.0,0,0,0.0,0.0,0.0,0.0
30f5ffa9,0,9,2,0.0,0.0,13.0,0.0,0,0,0.8,0.8,-0.8,-0.8
b6964eb6,3,12,3,0.25,1.0,7.9,0.0,0,0,1.2,1.2,1.8,1.8
78f13530,1,4,1,0.25,1.0,18.4,1.0,0,0,0.3,0.3,0.7,0.7
28f66c2e,0,2,1,0.0,0.0,18.5,0.0,0,0,0.1,0.1,-0.1,-0.1
28f66c2e,0,6,2,0.0,0.0,19.3,0.0,0,0,0.3,0.3,-0.3,-0.3
9d4c45d6,1,12,2,0.08,0.5,19.3,0.0,0,0,0.6,0.6,0.4,0.4
50841bef,0,2,1,0.0,0.0,39.8,0.0,0,0,0.0,0.0,0.0,0.0
94816803,0,12,7,0.0,0.0,20.1,1.0,0,0,0.6,0.6,-0.6,-0.6
c13ddd3e,0,5,3,0.0,0.0,20.6,0.0,0,0,0.3,0.3,-0.3,-0.3
7b075c75,0,2,1,0.0,0.0,8.8,0.0,0,0,0.3,0.3,-0.3,-0.3
3626daea,1,6,4,0.17,0.25,18.8,0.0,0,0,0.8,0.8,0.2,0.2
ac4003af,0,0,0,0.0,0.0,0.0,0.0,0,0,0.0,0.0,0.0,0.0
13b44b02,0,5,1,0.0,0.0,23.9,1.0,0,0,0.2,0.2,-0.2,-0.2
674cfc5a,7,41,14,0.15,0.43,20.2,2.0,1,1,3.4,2.7,3.6,3.3
2cb9486d,0,3,1,0.0,0.0,11.2,0.0,0,0,0.5,0.5,-0.5,-0.5
f573a8bf,0,26,2,0.0,0.0,16.0,0.0,0,0,2.6,2.6,-2.6,-2.6
230c3f3a,0,8,3,0.0,0.0,23.6,0.0,0,0,0.3,0.3,-0.3,-0.3
01b8a2b2,0,0,0,0.0,0.0,0.0,0.0,0,0,0.0,0.0,0.0,0.0
eb3022c3,0,0,0,0.0,0.0,0.0,0.0,0,0,0.0,0.0,0.0,0.0
8da74c05,0,8,1,0.0,0.0,20.6,0.0,0,0,0.7,0.7,-0.7,-0.7
b056e3da,0,0,0,0.0,0.0,0.0,0.0,0,0,0.0,0.0,0.0,0.0
5cbb5ad6,0,3,2,0.0,0.0,27.5,0.0,0,0,0.1,0.1,-0.1,-0.1
e1b0a70d,0,0,0,0.0,0.0,0.0,0.0,0,0,0.0,0.0,0.0,0.0
3ef0a2d7,0,6,1,0.0,0.0,24.7,0.0,0,0,0.2,0.2,-0.2,-0.2
2b9fdeea,0,2,0,0.0,0.0,25.3,0.0,0,0,0.1,0.1,-0.1,-0.1
ff5ea0bf,0,2,1,0.0,0.0,8.8,0.0,0,0,0.4,0.4,-0.4,-0.4
76ff8d0d,2,16,7,0.13,0.29,16.1,0.0,0,0,1.9,1.9,0.1,0.1
a96e5dc0,0,4,0,0.0,0.0,19.7,0.0,0,0,0.4,0.4,-0.4,-0.4
c56dc39e,1,18,6,0.06,0.17,12.9,0.0,0,0,2.0,2.0,-1.0,-1.0
7edfbb8a,1,7,4,0.14,0.25,15.5,0.0,0,0,1.2,1.2,-0.2,-0.2
0db169ae,2,24,11,0.08,0.18,21.8,5.0,0,0,2.0,2.0,0.0,0.0
7ed4921e,0,0,0,0.0,0.0,0.0,0.0,0,0,0.0,0.0,0.0,0.0
0588a092,2,11,6,0.18,0.33,18.0,0.0,0,0,1.0,1.0,1.0,1.0
26c54058,0,2,1,0.0,0.0,11.6,0.0,0,0,0.1,0.1,-0.1,-0.1
7cd520e8,3,19,5,0.16,0.6,13.6,0.0,0,0,2.1,2.1,0.9,0.9
3eed9821,0,3,0,0.0,0.0,14.2,0.0,0,0,0.3,0.3,-0.3,-0.3
71005acd,0,1,1,0.0,0.0,10.0,0.0,0,0,0.1,0.1,-0.1,-0.1
ec52b661,2,26,4,0.08,0.5,20.6,2.0,0,0,1.4,1.4,0.6,0.6
c414df9d,0,1,0,0.0,0.0,9.2,0.0,0,0,0.1,0.1,-0.1,-0.1
5eaed77a,0,5,0,0.0,0.0,13.9,0.0,0,0,0.3,0.3,-0.3,-0.3
44ac04e9,1,17,3,0.06,0.33,17.7,0.0,0,0,2.0,2.0,-1.0,-1.0
ab1ca213,0,13,2,0.0,0.0,23.3,2.0,0,0,0.4,0.4,-0.4,-0.4
983ff2c7,0,5,4,0.0,0.0,21.4,0.0,0,0,0.3,0.3,-0.3,-0.3
d3298c99,2,18,6,0.06,0.17,23.2,0.0,1,1,1.8,1.0,0.2,0.0
0375723e,1,12,3,0.08,0.33,22.4,2.0,0,0,0.8,0.8,0.2,0.2
33ecf462,0,14,3,0.0,0.0,25.3,0.0,0,0,0.6,0.6,-0.6,-0.6
77d6fd4d,0,0,0,0.0,0.0,0.0,0.0,0,0,0.0,0.0,0.0,0.0
75e60d75,0,0,0,0.0,0.0,0.0,0.0,0,0,0.0,0.0,0.0,0.0
75e60d75,0,6,1,0.0,0.0,0.0,0.0,0,0,0.0,0.0,0.0,0.0
ec5dae45,0,1,1,0.0,0.0,14.0,0.0,0,0,0.1,0.1,-0.1,-0.1
ec5dae45,1,1,1,1.0,1.0,14.9,0.0,0,0,0.1,0.1,0.9,0.9
a14d0ab0,0,0,0,0.0,0.0,0.0,0.0,0,0,0.0,0.0,0.0,0.0
c7069d87,3,26,7,0.12,0.43,25.2,1.0,0,0,2.2,2.2,0.8,0.8
bdc74a8f,0,1,0,0.0,0.0,26.1,0.0,0,0,0.0,0.0,0.0,0.0
08eb3b58,0,0,0,0.0,0.0,0.0,0.0,0,0,0.0,0.0,0.0,0.0
79443529,8,40,13,0.15,0.46,15.7,3.0,2,2,6.2,4.7,1.8,1.3
aa8e289e,4,42,15,0.1,0.27,17.5,1.0,0,0,3.7,3.7,0.3,0.3
b3ef6517,0,0,0,0.0,0.0,0.0,0.0,0,0,0.0,0.0,0.0,0.0
be2706c0,0,11,4,0.0,0.0,18.6,0.0,0,0,0.8,0.8,-0.8,-0.8
72f87f25,1,4,1,0.25,1.0,15.7,0.0,0,0,0.4,0.4,0.6,0.6
f052fb01,0,1,1,0.0,0.0,24.1,0.0,0,0,0.0,0.0,0.0,0.0
f86cd5df,0,0,0,0.0,0.0,0.0,0.0,0,0,0.0,0.0,0.0,0.0
d0d8dd44,1,10,2,0.1,0.5,9.9,0.0,0,0,0.8,0.8,0.2,0.2
26db8853,0,25,6,0.0,0.0,24.1,0.0,0,0,1.0,1.0,-1.0,-1.0
217875a4,0,1,1,0.0,0.0,9.2,0.0,0,0,0.2,0.2,-0.2,-0.2
eb58eef0,0,4,0,0.0,0.0,18.4,0.0,0,0,0.3,0.3,-0.3,-0.3
2f7acede,0,4,0,0.0,0.0,21.3,0.0,0,0,0.2,0.2,-0.2,-0.2
1bfe5ac9,0,1,0,0.0,0.0,5.3,0.0,0,0,0.2,0.2,-0.2,-0.2
ee9040b4,0,1,0,0.0,0.0,18.7,0.0,0,0,0.1,0.1,-0.1,-0.1
d85c238b,8,38,16,0.18,0.44,16.8,1.0,1,1,5.3,4.5,2.7,2.5
384d58d9,0,0,0,0.0,0.0,0.0,0.0,0,0,0.0,0.0,0.0,0.0
45191c29,0,12,3,0.0,0.0,22.2,0.0,0,0,0.7,0.7,-0.7,-0.7
6bb2c084,2,28,8,0.07,0.25,16.6,0.0,0,0,3.1,3.1,-1.1,-1.1
5e834dce,0,19,4,0.0,0.0,19.9,2.0,0,0,1.2,1.2,-1.2,-1.2
9907b1c8,1,28,7,0.04,0.14,17.2,0.0,0,0,2.9,2.9,-1.9,-1.9
3b12b11f,0,1,0,0.0,0.0,28.6,0.0,0,0,0.0,0.0,0.0,0.0
3b12b11f,0,1,1,0.0,0.0,13.0,0.0,0,0,0.1,0.1,-0.1,-0.1
d3de9af0,1,21,5,0.05,0.2,15.7,0.0,0,0,2.2,2.2,-1.2,-1.2
7fe90ccd,1,6,2,0.17,0.5,15.6,0.0,0,0,0.4,0.4,0.6,0.6
58a2e9f6,0,0,0,0.0,0.0,0.0,0.0,0,0,0.0,0.0,0.0,0.0
d19ef4ef,0,1,1,0.0,0.0,13.8,0.0,0,0,0.0,0.0,0.0,0.0
a5296e55,3,36,14,0.08,0.21,22.5,3.0,0,0,2.5,2.5,0.5,0.5
acf7e795,0,4,2,0.0,0.0,12.0,0.0,0,0,0.8,0.8,-0.8,-0.8
028e70b9,1,16,4,0.06,0.25,14.4,0.0,0,0,1.8,1.8,-0.8,-0.8
cc1a0c57,0,0,0,0.0,0.0,0.0,0.0,0,0,0.0,0.0,0.0,0.0
82598b71,1,4,3,0.25,0.33,20.4,0.0,0,0,0.1,0.1,0.9,0.9
82598b71,0,3,1,0.0,0.0,24.7,0.0,0,0,0.1,0.1,-0.1,-0.1
54f6afe3,0,0,0,0.0,0.0,0.0,0.0,0,0,0.0,0.0,0.0,0.0
4e1d5e59,0,2,1,0.0,0.0,15.2,0.0,0,0,0.1,0.1,-0.1,-0.1
4e1d5e59,0,0,0,0.0,0.0,0.0,0.0,0,0,0.0,0.0,0.0,0.0
405f6586,1,8,2,0.13,0.5,11.0,0.0,0,0,0.5,0.5,0.5,0.5
eccbe56a,2,17,7,0.12,0.29,19.4,0.0,0,0,1.4,1.4,0.6,0.6
