id,SCA,PassLive,PassDead,TO,Sh,Fld,Def,GCA,PassLive.1,PassDead.1,TO.1,Sh.1,Fld.1,Def.1,Matches
7f9c5d2d,5.0,3.0,1.0,1.0,0.0,0.0,0.0,1.0,1.0,0.0,0.0,0.0,0.0,0.0,Matches
be6faae0,0.0,0.0,0.0,0.0,0.0,0.0,0.0,0.0,0.0,0.0,0.0,0.0,0.0,0.0,Matches
81442ecb,36.0,26.0,7.0,0.0,3.0,0.0,0.0,2.0,2.0,0.0,0.0,0.0,0.0,0.0,Matches
a2c1a8d3,0.0,0.0,0.0,0.0,0.0,0.0,0.0,0.0,0.0,0.0,0.0,0.0,0.0,0.0,Matches
014aa7bd,46.0,35.0,9.0,0.0,0.0,2.0,0.0,4.0,2.0,2.0,0.0,0.0,0.0,0.0,Matches
18abe173,8.0,7.0,0.0,0.0,0.0,0.0,1.0,0.0,0.0,0.0,0.0,0.0,0.0,0.0,Matches
06efa9dc,35.0,28.0,1.0,1.0,3.0,0.0,2.0,2.0,1.0,0.0,1.0,0.0,0.0,0.0,Matches
31f5b89b,1.0,0.0,0.0,0.0,1.0,0.0,0.0,0.0,0.0,0.0,0.0,0.0,0.0,0.0,Matches
05439de2,25.0,21.0,3.0,0.0,1.0,0.0,0.0,4.0,3.0,0.0,0.0,1.0,0.0,0.0,Matches
455c26a4,1.0,0.0,0.0,0.0,0.0,1.0,0.0,0.0,0.0,0.0,0.0,0.0,0.0,0.0,Matches
99ea2ddd,4.0,2.0,1.0,0.0,0.0,1.0,0.0,0.0,0.0,0.0,0.0,0.0,0.0,0.0,Matches
4601e194,42.0,38.0,2.0,1.0,1.0,0.0,0.0,4.0,4.0,0.0,0.0,0.0,0.0,0.0,Matches
4bd414c1,10.0,10.0,0.0,0.0,0.0,0.0,0.0,0.0,0.0,0.0,0.0,0.0,0.0,0.0,Matches
036bba5f,24.0,17.0,5.0,0.0,1.0,1.0,0.0,2.0,2.0,0.0,0.0,0.0,0.0,0.0,Matches
bb08bce9,12.0,12.0,0.0,0.0,0.0,0.0,0.0,1.0,1.0,0.0,0.0,0.0,0.0,0.0,Matches
3d7e48ce,23.0,17.0,1.0,1.0,2.0,2.0,0.0,1.0,1.0,0.0,0.0,0.0,0.0,0.0,Matches
6c811eb7,31.0,22.0,0.0,0.0,2.0,7.0,0.0,3.0,3.0,0.0,0.0,0.0,0.0,0.0,Matches
b907d169,0.0,0.0,0.0,0.0,0.0,0.0,0.0,0.0,0.0,0.0,0.0,0.0,0.0,0.0,Matches
acc1aefa,11.0,10.0,0.0,0.0,1.0,0.0,0.0,1.0,1.0,0.0,0.0,0.0,0.0,0.0,Matches
f8405304,11.0,7.0,0.0,1.0,1.0,1.0,1.0,2.0,2.0,0.0,0.0,0.0,0.0,0.0,Matches
e6697917,50.0,37.0,8.0,1.0,1.0,1.0,2.0,4.0,3.0,1.0,0.0,0.0,0.0,0.0,Matches
f4290206,9.0,9.0,0.0,0.0,0.0,0.0,0.0,1.0,1.0,0.0,0.0,0.0,0.0,0.0,Matches
629081bd,0.0,0.0,0.0,0.0,0.0,0.0,0.0,0.0,0.0,0.0,0.0,0.0,0.0,0.0,Matches
852ddfb8,10.0,6.0,4.0,0.0,0.0,0.0,0.0,1.0,1.0,0.0,0.0,0.0,0.0,0.0,Matches
3ecc11d8,23.0,19.0,1.0,0.0,1.0,1.0,1.0,2.0,2.0,0.0,0.0,0.0,0.0,0.0,Matches
00eba9c9,3.0,1.0,0.0,2.0,0.0,0.0,0.0,0.0,0.0,0.0,0.0,0.0,0.0,0.0,Matches
f3b1d9a2,15.0,8.0,0.0,3.0,2.0,1.0,1.0,2.0,0.0,0.0,1.0,0.0,1.0,0.0,Matches
22721b88,2.0,2.0,0.0,0.0,0.0,0.0,0.0,1.0,1.0,0.0,0.0,0.0,0.0,0.0,Matches
fdd26d71,5.0,3.0,0.0,1.0,0.0,0.0,1.0,2.0,1.0,0.0,0.0,0.0,0.0,1.0,Matches
c93231dc,4.0,2.0,0.0,1.0,0.0,0.0,1.0,1.0,0.0,0.0,1.0,0.0,0.0,0.0,Matches
58afe001,23.0,8.0,12.0,1.0,1.0,0.0,1.0,3.0,2.0,1.0,0.0,0.0,0.0,0.0,Matches
2bef2bca,10.0,8.0,0.0,0.0,2.0,0.0,0.0,3.0,2.0,0.0,0.0,1.0,0.0,0.0,Matches
1e465e70,2.0,2.0,0.0,0.0,0.0,0.0,0.0,0.0,0.0,0.0,0.0,0.0,0.0,0.0,Matches
6091cf45,0.0,0.0,0.0,0.0,0.0,0.0,0.0,0.0,0.0,0.0,0.0,0.0,0.0,0.0,Matches
5d133e96,0.0,0.0,0.0,0.0,0.0,0.0,0.0,0.0,0.0,0.0,0.0,0.0,0.0,0.0,Matches
759d8dd7,9.0,6.0,2.0,1.0,0.0,0.0,0.0,0.0,0.0,0.0,0.0,0.0,0.0,0.0,Matches
9f0ea33f,1.0,0.0,1.0,0.0,0.0,0.0,0.0,0.0,0.0,0.0,0.0,0.0,0.0,0.0,Matches
45af8a54,30.0,18.0,6.0,3.0,2.0,1.0,0.0,6.0,2.0,1.0,2.0,0.0,1.0,0.0,Matches
7dcf86f6,96.0,78.0,3.0,2.0,5.0,7.0,1.0,6.0,6.0,0.0,0.0,0.0,0.0,0.0,Matches
d5dd5f1f,1.0,0.0,0.0,0.0,1.0,0.0,0.0,0.0,0.0,0.0,0.0,0.0,0.0,0.0,Matches
9fec8860,1.0,1.0,0.0,0.0,0.0,0.0,0.0,0.0,0.0,0.0,0.0,0.0,0.0,0.0,Matches
253a06b9,34.0,25.0,1.0,1.0,4.0,2.0,1.0,2.0,1.0,0.0,0.0,1.0,0.0,0.0,Matches
bfd381b3,8.0,6.0,0.0,0.0,0.0,1.0,1.0,0.0,0.0,0.0,0.0,0.0,0.0,0.0,Matches
075fe5a3,18.0,16.0,0.0,0.0,2.0,0.0,0.0,1.0,0.0,0.0,0.0,1.0,0.0,0.0,Matches
114bbdee,1.0,1.0,0.0,0.0,0.0,0.0,0.0,0.0,0.0,0.0,0.0,0.0,0.0,0.0,Matches
e4346678,2.0,2.0,0.0,0.0,0.0,0.0,0.0,0.0,0.0,0.0,0.0,0.0,0.0,0.0,Matches
518f2234,44.0,32.0,0.0,4.0,5.0,3.0,0.0,4.0,2.0,0.0,0.0,1.0,1.0,0.0,Matches
5ccc9672,30.0,27.0,0.0,3.0,0.0,0.0,0.0,4.0,4.0,0.0,0.0,0.0,0.0,0.0,Matches
1fe67e86,0.0,0.0,0.0,0.0,0.0,0.0,0.0,0.0,0.0,0.0,0.0,0.0,0.0,0.0,Matches
cee88597,46.0,38.0,6.0,0.0,1.0,1.0,0.0,0.0,0.0,0.0,0.0,0.0,0.0,0.0,Matches
35f6db55,37.0,25.0,0.0,2.0,7.0,1.0,2.0,3.0,2.0,0.0,0.0,1.0,0.0,0.0,Matches
03049c8c,6.0,3.0,1.0,0.0,1.0,0.0,1.0,1.0,0.0,0.0,0.0,0.0,0.0,1.0,Matches
aad53e64,24.0,19.0,3.0,2.0,0.0,0.0,0.0,5.0,4.0,1.0,0.0,0.0,0.0,0.0,Matches
200e89e1,7.0,7.0,0.0,0.0,0.0,0.0,0.0,0.0,0.0,0.0,0.0,0.0,0.0,0.0,Matches
45736cec,11.0,11.0,0.0,0.0,0.0,0.0,0.0,1.0,1.0,0.0,0.0,0.0,0.0,0.0,Matches
d637fc22,4.0,3.0,0.0,0.0,0.0,1.0,0.0,0.0,0.0,0.0,0.0,0.0,0.0,0.0,Matches
d8712bf9,4.0,0.0,2.0,0.0,1.0,1.0,0.0,0.0,0.0,0.0,0.0,0.0,0.0,0.0,Matches
f874dd44,5.0,5.0,0.0,0.0,0.0,0.0,0.0,0.0,0.0,0.0,0.0,0.0,0.0,0.0,Matches
ed5c5fa3,43.0,34.0,6.0,0.0,1.0,0.0,2.0,1.0,0.0,0.0,0.0,0.0,0.0,1.0,Matches
70d74ece,62.0,51.0,1.0,4.0,4.0,2.0,0.0,5.0,4.0,0.0,0.0,1.0,0.0,0.0,Matches
b6e50615,24.0,20.0,3.0,1.0,0.0,0.0,0.0,1.0,1.0,0.0,0.0,0.0,0.0,0.0,Matches
dc1c2fce,56.0,30.0,15.0,2.0,4.0,2.0,3.0,3.0,2.0,0.0,0.0,1.0,0.0,0.0,Matches
697295b1,9.0,5.0,0.0,1.0,1.0,1.0,1.0,2.0,0.0,0.0,0.0,1.0,1.0,0.0,Matches
47c609d5,32.0,24.0,0.0,2.0,4.0,2.0,0.0,4.0,3.0,0.0,1.0,0.0,0.0,0.0,Matches
506daeac,2.0,2.0,0.0,0.0,0.0,0.0,0.0,0.0,0.0,0.0,0.0,0.0,0.0,0.0,Matches
1657f448,4.0,3.0,0.0,0.0,0.0,0.0,1.0,1.0,1.0,0.0,0.0,0.0,0.0,0.0,Matches
0da6a13e,17.0,6.0,2.0,2.0,3.0,3.0,1.0,3.0,2.0,0.0,1.0,0.0,0.0,0.0,Matches
7f271d74,1.0,1.0,0.0,0.0,0.0,0.0,0.0,1.0,1.0,0.0,0.0,0.0,0.0,0.0,Matches
f6798fc3,2.0,2.0,0.0,0.0,0.0,0.0,0.0,0.0,0.0,0.0,0.0,0.0,0.0,0.0,Matches
d49f3e6b,40.0,29.0,0.0,6.0,1.0,3.0,1.0,5.0,4.0,0.0,0.0,0.0,0.0,1.0,Matches
fd771f95,29.0,19.0,0.0,2.0,4.0,4.0,0.0,4.0,2.0,0.0,0.0,2.0,0.0,0.0,Matches
2475cf9b,4.0,3.0,0.0,1.0,0.0,0.0,0.0,0.0,0.0,0.0,0.0,0.0,0.0,0.0,Matches
4accb7e0,19.0,18.0,0.0,0.0,0.0,1.0,0.0,1.0,1.0,0.0,0.0,0.0,0.0,0.0,Matches
10072610,1.0,1.0,0.0,0.0,0.0,0.0,0.0,0.0,0.0,0.0,0.0,0.0,0.0,0.0,Matches
7b5ab7f2,7.0,6.0,0.0,1.0,0.0,0.0,0.0,0.0,0.0,0.0,0.0,0.0,0.0,0.0,Matches
8f3565b3,22.0,17.0,0.0,1.0,2.0,2.0,0.0,1.0,0.0,0.0,0.0,0.0,1.0,0.0,Matches
edc98fac,16.0,11.0,0.0,1.0,3.0,1.0,0.0,2.0,2.0,0.0,0.0,0.0,0.0,0.0,Matches
5ab0ea87,36.0,35.0,0.0,0.0,0.0,1.0,0.0,2.0,2.0,0.0,0.0,0.0,0.0,0.0,Matches
69cbc8b6,19.0,15.0,1.0,0.0,3.0,0.0,0.0,1.0,1.0,0.0,0.0,0.0,0.0,0.0,Matches
fe05804b,0.0,0.0,0.0,0.0,0.0,0.0,0.0,0.0,0.0,0.0,0.0,0.0,0.0,0.0,Matches
41b3069f,11.0,11.0,0.0,0.0,0.0,0.0,0.0,0.0,0.0,0.0,0.0,0.0,0.0,0.0,Matches
af34f10d,1.0,1.0,0.0,0.0,0.0,0.0,0.0,0.0,0.0,0.0,0.0,0.0,0.0,0.0,Matches
7b9c2d84,55.0,39.0,0.0,5.0,3.0,8.0,0.0,4.0,2.0,0.0,0.0,1.0,1.0,0.0,Matches
873619c6,43.0,33.0,0.0,5.0,2.0,3.0,0.0,5.0,3.0,0.0,1.0,1.0,0.0,0.0,Matches
a6de370d,67.0,54.0,6.0,2.0,3.0,2.0,0.0,5.0,3.0,1.0,0.0,1.0,0.0,0.0,Matches
37f1cf47,1.0,1.0,0.0,0.0,0.0,0.0,0.0,0.0,0.0,0.0,0.0,0.0,0.0,0.0,Matches
5acc4a10,29.0,23.0,1.0,0.0,2.0,2.0,1.0,2.0,1.0,0.0,0.0,1.0,0.0,0.0,Matches
c4b888df,18.0,12.0,1.0,0.0,1.0,3.0,1.0,0.0,0.0,0.0,0.0,0.0,0.0,0.0,Matches
688b96e3,1.0,1.0,0.0,0.0,0.0,0.0,0.0,0.0,0.0,0.0,0.0,0.0,0.0,0.0,Matches
5b93209a,3.0,1.0,0.0,0.0,1.0,1.0,0.0,0.0,0.0,0.0,0.0,0.0,0.0,0.0,Matches
5b93209a,3.0,3.0,0.0,0.0,0.0,0.0,0.0,1.0,1.0,0.0,0.0,0.0,0.0,0.0,Matches
2dce876a,11.0,5.0,0.0,3.0,1.0,1.0,1.0,1.0,1.0,0.0,0.0,0.0,0.0,0.0,Matches
2dce876a,10.0,7.0,2.0,0.0,1.0,0.0,0.0,2.0,2.0,0.0,0.0,0.0,0.0,0.0,Matches
de39485a,47.0,29.0,6.0,7.0,4.0,1.0,0.0,1.0,0.0,0.0,0.0,1.0,0.0,0.0,Matches
4958bfb2,25.0,24.0,0.0,0.0,0.0,0.0,1.0,1.0,1.0,0.0,0.0,0.0,0.0,0.0,Matches
dee86451,41.0,36.0,3.0,2.0,0.0,0.0,0.0,4.0,4.0,0.0,0.0,0.0,0.0,0.0,Matches
4d224fe8,0.0,0.0,0.0,0.0,0.0,0.0,0.0,0.0,0.0,0.0,0.0,0.0,0.0,0.0,Matches
da76bab4,27.0,18.0,0.0,2.0,3.0,4.0,0.0,3.0,2.0,0.0,0.0,1.0,0.0,0.0,Matches
130a7a3f,39.0,22.0,5.0,6.0,4.0,0.0,2.0,1.0,0.0,0.0,0.0,1.0,0.0,0.0,Matches
274ab13c,18.0,14.0,1.0,0.0,1.0,2.0,0.0,1.0,1.0,0.0,0.0,0.0,0.0,0.0,Matches
527f063d,20.0,15.0,1.0,0.0,4.0,0.0,0.0,2.0,2.0,0.0,0.0,0.0,0.0,0.0,Matches
c0617e2b,42.0,35.0,4.0,1.0,0.0,2.0,0.0,4.0,3.0,0.0,0.0,0.0,1.0,0.0,Matches
ae852b7d,0.0,0.0,0.0,0.0,0.0,0.0,0.0,0.0,0.0,0.0,0.0,0.0,0.0,0.0,Matches
5e1028e5,38.0,26.0,7.0,0.0,2.0,3.0,0.0,3.0,2.0,0.0,0.0,1.0,0.0,0.0,Matches
63c5e56b,5.0,4.0,1.0,0.0,0.0,0.0,0.0,0.0,0.0,0.0,0.0,0.0,0.0,0.0,Matches
873ce3a2,1.0,1.0,0.0,0.0,0.0,0.0,0.0,0.0,0.0,0.0,0.0,0.0,0.0,0.0,Matches
1cb49278,9.0,9.0,0.0,0.0,0.0,0.0,0.0,2.0,2.0,0.0,0.0,0.0,0.0,0.0,Matches
b8a642fc,49.0,37.0,0.0,9.0,1.0,1.0,1.0,7.0,5.0,0.0,2.0,0.0,0.0,0.0,Matches
ec1a731e,4.0,3.0,1.0,0.0,0.0,0.0,0.0,0.0,0.0,0.0,0.0,0.0,0.0,0.0,Matches
9a0408b6,15.0,13.0,0.0,0.0,1.0,1.0,0.0,0.0,0.0,0.0,0.0,0.0,0.0,0.0,Matches
33a61a52,21.0,16.0,2.0,1.0,1.0,1.0,0.0,2.0,1.0,0.0,0.0,0.0,1.0,0.0,Matches
85dace26,19.0,14.0,3.0,0.0,1.0,1.0,0.0,2.0,2.0,0.0,0.0,0.0,0.0,0.0,Matches
b3f62bfc,0.0,0.0,0.0,0.0,0.0,0.0,0.0,0.0,0.0,0.0,0.0,0.0,0.0,0.0,Matches
15937e17,10.0,7.0,0.0,1.0,0.0,2.0,0.0,0.0,0.0,0.0,0.0,0.0,0.0,0.0,Matches
5ae499d0,44.0,37.0,0.0,3.0,2.0,1.0,1.0,0.0,0.0,0.0,0.0,0.0,0.0,0.0,Matches
0f26ffd7,4.0,4.0,0.0,0.0,0.0,0.0,0.0,0.0,0.0,0.0,0.0,0.0,0.0,0.0,Matches
a6951bf8,9.0,8.0,0.0,0.0,0.0,0.0,1.0,0.0,0.0,0.0,0.0,0.0,0.0,0.0,Matches
fb938d24,2.0,2.0,0.0,0.0,0.0,0.0,0.0,0.0,0.0,0.0,0.0,0.0,0.0,0.0,Matches
01eb744d,42.0,31.0,3.0,3.0,3.0,1.0,1.0,3.0,1.0,0.0,0.0,1.0,0.0,1.0,Matches
c78b352d,31.0,19.0,1.0,1.0,0.0,9.0,1.0,1.0,1.0,0.0,0.0,0.0,0.0,0.0,Matches
808d48f3,42.0,32.0,4.0,0.0,1.0,4.0,1.0,3.0,2.0,1.0,0.0,0.0,0.0,0.0,Matches
76c2a023,27.0,23.0,1.0,0.0,1.0,1.0,1.0,0.0,0.0,0.0,0.0,0.0,0.0,0.0,Matches
1840e36d,4.0,2.0,2.0,0.0,0.0,0.0,0.0,0.0,0.0,0.0,0.0,0.0,0.0,0.0,Matches
1944818c,30.0,19.0,2.0,5.0,1.0,2.0,1.0,2.0,1.0,1.0,0.0,0.0,0.0,0.0,Matches
a56da3ba,26.0,21.0,4.0,0.0,0.0,0.0,1.0,2.0,1.0,1.0,0.0,0.0,0.0,0.0,Matches
cc2dd8a5,3.0,3.0,0.0,0.0,0.0,0.0,0.0,0.0,0.0,0.0,0.0,0.0,0.0,0.0,Matches
0abc51f2,4.0,3.0,0.0,0.0,1.0,0.0,0.0,0.0,0.0,0.0,0.0,0.0,0.0,0.0,Matches
192c89a6,3.0,2.0,0.0,0.0,0.0,1.0,0.0,0.0,0.0,0.0,0.0,0.0,0.0,0.0,Matches
dc62b55d,10.0,8.0,0.0,0.0,2.0,0.0,0.0,2.0,2.0,0.0,0.0,0.0,0.0,0.0,Matches
f9a225f5,2.0,0.0,2.0,0.0,0.0,0.0,0.0,0.0,0.0,0.0,0.0,0.0,0.0,0.0,Matches
f08490a6,12.0,7.0,0.0,0.0,1.0,3.0,1.0,0.0,0.0,0.0,0.0,0.0,0.0,0.0,Matches
070a3904,98.0,58.0,29.0,5.0,2.0,3.0,1.0,6.0,5.0,1.0,0.0,0.0,0.0,0.0,Matches
162efffd,48.0,41.0,5.0,0.0,0.0,2.0,0.0,3.0,3.0,0.0,0.0,0.0,0.0,0.0,Matches
84a85b48,0.0,0.0,0.0,0.0,0.0,0.0,0.0,0.0,0.0,0.0,0.0,0.0,0.0,0.0,Matches
fe641c1a,4.0,3.0,0.0,0.0,0.0,1.0,0.0,0.0,0.0,0.0,0.0,0.0,0.0,0.0,Matches
e7d2a50b,0.0,0.0,0.0,0.0,0.0,0.0,0.0,0.0,0.0,0.0,0.0,0.0,0.0,0.0,Matches
b19db005,61.0,39.0,10.0,7.0,3.0,2.0,0.0,10.0,7.0,0.0,2.0,1.0,0.0,0.0,Matches
d2110326,7.0,6.0,0.0,0.0,1.0,0.0,0.0,0.0,0.0,0.0,0.0,0.0,0.0,0.0,Matches
80211dc5,1.0,0.0,0.0,0.0,1.0,0.0,0.0,0.0,0.0,0.0,0.0,0.0,0.0,0.0,Matches
d61759ec,1.0,1.0,0.0,0.0,0.0,0.0,0.0,0.0,0.0,0.0,0.0,0.0,0.0,0.0,Matches
fc70e345,3.0,2.0,1.0,0.0,0.0,0.0,0.0,0.0,0.0,0.0,0.0,0.0,0.0,0.0,Matches
a461f098,3.0,2.0,0.0,1.0,0.0,0.0,0.0,0.0,0.0,0.0,0.0,0.0,0.0,0.0,Matches
a4971d84,13.0,11.0,0.0,0.0,0.0,2.0,0.0,4.0,4.0,0.0,0.0,0.0,0.0,0.0,Matches
ac295d9e,0.0,0.0,0.0,0.0,0.0,0.0,0.0,0.0,0.0,0.0,0.0,0.0,0.0,0.0,Matches
cc83b74d,1.0,0.0,0.0,0.0,0.0,1.0,0.0,0.0,0.0,0.0,0.0,0.0,0.0,0.0,Matches
3521abfe,0.0,0.0,0.0,0.0,0.0,0.0,0.0,0.0,0.0,0.0,0.0,0.0,0.0,0.0,Matches
5e95c000,0.0,0.0,0.0,0.0,0.0,0.0,0.0,0.0,0.0,0.0,0.0,0.0,0.0,0.0,Matches
93090f69,9.0,7.0,0.0,0.0,2.0,0.0,0.0,3.0,2.0,0.0,0.0,1.0,0.0,0.0,Matches
6db116ec,0.0,0.0,0.0,0.0,0.0,0.0,0.0,0.0,0.0,0.0,0.0,0.0,0.0,0.0,Matches
37e103f8,13.0,10.0,0.0,1.0,0.0,2.0,0.0,1.0,1.0,0.0,0.0,0.0,0.0,0.0,Matches
3e93f8cf,16.0,15.0,0.0,0.0,0.0,1.0,0.0,2.0,2.0,0.0,0.0,0.0,0.0,0.0,Matches
f7dc2ae5,9.0,5.0,2.0,0.0,2.0,0.0,0.0,2.0,0.0,1.0,0.0,1.0,0.0,0.0,Matches
fd47b4f2,12.0,6.0,1.0,1.0,4.0,0.0,0.0,0.0,0.0,0.0,0.0,0.0,0.0,0.0,Matches
db8f0eba,34.0,13.0,13.0,4.0,1.0,2.0,1.0,4.0,0.0,2.0,0.0,1.0,1.0,0.0,Matches
db8f0eba,2.0,0.0,0.0,2.0,0.0,0.0,0.0,0.0,0.0,0.0,0.0,0.0,0.0,0.0,Matches
04e17fd5,16.0,9.0,1.0,0.0,5.0,1.0,0.0,3.0,2.0,0.0,0.0,1.0,0.0,0.0,Matches
3f79a1c8,9.0,9.0,0.0,0.0,0.0,0.0,0.0,0.0,0.0,0.0,0.0,0.0,0.0,0.0,Matches
b0616e3d,17.0,12.0,2.0,0.0,2.0,1.0,0.0,0.0,0.0,0.0,0.0,0.0,0.0,0.0,Matches
db001fa9,31.0,25.0,3.0,0.0,0.0,1.0,2.0,4.0,3.0,1.0,0.0,0.0,0.0,0.0,Matches
4242011c,6.0,4.0,0.0,0.0,2.0,0.0,0.0,2.0,1.0,0.0,0.0,1.0,0.0,0.0,Matches
283c7121,27.0,18.0,4.0,1.0,2.0,1.0,1.0,7.0,6.0,0.0,1.0,0.0,0.0,0.0,Matches
3409de86,8.0,8.0,0.0,0.0,0.0,0.0,0.0,1.0,1.0,0.0,0.0,0.0,0.0,0.0,Matches
bed68338,22.0,14.0,2.0,2.0,3.0,1.0,0.0,3.0,3.0,0.0,0.0,0.0,0.0,0.0,Matches
66116290,8.0,5.0,0.0,1.0,1.0,1.0,0.0,0.0,0.0,0.0,0.0,0.0,0.0,0.0,Matches
72a84002,8.0,6.0,1.0,0.0,0.0,1.0,0.0,1.0,1.0,0.0,0.0,0.0,0.0,0.0,Matches
805a2a11,0.0,0.0,0.0,0.0,0.0,0.0,0.0,0.0,0.0,0.0,0.0,0.0,0.0,0.0,Matches
0ba976e4,29.0,16.0,0.0,7.0,5.0,0.0,1.0,7.0,4.0,0.0,1.0,2.0,0.0,0.0,Matches
89151b16,4.0,3.0,0.0,0.0,0.0,0.0,1.0,0.0,0.0,0.0,0.0,0.0,0.0,0.0,Matches
bece776f,56.0,31.0,10.0,4.0,2.0,9.0,0.0,5.0,2.0,0.0,1.0,0.0,2.0,0.0,Matches
51a3c4c8,1.0,1.0,0.0,0.0,0.0,0.0,0.0,0.0,0.0,0.0,0.0,0.0,0.0,0.0,Matches
15d0c248,4.0,4.0,0.0,0.0,0.0,0.0,0.0,1.0,1.0,0.0,0.0,0.0,0.0,0.0,Matches
8aafd64f,29.0,22.0,0.0,3.0,3.0,0.0,1.0,5.0,4.0,0.0,0.0,1.0,0.0,0.0,Matches
e5d01ecf,17.0,16.0,0.0,0.0,0.0,1.0,0.0,0.0,0.0,0.0,0.0,0.0,0.0,0.0,Matches
a01c3d54,3.0,2.0,1.0,0.0,0.0,0.0,0.0,1.0,1.0,0.0,0.0,0.0,0.0,0.0,Matches
aa677a35,29.0,21.0,6.0,1.0,0.0,1.0,0.0,1.0,1.0,0.0,0.0,0.0,0.0,0.0,Matches
f127d782,1.0,0.0,1.0,0.0,0.0,0.0,0.0,0.0,0.0,0.0,0.0,0.0,0.0,0.0,Matches
e08647d6,7.0,6.0,0.0,0.0,0.0,1.0,0.0,0.0,0.0,0.0,0.0,0.0,0.0,0.0,Matches
f25b010f,0.0,0.0,0.0,0.0,0.0,0.0,0.0,0.0,0.0,0.0,0.0,0.0,0.0,0.0,Matches
b86a64b2,12.0,11.0,0.0,0.0,1.0,0.0,0.0,0.0,0.0,0.0,0.0,0.0,0.0,0.0,Matches
dabb2827,2.0,1.0,1.0,0.0,0.0,0.0,0.0,0.0,0.0,0.0,0.0,0.0,0.0,0.0,Matches
41f32541,13.0,12.0,0.0,0.0,0.0,0.0,1.0,0.0,0.0,0.0,0.0,0.0,0.0,0.0,Matches
eb82b6f1,22.0,13.0,5.0,0.0,1.0,3.0,0.0,1.0,1.0,0.0,0.0,0.0,0.0,0.0,Matches
45e17712,11.0,10.0,0.0,0.0,1.0,0.0,0.0,1.0,1.0,0.0,0.0,0.0,0.0,0.0,Matches
6c7762c3,12.0,12.0,0.0,0.0,0.0,0.0,0.0,0.0,0.0,0.0,0.0,0.0,0.0,0.0,Matches
29d0f2ac,17.0,15.0,1.0,0.0,0.0,0.0,1.0,0.0,0.0,0.0,0.0,0.0,0.0,0.0,Matches
a4b00319,54.0,41.0,9.0,2.0,0.0,1.0,1.0,1.0,1.0,0.0,0.0,0.0,0.0,0.0,Matches
91f7631f,29.0,24.0,4.0,0.0,0.0,1.0,0.0,3.0,2.0,1.0,0.0,0.0,0.0,0.0,Matches
a10361d2,114.0,60.0,45.0,3.0,3.0,0.0,3.0,14.0,8.0,3.0,1.0,0.0,0.0,2.0,Matches
90bbd822,61.0,46.0,2.0,3.0,3.0,4.0,3.0,8.0,4.0,0.0,1.0,0.0,3.0,0.0,Matches
e7f4603c,7.0,5.0,0.0,1.0,1.0,0.0,0.0,1.0,1.0,0.0,0.0,0.0,0.0,0.0,Matches
661e2822,0.0,0.0,0.0,0.0,0.0,0.0,0.0,0.0,0.0,0.0,0.0,0.0,0.0,0.0,Matches
240d3a0b,8.0,7.0,0.0,0.0,0.0,1.0,0.0,1.0,1.0,0.0,0.0,0.0,0.0,0.0,Matches
3e42f707,13.0,13.0,0.0,0.0,0.0,0.0,0.0,0.0,0.0,0.0,0.0,0.0,0.0,0.0,Matches
2bed3eab,2.0,2.0,0.0,0.0,0.0,0.0,0.0,0.0,0.0,0.0,0.0,0.0,0.0,0.0,Matches
7226539b,44.0,30.0,5.0,2.0,1.0,2.0,4.0,6.0,3.0,1.0,1.0,0.0,1.0,0.0,Matches
b418dbd4,27.0,16.0,0.0,2.0,6.0,1.0,2.0,5.0,4.0,0.0,1.0,0.0,0.0,0.0,Matches
5c96b017,38.0,19.0,15.0,1.0,2.0,1.0,0.0,3.0,2.0,1.0,0.0,0.0,0.0,0.0,Matches
4a633cfe,4.0,3.0,0.0,0.0,0.0,0.0,1.0,1.0,1.0,0.0,0.0,0.0,0.0,0.0,Matches
9a26fa06,0.0,0.0,0.0,0.0,0.0,0.0,0.0,0.0,0.0,0.0,0.0,0.0,0.0,0.0,Matches
475a738b,1.0,1.0,0.0,0.0,0.0,0.0,0.0,0.0,0.0,0.0,0.0,0.0,0.0,0.0,Matches
19cae58d,53.0,42.0,0.0,2.0,2.0,3.0,4.0,4.0,3.0,0.0,1.0,0.0,0.0,0.0,Matches
63d17038,1.0,1.0,0.0,0.0,0.0,0.0,0.0,0.0,0.0,0.0,0.0,0.0,0.0,0.0,Matches
6652cf96,16.0,14.0,0.0,0.0,1.0,1.0,0.0,1.0,1.0,0.0,0.0,0.0,0.0,0.0,Matches
18017beb,0.0,0.0,0.0,0.0,0.0,0.0,0.0,0.0,0.0,0.0,0.0,0.0,0.0,0.0,Matches
0e5ddc7c,0.0,0.0,0.0,0.0,0.0,0.0,0.0,0.0,0.0,0.0,0.0,0.0,0.0,0.0,Matches
4c2e9442,2.0,2.0,0.0,0.0,0.0,0.0,0.0,0.0,0.0,0.0,0.0,0.0,0.0,0.0,Matches
5a626448,76.0,54.0,17.0,1.0,3.0,1.0,0.0,6.0,5.0,1.0,0.0,0.0,0.0,0.0,Matches
6e4df551,31.0,25.0,2.0,0.0,2.0,1.0,1.0,3.0,3.0,0.0,0.0,0.0,0.0,0.0,Matches
bc6f5f06,4.0,4.0,0.0,0.0,0.0,0.0,0.0,0.0,0.0,0.0,0.0,0.0,0.0,0.0,Matches
4ac7608e,0.0,0.0,0.0,0.0,0.0,0.0,0.0,0.0,0.0,0.0,0.0,0.0,0.0,0.0,Matches
49d028db,6.0,6.0,0.0,0.0,0.0,0.0,0.0,0.0,0.0,0.0,0.0,0.0,0.0,0.0,Matches
1fc474ae,8.0,7.0,0.0,0.0,1.0,0.0,0.0,2.0,2.0,0.0,0.0,0.0,0.0,0.0,Matches
2c56a792,12.0,10.0,0.0,0.0,1.0,0.0,1.0,0.0,0.0,0.0,0.0,0.0,0.0,0.0,Matches
56545648,5.0,2.0,3.0,0.0,0.0,0.0,0.0,0.0,0.0,0.0,0.0,0.0,0.0,0.0,Matches
6f5f82c0,13.0,9.0,3.0,0.0,0.0,0.0,1.0,0.0,0.0,0.0,0.0,0.0,0.0,0.0,Matches
ee45d138,0.0,0.0,0.0,0.0,0.0,0.0,0.0,0.0,0.0,0.0,0.0,0.0,0.0,0.0,Matches
3f034750,0.0,0.0,0.0,0.0,0.0,0.0,0.0,0.0,0.0,0.0,0.0,0.0,0.0,0.0,Matches
8b298f56,14.0,11.0,2.0,1.0,0.0,0.0,0.0,0.0,0.0,0.0,0.0,0.0,0.0,0.0,Matches
df69b544,87.0,52.0,15.0,7.0,6.0,6.0,1.0,10.0,6.0,2.0,1.0,1.0,0.0,0.0,Matches
ef322658,19.0,13.0,3.0,0.0,2.0,1.0,0.0,4.0,3.0,0.0,0.0,1.0,0.0,0.0,Matches
32974271,8.0,6.0,0.0,0.0,0.0,1.0,1.0,0.0,0.0,0.0,0.0,0.0,0.0,0.0,Matches
32974271,6.0,5.0,0.0,1.0,0.0,0.0,0.0,0.0,0.0,0.0,0.0,0.0,0.0,0.0,Matches
0076ab7f,15.0,12.0,0.0,0.0,2.0,1.0,0.0,1.0,1.0,0.0,0.0,0.0,0.0,0.0,Matches
8e48dc61,5.0,5.0,0.0,0.0,0.0,0.0,0.0,0.0,0.0,0.0,0.0,0.0,0.0,0.0,Matches
7155e3e1,9.0,6.0,0.0,2.0,0.0,1.0,0.0,2.0,2.0,0.0,0.0,0.0,0.0,0.0,Matches
f7c12fbf,47.0,31.0,12.0,0.0,0.0,3.0,1.0,5.0,4.0,1.0,0.0,0.0,0.0,0.0,Matches
ac454a4f,55.0,28.0,25.0,0.0,1.0,1.0,0.0,3.0,0.0,3.0,0.0,0.0,0.0,0.0,Matches
6b5ea2f4,13.0,9.0,0.0,0.0,4.0,0.0,0.0,1.0,0.0,0.0,0.0,1.0,0.0,0.0,Matches
0b2c8585,10.0,8.0,0.0,1.0,1.0,0.0,0.0,2.0,2.0,0.0,0.0,0.0,0.0,0.0,Matches
7e98cff1,39.0,29.0,3.0,4.0,1.0,2.0,0.0,4.0,4.0,0.0,0.0,0.0,0.0,0.0,Matches
8696bc90,22.0,9.0,3.0,1.0,4.0,5.0,0.0,0.0,0.0,0.0,0.0,0.0,0.0,0.0,Matches
e0979e74,1.0,1.0,0.0,0.0,0.0,0.0,0.0,0.0,0.0,0.0,0.0,0.0,0.0,0.0,Matches
a39bb753,7.0,6.0,0.0,0.0,1.0,0.0,0.0,0.0,0.0,0.0,0.0,0.0,0.0,0.0,Matches
8059806f,34.0,19.0,0.0,7.0,4.0,2.0,2.0,2.0,1.0,0.0,1.0,0.0,0.0,0.0,Matches
555f3a0b,9.0,7.0,0.0,0.0,2.0,0.0,0.0,1.0,0.0,0.0,0.0,1.0,0.0,0.0,Matches
132ac341,5.0,4.0,0.0,0.0,1.0,0.0,0.0,0.0,0.0,0.0,0.0,0.0,0.0,0.0,Matches
02d2c436,25.0,16.0,6.0,0.0,2.0,0.0,1.0,2.0,2.0,0.0,0.0,0.0,0.0,0.0,Matches
90162357,0.0,0.0,0.0,0.0,0.0,0.0,0.0,0.0,0.0,0.0,0.0,0.0,0.0,0.0,Matches
436a9dd0,13.0,11.0,0.0,0.0,1.0,1.0,0.0,1.0,1.0,0.0,0.0,0.0,0.0,0.0,Matches
a4995f48,4.0,4.0,0.0,0.0,0.0,0.0,0.0,0.0,0.0,0.0,0.0,0.0,0.0,0.0,Matches
e778654a,19.0,15.0,0.0,0.0,1.0,1.0,2.0,3.0,2.0,0.0,0.0,0.0,0.0,1.0,Matches
139560df,2.0,2.0,0.0,0.0,0.0,0.0,0.0,0.0,0.0,0.0,0.0,0.0,0.0,0.0,Matches
b85bf253,1.0,0.0,1.0,0.0,0.0,0.0,0.0,0.0,0.0,0.0,0.0,0.0,0.0,0.0,Matches
3701906c,11.0,9.0,1.0,0.0,0.0,0.0,1.0,1.0,1.0,0.0,0.0,0.0,0.0,0.0,Matches
974322dc,28.0,24.0,1.0,1.0,1.0,1.0,0.0,1.0,0.0,0.0,0.0,0.0,1.0,0.0,Matches
75645f0e,27.0,18.0,0.0,1.0,5.0,3.0,0.0,5.0,4.0,0.0,0.0,1.0,0.0,0.0,Matches
5ce0b5ba,13.0,12.0,0.0,0.0,0.0,1.0,0.0,1.0,1.0,0.0,0.0,0.0,0.0,0.0,Matches
8e92be30,2.0,2.0,0.0,0.0,0.0,0.0,0.0,0.0,0.0,0.0,0.0,0.0,0.0,0.0,Matches
a0b4bb3e,32.0,22.0,5.0,2.0,0.0,2.0,1.0,3.0,2.0,0.0,1.0,0.0,0.0,0.0,Matches
9c36ed83,19.0,13.0,1.0,1.0,3.0,1.0,0.0,4.0,2.0,0.0,1.0,1.0,0.0,0.0,Matches
4737cebe,0.0,0.0,0.0,0.0,0.0,0.0,0.0,0.0,0.0,0.0,0.0,0.0,0.0,0.0,Matches
9a76c2e9,10.0,8.0,0.0,1.0,1.0,0.0,0.0,2.0,2.0,0.0,0.0,0.0,0.0,0.0,Matches
eeba07f8,15.0,6.0,1.0,3.0,4.0,1.0,0.0,1.0,1.0,0.0,0.0,0.0,0.0,0.0,Matches
4c5b14d2,21.0,16.0,2.0,1.0,1.0,1.0,0.0,1.0,1.0,0.0,0.0,0.0,0.0,0.0,Matches
1bacc518,65.0,52.0,4.0,4.0,2.0,1.0,2.0,6.0,5.0,1.0,0.0,0.0,0.0,0.0,Matches
2a0c8ba4,23.0,17.0,2.0,0.0,0.0,2.0,2.0,1.0,0.0,1.0,0.0,0.0,0.0,0.0,Matches
0107757e,0.0,0.0,0.0,0.0,0.0,0.0,0.0,0.0,0.0,0.0,0.0,0.0,0.0,0.0,Matches
5b28b2f6,5.0,3.0,1.0,0.0,0.0,1.0,0.0,0.0,0.0,0.0,0.0,0.0,0.0,0.0,Matches
d87e2cae,6.0,4.0,0.0,0.0,2.0,0.0,0.0,1.0,0.0,0.0,0.0,1.0,0.0,0.0,Matches
6265208f,41.0,23.0,0.0,2.0,5.0,11.0,0.0,6.0,3.0,0.0,0.0,1.0,2.0,0.0,Matches
84399660,19.0,13.0,0.0,3.0,0.0,3.0,0.0,2.0,1.0,0.0,1.0,0.0,0.0,0.0,Matches
1633fc8a,10.0,9.0,0.0,1.0,0.0,0.0,0.0,0.0,0.0,0.0,0.0,0.0,0.0,0.0,Matches
360d70f8,1.0,1.0,0.0,0.0,0.0,0.0,0.0,0.0,0.0,0.0,0.0,0.0,0.0,0.0,Matches
7111d552,101.0,69.0,1.0,12.0,9.0,9.0,1.0,12.0,6.0,0.0,1.0,4.0,0.0,1.0,Matches
7d08063d,5.0,5.0,0.0,0.0,0.0,0.0,0.0,0.0,0.0,0.0,0.0,0.0,0.0,0.0,Matches
55634fb8,1.0,1.0,0.0,0.0,0.0,0.0,0.0,0.0,0.0,0.0,0.0,0.0,0.0,0.0,Matches
8455ad90,68.0,30.0,22.0,7.0,5.0,3.0,1.0,7.0,3.0,3.0,1.0,0.0,0.0,0.0,Matches
211589b8,2.0,2.0,0.0,0.0,0.0,0.0,0.0,0.0,0.0,0.0,0.0,0.0,0.0,0.0,Matches
5eebbfdf,0.0,0.0,0.0,0.0,0.0,0.0,0.0,0.0,0.0,0.0,0.0,0.0,0.0,0.0,Matches
05e19d6a,10.0,7.0,0.0,1.0,2.0,0.0,0.0,1.0,1.0,0.0,0.0,0.0,0.0,0.0,Matches
e897d8ba,22.0,15.0,0.0,0.0,2.0,5.0,0.0,2.0,0.0,0.0,0.0,1.0,1.0,0.0,Matches
4c3a6744,34.0,22.0,5.0,1.0,2.0,2.0,2.0,3.0,1.0,0.0,0.0,1.0,1.0,0.0,Matches
55126f3b,37.0,35.0,0.0,0.0,2.0,0.0,0.0,2.0,2.0,0.0,0.0,0.0,0.0,0.0,Matches
fc076f78,0.0,0.0,0.0,0.0,0.0,0.0,0.0,0.0,0.0,0.0,0.0,0.0,0.0,0.0,Matches
cce181df,12.0,10.0,0.0,0.0,1.0,1.0,0.0,2.0,2.0,0.0,0.0,0.0,0.0,0.0,Matches
4d1666ff,20.0,20.0,0.0,0.0,0.0,0.0,0.0,4.0,4.0,0.0,0.0,0.0,0.0,0.0,Matches
6ce1f46f,65.0,40.0,22.0,0.0,1.0,1.0,1.0,3.0,2.0,1.0,0.0,0.0,0.0,0.0,Matches
16aa3654,53.0,35.0,5.0,3.0,4.0,5.0,1.0,7.0,4.0,0.0,1.0,0.0,1.0,1.0,Matches
60abea75,14.0,12.0,0.0,2.0,0.0,0.0,0.0,2.0,1.0,0.0,1.0,0.0,0.0,0.0,Matches
e9241b40,20.0,18.0,0.0,1.0,1.0,0.0,0.0,4.0,3.0,0.0,0.0,1.0,0.0,0.0,Matches
abe66106,54.0,35.0,4.0,2.0,8.0,5.0,0.0,4.0,1.0,0.0,1.0,1.0,1.0,0.0,Matches
e7af9060,10.0,4.0,0.0,3.0,2.0,1.0,0.0,2.0,2.0,0.0,0.0,0.0,0.0,0.0,Matches
2bea832e,3.0,2.0,0.0,0.0,1.0,0.0,0.0,0.0,0.0,0.0,0.0,0.0,0.0,0.0,Matches
8e088e04,24.0,17.0,4.0,1.0,0.0,1.0,1.0,3.0,1.0,0.0,1.0,0.0,1.0,0.0,Matches
86ff856b,7.0,4.0,1.0,1.0,0.0,1.0,0.0,0.0,0.0,0.0,0.0,0.0,0.0,0.0,Matches
9a64e67e,11.0,10.0,0.0,0.0,1.0,0.0,0.0,1.0,1.0,0.0,0.0,0.0,0.0,0.0,Matches
2fa2a875,2.0,1.0,1.0,0.0,0.0,0.0,0.0,0.0,0.0,0.0,0.0,0.0,0.0,0.0,Matches
6c4776b1,7.0,5.0,1.0,0.0,0.0,1.0,0.0,1.0,0.0,0.0,0.0,0.0,1.0,0.0,Matches
6eaed4eb,14.0,12.0,0.0,0.0,2.0,0.0,0.0,1.0,0.0,0.0,0.0,1.0,0.0,0.0,Matches
59b7d823,26.0,21.0,3.0,1.0,0.0,1.0,0.0,3.0,2.0,1.0,0.0,0.0,0.0,0.0,Matches
4dbd0916,25.0,20.0,2.0,1.0,1.0,0.0,1.0,4.0,2.0,0.0,0.0,1.0,0.0,1.0,Matches
0a0cc13c,17.0,12.0,1.0,1.0,3.0,0.0,0.0,3.0,2.0,0.0,0.0,1.0,0.0,0.0,Matches
8d78e732,56.0,41.0,1.0,2.0,10.0,2.0,0.0,10.0,5.0,0.0,0.0,5.0,0.0,0.0,Matches
ff800ed8,18.0,17.0,0.0,1.0,0.0,0.0,0.0,0.0,0.0,0.0,0.0,0.0,0.0,0.0,Matches
38b0cf42,0.0,0.0,0.0,0.0,0.0,0.0,0.0,0.0,0.0,0.0,0.0,0.0,0.0,0.0,Matches
02c15616,42.0,38.0,1.0,0.0,1.0,1.0,1.0,1.0,1.0,0.0,0.0,0.0,0.0,0.0,Matches
d7553721,15.0,11.0,0.0,0.0,3.0,1.0,0.0,0.0,0.0,0.0,0.0,0.0,0.0,0.0,Matches
f03f284b,7.0,6.0,0.0,0.0,0.0,0.0,1.0,1.0,1.0,0.0,0.0,0.0,0.0,0.0,Matches
73683fa9,0.0,0.0,0.0,0.0,0.0,0.0,0.0,0.0,0.0,0.0,0.0,0.0,0.0,0.0,Matches
88050721,32.0,24.0,6.0,0.0,0.0,2.0,0.0,3.0,3.0,0.0,0.0,0.0,0.0,0.0,Matches
38699c72,23.0,13.0,0.0,5.0,4.0,1.0,0.0,1.0,0.0,0.0,0.0,1.0,0.0,0.0,Matches
ea610f00,0.0,0.0,0.0,0.0,0.0,0.0,0.0,0.0,0.0,0.0,0.0,0.0,0.0,0.0,Matches
b05e2dbd,61.0,40.0,12.0,4.0,3.0,2.0,0.0,5.0,2.0,1.0,0.0,1.0,1.0,0.0,Matches
4a478107,21.0,15.0,0.0,4.0,1.0,1.0,0.0,2.0,1.0,0.0,0.0,1.0,0.0,0.0,Matches
3061e1ec,0.0,0.0,0.0,0.0,0.0,0.0,0.0,0.0,0.0,0.0,0.0,0.0,0.0,0.0,Matches
922da988,2.0,0.0,2.0,0.0,0.0,0.0,0.0,0.0,0.0,0.0,0.0,0.0,0.0,0.0,Matches
ed6ea4d9,11.0,10.0,0.0,0.0,1.0,0.0,0.0,1.0,1.0,0.0,0.0,0.0,0.0,0.0,Matches
5db04597,37.0,25.0,6.0,1.0,1.0,4.0,0.0,5.0,3.0,0.0,0.0,1.0,1.0,0.0,Matches
01a49bd2,0.0,0.0,0.0,0.0,0.0,0.0,0.0,0.0,0.0,0.0,0.0,0.0,0.0,0.0,Matches
d4808594,4.0,3.0,0.0,0.0,1.0,0.0,0.0,0.0,0.0,0.0,0.0,0.0,0.0,0.0,Matches
00b28772,7.0,6.0,0.0,0.0,0.0,1.0,0.0,1.0,1.0,0.0,0.0,0.0,0.0,0.0,Matches
cb574619,31.0,24.0,4.0,1.0,2.0,0.0,0.0,5.0,4.0,1.0,0.0,0.0,0.0,0.0,Matches
bbc19252,1.0,1.0,0.0,0.0,0.0,0.0,0.0,0.0,0.0,0.0,0.0,0.0,0.0,0.0,Matches
d4b73232,2.0,0.0,2.0,0.0,0.0,0.0,0.0,0.0,0.0,0.0,0.0,0.0,0.0,0.0,Matches
c20bdcd7,23.0,21.0,0.0,0.0,0.0,1.0,1.0,1.0,1.0,0.0,0.0,0.0,0.0,0.0,Matches
fbd6378b,3.0,3.0,0.0,0.0,0.0,0.0,0.0,2.0,2.0,0.0,0.0,0.0,0.0,0.0,Matches
ae86d473,10.0,6.0,0.0,3.0,1.0,0.0,0.0,0.0,0.0,0.0,0.0,0.0,0.0,0.0,Matches
133faa84,0.0,0.0,0.0,0.0,0.0,0.0,0.0,0.0,0.0,0.0,0.0,0.0,0.0,0.0,Matches
853b7c48,2.0,2.0,0.0,0.0,0.0,0.0,0.0,0.0,0.0,0.0,0.0,0.0,0.0,0.0,Matches
9f323c71,51.0,45.0,4.0,0.0,0.0,1.0,1.0,5.0,5.0,0.0,0.0,0.0,0.0,0.0,Matches
6f4c734d,11.0,10.0,0.0,0.0,0.0,0.0,1.0,0.0,0.0,0.0,0.0,0.0,0.0,0.0,Matches
f0da930c,9.0,7.0,0.0,0.0,2.0,0.0,0.0,1.0,1.0,0.0,0.0,0.0,0.0,0.0,Matches
5c4dc0ff,1.0,1.0,0.0,0.0,0.0,0.0,0.0,0.0,0.0,0.0,0.0,0.0,0.0,0.0,Matches
a83c19cf,11.0,9.0,0.0,2.0,0.0,0.0,0.0,0.0,0.0,0.0,0.0,0.0,0.0,0.0,Matches
0ae4e09a,13.0,10.0,0.0,0.0,1.0,1.0,1.0,1.0,1.0,0.0,0.0,0.0,0.0,0.0,Matches
0ae4e09a,2.0,1.0,0.0,0.0,0.0,0.0,1.0,0.0,0.0,0.0,0.0,0.0,0.0,0.0,Matches
e1e75690,4.0,3.0,0.0,1.0,0.0,0.0,0.0,0.0,0.0,0.0,0.0,0.0,0.0,0.0,Matches
2ae30661,5.0,4.0,0.0,1.0,0.0,0.0,0.0,0.0,0.0,0.0,0.0,0.0,0.0,0.0,Matches
ae48c5cb,14.0,12.0,0.0,1.0,0.0,1.0,0.0,3.0,2.0,0.0,0.0,0.0,1.0,0.0,Matches
c3e66ffe,42.0,34.0,0.0,1.0,3.0,4.0,0.0,4.0,3.0,0.0,0.0,0.0,1.0,0.0,Matches
3fc45c73,9.0,6.0,0.0,0.0,3.0,0.0,0.0,1.0,1.0,0.0,0.0,0.0,0.0,0.0,Matches
937c6ae6,2.0,2.0,0.0,0.0,0.0,0.0,0.0,0.0,0.0,0.0,0.0,0.0,0.0,0.0,Matches
11fd2b75,26.0,20.0,5.0,1.0,0.0,0.0,0.0,1.0,0.0,1.0,0.0,0.0,0.0,0.0,Matches
8fae77ea,2.0,1.0,1.0,0.0,0.0,0.0,0.0,1.0,0.0,1.0,0.0,0.0,0.0,0.0,Matches
02319ad7,0.0,0.0,0.0,0.0,0.0,0.0,0.0,0.0,0.0,0.0,0.0,0.0,0.0,0.0,Matches
64e8ed6d,36.0,24.0,0.0,2.0,3.0,7.0,0.0,0.0,0.0,0.0,0.0,0.0,0.0,0.0,Matches
8aae94b9,4.0,2.0,0.0,0.0,0.0,0.0,2.0,1.0,1.0,0.0,0.0,0.0,0.0,0.0,Matches
3902e91b,34.0,31.0,0.0,1.0,2.0,0.0,0.0,5.0,4.0,0.0,0.0,1.0,0.0,0.0,Matches
8f696594,8.0,5.0,2.0,1.0,0.0,0.0,0.0,0.0,0.0,0.0,0.0,0.0,0.0,0.0,Matches
8f696594,4.0,3.0,0.0,0.0,1.0,0.0,0.0,0.0,0.0,0.0,0.0,0.0,0.0,0.0,Matches
1545cf15,9.0,6.0,2.0,1.0,0.0,0.0,0.0,1.0,1.0,0.0,0.0,0.0,0.0,0.0,Matches
c9e39d91,64.0,39.0,16.0,4.0,2.0,3.0,0.0,8.0,4.0,2.0,1.0,1.0,0.0,0.0,Matches
b151a3f2,0.0,0.0,0.0,0.0,0.0,0.0,0.0,0.0,0.0,0.0,0.0,0.0,0.0,0.0,Matches
3cefcaef,27.0,24.0,1.0,1.0,0.0,0.0,1.0,2.0,2.0,0.0,0.0,0.0,0.0,0.0,Matches
d080ed5e,51.0,42.0,1.0,1.0,3.0,1.0,3.0,9.0,7.0,0.0,0.0,1.0,0.0,1.0,Matches
7c4243d4,31.0,29.0,1.0,1.0,0.0,0.0,0.0,1.0,1.0,0.0,0.0,0.0,0.0,0.0,Matches
2784f898,13.0,11.0,2.0,0.0,0.0,0.0,0.0,2.0,2.0,0.0,0.0,0.0,0.0,0.0,Matches
19c36442,32.0,13.0,14.0,1.0,0.0,3.0,1.0,0.0,0.0,0.0,0.0,0.0,0.0,0.0,Matches
335039a2,30.0,21.0,0.0,1.0,3.0,4.0,1.0,3.0,2.0,0.0,0.0,0.0,1.0,0.0,Matches
1fda2b14,1.0,0.0,0.0,0.0,1.0,0.0,0.0,0.0,0.0,0.0,0.0,0.0,0.0,0.0,Matches
056269d7,20.0,19.0,0.0,0.0,1.0,0.0,0.0,0.0,0.0,0.0,0.0,0.0,0.0,0.0,Matches
bbf5c11b,12.0,8.0,0.0,0.0,3.0,1.0,0.0,0.0,0.0,0.0,0.0,0.0,0.0,0.0,Matches
ead61f73,12.0,11.0,1.0,0.0,0.0,0.0,0.0,1.0,1.0,0.0,0.0,0.0,0.0,0.0,Matches
e6777e6b,1.0,0.0,1.0,0.0,0.0,0.0,0.0,0.0,0.0,0.0,0.0,0.0,0.0,0.0,Matches
6025fab1,64.0,57.0,4.0,1.0,1.0,1.0,0.0,9.0,6.0,2.0,0.0,0.0,1.0,0.0,Matches
608f2092,13.0,11.0,2.0,0.0,0.0,0.0,0.0,0.0,0.0,0.0,0.0,0.0,0.0,0.0,Matches
608f2092,3.0,3.0,0.0,0.0,0.0,0.0,0.0,0.0,0.0,0.0,0.0,0.0,0.0,0.0,Matches
23610943,57.0,54.0,2.0,1.0,0.0,0.0,0.0,4.0,4.0,0.0,0.0,0.0,0.0,0.0,Matches
9939e168,35.0,28.0,0.0,0.0,6.0,1.0,0.0,4.0,0.0,0.0,0.0,3.0,1.0,0.0,Matches
8ac501f5,41.0,23.0,12.0,0.0,4.0,1.0,1.0,1.0,1.0,0.0,0.0,0.0,0.0,0.0,Matches
28e957d7,1.0,0.0,1.0,0.0,0.0,0.0,0.0,0.0,0.0,0.0,0.0,0.0,0.0,0.0,Matches
374d5158,26.0,20.0,5.0,0.0,0.0,0.0,1.0,3.0,3.0,0.0,0.0,0.0,0.0,0.0,Matches
5cec2487,4.0,4.0,0.0,0.0,0.0,0.0,0.0,0.0,0.0,0.0,0.0,0.0,0.0,0.0,Matches
129af0db,31.0,21.0,0.0,2.0,3.0,5.0,0.0,6.0,3.0,0.0,2.0,0.0,1.0,0.0,Matches
b7d7f3bf,4.0,4.0,0.0,0.0,0.0,0.0,0.0,1.0,1.0,0.0,0.0,0.0,0.0,0.0,Matches
11b9265b,15.0,13.0,2.0,0.0,0.0,0.0,0.0,0.0,0.0,0.0,0.0,0.0,0.0,0.0,Matches
16e9d0ea,20.0,13.0,2.0,3.0,2.0,0.0,0.0,4.0,3.0,1.0,0.0,0.0,0.0,0.0,Matches
a21417e2,5.0,3.0,0.0,2.0,0.0,0.0,0.0,0.0,0.0,0.0,0.0,0.0,0.0,0.0,Matches
81f0781e,31.0,24.0,0.0,3.0,4.0,0.0,0.0,3.0,2.0,0.0,0.0,1.0,0.0,0.0,Matches
004d185e,20.0,11.0,3.0,3.0,1.0,2.0,0.0,1.0,0.0,0.0,0.0,0.0,1.0,0.0,Matches
f4c69aa6,21.0,17.0,1.0,1.0,1.0,1.0,0.0,1.0,1.0,0.0,0.0,0.0,0.0,0.0,Matches
a0255c67,2.0,2.0,0.0,0.0,0.0,0.0,0.0,0.0,0.0,0.0,0.0,0.0,0.0,0.0,Matches
a0255c67,0.0,0.0,0.0,0.0,0.0,0.0,0.0,0.0,0.0,0.0,0.0,0.0,0.0,0.0,Matches
3aa4a3be,0.0,0.0,0.0,0.0,0.0,0.0,0.0,0.0,0.0,0.0,0.0,0.0,0.0,0.0,Matches
dc1ce4f5,1.0,1.0,0.0,0.0,0.0,0.0,0.0,0.0,0.0,0.0,0.0,0.0,0.0,0.0,Matches
5487adcd,2.0,2.0,0.0,0.0,0.0,0.0,0.0,0.0,0.0,0.0,0.0,0.0,0.0,0.0,Matches
c05dfb74,81.0,48.0,23.0,1.0,1.0,8.0,0.0,11.0,7.0,2.0,0.0,0.0,2.0,0.0,Matches
228b0d9d,16.0,13.0,0.0,2.0,1.0,0.0,0.0,1.0,1.0,0.0,0.0,0.0,0.0,0.0,Matches
49a6ecbb,1.0,1.0,0.0,0.0,0.0,0.0,0.0,1.0,1.0,0.0,0.0,0.0,0.0,0.0,Matches
175ece4c,1.0,1.0,0.0,0.0,0.0,0.0,0.0,0.0,0.0,0.0,0.0,0.0,0.0,0.0,Matches
44e8521b,0.0,0.0,0.0,0.0,0.0,0.0,0.0,0.0,0.0,0.0,0.0,0.0,0.0,0.0,Matches
0cadc46d,34.0,24.0,0.0,2.0,4.0,3.0,1.0,3.0,2.0,0.0,0.0,0.0,0.0,1.0,Matches
b51b1b9c,39.0,24.0,2.0,5.0,2.0,5.0,1.0,2.0,2.0,0.0,0.0,0.0,0.0,0.0,Matches
2946f9a1,12.0,8.0,0.0,2.0,2.0,0.0,0.0,0.0,0.0,0.0,0.0,0.0,0.0,0.0,Matches
485e4939,0.0,0.0,0.0,0.0,0.0,0.0,0.0,0.0,0.0,0.0,0.0,0.0,0.0,0.0,Matches
f35430a4,6.0,4.0,0.0,0.0,1.0,0.0,1.0,0.0,0.0,0.0,0.0,0.0,0.0,0.0,Matches
c997b942,18.0,9.0,4.0,2.0,2.0,1.0,0.0,0.0,0.0,0.0,0.0,0.0,0.0,0.0,Matches
3f10bd22,44.0,41.0,1.0,0.0,0.0,2.0,0.0,6.0,4.0,1.0,0.0,0.0,1.0,0.0,Matches
63b0ca6b,14.0,8.0,0.0,1.0,3.0,1.0,1.0,3.0,2.0,0.0,0.0,1.0,0.0,0.0,Matches
5853ac44,8.0,7.0,0.0,0.0,0.0,1.0,0.0,0.0,0.0,0.0,0.0,0.0,0.0,0.0,Matches
c14bc029,10.0,8.0,0.0,0.0,2.0,0.0,0.0,2.0,2.0,0.0,0.0,0.0,0.0,0.0,Matches
81d5c497,1.0,1.0,0.0,0.0,0.0,0.0,0.0,0.0,0.0,0.0,0.0,0.0,0.0,0.0,Matches
c487901c,0.0,0.0,0.0,0.0,0.0,0.0,0.0,0.0,0.0,0.0,0.0,0.0,0.0,0.0,Matches
a6103274,2.0,2.0,0.0,0.0,0.0,0.0,0.0,0.0,0.0,0.0,0.0,0.0,0.0,0.0,Matches
a6103274,4.0,2.0,0.0,0.0,1.0,1.0,0.0,2.0,1.0,0.0,0.0,1.0,0.0,0.0,Matches
be170419,12.0,10.0,1.0,1.0,0.0,0.0,0.0,1.0,0.0,1.0,0.0,0.0,0.0,0.0,Matches
ee8508c0,2.0,2.0,0.0,0.0,0.0,0.0,0.0,0.0,0.0,0.0,0.0,0.0,0.0,0.0,Matches
2e3995cd,40.0,29.0,4.0,5.0,0.0,2.0,0.0,5.0,3.0,0.0,2.0,0.0,0.0,0.0,Matches
a08b974a,13.0,10.0,0.0,2.0,0.0,1.0,0.0,0.0,0.0,0.0,0.0,0.0,0.0,0.0,Matches
1d1691ad,1.0,1.0,0.0,0.0,0.0,0.0,0.0,0.0,0.0,0.0,0.0,0.0,0.0,0.0,Matches
3d99999d,1.0,0.0,0.0,0.0,0.0,0.0,1.0,0.0,0.0,0.0,0.0,0.0,0.0,0.0,Matches
4cee5954,24.0,16.0,6.0,1.0,0.0,1.0,0.0,0.0,0.0,0.0,0.0,0.0,0.0,0.0,Matches
a3e4bf46,45.0,34.0,6.0,1.0,1.0,1.0,2.0,7.0,7.0,0.0,0.0,0.0,0.0,0.0,Matches
5132b92c,8.0,4.0,3.0,0.0,0.0,1.0,0.0,0.0,0.0,0.0,0.0,0.0,0.0,0.0,Matches
7c363088,39.0,30.0,0.0,0.0,3.0,4.0,2.0,4.0,4.0,0.0,0.0,0.0,0.0,0.0,Matches
f9358b61,0.0,0.0,0.0,0.0,0.0,0.0,0.0,0.0,0.0,0.0,0.0,0.0,0.0,0.0,Matches
8c3c640c,10.0,9.0,0.0,0.0,1.0,0.0,0.0,2.0,2.0,0.0,0.0,0.0,0.0,0.0,Matches
9a93efc9,8.0,6.0,0.0,0.0,2.0,0.0,0.0,0.0,0.0,0.0,0.0,0.0,0.0,0.0,Matches
97852360,0.0,0.0,0.0,0.0,0.0,0.0,0.0,0.0,0.0,0.0,0.0,0.0,0.0,0.0,Matches
97852360,0.0,0.0,0.0,0.0,0.0,0.0,0.0,0.0,0.0,0.0,0.0,0.0,0.0,0.0,Matches
44150beb,2.0,1.0,1.0,0.0,0.0,0.0,0.0,0.0,0.0,0.0,0.0,0.0,0.0,0.0,Matches
962e54cb,12.0,8.0,0.0,1.0,1.0,2.0,0.0,3.0,2.0,0.0,0.0,1.0,0.0,0.0,Matches
ac8b2421,17.0,14.0,2.0,0.0,0.0,1.0,0.0,0.0,0.0,0.0,0.0,0.0,0.0,0.0,Matches
49dbab27,69.0,39.0,16.0,2.0,6.0,5.0,1.0,9.0,6.0,3.0,0.0,0.0,0.0,0.0,Matches
b906757a,2.0,1.0,0.0,0.0,1.0,0.0,0.0,0.0,0.0,0.0,0.0,0.0,0.0,0.0,Matches
7460ca0d,66.0,48.0,17.0,1.0,0.0,0.0,0.0,7.0,5.0,2.0,0.0,0.0,0.0,0.0,Matches
e2dcc60e,0.0,0.0,0.0,0.0,0.0,0.0,0.0,0.0,0.0,0.0,0.0,0.0,0.0,0.0,Matches
647d39d2,1.0,1.0,0.0,0.0,0.0,0.0,0.0,0.0,0.0,0.0,0.0,0.0,0.0,0.0,Matches
881ef58c,0.0,0.0,0.0,0.0,0.0,0.0,0.0,0.0,0.0,0.0,0.0,0.0,0.0,0.0,Matches
b7ca5c51,6.0,5.0,0.0,0.0,1.0,0.0,0.0,0.0,0.0,0.0,0.0,0.0,0.0,0.0,Matches
63f04c6c,21.0,15.0,0.0,3.0,2.0,0.0,1.0,3.0,2.0,0.0,1.0,0.0,0.0,0.0,Matches
0d9b2d31,71.0,60.0,6.0,0.0,2.0,2.0,1.0,9.0,9.0,0.0,0.0,0.0,0.0,0.0,Matches
1f079188,12.0,9.0,1.0,2.0,0.0,0.0,0.0,1.0,1.0,0.0,0.0,0.0,0.0,0.0,Matches
5496cc91,1.0,0.0,0.0,0.0,0.0,1.0,0.0,0.0,0.0,0.0,0.0,0.0,0.0,0.0,Matches
819aa8e7,12.0,8.0,0.0,1.0,0.0,2.0,1.0,3.0,0.0,0.0,1.0,0.0,2.0,0.0,Matches
a8f21b9f,38.0,25.0,0.0,6.0,5.0,2.0,0.0,4.0,4.0,0.0,0.0,0.0,0.0,0.0,Matches
3d79a68c,0.0,0.0,0.0,0.0,0.0,0.0,0.0,0.0,0.0,0.0,0.0,0.0,0.0,0.0,Matches
237a3851,50.0,40.0,3.0,2.0,4.0,1.0,0.0,3.0,2.0,0.0,0.0,0.0,1.0,0.0,Matches
a300ac7e,15.0,11.0,1.0,1.0,1.0,0.0,1.0,0.0,0.0,0.0,0.0,0.0,0.0,0.0,Matches
b7c04927,15.0,12.0,1.0,0.0,0.0,2.0,0.0,1.0,1.0,0.0,0.0,0.0,0.0,0.0,Matches
8c725b43,9.0,9.0,0.0,0.0,0.0,0.0,0.0,1.0,1.0,0.0,0.0,0.0,0.0,0.0,Matches
64ba07c0,1.0,1.0,0.0,0.0,0.0,0.0,0.0,0.0,0.0,0.0,0.0,0.0,0.0,0.0,Matches
540ec57b,31.0,25.0,0.0,0.0,5.0,1.0,0.0,2.0,2.0,0.0,0.0,0.0,0.0,0.0,Matches
adfc9123,5.0,5.0,0.0,0.0,0.0,0.0,0.0,0.0,0.0,0.0,0.0,0.0,0.0,0.0,Matches
7c388b20,41.0,33.0,0.0,0.0,3.0,4.0,1.0,5.0,3.0,0.0,0.0,1.0,1.0,0.0,Matches
54bcdeb0,43.0,33.0,1.0,4.0,0.0,4.0,1.0,4.0,4.0,0.0,0.0,0.0,0.0,0.0,Matches
ccbbe661,16.0,12.0,0.0,0.0,3.0,1.0,0.0,3.0,1.0,0.0,0.0,1.0,1.0,0.0,Matches
8e010ff4,9.0,9.0,0.0,0.0,0.0,0.0,0.0,1.0,1.0,0.0,0.0,0.0,0.0,0.0,Matches
1bda5842,30.0,21.0,1.0,3.0,2.0,3.0,0.0,2.0,1.0,0.0,1.0,0.0,0.0,0.0,Matches
fc8b614b,5.0,5.0,0.0,0.0,0.0,0.0,0.0,1.0,1.0,0.0,0.0,0.0,0.0,0.0,Matches
3c16d927,21.0,20.0,1.0,0.0,0.0,0.0,0.0,3.0,3.0,0.0,0.0,0.0,0.0,0.0,Matches
d1b060e2,1.0,1.0,0.0,0.0,0.0,0.0,0.0,0.0,0.0,0.0,0.0,0.0,0.0,0.0,Matches
2683eda7,29.0,16.0,0.0,4.0,6.0,3.0,0.0,4.0,1.0,0.0,1.0,2.0,0.0,0.0,Matches
39352da2,14.0,9.0,1.0,1.0,0.0,2.0,1.0,0.0,0.0,0.0,0.0,0.0,0.0,0.0,Matches
41fb0f4e,6.0,5.0,1.0,0.0,0.0,0.0,0.0,0.0,0.0,0.0,0.0,0.0,0.0,0.0,Matches
b857bd29,8.0,6.0,0.0,0.0,1.0,1.0,0.0,4.0,3.0,0.0,0.0,0.0,1.0,0.0,Matches
58ad9383,5.0,4.0,1.0,0.0,0.0,0.0,0.0,0.0,0.0,0.0,0.0,0.0,0.0,0.0,Matches
89f951b5,34.0,22.0,7.0,0.0,1.0,3.0,1.0,3.0,1.0,2.0,0.0,0.0,0.0,0.0,Matches
cc9256ef,31.0,19.0,1.0,7.0,3.0,0.0,1.0,1.0,0.0,0.0,0.0,1.0,0.0,0.0,Matches
44e07fac,2.0,1.0,0.0,1.0,0.0,0.0,0.0,0.0,0.0,0.0,0.0,0.0,0.0,0.0,Matches
3423f250,60.0,42.0,11.0,1.0,4.0,1.0,1.0,9.0,9.0,0.0,0.0,0.0,0.0,0.0,Matches
3353737a,4.0,3.0,1.0,0.0,0.0,0.0,0.0,0.0,0.0,0.0,0.0,0.0,0.0,0.0,Matches
e358587b,0.0,0.0,0.0,0.0,0.0,0.0,0.0,0.0,0.0,0.0,0.0,0.0,0.0,0.0,Matches
6b21b7b5,8.0,7.0,0.0,1.0,0.0,0.0,0.0,0.0,0.0,0.0,0.0,0.0,0.0,0.0,Matches
3376a776,7.0,7.0,0.0,0.0,0.0,0.0,0.0,2.0,2.0,0.0,0.0,0.0,0.0,0.0,Matches
374ee424,2.0,1.0,1.0,0.0,0.0,0.0,0.0,0.0,0.0,0.0,0.0,0.0,0.0,0.0,Matches
14d5b7ac,0.0,0.0,0.0,0.0,0.0,0.0,0.0,0.0,0.0,0.0,0.0,0.0,0.0,0.0,Matches
b3b9b8b8,0.0,0.0,0.0,0.0,0.0,0.0,0.0,0.0,0.0,0.0,0.0,0.0,0.0,0.0,Matches
ce8039aa,12.0,9.0,0.0,0.0,1.0,1.0,1.0,2.0,2.0,0.0,0.0,0.0,0.0,0.0,Matches
d9ba39fc,29.0,23.0,2.0,1.0,1.0,0.0,2.0,1.0,1.0,0.0,0.0,0.0,0.0,0.0,Matches
65154df0,40.0,33.0,0.0,4.0,1.0,2.0,0.0,3.0,3.0,0.0,0.0,0.0,0.0,0.0,Matches
335fa267,13.0,9.0,0.0,0.0,3.0,1.0,0.0,2.0,2.0,0.0,0.0,0.0,0.0,0.0,Matches
a8981944,72.0,47.0,18.0,1.0,2.0,3.0,1.0,9.0,6.0,2.0,1.0,0.0,0.0,0.0,Matches
5f21b94c,3.0,2.0,0.0,0.0,0.0,1.0,0.0,0.0,0.0,0.0,0.0,0.0,0.0,0.0,Matches
37f827ec,11.0,8.0,0.0,1.0,1.0,0.0,1.0,0.0,0.0,0.0,0.0,0.0,0.0,0.0,Matches
85bed4ee,28.0,22.0,1.0,1.0,2.0,2.0,0.0,4.0,3.0,0.0,0.0,0.0,1.0,0.0,Matches
8cfc2f69,3.0,2.0,0.0,0.0,0.0,1.0,0.0,0.0,0.0,0.0,0.0,0.0,0.0,0.0,Matches
19709006,46.0,30.0,9.0,1.0,6.0,0.0,0.0,1.0,1.0,0.0,0.0,0.0,0.0,0.0,Matches
70f8e0bd,37.0,27.0,3.0,2.0,2.0,2.0,1.0,6.0,5.0,0.0,0.0,0.0,0.0,1.0,Matches
34e393f2,21.0,18.0,0.0,0.0,2.0,1.0,0.0,2.0,2.0,0.0,0.0,0.0,0.0,0.0,Matches
8f5e92a6,81.0,48.0,2.0,13.0,8.0,9.0,1.0,13.0,8.0,0.0,3.0,0.0,2.0,0.0,Matches
2fbe6af0,0.0,0.0,0.0,0.0,0.0,0.0,0.0,0.0,0.0,0.0,0.0,0.0,0.0,0.0,Matches
4b511457,25.0,21.0,0.0,0.0,2.0,1.0,1.0,1.0,1.0,0.0,0.0,0.0,0.0,0.0,Matches
35d4f151,10.0,7.0,0.0,2.0,0.0,0.0,1.0,1.0,1.0,0.0,0.0,0.0,0.0,0.0,Matches
18b896d6,12.0,11.0,0.0,0.0,1.0,0.0,0.0,1.0,0.0,0.0,0.0,1.0,0.0,0.0,Matches
a55d8df5,23.0,19.0,0.0,1.0,2.0,1.0,0.0,1.0,1.0,0.0,0.0,0.0,0.0,0.0,Matches
b3dc6eca,3.0,3.0,0.0,0.0,0.0,0.0,0.0,0.0,0.0,0.0,0.0,0.0,0.0,0.0,Matches
625c144a,1.0,1.0,0.0,0.0,0.0,0.0,0.0,0.0,0.0,0.0,0.0,0.0,0.0,0.0,Matches
b75ac54b,0.0,0.0,0.0,0.0,0.0,0.0,0.0,0.0,0.0,0.0,0.0,0.0,0.0,0.0,Matches
fbbb9269,18.0,12.0,1.0,3.0,0.0,1.0,1.0,1.0,0.0,0.0,1.0,0.0,0.0,0.0,Matches
686cbe7d,6.0,4.0,0.0,1.0,0.0,1.0,0.0,0.0,0.0,0.0,0.0,0.0,0.0,0.0,Matches
686cbe7d,1.0,0.0,0.0,0.0,0.0,1.0,0.0,0.0,0.0,0.0,0.0,0.0,0.0,0.0,Matches
13e0eb29,6.0,6.0,0.0,0.0,0.0,0.0,0.0,0.0,0.0,0.0,0.0,0.0,0.0,0.0,Matches
405f267a,7.0,6.0,0.0,0.0,0.0,0.0,1.0,1.0,0.0,0.0,0.0,0.0,0.0,1.0,Matches
2a295d33,67.0,43.0,0.0,10.0,5.0,8.0,1.0,10.0,6.0,0.0,0.0,2.0,2.0,0.0,Matches
efecd633,6.0,6.0,0.0,0.0,0.0,0.0,0.0,1.0,1.0,0.0,0.0,0.0,0.0,0.0,Matches
bdb624a3,49.0,41.0,1.0,2.0,3.0,2.0,0.0,0.0,0.0,0.0,0.0,0.0,0.0,0.0,Matches
a254bbe0,13.0,8.0,0.0,1.0,2.0,2.0,0.0,0.0,0.0,0.0,0.0,0.0,0.0,0.0,Matches
70107d4d,30.0,26.0,1.0,2.0,1.0,0.0,0.0,1.0,1.0,0.0,0.0,0.0,0.0,0.0,Matches
60359288,9.0,8.0,0.0,1.0,0.0,0.0,0.0,2.0,2.0,0.0,0.0,0.0,0.0,0.0,Matches
ffacd3d5,29.0,26.0,0.0,0.0,0.0,1.0,2.0,3.0,2.0,0.0,0.0,0.0,1.0,0.0,Matches
79f2a5f5,0.0,0.0,0.0,0.0,0.0,0.0,0.0,0.0,0.0,0.0,0.0,0.0,0.0,0.0,Matches
f6ac68c1,7.0,7.0,0.0,0.0,0.0,0.0,0.0,0.0,0.0,0.0,0.0,0.0,0.0,0.0,Matches
a45eac1f,8.0,3.0,0.0,2.0,1.0,2.0,0.0,1.0,0.0,0.0,1.0,0.0,0.0,0.0,Matches
a62b4888,10.0,7.0,1.0,0.0,0.0,1.0,1.0,0.0,0.0,0.0,0.0,0.0,0.0,0.0,Matches
e2716bd0,38.0,31.0,0.0,1.0,3.0,1.0,2.0,10.0,9.0,0.0,0.0,0.0,0.0,1.0,Matches
ea83bfa6,1.0,1.0,0.0,0.0,0.0,0.0,0.0,0.0,0.0,0.0,0.0,0.0,0.0,0.0,Matches
5dcf3e90,1.0,1.0,0.0,0.0,0.0,0.0,0.0,0.0,0.0,0.0,0.0,0.0,0.0,0.0,Matches
19b776e9,23.0,17.0,0.0,0.0,2.0,3.0,1.0,3.0,3.0,0.0,0.0,0.0,0.0,0.0,Matches
5fa714d5,6.0,3.0,2.0,0.0,0.0,1.0,0.0,2.0,1.0,0.0,0.0,0.0,1.0,0.0,Matches
3ca6106c,5.0,5.0,0.0,0.0,0.0,0.0,0.0,2.0,2.0,0.0,0.0,0.0,0.0,0.0,Matches
fed17f5a,6.0,5.0,1.0,0.0,0.0,0.0,0.0,0.0,0.0,0.0,0.0,0.0,0.0,0.0,Matches
8f8c6934,3.0,3.0,0.0,0.0,0.0,0.0,0.0,0.0,0.0,0.0,0.0,0.0,0.0,0.0,Matches
3aa74860,0.0,0.0,0.0,0.0,0.0,0.0,0.0,0.0,0.0,0.0,0.0,0.0,0.0,0.0,Matches
e4738e91,8.0,5.0,0.0,2.0,1.0,0.0,0.0,1.0,1.0,0.0,0.0,0.0,0.0,0.0,Matches
6a8a7af8,23.0,18.0,0.0,1.0,2.0,1.0,1.0,2.0,2.0,0.0,0.0,0.0,0.0,0.0,Matches
f553b2b3,18.0,11.0,0.0,1.0,2.0,3.0,1.0,5.0,4.0,0.0,1.0,0.0,0.0,0.0,Matches
220c11f1,15.0,7.0,0.0,0.0,5.0,2.0,1.0,1.0,0.0,0.0,0.0,0.0,1.0,0.0,Matches
ba5004e1,25.0,14.0,10.0,0.0,0.0,1.0,0.0,1.0,0.0,1.0,0.0,0.0,0.0,0.0,Matches
12c50af5,5.0,3.0,2.0,0.0,0.0,0.0,0.0,0.0,0.0,0.0,0.0,0.0,0.0,0.0,Matches
7106f0a0,0.0,0.0,0.0,0.0,0.0,0.0,0.0,0.0,0.0,0.0,0.0,0.0,0.0,0.0,Matches
4e219ad2,29.0,24.0,3.0,1.0,1.0,0.0,0.0,3.0,2.0,0.0,1.0,0.0,0.0,0.0,Matches
184fe4b2,1.0,1.0,0.0,0.0,0.0,0.0,0.0,0.0,0.0,0.0,0.0,0.0,0.0,0.0,Matches
e92cd3f7,36.0,25.0,0.0,3.0,5.0,2.0,1.0,2.0,1.0,0.0,1.0,0.0,0.0,0.0,Matches
34269bdf,14.0,11.0,1.0,1.0,0.0,0.0,1.0,0.0,0.0,0.0,0.0,0.0,0.0,0.0,Matches
4f255115,31.0,25.0,0.0,0.0,3.0,2.0,1.0,6.0,6.0,0.0,0.0,0.0,0.0,0.0,Matches
e73c9bb2,24.0,18.0,4.0,0.0,1.0,1.0,0.0,2.0,2.0,0.0,0.0,0.0,0.0,0.0,Matches
6f51e382,4.0,4.0,0.0,0.0,0.0,0.0,0.0,1.0,1.0,0.0,0.0,0.0,0.0,0.0,Matches
f36016a5,4.0,1.0,1.0,1.0,0.0,1.0,0.0,0.0,0.0,0.0,0.0,0.0,0.0,0.0,Matches
f36016a5,3.0,3.0,0.0,0.0,0.0,0.0,0.0,0.0,0.0,0.0,0.0,0.0,0.0,0.0,Matches
02ef8778,5.0,3.0,0.0,2.0,0.0,0.0,0.0,0.0,0.0,0.0,0.0,0.0,0.0,0.0,Matches
04e531b6,1.0,1.0,0.0,0.0,0.0,0.0,0.0,0.0,0.0,0.0,0.0,0.0,0.0,0.0,Matches
381dbcfc,1.0,1.0,0.0,0.0,0.0,0.0,0.0,0.0,0.0,0.0,0.0,0.0,0.0,0.0,Matches
9e1035f8,35.0,22.0,3.0,7.0,3.0,0.0,0.0,1.0,1.0,0.0,0.0,0.0,0.0,0.0,Matches
58a9a4d9,50.0,40.0,2.0,0.0,3.0,3.0,2.0,4.0,3.0,0.0,0.0,1.0,0.0,0.0,Matches
532e1e4f,30.0,25.0,0.0,0.0,3.0,2.0,0.0,1.0,0.0,0.0,0.0,0.0,1.0,0.0,Matches
d733aa38,2.0,1.0,1.0,0.0,0.0,0.0,0.0,0.0,0.0,0.0,0.0,0.0,0.0,0.0,Matches
0e4fef6e,19.0,15.0,0.0,0.0,3.0,1.0,0.0,0.0,0.0,0.0,0.0,0.0,0.0,0.0,Matches
e96b2583,0.0,0.0,0.0,0.0,0.0,0.0,0.0,0.0,0.0,0.0,0.0,0.0,0.0,0.0,Matches
fc647b34,60.0,46.0,4.0,2.0,2.0,4.0,2.0,5.0,4.0,1.0,0.0,0.0,0.0,0.0,Matches
963829d0,5.0,5.0,0.0,0.0,0.0,0.0,0.0,0.0,0.0,0.0,0.0,0.0,0.0,0.0,Matches
f7e87032,6.0,5.0,1.0,0.0,0.0,0.0,0.0,2.0,2.0,0.0,0.0,0.0,0.0,0.0,Matches
068f4dec,4.0,3.0,1.0,0.0,0.0,0.0,0.0,0.0,0.0,0.0,0.0,0.0,0.0,0.0,Matches
f8eca1b6,46.0,30.0,0.0,2.0,3.0,10.0,1.0,5.0,4.0,0.0,0.0,0.0,1.0,0.0,Matches
2dd7e29d,2.0,1.0,0.0,0.0,1.0,0.0,0.0,0.0,0.0,0.0,0.0,0.0,0.0,0.0,Matches
592f3158,34.0,30.0,0.0,0.0,1.0,2.0,1.0,1.0,1.0,0.0,0.0,0.0,0.0,0.0,Matches
4acd733a,22.0,18.0,1.0,1.0,0.0,2.0,0.0,4.0,3.0,0.0,0.0,0.0,1.0,0.0,Matches
0a69de7b,1.0,0.0,0.0,0.0,1.0,0.0,0.0,1.0,0.0,0.0,0.0,1.0,0.0,0.0,Matches
f2c6ac01,3.0,2.0,0.0,0.0,0.0,1.0,0.0,1.0,0.0,0.0,0.0,0.0,1.0,0.0,Matches
0bc4e720,10.0,6.0,0.0,0.0,1.0,3.0,0.0,4.0,1.0,0.0,0.0,0.0,3.0,0.0,Matches
0959c2a2,62.0,58.0,0.0,2.0,1.0,1.0,0.0,10.0,9.0,0.0,1.0,0.0,0.0,0.0,Matches
106c142c,5.0,3.0,0.0,1.0,1.0,0.0,0.0,0.0,0.0,0.0,0.0,0.0,0.0,0.0,Matches
ee923664,3.0,3.0,0.0,0.0,0.0,0.0,0.0,0.0,0.0,0.0,0.0,0.0,0.0,0.0,Matches
fd51b456,17.0,14.0,1.0,0.0,0.0,2.0,0.0,0.0,0.0,0.0,0.0,0.0,0.0,0.0,Matches
35a6e5c7,46.0,35.0,1.0,5.0,2.0,2.0,1.0,6.0,4.0,0.0,2.0,0.0,0.0,0.0,Matches
4112ace5,3.0,2.0,0.0,0.0,1.0,0.0,0.0,0.0,0.0,0.0,0.0,0.0,0.0,0.0,Matches
1c2c55fc,2.0,1.0,0.0,0.0,0.0,0.0,1.0,0.0,0.0,0.0,0.0,0.0,0.0,0.0,Matches
b0fce72c,38.0,35.0,0.0,0.0,1.0,1.0,1.0,4.0,2.0,0.0,0.0,0.0,1.0,1.0,Matches
04965583,16.0,13.0,1.0,1.0,0.0,0.0,1.0,3.0,2.0,0.0,0.0,0.0,0.0,1.0,Matches
3a9c4b7b,18.0,11.0,3.0,0.0,3.0,1.0,0.0,0.0,0.0,0.0,0.0,0.0,0.0,0.0,Matches
636eae97,4.0,3.0,0.0,1.0,0.0,0.0,0.0,0.0,0.0,0.0,0.0,0.0,0.0,0.0,Matches
636eae97,34.0,23.0,2.0,3.0,0.0,6.0,0.0,5.0,5.0,0.0,0.0,0.0,0.0,0.0,Matches
57be54ec,3.0,3.0,0.0,0.0,0.0,0.0,0.0,0.0,0.0,0.0,0.0,0.0,0.0,0.0,Matches
bdc74a8f,2.0,1.0,0.0,0.0,1.0,0.0,0.0,0.0,0.0,0.0,0.0,0.0,0.0,0.0,Matches
cde52ef5,2.0,2.0,0.0,0.0,0.0,0.0,0.0,0.0,0.0,0.0,0.0,0.0,0.0,0.0,Matches
ab7bf91d,6.0,4.0,1.0,0.0,0.0,1.0,0.0,0.0,0.0,0.0,0.0,0.0,0.0,0.0,Matches
379dc075,4.0,4.0,0.0,0.0,0.0,0.0,0.0,0.0,0.0,0.0,0.0,0.0,0.0,0.0,Matches
6a99e0b1,39.0,32.0,0.0,5.0,0.0,2.0,0.0,7.0,6.0,0.0,1.0,0.0,0.0,0.0,Matches
afdc14d7,66.0,45.0,3.0,11.0,2.0,4.0,1.0,8.0,4.0,0.0,2.0,1.0,1.0,0.0,Matches
5dfc6ad5,13.0,13.0,0.0,0.0,0.0,0.0,0.0,2.0,2.0,0.0,0.0,0.0,0.0,0.0,Matches
f6f6b6e8,4.0,4.0,0.0,0.0,0.0,0.0,0.0,0.0,0.0,0.0,0.0,0.0,0.0,0.0,Matches
5ca20b7a,7.0,5.0,0.0,0.0,0.0,1.0,1.0,1.0,1.0,0.0,0.0,0.0,0.0,0.0,Matches
968a1c2f,17.0,13.0,1.0,0.0,3.0,0.0,0.0,0.0,0.0,0.0,0.0,0.0,0.0,0.0,Matches
5c7845f6,8.0,6.0,1.0,0.0,0.0,0.0,1.0,2.0,2.0,0.0,0.0,0.0,0.0,0.0,Matches
3ee0dd59,28.0,27.0,0.0,0.0,0.0,1.0,0.0,4.0,4.0,0.0,0.0,0.0,0.0,0.0,Matches
