id,Player,Nation,Pos,Squad,Age,Born,90s,GA,PKA,FK,CK,OG,PSxG,PSxG/SoT,PSxG+/-,/90,Cmp,Att,Cmp%,Att.1,Thr,Launch%,AvgLen,Att.2,Launch%.1,AvgLen.1,Opp,Stp,Stp%,#OPA,#OPA/90,AvgDist,Matches
47064058,Oliver Baumann,de GER,GK,Hoffenheim,32-272,1990,22.0,41,1,1,7,1,34.8,0.32,-5.2,-0.24,103,268,38.4,821,126,28.9,30.6,135,23.0,27.0,292,31,10.6,29,1.32,13.5,Matches
663e080e,Janis Blaswich,de GER,GK,RB Leipzig,31-303,1991,15.0,17,4,0,2,0,16.5,0.29,-0.5,-0.03,37,102,36.3,536,69,15.3,25.1,86,23.3,27.3,174,11,6.3,19,1.27,16.4,Matches
d28339cb,Fabian Bredlow,de GER,GK,Stuttgart,27-364,1995,3.0,4,2,0,0,0,4.7,0.18,+0.7,+0.22,9,19,47.4,112,27,16.1,26.1,12,8.3,24.8,42,2,4.8,6,2.00,16.3,Matches
db401046,Koen Casteels,be BEL,GK,Wolfsburg,30-249,1992,22.0,29,3,0,4,1,27.3,0.24,-0.7,-0.03,175,380,46.1,827,119,33.5,33.9,192,53.6,46.1,321,19,5.9,31,1.41,16.7,Matches
af104654,Oliver Christensen,dk DEN,GK,Hertha BSC,23-344,1999,22.0,40,3,2,6,0,33.4,0.34,-6.6,-0.30,133,365,36.4,656,116,40.1,35.0,154,66.2,51.2,304,25,8.2,52,2.36,18.5,Matches
dee3013b,Finn Dahmen,de GER,GK,Mainz 05,24-339,1998,6.0,10,1,0,2,0,9.6,0.29,-0.4,-0.07,40,104,38.5,160,23,45.0,37.1,40,80.0,54.3,102,10,9.8,7,1.17,16.5,Matches
1e43fad8,Ralf Fährmann,de GER,GK,Schalke 04,34-155,1988,5.0,1,0,0,0,0,2.4,0.16,+1.4,+0.29,41,85,48.2,174,20,33.9,33.3,38,68.4,48.8,82,4,4.9,3,0.60,11.5,Matches
a92ab7be,Mark Flekken,nl NED,GK,Freiburg,29-261,1993,22.0,32,5,0,4,0,30.9,0.26,-1.1,-0.05,179,411,43.6,773,75,39.6,37.3,142,73.9,58.2,272,17,6.3,28,1.27,15.4,Matches
17376543,Rafał Gikiewicz,pl POL,GK,Augsburg,35-126,1987,18.0,29,0,1,3,0,29.8,0.27,+0.8,+0.04,144,355,40.6,700,102,33.9,33.3,182,64.8,49.5,256,15,5.9,39,2.17,17.5,Matches
37998008,Lennart Grill,de GER,GK,Union Berlin,24-035,1999,4.0,11,2,0,1,0,7.5,0.31,-3.5,-0.87,39,86,45.3,162,24,46.9,36.6,11,90.9,60.6,34,7,20.6,5,1.25,15.8,Matches
bcb2ccd8,Péter Gulácsi,hu HUN,GK,RB Leipzig,32-299,1990,6.0,10,1,0,2,1,10.1,0.37,+1.1,+0.19,11,37,29.7,179,37,15.6,26.4,36,25.0,29.6,61,3,4.9,10,1.67,19.4,Matches
ad3389d5,Lukáš Hrádecký,fi FIN,GK,Leverkusen,33-097,1989,21.0,34,4,1,4,2,29.7,0.27,-2.3,-0.11,77,234,32.9,604,96,30.8,31.9,117,41.0,37.0,240,16,6.7,14,0.67,13.7,Matches
fa4cabd1,Jan Jakob Olschowsky,de GER,GK,M'Gladbach,21-103,2001,2.0,4,0,0,1,0,5.5,0.40,+1.5,+0.74,10,30,33.3,78,12,37.2,33.4,13,7.7,22.2,30,2,6.7,3,1.50,14.1,Matches
cd59b9df,Gregor Kobel,ch SUI,GK,Dortmund,25-085,1997,18.0,19,0,0,2,0,22.3,0.28,+3.3,+0.18,71,189,37.6,597,80,22.3,29.6,128,43.8,38.8,213,10,4.7,27,1.50,17.1,Matches
dc366c36,Tomáš Koubek,cz CZE,GK,Augsburg,30-187,1992,4.0,9,0,1,0,0,10.1,0.42,+1.1,+0.27,40,97,41.2,126,17,50.0,42.6,40,85.0,60.0,80,6,7.5,2,0.50,12.2,Matches
8a6ab963,Andrey Lunyov,ru RUS,GK,Leverkusen,31-108,1991,1.0,2,0,0,0,0,1.4,0.35,-0.6,-0.61,4,10,40.0,41,7,24.4,30.3,3,0.0,15.3,6,1,16.7,1,1.00,13.0,Matches
b56dd813,Alexander Meyer,de GER,GK,Dortmund,31-322,1991,4.0,8,0,0,2,0,4.2,0.23,-3.8,-0.96,11,28,39.3,167,23,12.6,25.6,28,25.0,32.1,39,4,10.3,14,3.50,21.9,Matches
cbac6ec9,Florian Müller,de GER,GK,Stuttgart,25-108,1997,19.0,34,1,2,3,0,27.2,0.30,-6.8,-0.36,98,212,46.2,599,98,26.9,29.2,133,38.3,36.6,260,6,2.3,28,1.47,18.9,Matches
8778c910,Manuel Neuer,de GER,GK,Bayern Munich,36-339,1986,12.0,11,2,0,0,0,14.7,0.29,+3.7,+0.31,39,79,49.4,435,81,16.6,26.8,69,10.1,23.8,103,4,3.9,23,1.92,19.5,Matches
bdedffac,Ørjan Nyland,no NOR,GK,RB Leipzig,32-172,1990,1.0,0,0,0,0,0,0.0,0.03,0.0,+0.03,4,7,57.1,28,4,25.0,33.4,2,0.0,10.0,9,0,0.0,0,0.00,10.8,Matches
c631f952,Jonas Omlin,ch SUI,GK,M'Gladbach,29-050,1994,6.3,12,1,0,0,0,9.7,0.30,-2.3,-0.37,28,77,36.4,302,30,21.5,28.3,41,29.3,31.2,77,4,5.2,9,1.42,16.0,Matches
0a1cb833,Jiří Pavlenka,cz CZE,GK,Werder Bremen,30-321,1992,21.3,40,1,0,4,2,36.5,0.31,-1.5,-0.07,139,329,42.2,596,100,38.9,36.1,186,52.2,44.2,299,13,4.3,25,1.17,15.2,Matches
b90c4a43,Diant Ramaj,de GER,GK,Eint Frankfurt,21-163,2001,1.0,1,0,0,1,0,1.0,0.20,0.0,+0.01,1,3,33.3,21,7,9.5,29.1,4,25.0,22.0,15,1,6.7,1,1.00,11.5,Matches
9f941969,Manuel Riemann,de GER,GK,Bochum,34-173,1988,22.0,54,7,1,7,2,49.0,0.30,-3.0,-0.14,367,770,47.7,964,56,67.7,45.0,167,70.1,50.7,320,17,5.3,86,3.91,23.4,Matches
a70b8345,Frederik Rønnow,dk DEN,GK,Union Berlin,30-209,1992,18.0,16,2,0,4,0,19.3,0.24,+3.3,+0.18,146,359,40.7,670,71,43.4,36.2,99,68.7,51.2,265,27,10.2,18,1.00,13.5,Matches
87436846,Marvin Schwäbe,de GER,GK,Köln,27-310,1995,22.0,36,3,4,2,3,26.3,0.26,-6.7,-0.31,89,235,37.9,786,76,25.6,30.7,127,26.8,32.9,305,13,4.3,9,0.41,11.3,Matches
0d55d942,Alexander Schwolow,de GER,GK,Schalke 04,30-272,1992,17.0,41,3,0,3,0,33.3,0.30,-7.7,-0.46,138,331,41.7,501,59,45.9,38.0,133,75.9,56.4,257,6,2.3,20,1.18,15.2,Matches
0d8a37c2,Tobias Sippel,de GER,GK,M'Gladbach,34-344,1988,3.7,9,0,0,2,0,8.1,0.39,-0.9,-0.24,12,72,16.7,145,13,32.4,32.2,35,71.4,52.4,59,1,1.7,4,1.09,13.4,Matches
420c18a1,Yann Sommer,ch SUI,GK,M'Gladbach,34-074,1988,10.0,14,2,1,0,1,16.7,0.25,+3.7,+0.37,48,141,34.0,517,52,23.0,28.2,90,24.4,28.6,162,5,3.1,13,1.30,14.6,Matches
420c18a1,Yann Sommer,ch SUI,GK,Bayern Munich,34-074,1988,7.0,8,0,0,1,0,7.8,0.44,-0.2,-0.04,17,36,47.2,242,27,11.6,24.1,36,22.2,27.7,78,8,10.3,10,1.43,17.4,Matches
ce17b5eb,Kevin Trapp,de GER,GK,Eint Frankfurt,32-236,1990,21.0,30,1,1,6,1,24.9,0.32,-4.1,-0.20,55,220,25.0,422,92,40.0,35.4,141,36.2,36.8,266,14,5.3,13,0.62,12.6,Matches
7d3e7da6,Sven Ulreich,de GER,GK,Bayern Munich,34-210,1988,3.0,2,0,0,1,0,2.4,0.18,+0.4,+0.13,9,26,34.6,112,21,20.5,26.0,18,16.7,23.4,34,2,5.9,4,1.33,17.5,Matches
5c4bf6ba,Robin Zentner,de GER,GK,Mainz 05,28-124,1994,16.0,24,0,1,2,0,20.1,0.30,-3.9,-0.24,91,299,30.4,385,83,53.5,41.6,114,81.6,59.0,179,23,12.8,33,2.06,18.2,Matches
9b688ae1,Michael Zetterer,de GER,GK,Werder Bremen,27-232,1995,0.7,1,0,0,1,0,1.1,0.18,+0.1,+0.11,7,17,41.2,29,8,51.7,44.0,3,66.7,46.0,6,3,50.0,4,5.81,16.5,Matches
