id,CrdY,CrdR,2CrdY,Fls,Fld,Off,PKwon,PKcon,OG
5bc43860,2,0,0,12,42,3,0,0,0
f2bf1b0f,0,0,0,31,18,7,0,0,0
2b09d998,6,1,1,37,21,1,0,0,0
c81d773d,2,0,0,8,3,0,0,0,0
288e1e13,3,0,0,4,4,1,0,0,0
a6c58494,0,0,0,0,0,1,0,0,0
9b398aea,4,0,0,12,8,3,0,1,1
a8c0acb7,0,0,0,5,8,0,0,1,0
89ac64a6,2,0,0,15,7,0,0,0,0
eaeca114,0,0,0,10,10,1,0,0,0
b827d5b3,0,0,0,2,2,1,0,0,0
77e84962,2,0,0,18,25,0,0,1,0
4abac767,0,0,0,2,1,0,0,0,0
cd1acf9d,3,0,0,12,3,4,0,0,0
7a2e46a8,0,0,0,1,4,0,0,0,0
cea4ee8f,0,0,0,0,1,0,0,0,0
862a1c15,2,0,0,15,26,8,0,0,0
15ab5a2b,0,0,0,12,7,2,0,0,0
1a4ef233,1,0,0,7,3,0,0,1,0
e34fc66d,5,0,0,17,12,1,0,0,0
de31038e,0,0,0,2,8,1,0,0,0
e4238fb1,1,0,0,7,7,3,0,0,0
ac05f970,2,0,0,19,26,10,0,0,0
99127249,3,0,0,4,13,2,0,0,0
05e8ca6d,0,0,0,2,1,1,0,0,0
2f965a72,0,0,0,1,0,0,0,1,0
328f7d51,2,0,0,9,11,0,0,0,0
68c720b5,0,0,0,13,7,2,0,0,0
97333cf5,5,0,0,13,14,1,0,0,0
28d596a0,1,0,0,0,5,0,0,0,0
d5dd5f1f,1,0,0,4,1,0,0,0,0
9fec8860,1,0,0,1,3,0,0,0,0
5c2b4f07,2,0,0,10,16,0,0,0,0
e5478b87,0,0,0,8,10,7,0,0,0
5dbefa9d,0,0,0,0,1,0,0,0,0
da052c14,2,0,0,34,53,1,0,0,0
420d7c7d,1,0,0,7,20,1,0,0,0
53cad200,3,0,0,18,5,2,0,0,0
06df8256,1,0,0,3,3,0,0,0,0
3a233281,4,0,0,24,14,8,0,0,0
32e8417f,1,0,0,5,6,0,0,0,0
93feac6e,1,0,0,15,13,9,0,0,0
2886c9b5,1,0,0,6,11,1,0,0,0
3ea50f67,1,0,0,27,23,6,0,0,0
c91441dc,0,0,0,1,2,0,0,1,0
30db8574,0,0,0,0,0,0,0,0,0
4115ce4e,0,0,0,6,0,0,0,0,1
4115ce4e,0,0,0,1,1,0,0,0,0
50dc94ce,0,0,0,4,2,1,0,0,0
7b4de647,0,0,0,0,0,0,0,0,0
a39d11bc,3,0,0,7,23,0,0,0,0
5a04fd92,0,0,0,11,10,5,0,0,0
3b8674e6,8,0,0,24,8,0,0,0,0
505486d6,0,0,0,3,4,0,0,0,0
87966294,0,0,0,0,0,0,0,0,0
de40e38c,0,0,0,0,0,0,0,0,0
d328a254,3,0,0,20,25,3,0,0,0
6c203af0,5,0,0,14,7,1,0,0,0
a4ac4b8f,2,0,0,4,5,3,0,0,0
ccce7025,1,0,0,9,7,2,0,0,0
79c84d1c,1,0,0,18,46,7,3,0,0
c07b7c5c,0,0,0,0,0,0,0,0,0
97220da2,0,0,0,2,6,3,1,0,0
a2081c6b,0,0,0,0,1,0,0,0,0
7b5ab7f2,1,0,0,2,2,1,0,0,0
66b76d44,0,0,0,26,22,1,0,0,0
bfc3b3a0,1,0,0,5,6,0,0,0,0
468a7a91,0,0,0,1,0,0,0,0,0
b2d31e83,2,0,0,19,1,4,0,1,0
85322440,0,0,0,0,0,0,0,0,0
16264a81,6,0,0,43,26,0,0,0,0
a8748947,1,0,0,3,8,0,0,0,0
94f8d10c,1,0,0,7,1,0,0,0,0
59e6e5bf,1,0,0,12,8,14,0,0,0
6f711f67,0,0,0,0,1,0,0,0,0
bd6351cd,3,1,0,13,18,4,0,2,0
4506aec5,0,0,0,0,2,0,0,0,0
1137759d,0,0,0,3,3,0,0,0,0
b4a014b1,0,0,0,1,0,0,0,0,0
966e28d0,0,0,0,5,6,0,0,0,0
4d224fe8,5,1,0,31,19,0,0,0,0
2389cdc2,3,0,0,16,12,2,0,1,0
197640fd,2,0,0,17,8,4,0,0,0
e28868f3,3,0,0,9,16,1,0,0,0
9cfbad36,1,0,0,4,1,0,0,0,0
422862ea,0,1,0,2,0,0,0,0,0
5515376c,3,0,0,7,6,0,0,0,1
dc6f5bdd,1,0,0,5,0,0,0,0,0
d2424d1b,1,0,0,7,13,0,1,0,0
26ce2263,1,0,0,20,26,0,0,0,0
b2f9c73e,0,0,0,1,2,0,0,0,0
73341ace,0,0,0,1,0,0,0,0,0
0442183b,3,0,0,8,7,0,0,0,0
2928dca2,2,0,0,11,12,2,0,0,0
963a9201,0,0,0,6,7,0,0,0,0
0420d84f,0,0,0,5,12,1,0,0,0
a8c19eb8,2,1,0,13,7,1,0,0,0
700783e7,0,0,0,1,3,0,0,0,0
2afc7272,2,0,0,12,8,0,0,0,0
3e5e4e63,4,0,0,5,2,0,0,1,0
dc64b8b3,2,0,0,9,8,0,0,0,0
beb391dd,0,0,0,2,2,0,0,0,0
a190d597,2,1,0,18,5,12,0,0,0
fdf3cb77,4,0,0,17,13,0,0,0,0
0ef89a37,3,0,0,16,14,2,0,0,0
a5ca9127,0,0,0,0,0,0,0,0,0
4f974391,2,0,0,8,5,1,0,0,0
1daec722,2,0,0,12,15,1,0,0,0
dc62b55d,0,0,0,11,9,3,0,0,0
ca45605e,2,0,0,12,6,5,1,0,0
d9565625,5,0,0,15,3,0,0,0,0
215f3907,2,0,0,5,4,0,0,0,0
a816dbfb,1,0,0,2,1,0,0,0,0
f08490a6,0,0,0,0,0,0,0,0,0
60344e4f,1,0,0,10,16,0,0,0,0
44781702,3,0,0,21,9,0,0,0,0
9228b07c,2,0,0,4,5,1,0,0,0
3e9e06cb,2,0,0,6,3,0,1,1,0
3e9e06cb,1,0,0,1,2,0,0,0,0
e46012d4,1,0,0,17,19,3,1,0,0
11f54bd5,0,0,0,1,2,0,0,0,0
5a7301ae,0,0,0,1,0,0,0,0,0
5a7301ae,0,0,0,0,0,0,0,0,0
2c44a35d,2,0,0,6,17,4,0,0,0
9d8cf204,0,0,0,0,0,0,0,0,0
5c74c0f5,2,0,0,24,20,0,0,0,0
11ff3d56,3,0,0,16,7,0,0,0,0
31c69ef1,1,0,0,14,5,0,0,0,0
4a1a9578,2,0,0,12,16,2,0,0,0
ac861941,2,0,0,14,7,1,0,0,0
1b84dbe1,3,0,0,16,20,2,0,1,1
a712ca2b,2,0,0,8,4,2,0,0,0
254147d4,0,0,0,6,15,0,0,0,0
733f1a7d,0,0,0,1,1,0,0,0,0
d557d734,0,0,0,11,4,0,0,0,0
67ac5bb8,4,0,0,14,28,1,0,1,0
02b29014,4,0,0,6,3,1,0,1,0
ce4f40c7,7,0,0,26,8,0,0,0,0
69fdb896,0,0,0,4,8,0,0,0,0
e0d1510a,0,0,0,1,0,0,0,0,0
3a949a25,0,0,0,0,0,0,0,0,0
7314bba4,0,0,0,0,1,0,0,0,0
282f75f3,2,0,0,12,14,1,0,3,1
414184f7,0,0,0,2,1,2,0,0,0
fa9fa773,0,0,0,0,1,0,0,0,0
3bb7b8b4,2,0,0,1,2,0,0,1,0
0562b7f1,3,0,0,15,10,8,0,0,0
007414dd,0,0,0,1,22,1,1,0,0
2fba6108,0,0,0,3,7,3,0,0,0
c8387671,1,0,0,10,21,1,0,0,0
47a34c4f,0,0,0,1,1,0,0,0,0
68dc0dac,3,0,0,25,13,3,0,0,0
df8b52a5,2,1,0,18,25,0,0,0,0
980522ec,3,0,0,10,6,2,0,0,0
d38fdf53,3,0,0,21,13,4,1,0,0
f8fcd2a5,0,0,0,7,4,0,0,0,0
ae4fc6a4,1,0,0,15,34,2,0,0,0
9328b835,0,0,0,0,4,0,0,0,0
7f3b388c,4,0,0,24,13,0,0,0,0
9c221d14,3,0,0,17,9,0,0,0,2
51a3c4c8,0,0,0,1,4,0,0,0,0
8aafd64f,0,1,0,7,10,3,0,0,0
4596da74,1,0,0,3,2,0,0,0,0
507c7bdf,5,0,0,28,28,10,0,0,0
5ff4ab71,0,0,0,2,8,0,0,0,0
6ad43f9a,0,0,0,0,0,0,0,0,0
4c370d81,0,0,0,6,5,3,0,0,0
24f59bb2,2,0,0,9,2,0,0,0,0
ed1e53f3,1,0,0,6,19,3,0,0,0
e82900ef,0,0,0,3,2,1,0,0,0
132a82f1,1,0,0,2,3,1,0,0,0
132a82f1,0,0,0,0,5,0,0,0,0
82927de4,0,0,0,11,5,1,0,0,0
9f1938ab,0,0,0,2,3,0,0,0,0
c3e39f12,0,0,0,0,1,0,0,0,0
6722d4f0,0,0,0,0,0,0,0,0,0
d56543a0,1,0,0,3,10,1,0,0,0
b853e0ad,5,0,0,23,12,0,0,0,0
c067631c,1,0,0,3,1,0,0,0,0
98d2c2c4,3,0,0,20,7,0,0,0,0
1971591f,0,0,0,8,10,3,0,0,0
c2731c10,6,1,1,19,22,0,0,0,0
72c812f3,3,0,0,25,36,0,0,1,0
7aa8adfe,2,0,0,6,5,2,0,0,0
4e015693,1,0,0,4,0,1,0,0,0
7ba6d84e,0,0,0,0,2,0,0,0,0
01962d0d,1,0,0,6,8,0,0,0,0
f7b1d4e0,0,0,0,1,2,0,0,0,0
32f60ed8,1,0,0,3,3,0,0,0,0
32f60ed8,1,0,0,18,16,4,0,0,0
df10e27c,1,0,0,1,0,0,0,0,0
75fdd638,4,0,0,17,26,3,0,0,0
9f7c837d,0,0,0,3,1,0,0,0,0
8b57ad2c,1,0,0,3,1,0,0,0,0
f0caab96,2,0,0,5,2,0,0,0,0
7a11550b,3,0,0,13,4,0,0,1,0
01e5f06e,0,0,0,0,0,0,0,0,0
2bd83368,1,0,0,3,3,0,0,0,0
2bd83368,6,0,0,20,15,3,0,0,0
4468ec10,1,0,0,11,28,9,0,0,0
b0b4fd3e,2,0,0,15,52,2,1,0,0
f3354c07,1,0,0,8,2,0,0,0,0
8aec0537,2,0,0,17,11,9,0,1,0
ab13a5aa,1,0,0,1,3,0,0,0,0
e6bc67d7,1,0,0,11,24,5,0,0,0
d0706b27,7,0,0,16,23,0,0,0,1
82518f62,3,0,0,22,42,0,0,0,0
819b3158,0,0,0,16,15,5,1,0,0
56d838f7,0,0,0,0,1,0,0,0,0
1f44ac21,3,0,0,23,16,6,1,0,0
da011f18,1,0,0,2,8,1,0,0,0
8c3078cd,0,0,0,1,0,0,0,0,0
aa849a12,2,0,0,25,24,1,0,0,0
fed7cb61,4,0,0,42,15,25,0,0,0
4fd08daa,0,0,0,0,0,0,0,0,0
169fd162,1,0,0,12,10,0,0,0,0
e5a76dfe,2,0,0,1,1,0,0,1,0
935e6b8f,2,0,0,7,6,0,0,0,0
76eca7e2,0,0,0,0,1,0,0,0,0
8a3c1dc7,0,0,0,16,21,1,0,0,0
92e7e919,1,0,0,9,25,8,0,0,0
1780bb4a,4,0,0,7,18,0,0,0,0
bd8a5d95,1,0,0,2,1,0,0,0,0
d79a8c87,0,0,0,0,0,0,0,0,0
d0042ab9,1,0,0,3,4,0,0,0,0
a0666d3e,4,0,0,12,5,0,0,1,0
bd9553e6,0,0,0,0,0,0,0,0,0
8b04d6c1,2,0,0,24,26,1,0,0,0
c92e1a31,0,0,0,9,1,6,0,0,0
07802f7f,0,0,0,2,4,0,0,0,0
07802f7f,3,0,0,8,5,9,0,0,0
8e92be30,0,0,0,5,4,4,0,0,0
6ca5ec4b,2,0,0,13,7,4,1,0,0
c931d9f9,0,0,0,2,6,0,0,0,0
c931d9f9,0,0,0,1,10,1,1,0,0
1265a93a,3,0,0,8,11,3,0,0,0
8449d35e,1,0,0,14,15,0,0,0,0
172e52d8,0,0,0,1,1,1,0,0,0
0f134faf,3,0,0,22,12,1,0,0,0
b66315ae,4,0,0,24,38,8,1,0,0
b561db50,0,0,0,4,10,6,0,0,0
c17bfb65,9,0,0,37,21,1,1,0,0
9319781b,0,0,0,2,4,1,0,0,0
0cd31129,4,0,0,23,13,10,0,0,0
4fb9c88f,1,0,0,3,5,0,0,0,0
45db685d,0,0,0,3,3,0,0,0,0
45db685d,4,0,0,12,23,0,0,0,0
178ae8f8,1,0,0,4,6,2,0,0,0
570bb4b9,0,0,0,3,3,0,0,0,0
fb614c44,0,0,0,8,29,2,1,0,0
0db5d2c8,1,0,0,6,3,2,0,0,1
15f24fe7,0,0,0,0,1,0,0,0,0
cc77354e,3,0,0,22,22,0,0,0,0
21a66f6a,4,0,0,21,35,11,1,0,0
b9fbae28,0,0,0,0,0,1,0,0,0
c5b7c315,0,0,0,1,0,0,0,0,0
18b999f4,0,0,0,8,15,2,0,0,0
51dbeea9,4,0,0,23,8,0,0,1,1
f25c8e3a,1,0,0,12,2,0,0,0,0
f31def1e,2,0,0,8,2,0,0,1,0
d0f72bf1,3,0,0,10,5,0,0,0,0
282679b4,2,0,0,10,3,0,0,0,0
ea6bc03a,5,0,0,25,13,0,0,0,1
5ed9b537,0,0,0,5,3,1,0,0,1
0313a347,4,0,0,9,39,0,0,0,0
da974c7b,6,1,1,19,6,0,0,0,0
8d3c902d,2,0,0,15,7,0,0,0,0
79c0821a,4,0,0,10,6,0,0,0,0
77cf6852,0,0,0,0,0,0,0,0,0
df3cda47,0,0,0,19,14,1,0,0,0
41e7ef1c,1,0,0,1,0,0,0,0,0
99813635,0,0,0,2,7,0,0,0,0
f4e433d4,1,0,0,6,14,0,0,0,0
26f6dca8,0,0,0,1,0,1,0,0,0
119b9a8e,0,0,0,1,3,0,0,0,0
cf7fb13a,0,0,0,1,0,0,0,0,0
450ab6fc,3,0,0,4,2,0,0,0,0
ecad9aa5,6,0,0,12,28,0,0,0,0
0bdda685,0,0,0,0,0,0,0,0,0
2b471f99,3,1,1,6,2,0,0,0,0
4f28a6ff,2,0,0,10,10,0,0,0,0
2628fd2b,2,0,0,0,1,0,0,0,0
9b5ce51a,3,0,0,22,27,2,0,2,1
efb9215a,0,0,0,0,0,0,0,0,0
b57e066e,1,0,0,6,11,0,0,0,0
41f08ac8,0,0,0,1,4,1,0,0,0
f5deef4c,0,0,0,2,1,0,0,0,0
810e3c74,1,0,0,8,9,2,0,0,0
bba30585,1,0,0,6,2,0,0,0,0
8f62b6ee,0,0,0,0,2,0,0,0,1
ed9f7cfe,2,0,0,16,24,1,0,0,0
e97fd090,1,0,0,6,28,1,0,0,1
a2b105e0,2,0,0,19,27,2,0,0,0
b2856bc0,0,0,0,0,0,0,0,0,0
6f7d826d,3,1,0,30,22,2,0,0,0
c6e8cf1f,0,0,0,2,2,0,0,0,0
b5bf1770,4,0,0,11,6,0,0,0,0
83d074ff,6,0,0,19,27,0,0,0,1
ee38d9c5,6,0,0,18,38,2,0,0,0
bf34eebd,0,0,0,1,4,0,0,0,0
d8931174,3,0,0,5,2,0,0,0,0
892d5bb1,2,0,0,7,24,4,0,0,0
c6220452,0,0,0,0,0,0,0,0,0
e3a5814e,3,0,0,6,5,0,0,0,0
6b6c793c,3,0,0,23,8,1,0,0,0
a572e291,1,0,0,9,12,0,0,0,0
758dd7f0,0,0,0,0,0,0,0,0,0
3544641e,1,0,0,17,5,3,0,0,0
bb5fbd2b,2,0,0,35,31,10,0,0,0
4d960fc3,0,0,0,0,1,0,0,0,0
59878425,0,0,0,0,0,0,0,0,0
8b788c01,0,0,0,4,3,3,1,0,0
48a5a5d6,3,0,0,29,26,6,0,0,0
7956236f,5,0,0,0,4,0,0,0,1
bac46a10,4,0,0,17,8,0,0,0,0
feb5d972,1,0,0,3,3,0,0,0,0
50e6dc35,2,0,0,11,5,7,0,0,0
b217ef29,2,0,0,5,4,1,0,0,1
4bcf39f6,3,0,0,10,17,1,0,0,0
493924a7,1,0,0,4,0,0,0,0,0
6afaebf2,4,0,0,13,14,3,0,0,0
90f91999,4,0,0,21,27,0,2,0,0
4e5a4cbc,4,0,0,8,4,0,0,1,0
01c3aff5,3,0,0,5,0,1,0,0,0
fc15fb84,3,0,0,9,9,1,0,0,0
d93c2511,5,0,0,20,6,0,0,1,0
8df7a2fb,2,0,0,11,10,1,0,0,0
33887998,1,0,0,0,2,0,0,0,0
1598599e,1,0,0,5,7,0,0,0,0
fed96827,6,0,0,13,6,0,0,0,2
6b625ac2,2,0,0,1,3,0,0,0,0
10ec4169,0,0,0,0,1,0,0,0,0
2ce2508a,0,0,0,8,2,0,0,0,0
2f90f6b8,1,0,0,9,9,0,0,0,0
6d5701f2,1,0,0,4,3,0,0,0,0
8397a50c,4,0,0,14,14,1,1,0,1
5cbd1eb0,4,1,0,19,7,0,0,0,0
74618572,0,0,0,8,11,4,0,0,0
3925dbd6,5,0,0,29,31,12,2,0,0
01ce9e70,0,0,0,22,28,1,0,0,0
c4720845,0,0,0,0,0,0,0,0,0
16e9d0ea,1,0,0,7,4,0,0,0,0
9674002f,4,0,0,28,26,1,0,0,0
2b622f01,0,0,0,1,3,0,0,0,0
f5a00fa4,2,0,0,24,10,1,0,0,0
92868cb5,0,0,0,0,1,0,0,0,0
049a888d,0,0,0,2,4,0,0,0,0
de112b84,0,0,0,7,4,1,0,0,0
1d5cab82,0,0,0,2,1,2,0,0,0
30d4a2e5,3,0,0,24,13,0,0,0,0
ecada4fc,0,0,0,0,0,0,0,0,0
6b47c5db,3,0,0,18,8,0,0,1,0
c5bdb6e3,0,0,0,2,2,0,0,0,0
a9dc785c,3,0,0,0,3,0,0,0,0
7ba2eaa9,1,0,0,5,7,2,0,0,0
44bfb6c5,7,0,0,22,10,0,0,1,0
00242715,0,0,0,3,0,0,0,0,0
39769cff,4,0,0,16,4,1,0,0,0
a53649b7,2,0,0,27,24,8,1,0,0
e6af02e0,1,0,0,28,26,0,0,1,0
4d77b365,1,1,0,15,11,13,0,0,0
7f94982c,0,0,0,0,0,0,0,0,0
df0a4c90,2,0,0,16,10,0,0,0,0
089667a5,2,0,0,5,15,0,0,0,0
74b2cd7e,0,0,0,1,3,0,0,0,0
c4486bac,2,0,0,15,33,4,0,0,0
e7ee38c3,0,0,0,0,0,0,0,0,0
828657ff,7,0,0,32,39,1,0,0,0
6612cd8c,0,0,0,0,0,0,0,0,0
c06d1086,0,0,0,8,4,3,0,0,0
2944f86f,0,0,0,9,11,1,0,0,0
ee950928,0,0,0,0,0,1,0,0,0
2f9e4435,1,0,0,4,5,2,0,0,0
38c7feef,0,0,0,3,4,1,0,0,0
d00d45ab,0,0,0,0,0,0,0,0,0
a78ff07f,10,0,0,27,33,1,0,0,0
dc7f8a28,1,0,0,1,3,1,0,0,0
e0bc6fdc,1,0,0,7,6,0,0,0,0
9b6f7fd5,3,0,0,27,18,1,0,0,0
529f49ab,2,0,0,19,11,0,0,0,0
230f0471,3,0,0,8,10,1,0,0,0
a6b461e7,1,0,0,9,2,0,0,0,0
ac7e7b1c,0,0,0,1,1,0,0,0,0
6639e500,7,0,0,30,25,2,0,1,0
75a72a99,0,0,0,0,0,0,0,0,0
819aa8e7,0,0,0,7,12,0,0,0,0
6fe90922,4,0,0,22,2,4,0,0,0
6dfd8f05,3,0,0,24,12,3,0,0,1
53552942,0,0,0,0,0,0,0,0,0
4f565d77,1,0,0,4,1,0,0,0,0
515ebe8d,0,0,0,1,0,0,0,0,0
4806ec67,5,0,0,1,2,0,0,1,0
e541326e,0,0,0,5,4,0,0,0,1
7fcc71d8,4,0,0,23,19,2,0,0,0
4b40d9ca,3,1,0,1,0,0,0,0,0
27d0a506,0,0,0,0,3,0,0,0,0
86695068,1,0,0,6,7,1,0,0,0
b9403c99,1,0,0,0,0,0,0,0,0
1bf33a9a,1,0,0,9,14,0,0,0,0
466fb2c5,0,0,0,0,3,0,0,0,0
1544f145,4,0,0,18,29,1,0,1,1
a1d5bd30,2,0,0,9,16,10,0,0,0
98ea5115,1,0,0,0,2,0,0,0,0
28b40c9c,2,0,0,13,6,1,0,0,0
ab651565,0,0,0,0,0,0,0,0,0
803ae100,5,0,0,24,15,2,0,0,0
0f7533cd,7,0,0,31,18,6,2,1,0
1c7012b8,3,0,0,18,6,1,0,0,0
0a3d6d2b,0,0,0,1,1,1,0,0,0
fa031b34,2,0,0,9,16,3,1,0,0
7a1f2c08,0,0,0,1,0,0,0,0,0
71ef519e,0,0,0,0,0,0,0,0,0
2e4f5f03,2,0,0,13,8,4,0,0,0
289601e6,6,0,0,21,14,2,0,1,0
da27e268,4,0,0,20,15,0,0,0,0
17acc2ed,0,0,0,0,0,0,0,0,0
6434f10d,3,0,0,33,11,2,0,0,0
1fb1c435,3,0,0,16,4,7,0,0,0
57c94db2,0,0,0,2,3,0,0,0,0
a3d94a58,7,1,1,25,5,0,0,0,0
4b511457,0,0,0,1,2,0,0,0,0
dea698d9,2,0,0,7,5,8,0,0,0
1b804500,0,0,0,0,0,0,0,0,0
b318a643,0,0,0,4,0,2,0,0,0
10a10454,0,0,0,4,1,0,0,0,0
c64c01fc,0,0,0,4,3,1,0,0,0
903b6e8b,0,0,0,0,4,0,0,0,0
e280527c,1,0,0,5,1,0,0,0,0
2b16cb1a,1,0,0,3,11,1,0,0,0
bc7dc64d,5,0,0,27,42,5,0,0,0
e342ad68,0,0,0,14,17,16,0,0,0
972aeb2a,4,0,0,17,13,0,0,2,1
0b33f6ad,5,0,0,25,3,1,0,0,1
1b4f1169,0,0,0,1,5,0,0,0,0
1b4f1169,1,0,0,2,6,0,0,0,0
da7b447d,1,0,0,5,4,1,0,1,0
6a713852,1,0,0,1,0,0,0,1,0
dbf053da,0,0,0,4,6,3,0,0,0
6e7f1353,0,0,0,0,2,0,0,0,0
9744ff80,1,0,0,6,3,2,0,0,0
ac0d576d,1,0,0,4,4,0,0,0,0
8790f988,3,0,0,16,10,6,0,0,0
2964fd20,1,0,0,3,7,0,0,0,0
52afb588,1,0,0,1,1,0,0,0,0
c8aa95da,4,0,0,10,16,4,0,0,0
3312f911,5,0,0,38,23,0,0,0,0
d04b94db,5,1,0,24,14,0,0,0,0
efd2ec23,0,0,0,2,5,0,0,0,0
35141f4c,3,0,0,16,8,0,0,2,0
6aa3e78b,4,0,0,15,6,7,0,0,0
9c94165b,4,0,0,30,18,0,0,0,0
3727dd3c,0,0,0,1,0,0,0,0,0
3727dd3c,0,0,0,1,0,0,0,0,0
3eb22ec9,3,0,0,21,11,2,1,0,0
86e7deaf,1,0,0,8,10,0,0,0,0
26d3b5be,0,0,0,0,0,1,0,0,0
8e16dd48,3,1,1,9,9,3,0,1,0
6250083a,3,0,0,6,5,0,0,0,0
20b104bc,8,0,0,22,15,0,0,0,0
17695062,0,0,0,1,0,0,0,0,0
839c14e1,0,0,0,1,0,0,0,0,0
839c14e1,0,0,0,0,0,0,0,0,0
e77dc3b2,1,0,0,22,31,6,0,0,0
886f9aac,0,0,0,0,1,0,0,0,0
6613c819,1,0,0,32,12,1,0,0,0
ae59b359,4,0,0,15,10,0,0,0,0
0a6cb1b1,1,0,0,2,2,1,0,0,1
21166ff4,1,0,0,1,0,0,0,0,0
9bc9a519,0,0,0,0,0,0,0,0,0
558807c0,2,0,0,4,0,1,0,0,0
6992791d,0,0,0,0,0,0,0,0,0
b2626673,0,0,0,1,1,0,0,0,0
6adbc307,0,0,0,1,0,0,0,0,0
6adbc307,1,0,0,2,1,0,0,0,0
b400bde0,3,0,0,16,21,8,0,0,0
5eecec3d,1,0,0,5,7,1,0,0,1
f4d296e4,4,0,0,25,11,0,0,1,0
a62f8bf1,0,0,0,1,1,1,0,0,0
df04eb4b,2,0,0,14,23,5,1,0,0
b017b770,2,0,0,8,8,3,0,0,0
e9971f2d,0,0,0,3,3,0,0,0,0
e514ab62,0,0,0,7,2,0,0,0,0
15ea812b,4,0,0,25,14,0,0,0,0
5c0da4a4,1,0,0,13,26,4,0,0,0
7120a04d,0,0,0,1,7,2,0,0,0
77d7c96f,6,0,0,24,27,0,0,0,0
fc027d02,1,0,0,6,7,0,0,0,1
56f7a928,3,0,0,24,14,0,0,0,0
fce2302c,0,0,0,4,4,0,0,0,0
a105d46a,0,0,0,3,4,0,0,1,0
b3af9be1,2,0,0,6,3,0,0,0,0
e7ca0439,2,1,1,2,1,1,0,0,0
e09f279b,8,0,0,37,47,19,3,0,0
9a28eba4,0,0,0,9,23,4,0,0,0
999ceb5f,2,0,0,10,2,0,0,0,0
fe558029,0,0,0,0,0,0,0,0,0
21512407,5,0,0,25,20,6,0,1,0
38ceb24a,0,0,0,4,4,0,0,0,0
38ceb24a,1,0,0,10,13,4,1,0,0
f315ca93,1,0,0,4,4,0,0,0,0
dd549382,0,0,0,3,1,4,0,0,0
531a4aa8,0,0,0,0,0,0,0,0,0
e06683ca,1,0,0,6,3,1,0,1,0
9f8e9423,1,0,0,9,2,2,0,0,1
45963054,1,0,0,15,2,15,0,0,0
dad4b285,2,0,0,18,25,0,0,1,0
6412cc03,0,0,0,3,1,0,0,0,0
08eb3b58,0,0,0,0,0,0,0,0,0
b937e490,0,0,0,0,3,0,0,0,0
8b529245,2,0,0,12,9,2,0,0,0
1ecb65be,1,0,0,3,1,4,0,0,0
86dd77d1,2,0,0,6,6,0,0,0,0
984a5a64,2,0,0,15,25,0,0,0,0
9e525177,0,0,0,4,1,0,0,0,0
d3ce0e89,0,0,0,0,5,0,0,0,0
8a7ff278,4,0,0,18,7,0,0,0,0
3515d404,4,0,0,23,13,0,0,0,1
aed3a70f,1,0,0,16,23,12,0,0,0
c40b6180,1,0,0,7,4,0,0,0,1
c4e87b8b,0,0,0,6,5,4,0,0,0
ce5143da,0,0,0,18,8,3,1,0,0
35e413f1,4,0,0,14,16,1,0,0,0
4d90ce8c,0,0,0,0,0,0,0,0,0
dd323728,4,0,0,23,15,1,0,0,0
8b9ebd03,1,0,0,7,17,2,0,0,0
a3b03921,1,0,0,25,12,3,0,0,0
c596fcb0,3,0,0,15,18,12,0,0,0
c6dc9ecd,1,0,0,5,10,1,1,0,0
2500cef9,2,0,0,11,13,11,1,0,0
4b803b3c,1,0,0,3,1,0,0,0,0
4e9a0555,0,0,0,4,4,3,0,0,0
4e9a0555,0,0,0,1,3,3,0,0,0
a5212312,6,0,0,20,2,0,0,1,0
e61b8aee,3,0,0,17,29,2,0,0,0
c1fe2a48,4,0,0,37,42,1,1,0,0
be927d03,3,0,0,16,13,0,0,1,0
b2bc3b1f,3,0,0,21,57,9,1,0,0
384d58d9,0,0,0,4,2,0,0,0,0
e8271ad9,1,0,0,17,14,0,0,1,0
51cf8561,2,0,0,2,9,1,0,0,0
6622454d,1,0,0,11,12,3,0,0,0
ce4246f5,0,0,0,7,4,0,0,0,0
79300479,3,0,0,21,16,1,0,0,0
