id,MP,Min,90s,Starts,Compl,Subs,unSub,PPM,onG,onGA,+/-,On-Off,onxG,onxGA,xG+/-,On-Off.1,MinGK,MPGK,StartsGK,90sGK
0000acda,8,548,6.1,6,4,2,2,2.33,7,11.0,-4.0,0.39,5.5,10.2,-4.699999999999999,-0.17,0,0,0,0.0
00459419,15,1215,13.5,14,10,1,0,1.07,16,21.0,-5.0,-0.66,15.0,17.4,-2.4,0.04,0,0,0,0.0
00a17eba,0,0,0.0,0,0,0,22,0.0,0,0.0,0.0,0.0,0.0,0.0,0.0,0.0,0,0,0,0.0
0154d290,15,559,6.2,4,1,11,7,0.67,6,9.0,-3.0,0.7,6.1,9.4,-3.3,0.33,0,0,0,0.0
016ff750,15,1065,11.8,13,6,2,2,1.13,11,16.0,-5.0,-0.59,12.2,16.5,-4.4,-0.57,0,0,0,0.0
01b8a2b2,17,1482,16.5,17,16,0,3,2.24,30,15.0,15.0,0.11,25.6,15.1,10.5,0.77,1482,17,17,16.5
01c3aff5,15,1052,11.7,13,6,2,1,1.73,15,13.0,2.0,-1.37,16.0,14.5,1.4,-0.53,0,0,0,0.0
01efac19,20,1169,13.0,13,4,7,2,0.95,13,17.0,-4.0,-3.17,16.8,16.6,0.19999999999999996,-1.92,0,0,0,0.0
023937a9,10,671,7.5,7,4,3,3,1.1,9,13.0,-4.0,0.19,7.5,13.0,-5.4,0.23,0,0,0,0.0
028e70b9,9,464,5.2,4,3,5,6,1.33,10,7.0,3.0,0.85,8.1,8.1,0.0,0.25,0,0,0,0.0
029370a7,0,0,0.0,0,0,0,1,0.0,0,0.0,0.0,0.0,0.0,0.0,0.0,0.0,0,0,0,0.0
02caf6e0,19,1301,14.5,16,6,3,2,1.84,21,11.0,10.0,-0.46,15.9,16.7,-0.9,-0.79,0,0,0,0.0
0375723e,12,519,5.8,5,1,7,5,0.58,5,11.0,-6.0,-0.44,6.6,8.3,-1.7,-0.05,0,0,0,0.0
039a4fb6,3,51,0.6,0,0,3,3,0.33,0,2.0,-2.0,-2.76,0.3,1.4,-1.1,-1.36,0,0,0,0.0
03f946ed,19,1011,11.2,12,1,7,1,1.0,13,22.0,-9.0,-1.04,14.1,18.0,-3.9,-0.54,0,0,0,0.0
0472ad0a,0,0,0.0,0,0,0,2,0.0,0,0.0,0.0,0.0,0.0,0.0,0.0,0.0,0,0,0,0.0
0489bb30,0,0,0.0,0,0,0,1,0.0,0,0.0,0.0,0.0,0.0,0.0,0.0,0.0,0,0,0,0.0
04b40c58,0,0,0.0,0,0,0,2,0.0,0,0.0,0.0,0.0,0.0,0.0,0.0,0.0,0,0,0,0.0
04df29a5,22,1061,11.8,12,0,10,2,1.05,16,15.0,1.0,0.41,13.1,14.7,-1.6,0.33,0,0,0,0.0
0588a092,10,419,4.7,5,0,5,13,0.7,3,9.0,-6.0,-0.36,2.7,7.4,-4.8,-0.31,0,0,0,0.0
05f2f323,0,0,0.0,0,0,0,5,0.0,0,0.0,0.0,0.0,0.0,0.0,0.0,0.0,0,0,0,0.0
060606ec,8,290,3.2,3,1,5,11,1.5,3,7.0,-4.0,-1.15,4.2,4.6,-0.4,-0.09,0,0,0,0.0
0630eb63,21,956,10.6,10,2,11,2,1.05,13,11.0,2.0,0.56,12.5,12.1,0.4,0.22,0,0,0,0.0
06b08c45,11,245,2.7,2,0,9,13,1.91,1,3.0,-2.0,-0.41,3.0,4.2,-1.1,0.26,0,0,0,0.0
0728bebe,5,112,1.2,0,0,5,1,1.4,3,1.0,2.0,1.83,2.6,1.8,0.8,0.46,0,0,0,0.0
07ea0ef2,0,0,0.0,0,0,0,19,0.0,0,0.0,0.0,0.0,0.0,0.0,0.0,0.0,0,0,0,0.0
07f8bcc8,20,1035,11.5,12,2,8,3,1.1,8,12.0,-4.0,-0.43,7.2,13.4,-6.2,-0.44,0,0,0,0.0
085e71a7,22,1866,20.7,22,20,0,1,0.82,16,36.0,-20.0,-0.96,18.9,34.0,-15.1,-0.8,1866,22,22,20.7
08aa9cd1,20,1393,15.5,16,7,4,0,1.0,14,19.0,-5.0,0.03,18.9,19.5,-0.6,0.17,0,0,0,0.0
08eb3b58,3,55,0.6,1,0,2,17,2.0,1,1.0,0.0,-0.43,1.3,0.3,1.0,0.87,0,0,0,0.0
09538fdb,20,1223,13.6,13,6,7,0,0.65,10,23.0,-13.0,-0.57,14.1,18.0,-3.9,-0.07,0,0,0,0.0
0967845b,21,1780,19.8,21,19,0,1,1.24,17,23.0,-6.0,0.41,18.7,29.1,-10.4,0.73,0,0,0,0.0
09899de8,0,0,0.0,0,0,0,4,0.0,0,0.0,0.0,0.0,0.0,0.0,0.0,0.0,0,0,0,0.0
0a447501,19,1273,14.1,14,6,5,2,1.16,14,20.0,-6.0,-0.73,18.3,16.3,2.0,0.55,0,0,0,0.0
0a483542,16,896,9.9,10,1,6,8,3.33,11,14.0,-3.0,-0.5,12.3,12.399999999999999,-0.19999999999999996,-0.72,0,0,0,0.0
0ab1f153,18,1171,13.0,15,5,3,0,2.28,24,7.0,17.0,0.94,18.4,12.6,5.8,0.1,0,0,0,0.0
0acda699,0,0,0.0,0,0,0,23,0.0,0,0.0,0.0,0.0,0.0,0.0,0.0,0.0,0,0,0,0.0
0b5a292a,19,1495,16.6,18,6,1,5,2.89,44,11.0,33.0,0.63,35.3,12.3,23.0,0.94,0,0,0,0.0
0ba16279,0,0,0.0,0,0,0,4,0.0,0,0.0,0.0,0.0,0.0,0.0,0.0,0.0,0,0,0,0.0
0be276c6,16,884,9.8,12,4,4,2,1.25,12,10.0,2.0,1.47,11.6,13.9,-2.3,1.11,0,0,0,0.0
0d077b88,24,1845,20.5,23,10,1,0,0.83,20,36.0,-16.0,0.36,21.9,33.6,-11.7,0.33,0,0,0,0.0
0d422df7,24,2160,24.0,24,24,0,0,1.29,33,30.0,3.0,0.0,32.1,32.7,-0.7,0.0,2160,24,24,24.0
0d82903c,20,1410,15.7,16,13,4,2,2.2,31,14.0,17.0,0.61,24.7,16.7,8.1,0.34,0,0,0,0.0
0db169ae,21,1743,19.4,19,14,2,1,1.9,29,25.0,4.0,-1.3,30.0,19.8,10.2,0.25,0,0,0,0.0
0def2376,4,60,0.7,0,0,4,15,0.75,2,2.0,0.0,0.26,0.9,1.1,-0.2,-0.29,0,0,0,0.0
0e0d6c53,1,3,0.0,0,0,1,20,0.0,0,1.0,-1.0,-29.67,0.0,1.1,-1.0,-45.83,0,0,0,0.0
0fa44d75,0,0,0.0,0,0,0,3,0.0,0,0.0,0.0,0.0,0.0,0.0,0.0,0.0,0,0,0,0.0
0fdcef0e,12,295,3.3,2,0,10,12,2.33,4,4.0,0.0,-0.77,5.1,2.7,2.4,-0.09,0,0,0,0.0
0fee6bda,17,1491,16.6,17,14,0,5,1.35,20,20.0,0.0,1.08,21.7,21.2,0.6,0.43,0,0,0,0.0
102e2599,15,931,10.3,13,3,2,5,1.27,9,12.0,-3.0,0.15,8.8,15.2,-6.4,0.07,0,0,0,0.0
108fe016,11,311,3.5,3,0,8,13,1.91,4,2.0,2.0,-0.35,3.7,4.0,-0.3,-0.39,0,0,0,0.0
10b9fa99,18,1540,17.1,18,13,0,0,0.78,14,27.0,-13.0,0.26,18.6,27.2,-8.6,0.4,0,0,0,0.0
10dc46f0,0,0,0.0,0,0,0,20,0.0,0,0.0,0.0,0.0,0.0,0.0,0.0,0.0,0,0,0,0.0
10e7f486,22,1828,20.3,21,19,1,1,1.05,21,31.0,-10.0,-1.03,25.0,27.8,-2.7,-0.23,0,0,0,0.0
11962fe7,0,0,0.0,0,0,0,2,0.0,0,0.0,0.0,0.0,0.0,0.0,0.0,0.0,0,0,0,0.0
1226f0de,0,0,0.0,0,0,0,24,0.0,0,0.0,0.0,0.0,0.0,0.0,0.0,0.0,0,0,0,0.0
12806697,21,1646,18.3,17,16,4,0,0.76,15,26.0,-11.0,0.45,19.1,23.0,-3.9,0.19,0,0,0,0.0
1295552e,1,6,0.1,1,0,0,2,0.0,0,0.0,0.0,0.33,0.0,0.0,0.0,0.1,0,0,0,0.0
13b44b02,19,1198,13.3,13,9,6,5,0.95,11,22.0,-11.0,-1.01,11.6,22.9,-11.3,-0.43,0,0,0,0.0
13b9e2fb,0,0,0.0,0,0,0,4,0.0,0,0.0,0.0,0.0,0.0,0.0,0.0,0.0,0,0,0,0.0
13ea2544,9,377,4.2,5,0,4,11,1.78,2,4.0,-2.0,-1.08,4.3,2.8,1.5,-0.61,0,0,0,0.0
149c5f5d,10,647,7.2,7,4,3,11,0.8,7,11.0,-4.0,-0.62,6.6,10.4,-3.8,-0.31,0,0,0,0.0
14ae023f,0,0,0.0,0,0,0,6,0.0,0,0.0,0.0,0.0,0.0,0.0,0.0,0.0,0,0,0,0.0
14b8fcdf,4,348,3.9,4,3,0,20,2.5,5,0.0,5.0,0.5,6.1,3.2,2.9,0.42,0,0,0,0.0
16463a79,12,377,4.2,5,0,7,10,1.0,1,4.0,-3.0,-0.72,2.5,5.4,-2.9,-0.75,0,0,0,0.0
16657b95,24,1991,22.1,24,17,0,0,1.83,25,16.0,9.0,-0.13,32.6,15.4,17.2,-1.16,0,0,0,0.0
16bb656a,14,951,10.6,12,7,2,3,1.0,10,17.0,-7.0,0.08,10.3,11.9,-1.6,0.18,0,0,0,0.0
16ceb862,22,1452,16.1,17,7,5,1,1.95,25,18.0,7.0,-0.07,22.9,15.7,7.2,-0.09,0,0,0,0.0
174944a3,0,0,0.0,0,0,0,2,0.0,0,0.0,0.0,0.0,0.0,0.0,0.0,0.0,0,0,0,0.0
17f3620a,20,1348,15.0,15,7,5,0,0.95,20,34.0,-14.0,-0.71,15.7,29.0,-13.3,0.0,0,0,0,0.0
18c697e8,0,0,0.0,0,0,0,3,0.0,0,0.0,0.0,0.0,0.0,0.0,0.0,0.0,0,0,0,0.0
18dd3219,6,540,6.0,6,6,0,18,2.0,7,3.0,4.0,-0.28,7.1,5.5,1.7,-0.16,0,0,0,0.0
19cda00b,15,786,8.7,10,1,5,0,2.13,18,13.0,5.0,-0.48,14.1,10.7,3.4,-0.02,0,0,0,0.0
19e4eab9,18,1592,17.7,18,17,0,0,1.5,26,21.0,5.0,0.6,24.8,24.1,0.8,0.27,0,0,0,0.0
1ac232b8,13,946,10.5,12,3,1,1,1.08,10,16.0,-6.0,0.47,8.4,14.6,-6.2,0.06,0,0,0,0.0
1b70f53a,0,0,0.0,0,0,0,4,0.0,0,0.0,0.0,0.0,0.0,0.0,0.0,0.0,0,0,0,0.0
1b9c7401,13,493,5.5,4,1,9,8,0.46,4,13.0,-9.0,-0.83,5.8,12.8,-7.0,-0.64,0,0,0,0.0
1bfe5ac9,2,95,1.1,1,1,1,3,0.5,2,2.0,0.0,0.87,1.6,1.5,0.1,0.77,0,0,0,0.0
1cadaf34,11,315,3.5,3,0,8,5,1.07,4,6.0,-2.0,-0.12,3.6,6.6,-3.0999999999999996,-0.93,0,0,0,0.0
1d4e63b6,4,54,0.6,0,0,4,14,0.25,0,0.0,0.0,0.13,0.6,0.8,-0.1,0.09,0,0,0,0.0
1e9aa637,19,1314,14.6,16,8,3,4,1.79,27,18.0,9.0,0.08,22.1,16.3,5.7,-0.26,0,0,0,0.0
1e9bde92,7,630,7.0,7,7,0,2,1.0,9,17.0,-8.0,-0.67,6.4,14.1,-7.7,-0.29,630,7,7,7.0
1f2d714c,6,226,2.5,3,0,3,2,0.17,2,5.0,-3.0,-0.54,2.6,4.3,-1.8,-0.49,0,0,0,0.0
1fca9171,23,1197,13.3,14,1,9,0,1.17,15,12.0,3.0,0.79,11.9,13.2,-1.2,0.47,0,0,0,0.0
20094685,17,1280,14.2,13,10,4,2,1.18,14,17.0,-3.0,0.3,16.8,20.5,-3.7,-0.39,0,0,0,0.0
204ac005,20,972,10.8,11,4,9,3,1.3,10,18.0,-8.0,-0.89,13.1,17.3,-4.2,-0.6,0,0,0,0.0
20730eae,23,1689,18.8,19,9,4,0,2.04,34,23.0,11.0,0.59,29.6,19.5,10.1,0.29,0,0,0,0.0
20b3a502,21,1581,17.6,18,8,3,1,1.38,23,21.0,2.0,0.74,20.5,21.6,-1.0,0.52,0,0,0,0.0
2110f96c,0,0,0.0,0,0,0,5,0.0,0,0.0,0.0,0.0,0.0,0.0,0.0,0.0,0,0,0,0.0
2146785a,14,1000,11.1,13,6,1,1,1.71,20,20.0,0.0,-0.85,15.7,13.5,2.2,-0.52,0,0,0,0.0
217875a4,4,149,1.7,1,1,3,16,1.75,2,2.0,0.0,0.4,2.8,3.4,-0.6,0.32,0,0,0,0.0
217c93a1,23,960,10.7,8,1,15,1,1.3,19,11.0,8.0,1.12,16.6,12.4,4.2,0.77,0,0,0,0.0
2200181e,10,545,6.1,5,5,5,8,1.4,6,11.0,-5.0,-0.66,5.7,7.3,-1.6,-0.22,0,0,0,0.0
22051fbe,6,309,3.4,3,1,3,7,1.0,3,5.0,-2.0,-0.39,3.1,3.7,-0.6,-0.13,0,0,0,0.0
226008f1,19,1387,15.4,16,9,3,4,1.47,21,18.0,3.0,1.24,21.2,16.7,4.5,0.97,0,0,0,0.0
22ae86f9,10,754,8.4,8,6,2,6,1.0,6,8.0,-2.0,0.72,9.1,9.0,0.1,0.41,0,0,0,0.0
22bfb57e,16,805,8.9,11,0,5,1,1.63,13,11.0,2.0,0.16,11.3,12.9,-1.6,-0.24,0,0,0,0.0
22cd43d2,5,243,2.7,3,0,2,0,1.2,1,3.0,-2.0,-0.08,1.4,4.4,-2.9,-0.22,0,0,0,0.0
22cdb8a6,0,0,0.0,0,0,0,4,0.0,0,0.0,0.0,0.0,0.0,0.0,0.0,0.0,0,0,0,0.0
230a2fac,24,2148,23.9,24,23,0,0,2.71,58,15.0,43.0,1.8,45.9,19.7,26.2,0.4,0,0,0,0.0
230c3f3a,11,357,4.0,3,0,8,8,0.82,2,9.0,-7.0,-1.27,3.7,6.0,-2.2,-0.36,0,0,0,0.0
2374aaca,14,709,7.9,7,4,7,2,1.14,10,10.0,0.0,0.19,11.6,8.8,2.7,0.16,0,0,0,0.0
244bc2c8,21,1555,17.3,17,7,4,1,1.0,23,33.0,-10.0,0.31,17.4,30.8,-13.4,0.4,0,0,0,0.0
246d153b,13,742,8.2,9,4,4,2,1.46,8,7.0,1.0,0.38,11.8,9.7,2.1,0.51,0,0,0,0.0
247ed022,22,1420,15.8,16,10,6,2,1.45,18,17.0,1.0,0.43,18.7,20.6,-2.0,0.21,0,0,0,0.0
24a218e6,0,0,0.0,0,0,0,3,0.0,0,0.0,0.0,0.0,0.0,0.0,0.0,0.0,0,0,0,0.0
24eb7ed6,13,432,4.8,4,1,9,11,1.0,5,6.0,-1.0,0.57,4.2,9.2,-5.0,-0.2,0,0,0,0.0
26777636,4,116,1.3,1,0,3,20,1.75,1,1.0,0.0,-0.48,2.0,1.6,0.4,-0.19,0,0,0,0.0
26c54058,5,356,4.0,4,3,1,17,0.8,2,3.0,-1.0,-0.15,2.7,4.7,-2.0,-0.25,0,0,0,0.0
26db8853,24,2079,23.1,24,17,0,0,1.29,28,30.0,-2.0,-5.64,29.5,31.9,-2.4,-2.0,0,0,0,0.0
270d0d18,0,0,0.0,0,0,0,1,0.0,0,0.0,0.0,0.0,0.0,0.0,0.0,0.0,0,0,0,0.0
277da414,24,2153,23.9,23,23,1,0,1.88,40,19.0,21.0,0.88,33.0,27.0,6.0,-0.45,2153,24,23,23.9
28f66c2e,12,658,7.3,8,2,4,12,1.55,12,12.0,0.0,-2.58,10.7,6.8,3.9000000000000004,-1.29,0,0,0,0.0
2990c466,1,34,0.4,0,0,1,5,1.0,0,1.0,-1.0,-2.56,0.1,1.1,-1.0,-2.43,0,0,0,0.0
2a0e06a2,0,0,0.0,0,0,0,1,0.0,0,0.0,0.0,0.0,0.0,0.0,0.0,0.0,0,0,0,0.0
2a1beb34,21,1704,18.9,20,17,1,0,1.81,33,20.0,13.0,0.49,28.1,20.1,8.0,-0.34,0,0,0,0.0
2a6cd437,9,790,8.8,9,8,0,5,1.44,9,9.0,0.0,0.2,7.6,8.0,-0.4,0.41,0,0,0,0.0
2a7d27c1,24,1960,21.8,24,10,0,0,1.13,24,31.0,-7.0,0.13,27.4,29.3,-2.0,0.1,0,0,0,0.0
2a82aa85,14,412,4.6,3,0,11,9,0.79,6,11.0,-5.0,-0.53,4.4,11.8,-7.4,-0.91,0,0,0,0.0
2b8360f1,5,308,3.4,4,0,1,1,1.0,2,4.0,-2.0,0.14,4.0,2.8,1.2,0.71,0,0,0,0.0
2b9fdeea,4,149,1.7,1,0,3,0,0.5,1,2.0,-1.0,-0.78,1.7,2.9,-1.2,-0.73,0,0,0,0.0
2bffcbf2,1,10,0.1,0,0,1,11,0.0,0,0.0,0.0,1.17,0.2,0.2,-0.1,0.04,0,0,0,0.0
2c38b327,11,422,4.7,5,0,6,8,0.82,5,6.0,-1.0,0.2,3.3,10.0,-6.7,-0.96,0,0,0,0.0
2cb9486d,7,169,1.9,1,0,6,11,0.57,2,5.0,-3.0,-0.83,2.2,4.8,-2.6,-0.84,0,0,0,0.0
2cfae697,20,1400,15.6,16,7,4,1,1.3,17,24.0,-7.0,-1.04,17.9,21.5,-3.6,-0.1,0,0,0,0.0
2d22cea7,17,1400,15.6,17,6,0,0,1.12,20,21.0,-1.0,0.76,20.3,19.1,1.2,0.5,0,0,0,0.0
2d3d7c0d,0,0,0.0,0,0,0,1,0.0,0,0.0,0.0,0.0,0.0,0.0,0.0,0.0,0,0,0,0.0
2d970560,21,510,5.7,3,1,18,3,1.95,7,8.0,-1.0,-1.1,9.0,6.0,3.0,-0.37,0,0,0,0.0
2d9d9e42,0,0,0.0,0,0,0,3,0.0,0,0.0,0.0,0.0,0.0,0.0,0.0,0.0,0,0,0,0.0
2df7cc43,14,1118,12.4,14,9,0,9,0.62,8,21.0,-13.0,-0.58,12.200000000000001,19.7,-7.5,-0.84,0,0,0,0.0
2e7dafe5,0,0,0.0,0,0,0,3,0.0,0,0.0,0.0,0.0,0.0,0.0,0.0,0.0,0,0,0,0.0
2ef7c612,20,746,8.3,6,0,14,3,2.0,15,13.0,2.0,-0.33,13.5,10.7,2.8,-0.21,0,0,0,0.0
2f3452eb,20,899,10.0,9,6,11,3,2.1,21,7.0,14.0,0.9,17.8,10.9,6.9,0.75,0,0,0,0.0
2f45300d,0,0,0.0,0,0,0,17,0.0,0,0.0,0.0,0.0,0.0,0.0,0.0,0.0,0,0,0,0.0
2f69d881,17,1150,12.8,13,7,4,3,0.88,12,15.0,-3.0,1.01,12.3,11.2,1.0,0.73,0,0,0,0.0
2f7acede,7,569,6.3,6,6,1,1,0.29,3,8.0,-5.0,0.51,7.3,9.7,-2.4,0.4,0,0,0,0.0
30223b33,0,0,0.0,0,0,0,24,0.0,0,0.0,0.0,0.0,0.0,0.0,0.0,0.0,0,0,0,0.0
305a3820,0,0,0.0,0,0,0,4,0.0,0,0.0,0.0,0.0,0.0,0.0,0.0,0.0,0,0,0,0.0
30f5ffa9,21,1769,19.7,20,17,1,1,1.95,37,23.0,14.0,0.25,32.8,17.6,15.2,-0.21,0,0,0,0.0
31a62dc7,16,1013,11.3,10,8,6,4,1.94,14,9.0,5.0,0.05,16.9,7.3,9.6,-0.03,0,0,0,0.0
32ebfe1e,7,316,3.5,3,2,4,16,1.29,4,8.0,-4.0,-1.04,4.0,5.2,-1.1,-0.31,0,0,0,0.0
32f76907,0,0,0.0,0,0,0,1,0.0,0,0.0,0.0,0.0,0.0,0.0,0.0,0.0,0,0,0,0.0
3318286e,1,5,0.1,1,0,0,22,3.0,0,0.0,0.0,-0.88,0.1,0.0,0.1,0.74,5,1,1,0.1
33b8d077,14,813,9.0,9,4,5,0,1.79,13,13.0,0.0,-1.07,13.7,9.0,4.7,-0.46,0,0,0,0.0
33ecf462,18,677,7.5,6,0,12,0,0.5,3,12.0,-9.0,-0.04,6.7,13.1,-6.3,-0.25,0,0,0,0.0
343c0d52,14,193,2.1,0,0,14,9,2.5,6,1.0,5.0,0.59,4.6,2.8,1.8,-0.28,0,0,0,0.0
343f753a,17,1530,17.0,17,17,0,4,1.0,19,27.0,-8.0,0.67,17.6,31.2,-13.6,0.29,1530,17,17,17.0
34693494,18,829,9.2,9,1,9,3,1.94,8,4.0,4.0,-0.72,10.9,9.4,1.5,-0.37,0,0,0,0.0
35271c4d,0,0,0.0,0,0,0,1,0.0,0,0.0,0.0,0.0,0.0,0.0,0.0,0.0,0,0,0,0.0
356ae640,0,0,0.0,0,0,0,1,0.0,0,0.0,0.0,0.0,0.0,0.0,0.0,0.0,0,0,0,0.0
356c9002,23,1848,20.5,21,13,2,0,1.04,26,36.0,-10.0,1.24,20.7,36.9,-16.2,0.68,0,0,0,0.0
35a2557c,0,0,0.0,0,0,0,1,0.0,0,0.0,0.0,0.0,0.0,0.0,0.0,0.0,0,0,0,0.0
35b4bc62,0,0,0.0,0,0,0,6,0.0,0,0.0,0.0,0.0,0.0,0.0,0.0,0.0,0,0,0,0.0
3626daea,15,987,11.0,11,6,4,3,1.87,10,12.0,-2.0,-1.1,18.3,8.1,10.2,0.11,0,0,0,0.0
366be751,15,717,8.0,7,3,8,8,2.2,19,7.0,12.0,0.94,12.1,8.2,3.9,0.14,0,0,0,0.0
384d58d9,2,123,1.4,1,1,1,2,2.0,3,1.0,2.0,0.62,2.1,1.8,0.2,-0.24,0,0,0,0.0
38d9ce53,2,52,0.6,0,0,2,13,1.5,2,1.0,1.0,2.12,1.0,1.0,0.0,0.02,0,0,0,0.0
3945ac70,0,0,0.0,0,0,0,20,0.0,0,0.0,0.0,0.0,0.0,0.0,0.0,0.0,0,0,0,0.0
39583cfd,16,1211,13.5,15,8,1,0,1.69,19,15.0,4.0,0.39,17.5,16.2,1.3,0.28,0,0,0,0.0
3b12b11f,9,353,3.9,2,1,7,15,3.25,1,5.0,-4.0,-1.67,3.9,7.0,-3.0,-0.59,0,0,0,0.0
3b333ac3,17,1397,15.5,17,11,0,4,1.82,22,16.0,6.0,-0.56,21.4,17.4,4.1,-0.66,0,0,0,0.0
3b387cc7,4,34,0.4,0,0,4,16,3.0,2,0.0,2.0,3.56,0.9,0.2,0.7,0.9,0,0,0,0.0
3b61c9ec,0,0,0.0,0,0,0,4,0.0,0,0.0,0.0,0.0,0.0,0.0,0.0,0.0,0,0,0,0.0
3b9858f5,0,0,0.0,0,0,0,2,0.0,0,0.0,0.0,0.0,0.0,0.0,0.0,0.0,0,0,0,0.0
3bb7af3b,20,801,8.9,8,0,12,3,1.3,12,13.0,-1.0,0.02,12.7,11.9,0.8,-0.23,0,0,0,0.0
3bb7f478,24,1440,16.0,16,7,8,0,1.96,35,17.0,18.0,1.37,30.8,14.0,16.7,0.71,0,0,0,0.0
3ca7254a,22,1252,13.9,11,2,11,0,1.77,22,14.0,8.0,-0.71,18.9,13.7,5.2,0.29,0,0,0,0.0
3cb132e6,1,21,0.2,0,0,1,1,3.0,0,1.0,-1.0,-4.2,0.6,1.0,-0.4,-1.57,0,0,0,0.0
3cd3b384,23,1851,20.6,21,17,2,1,0.48,10,34.0,-24.0,0.0,17.9,31.7,-13.8,-0.01,0,0,0,0.0
3d13d9e4,17,352,3.9,3,0,14,7,1.24,3,7.0,-4.0,-0.43,4.7,8.6,-4.0,-0.16,0,0,0,0.0
3d50bcdb,22,811,9.0,9,0,13,0,2.0,9,6.0,3.0,-0.87,12.1,9.1,3.0,-0.1,0,0,0,0.0
3d6cee81,5,88,1.0,0,0,5,4,0.4,0,1.0,-1.0,0.15,0.8,1.7,-0.9,-0.31,0,0,0,0.0
3ead85f9,21,1772,19.7,20,18,1,2,1.71,32,17.0,15.0,-0.63,24.1,22.5,1.6,-0.95,0,0,0,0.0
3ec3c1c9,17,1361,15.1,15,12,2,5,1.24,18,19.0,-1.0,0.16,20.7,17.4,3.3,-0.06,0,0,0,0.0
3eed9821,12,943,10.5,11,8,1,9,1.42,13,11.0,2.0,0.56,10.3,11.5,-1.2,0.34,0,0,0,0.0
3ef0a2d7,14,503,5.6,4,2,10,10,1.07,7,4.0,3.0,0.86,9.0,4.6,4.4,0.71,0,0,0,0.0
3f5f38fb,17,1495,16.6,17,15,0,5,1.82,23,14.0,9.0,-1.08,22.9,16.4,6.5,0.45,0,0,0,0.0
3f79a1c8,9,555,6.2,7,3,2,5,0.44,3,13.0,-10.0,-0.84,3.8,11.6,-7.7,-0.64,0,0,0,0.0
3f9d3385,0,0,0.0,0,0,0,1,0.0,0,0.0,0.0,0.0,0.0,0.0,0.0,0.0,0,0,0,0.0
405f6586,16,703,7.8,7,2,9,4,0.56,8,12.0,-4.0,0.29,8.1,9.7,-1.5,0.09,0,0,0,0.0
407feb71,21,1172,13.0,17,0,4,3,1.95,22,15.0,7.0,0.17,20.8,11.7,9.1,0.49,0,0,0,0.0
41c12f75,18,662,7.4,6,5,12,6,2.72,14,4.0,10.0,-0.62,10.8,7.5,3.3,-0.93,0,0,0,0.0
42500d15,0,0,0.0,0,0,0,3,0.0,0,0.0,0.0,0.0,0.0,0.0,0.0,0.0,0,0,0,0.0
4295f19c,4,32,0.4,0,0,4,11,0.5,0,2.0,-2.0,-4.86,0.3,0.4,-0.1,0.36,0,0,0,0.0
42eaa028,22,1350,15.0,15,7,7,2,1.14,17,15.0,2.0,0.69,21.1,16.1,5.0,0.25,0,0,0,0.0
43a166b4,16,629,7.0,6,1,10,2,1.88,11,8.0,3.0,-0.04,9.6,8.2,1.4,-0.39,0,0,0,0.0
4431aed2,19,1362,15.1,17,12,2,1,1.89,27,12.0,15.0,0.31,19.9,19.4,0.4,-0.6,0,0,0,0.0
445ba3ea,0,0,0.0,0,0,0,4,0.0,0,0.0,0.0,0.0,0.0,0.0,0.0,0.0,0,0,0,0.0
44ac04e9,22,1082,12.0,10,5,12,2,1.86,19,10.0,9.0,-0.25,15.5,14.3,1.2,-0.31,0,0,0,0.0
44eb9093,6,175,1.9,1,0,5,15,1.5,4,4.0,0.0,-0.73,4.7,3.1,1.6,0.01,0,0,0,0.0
45191c29,20,1215,13.5,14,5,6,2,1.75,17,12.0,5.0,-0.11,18.5,8.9,9.7,-0.35,0,0,0,0.0
45b9b619,17,436,4.8,4,0,13,2,1.94,9,9.0,0.0,-0.84,8.2,6.5,1.8,-0.55,0,0,0,0.0
46fa7204,23,1574,17.5,18,6,5,1,0.83,16,28.0,-12.0,0.54,17.7,28.7,-11.0,-0.03,0,0,0,0.0
47f2af81,0,0,0.0,0,0,0,24,0.0,0,0.0,0.0,0.0,0.0,0.0,0.0,0.0,0,0,0,0.0
481c9ece,21,1377,15.3,16,6,5,3,1.95,34,17.0,17.0,1.23,28.9,14.0,14.9,0.45,0,0,0,0.0
4830e0af,15,972,10.8,11,6,4,2,0.47,5,18.0,-13.0,-0.07,10.0,16.2,-6.2,0.17,0,0,0,0.0
48c74b27,0,0,0.0,0,0,0,1,0.0,0,0.0,0.0,0.0,0.0,0.0,0.0,0.0,0,0,0,0.0
48d5bd33,15,553,6.1,5,0,10,1,1.67,9,8.0,1.0,-0.57,8.4,7.0,1.4,-0.35,0,0,0,0.0
49136c42,2,18,0.2,0,0,2,2,0.0,0,0.0,0.0,0.13,0.2,0.1,0.2,0.98,0,0,0,0.0
491a433d,20,1134,12.6,12,3,8,2,1.7,30,18.0,12.0,0.78,21.9,13.5,8.5,0.37,0,0,0,0.0
4a537185,2,31,0.3,0,0,2,1,0.0,0,2.0,-2.0,-4.71,0.1,0.5,-0.4,-0.52,0,0,0,0.0
4a5a45c7,20,1672,18.6,20,9,0,3,1.8,24,16.0,8.0,0.06,30.8,12.7,18.1,0.47,0,0,0,0.0
4ae67f27,20,1526,17.0,17,12,3,2,1.3,19,21.0,-2.0,0.02,17.9,20.5,-2.6,-0.25,0,0,0,0.0
4b3e1a38,17,1476,16.4,16,15,1,1,2.71,39,9.0,30.0,0.12,30.5,12.5,18.0,0.0,0,0,0,0.0
4b520f96,0,0,0.0,0,0,0,11,0.0,0,0.0,0.0,0.0,0.0,0.0,0.0,0.0,0,0,0,0.0
4b7a9fcc,0,0,0.0,0,0,0,22,0.0,0,0.0,0.0,0.0,0.0,0.0,0.0,0.0,0,0,0,0.0
4bd00a50,2,122,1.4,1,1,1,1,0.5,1,3.0,-2.0,-0.81,2.0,1.5,0.5,0.66,0,0,0,0.0
4c1e579e,0,0,0.0,0,0,0,4,0.0,0,0.0,0.0,0.0,0.0,0.0,0.0,0.0,0,0,0,0.0
4c62d0c8,8,678,7.5,7,7,1,15,1.88,10,4.0,6.0,-0.11,9.5,10.5,-1.0,-0.77,678,8,7,7.5
4c8845f7,14,624,6.9,8,0,6,7,2.43,5,10.0,-5.0,-1.41,8.2,9.0,-0.7,-0.15,0,0,0,0.0
4cde5509,1,17,0.2,0,0,1,2,3.0,1,0.0,1.0,4.87,0.4,0.1,0.3,1.14,0,0,0,0.0
4d1efb48,1,23,0.3,0,0,1,3,3.0,1,1.0,0.0,0.13,0.4,0.7,-0.3,-0.93,0,0,0,0.0
4d8cd038,22,1130,12.6,13,5,9,1,1.0,13,18.0,-5.0,-0.57,16.1,14.8,1.3,-0.28,0,0,0,0.0
4e0c8d66,23,2070,23.0,23,23,0,1,1.26,28,31.0,-3.0,2.87,28.5,29.2,-0.8,0.62,2070,23,23,23.0
4e1d5e59,3,40,0.5,0,0,3,9,5.0,1,0.0,1.0,3.82,0.9,0.4,0.6,1.14,0,0,0,0.0
4e358a2d,12,1059,11.8,12,10,0,1,1.25,19,19.0,0.0,1.31,14.9,22.1,-7.2,0.53,0,0,0,0.0
4e6dbac4,22,1830,20.3,21,14,1,1,1.77,35,16.0,19.0,0.39,27.4,24.2,3.2,-0.61,0,0,0,0.0
50841bef,8,520,5.8,5,5,3,15,1.88,5,9.0,-4.0,-0.8,5.7,9.7,-4.0,-0.66,0,0,0,0.0
5128bde4,20,1562,17.4,19,10,1,0,0.85,16,23.0,-7.0,1.1,17.3,20.1,-2.8,0.36,0,0,0,0.0
526f0d08,0,0,0.0,0,0,0,12,0.0,0,0.0,0.0,0.0,0.0,0.0,0.0,0.0,0,0,0,0.0
528492ea,14,597,6.6,7,0,7,6,1.29,7,7.0,0.0,0.17,8.4,7.2,1.2,-0.08,0,0,0,0.0
5294a83f,21,1233,13.7,13,6,8,2,1.86,29,8.0,21.0,1.53,21.6,14.1,7.5,0.69,0,0,0,0.0
52ec54d0,11,602,6.7,6,6,5,4,2.36,14,4.0,10.0,0.86,12.4,7.8,4.6,0.41,0,0,0,0.0
536cebe5,15,529,5.9,5,0,10,2,1.93,14,8.0,6.0,0.74,10.3,6.4,3.9,0.24,0,0,0,0.0
539230cf,1,47,0.5,1,0,0,1,0.0,0,2.0,-2.0,-3.66,0.1,1.0,-0.9,-1.8,0,0,0,0.0
53a0e358,15,1014,11.3,12,7,3,1,1.13,14,16.0,-2.0,0.29,16.2,14.1,2.1,0.53,0,0,0,0.0
53de807a,0,0,0.0,0,0,0,19,3.0,1,0.0,1.0,0.0,0.0,0.0,0.0,0.0,0,0,0,0.0
53e494ec,0,0,0.0,0,0,0,22,0.0,0,0.0,0.0,0.0,0.0,0.0,0.0,0.0,0,0,0,0.0
5417a3bf,0,0,0.0,0,0,0,1,0.0,0,0.0,0.0,0.0,0.0,0.0,0.0,0.0,0,0,0,0.0
548bd0de,2,46,0.5,1,0,1,7,0.5,0,0.0,0.0,0.13,0.4,0.4,0.0,0.17,0,0,0,0.0
54ab971f,5,229,2.5,1,0,4,2,0.2,1,6.0,-5.0,-1.92,2.4,4.3,-1.8,-0.75,0,0,0,0.0
54e53b7e,24,1581,17.6,21,5,3,0,1.21,19,29.0,-10.0,-1.19,21.2,21.9,-0.7,0.06,0,0,0,0.0
54f6afe3,1,74,0.8,0,0,1,23,1.0,1,2.0,-1.0,-0.4,0.9,2.0,-1.1,-0.8,74,1,0,0.8
5585dc1e,0,0,0.0,0,0,0,24,0.0,0,0.0,0.0,0.0,0.0,0.0,0.0,0.0,0,0,0,0.0
55a1cac2,13,574,6.4,6,2,7,11,2.08,14,9.0,5.0,0.44,9.0,7.3,1.6,-0.3,0,0,0,0.0
563a68ad,20,1295,14.4,16,6,4,0,1.25,20,23.0,-3.0,-0.31,15.4,18.3,-2.9,-0.02,0,0,0,0.0
570bb4b9,11,591,6.6,6,1,5,0,0.73,10,10.0,0.0,0.46,9.6,9.4,0.2,0.18,0,0,0,0.0
5722eced,4,238,2.6,4,0,0,0,0.5,1,2.0,-1.0,0.89,1.9,3.9,-2.0,-0.1,0,0,0,0.0
57469b2d,10,403,4.5,4,2,6,13,1.67,5,8.0,-3.0,-0.14,6.6,6.0,0.6000000000000001,0.83,0,0,0,0.0
58a2e9f6,1,10,0.1,0,0,1,5,0.0,0,1.0,-1.0,-8.33,0.2,0.3,-0.1,-0.4,0,0,0,0.0
58aed729,0,0,0.0,0,0,0,1,0.0,0,0.0,0.0,0.0,0.0,0.0,0.0,0.0,0,0,0,0.0
58e933d2,20,1437,16.0,17,8,3,4,1.15,16,23.0,-7.0,-0.94,21.7,18.2,3.4,-0.07,0,0,0,0.0
5976f83e,8,329,3.7,2,1,6,6,1.63,10,7.0,3.0,0.43,6.1,5.7,0.4,-0.43,0,0,0,0.0
599d91d0,7,245,2.7,3,0,4,17,1.86,3,2.0,1.0,0.56,2.9,3.5,-0.6,-0.18,0,0,0,0.0
59bf127b,1,8,0.1,0,0,1,20,3.0,0,0.0,0.0,-0.46,0.6,0.1,0.4,4.31,0,0,0,0.0
5a08ee41,24,2160,24.0,24,24,0,0,1.13,24,27.0,-3.0,0.0,20.6,27.9,-7.3,0.0,0,0,0,0.0
5a2cb25d,21,1388,15.4,17,8,4,2,1.1,15,22.0,-7.0,-0.92,21.2,17.6,3.7,0.0,0,0,0,0.0
5aa1a2a7,0,0,0.0,0,0,0,2,0.0,0,0.0,0.0,0.0,0.0,0.0,0.0,0.0,0,0,0,0.0
5aa53281,24,2001,22.2,24,16,0,0,1.83,27,19.0,8.0,-0.77,33.9,16.4,17.4,-1.13,0,0,0,0.0
5bd72174,24,1798,20.0,21,9,3,0,1.62,15,29.0,-14.0,0.59,15.9,28.0,-12.100000000000001,0.23,0,0,0,0.0
5cbb5ad6,12,521,5.8,4,1,8,12,1.08,3,5.0,-2.0,0.48,6.0,4.7,1.3,0.64,0,0,0,0.0
5cdddffa,22,567,6.3,6,0,16,1,2.68,7,6.0,1.0,-2.21,9.9,5.2,4.7,-0.47,0,0,0,0.0
5cec2c74,18,1284,14.3,16,8,2,0,0.61,9,27.0,-18.0,-0.65,13.6,26.4,-12.7,-0.28,0,0,0,0.0
5cf5c9ad,4,190,2.1,2,0,2,2,0.25,2,4.0,-2.0,-0.13,1.5,3.0,-1.5,-0.08,0,0,0,0.0
5de3866c,22,1515,16.8,17,9,5,2,1.32,23,18.0,5.0,1.83,23.0,20.7,2.3,0.66,0,0,0,0.0
5e834dce,15,746,8.3,9,1,6,4,0.33,9,17.0,-8.0,0.05,10.0,16.7,-6.8,-0.06,0,0,0,0.0
5e861944,20,884,9.8,11,0,9,4,2.65,19,8.0,11.0,-1.14,19.8,9.0,10.8,0.0,0,0,0,0.0
5eae500a,12,588,6.5,7,1,5,0,1.92,8,4.0,4.0,-0.07,11.0,4.8,6.2,0.18,0,0,0,0.0
5eaed77a,12,785,8.7,8,7,4,8,0.58,8,15.0,-7.0,0.31,8.3,15.5,-7.3,-0.09,0,0,0,0.0
5efc5389,17,984,10.9,11,5,6,7,1.18,14,18.0,-4.0,-0.52,11.5,13.8,-2.4,-0.04,0,0,0,0.0
5fa57166,9,410,4.6,4,1,5,5,0.78,3,16.0,-13.0,-2.7,3.7,11.7,-8.0,-1.08,0,0,0,0.0
5fd5ed86,20,1753,19.5,20,17,0,0,1.9,30,19.0,11.0,-1.65,25.9,22.6,3.3,-1.21,0,0,0,0.0
60e3603d,1,33,0.4,0,0,1,2,0.0,0,1.0,-1.0,-1.58,0.6,0.4,0.3,1.37,0,0,0,0.0
61b3978f,15,1198,13.3,15,10,0,9,0.6,8,20.0,-12.0,0.6,9.2,18.8,-9.6,-0.11,0,0,0,0.0
6213fd82,20,1520,16.9,18,11,2,0,0.8,16,26.0,-10.0,0.81,17.8,26.1,-8.4,0.42,0,0,0,0.0
62437b4f,5,152,1.7,1,0,4,3,0.6,0,2.0,-2.0,-0.02,0.7,3.5,-2.8,-1.04,0,0,0,0.0
6499048c,16,487,5.4,4,0,12,8,1.06,8,5.0,3.0,1.04,7.3,6.0,1.3,0.39,0,0,0,0.0
649b01d8,24,2160,24.0,24,24,0,0,0.46,11,39.0,-28.0,0.0,20.9,36.9,-16.0,0.0,2160,24,24,24.0
65fd099c,14,319,3.5,2,0,12,9,1.14,2,4.0,-2.0,-0.27,2.5,5.0,-2.5,-0.71,0,0,0,0.0
6662d731,0,0,0.0,0,0,0,6,0.0,0,0.0,0.0,0.0,0.0,0.0,0.0,0.0,0,0,0,0.0
66c6680a,0,0,0.0,0,0,0,8,0.0,0,0.0,0.0,0.0,0.0,0.0,0.0,0.0,0,0,0,0.0
674cfc5a,22,1548,17.2,19,2,3,0,1.18,19,23.0,-4.0,-0.38,14.7,21.4,-6.6,-0.29,0,0,0,0.0
67f649be,9,810,9.0,9,9,0,0,0.33,7,19.0,-12.0,-0.53,8.6,19.1,-10.5,-0.63,810,9,9,9.0
6800563c,0,0,0.0,0,0,0,1,0.0,0,0.0,0.0,0.0,0.0,0.0,0.0,0.0,0,0,0,0.0
68b2281a,0,0,0.0,0,0,0,14,0.0,0,0.0,0.0,0.0,0.0,0.0,0.0,0.0,0,0,0,0.0
6928979a,23,1792,19.9,21,13,2,0,1.91,39,25.0,14.0,0.21,34.7,19.2,15.5,-0.19,0,0,0,0.0
6ab58a9b,0,0,0.0,0,0,0,9,0.0,0,0.0,0.0,0.0,0.0,0.0,0.0,0.0,0,0,0,0.0
6af30900,15,980,10.9,11,6,4,4,1.47,11,11.0,0.0,0.69,11.3,16.2,-4.9,0.37,0,0,0,0.0
6b635f5c,17,1475,16.4,16,16,1,0,1.18,16,18.0,-2.0,0.8,15.6,22.9,-7.3,0.64,0,0,0,0.0
6bb2c084,22,1850,20.6,22,14,0,0,2.68,51,13.0,38.0,0.4,39.2,17.0,22.3,-0.08,0,0,0,0.0
6c4307ee,0,0,0.0,0,0,0,6,0.0,0,0.0,0.0,0.0,0.0,0.0,0.0,0.0,0,0,0,0.0
6caffe81,1,68,0.8,1,0,0,5,3.0,2,2.0,0.0,-0.9,0.9,0.7,0.2,-0.14,0,0,0,0.0
6cc97b6a,13,510,5.7,6,1,7,0,1.0,5,7.0,-2.0,0.03,4.9,10.4,-5.5,-0.42,0,0,0,0.0
6e058f06,16,625,6.9,7,1,9,6,2.53,10,5.0,5.0,-2.88,12.0,6.4,5.6,-1.12,0,0,0,0.0
6eee05f1,12,803,8.9,8,7,4,5,1.42,10,9.0,1.0,-0.75,12.6,9.5,3.1,-0.24,0,0,0,0.0
6f1d7aa8,0,0,0.0,0,0,0,5,0.0,0,0.0,0.0,0.0,0.0,0.0,0.0,0.0,0,0,0,0.0
6f30a1d5,0,0,0.0,0,0,0,3,0.0,0,0.0,0.0,0.0,0.0,0.0,0.0,0.0,0,0,0,0.0
6fdac234,19,1563,17.4,19,16,0,3,1.21,20,21.0,-1.0,-0.66,21.7,24.2,-2.4,-0.41,0,0,0,0.0
707b98f1,4,14,0.2,0,0,4,15,1.0,0,0.0,0.0,-0.67,0.2,0.4,-0.2,-2.31,0,0,0,0.0
70a10677,0,0,0.0,0,0,0,2,0.0,0,0.0,0.0,0.0,0.0,0.0,0.0,0.0,0,0,0,0.0
71005acd,12,231,2.6,0,0,12,11,0.5,1,4.0,-3.0,-0.56,2.1,6.1,-3.9,-0.72,0,0,0,0.0
71c620d7,0,0,0.0,0,0,0,1,0.0,0,0.0,0.0,0.0,0.0,0.0,0.0,0.0,0,0,0,0.0
71dc23da,9,508,5.6,6,3,3,13,0.67,5,9.0,-4.0,0.38,3.8,10.9,-7.1,-0.64,0,0,0,0.0
72f87f25,5,191,2.1,2,0,3,15,1.0,2,0.0,2.0,0.58,2.5,1.4,1.1,-0.37,0,0,0,0.0
74136982,0,0,0.0,0,0,0,2,0.0,0,0.0,0.0,0.0,0.0,0.0,0.0,0.0,0,0,0,0.0
74419746,9,810,9.0,9,9,0,12,1.67,17,14.0,3.0,-0.53,15.9,8.8,7.2,-0.03,810,9,9,9.0
74af9f8c,0,0,0.0,0,0,0,3,0.0,0,0.0,0.0,0.0,0.0,0.0,0.0,0.0,0,0,0,0.0
75b86fb3,19,1447,16.1,17,12,2,5,1.95,32,18.0,14.0,0.62,28.2,14.1,14.1,0.2,0,0,0,0.0
75e60d75,17,830,9.3,8,2,9,6,3.38,3,16.0,-13.0,-0.3,0.0,0.0,0.0,0.0,0,0,0,0.0
75f2c59f,21,1735,19.3,21,12,0,2,1.29,29,26.0,3.0,0.16,25.3,26.0,-0.7,-0.03,0,0,0,0.0
76451f32,0,0,0.0,0,0,0,1,0.0,0,0.0,0.0,0.0,0.0,0.0,0.0,0.0,0,0,0,0.0
76b2817e,19,892,9.9,8,5,11,2,1.26,15,14.0,1.0,-0.04,14.2,14.6,-0.4,-0.01,0,0,0,0.0
76ff8d0d,21,921,10.2,11,1,10,3,1.19,11,20.0,-9.0,-0.95,13.0,15.0,-2.0,-0.17,0,0,0,0.0
771a2cfe,1,15,0.2,0,0,1,13,0.0,0,1.0,-1.0,-5.03,0.0,0.1,-0.1,0.12,0,0,0,0.0
77d6fd4d,24,2160,24.0,24,24,0,0,1.17,22,31.0,-9.0,0.0,22.9,38.6,-15.7,0.0,2160,24,24,24.0
780e3631,22,1793,19.9,21,14,1,1,1.32,24,27.0,-3.0,0.59,25.6,24.7,0.9,0.61,0,0,0,0.0
78e6bf2c,1,54,0.6,1,0,0,22,1.0,0,1.0,-1.0,-1.58,0.1,0.4,-0.3,-0.43,0,0,0,0.0
78f13530,5,104,1.2,1,0,4,3,2.0,2,1.0,1.0,0.47,1.4,1.4,0.1,-0.84,0,0,0,0.0
79083382,7,599,6.7,7,6,0,16,3.0,16,3.0,13.0,0.22,13.4,6.0,7.4,0.02,0,0,0,0.0
79194648,0,0,0.0,0,0,0,15,0.0,0,0.0,0.0,0.0,0.0,0.0,0.0,0.0,0,0,0,0.0
79370f8c,11,461,5.1,5,0,6,5,1.09,4,5.0,-1.0,-0.09,3.1,4.2,-1.1,0.12,0,0,0,0.0
79443529,15,1191,13.2,14,5,1,1,2.0,23,8.0,15.0,0.58,18.9,14.0,4.9,-0.05,0,0,0,0.0
79b0d6a0,24,2160,24.0,24,24,0,0,1.83,31,21.0,10.0,0.0,38.1,17.2,20.8,0.0,2160,24,24,24.0
79ca3e23,5,388,4.3,4,3,1,0,1.0,2,5.0,-3.0,0.02,4.4,3.4,1.0,0.59,0,0,0,0.0
7ae36711,7,342,3.8,4,1,3,5,1.14,3,7.0,-4.0,-1.15,3.9,6.8,-2.9,-0.68,0,0,0,0.0
7afb1573,13,725,8.1,8,3,5,10,1.08,8,13.0,-5.0,-0.56,10.9,12.3,-1.4,-0.17,0,0,0,0.0
7b075c75,15,1232,13.7,14,12,1,3,1.47,19,19.0,0.0,0.19,16.4,16.7,-0.3,0.4,0,0,0,0.0
7b5f516f,0,0,0.0,0,0,0,23,0.0,0,0.0,0.0,0.0,0.0,0.0,0.0,0.0,0,0,0,0.0
7c104bb7,23,1457,16.2,18,3,5,1,1.65,30,19.0,11.0,0.3,27.8,16.8,11.1,0.58,0,0,0,0.0
7cd520e8,20,1733,19.3,20,14,0,0,1.45,25,20.0,5.0,0.68,27.9,24.7,3.2,0.99,0,0,0,0.0
7d3cbc67,21,1535,17.1,18,11,3,1,0.48,9,27.0,-18.0,0.38,16.5,25.6,-9.1,0.46,0,0,0,0.0
7eb97a8e,10,421,4.7,5,1,5,6,0.9,5,5.0,0.0,0.1,6.1,5.0,1.1,0.53,0,0,0,0.0
7ed4921e,3,262,2.9,3,2,0,0,1.0,2,5.0,-3.0,-0.41,1.9,4.8,-2.9,-0.11,0,0,0,0.0
7edfbb8a,21,1757,19.5,20,18,1,0,2.1,37,20.0,17.0,2.21,33.1,18.6,14.4,1.41,0,0,0,0.0
7ef972c3,15,1211,13.5,13,11,2,3,1.0,16,24.0,-8.0,0.16,13.0,26.2,-13.2,-0.21,0,0,0,0.0
7f609bfc,17,1448,16.1,17,13,0,3,1.82,24,20.0,4.0,1.01,19.5,20.4,-0.9,0.42,0,0,0,0.0
7f78ad23,21,1538,17.1,16,13,5,2,1.19,19,20.0,-1.0,0.23,18.4,19.4,-1.0,0.07,0,0,0,0.0
7fac99d4,23,1683,18.7,18,14,5,0,1.09,16,28.0,-12.0,-1.21,16.2,30.7,-14.5,-0.55,0,0,0,0.0
7fe90ccd,8,444,4.9,6,1,2,0,2.0,13,4.0,9.0,1.56,10.1,4.2,6.0,0.9,0,0,0,0.0
8011fbc2,0,0,0.0,0,0,0,3,0.0,0,0.0,0.0,0.0,0.0,0.0,0.0,0.0,0,0,0,0.0
801831fe,11,351,3.9,1,0,10,8,0.36,1,7.0,-6.0,-0.84,4.4,7.1,-2.6,-0.07,0,0,0,0.0
80490d7f,20,1730,19.2,20,18,0,1,1.7,29,23.0,6.0,1.99,23.2,24.6,-1.4,0.61,0,0,0,0.0
80556f08,16,393,4.4,4,0,12,8,1.88,3,6.0,-3.0,-1.91,5.2,4.1,1.0,-0.02,0,0,0,0.0
817c6964,13,893,9.9,10,4,3,3,2.15,16,12.0,4.0,-0.09,15.9,10.7,5.2,0.09,0,0,0,0.0
822ed0ec,24,1994,22.2,22,21,2,0,1.13,22,26.0,-4.0,-0.72,18.9,27.1,-8.2,-0.83,0,0,0,0.0
82598b71,13,582,6.5,5,4,8,10,3.97,10,7.0,3.0,1.11,7.9,6.9,0.8999999999999999,0.15,0,0,0,0.0
82efe6fa,23,2070,23.0,23,23,0,0,1.78,29,21.0,8.0,-1.65,37.1,16.8,20.3,0.31,0,0,0,0.0
84594618,0,0,0.0,0,0,0,6,0.0,0,0.0,0.0,0.0,0.0,0.0,0.0,0.0,0,0,0,0.0
854ee61a,13,585,6.5,7,0,6,0,1.23,8,9.0,-1.0,0.25,7.9,8.7,-0.7,-0.01,0,0,0,0.0
85613cf0,17,986,11.0,10,6,7,0,2.0,22,9.0,13.0,0.57,18.5,11.2,7.3,0.5,0,0,0,0.0
85a44ecc,22,1786,19.8,21,14,1,0,1.0,26,40.0,-14.0,-0.22,20.4,38.2,-17.7,-0.03,0,0,0,0.0
85f7d1be,24,1850,20.6,19,18,5,0,1.96,38,30.0,8.0,-0.48,32.7,23.1,9.6,-0.06,0,0,0,0.0
86383d0e,22,1347,15.0,17,2,5,2,1.23,12,17.0,-5.0,0.11,14.7,20.6,-5.9,0.69,0,0,0,0.0
8650af85,21,1534,17.0,17,15,4,2,1.0,16,27.0,-11.0,-1.08,21.5,23.7,-2.2,-0.1,0,0,0,0.0
867239d3,1,22,0.2,0,0,1,1,3.0,2,0.0,2.0,7.38,0.7,0.1,0.6,2.12,0,0,0,0.0
8697c095,0,0,0.0,0,0,0,1,0.0,0,0.0,0.0,0.0,0.0,0.0,0.0,0.0,0,0,0,0.0
875d65d1,0,0,0.0,0,0,0,17,0.0,0,0.0,0.0,0.0,0.0,0.0,0.0,0.0,0,0,0,0.0
8794e251,20,1668,18.5,19,15,1,0,2.25,34,14.0,20.0,0.9,28.1,16.6,11.5,0.99,0,0,0,0.0
880fcdbb,0,0,0.0,0,0,0,24,0.0,0,0.0,0.0,0.0,0.0,0.0,0.0,0.0,0,0,0,0.0
88f53b75,3,37,0.4,0,0,3,6,1.0,0,0.0,0.0,0.08,0.5,0.1,0.4,1.1,0,0,0,0.0
8961065a,0,0,0.0,0,0,0,4,0.0,0,0.0,0.0,0.0,0.0,0.0,0.0,0.0,0,0,0,0.0
89976232,17,1376,15.3,16,12,1,0,1.71,21,13.0,8.0,2.13,20.1,16.6,3.5,0.79,0,0,0,0.0
8a6de8c7,24,1157,12.9,13,2,11,0,1.13,10,15.0,-5.0,-0.57,10.2,15.8,-5.6,-0.28,0,0,0,0.0
8aa135ca,0,0,0.0,0,0,0,6,0.0,0,0.0,0.0,0.0,0.0,0.0,0.0,0.0,0,0,0,0.0
8b38f187,0,0,0.0,0,0,0,1,0.0,0,0.0,0.0,0.0,0.0,0.0,0.0,0.0,0,0,0,0.0
8b609c34,18,1185,13.2,12,7,6,3,1.11,17,17.0,0.0,0.28,12.8,14.8,-2.1,-0.17,0,0,0,0.0
8b66d9cc,11,354,3.9,3,0,8,8,1.0,6,5.0,1.0,0.45,6.1,3.7,2.4,0.84,0,0,0,0.0
8b8a56ce,11,668,7.4,8,2,3,9,1.64,5,5.0,0.0,-0.66,8.2,7.9,0.4,-0.61,0,0,0,0.0
8b95acda,16,1384,15.4,15,14,1,0,0.44,6,25.0,-19.0,-0.19,13.4,22.8,-9.5,0.14,0,0,0,0.0
8bbe2df5,19,1265,14.1,13,9,6,5,0.89,15,32.0,-17.0,-1.31,12.8,28.4,-15.6,-0.54,0,0,0,0.0
8bc8829a,0,0,0.0,0,0,0,3,0.0,0,0.0,0.0,0.0,0.0,0.0,0.0,0.0,0,0,0,0.0
8c63fae5,3,265,2.9,3,2,0,19,1.33,3,2.0,1.0,0.53,3.7,2.5,1.2,0.2,0,0,0,0.0
8c65eb5f,3,63,0.7,0,0,3,12,0.67,2,0.0,2.0,2.81,0.8,0.2,0.6,0.86,0,0,0,0.0
8c90fd7a,20,1658,18.4,19,8,1,0,2.65,45,11.0,34.0,0.23,34.1,13.6,20.6,0.09,0,0,0,0.0
8c964914,0,0,0.0,0,0,0,4,0.0,0,0.0,0.0,0.0,0.0,0.0,0.0,0.0,0,0,0,0.0
8cabdc1e,22,1980,22.0,22,22,0,0,1.18,26,32.0,-6.0,0.73,27.7,28.1,-0.4,0.98,1980,22,22,22.0
8cc29864,0,0,0.0,0,0,0,1,0.0,0,0.0,0.0,0.0,0.0,0.0,0.0,0.0,0,0,0,0.0
8d3cd59d,21,1849,20.5,21,18,0,0,1.24,26,28.0,-2.0,1.06,26.7,24.9,1.8,1.03,0,0,0,0.0
8da74c05,23,1832,20.4,21,14,2,1,0.74,17,33.0,-16.0,-0.51,19.4,26.4,-7.0,-0.57,0,0,0,0.0
8daee720,2,11,0.1,0,0,2,12,0.5,0,0.0,0.0,-0.13,0.2,0.3,-0.2,-1.33,0,0,0,0.0
8dfed6e9,4,174,1.9,2,0,2,0,1.0,1,2.0,-1.0,0.21,1.9,1.0,0.9,0.76,0,0,0,0.0
8ec109e6,13,845,9.4,9,8,4,11,1.85,14,8.0,6.0,0.09,14.9,8.0,6.9,0.4,0,0,0,0.0
8ec56e62,15,1350,15.0,15,15,0,2,0.6,12,24.0,-12.0,0.53,15.6,23.7,-8.1,0.63,1350,15,15,15.0
8ef2452a,0,0,0.0,0,0,0,22,0.0,0,0.0,0.0,0.0,0.0,0.0,0.0,0.0,0,0,0,0.0
8f3f09e3,0,0,0.0,0,0,0,3,0.0,0,0.0,0.0,0.0,0.0,0.0,0.0,0.0,0,0,0,0.0
8f5cdf66,3,44,0.5,0,0,3,1,1.33,0,0.0,0.0,0.72,0.1,1.0,-0.8,-1.47,0,0,0,0.0
8f68aa41,4,172,1.9,1,1,3,19,0.75,3,6.0,-3.0,-1.43,1.7,2.2,-0.5,-0.22,0,0,0,0.0
8f866fe8,22,1278,14.2,14,5,8,2,0.45,7,22.0,-15.0,0.27,14.1,22.4,-8.4,0.19,0,0,0,0.0
8fef5412,1,23,0.3,0,0,1,7,0.0,0,1.0,-1.0,-2.78,0.0,0.2,-0.2,-0.04,0,0,0,0.0
9142b22f,0,0,0.0,0,0,0,2,0.0,0,0.0,0.0,0.0,0.0,0.0,0.0,0.0,0,0,0,0.0
919dd4b1,0,0,0.0,0,0,0,1,0.0,0,0.0,0.0,0.0,0.0,0.0,0.0,0.0,0,0,0,0.0
91d0fabf,5,173,1.9,2,0,3,19,1.6,6,5.0,1.0,0.93,2.7,2.8,-0.1,0.08,0,0,0,0.0
91ff775f,17,578,6.4,4,1,13,3,1.29,10,7.0,3.0,1.15,8.3,10.2,-1.9,0.49,0,0,0,0.0
921f6058,8,415,4.6,5,3,3,1,1.38,17,9.0,8.0,1.43,9.3,5.9,3.4,0.3,0,0,0,0.0
9250bcff,16,478,5.3,3,1,13,8,0.88,8,6.0,2.0,0.8,8.1,6.7,1.4,0.43,0,0,0,0.0
92948398,0,0,0.0,0,0,0,1,0.0,0,0.0,0.0,0.0,0.0,0.0,0.0,0.0,0,0,0,0.0
93088fbb,1,9,0.1,0,0,1,4,1.0,0,0.0,0.0,-0.46,0.1,0.2,-0.1,-1.82,0,0,0,0.0
933d3b51,21,1694,18.8,19,13,2,2,1.14,16,24.0,-8.0,-1.39,19.4,23.6,-4.2,-0.66,0,0,0,0.0
93c7658d,0,0,0.0,0,0,0,1,0.0,0,0.0,0.0,0.0,0.0,0.0,0.0,0.0,0,0,0,0.0
9413b19f,24,2160,24.0,24,24,0,0,2.71,58,15.0,43.0,0.0,46.0,19.7,26.3,0.0,2160,24,24,24.0
94816803,7,432,4.8,5,1,2,2,1.29,4,3.0,1.0,0.42,6.8,4.1,2.7,0.4,0,0,0,0.0
94b2001f,24,2083,23.1,23,23,1,0,2.08,39,17.0,22.0,2.12,34.3,24.2,10.1,1.15,0,0,0,0.0
957e4c87,11,679,7.5,9,4,2,1,1.18,13,10.0,3.0,1.55,10.3,11.5,-1.2,1.06,0,0,0,0.0
958a601f,0,0,0.0,0,0,0,1,0.0,0,0.0,0.0,0.0,0.0,0.0,0.0,0.0,0,0,0,0.0
963a328b,23,850,9.4,10,0,13,0,1.35,11,12.0,-1.0,-0.38,12.5,12.0,0.5,0.13,0,0,0,0.0
96640846,0,0,0.0,0,0,0,21,0.0,0,0.0,0.0,0.0,0.0,0.0,0.0,0.0,0,0,0,0.0
966eea58,23,1283,14.3,15,2,8,0,1.3,19,19.0,0.0,-0.31,18.9,20.3,-1.4,-0.18,0,0,0,0.0
968ddd14,0,0,0.0,0,0,0,4,0.0,0,0.0,0.0,0.0,0.0,0.0,0.0,0.0,0,0,0,0.0
96e0490d,19,1193,13.3,15,4,4,3,1.84,18,15.0,3.0,-0.98,19.6,11.7,8.0,-0.47,0,0,0,0.0
970b8574,23,1590,17.7,20,2,3,0,2.04,34,17.0,17.0,1.12,30.9,15.2,15.7,0.29,0,0,0,0.0
9823be92,16,1214,13.5,13,9,3,2,1.69,17,11.0,6.0,1.3,13.7,14.2,-0.6,0.09,0,0,0,0.0
983ff2c7,10,601,6.7,6,2,4,14,0.7,6,10.0,-4.0,-0.66,7.9,7.7,0.2,-0.29,0,0,0,0.0
98a84572,14,332,3.7,3,0,11,8,1.0,6,6.0,0.0,0.39,6.8,6.5,0.3,0.22,0,0,0,0.0
9907b1c8,13,890,9.9,12,4,1,1,1.85,7,8.0,-1.0,-0.88,14.2,6.5,7.7,-0.14,0,0,0,0.0
997fff07,22,1894,21.0,22,19,0,0,1.09,19,28.0,-9.0,-0.43,19.5,34.3,-14.7,-0.39,0,0,0,0.0
99a4bb79,0,0,0.0,0,0,0,1,0.0,0,0.0,0.0,0.0,0.0,0.0,0.0,0.0,0,0,0,0.0
9ba7b4fa,20,930,10.3,9,7,11,3,1.15,15,14.0,1.0,-0.05,13.0,13.5,-0.5,-0.04,0,0,0,0.0
9c435456,4,90,1.0,0,0,4,16,1.75,3,2.0,1.0,0.13,1.7,1.7,0.1,-0.21,0,0,0,0.0
9d376bef,0,0,0.0,0,0,0,1,0.0,0,0.0,0.0,0.0,0.0,0.0,0.0,0.0,0,0,0,0.0
9d4c45d6,22,1172,13.0,13,3,9,2,1.59,20,12.0,8.0,1.53,15.0,16.0,-1.0,0.27,0,0,0,0.0
9d60028d,11,391,4.3,5,0,6,3,0.64,3,7.0,-4.0,-0.11,2.1,5.1,-3.0,-0.09,0,0,0,0.0
9e1577aa,22,1729,19.2,20,15,2,2,1.23,21,27.0,-6.0,-0.94,25.9,23.4,2.5,-0.54,0,0,0,0.0
9ee1d39e,0,0,0.0,0,0,0,1,0.0,0,0.0,0.0,0.0,0.0,0.0,0.0,0.0,0,0,0,0.0
9ef42479,16,1029,11.4,13,3,3,3,0.5,10,17.0,-7.0,0.18,10.9,15.5,-4.6,-0.28,0,0,0,0.0
9f1893b9,24,1867,20.7,22,13,2,0,1.88,33,15.0,18.0,-0.05,29.0,22.3,6.8,0.54,0,0,0,0.0
9f2fb1c7,0,0,0.0,0,0,0,2,0.0,0,0.0,0.0,0.0,0.0,0.0,0.0,0.0,0,0,0,0.0
9f5a610b,24,2160,24.0,24,24,0,0,1.13,24,27.0,-3.0,0.0,20.6,27.9,-7.3,0.0,2160,24,24,24.0
9f84febe,11,639,7.1,8,2,3,1,1.55,8,7.0,1.0,-0.39,11.2,6.2,5.1,-0.21,0,0,0,0.0
9fa26bc2,24,2160,24.0,24,24,0,0,1.29,26,29.0,-3.0,0.0,26.5,28.4,-1.9,0.0,2160,24,24,24.0
a0aee24e,4,58,0.6,0,0,4,1,1.0,0,2.0,-2.0,-2.33,0.1,1.4,-1.3,-1.41,0,0,0,0.0
a111cf41,18,1537,17.1,18,17,0,2,1.83,33,19.0,14.0,0.82,27.1,17.4,9.8,0.27,1537,18,18,17.1
a14d0ab0,3,18,0.2,0,0,3,15,2.33,0,0.0,0.0,0.25,0.7,0.2,0.5,2.71,0,0,0,0.0
a2565f79,0,0,0.0,0,0,0,21,0.0,0,0.0,0.0,0.0,0.0,0.0,0.0,0.0,0,0,0,0.0
a26fb8aa,23,2008,22.3,22,20,1,0,1.74,38,22.0,16.0,1.9,35.5,22.6,13.0,1.22,0,0,0,0.0
a2d9f138,16,945,10.5,9,5,7,8,1.06,10,17.0,-7.0,-0.59,11.8,13.5,-1.7,-0.11,0,0,0,0.0
a3695ac2,5,77,0.9,0,0,5,13,0.4,0,1.0,-1.0,-1.08,0.4,1.8,-1.4,-1.37,0,0,0,0.0
a378a02a,11,776,8.6,9,8,2,12,1.0,12,12.0,0.0,0.52,11.0,12.2,-1.1,-0.05,0,0,0,0.0
a40819d9,5,201,2.2,3,1,2,15,2.0,3,1.0,2.0,0.53,1.7,0.7,1.0,-0.45,0,0,0,0.0
a44d3a3c,11,369,4.1,4,0,7,3,1.27,7,5.0,2.0,0.74,3.7,5.3,-1.6,-0.36,0,0,0,0.0
a47c6309,5,106,1.2,1,0,4,14,2.25,1,3.0,-2.0,-4.55,1.3,2.1,-0.7999999999999999,-0.61,0,0,0,0.0
a4948e67,20,1717,19.1,19,17,1,0,0.95,19,29.0,-10.0,1.51,20.8,30.3,-9.4,0.62,0,0,0,0.0
a4e85758,18,1272,14.1,14,10,4,2,1.0,15,17.0,-2.0,-0.04,20.3,17.0,3.3,-0.01,0,0,0,0.0
a5296e55,24,1506,16.7,18,2,6,0,2.71,47,11.0,36.0,1.19,33.6,14.3,19.2,0.17,0,0,0,0.0
a69cc629,18,622,6.9,6,0,12,5,1.17,9,10.0,-1.0,-0.03,8.2,9.8,-1.6,0.1,0,0,0,0.0
a69e4806,23,1145,12.7,13,1,10,1,2.7,34,6.0,28.0,0.87,23.6,8.7,14.9,0.16,0,0,0,0.0
a820e429,19,760,8.4,7,1,12,3,1.26,13,9.0,4.0,0.92,13.3,10.1,3.3,0.23,0,0,0,0.0
a8a874f1,20,1580,17.6,19,10,1,0,2.15,31,10.0,21.0,1.2,26.7,16.4,10.3,0.7,0,0,0,0.0
a9202def,21,1216,13.5,14,4,7,1,1.62,22,17.0,5.0,-0.49,20.3,15.3,5.0,-0.29,0,0,0,0.0
a96e5dc0,19,1679,18.7,18,17,1,0,0.89,18,28.0,-10.0,-0.91,23.3,26.6,-3.2,-0.33,0,0,0,0.0
a9aa0d1d,18,1342,14.9,16,8,2,0,1.33,18,19.0,-1.0,0.15,15.4,17.2,-1.8,-0.1,0,0,0,0.0
aa54ec6f,17,1402,15.6,15,13,2,0,1.35,20,20.0,0.0,0.71,19.6,20.5,-0.9,0.01,0,0,0,0.0
aa8e289e,22,1844,20.5,20,17,2,0,1.36,20,22.0,-2.0,0.19,21.5,24.9,-3.4,-0.57,0,0,0,0.0
aae9d04a,10,563,6.3,8,4,2,3,0.5,6,17.0,-11.0,-1.42,7.7,12.6,-4.9,-0.7,0,0,0,0.0
ab1ca213,15,845,9.4,10,3,5,2,0.33,9,12.0,-3.0,0.64,10.4,11.1,-0.7,0.31,0,0,0,0.0
ab4449d6,24,2160,24.0,24,24,0,0,1.46,31,33.0,-2.0,0.0,27.4,32.1,-4.7,0.0,2160,24,24,24.0
ab472696,17,302,3.4,1,0,16,7,0.88,5,6.0,-1.0,0.04,4.2,5.0,-0.8,-0.16,0,0,0,0.0
ac4003af,7,623,6.9,6,6,1,17,1.57,9,9.0,0.0,-0.82,10.5,8.4,2.1,-0.27,623,7,6,6.9
ac7e640b,16,982,10.9,10,8,6,7,1.06,7,19.0,-12.0,-0.49,8.4,20.6,-12.2,-0.91,0,0,0,0.0
acf7e795,9,406,4.5,4,3,5,7,1.56,6,5.0,1.0,0.43,4.9,6.6,-1.7,-0.36,0,0,0,0.0
ad263695,0,0,0.0,0,0,0,12,0.0,0,0.0,0.0,0.0,0.0,0.0,0.0,0.0,0,0,0,0.0
ad92526f,15,713,7.9,7,2,8,4,0.4,9,13.0,-4.0,0.74,9.3,12.3,-3.0,0.6,0,0,0,0.0
ae4e2852,13,761,8.5,7,3,6,0,1.92,11,6.0,5.0,-0.44,9.0,10.1,-1.1,-0.82,0,0,0,0.0
ae67e0c4,0,0,0.0,0,0,0,1,0.0,0,0.0,0.0,0.0,0.0,0.0,0.0,0.0,0,0,0,0.0
ae94a6c5,11,269,3.0,2,1,9,13,2.36,3,2.0,1.0,-0.09,2.9,2.4,0.5,-0.78,0,0,0,0.0
ae9898c5,11,469,5.2,4,4,7,13,1.64,14,9.0,5.0,0.48,8.8,5.6,3.1,0.14,0,0,0,0.0
af7e6762,0,0,0.0,0,0,0,1,0.0,0,0.0,0.0,0.0,0.0,0.0,0.0,0.0,0,0,0,0.0
b033f803,1,32,0.4,0,0,1,3,0.0,0,0.0,0.0,0.25,0.3,0.6,-0.3,-0.79,0,0,0,0.0
b056e3da,16,1440,16.0,16,16,0,8,1.88,26,22.0,4.0,-0.63,23.5,18.9,4.6,-0.57,1440,16,16,16.0
b09a3ecc,21,531,5.9,5,0,16,3,0.57,8,11.0,-3.0,0.65,7.4,11.7,-4.3,0.06,0,0,0,0.0
b0f7e36c,9,345,3.8,2,0,7,0,2.44,9,5.0,4.0,0.2,6.6,4.3,2.3,0.24,0,0,0,0.0
b1236c63,11,116,1.3,0,0,11,10,1.36,7,0.0,7.0,5.61,3.2,1.1,2.1,1.77,0,0,0,0.0
b136c945,7,456,5.1,5,3,2,1,1.0,3,15.0,-12.0,-2.16,3.4,9.9,-6.5,-0.49,0,0,0,0.0
b1cd37e6,24,1744,19.4,22,8,2,0,2.08,28,19.0,9.0,-2.13,25.4,22.4,3.0,-1.27,0,0,0,0.0
b233e8e4,13,820,9.1,10,5,3,9,0.46,3,16.0,-13.0,-0.42,5.0,11.5,-6.4,-0.06,0,0,0,0.0
b2561711,2,27,0.3,0,0,2,18,0.0,0,1.0,-1.0,-2.36,0.2,0.9,-0.7,-1.43,0,0,0,0.0
b2da46b0,0,0,0.0,0,0,0,3,0.0,0,0.0,0.0,0.0,0.0,0.0,0.0,0.0,0,0,0,0.0
b35a7399,4,220,2.4,2,2,2,20,2.5,5,3.0,2.0,-1.08,5.8,1.8,4.0,0.6,0,0,0,0.0
b3a20f18,17,1423,15.8,15,13,2,4,0.47,15,30.0,-15.0,0.15,16.7,29.0,-12.3,-0.01,0,0,0,0.0
b3ef6517,4,55,0.6,0,0,4,14,1.25,0,0.0,0.0,0.13,0.3,0.2,0.1,0.53,0,0,0,0.0
b4101c2e,1,15,0.2,0,0,1,4,0.0,0,0.0,0.0,0.84,0.2,0.0,0.2,1.54,0,0,0,0.0
b4a98bb4,0,0,0.0,0,0,0,24,0.0,0,0.0,0.0,0.0,0.0,0.0,0.0,0.0,0,0,0,0.0
b5f7d10b,20,1405,15.6,17,10,3,1,1.25,18,18.0,0.0,0.36,22.4,18.6,3.8,0.02,0,0,0,0.0
b64073a0,0,0,0.0,0,0,0,13,0.0,0,0.0,0.0,0.0,0.0,0.0,0.0,0.0,0,0,0,0.0
b6964eb6,23,2043,22.7,22,22,1,0,1.91,29,19.0,10.0,0.44,36.8,16.1,20.7,0.78,0,0,0,0.0
b6a1cdf9,15,213,2.4,1,0,14,9,1.8,5,2.0,3.0,0.44,3.9,3.2,0.7,0.06,0,0,0,0.0
b6baba31,1,1,0.0,0,0,1,5,1.0,0,0.0,0.0,-0.13,0.0,0.0,0.0,1.66,0,0,0,0.0
b70bde8f,17,1089,12.1,14,3,3,2,1.12,10,17.0,-7.0,-0.66,12.4,15.4,-2.9,-0.37,0,0,0,0.0
b7a5bc86,0,0,0.0,0,0,0,5,0.0,0,0.0,0.0,0.0,0.0,0.0,0.0,0.0,0,0,0,0.0
b804c280,1,18,0.2,0,0,1,3,0.0,0,0.0,0.0,0.67,0.1,0.5,-0.4,-1.23,0,0,0,0.0
b85bf253,9,523,5.8,6,2,3,6,0.56,4,11.0,-7.0,-0.65,5.5,9.2,-3.7,-0.51,0,0,0,0.0
b959a0d1,0,0,0.0,0,0,0,19,0.0,0,0.0,0.0,0.0,0.0,0.0,0.0,0.0,0,0,0,0.0
b96b595c,17,1335,14.8,14,13,3,3,2.06,27,16.0,11.0,0.2,24.5,13.4,11.1,-0.17,0,0,0,0.0
b9e11c1d,0,0,0.0,0,0,0,22,0.0,0,0.0,0.0,0.0,0.0,0.0,0.0,0.0,0,0,0,0.0
ba1e04b3,13,670,7.4,9,3,4,11,1.38,13,12.0,1.0,0.68,10.4,8.4,2.0,0.54,0,0,0,0.0
ba3d3bea,22,1542,17.1,21,3,1,1,1.77,28,14.0,14.0,-0.2,25.1,18.6,6.5,0.44,0,0,0,0.0
ba492306,7,115,1.3,0,0,7,7,2.14,3,0.0,3.0,1.56,3.3,0.6,2.7,1.83,0,0,0,0.0
bb376bed,13,1030,11.5,12,8,1,3,1.59,14,20.0,-6.0,-0.49,12.0,12.899999999999999,-1.0,0.61,0,0,0,0.0
bba30585,1,1,0.0,0,0,1,3,3.0,0,0.0,0.0,-0.42,0.0,0.0,0.0,-0.87,0,0,0,0.0
bcc81786,17,1229,13.7,13,11,4,0,0.71,11,22.0,-11.0,0.06,15.7,22.7,-6.9,0.27,0,0,0,0.0
bcf5058a,0,0,0.0,0,0,0,24,0.0,0,0.0,0.0,0.0,0.0,0.0,0.0,0.0,0,0,0,0.0
bdc74a8f,15,696,7.7,8,1,7,2,0.4,5,14.0,-9.0,0.0,6.5,12.1,-5.6,-0.09,0,0,0,0.0
be2706c0,18,1096,12.2,11,7,7,3,1.33,14,14.0,0.0,0.25,14.5,12.9,1.6,0.43,0,0,0,0.0
bee704fc,18,1417,15.7,16,14,2,4,1.17,18,22.0,-4.0,-0.38,21.6,18.2,3.4,-0.07,0,0,0,0.0
bf57eaab,21,1052,11.7,12,3,9,3,0.86,9,14.0,-5.0,0.47,10.0,20.2,-10.2,0.03,0,0,0,0.0
bfc359ed,1,6,0.1,0,0,1,8,0.0,0,0.0,0.0,0.71,0.1,0.2,-0.1,-0.83,0,0,0,0.0
c0f732e1,0,0,0.0,0,0,0,2,0.0,0,0.0,0.0,0.0,0.0,0.0,0.0,0.0,0,0,0,0.0
c13ddd3e,9,238,2.6,2,0,7,15,1.44,3,0.0,3.0,0.29,5.1,1.0,4.1,1.29,0,0,0,0.0
c14dcfc2,0,0,0.0,0,0,0,5,0.0,0,0.0,0.0,0.0,0.0,0.0,0.0,0.0,0,0,0,0.0
c1d95617,24,2160,24.0,24,24,0,0,0.71,20,37.0,-17.0,0.0,24.1,30.3,-6.2,0.0,2160,24,24,24.0
c20892ee,2,20,0.2,0,0,2,17,0.5,1,1.0,0.0,0.38,0.4,0.5,-0.2,-0.04,0,0,0,0.0
c224f4c3,0,0,0.0,0,0,0,1,0.0,0,0.0,0.0,0.0,0.0,0.0,0.0,0.0,0,0,0,0.0
c2357b65,20,1393,15.5,17,9,3,2,0.9,14,24.0,-10.0,0.53,16.0,23.1,-7.1,0.45,0,0,0,0.0
c235e803,11,603,6.7,6,5,5,12,2.0,11,14.0,-3.0,-1.26,10.0,10.4,-0.3,-0.73,0,0,0,0.0
c2409cf4,0,0,0.0,0,0,0,1,0.0,0,0.0,0.0,0.0,0.0,0.0,0.0,0.0,0,0,0,0.0
c283ddef,23,1583,17.6,19,6,4,1,1.77,12,23.0,-11.0,0.37,16.2,28.1,-12.0,-0.09,0,0,0,0.0
c316607a,10,692,7.7,9,6,1,1,0.6,4,14.0,-10.0,-0.44,5.3,13.4,-8.1,-0.4,0,0,0,0.0
c39babc1,0,0,0.0,0,0,0,1,0.0,0,0.0,0.0,0.0,0.0,0.0,0.0,0.0,0,0,0,0.0
c414df9d,8,252,2.8,2,0,6,15,0.38,2,5.0,-3.0,-0.93,2.8,5.0,-2.2,-0.82,0,0,0,0.0
c459a650,21,1230,13.7,14,5,7,2,1.52,20,18.0,2.0,-1.01,20.9,17.6,3.2,-0.6,0,0,0,0.0
c55967eb,11,171,1.9,1,0,10,6,1.0,0,6.0,-6.0,-2.52,1.2,4.3,-3.1,-1.11,0,0,0,0.0
c56dc39e,19,1628,18.1,19,14,0,1,1.95,31,18.0,13.0,0.55,27.4,19.0,8.4,-0.12,0,0,0,0.0
c609e90e,3,148,1.6,1,0,2,3,0.33,1,2.0,-1.0,0.11,1.2,2.6,-1.3,-0.6,0,0,0,0.0
c69ef855,22,1415,15.7,15,8,7,2,1.18,15,16.0,-1.0,0.18,12.6,18.3,-5.7,-0.16,0,0,0,0.0
c6e8cf1f,16,1195,13.3,13,12,3,0,1.06,13,18.0,-5.0,-0.56,13.7,17.4,-3.7,-0.45,0,0,0,0.0
c7069d87,22,1545,17.2,19,8,3,2,0.95,18,32.0,-14.0,-0.52,16.5,32.3,-15.7,-0.1,0,0,0,0.0
c7259b83,17,1096,12.2,12,8,5,3,1.35,14,11.0,3.0,0.75,18.3,12.2,6.2,0.54,0,0,0,0.0
c730da00,1,20,0.2,1,0,0,9,0.0,0,1.0,-1.0,-4.42,0.0,0.7,-0.6,-2.58,0,0,0,0.0
c74d63ac,20,1512,16.8,17,13,3,3,1.3,17,16.0,1.0,0.62,14.0,17.5,-3.5,0.31,0,0,0,0.0
c83c203f,10,338,3.8,4,0,6,5,1.1,4,7.0,-3.0,-0.16,3.5,10.5,-6.9,-1.16,0,0,0,0.0
c8ad0857,15,1141,12.7,14,6,1,4,0.47,7,21.0,-14.0,-0.22,13.3,21.8,-8.5,0.24,0,0,0,0.0
ca241ad3,0,0,0.0,0,0,0,1,0.0,0,0.0,0.0,0.0,0.0,0.0,0.0,0.0,0,0,0,0.0
ca6edaa0,6,151,1.7,1,0,5,18,2.0,1,2.0,-1.0,-1.58,2.6,1.4,1.2,0.5,0,0,0,0.0
ca73910d,6,231,2.6,3,1,3,2,0.5,0,4.0,-4.0,-0.44,1.7,2.1,-0.5,0.53,0,0,0,0.0
caec77da,12,833,9.3,9,5,3,11,0.92,8,22.0,-14.0,-1.38,6.1,17.7,-11.6,-0.59,0,0,0,0.0
cc1a0c57,3,154,1.7,2,1,1,13,1.67,4,1.0,3.0,2.79,3.4,2.0,1.4,1.55,154,3,2,1.7
cce9f582,12,625,6.9,7,3,5,4,0.92,6,9.0,-3.0,0.39,7.7,9.5,-1.8,0.0,0,0,0,0.0
cd0fa27b,23,1732,19.2,21,9,2,0,2.04,37,20.0,17.0,1.09,33.8,17.1,16.7,0.3,0,0,0,0.0
cdf65d12,19,1215,13.5,15,8,4,2,1.21,10,22.0,-12.0,-1.46,14.6,20.7,-6.1,-0.9,0,0,0,0.0
ce1a6c7e,2,15,0.2,0,0,2,6,3.0,1,0.0,1.0,6.13,0.3,0.0,0.2,1.7,0,0,0,0.0
ce30bfc8,11,401,4.5,3,2,8,11,2.27,7,6.0,1.0,-0.54,7.2,4.5,2.7,-0.26,0,0,0,0.0
cf007308,23,948,10.5,7,2,16,1,2.7,25,5.0,20.0,0.19,19.8,9.0,10.8,-0.13,0,0,0,0.0
cf1c23d8,0,0,0.0,0,0,0,24,0.0,0,0.0,0.0,0.0,0.0,0.0,0.0,0.0,0,0,0,0.0
cf961d8d,22,1869,20.8,21,19,1,0,0.91,18,35.0,-17.0,0.11,21.3,32.4,-11.1,0.64,0,0,0,0.0
cfbf9881,0,0,0.0,0,0,0,3,0.0,0,0.0,0.0,0.0,0.0,0.0,0.0,0.0,0,0,0,0.0
d023d70f,23,1403,15.6,16,7,7,0,1.35,16,20.0,-4.0,-0.38,19.2,18.5,0.8,0.37,0,0,0,0.0
d079becb,0,0,0.0,0,0,0,1,0.0,0,0.0,0.0,0.0,0.0,0.0,0.0,0.0,0,0,0,0.0
d0d8dd44,15,1220,13.6,14,12,1,9,1.67,24,18.0,6.0,-0.51,24.7,12.3,12.4,0.23,0,0,0,0.0
d0dbca9f,20,1454,16.1,18,10,2,4,0.8,9,29.0,-20.0,-0.37,13.3,24.5,-11.1,0.08,0,0,0,0.0
d125f22f,22,1613,17.9,19,7,3,1,0.55,15,31.0,-16.0,0.42,19.9,32.5,-12.6,0.29,0,0,0,0.0
d183e9d6,11,445,4.9,3,2,8,10,0.82,2,6.0,-4.0,0.45,4.7,9.8,-5.1,-0.47,0,0,0,0.0
d19ef4ef,5,61,0.7,0,0,5,19,3.0,3,1.0,2.0,1.19,1.0,1.5,-0.4,-1.8,0,0,0,0.0
d2ab1640,0,0,0.0,0,0,0,13,0.0,0,0.0,0.0,0.0,0.0,0.0,0.0,0.0,0,0,0,0.0
d3298c99,14,615,6.8,7,0,7,4,0.79,7,11.0,-4.0,0.35,7.9,12.7,-4.9,-0.12,0,0,0,0.0
d3aaad90,18,823,9.1,6,1,12,3,1.78,18,5.0,13.0,1.62,17.4,6.8,10.6,0.48,0,0,0,0.0
d3de9af0,15,670,7.4,8,2,7,0,1.73,8,8.0,0.0,-0.85,9.5,8.7,0.8,-0.57,0,0,0,0.0
d3e0c826,0,0,0.0,0,0,0,13,0.0,0,0.0,0.0,0.0,0.0,0.0,0.0,0.0,0,0,0,0.0
d44360be,23,1589,17.7,19,3,4,0,1.22,18,19.0,-1.0,1.2,17.7,23.8,-6.1,1.15,0,0,0,0.0
d4456fb3,22,1894,21.0,22,20,0,0,1.14,22,25.0,-3.0,-0.14,18.0,23.3,-5.3,0.42,0,0,0,0.0
d4535821,24,2098,23.3,23,20,1,0,1.88,38,19.0,19.0,-2.09,32.3,25.8,6.5,0.95,0,0,0,0.0
d4890c25,0,0,0.0,0,0,0,19,0.0,0,0.0,0.0,0.0,0.0,0.0,0.0,0.0,0,0,0,0.0
d4a2533d,1,19,0.2,0,0,1,3,0.0,0,0.0,0.0,0.13,0.3,0.0,0.3,1.43,0,0,0,0.0
d4c9725f,21,1829,20.3,21,19,0,0,2.05,36,25.0,11.0,0.54,31.9,20.8,11.2,0.48,0,0,0,0.0
d541e703,0,0,0.0,0,0,0,2,0.0,0,0.0,0.0,0.0,0.0,0.0,0.0,0.0,0,0,0,0.0
d65cf468,3,112,1.2,2,0,1,20,1.33,1,1.0,0.0,0.13,1.6,1.8,-0.2,-0.42,0,0,0,0.0
d67bf53b,0,0,0.0,0,0,0,9,0.0,0,0.0,0.0,0.0,0.0,0.0,0.0,0.0,0,0,0,0.0
d697a2d0,0,0,0.0,0,0,0,3,0.0,0,0.0,0.0,0.0,0.0,0.0,0.0,0.0,0,0,0,0.0
d705ba44,20,543,6.0,3,0,17,0,1.7,10,8.0,2.0,-0.11,12.5,3.1,9.4,0.93,0,0,0,0.0
d7918b13,17,761,8.5,9,0,8,6,1.06,6,14.0,-8.0,-0.88,8.3,15.6,-7.3,-0.33,0,0,0,0.0
d7a35008,0,0,0.0,0,0,0,15,0.0,0,0.0,0.0,0.0,0.0,0.0,0.0,0.0,0,0,0,0.0
d7d32194,10,456,5.1,6,1,4,0,1.0,3,8.0,-5.0,-0.78,4.7,8.8,-4.1,-0.19,0,0,0,0.0
d80b1835,0,0,0.0,0,0,0,4,0.0,0,0.0,0.0,0.0,0.0,0.0,0.0,0.0,0,0,0,0.0
d810c13b,17,1209,13.4,13,10,4,7,0.35,8,25.0,-17.0,-0.6,12.2,25.5,-13.3,-0.48,0,0,0,0.0
d827b7e7,0,0,0.0,0,0,0,6,0.0,0,0.0,0.0,0.0,0.0,0.0,0.0,0.0,0,0,0,0.0
d85c238b,21,1641,18.2,20,11,1,0,1.86,32,12.0,20.0,0.92,24.6,20.8,3.8,-0.18,0,0,0,0.0
d8800a46,9,365,4.1,4,2,5,8,0.56,5,10.0,-5.0,-0.48,3.5,7.0,-3.5,-0.3,0,0,0,0.0
d8e7087b,0,0,0.0,0,0,0,24,0.0,0,0.0,0.0,0.0,0.0,0.0,0.0,0.0,0,0,0,0.0
d9624b51,15,1033,11.5,14,6,1,4,0.67,11,13.0,-2.0,1.02,9.1,11.6,-2.6,0.07,0,0,0,0.0
d97f2e8d,21,1486,16.5,16,12,5,3,1.16,13,27.0,-14.0,-2.0,16.7,22.3,-5.6000000000000005,0.47,0,0,0,0.0
d995ed27,21,1470,16.3,17,7,4,1,1.29,20,22.0,-2.0,0.01,20.9,18.9,2.0,-0.37,0,0,0,0.0
d9ebed1c,13,504,5.6,5,1,8,10,1.31,5,9.0,-4.0,-0.61,5.7,7.0,-1.3,-0.22,0,0,0,0.0
da5a981b,6,112,1.2,1,0,5,12,0.83,0,4.0,-4.0,-2.51,0.1,3.1,-3.0,-1.95,0,0,0,0.0
da69a0ef,0,0,0.0,0,0,0,1,0.0,0,0.0,0.0,0.0,0.0,0.0,0.0,0.0,0,0,0,0.0
da77b0e7,0,0,0.0,0,0,0,2,0.0,0,0.0,0.0,0.0,0.0,0.0,0.0,0.0,0,0,0,0.0
daa4c94c,0,0,0.0,0,0,0,20,0.0,0,0.0,0.0,0.0,0.0,0.0,0.0,0.0,0,0,0,0.0
db092d3b,19,1413,15.7,16,12,3,0,2.0,29,17.0,12.0,0.88,25.6,16.7,8.9,0.27,0,0,0,0.0
dbfa4f16,6,60,0.7,0,0,6,18,0.5,0,1.0,-1.0,-1.67,0.8,1.1,-0.3,-0.41,0,0,0,0.0
dc3e663e,17,1443,16.0,17,13,0,1,0.88,16,27.0,-11.0,0.44,15.3,26.6,-11.3,-0.26,0,0,0,0.0
dc3fa3b5,4,27,0.3,0,0,4,14,3.0,0,0.0,0.0,-1.81,0.6,0.4,0.2,-0.42,0,0,0,0.0
dc765618,7,154,1.7,2,0,5,15,0.86,1,3.0,-2.0,-1.12,1.7,2.6,-1.0,-0.28,0,0,0,0.0
dcb38abe,18,1204,13.4,15,6,3,2,0.28,9,25.0,-16.0,-0.44,13.7,24.9,-11.2,-0.13,0,0,0,0.0
dd0daf32,21,1383,15.4,16,5,5,1,1.95,32,14.0,18.0,1.4,27.7,12.7,14.9,0.45,0,0,0,0.0
dd403465,2,45,0.5,0,0,2,2,1.5,1,1.0,0.0,1.02,1.1,0.9,0.2,1.21,0,0,0,0.0
dd7febd8,20,1607,17.9,18,14,2,3,0.55,15,34.0,-19.0,-0.25,19.8,30.7,-10.9,0.65,0,0,0,0.0
dd86e8e4,6,364,4.0,3,2,3,18,0.67,5,5.0,0.0,0.45,4.2,8.3,-4.1,-0.45,0,0,0,0.0
de0f152c,6,467,5.2,5,3,1,3,1.33,8,10.0,-2.0,-0.65,7.5,10.8,-3.3,-0.78,0,0,0,0.0
de135234,0,0,0.0,0,0,0,8,0.0,0,0.0,0.0,0.0,0.0,0.0,0.0,0.0,0,0,0,0.0
dea88efd,20,1461,16.2,19,3,1,0,2.65,42,10.0,32.0,0.55,33.2,13.1,20.1,0.44,0,0,0,0.0
dece7370,0,0,0.0,0,0,0,16,0.0,0,0.0,0.0,0.0,0.0,0.0,0.0,0.0,0,0,0,0.0
dee3d535,0,0,0.0,0,0,0,10,0.0,0,0.0,0.0,0.0,0.0,0.0,0.0,0.0,0,0,0,0.0
dfd24c07,2,96,1.1,1,0,1,13,0.0,0,2.0,-2.0,-0.92,0.6,1.5,-0.9,-0.06,0,0,0,0.0
dff153a4,15,576,6.4,5,2,10,2,1.93,10,8.0,2.0,-0.77,11.0,10.6,0.4,-0.46,0,0,0,0.0
e04dca4a,0,0,0.0,0,0,0,9,0.0,0,0.0,0.0,0.0,0.0,0.0,0.0,0.0,0,0,0,0.0
e0921a4f,17,1269,14.1,16,5,1,0,2.0,24,15.0,9.0,0.54,24.1,10.9,13.2,0.16,0,0,0,0.0
e0f8151c,23,2025,22.5,23,22,0,1,2.7,56,15.0,41.0,0.49,42.4,19.1,23.3,-0.99,0,0,0,0.0
e14ec482,21,1417,15.7,15,8,6,2,1.67,19,23.0,-4.0,-0.5,16.9,21.5,-4.5,-0.26,0,0,0,0.0
e1884bef,0,0,0.0,0,0,0,3,0.0,0,0.0,0.0,0.0,0.0,0.0,0.0,0.0,0,0,0,0.0
e19660a8,0,0,0.0,0,0,0,4,0.0,0,0.0,0.0,0.0,0.0,0.0,0.0,0.0,0,0,0,0.0
e19e0ca1,0,0,0.0,0,0,0,1,0.0,0,0.0,0.0,0.0,0.0,0.0,0.0,0.0,0,0,0,0.0
e1b0a70d,21,1890,21.0,21,21,0,3,1.1,24,28.0,-4.0,-0.52,30.0,24.3,5.8,0.29,1890,21,21,21.0
e1cbb531,24,2010,22.3,22,14,2,0,2.71,56,14.0,42.0,1.28,43.1,18.0,25.1,0.39,0,0,0,0.0
e26fcca3,13,727,8.1,7,3,6,3,0.31,6,11.0,-5.0,0.57,10.4,14.4,-4.0,0.42,0,0,0,0.0
e288d4b3,2,97,1.1,1,1,1,2,1.0,0,0.0,0.0,-0.48,0.5,1.1,-0.6,-1.09,0,0,0,0.0
e33f36d5,15,1140,12.7,12,9,3,8,2.06,9,17.0,-8.0,0.07,12.6,20.9,-8.3,-0.73,0,0,0,0.0
e3756e72,10,159,1.8,0,0,10,14,2.1,3,5.0,-2.0,-1.94,3.5,2.2,1.3,-0.1,0,0,0,0.0
e3cceee6,19,1302,14.5,13,11,6,2,1.95,22,18.0,4.0,-0.77,22.2,15.5,6.7,-0.09,0,0,0,0.0
e49193cf,0,0,0.0,0,0,0,14,0.0,0,0.0,0.0,0.0,0.0,0.0,0.0,0.0,0,0,0,0.0
e58cbfd5,17,1065,11.8,12,7,5,1,3.31,17,8.0,9.0,1.09,15.5,11.5,4.0,2.07,0,0,0,0.0
e599253a,19,1023,11.4,12,1,7,2,1.68,18,15.0,3.0,-0.61,19.6,14.4,5.2,-0.08,0,0,0,0.0
e5bf73f3,18,954,10.6,12,3,6,2,1.78,12,18.0,-6.0,-0.86,10.9,16.9,-6.0,-0.66,0,0,0,0.0
e613313c,18,1356,15.1,17,12,1,4,1.28,17,19.0,-2.0,-0.02,17.9,15.8,2.1,0.6,0,0,0,0.0
e66ebabb,0,0,0.0,0,0,0,22,0.0,0,0.0,0.0,0.0,0.0,0.0,0.0,0.0,0,0,0,0.0
e74f0e59,9,518,5.8,5,3,4,9,0.78,6,9.0,-3.0,-0.58,5.7,6.9,-1.2,-0.01,0,0,0,0.0
e892c325,1,10,0.1,0,0,1,20,0.0,0,1.0,-1.0,-8.2,0.2,0.2,0.0,0.84,0,0,0,0.0
e95069bb,0,0,0.0,0,0,0,14,0.0,0,0.0,0.0,0.0,0.0,0.0,0.0,0.0,0,0,0,0.0
e9c0c1b2,15,1350,15.0,15,15,0,9,2.13,27,14.0,13.0,0.53,25.6,13.3,12.3,0.03,1350,15,15,15.0
e9f5f7c4,0,0,0.0,0,0,0,3,0.0,0,0.0,0.0,0.0,0.0,0.0,0.0,0.0,0,0,0,0.0
ea02beaf,17,379,4.2,2,0,15,3,1.35,4,4.0,0.0,0.15,4.1,4.4,-0.3,0.28,0,0,0,0.0
ea468ea8,2,135,1.5,2,1,0,6,0.0,1,4.0,-3.0,-1.87,1.7,2.6,-0.9,-0.6,0,0,0,0.0
ea74c494,0,0,0.0,0,0,0,4,0.0,0,0.0,0.0,0.0,0.0,0.0,0.0,0.0,0,0,0,0.0
eb0ec070,16,1226,13.6,15,8,1,0,1.25,19,21.0,-2.0,1.2,16.3,22.7,-6.4,0.97,0,0,0,0.0
eb2fe5b6,15,624,6.9,6,0,9,2,1.53,10,5.0,5.0,0.19,11.1,6.2,4.9,0.29,0,0,0,0.0
eb3022c3,5,136,1.5,1,0,4,10,1.6,5,2.0,3.0,1.67,4.3,1.0,3.3,1.41,0,0,0,0.0
eb3df7d9,0,0,0.0,0,0,0,3,0.0,0,0.0,0.0,0.0,0.0,0.0,0.0,0.0,0,0,0,0.0
eb58eef0,4,115,1.3,1,1,3,0,1.75,1,2.0,-1.0,-1.27,1.9,1.0,0.9,-0.15,0,0,0,0.0
eb76987d,2,92,1.0,0,0,2,16,1.5,0,2.0,-2.0,-1.17,0.3,2.2,-1.8,-1.22,0,0,0,0.0
eb7822d7,23,1251,13.9,11,8,12,1,1.78,22,14.0,8.0,0.38,23.5,11.6,11.9,-0.03,0,0,0,0.0
ec1f737d,0,0,0.0,0,0,0,22,0.0,0,0.0,0.0,0.0,0.0,0.0,0.0,0.0,0,0,0,0.0
ec52b661,23,1715,19.1,20,11,3,0,0.52,16,30.0,-14.0,1.29,19.5,32.8,-13.3,0.38,0,0,0,0.0
ec5dae45,10,262,2.9,2,0,8,9,1.13,3,4.0,-1.0,4.18,4.1,4.9,-0.7,-1.05,0,0,0,0.0
ec6773f5,0,0,0.0,0,0,0,8,0.0,0,0.0,0.0,0.0,0.0,0.0,0.0,0.0,0,0,0,0.0
eccbe56a,22,1487,16.5,19,4,3,0,0.36,8,27.0,-19.0,0.05,14.1,23.8,-9.7,0.25,0,0,0,0.0
ed5c0319,24,1439,16.0,16,6,8,0,1.29,19,22.0,-3.0,-0.94,22.1,22.5,-0.4,0.02,0,0,0,0.0
ed90babd,2,15,0.2,0,0,2,0,3.0,1,0.0,1.0,4.24,0.3,0.0,0.3,0.41,0,0,0,0.0
edd81e2a,20,1425,15.8,16,12,4,1,1.05,19,25.0,-6.0,0.85,16.9,29.2,-12.3,0.33,0,0,0,0.0
ee251371,16,716,8.0,8,0,8,1,1.75,7,10.0,-3.0,-1.25,10.5,9.7,0.8,-0.56,0,0,0,0.0
ee4f2f3b,16,366,4.1,2,0,14,3,0.31,2,10.0,-8.0,-0.96,3.6,7.3,-3.7,-0.29,0,0,0,0.0
ee64a822,18,1269,14.1,15,8,3,4,1.61,21,18.0,3.0,0.72,17.0,19.4,-2.4,0.06,0,0,0,0.0
ee833569,0,0,0.0,0,0,0,13,0.0,0,0.0,0.0,0.0,0.0,0.0,0.0,0.0,0,0,0,0.0
ee9040b4,5,198,2.2,2,0,3,18,0.6,1,5.0,-4.0,-0.72,2.2,1.7,0.6,1.03,0,0,0,0.0
ef301f96,0,0,0.0,0,0,0,12,0.0,0,0.0,0.0,0.0,0.0,0.0,0.0,0.0,0,0,0,0.0
ef6eef89,4,102,1.1,0,0,4,18,0.0,0,5.0,-5.0,-3.89,1.4,2.2,-0.8,-0.48,0,0,0,0.0
ef94dc2f,2,28,0.3,0,0,2,2,0.0,1,2.0,-1.0,-2.24,0.4,1.2,-0.8,-1.84,0,0,0,0.0
efc9e31f,18,1146,12.7,12,4,6,2,1.44,16,15.0,1.0,0.7,15.1,16.5,-1.4,-0.11,0,0,0,0.0
efdeaff3,0,0,0.0,0,0,0,24,0.0,0,0.0,0.0,0.0,0.0,0.0,0.0,0.0,0,0,0,0.0
f025eade,23,1616,18.0,19,4,4,0,1.04,19,18.0,1.0,0.72,15.6,18.7,-3.1,0.52,0,0,0,0.0
f052fb01,2,23,0.3,0,0,2,5,0.0,1,1.0,0.0,-0.59,0.7,0.5,0.2,0.46,0,0,0,0.0
f058ed1f,2,180,2.0,2,2,0,22,0.5,1,3.0,-2.0,-0.73,2.1,4.1,-2.0,-0.98,180,2,2,2.0
f0f7f62f,3,270,3.0,3,3,0,15,1.67,3,2.0,1.0,0.52,3.3,3.3,0.0,-0.29,270,3,3,3.0
f1474b3d,0,0,0.0,0,0,0,3,0.0,0,0.0,0.0,0.0,0.0,0.0,0.0,0.0,0,0,0,0.0
f155d812,0,0,0.0,0,0,0,3,0.0,0,0.0,0.0,0.0,0.0,0.0,0.0,0.0,0,0,0,0.0
f1cfc209,21,1478,16.4,17,11,4,2,0.52,9,29.0,-20.0,-0.16,14.1,25.8,-11.7,-0.14,0,0,0,0.0
f1f1f238,13,1003,11.1,11,10,2,5,0.31,9,22.0,-13.0,-0.86,12.3,17.9,-5.6,-0.46,0,0,0,0.0
f35430a4,0,0,0.0,0,0,0,4,0.0,0,0.0,0.0,0.0,0.0,0.0,0.0,0.0,0,0,0,0.0
f3a9fa26,17,535,5.9,3,0,14,5,0.41,4,12.0,-8.0,-0.46,5.8,10.2,-4.5,0.04,0,0,0,0.0
f3bc2eb7,0,0,0.0,0,0,0,1,0.0,0,0.0,0.0,0.0,0.0,0.0,0.0,0.0,0,0,0,0.0
f42d6c13,23,1204,13.4,10,4,13,1,2.96,10,17.0,-7.0,-0.36,12.0,23.200000000000003,-11.2,-0.98,0,0,0,0.0
f449640d,3,196,2.2,2,2,1,17,2.33,3,1.0,2.0,0.51,3.6,1.4,2.1,0.55,0,0,0,0.0
f4797849,11,805,8.9,9,8,2,10,1.18,8,14.0,-6.0,-0.47,8.7,16.8,-8.1,-0.4,0,0,0,0.0
f480bdcd,0,0,0.0,0,0,0,2,0.0,0,0.0,0.0,0.0,0.0,0.0,0.0,0.0,0,0,0,0.0
f49c4ae9,17,1030,11.4,13,2,4,2,1.65,23,15.0,8.0,0.46,17.0,9.6,7.4,0.32,0,0,0,0.0
f503ea63,17,754,8.4,7,2,10,1,1.12,6,16.0,-10.0,-0.55,11.8,13.9,-2.1,0.57,0,0,0,0.0
f554e29b,1,90,1.0,1,1,0,23,0.0,0,3.0,-3.0,-2.87,1.3,1.9,-0.7,-0.62,90,1,1,1.0
f573a8bf,24,1392,15.5,15,4,9,0,1.29,20,17.0,3.0,0.19,20.7,21.3,-0.6,-0.03,0,0,0,0.0
f586779e,24,1625,18.1,19,6,5,0,1.83,25,15.0,10.0,0.55,29.6,13.6,16.0,0.06,0,0,0,0.0
f5f21026,0,0,0.0,0,0,0,10,0.0,0,0.0,0.0,0.0,0.0,0.0,0.0,0.0,0,0,0,0.0
f61c7c4e,1,37,0.4,0,0,1,0,0.0,0,0.0,0.0,0.68,0.2,0.8,-0.7,-0.74,0,0,0,0.0
f6a06749,0,0,0.0,0,0,0,24,0.0,0,0.0,0.0,0.0,0.0,0.0,0.0,0.0,0,0,0,0.0
f7036e1c,24,1880,20.9,21,14,3,0,1.96,36,26.0,10.0,-1.45,35.2,19.3,15.9,-0.39,0,0,0,0.0
f71ad8cb,22,1622,18.0,20,10,2,1,0.55,12,28.0,-16.0,0.45,18.0,28.5,-10.5,0.79,0,0,0,0.0
f7223718,13,985,10.9,11,9,2,8,2.23,22,6.0,16.0,1.08,17.3,13.8,3.5,0.12,0,0,0,0.0
f778fe3f,5,316,3.5,5,0,0,14,1.4,2,4.0,-2.0,-0.28,1.9,4.1,-2.2,-0.6,0,0,0,0.0
f794b426,1,66,0.7,0,0,1,5,0.0,0,2.0,-2.0,-1.95,1.1,1.1,-0.1,0.56,66,1,0,0.7
f7c491f1,21,1748,19.4,21,14,0,0,1.19,27,24.0,3.0,0.15,25.8,25.7,0.2,0.19,0,0,0,0.0
f7e2af2c,4,167,1.9,1,1,3,15,0.0,2,7.0,-5.0,-2.65,1.9,4.1,-2.1,-1.18,0,0,0,0.0
f86cd5df,7,76,0.8,0,0,7,13,2.43,3,2.0,1.0,0.75,1.6,2.0,-0.5,-1.05,0,0,0,0.0
f8d41a8c,0,0,0.0,0,0,0,4,0.0,0,0.0,0.0,0.0,0.0,0.0,0.0,0.0,0,0,0,0.0
f95f49d2,17,638,7.1,6,0,11,5,0.65,5,12.0,-7.0,-0.4,7.8,9.1,-1.3,0.11,0,0,0,0.0
f9758dae,21,1719,19.1,21,9,0,0,0.9,18,30.0,-12.0,1.0,18.8,30.0,-11.2,0.16,0,0,0,0.0
f9c927de,21,868,9.6,9,3,12,3,1.57,12,13.0,-1.0,-0.03,10.4,12.4,-2.1,-0.03,0,0,0,0.0
fa449bba,17,934,10.4,10,2,7,4,1.29,8,12.0,-4.0,-0.02,8.6,17.5,-8.9,-0.35,0,0,0,0.0
fac1f795,0,0,0.0,0,0,0,6,0.0,0,0.0,0.0,0.0,0.0,0.0,0.0,0.0,0,0,0,0.0
fb25b7fe,0,0,0.0,0,0,0,4,0.0,0,0.0,0.0,0.0,0.0,0.0,0.0,0.0,0,0,0,0.0
fb77bfef,7,416,4.6,4,3,3,4,1.0,5,9.0,-4.0,-0.97,4.2,7.3,-3.1,-0.59,0,0,0,0.0
fcb38f57,8,720,8.0,8,8,0,0,2.13,15,8.0,7.0,0.63,13.5,6.7,6.8,0.57,720,8,8,8.0
fdf4b948,13,678,7.5,8,0,5,0,1.31,7,9.0,-2.0,0.16,8.6,11.5,-2.8,0.4,0,0,0,0.0
fe012aca,14,488,5.4,4,1,10,9,1.57,15,8.0,7.0,0.91,8.6,5.5,3.1,0.09,0,0,0,0.0
ff2ad9bb,0,0,0.0,0,0,0,4,0.0,0,0.0,0.0,0.0,0.0,0.0,0.0,0.0,0,0,0,0.0
ff579c7e,12,451,5.0,4,2,8,9,1.92,8,6.0,2.0,0.61,6.5,8.6,-2.2,-0.3,0,0,0,0.0
ff5ea0bf,8,414,4.6,5,3,3,12,2.38,5,1.0,4.0,0.51,7.6,2.6,5.1,0.78,0,0,0,0.0
ffed43e3,4,220,2.4,2,2,2,6,0.5,2,5.0,-3.0,-0.25,3.4,4.7,-1.2,0.3,0,0,0,0.0
