id,GA,PKA,FK,CK,OG,PSxG,PSxG+/-,Cmp,Att,Att.1,Thr,Att.2,Opp,Stp,#OPA,TotLen,TotLen.1,TotDist
47064058,41,1,1,7,1,34.8,-5.2,103,268,821,126,135,292,31,29,25122.6,3645.0,391.5
663e080e,17,4,0,2,0,16.5,-0.5,37,102,536,69,86,174,11,19,13453.6,2347.8,311.6
d28339cb,4,2,0,0,0,4.7,0.7,9,19,112,27,12,42,2,6,2923.2,297.6,97.8
db401046,29,3,0,4,1,27.3,-0.7,175,380,827,119,192,321,19,31,28035.3,8851.2,517.7
af104654,40,3,2,6,0,33.4,-6.6,133,365,656,116,154,304,25,52,22960.0,7884.8,962.0
dee3013b,10,1,0,2,0,9.6,-0.4,40,104,160,23,40,102,10,7,5936.0,2172.0,115.5
1e43fad8,1,0,0,0,0,2.4,1.4,41,85,174,20,38,82,4,3,5794.2,1854.4,34.5
a92ab7be,32,5,0,4,0,30.9,-1.1,179,411,773,75,142,272,17,28,28832.9,8264.4,431.2
17376543,29,0,1,3,0,29.8,0.8,144,355,700,102,182,256,15,39,23310.0,9009.0,682.5
37998008,11,2,0,1,0,7.5,-3.5,39,86,162,24,11,34,7,5,5929.2,666.6,79.0
bcb2ccd8,10,1,0,2,1,10.1,1.1,11,37,179,37,36,61,3,10,4725.6,1065.6,194.0
ad3389d5,34,4,1,4,2,29.7,-2.3,77,234,604,96,117,240,16,14,19267.6,4329.0,191.8
fa4cabd1,4,0,0,1,0,5.5,1.5,10,30,78,12,13,30,2,3,2605.2,288.6,42.3
cd59b9df,19,0,0,2,0,22.3,3.3,71,189,597,80,128,213,10,27,17671.2,4966.4,461.7
dc366c36,9,0,1,0,0,10.1,1.1,40,97,126,17,40,80,6,2,5367.6,2400.0,24.4
8a6ab963,2,0,0,0,0,1.4,-0.6,4,10,41,7,3,6,1,1,1242.3,45.9,13.0
b56dd813,8,0,0,2,0,4.2,-3.8,11,28,167,23,28,39,4,14,4275.2,898.8,306.6
cbac6ec9,34,1,2,3,0,27.2,-6.8,98,212,599,98,133,260,6,28,17490.8,4867.8,529.2
8778c910,11,2,0,0,0,14.7,3.7,39,79,435,81,69,103,4,23,11658.0,1642.2,448.5
bdedffac,0,0,0,0,0,0.0,0.0,4,7,28,4,2,9,0,0,935.2,20.0,0.0
c631f952,12,1,0,0,0,9.7,-2.3,28,77,302,30,41,77,4,9,8546.6,1279.2,144.0
0a1cb833,40,1,0,4,2,36.5,-1.5,139,329,596,100,186,299,13,25,21515.6,8221.2,380.0
b90c4a43,1,0,0,1,0,1.0,0.0,1,3,21,7,4,15,1,1,611.1,88.0,11.5
9f941969,54,7,1,7,2,49.0,-3.0,367,770,964,56,167,320,17,86,43380.0,8466.9,2012.4
a70b8345,16,2,0,4,0,19.3,3.3,146,359,670,71,99,265,27,18,24254.0,5068.8,243.0
87436846,36,3,4,2,3,26.3,-6.7,89,235,786,76,127,305,13,9,24130.2,4178.3,101.7
0d55d942,41,3,0,3,0,33.3,-7.7,138,331,501,59,133,257,6,20,19038.0,7501.2,304.0
0d8a37c2,9,0,0,2,0,8.1,-0.9,12,72,145,13,35,59,1,4,4669.0,1834.0,53.6
420c18a1,14,2,1,0,1,16.7,3.7,48,141,517,52,90,162,5,13,14579.4,2574.0,189.8
420c18a1,8,0,0,1,0,7.8,-0.2,17,36,242,27,36,78,8,10,5832.2,997.2,174.0
ce17b5eb,30,1,1,6,1,24.9,-4.1,55,220,422,92,141,266,14,13,14938.8,5188.8,163.8
7d3e7da6,2,0,0,1,0,2.4,0.4,9,26,112,21,18,34,2,4,2912.0,421.2,70.0
5c4bf6ba,24,0,1,2,0,20.1,-3.9,91,299,385,83,114,179,23,33,16016.0,6726.0,600.6
9b688ae1,1,0,0,1,0,1.1,0.1,7,17,29,8,3,6,3,4,1276.0,138.0,66.0
