id,Player,Nation,Pos,Squad,Age,Born,MP,Starts,Min,90s,Gls,Ast,G+A,G-PK,PK,PKatt,CrdY,CrdR,xG,npxG,xAG,npxG+xAG,PrgC,PrgP,PrgR,Gls.1,Ast.1,G+A.1,G-PK.1,G+A-PK,xG.1,xAG.1,xG+xAG,npxG.1,npxG+xAG.1,Matches
7f9c5d2d,Abner,br BRA,DF,Betis,22-278,2000,6,5,362,4.0,0,0,0,0,0,0,2,0,1.0,1.0,0.2,1.2,3,11,16,0.00,0.00,0.00,0.00,0.00,0.25,0.05,0.30,0.25,0.30,Matches
be6faae0,Álvaro Aceves,es ESP,GK,Valladolid,19-218,2003,1,0,13,0.1,0,0,0,0,0,0,0,0,0.0,0.0,0.0,0.0,0,0,0,0.00,0.00,0.00,0.00,0.00,0.00,0.00,0.00,0.00,0.00,Matches
81442ecb,Marcos Acuña,ar ARG,DF,Sevilla,31-124,1991,18,13,1120,12.4,2,1,3,2,0,0,6,1,0.9,0.9,2.3,3.2,25,66,56,0.16,0.08,0.24,0.16,0.24,0.07,0.19,0.26,0.07,0.26,Matches
a2c1a8d3,Julen Agirrezabala,es ESP,GK,Athletic Club,22-065,2000,2,1,135,1.5,0,0,0,0,0,0,0,0,0.0,0.0,0.0,0.0,0,0,0,0.00,0.00,0.00,0.00,0.00,0.00,0.00,0.00,0.00,0.00,Matches
014aa7bd,Álvaro Aguado,es ESP,MF,Valladolid,26-304,1996,21,12,1178,13.1,0,2,2,0,0,0,3,0,0.4,0.4,1.1,1.5,18,88,23,0.00,0.15,0.15,0.00,0.15,0.03,0.08,0.11,0.03,0.11,Matches
18abe173,Joseph Aidoo,gh GHA,DF,Celta Vigo,27-153,1995,23,23,2053,22.8,2,0,2,2,0,0,4,0,0.8,0.8,0.0,0.9,10,68,2,0.09,0.00,0.09,0.09,0.09,0.04,0.00,0.04,0.04,0.04,Matches
06efa9dc,Sergio Akieme,es ESP,DF,Almería,25-075,1997,23,23,2059,22.9,0,0,0,0,0,0,4,0,1.4,1.4,2.0,3.3,59,54,80,0.00,0.00,0.00,0.00,0.00,0.06,0.09,0.15,0.06,0.15,Matches
31f5b89b,Paul Akouokou,ci CIV,MF,Betis,25-071,1997,6,2,238,2.6,0,0,0,0,0,0,2,0,0.1,0.1,0.0,0.1,0,6,1,0.00,0.00,0.00,0.00,0.00,0.04,0.00,0.04,0.04,0.04,Matches
05439de2,David Alaba,at AUT,DF,Real Madrid,30-250,1992,19,17,1545,17.2,1,3,4,1,0,0,3,0,0.7,0.7,1.1,1.7,14,60,58,0.06,0.17,0.23,0.06,0.23,0.04,0.06,0.10,0.04,0.10,Matches
455c26a4,Ángel Alarcón,es ESP,"MF,FW",Barcelona,18-290,2004,2,0,20,0.2,0,0,0,0,0,0,0,0,0.0,0.0,0.0,0.0,0,0,2,0.00,0.00,0.00,0.00,0.00,0.21,0.00,0.21,0.21,0.21,Matches
99ea2ddd,Tomás Alarcón,cl CHI,MF,Cádiz,24-041,1999,4,2,223,2.5,0,0,0,0,0,0,2,1,0.0,0.0,0.1,0.1,2,9,6,0.00,0.00,0.00,0.00,0.00,0.01,0.03,0.04,0.01,0.04,Matches
4601e194,Jordi Alba,es ESP,DF,Barcelona,33-345,1989,16,10,999,11.1,1,3,4,1,0,0,4,1,0.6,0.6,5.2,5.8,31,114,106,0.09,0.27,0.36,0.09,0.36,0.05,0.47,0.52,0.05,0.52,Matches
4bd414c1,Raúl Albiol,es ESP,DF,Villarreal,37-178,1985,20,20,1789,19.9,0,0,0,0,0,0,5,0,0.0,0.0,0.0,0.1,10,85,2,0.00,0.00,0.00,0.00,0.00,0.00,0.00,0.00,0.00,0.00,Matches
036bba5f,Rubén Alcaraz,es ESP,MF,Cádiz,31-304,1991,18,13,1142,12.7,1,0,1,1,0,0,8,1,0.9,0.9,1.0,1.9,14,45,9,0.08,0.00,0.08,0.08,0.08,0.07,0.08,0.15,0.07,0.15,Matches
bb08bce9,Omar Alderete,py PAR,DF,Getafe,26-065,1996,11,10,900,10.0,0,1,1,0,0,0,4,0,0.2,0.2,0.6,0.8,13,43,6,0.00,0.10,0.10,0.00,0.10,0.02,0.06,0.08,0.02,0.08,Matches
3d7e48ce,Iván Alejo,es ESP,"MF,FW",Cádiz,28-019,1995,18,8,775,8.6,0,1,1,0,0,0,9,1,0.6,0.6,1.2,1.8,28,7,53,0.00,0.12,0.12,0.00,0.12,0.07,0.14,0.20,0.07,0.20,Matches
6c811eb7,Carles Aleñá,es ESP,MF,Getafe,25-055,1998,21,20,1543,17.1,2,2,4,2,0,0,10,1,1.4,1.4,0.8,2.2,18,70,58,0.12,0.12,0.23,0.12,0.23,0.08,0.04,0.13,0.08,0.13,Matches
b907d169,Alejandro Alfaro,es ESP,MF,Elche,20-259,2002,1,0,15,0.2,0,0,0,0,0,0,0,0,0.0,0.0,0.0,0.0,0,0,0,0.00,0.00,0.00,0.00,0.00,0.00,0.00,0.00,0.00,0.00,Matches
acc1aefa,Ángel Algobia,es ESP,MF,Getafe,23-251,1999,16,9,842,9.4,0,0,0,0,0,0,2,0,0.1,0.1,0.1,0.3,8,31,7,0.00,0.00,0.00,0.00,0.00,0.02,0.02,0.03,0.02,0.03,Matches
f8405304,Mohamed Ali Cho,fr FRA,FW,Real Sociedad,19-041,2004,8,3,317,3.5,0,2,2,0,0,0,1,0,1.0,1.0,1.5,2.4,17,4,36,0.00,0.57,0.57,0.00,0.57,0.27,0.41,0.69,0.27,0.69,Matches
e6697917,Domingos André Ribeiro Almeida,pt POR,MF,Valencia,22-275,2000,20,16,1426,15.8,2,3,5,2,0,0,2,0,0.7,0.7,1.9,2.6,44,110,46,0.13,0.19,0.32,0.13,0.32,0.04,0.12,0.16,0.04,0.16,Matches
f4290206,Marcos Alonso,es ESP,DF,Barcelona,32-063,1990,13,6,644,7.2,1,0,1,1,0,0,1,0,0.8,0.8,0.2,1.0,17,49,3,0.14,0.00,0.14,0.14,0.14,0.11,0.03,0.14,0.11,0.14,Matches
629081bd,Carlos Álvarez,es ESP,FW,Sevilla,19-207,2003,1,0,10,0.1,0,0,0,0,0,0,1,0,,,,,,,,0.00,0.00,0.00,0.00,0.00,,,,,,Matches
852ddfb8,Gastón Álvarez,uy URU,DF,Getafe,22-342,2000,13,8,812,9.0,2,0,2,2,0,0,4,1,0.4,0.4,0.2,0.6,6,24,16,0.22,0.00,0.22,0.22,0.22,0.05,0.02,0.07,0.05,0.07,Matches
3ecc11d8,Yeray Álvarez,es ESP,DF,Athletic Club,28-036,1995,20,20,1715,19.1,1,1,2,1,0,0,5,1,0.4,0.4,0.9,1.3,26,118,6,0.05,0.05,0.10,0.05,0.10,0.02,0.05,0.07,0.02,0.07,Matches
00eba9c9,Selim Amallah,ma MAR,MF,Valladolid,26-106,1996,2,0,54,0.6,0,0,0,0,0,0,0,1,0.0,0.0,0.0,0.0,3,4,0,0.00,0.00,0.00,0.00,0.00,0.03,0.00,0.03,0.03,0.03,Matches
f3b1d9a2,Amath,sn SEN,"MF,FW",Mallorca,26-228,1996,15,3,516,5.7,1,0,1,1,0,0,2,0,1.1,1.1,0.8,1.8,12,8,30,0.17,0.00,0.17,0.17,0.17,0.18,0.13,0.32,0.18,0.32,Matches
22721b88,Jordan Amavi,fr FRA,DF,Getafe,28-357,1994,4,1,193,2.1,0,0,0,0,0,0,2,1,0.0,0.0,0.0,0.0,4,5,5,0.00,0.00,0.00,0.00,0.00,0.00,0.00,0.00,0.00,0.00,Matches
fdd26d71,Fabrizio Angileri,ar ARG,DF,Getafe,28-351,1994,9,7,523,5.8,0,0,0,0,0,0,2,1,0.1,0.1,0.0,0.1,4,15,11,0.00,0.00,0.00,0.00,0.00,0.02,0.00,0.02,0.02,0.02,Matches
c93231dc,Anuar,ma MAR,"MF,FW",Valladolid,28-045,1995,3,3,210,2.3,1,0,1,1,0,0,1,0,0.3,0.3,0.4,0.8,6,3,4,0.43,0.00,0.43,0.43,0.43,0.15,0.19,0.34,0.15,0.34,Matches
58afe001,Mauro Arambarri,uy URU,MF,Getafe,27-152,1995,10,10,826,9.2,0,1,1,0,0,0,4,1,0.3,0.3,1.5,1.7,8,30,7,0.00,0.11,0.11,0.00,0.11,0.03,0.16,0.19,0.03,0.19,Matches
2bef2bca,Ronald Araújo,uy URU,DF,Barcelona,23-359,1999,12,11,973,10.8,0,1,1,0,0,0,4,0,1.1,1.1,0.4,1.5,18,41,7,0.00,0.09,0.09,0.00,0.09,0.11,0.03,0.14,0.11,0.14,Matches
1e465e70,Sergio Arribas,es ESP,FW,Real Madrid,21-152,2001,1,0,10,0.1,0,0,0,0,0,0,0,0,0.2,0.2,0.0,0.2,0,2,0,0.00,0.00,0.00,0.00,0.00,1.42,0.27,1.69,1.42,1.69,Matches
6091cf45,Roberto Arroyo,es ESP,MF,Valladolid,19-188,2003,1,0,15,0.2,0,0,0,0,0,0,0,0,0.0,0.0,0.0,0.0,1,0,4,0.00,0.00,0.00,0.00,0.00,0.00,0.00,0.00,0.00,0.00,Matches
5d133e96,Ricard Artero,es ESP,FW,Girona,20-024,2003,1,0,8,0.1,0,0,0,0,0,0,0,0,0.0,0.0,0.0,0.0,0,0,0,0.00,0.00,0.00,0.00,0.00,0.00,0.00,0.00,0.00,0.00,Matches
759d8dd7,Santiago Arzamendia,py PAR,"DF,MF",Cádiz,24-300,1998,9,4,389,4.3,0,0,0,0,0,0,0,0,0.2,0.2,0.6,0.8,7,10,17,0.00,0.00,0.00,0.00,0.00,0.05,0.15,0.20,0.05,0.20,Matches
9f0ea33f,Sergio Asenjo,es ESP,GK,Valladolid,33-246,1989,6,6,540,6.0,0,0,0,0,0,0,0,0,0.0,0.0,0.0,0.0,0,0,0,0.00,0.00,0.00,0.00,0.00,0.00,0.00,0.00,0.00,0.00,Matches
45af8a54,Marco Asensio,es ESP,"FW,MF",Real Madrid,27-039,1996,18,7,667,7.4,4,3,7,4,0,1,1,0,3.7,3.0,2.0,4.9,20,28,57,0.54,0.40,0.94,0.54,0.94,0.51,0.27,0.77,0.40,0.67,Matches
7dcf86f6,Iago Aspas,es ESP,FW,Celta Vigo,35-212,1987,23,21,1932,21.5,9,3,12,8,1,2,4,0,7.5,5.9,4.1,10.0,63,100,168,0.42,0.14,0.56,0.37,0.51,0.35,0.19,0.54,0.28,0.47,Matches
d5dd5f1f,Pierre-Emerick Aubameyang,ga GAB,FW,Barcelona,33-256,1989,1,0,9,0.1,0,0,0,0,0,0,0,0,0.1,0.1,0.0,0.1,0,0,0,0.00,0.00,0.00,0.00,0.00,1.18,0.00,1.18,1.18,1.18,Matches
9fec8860,Ludwig Augustinsson,se SWE,DF,Mallorca,28-314,1994,1,1,71,0.8,0,0,0,0,0,0,0,0,0.0,0.0,0.0,0.0,1,0,4,0.00,0.00,0.00,0.00,0.00,0.00,0.05,0.05,0.00,0.05,Matches
253a06b9,Ezequiel Ávila,ar ARG,"FW,MF",Osasuna,29-023,1994,20,17,1261,14.0,7,2,9,5,2,3,6,1,5.6,3.3,1.7,4.9,17,29,67,0.50,0.14,0.64,0.36,0.50,0.40,0.12,0.52,0.23,0.35,Matches
bfd381b3,Iddrisu Baba,gh GHA,MF,Mallorca,27-038,1996,17,12,995,11.1,0,0,0,0,0,0,4,0,0.4,0.4,0.2,0.6,2,30,6,0.00,0.00,0.00,0.00,0.00,0.03,0.02,0.05,0.03,0.05,Matches
075fe5a3,Srđan Babić,rs SRB,DF,Almería,26-313,1996,20,19,1755,19.5,1,0,1,1,0,0,3,0,0.8,0.8,0.2,1.0,13,40,3,0.05,0.00,0.05,0.05,0.05,0.04,0.01,0.05,0.04,0.05,Matches
114bbdee,Loïc Bade,fr FRA,DF,Sevilla,22-324,2000,6,5,448,5.0,0,0,0,0,0,0,0,0,0.1,0.1,0.1,0.1,4,22,2,0.00,0.00,0.00,0.00,0.00,0.02,0.01,0.03,0.02,0.03,Matches
e4346678,Édgar Badía,es ESP,GK,Elche,31-017,1992,23,23,2070,23.0,0,0,0,0,0,0,2,0,0.0,0.0,0.0,0.0,0,0,0,0.00,0.00,0.00,0.00,0.00,0.00,0.00,0.00,0.00,0.00,Matches
518f2234,Alex Baena,es ESP,"MF,FW",Villarreal,21-224,2001,21,11,1175,13.1,4,1,5,4,0,0,11,1,2.0,2.0,3.2,5.2,33,62,67,0.31,0.08,0.38,0.31,0.38,0.15,0.25,0.40,0.15,0.40,Matches
5ccc9672,Alejandro Balde,es ESP,DF,Barcelona,19-134,2003,20,17,1390,15.4,0,4,4,0,0,0,2,0,0.4,0.4,3.0,3.4,49,48,119,0.00,0.26,0.26,0.00,0.26,0.03,0.20,0.22,0.03,0.22,Matches
1fe67e86,Mikel Balenziaga,es ESP,DF,Athletic Club,35-000,1988,1,0,45,0.5,0,0,0,0,0,0,0,0,0.0,0.0,0.0,0.0,0,4,6,0.00,0.00,0.00,0.00,0.00,0.00,0.00,0.00,0.00,0.00,Matches
cee88597,Iván Balliu,al ALB,DF,Rayo Vallecano,31-059,1992,23,23,2025,22.5,0,0,0,0,0,0,4,0,0.3,0.3,1.8,2.1,54,90,98,0.00,0.00,0.00,0.00,0.00,0.01,0.08,0.09,0.01,0.09,Matches
35f6db55,Léo Baptistão,br BRA,"FW,MF",Almería,30-187,1992,18,15,1076,12.0,3,1,4,3,0,0,5,0,3.0,3.0,0.9,3.9,26,37,49,0.25,0.08,0.33,0.25,0.33,0.25,0.08,0.33,0.25,0.33,Matches
03049c8c,Keidi Bare,al ALB,MF,Espanyol,25-185,1997,11,3,330,3.7,0,0,0,0,0,0,0,0,0.5,0.5,0.2,0.7,4,15,6,0.00,0.00,0.00,0.00,0.00,0.14,0.05,0.18,0.14,0.18,Matches
aad53e64,Kike Barja,es ESP,"FW,MF",Osasuna,25-334,1997,13,6,535,5.9,1,2,3,1,0,0,1,0,0.3,0.3,1.3,1.6,29,15,83,0.17,0.34,0.50,0.17,0.50,0.05,0.22,0.27,0.05,0.27,Matches
200e89e1,Ander Barrenetxea,es ESP,"DF,FW",Real Sociedad,21-064,2001,10,5,404,4.5,1,0,1,1,0,0,3,0,0.8,0.8,0.0,0.8,6,13,14,0.22,0.00,0.22,0.22,0.22,0.17,0.01,0.17,0.17,0.17,Matches
45736cec,Pablo Barrios,es ESP,MF,Atlético Madrid,19-259,2003,8,5,391,4.3,0,0,0,0,0,0,1,0,0.2,0.2,0.1,0.3,10,28,17,0.00,0.00,0.00,0.00,0.00,0.05,0.02,0.07,0.05,0.07,Matches
d637fc22,Rodrigo Battaglia,ar ARG,MF,Mallorca,31-232,1991,14,8,677,7.5,0,0,0,0,0,0,5,0,0.2,0.2,0.0,0.2,3,19,3,0.00,0.00,0.00,0.00,0.00,0.02,0.01,0.03,0.02,0.03,Matches
d8712bf9,Bebé,cv CPV,FW,Rayo Vallecano,32-232,1990,4,0,60,0.7,0,0,0,0,0,0,1,0,0.1,0.1,0.1,0.2,5,1,10,0.00,0.00,0.00,0.00,0.00,0.12,0.13,0.25,0.12,0.25,Matches
f874dd44,Héctor Bellerín,es ESP,DF,Barcelona,27-347,1995,3,1,143,1.6,0,0,0,0,0,0,0,0,0.0,0.0,0.1,0.1,2,13,6,0.00,0.00,0.00,0.00,0.00,0.00,0.06,0.06,0.00,0.06,Matches
ed5c5fa3,Fran Beltrán,es ESP,MF,Celta Vigo,24-026,1999,23,21,1829,20.3,0,1,1,0,0,0,3,0,0.6,0.6,1.3,1.9,20,91,16,0.00,0.05,0.05,0.00,0.05,0.03,0.06,0.09,0.03,0.09,Matches
70d74ece,Karim Benzema,fr FRA,FW,Real Madrid,35-072,1987,14,14,1213,13.5,11,3,14,6,5,6,1,0,13.1,8.1,3.7,11.8,36,73,93,0.82,0.22,1.04,0.45,0.67,0.97,0.28,1.25,0.60,0.87,Matches
b6e50615,Yuri Berchiche,es ESP,DF,Athletic Club,33-019,1990,14,13,1126,12.5,1,1,2,1,0,0,6,1,0.7,0.7,0.7,1.4,24,80,47,0.08,0.08,0.16,0.08,0.16,0.05,0.06,0.11,0.05,0.11,Matches
dc1c2fce,Álex Berenguer,es ESP,FW,Athletic Club,27-240,1995,22,17,1463,16.3,3,1,4,3,0,0,0,0,3.1,3.1,2.8,5.8,35,54,160,0.18,0.06,0.25,0.18,0.25,0.19,0.17,0.36,0.19,0.36,Matches
697295b1,Pedro Bigas,es ESP,DF,Elche,32-167,1990,18,16,1323,14.7,0,0,0,0,0,0,3,2,0.8,0.8,0.0,0.8,14,54,0,0.00,0.00,0.00,0.00,0.00,0.05,0.00,0.05,0.05,0.05,Matches
47c609d5,El Bilal Touré,ml MLI,FW,Almería,21-149,2001,17,12,1068,11.9,6,2,8,6,0,0,0,0,6.1,6.1,1.1,7.2,15,9,49,0.51,0.17,0.67,0.51,0.67,0.51,0.09,0.61,0.51,0.61,Matches
506daeac,Blanco,es ESP,MF,Cádiz,22-221,2000,3,2,158,1.8,0,0,0,0,0,0,0,0,0.0,0.0,0.0,0.0,1,2,2,0.00,0.00,0.00,0.00,0.00,0.00,0.01,0.01,0.00,0.01,Matches
1657f448,Lautaro Blanco,ar ARG,"MF,DF",Elche,24-010,1999,6,2,246,2.7,0,1,1,0,0,0,1,0,0.0,0.0,0.2,0.2,4,9,11,0.00,0.37,0.37,0.00,0.37,0.00,0.09,0.09,0.00,0.09,Matches
0da6a13e,Theo Bongonda,cd COD,MF,Cádiz,27-101,1995,16,12,942,10.5,2,2,4,2,0,0,0,0,1.9,1.9,0.6,2.5,28,15,52,0.19,0.19,0.38,0.19,0.38,0.18,0.06,0.24,0.18,0.24,Matches
7f271d74,Wassim Boullif,es ESP,"DF,MF",Espanyol,18-026,2005,5,0,88,1.0,0,0,0,0,0,0,0,0,0.0,0.0,0.0,0.0,0,2,0,0.00,0.00,0.00,0.00,0.00,0.00,0.00,0.00,0.00,0.00,Matches
f6798fc3,Yassine Bounou,ma MAR,GK,Sevilla,31-330,1991,21,21,1845,20.5,0,0,0,0,0,0,2,0,0.0,0.0,0.0,0.0,0,1,0,0.00,0.00,0.00,0.00,0.00,0.00,0.00,0.00,0.00,0.00,Matches
d49f3e6b,Lucas Boyé,ar ARG,FW,Elche,27-001,1996,21,17,1422,15.8,2,2,4,2,0,1,3,1,3.8,3.0,1.3,4.3,33,39,92,0.13,0.13,0.25,0.13,0.25,0.24,0.08,0.32,0.19,0.27,Matches
fd771f95,Martin Braithwaite,dk DEN,"FW,MF",Espanyol,31-269,1991,18,18,1454,16.2,7,1,8,7,0,0,3,1,5.7,5.7,1.0,6.7,16,31,73,0.43,0.06,0.50,0.43,0.50,0.35,0.06,0.41,0.35,0.41,Matches
2475cf9b,Juan Brandáriz,es ESP,DF,Almería,23-364,1999,13,8,851,9.5,1,0,1,1,0,0,2,0,0.4,0.4,0.0,0.4,9,19,6,0.11,0.00,0.11,0.11,0.11,0.04,0.00,0.04,0.04,0.04,Matches
4accb7e0,Darko Brašanac,rs SRB,MF,Osasuna,31-017,1992,21,8,935,10.4,1,1,2,1,0,0,4,0,0.8,0.8,0.7,1.5,15,42,32,0.10,0.10,0.19,0.10,0.19,0.07,0.07,0.14,0.07,0.14,Matches
10072610,Claudio Bravo,cl CHI,GK,Betis,39-322,1983,5,5,450,5.0,0,0,0,0,0,0,1,0,0.0,0.0,0.0,0.0,0,1,0,0.00,0.00,0.00,0.00,0.00,0.00,0.00,0.00,0.00,0.00,Matches
7b5ab7f2,Bryan,es ESP,"DF,MF",Sevilla,22-018,2001,4,2,219,2.4,1,0,1,1,0,0,1,0,1.0,1.0,0.2,1.2,7,6,24,0.41,0.00,0.41,0.41,0.41,0.43,0.06,0.49,0.43,0.49,Matches
8f3565b3,Ante Budimir,hr CRO,FW,Osasuna,31-222,1991,18,13,1019,11.3,2,0,2,2,0,0,2,0,3.4,3.4,0.6,4.0,11,12,61,0.18,0.00,0.18,0.18,0.18,0.30,0.06,0.35,0.30,0.35,Matches
edc98fac,Santiago Bueno,uy URU,DF,Girona,24-112,1998,22,22,1967,21.9,0,1,1,0,0,0,5,1,1.2,1.2,1.0,2.2,12,99,2,0.00,0.05,0.05,0.00,0.05,0.06,0.05,0.10,0.06,0.10,Matches
5ab0ea87,Sergio Busquets,es ESP,MF,Barcelona,34-228,1988,19,17,1377,15.3,0,1,1,0,0,0,6,1,0.2,0.2,0.8,0.9,11,128,21,0.00,0.07,0.07,0.00,0.07,0.01,0.05,0.06,0.01,0.06,Matches
69cbc8b6,Leandro Cabrera,uy URU,DF,Espanyol,31-257,1991,21,20,1737,19.3,0,0,0,0,0,0,5,2,1.6,1.6,0.8,2.4,9,56,3,0.00,0.00,0.00,0.00,0.00,0.08,0.04,0.12,0.08,0.12,Matches
fe05804b,Cala,es ESP,DF,Cádiz,33-095,1989,3,1,137,1.5,0,0,0,0,0,0,0,0,0.0,0.0,0.0,0.0,0,2,0,0.00,0.00,0.00,0.00,0.00,0.03,0.00,0.03,0.03,0.03,Matches
41b3069f,Fernando Calero,es ESP,"DF,MF",Espanyol,27-168,1995,18,15,1223,13.6,0,0,0,0,0,0,3,0,0.5,0.5,0.1,0.6,5,46,1,0.00,0.00,0.00,0.00,0.00,0.03,0.01,0.04,0.03,0.04,Matches
af34f10d,Alexander Callens,pe PER,DF,Girona,30-301,1992,2,0,53,0.6,0,0,0,0,0,0,0,0,0.0,0.0,0.0,0.0,1,5,1,0.00,0.00,0.00,0.00,0.00,0.00,0.00,0.00,0.00,0.00,Matches
7b9c2d84,Eduardo Camavinga,fr FRA,"MF,DF",Real Madrid,20-111,2002,23,11,1122,12.5,0,1,1,0,0,0,3,0,0.7,0.7,1.0,1.6,42,105,57,0.00,0.08,0.08,0.00,0.08,0.06,0.08,0.13,0.06,0.13,Matches
873619c6,Sergio Camello,es ESP,FW,Rayo Vallecano,22-019,2001,23,20,1668,18.5,5,3,8,5,0,0,1,0,5.2,5.2,1.9,7.1,28,24,82,0.27,0.16,0.43,0.27,0.43,0.28,0.10,0.38,0.28,0.38,Matches
a6de370d,Sergio Canales,es ESP,"FW,MF",Betis,32-013,1991,19,17,1500,16.7,4,2,6,3,1,1,4,1,3.8,3.0,3.6,6.5,48,93,93,0.24,0.12,0.36,0.18,0.30,0.23,0.21,0.44,0.18,0.39,Matches
37f1cf47,Ander Capa,es ESP,"DF,MF",Athletic Club,31-021,1992,3,0,21,0.2,0,0,0,0,0,0,0,0,0.0,0.0,0.0,0.0,2,2,1,0.00,0.00,0.00,0.00,0.00,0.00,0.20,0.20,0.00,0.20,Matches
5acc4a10,Étienne Capoue,fr FRA,MF,Villarreal,34-233,1988,18,17,1442,16.0,0,0,0,0,0,0,1,0,1.7,1.7,0.6,2.3,30,70,47,0.00,0.00,0.00,0.00,0.00,0.11,0.04,0.15,0.11,0.15,Matches
c4b888df,Isaac Carcelen,es ESP,DF,Cádiz,29-312,1993,16,14,1237,13.7,0,0,0,0,0,0,2,2,0.1,0.1,0.4,0.5,15,43,26,0.00,0.00,0.00,0.00,0.00,0.01,0.03,0.04,0.01,0.04,Matches
688b96e3,Juan Carlos,es ESP,GK,Girona,35-040,1988,10,10,900,10.0,0,0,0,0,0,0,0,0,0.0,0.0,0.0,0.0,0,0,0,0.00,0.00,0.00,0.00,0.00,0.00,0.00,0.00,0.00,0.00,Matches
5b93209a,José Carlos Lazo,es ESP,"MF,FW",Almería,27-013,1996,1,0,20,0.2,0,0,0,0,0,0,0,0,0.1,0.1,0.0,0.1,0,0,3,0.00,0.00,0.00,0.00,0.00,0.27,0.00,0.27,0.27,0.27,Matches
5b93209a,José Carlos Lazo,es ESP,"MF,FW",Espanyol,27-013,1996,9,0,149,1.7,1,1,2,1,0,0,0,0,0.2,0.2,0.2,0.5,2,3,8,0.60,0.60,1.21,0.60,1.21,0.14,0.15,0.29,0.14,0.29,Matches
2dce876a,Carmona,es ESP,"MF,DF",Elche,21-031,2002,5,5,431,4.8,1,0,1,1,0,0,4,1,0.4,0.4,0.1,0.5,8,6,20,0.21,0.00,0.21,0.21,0.21,0.09,0.02,0.11,0.09,0.11,Matches
2dce876a,Carmona,es ESP,DF,Sevilla,21-031,2002,10,5,527,5.9,2,1,3,2,0,0,6,1,0.8,0.8,0.4,1.2,9,11,8,0.34,0.17,0.51,0.34,0.51,0.14,0.06,0.20,0.14,0.20,Matches
de39485a,Yannick Carrasco,be BEL,"MF,DF",Atlético Madrid,29-178,1993,21,12,1175,13.1,1,0,1,1,0,0,1,0,3.0,3.0,1.9,4.9,62,43,112,0.08,0.00,0.08,0.08,0.08,0.23,0.14,0.38,0.23,0.38,Matches
4958bfb2,Dani Carvajal,es ESP,DF,Real Madrid,31-049,1992,18,14,1240,13.8,0,2,2,0,0,0,3,0,0.2,0.2,1.5,1.6,10,37,79,0.00,0.15,0.15,0.00,0.15,0.01,0.11,0.12,0.01,0.12,Matches
dee86451,William Carvalho,pt POR,MF,Betis,30-328,1992,20,19,1526,17.0,2,1,3,2,0,0,4,1,2.1,2.1,0.8,2.9,31,136,35,0.12,0.06,0.18,0.12,0.18,0.12,0.05,0.17,0.12,0.17,Matches
4d224fe8,Casemiro,br BRA,MF,Real Madrid,31-006,1992,1,0,8,0.1,0,0,0,0,0,0,0,0,0.0,0.0,0.0,0.0,0,0,0,0.00,0.00,0.00,0.00,0.00,0.00,0.00,0.00,0.00,0.00,Matches
da76bab4,Valentín Castellanos,ar ARG,FW,Girona,24-149,1998,22,21,1662,18.5,5,0,5,4,1,1,7,0,5.8,5.0,0.8,5.8,22,23,91,0.27,0.00,0.27,0.22,0.22,0.31,0.04,0.36,0.27,0.32,Matches
130a7a3f,Samu Castillejo,es ESP,FW,Valencia,28-042,1995,17,14,1022,11.4,3,0,3,3,0,0,6,0,2.3,2.3,1.0,3.4,38,52,76,0.26,0.00,0.26,0.26,0.26,0.20,0.09,0.30,0.20,0.30,Matches
274ab13c,Catena,es ESP,DF,Rayo Vallecano,28-124,1994,22,22,1979,22.0,1,1,2,1,0,0,9,1,0.7,0.7,0.8,1.5,8,76,1,0.05,0.05,0.09,0.05,0.09,0.03,0.04,0.07,0.03,0.07,Matches
527f063d,Edinson Cavani,uy URU,FW,Valencia,36-015,1987,14,14,945,10.5,5,1,6,3,2,3,4,0,5.3,2.9,1.3,4.2,7,11,40,0.48,0.10,0.57,0.29,0.38,0.50,0.12,0.62,0.28,0.40,Matches
c0617e2b,Dani Ceballos,es ESP,MF,Real Madrid,26-206,1996,16,10,760,8.4,0,1,1,0,0,0,2,0,0.3,0.3,0.9,1.1,30,108,25,0.00,0.12,0.12,0.00,0.12,0.03,0.10,0.13,0.03,0.13,Matches
ae852b7d,Álex Centelles,es ESP,DF,Almería,25-113,1997,1,0,11,0.1,0,0,0,0,0,0,0,1,0.0,0.0,0.0,0.0,0,0,1,0.00,0.00,0.00,0.00,0.00,0.00,0.00,0.00,0.00,0.00,Matches
5e1028e5,Franco Cervi,ar ARG,MF,Celta Vigo,28-279,1994,22,16,1346,15.0,0,2,2,0,0,0,0,1,1.0,1.0,1.1,2.1,29,39,64,0.00,0.13,0.13,0.00,0.13,0.07,0.07,0.14,0.07,0.14,Matches
63c5e56b,Pep Chavarría,es ESP,"FW,DF",Rayo Vallecano,24-325,1998,8,0,103,1.1,0,0,0,0,0,0,1,0,0.0,0.0,0.1,0.1,5,4,9,0.00,0.00,0.00,0.00,0.00,0.00,0.09,0.09,0.00,0.09,Matches
873ce3a2,Pape Cheikh Diop,sn SEN,MF,Elche,25-205,1997,1,0,33,0.4,0,0,0,0,0,0,0,1,0.0,0.0,0.0,0.0,0,0,0,0.00,0.00,0.00,0.00,0.00,0.00,0.00,0.00,0.00,0.00,Matches
1cb49278,Andreas Christensen,dk DEN,DF,Barcelona,26-325,1996,13,12,993,11.0,0,1,1,0,0,0,2,0,0.2,0.2,0.4,0.6,15,55,2,0.00,0.09,0.09,0.00,0.09,0.02,0.04,0.06,0.02,0.06,Matches
b8a642fc,Samuel Chukwueze,ng NGA,"FW,MF",Villarreal,23-283,1999,22,13,1214,13.5,3,3,6,3,0,0,1,0,3.0,3.0,2.4,5.3,62,37,149,0.22,0.22,0.44,0.22,0.44,0.22,0.18,0.39,0.22,0.39,Matches
ec1a731e,Víctor Chust,es ESP,DF,Cádiz,22-361,2000,11,9,851,9.5,1,0,1,1,0,0,3,0,0.8,0.8,0.0,0.8,3,21,0,0.11,0.00,0.11,0.11,0.11,0.08,0.00,0.09,0.08,0.09,Matches
9a0408b6,Pathé Ciss,sn SEN,"MF,DF",Rayo Vallecano,28-350,1994,21,9,967,10.7,1,0,1,1,0,0,4,0,2.0,2.0,0.2,2.2,8,49,3,0.09,0.00,0.09,0.09,0.09,0.19,0.02,0.21,0.19,0.21,Matches
33a61a52,Carlos Clerc,es ESP,"DF,MF",Elche,31-008,1992,18,17,1426,15.8,0,1,1,0,0,0,1,0,0.5,0.5,1.1,1.6,34,43,70,0.00,0.06,0.06,0.00,0.06,0.03,0.07,0.10,0.03,0.10,Matches
85dace26,Álex Collado,es ESP,MF,Elche,23-313,1999,9,8,536,6.0,1,1,2,1,0,0,1,0,0.5,0.5,0.9,1.4,10,16,34,0.17,0.17,0.34,0.17,0.34,0.08,0.16,0.23,0.08,0.23,Matches
b3f62bfc,Diego Collado,es ESP,FW,Villarreal,22-051,2001,2,0,6,0.1,0,0,0,0,0,0,0,0,0.0,0.0,0.0,0.0,0,1,3,0.00,0.00,0.00,0.00,0.00,0.00,0.00,0.00,0.00,0.00,Matches
15937e17,Eray Cömert,ch SUI,DF,Valencia,25-025,1998,18,15,1382,15.4,1,0,1,1,0,0,4,1,0.4,0.4,0.1,0.5,5,48,0,0.07,0.00,0.07,0.07,0.07,0.03,0.00,0.03,0.03,0.03,Matches
5ae499d0,Santi Comesaña,es ESP,MF,Rayo Vallecano,26-147,1996,21,15,1322,14.7,1,0,1,1,0,0,3,0,1.5,1.5,0.8,2.3,16,87,33,0.07,0.00,0.07,0.07,0.07,0.10,0.05,0.16,0.10,0.16,Matches
0f26ffd7,Copete,es ESP,DF,Mallorca,23-142,1999,18,17,1362,15.1,0,0,0,0,0,0,6,0,0.7,0.2,0.2,0.4,6,41,1,0.00,0.00,0.00,0.00,0.00,0.05,0.01,0.06,0.02,0.03,Matches
a6951bf8,Francis Coquelin,fr FRA,MF,Villarreal,31-292,1991,16,9,748,8.3,1,0,1,1,0,0,2,0,1.0,1.0,1.0,1.9,11,29,27,0.12,0.00,0.12,0.12,0.12,0.12,0.12,0.23,0.12,0.23,Matches
fb938d24,Jesús Corona,mx MEX,FW,Sevilla,30-054,1993,1,1,62,0.7,0,0,0,0,0,0,0,0,0.0,0.0,0.2,0.2,1,1,5,0.00,0.00,0.00,0.00,0.00,0.00,0.27,0.27,0.00,0.27,Matches
01eb744d,Ángel Correa,ar ARG,"FW,MF",Atlético Madrid,27-357,1995,22,9,922,10.2,5,0,5,5,0,0,2,1,4.7,4.7,2.6,7.4,31,36,99,0.49,0.00,0.49,0.49,0.49,0.46,0.26,0.72,0.46,0.72,Matches
c78b352d,Thierry Correia,pt POR,DF,Valencia,23-357,1999,17,16,1410,15.7,0,0,0,0,0,0,3,0,0.1,0.1,0.5,0.7,46,72,87,0.00,0.00,0.00,0.00,0.00,0.01,0.03,0.04,0.01,0.04,Matches
808d48f3,Jaume Costa,es ESP,DF,Mallorca,34-348,1988,19,19,1657,18.4,0,1,1,0,0,0,6,0,0.9,0.9,1.7,2.7,43,53,94,0.00,0.05,0.05,0.00,0.05,0.05,0.09,0.15,0.05,0.15,Matches
76c2a023,Samu Costa,pt POR,MF,Almería,22-094,2000,19,13,1200,13.3,1,0,1,1,0,0,3,0,1.0,1.0,0.4,1.5,4,55,15,0.07,0.00,0.07,0.07,0.07,0.08,0.03,0.11,0.08,0.11,Matches
1840e36d,Thibaut Courtois,be BEL,GK,Real Madrid,30-294,1992,17,17,1530,17.0,0,0,0,0,0,0,0,0,0.0,0.0,0.1,0.1,0,0,0,0.00,0.00,0.00,0.00,0.00,0.00,0.00,0.00,0.00,0.00,Matches
1944818c,Yan Couto,br BRA,"DF,MF",Girona,20-271,2002,14,7,684,7.6,0,1,1,0,0,0,1,0,0.3,0.3,1.1,1.4,33,37,49,0.00,0.13,0.13,0.00,0.13,0.04,0.14,0.18,0.04,0.18,Matches
a56da3ba,Juan Cruz Armada,es ESP,DF,Osasuna,30-216,1992,18,16,1443,16.0,0,0,0,0,0,0,5,0,0.2,0.2,0.8,1.0,13,48,47,0.00,0.00,0.00,0.00,0.00,0.01,0.05,0.06,0.01,0.06,Matches
cc2dd8a5,Juan Cruz,es ESP,FW,Betis,22-310,2000,5,1,174,1.9,1,0,1,1,0,0,0,0,0.5,0.5,0.1,0.6,7,1,14,0.52,0.00,0.52,0.52,0.52,0.23,0.07,0.30,0.23,0.30,Matches
0abc51f2,Jorge Cuenca,es ESP,DF,Villarreal,23-104,1999,6,4,356,4.0,0,0,0,0,0,0,1,0,0.2,0.2,0.1,0.3,6,20,0,0.00,0.00,0.00,0.00,0.00,0.06,0.02,0.08,0.06,0.08,Matches
192c89a6,Braian Cufré,ar ARG,DF,Mallorca,26-076,1996,5,2,220,2.4,0,0,0,0,0,0,0,0,0.1,0.1,0.0,0.1,3,7,9,0.00,0.00,0.00,0.00,0.00,0.04,0.01,0.05,0.04,0.05,Matches
dc62b55d,Matheus Cunha,br BRA,"FW,MF",Atlético Madrid,23-278,1999,11,2,377,4.2,0,2,2,0,0,0,2,0,1.4,1.4,0.8,2.2,6,7,19,0.00,0.48,0.48,0.00,0.48,0.34,0.20,0.53,0.34,0.53,Matches
f9a225f5,Curro,es ESP,MF,Almería,27-057,1996,2,0,43,0.5,0,0,0,0,0,0,1,0,0.1,0.1,0.2,0.3,1,1,1,0.00,0.00,0.00,0.00,0.00,0.19,0.44,0.63,0.19,0.63,Matches
f08490a6,Arnaut Danjuma,nl NED,FW,Villarreal,26-029,1997,10,6,479,5.3,2,0,2,1,1,1,0,0,2.7,1.9,0.4,2.3,12,2,35,0.38,0.00,0.38,0.19,0.19,0.50,0.07,0.58,0.36,0.43,Matches
070a3904,Sergi Darder,es ESP,MF,Espanyol,29-069,1993,23,23,2043,22.7,4,1,5,4,0,0,2,0,1.9,1.9,4.3,6.2,74,144,45,0.18,0.04,0.22,0.18,0.22,0.08,0.19,0.27,0.08,0.27,Matches
162efffd,Rodrigo De Paul,ar ARG,MF,Atlético Madrid,28-281,1994,17,13,1023,11.4,1,2,3,1,0,0,3,0,0.3,0.3,3.4,3.6,28,99,32,0.09,0.18,0.26,0.09,0.26,0.02,0.30,0.32,0.02,0.32,Matches
84a85b48,Alberto Del Moral,es ESP,MF,Villarreal,22-224,2000,1,0,5,0.1,0,0,0,0,0,0,0,0,0.0,0.0,0.0,0.0,0,0,0,0.00,0.00,0.00,0.00,0.00,0.00,0.00,0.00,0.00,0.00,Matches
fe641c1a,Thomas Delaney,dk DEN,MF,Sevilla,31-179,1991,8,2,309,3.4,0,0,0,0,0,0,3,0,0.2,0.2,0.1,0.2,1,7,3,0.00,0.00,0.00,0.00,0.00,0.04,0.02,0.06,0.04,0.06,Matches
e7d2a50b,Fran Delgado,es ESP,DF,Betis,21-233,2001,1,0,12,0.1,0,0,0,0,0,0,0,0,0.0,0.0,0.0,0.0,0,0,3,0.00,0.00,0.00,0.00,0.00,0.00,0.00,0.00,0.00,0.00,Matches
b19db005,Ousmane Dembélé,fr FRA,FW,Barcelona,25-290,1997,18,14,1100,12.2,5,5,10,5,0,0,4,0,2.9,2.9,3.7,6.6,92,58,148,0.41,0.41,0.82,0.41,0.82,0.24,0.30,0.54,0.24,0.54,Matches
d2110326,Mouctar Diakhaby,gn GUI,DF,Valencia,26-072,1996,16,16,1331,14.8,2,0,2,2,0,0,6,1,1.5,1.5,0.2,1.7,6,41,4,0.14,0.00,0.14,0.14,0.14,0.10,0.01,0.11,0.10,0.11,Matches
80211dc5,Mamady Diarra,ml MLI,"MF,DF",Cádiz,22-248,2000,2,1,66,0.7,0,0,0,0,0,0,0,0,0.1,0.1,0.0,0.1,3,0,0,0.00,0.00,0.00,0.00,0.00,0.20,0.00,0.20,0.20,0.20,Matches
d61759ec,Youba Diarra,ml MLI,MF,Cádiz,24-342,1998,3,0,42,0.5,0,0,0,0,0,0,1,0,0.0,0.0,0.0,0.0,0,1,0,0.00,0.00,0.00,0.00,0.00,0.00,0.00,0.00,0.00,0.00,Matches
fc70e345,Stole Dimitrievski,mk MKD,GK,Rayo Vallecano,29-066,1993,22,22,1980,22.0,0,0,0,0,0,0,3,0,0.0,0.0,0.0,0.0,0,0,1,0.00,0.00,0.00,0.00,0.00,0.00,0.00,0.00,0.00,0.00,Matches
a461f098,Malcom Abdulai Ares Djalo,es ESP,FW,Athletic Club,21-140,2001,1,0,5,0.1,0,0,0,0,0,0,0,0,0.0,0.0,0.0,0.0,1,1,3,0.00,0.00,0.00,0.00,0.00,0.61,0.00,0.61,0.61,0.61,Matches
a4971d84,Djené,tg TOG,DF,Getafe,31-060,1991,20,20,1716,19.1,0,1,1,0,0,0,6,0,0.2,0.2,0.3,0.6,5,44,11,0.00,0.05,0.05,0.00,0.05,0.01,0.02,0.03,0.01,0.03,Matches
ac295d9e,Marko Dmitrović,rs SRB,GK,Sevilla,31-036,1992,3,2,225,2.5,0,0,0,0,0,0,1,0,0.0,0.0,0.0,0.0,0,0,0,0.00,0.00,0.00,0.00,0.00,0.00,0.00,0.00,0.00,0.00,Matches
cc83b74d,Kasper Dolberg,dk DEN,FW,Sevilla,25-146,1997,4,2,197,2.2,0,1,1,0,0,0,0,0,0.0,0.0,0.4,0.4,2,2,9,0.00,0.46,0.46,0.00,0.46,0.02,0.18,0.20,0.02,0.20,Matches
3521abfe,Carlos Dominguez,es ESP,DF,Celta Vigo,22-018,2001,2,0,18,0.2,0,0,0,0,0,0,0,0,0.0,0.0,0.0,0.0,0,1,0,0.00,0.00,0.00,0.00,0.00,0.00,0.00,0.00,0.00,0.00,Matches
5e95c000,John Donald,es ESP,DF,Elche,22-183,2000,3,2,150,1.7,0,0,0,0,0,0,0,1,0.0,0.0,0.0,0.0,0,0,0,0.00,0.00,0.00,0.00,0.00,0.00,0.00,0.00,0.00,0.00,Matches
93090f69,Domingos Duarte,pt POR,DF,Getafe,27-356,1995,22,22,1935,21.5,0,2,2,0,0,0,7,0,1.1,1.1,0.8,1.8,4,44,0,0.00,0.09,0.09,0.00,0.09,0.05,0.04,0.09,0.05,0.09,Matches
6db116ec,Pablo Durán,es ESP,"MF,DF",Celta Vigo,22-035,2001,4,0,36,0.4,0,0,0,0,0,0,0,0,0.0,0.0,0.0,0.0,0,0,3,0.00,0.00,0.00,0.00,0.00,0.00,0.00,0.00,0.00,0.00,Matches
37e103f8,Hugo Duro,es ESP,"FW,MF",Valencia,23-111,1999,17,6,721,8.0,1,0,1,1,0,0,3,0,2.1,2.1,0.7,2.8,8,7,46,0.12,0.00,0.12,0.12,0.12,0.26,0.09,0.35,0.26,0.35,Matches
3e93f8cf,Íñigo Eguaras,es ESP,MF,Almería,30-359,1992,17,8,710,7.9,1,1,2,1,0,0,4,0,0.9,0.9,0.6,1.4,4,51,7,0.13,0.13,0.25,0.13,0.25,0.11,0.07,0.18,0.11,0.18,Matches
f7dc2ae5,Aritz Elustondo,es ESP,DF,Real Sociedad,28-338,1994,16,12,1028,11.4,0,1,1,0,0,0,4,1,0.6,0.6,1.0,1.6,15,38,14,0.00,0.09,0.09,0.00,0.09,0.05,0.09,0.14,0.05,0.14,Matches
fd47b4f2,Rodrigo Ely,br BRA,DF,Almería,29-118,1993,22,22,1895,21.1,0,0,0,0,0,0,5,1,0.6,0.6,0.2,0.7,6,32,3,0.00,0.00,0.00,0.00,0.00,0.03,0.01,0.04,0.03,0.04,Matches
db8f0eba,Adri Embarba,es ESP,"FW,MF",Almería,30-298,1992,18,10,846,9.4,1,3,4,1,0,0,5,1,1.6,1.6,2.3,3.9,38,27,72,0.11,0.32,0.43,0.11,0.43,0.17,0.24,0.41,0.17,0.41,Matches
db8f0eba,Adri Embarba,es ESP,FW,Espanyol,30-298,1992,1,0,35,0.4,0,0,0,0,0,0,0,0,0.1,0.1,0.0,0.1,1,0,2,0.00,0.00,0.00,0.00,0.00,0.20,0.00,0.20,0.20,0.20,Matches
04e17fd5,Youssef En-Nesyri,ma MAR,FW,Sevilla,25-273,1997,19,9,846,9.4,4,0,4,4,0,0,3,0,4.9,4.9,0.1,5.0,8,5,41,0.43,0.00,0.43,0.43,0.43,0.53,0.01,0.54,0.53,0.54,Matches
3f79a1c8,Gonzalo Escalante,ar ARG,MF,Cádiz,29-339,1993,5,4,361,4.0,2,0,2,2,0,0,2,0,1.1,1.1,0.1,1.2,1,16,2,0.50,0.00,0.50,0.50,0.50,0.27,0.03,0.30,0.27,0.30,Matches
b0616e3d,Sergio Escudero,es ESP,DF,Valladolid,33-180,1989,11,10,790,8.8,0,0,0,0,0,0,2,0,0.6,0.6,0.5,1.0,8,20,22,0.00,0.00,0.00,0.00,0.00,0.06,0.05,0.12,0.06,0.12,Matches
db001fa9,Alfonso Espino,uy URU,DF,Cádiz,31-055,1992,22,21,1862,20.7,0,3,3,0,0,0,6,0,0.5,0.5,1.0,1.5,28,62,75,0.00,0.15,0.15,0.00,0.15,0.03,0.05,0.07,0.03,0.07,Matches
4242011c,Bernardo Espinosa,co COL,DF,Girona,33-233,1989,13,10,842,9.4,0,1,1,0,0,0,3,0,0.5,0.5,0.0,0.6,4,19,2,0.00,0.11,0.11,0.00,0.11,0.06,0.00,0.06,0.06,0.06,Matches
283c7121,Edu Expósito,es ESP,MF,Espanyol,26-212,1996,19,11,941,10.5,2,2,4,2,0,0,3,0,0.5,0.5,1.8,2.3,12,51,45,0.19,0.19,0.38,0.19,0.38,0.05,0.17,0.22,0.05,0.22,Matches
3409de86,Nicolás Ezequiel Fernández,ar ARG,"MF,DF",Elche,23-049,2000,10,2,321,3.6,0,0,0,0,0,0,2,0,0.0,0.0,0.3,0.4,7,17,21,0.00,0.00,0.00,0.00,0.00,0.01,0.09,0.10,0.01,0.10,Matches
bed68338,Abdessamad Ezzalzouli,ma MAR,"FW,MF",Osasuna,21-074,2001,16,9,682,7.6,1,2,3,1,0,0,3,1,1.1,1.1,1.3,2.4,42,20,65,0.13,0.26,0.40,0.13,0.40,0.14,0.17,0.31,0.14,0.31,Matches
66116290,Radamel Falcao,co COL,"FW,MF",Rayo Vallecano,37-019,1986,19,3,484,5.4,2,0,2,1,1,1,4,0,2.7,1.9,0.1,2.0,0,13,40,0.37,0.00,0.37,0.19,0.19,0.49,0.02,0.51,0.35,0.36,Matches
72a84002,Fali,es ESP,"DF,MF",Cádiz,29-201,1993,16,14,1094,12.2,0,0,0,0,0,0,4,0,0.4,0.4,0.2,0.6,2,38,7,0.00,0.00,0.00,0.00,0.00,0.03,0.01,0.05,0.03,0.05,Matches
805a2a11,Mamadou Fall,sn SEN,DF,Villarreal,20-100,2002,1,0,30,0.3,0,0,0,0,0,0,0,0,0.0,0.0,0.0,0.0,0,1,0,0.00,0.00,0.00,0.00,0.00,0.00,0.00,0.00,0.00,0.00,Matches
0ba976e4,Ansu Fati,es ESP,FW,Barcelona,20-121,2002,21,8,863,9.6,3,3,6,3,0,0,2,0,5.6,5.6,1.0,6.6,25,21,109,0.31,0.31,0.63,0.31,0.63,0.58,0.10,0.69,0.58,0.69,Matches
89151b16,Zouhair Feddal,ma MAR,DF,Valladolid,34-059,1989,8,4,375,4.2,0,0,0,0,0,0,1,0,0.2,0.2,0.1,0.3,0,5,0,0.00,0.00,0.00,0.00,0.00,0.05,0.03,0.08,0.05,0.08,Matches
bece776f,Nabil Fekir,fr FRA,MF,Betis,29-226,1993,15,12,961,10.7,2,2,4,1,1,1,4,1,2.4,1.6,2.6,4.2,41,42,75,0.19,0.19,0.37,0.09,0.28,0.22,0.24,0.46,0.15,0.39,Matches
51a3c4c8,Felipe,br BRA,DF,Atlético Madrid,33-289,1989,3,2,194,2.2,0,0,0,0,0,0,0,0,0.0,0.0,0.0,0.1,2,20,1,0.00,0.00,0.00,0.00,0.00,0.02,0.01,0.03,0.02,0.03,Matches
15d0c248,Luiz Felipe,it ITA,DF,Betis,25-344,1997,13,12,942,10.5,0,0,0,0,0,0,1,3,0.2,0.2,0.1,0.3,1,22,0,0.00,0.00,0.00,0.00,0.00,0.02,0.01,0.03,0.02,0.03,Matches
8aafd64f,João Félix,pt POR,"FW,MF",Atlético Madrid,23-111,1999,14,7,650,7.2,4,3,7,4,0,0,5,0,2.8,2.8,1.5,4.3,17,27,42,0.55,0.42,0.97,0.55,0.97,0.39,0.20,0.59,0.39,0.59,Matches
e5d01ecf,Kiko Femenía,es ESP,DF,Villarreal,32-027,1991,14,10,893,9.9,0,0,0,0,0,0,0,0,0.0,0.0,0.6,0.6,26,45,42,0.00,0.00,0.00,0.00,0.00,0.00,0.06,0.06,0.00,0.06,Matches
a01c3d54,Aitor Fernández,es ESP,GK,Osasuna,31-302,1991,12,12,1080,12.0,0,0,0,0,0,0,1,0,0.0,0.0,0.0,0.0,0,1,0,0.00,0.00,0.00,0.00,0.00,0.00,0.00,0.00,0.00,0.00,Matches
aa677a35,Álex Fernández,es ESP,"MF,FW",Cádiz,30-137,1992,21,15,1331,14.8,3,0,3,2,1,1,0,0,2.4,1.6,1.3,2.9,16,55,21,0.20,0.00,0.20,0.14,0.14,0.16,0.09,0.25,0.11,0.20,Matches
f127d782,Álvaro Fernández,es ESP,GK,Espanyol,24-322,1998,11,11,990,11.0,0,0,0,0,0,0,0,0,0.0,0.0,0.2,0.2,0,0,0,0.00,0.00,0.00,0.00,0.00,0.00,0.01,0.01,0.00,0.01,Matches
e08647d6,Carlos Fernández,es ESP,FW,Real Sociedad,26-283,1996,13,4,286,3.2,0,0,0,0,0,0,4,0,0.5,0.5,0.4,0.9,5,8,27,0.00,0.00,0.00,0.00,0.00,0.17,0.11,0.28,0.17,0.28,Matches
f25b010f,Federico Fernández,ar ARG,DF,Elche,34-008,1989,1,1,90,1.0,0,0,0,0,0,0,0,0,0.0,0.0,0.0,0.0,0,0,0,0.00,0.00,0.00,0.00,0.00,0.00,0.00,0.00,0.00,0.00,Matches
b86a64b2,Joaquín Fernández,es ESP,DF,Valladolid,26-274,1996,16,14,1315,14.6,1,0,1,1,0,0,3,0,0.5,0.5,0.1,0.6,5,27,1,0.07,0.00,0.07,0.07,0.07,0.03,0.01,0.04,0.03,0.04,Matches
dabb2827,Fernando,es ESP,GK,Almería,32-264,1990,22,22,1980,22.0,0,0,0,0,0,0,2,0,0.0,0.0,0.0,0.0,0,0,0,0.00,0.00,0.00,0.00,0.00,0.00,0.00,0.00,0.00,0.00,Matches
41f32541,Fernando,br BRA,"MF,DF",Sevilla,35-219,1987,15,14,1144,12.7,0,0,0,0,0,0,2,1,0.2,0.2,0.1,0.3,5,50,10,0.00,0.00,0.00,0.00,0.00,0.01,0.01,0.02,0.01,0.02,Matches
eb82b6f1,Fidel,es ESP,"MF,FW",Elche,33-125,1989,13,7,629,7.0,1,1,2,0,1,1,3,0,1.0,0.2,0.7,0.9,23,36,37,0.14,0.14,0.29,0.00,0.14,0.15,0.10,0.25,0.03,0.14,Matches
45e17712,Dimitri Foulquier,fr FRA,"DF,MF",Valencia,29-343,1993,17,8,845,9.4,0,1,1,0,0,0,3,0,0.1,0.1,0.7,0.8,22,29,42,0.00,0.11,0.11,0.00,0.11,0.01,0.07,0.08,0.01,0.08,Matches
6c7762c3,Juan Foyth,ar ARG,DF,Villarreal,25-048,1998,12,10,901,10.0,1,0,1,1,0,0,2,0,0.4,0.4,1.1,1.5,27,56,9,0.10,0.00,0.10,0.10,0.10,0.04,0.11,0.15,0.04,0.15,Matches
29d0f2ac,Iván Fresneda,es ESP,DF,Valladolid,18-154,2004,10,7,769,8.5,0,0,0,0,0,0,1,0,0.1,0.1,0.8,0.9,20,32,54,0.00,0.00,0.00,0.00,0.00,0.01,0.10,0.10,0.01,0.10,Matches
a4b00319,Javi Galán,es ESP,DF,Celta Vigo,28-102,1994,23,22,1990,22.1,0,1,1,0,0,0,2,0,0.4,0.4,2.8,3.2,86,68,150,0.00,0.05,0.05,0.00,0.05,0.02,0.13,0.15,0.02,0.15,Matches
91f7631f,Iñigo Ruiz de Galarreta,es ESP,MF,Mallorca,29-207,1993,19,17,1483,16.5,0,0,0,0,0,0,7,0,0.2,0.2,0.7,0.8,14,81,10,0.00,0.00,0.00,0.00,0.00,0.01,0.04,0.05,0.01,0.05,Matches
a10361d2,Aleix García,es ESP,MF,Girona,25-246,1997,23,23,2011,22.3,1,5,6,1,0,0,1,0,1.5,1.5,6.1,7.5,34,129,60,0.04,0.22,0.27,0.04,0.27,0.07,0.27,0.34,0.07,0.34,Matches
90bbd822,Álvaro García,es ESP,"FW,MF",Rayo Vallecano,30-125,1992,21,20,1744,19.4,4,2,6,4,0,0,4,0,2.1,2.1,3.0,5.1,85,43,183,0.21,0.10,0.31,0.21,0.31,0.11,0.15,0.26,0.11,0.26,Matches
e7f4603c,Borja García,es ESP,"FW,MF",Girona,32-119,1990,5,4,290,3.2,1,0,1,1,0,0,1,0,0.6,0.6,0.4,1.0,6,12,11,0.31,0.00,0.31,0.31,0.31,0.18,0.13,0.31,0.18,0.31,Matches
661e2822,Carlos García,es ESP,DF,Cádiz,22-237,2000,1,0,25,0.3,0,1,1,0,0,0,0,0,0.0,0.0,0.1,0.1,0,2,0,0.00,3.60,3.60,0.00,3.60,0.00,0.40,0.40,0.00,0.40,Matches
240d3a0b,Dani García,es ESP,MF,Athletic Club,32-281,1990,14,8,663,7.4,0,1,1,0,0,0,3,0,0.4,0.4,0.1,0.5,4,33,2,0.00,0.14,0.14,0.00,0.14,0.05,0.02,0.07,0.05,0.07,Matches
3e42f707,David García,es ESP,DF,Osasuna,29-015,1994,20,20,1759,19.5,2,0,2,2,0,0,6,1,0.4,0.4,0.3,0.8,8,66,3,0.10,0.00,0.10,0.10,0.10,0.02,0.02,0.04,0.02,0.04,Matches
2bed3eab,Eric García,es ESP,DF,Barcelona,22-051,2001,13,11,899,10.0,1,0,1,1,0,0,3,0,1.4,1.4,0.0,1.4,17,65,2,0.10,0.00,0.10,0.10,0.10,0.14,0.00,0.14,0.14,0.14,Matches
7226539b,Francisco Garcia,es ESP,DF,Rayo Vallecano,23-199,1999,23,23,2057,22.9,0,2,2,0,0,0,1,0,0.7,0.7,0.9,1.6,132,97,110,0.00,0.09,0.09,0.00,0.09,0.03,0.04,0.07,0.03,0.07,Matches
b418dbd4,Raúl García,es ESP,"FW,MF",Athletic Club,36-233,1986,22,4,617,6.9,2,2,4,2,0,0,2,0,3.1,3.1,1.1,4.2,9,22,41,0.29,0.29,0.58,0.29,0.58,0.45,0.16,0.61,0.45,0.61,Matches
5c96b017,Rubén García,es ESP,"MF,FW",Osasuna,29-230,1993,19,6,715,7.9,1,2,3,1,0,0,2,0,1.6,1.6,1.3,2.9,14,31,60,0.13,0.25,0.38,0.13,0.38,0.20,0.16,0.36,0.20,0.36,Matches
4a633cfe,Unai García,es ESP,DF,Osasuna,31-026,1992,17,16,1361,15.1,0,1,1,0,0,0,6,1,0.2,0.2,0.1,0.3,10,41,3,0.00,0.07,0.07,0.00,0.07,0.01,0.01,0.02,0.01,0.02,Matches
9a26fa06,Felix Garreta,es ESP,DF,Betis,18-314,2004,1,1,90,1.0,0,0,0,0,0,0,0,0,0.0,0.0,0.0,0.0,0,2,0,0.00,0.00,0.00,0.00,0.00,0.00,0.00,0.00,0.00,0.00,Matches
475a738b,Sékou Gassama,sn SEN,FW,Valladolid,27-299,1995,1,0,36,0.4,0,0,0,0,0,0,0,0,0.4,0.4,0.0,0.4,1,0,1,0.00,0.00,0.00,0.00,0.00,1.06,0.09,1.15,1.06,1.15,Matches
19cae58d,Gavi,es ESP,"MF,FW",Barcelona,18-208,2004,23,18,1538,17.1,1,2,3,1,0,0,5,0,2.0,2.0,2.4,4.4,32,78,105,0.06,0.12,0.18,0.06,0.18,0.12,0.14,0.26,0.12,0.26,Matches
63d17038,Paulo Gazzaniga,ar ARG,GK,Girona,31-058,1992,13,13,1170,13.0,0,0,0,0,0,0,2,0,0.0,0.0,0.0,0.0,0,0,0,0.00,0.00,0.00,0.00,0.00,0.00,0.00,0.00,0.00,0.00,Matches
6652cf96,Óscar Gil,es ESP,DF,Espanyol,25-309,1997,19,18,1485,16.5,0,1,1,0,0,0,7,0,0.4,0.4,2.5,2.9,22,20,70,0.00,0.06,0.06,0.00,0.06,0.03,0.15,0.18,0.03,0.18,Matches
18017beb,Álvaro Giménez,es ESP,FW,Cádiz,31-286,1991,1,0,17,0.2,0,0,0,0,0,0,0,0,0.0,0.0,0.0,0.0,0,1,2,0.00,0.00,0.00,0.00,0.00,0.00,0.00,0.00,0.00,0.00,Matches
0e5ddc7c,Dani Gómez,es ESP,"MF,FW",Espanyol,24-214,1998,7,0,76,0.8,0,0,0,0,0,0,2,0,0.0,0.0,0.0,0.0,1,3,6,0.00,0.00,0.00,0.00,0.00,0.00,0.04,0.04,0.00,0.04,Matches
4c2e9442,Maxi Gómez,uy URU,FW,Valencia,26-199,1996,3,0,108,1.2,0,0,0,0,0,0,0,0,0.2,0.2,0.2,0.4,1,0,1,0.00,0.00,0.00,0.00,0.00,0.18,0.16,0.34,0.18,0.34,Matches
5a626448,Moi Gómez,es ESP,"MF,FW",Osasuna,28-251,1994,23,22,1841,20.5,1,2,3,1,0,0,4,0,1.1,1.1,3.5,4.5,30,129,58,0.05,0.10,0.15,0.05,0.15,0.05,0.17,0.22,0.05,0.22,Matches
6e4df551,Papu Gómez,ar ARG,"MF,FW",Sevilla,35-014,1988,13,6,670,7.4,0,1,1,0,0,0,4,0,1.1,1.1,0.5,1.6,19,64,42,0.00,0.13,0.13,0.00,0.13,0.15,0.07,0.21,0.15,0.21,Matches
bc6f5f06,Sergi Gómez,es ESP,DF,Espanyol,30-338,1992,17,14,1353,15.0,0,0,0,0,0,0,1,1,0.7,0.7,0.1,0.8,0,28,0,0.00,0.00,0.00,0.00,0.00,0.05,0.01,0.05,0.05,0.05,Matches
4ac7608e,Diego González,es ESP,DF,Elche,28-032,1995,13,7,823,9.1,0,0,0,0,0,0,4,0,0.8,0.8,0.0,0.8,1,9,2,0.00,0.00,0.00,0.00,0.00,0.09,0.00,0.09,0.09,0.09,Matches
49d028db,Édgar González,es ESP,DF,Betis,25-334,1997,17,12,1146,12.7,0,0,0,0,0,0,6,1,0.7,0.7,0.8,1.5,2,23,1,0.00,0.00,0.00,0.00,0.00,0.06,0.06,0.12,0.06,0.12,Matches
1fc474ae,Giovanni González,uy URU,DF,Mallorca,28-162,1994,9,6,611,6.8,0,2,2,0,0,0,3,0,0.2,0.2,1.2,1.4,9,17,29,0.00,0.29,0.29,0.00,0.29,0.03,0.18,0.21,0.03,0.21,Matches
2c56a792,Nicolás González,es ESP,MF,Valencia,21-057,2002,13,6,595,6.6,1,0,1,1,0,0,1,0,0.8,0.8,0.3,1.1,10,46,12,0.15,0.00,0.15,0.15,0.15,0.13,0.05,0.17,0.13,0.17,Matches
56545648,Roberto González,es ESP,"FW,MF",Betis,22-054,2001,2,0,54,0.6,0,0,0,0,0,0,1,0,0.0,0.0,0.3,0.3,1,2,1,0.00,0.00,0.00,0.00,0.00,0.00,0.48,0.48,0.00,0.48,Matches
6f5f82c0,Andoni Gorosabel,es ESP,DF,Real Sociedad,26-209,1996,13,8,738,8.2,0,0,0,0,0,0,2,0,0.3,0.3,0.4,0.6,13,33,39,0.00,0.00,0.00,0.00,0.00,0.03,0.04,0.07,0.03,0.07,Matches
ee45d138,José Gragera,es ESP,"DF,MF",Espanyol,22-091,2000,4,1,142,1.6,0,0,0,0,0,0,1,0,0.0,0.0,0.0,0.0,0,5,0,0.00,0.00,0.00,0.00,0.00,0.00,0.00,0.00,0.00,0.00,Matches
3f034750,Ivo Grbić,hr CRO,GK,Atlético Madrid,27-042,1996,4,2,208,2.3,0,0,0,0,0,0,1,0,0.0,0.0,0.0,0.0,0,0,0,0.00,0.00,0.00,0.00,0.00,0.00,0.00,0.00,0.00,0.00,Matches
8b298f56,Clément Grenier,fr FRA,MF,Mallorca,32-053,1991,15,6,608,6.8,0,0,0,0,0,0,7,0,0.2,0.2,0.7,1.0,4,34,24,0.00,0.00,0.00,0.00,0.00,0.03,0.11,0.14,0.03,0.14,Matches
df69b544,Antoine Griezmann,fr FRA,"FW,MF",Atlético Madrid,31-345,1991,23,16,1510,16.8,7,7,14,7,0,0,0,0,6.2,6.2,5.9,12.2,55,81,108,0.42,0.42,0.83,0.42,0.83,0.37,0.35,0.72,0.37,0.72,Matches
ef322658,Andrés Guardado,mx MEX,"MF,FW",Betis,36-154,1986,15,9,781,8.7,1,1,2,1,0,0,4,0,0.2,0.2,1.1,1.3,6,48,9,0.12,0.12,0.23,0.12,0.23,0.03,0.12,0.15,0.03,0.15,Matches
32974271,Sergi Guardiola,es ESP,FW,Valladolid,31-276,1991,14,8,502,5.6,0,0,0,0,0,0,1,0,1.0,1.0,0.1,1.2,7,3,20,0.00,0.00,0.00,0.00,0.00,0.18,0.03,0.21,0.18,0.21,Matches
32974271,Sergi Guardiola,es ESP,FW,Cádiz,31-276,1991,3,2,173,1.9,2,0,2,2,0,0,0,0,1.0,1.0,0.1,1.1,3,3,9,1.04,0.00,1.04,1.04,1.04,0.53,0.04,0.57,0.53,0.57,Matches
0076ab7f,Nemanja Gudelj,rs SRB,"DF,MF",Sevilla,31-105,1991,20,19,1694,18.8,3,0,3,3,0,0,5,0,1.2,1.2,0.2,1.5,19,69,4,0.16,0.00,0.16,0.16,0.16,0.07,0.01,0.08,0.07,0.08,Matches
8e48dc61,Ander Guevara,es ESP,MF,Real Sociedad,25-237,1997,5,1,135,1.5,0,0,0,0,0,0,1,0,0.0,0.0,0.7,0.7,1,9,1,0.00,0.00,0.00,0.00,0.00,0.02,0.46,0.48,0.02,0.48,Matches
7155e3e1,Pape Gueye,sn SEN,MF,Sevilla,24-036,1999,4,4,352,3.9,0,2,2,0,0,0,1,0,0.5,0.5,0.7,1.2,3,20,6,0.00,0.51,0.51,0.00,0.51,0.12,0.17,0.29,0.12,0.29,Matches
f7c12fbf,Hugo Guillamón,es ESP,MF,Valencia,23-029,2000,19,15,1252,13.9,1,4,5,0,1,1,5,0,1.0,0.2,1.5,1.7,10,74,14,0.07,0.29,0.36,0.00,0.29,0.07,0.11,0.18,0.01,0.12,Matches
ac454a4f,Gerard Gumbau,es ESP,MF,Elche,28-073,1994,21,17,1514,16.8,0,3,3,0,0,0,8,0,0.6,0.6,2.4,3.0,8,80,19,0.00,0.18,0.18,0.00,0.18,0.04,0.14,0.18,0.04,0.18,Matches
6b5ea2f4,Gorka Guruzeta,es ESP,"FW,MF",Athletic Club,26-170,1996,16,6,593,6.6,5,0,5,5,0,0,1,0,2.5,2.5,0.3,2.9,3,13,42,0.76,0.00,0.76,0.76,0.76,0.38,0.05,0.44,0.38,0.44,Matches
0b2c8585,Raúl Guti,es ESP,MF,Elche,26-061,1996,17,10,836,9.3,0,0,0,0,0,0,1,0,0.8,0.8,0.0,0.8,4,19,12,0.00,0.00,0.00,0.00,0.00,0.09,0.00,0.09,0.09,0.09,Matches
7e98cff1,Miguel Gutiérrez,es ESP,DF,Girona,21-217,2001,21,18,1558,17.3,0,2,2,0,0,0,5,0,0.5,0.5,2.4,2.9,48,68,105,0.00,0.12,0.12,0.00,0.12,0.03,0.14,0.17,0.03,0.17,Matches
8696bc90,Munir El Haddadi,ma MAR,"MF,FW",Getafe,27-181,1995,15,1,451,5.0,1,0,1,1,0,0,3,0,0.9,0.9,0.2,1.2,11,15,42,0.20,0.00,0.20,0.20,0.20,0.19,0.04,0.23,0.19,0.23,Matches
e0979e74,Haissem Hassan,fr FRA,MF,Villarreal,21-021,2002,1,0,24,0.3,0,0,0,0,0,0,0,0,0.0,0.0,0.0,0.0,1,0,2,0.00,0.00,0.00,0.00,0.00,0.00,0.10,0.10,0.00,0.10,Matches
a39bb753,Eden Hazard,be BEL,FW,Real Madrid,32-053,1991,3,1,99,1.1,0,0,0,0,0,1,0,0,0.8,0.1,0.1,0.2,5,1,13,0.00,0.00,0.00,0.00,0.00,0.77,0.11,0.88,0.06,0.17,Matches
8059806f,Luiz Henrique,br BRA,FW,Betis,22-058,2001,21,15,1250,13.9,1,1,2,1,0,0,4,0,2.5,2.5,1.1,3.6,37,15,85,0.07,0.07,0.14,0.07,0.14,0.18,0.08,0.26,0.18,0.26,Matches
555f3a0b,Mario Hermoso,es ESP,DF,Atlético Madrid,27-256,1995,11,9,802,8.9,2,0,2,2,0,0,5,2,1.5,1.5,0.3,1.8,2,27,0,0.22,0.00,0.22,0.22,0.22,0.17,0.03,0.20,0.17,0.20,Matches
132ac341,Aridane Hernández,gq EQG,DF,Osasuna,33-343,1989,9,8,684,7.6,0,0,0,0,0,0,0,0,0.0,0.0,0.0,0.0,1,9,0,0.00,0.00,0.00,0.00,0.00,0.00,0.00,0.00,0.00,0.00,Matches
02d2c436,Luis Hernández,es ESP,DF,Cádiz,33-321,1989,21,21,1889,21.0,0,0,0,0,0,0,5,1,0.2,0.2,0.7,0.9,3,53,4,0.00,0.00,0.00,0.00,0.00,0.01,0.03,0.04,0.01,0.04,Matches
90162357,Mario Hernández,es ESP,"DF,FW",Rayo Vallecano,24-035,1999,2,0,39,0.4,0,0,0,0,0,0,0,0,0.1,0.1,0.0,0.1,0,0,0,0.00,0.00,0.00,0.00,0.00,0.14,0.00,0.14,0.14,0.14,Matches
436a9dd0,Ander Herrera,es ESP,MF,Athletic Club,33-199,1989,8,4,307,3.4,0,1,1,0,0,0,3,1,0.2,0.2,0.6,0.8,3,16,4,0.00,0.29,0.29,0.00,0.29,0.07,0.17,0.24,0.07,0.24,Matches
a4995f48,Sergio Herrera,es ESP,GK,Osasuna,29-269,1993,11,11,990,11.0,0,0,0,0,0,0,3,0,0.0,0.0,0.0,0.0,0,0,0,0.00,0.00,0.00,0.00,0.00,0.00,0.00,0.00,0.00,0.00,Matches
e778654a,Yangel Herrera,ve VEN,"MF,FW",Girona,25-053,1998,16,10,776,8.6,2,2,4,2,0,0,2,0,2.1,2.1,0.9,3.0,15,39,47,0.23,0.23,0.46,0.23,0.46,0.25,0.10,0.35,0.24,0.34,Matches
139560df,Omar El Hilali,ma MAR,"DF,MF",Espanyol,19-170,2003,5,1,92,1.0,0,0,0,0,0,0,1,0,0.0,0.0,0.0,0.0,0,0,5,0.00,0.00,0.00,0.00,0.00,0.00,0.01,0.01,0.00,0.01,Matches
b85bf253,Martin Hongla,cm CMR,"DF,MF",Valladolid,24-350,1998,4,3,307,3.4,0,0,0,0,0,0,2,0,0.0,0.0,0.0,0.0,0,7,0,0.00,0.00,0.00,0.00,0.00,0.00,0.00,0.00,0.00,0.00,Matches
3701906c,Pablo Ibáñez,es ESP,MF,Osasuna,24-162,1998,10,4,334,3.7,0,1,1,0,0,0,0,0,0.3,0.3,0.6,0.9,6,22,11,0.00,0.27,0.27,0.00,0.27,0.07,0.17,0.24,0.07,0.24,Matches
974322dc,Iglesias,es ESP,DF,Getafe,24-241,1998,19,14,1366,15.2,1,0,1,1,0,0,3,0,0.5,0.5,0.5,1.1,27,34,73,0.07,0.00,0.07,0.07,0.07,0.04,0.03,0.07,0.04,0.07,Matches
75645f0e,Borja Iglesias,es ESP,FW,Betis,30-043,1993,21,19,1525,16.9,10,3,13,5,5,6,0,1,10.8,6.0,2.3,8.3,20,16,97,0.59,0.18,0.77,0.30,0.47,0.64,0.13,0.77,0.36,0.49,Matches
5ce0b5ba,Asier Illarramendi,es ESP,MF,Real Sociedad,32-358,1990,15,8,663,7.4,1,0,1,1,0,0,3,0,0.7,0.7,0.2,0.9,7,33,16,0.14,0.00,0.14,0.14,0.14,0.09,0.02,0.12,0.09,0.12,Matches
8e92be30,Alexander Isak,se SWE,FW,Real Sociedad,23-161,1999,2,2,152,1.7,1,0,1,1,0,0,0,0,0.2,0.2,0.1,0.3,3,3,11,0.59,0.00,0.59,0.59,0.59,0.12,0.06,0.18,0.12,0.18,Matches
a0b4bb3e,Isco,es ESP,"MF,FW",Sevilla,30-314,1992,12,10,799,8.9,0,2,2,0,0,0,5,0,0.4,0.4,1.7,2.1,16,37,36,0.00,0.23,0.23,0.00,0.23,0.05,0.19,0.24,0.05,0.24,Matches
9c36ed83,Nicolas Jackson,sn SEN,FW,Villarreal,21-254,2001,14,8,791,8.8,2,2,4,2,0,0,1,0,2.5,2.5,1.5,3.9,21,25,53,0.23,0.23,0.46,0.23,0.46,0.28,0.17,0.45,0.28,0.45,Matches
4737cebe,Adnan Januzaj,be BEL,FW,Sevilla,28-024,1995,2,1,47,0.5,0,0,0,0,0,0,0,0,0.0,0.0,0.0,0.0,0,1,6,0.00,0.00,0.00,0.00,0.00,0.00,0.00,0.00,0.00,0.00,Matches
9a76c2e9,Javi,es ESP,DF,Girona,24-303,1998,12,6,507,5.6,1,1,2,1,0,0,1,0,0.5,0.5,0.4,0.9,16,33,13,0.18,0.18,0.36,0.18,0.36,0.09,0.07,0.16,0.09,0.16,Matches
eeba07f8,Luis Javier Suárez,co COL,FW,Almería,25-089,1997,8,6,488,5.4,2,1,3,2,0,0,1,0,1.6,1.6,0.7,2.3,14,6,31,0.37,0.18,0.55,0.37,0.55,0.30,0.12,0.42,0.30,0.42,Matches
4c5b14d2,Joaquín,es ESP,"MF,FW",Betis,41-223,1981,10,1,267,3.0,0,1,1,0,0,0,2,0,0.5,0.5,1.0,1.6,16,19,23,0.00,0.34,0.34,0.00,0.34,0.17,0.35,0.52,0.17,0.52,Matches
1bacc518,Frenkie de Jong,nl NED,MF,Barcelona,25-293,1997,21,17,1556,17.3,2,1,3,2,0,0,2,0,1.8,1.8,1.9,3.7,57,143,53,0.12,0.06,0.17,0.12,0.17,0.10,0.11,0.21,0.10,0.21,Matches
2a0c8ba4,Joan Jordán,es ESP,MF,Sevilla,28-238,1994,17,14,1172,13.0,0,1,1,0,0,0,5,0,0.8,0.8,0.5,1.4,8,89,19,0.00,0.08,0.08,0.00,0.08,0.06,0.04,0.10,0.06,0.10,Matches
0107757e,Filip Jörgensen,dk DEN,GK,Villarreal,20-319,2002,1,1,90,1.0,0,0,0,0,0,0,0,0,0.0,0.0,0.0,0.0,0,0,0,0.00,0.00,0.00,0.00,0.00,0.00,0.00,0.00,0.00,0.00,Matches
5b28b2f6,Josan,es ESP,"DF,MF",Elche,33-088,1989,15,3,439,4.9,1,0,1,1,0,0,3,0,0.2,0.2,0.2,0.4,6,10,27,0.21,0.00,0.21,0.21,0.21,0.04,0.05,0.09,0.04,0.09,Matches
d87e2cae,Willian José,br BRA,FW,Betis,31-098,1991,17,2,363,4.0,1,0,1,0,1,1,0,0,2.2,1.5,0.1,1.6,5,10,17,0.25,0.00,0.25,0.00,0.00,0.56,0.03,0.59,0.37,0.40,Matches
6265208f,Joselu,es ESP,FW,Espanyol,32-339,1990,20,19,1730,19.2,11,2,13,8,3,3,1,0,7.9,5.5,1.8,7.3,11,45,80,0.57,0.10,0.68,0.42,0.52,0.41,0.09,0.50,0.29,0.38,Matches
84399660,Juanmi,es ESP,FW,Betis,29-285,1993,12,8,673,7.5,4,0,4,4,0,0,3,0,3.0,3.0,1.0,4.0,10,12,32,0.53,0.00,0.53,0.53,0.53,0.40,0.13,0.53,0.40,0.53,Matches
1633fc8a,Juanpe,es ESP,DF,Girona,31-305,1991,11,10,885,9.8,0,0,0,0,0,0,3,0,0.1,0.1,0.1,0.3,4,27,2,0.00,0.00,0.00,0.00,0.00,0.01,0.01,0.03,0.01,0.03,Matches
360d70f8,Lago Junior,ci CIV,"FW,MF",Mallorca,32-060,1990,5,0,52,0.6,0,0,0,0,0,0,0,0,0.0,0.0,0.0,0.0,2,0,5,0.00,0.00,0.00,0.00,0.00,0.03,0.00,0.03,0.03,0.03,Matches
7111d552,Vinicius Júnior,br BRA,FW,Real Madrid,22-232,2000,22,22,1936,21.5,7,4,11,7,0,0,6,0,8.1,8.1,5.3,13.4,143,54,322,0.33,0.19,0.51,0.33,0.51,0.38,0.25,0.62,0.38,0.62,Matches
7d08063d,Tino Kadewere,zw ZIM,"MF,FW",Mallorca,27-055,1996,7,2,276,3.1,1,0,1,1,0,0,0,0,1.0,1.0,0.5,1.5,7,2,14,0.33,0.00,0.33,0.33,0.33,0.33,0.17,0.50,0.33,0.50,Matches
55634fb8,Kaiky,br BRA,DF,Almería,19-048,2004,9,6,486,5.4,0,0,0,0,0,0,5,0,0.1,0.1,0.0,0.1,6,10,1,0.00,0.00,0.00,0.00,0.00,0.01,0.00,0.01,0.01,0.01,Matches
8455ad90,Lee Kangin,kr KOR,"MF,FW",Mallorca,22-010,2001,22,20,1695,18.8,2,4,6,2,0,0,6,0,2.2,2.2,3.1,5.2,49,58,81,0.11,0.21,0.32,0.11,0.32,0.12,0.16,0.28,0.12,0.28,Matches
211589b8,Jon Karrikaburu,es ESP,FW,Real Sociedad,20-163,2002,6,0,93,1.0,0,0,0,0,0,0,1,0,0.3,0.3,0.3,0.6,2,4,2,0.00,0.00,0.00,0.00,0.00,0.28,0.31,0.60,0.28,0.60,Matches
5eebbfdf,Kenedy,br BRA,"FW,MF",Valladolid,27-021,1996,4,1,83,0.9,0,0,0,0,0,0,1,0,0.0,0.0,0.0,0.0,1,0,3,0.00,0.00,0.00,0.00,0.00,0.02,0.00,0.02,0.02,0.02,Matches
05e19d6a,Franck Kessié,ci CIV,MF,Barcelona,26-072,1996,15,4,520,5.8,0,1,1,0,0,0,4,0,0.9,0.9,0.5,1.5,9,17,17,0.00,0.17,0.17,0.00,0.17,0.16,0.09,0.26,0.16,0.26,Matches
e897d8ba,Kike,es ESP,FW,Osasuna,33-096,1989,23,4,666,7.4,2,0,2,1,1,1,3,0,3.3,2.6,0.6,3.1,10,12,36,0.27,0.00,0.27,0.14,0.14,0.45,0.07,0.53,0.35,0.42,Matches
4c3a6744,Justin Kluivert,nl NED,"FW,MF",Valencia,23-300,1999,16,7,788,8.8,3,0,3,3,0,0,2,0,3.1,3.1,1.7,4.8,34,15,66,0.34,0.00,0.34,0.34,0.34,0.36,0.19,0.55,0.36,0.55,Matches
55126f3b,Koke,es ESP,MF,Atlético Madrid,31-052,1992,19,16,1372,15.2,0,2,2,0,0,0,4,0,0.5,0.5,1.1,1.6,8,101,22,0.00,0.13,0.13,0.00,0.13,0.03,0.07,0.10,0.03,0.10,Matches
fc076f78,Luca Koleosho,ca CAN,"FW,DF",Espanyol,18-167,2004,2,0,25,0.3,0,0,0,0,0,0,0,0,0.0,0.0,0.0,0.0,1,0,7,0.00,0.00,0.00,0.00,0.00,0.00,0.00,0.00,0.00,0.00,Matches
cce181df,Geoffrey Kondogbia,cf CTA,MF,Atlético Madrid,30-014,1993,16,10,962,10.7,0,2,2,0,0,0,4,0,0.7,0.7,0.9,1.6,6,40,5,0.00,0.19,0.19,0.00,0.19,0.07,0.08,0.15,0.07,0.15,Matches
4d1666ff,Jules Koundé,fr FRA,DF,Barcelona,24-109,1998,15,14,1211,13.5,0,2,2,0,0,0,1,0,0.5,0.5,1.3,1.8,29,87,25,0.00,0.15,0.15,0.00,0.15,0.04,0.10,0.14,0.04,0.14,Matches
6ce1f46f,Toni Kroos,de GER,MF,Real Madrid,33-056,1990,18,15,1281,14.2,2,2,4,2,0,0,2,1,0.8,0.8,2.5,3.3,30,180,19,0.14,0.14,0.28,0.14,0.28,0.06,0.18,0.24,0.06,0.24,Matches
16aa3654,Takefusa Kubo,jp JPN,"FW,MF",Real Sociedad,21-270,2001,20,18,1492,16.6,4,3,7,4,0,0,2,0,2.7,2.7,3.6,6.3,61,48,146,0.24,0.18,0.42,0.24,0.42,0.17,0.22,0.38,0.17,0.38,Matches
60abea75,César de la Hoz,es ESP,MF,Almería,30-336,1992,13,11,1033,11.5,1,0,1,1,0,0,4,0,0.2,0.2,0.9,1.1,4,32,1,0.09,0.00,0.09,0.09,0.09,0.02,0.08,0.09,0.02,0.09,Matches
e9241b40,Luca de la Torre,us USA,MF,Celta Vigo,24-282,1998,14,6,574,6.4,0,2,2,0,0,0,1,0,0.5,0.5,1.2,1.6,22,26,28,0.00,0.31,0.31,0.00,0.31,0.07,0.18,0.26,0.07,0.26,Matches
abe66106,Érik Lamela,ar ARG,"FW,MF",Sevilla,30-362,1992,20,13,1272,14.1,3,0,3,3,0,0,7,1,3.1,3.1,1.1,4.3,52,53,118,0.21,0.00,0.21,0.21,0.21,0.22,0.08,0.30,0.22,0.30,Matches
e7af9060,Cyle Larin,ca CAN,FW,Valladolid,27-318,1995,5,2,258,2.9,3,0,3,3,0,0,1,0,2.1,2.1,0.3,2.4,7,4,17,1.05,0.00,1.05,1.05,1.05,0.73,0.09,0.83,0.73,0.83,Matches
2bea832e,Latasa,es ESP,"FW,DF",Getafe,21-343,2001,11,0,123,1.4,0,0,0,0,0,0,0,0,0.6,0.6,0.0,0.6,0,6,10,0.00,0.00,0.00,0.00,0.00,0.42,0.00,0.42,0.42,0.42,Matches
8e088e04,Toni Lato,es ESP,"DF,MF",Valencia,25-100,1997,16,6,654,7.3,1,0,1,1,0,0,1,0,0.5,0.5,0.8,1.3,12,29,36,0.14,0.00,0.14,0.14,0.14,0.07,0.11,0.18,0.07,0.18,Matches
86ff856b,Lázaro,br BRA,"MF,FW",Almería,20-354,2002,9,2,255,2.8,1,0,1,1,0,0,0,0,0.2,0.2,0.2,0.4,8,10,19,0.35,0.00,0.35,0.35,0.35,0.09,0.05,0.14,0.09,0.14,Matches
9a64e67e,Robin Le Normand,fr FRA,DF,Real Sociedad,26-110,1996,20,18,1626,18.1,0,0,0,0,0,0,4,0,0.3,0.3,0.1,0.4,13,65,1,0.00,0.00,0.00,0.00,0.00,0.02,0.00,0.02,0.02,0.02,Matches
2fa2a875,Benjamin Lecomte,fr FRA,GK,Espanyol,31-309,1991,10,10,899,10.0,0,0,0,0,0,0,1,1,0.0,0.0,0.1,0.1,0,0,0,0.00,0.00,0.00,0.00,0.00,0.00,0.01,0.01,0.00,0.01,Matches
6c4776b1,Jeremías Ledesma,ar ARG,GK,Cádiz,30-016,1993,23,23,2070,23.0,0,0,0,0,0,0,0,0,0.0,0.0,0.0,0.0,0,0,0,0.00,0.00,0.00,0.00,0.00,0.00,0.00,0.00,0.00,0.00,Matches
6eaed4eb,Florian Lejeune,fr FRA,DF,Rayo Vallecano,31-285,1991,21,21,1758,19.5,4,0,4,4,0,0,5,1,1.9,1.9,0.2,2.1,5,54,1,0.20,0.00,0.20,0.20,0.20,0.10,0.01,0.11,0.10,0.11,Matches
59b7d823,Iñigo Lekue,es ESP,DF,Athletic Club,29-301,1993,17,12,1178,13.1,0,1,1,0,0,0,1,0,0.2,0.2,0.4,0.6,39,59,56,0.00,0.08,0.08,0.00,0.08,0.02,0.03,0.05,0.02,0.05,Matches
4dbd0916,Thomas Lemar,fr FRA,MF,Atlético Madrid,27-109,1995,16,9,696,7.7,0,2,2,0,0,0,0,0,0.2,0.2,1.5,1.7,21,39,40,0.00,0.26,0.26,0.00,0.26,0.03,0.19,0.22,0.03,0.22,Matches
0a0cc13c,Sergio León,es ESP,FW,Valladolid,34-054,1989,20,12,999,11.1,5,1,6,4,1,2,0,1,3.4,1.8,0.7,2.5,13,16,58,0.45,0.09,0.54,0.36,0.45,0.30,0.06,0.37,0.16,0.22,Matches
8d78e732,Robert Lewandowski,pl POL,FW,Barcelona,34-192,1988,20,19,1587,17.6,15,5,20,15,0,1,2,1,13.9,13.1,3.5,16.7,22,59,139,0.85,0.28,1.13,0.85,1.13,0.79,0.20,0.99,0.75,0.95,Matches
ff800ed8,Pol Lirola,es ESP,DF,Elche,25-200,1997,9,7,566,6.3,1,0,1,1,0,0,1,0,0.2,0.2,0.7,0.9,19,19,29,0.16,0.00,0.16,0.16,0.16,0.03,0.11,0.14,0.03,0.14,Matches
38b0cf42,Javier Llabrés,es ESP,FW,Mallorca,20-171,2002,1,0,17,0.2,0,0,0,0,0,0,0,0,0.0,0.0,0.0,0.0,0,0,0,0.00,0.00,0.00,0.00,0.00,0.00,0.00,0.00,0.00,0.00,Matches
02c15616,Marcos Llorente,es ESP,"MF,DF",Atlético Madrid,28-030,1995,16,15,1227,13.6,1,0,1,1,0,0,2,0,1.0,1.0,2.4,3.4,40,56,102,0.07,0.00,0.07,0.07,0.07,0.07,0.18,0.25,0.07,0.25,Matches
d7553721,Giovani Lo Celso,ar ARG,"MF,FW",Villarreal,26-326,1996,8,8,521,5.8,1,0,1,1,0,0,1,0,1.3,1.3,0.2,1.5,11,40,33,0.17,0.00,0.17,0.17,0.17,0.22,0.04,0.26,0.22,0.26,Matches
f03f284b,David López,es ESP,DF,Girona,33-143,1989,11,11,932,10.4,2,1,3,2,0,0,3,0,0.6,0.6,0.3,0.9,16,34,0,0.19,0.10,0.29,0.19,0.29,0.05,0.03,0.09,0.05,0.09,Matches
73683fa9,Diego López,es ESP,GK,Rayo Vallecano,41-118,1981,1,1,90,1.0,0,0,0,0,0,0,0,0,0.0,0.0,0.0,0.0,0,0,0,0.00,0.00,0.00,0.00,0.00,0.00,0.00,0.00,0.00,0.00,Matches
88050721,Unai López,es ESP,MF,Rayo Vallecano,27-122,1995,22,9,869,9.7,1,2,3,1,0,0,1,0,1.0,1.0,0.8,1.8,11,67,31,0.10,0.21,0.31,0.10,0.31,0.11,0.08,0.18,0.11,0.18,Matches
38699c72,Anthony Lozano,hn HON,FW,Cádiz,29-310,1993,21,12,1192,13.2,0,0,0,0,0,0,3,0,1.7,1.7,0.5,2.2,18,25,38,0.00,0.00,0.00,0.00,0.00,0.13,0.04,0.17,0.13,0.17,Matches
ea610f00,Pol Lozano,es ESP,MF,Espanyol,23-146,1999,4,0,17,0.2,0,0,0,0,0,0,1,0,0.0,0.0,0.0,0.0,0,0,0,0.00,0.00,0.00,0.00,0.00,0.00,0.00,0.00,0.00,0.00,Matches
b05e2dbd,José Luis Gayà,es ESP,DF,Valencia,27-280,1995,18,18,1540,17.1,1,2,3,1,0,1,3,0,1.6,0.8,3.7,4.5,46,75,107,0.06,0.12,0.18,0.06,0.18,0.09,0.21,0.31,0.05,0.26,Matches
4a478107,José Luis Morales,es ESP,"FW,MF",Villarreal,35-221,1987,22,7,851,9.5,3,0,3,3,0,0,1,0,3.8,3.8,1.0,4.8,30,10,60,0.32,0.00,0.32,0.32,0.32,0.40,0.11,0.51,0.40,0.51,Matches
3061e1ec,Andriy Lunin,ua UKR,GK,Real Madrid,24-018,1999,6,6,540,6.0,0,0,0,0,0,0,0,0,0.0,0.0,0.0,0.0,0,0,0,0.00,0.00,0.00,0.00,0.00,0.00,0.00,0.00,0.00,0.00,Matches
922da988,Awer Mabil,au AUS,"MF,FW",Cádiz,27-167,1995,5,1,165,1.8,0,0,0,0,0,0,0,0,0.2,0.2,0.0,0.2,5,4,14,0.00,0.00,0.00,0.00,0.00,0.09,0.01,0.09,0.09,0.09,Matches
ed6ea4d9,Darwin Machís,ve VEN,FW,Valladolid,30-022,1993,4,4,312,3.5,0,1,1,0,0,0,1,0,0.7,0.7,1.9,2.7,17,6,29,0.00,0.29,0.29,0.00,0.29,0.21,0.55,0.76,0.21,0.76,Matches
5db04597,Pablo Maffeo,es ESP,DF,Mallorca,25-232,1997,21,20,1740,19.3,1,3,4,1,0,0,4,1,0.8,0.8,1.9,2.7,50,36,85,0.05,0.16,0.21,0.05,0.21,0.04,0.09,0.13,0.04,0.13,Matches
01a49bd2,Lisandro Magallán,ar ARG,DF,Elche,29-155,1993,6,4,314,3.5,0,0,0,0,0,0,0,1,0.0,0.0,0.0,0.0,0,5,0,0.00,0.00,0.00,0.00,0.00,0.00,0.00,0.00,0.00,0.00,Matches
d4808594,Jon Magunacelaya,es ESP,"MF,FW",Real Sociedad,22-231,2000,2,0,65,0.7,0,0,0,0,0,0,0,0,0.0,0.0,0.4,0.4,2,0,3,0.00,0.00,0.00,0.00,0.00,0.03,0.56,0.59,0.03,0.59,Matches
00b28772,Nemanja Maksimović,rs SRB,MF,Getafe,28-034,1995,14,11,830,9.2,0,0,0,0,0,0,0,0,0.4,0.4,0.2,0.6,6,15,14,0.00,0.00,0.00,0.00,0.00,0.04,0.02,0.07,0.04,0.07,Matches
cb574619,Hugo Mallo,es ESP,DF,Celta Vigo,31-252,1991,16,16,1293,14.4,0,0,0,0,0,0,3,0,0.9,0.9,0.9,1.8,23,43,76,0.00,0.00,0.00,0.00,0.00,0.06,0.07,0.13,0.06,0.13,Matches
bbc19252,Mickael Malsa,mq MTQ,MF,Valladolid,27-140,1995,5,0,69,0.8,0,0,0,0,0,0,0,0,0.0,0.0,0.0,0.0,0,5,0,0.00,0.00,0.00,0.00,0.00,0.00,0.00,0.00,0.00,0.00,Matches
d4b73232,Giorgi Mamardashvili,ge GEO,GK,Valencia,22-153,2000,23,23,2070,23.0,0,0,0,0,0,0,2,0,0.0,0.0,0.0,0.0,0,1,0,0.00,0.00,0.00,0.00,0.00,0.00,0.00,0.00,0.00,0.00,Matches
c20bdcd7,Reinildo Mandava,mz MOZ,DF,Atlético Madrid,29-039,1994,22,22,1857,20.6,0,0,0,0,0,0,4,0,0.4,0.4,0.5,0.9,28,71,41,0.00,0.00,0.00,0.00,0.00,0.02,0.03,0.04,0.02,0.04,Matches
fbd6378b,Aïssa Mandi,dz ALG,DF,Villarreal,31-130,1991,9,5,441,4.9,0,0,0,0,0,0,0,0,0.1,0.1,0.0,0.1,5,17,3,0.00,0.00,0.00,0.00,0.00,0.02,0.01,0.02,0.02,0.02,Matches
ae86d473,Maranhão,br BRA,"FW,MF",Valencia,26-132,1996,16,3,436,4.8,1,0,1,1,0,0,2,1,1.5,1.3,0.4,1.8,2,6,18,0.21,0.00,0.21,0.21,0.21,0.30,0.09,0.39,0.28,0.36,Matches
133faa84,Marcão,br BRA,DF,Sevilla,26-269,1996,4,4,360,4.0,0,0,0,0,0,0,2,0,0.0,0.0,0.0,0.0,1,13,0,0.00,0.00,0.00,0.00,0.00,0.00,0.00,0.00,0.00,0.00,Matches
853b7c48,Agustín Marchesín,ar ARG,GK,Celta Vigo,34-350,1988,19,19,1710,19.0,0,0,0,0,0,0,2,0,0.0,0.0,0.0,0.0,0,1,0,0.00,0.00,0.00,0.00,0.00,0.00,0.00,0.00,0.00,0.00,Matches
9f323c71,Óscar de Marcos,es ESP,DF,Athletic Club,33-321,1989,23,21,1786,19.8,0,4,4,0,0,0,4,0,0.2,0.2,2.6,2.8,45,127,90,0.00,0.20,0.20,0.00,0.20,0.01,0.13,0.14,0.01,0.14,Matches
6f4c734d,José Mari,es ESP,MF,Cádiz,35-085,1987,12,2,323,3.6,0,0,0,0,0,0,2,0,0.0,0.0,0.3,0.4,4,18,1,0.00,0.00,0.00,0.00,0.00,0.01,0.09,0.10,0.01,0.10,Matches
f0da930c,José María Giménez,uy URU,DF,Atlético Madrid,28-040,1995,14,12,1163,12.9,1,0,1,1,0,0,6,0,1.3,1.3,0.1,1.3,2,32,3,0.08,0.00,0.08,0.08,0.08,0.10,0.01,0.10,0.10,0.10,Matches
5c4dc0ff,Mariano,do DOM,FW,Real Madrid,29-212,1993,6,0,57,0.6,0,0,0,0,0,0,2,0,0.4,0.4,0.4,0.9,2,1,6,0.00,0.00,0.00,0.00,0.00,0.66,0.69,1.34,0.66,1.34,Matches
a83c19cf,Pablo Marín,es ESP,MF,Real Sociedad,19-241,2003,9,3,342,3.8,0,0,0,0,0,0,1,0,0.9,0.9,0.8,1.7,8,15,23,0.00,0.00,0.00,0.00,0.00,0.23,0.21,0.44,0.23,0.44,Matches
0ae4e09a,Roger Martí,es ESP,FW,Elche,32-057,1991,12,8,655,7.3,0,1,1,0,0,0,2,0,0.6,0.6,0.7,1.2,8,7,50,0.00,0.14,0.14,0.00,0.14,0.08,0.09,0.17,0.08,0.17,Matches
0ae4e09a,Roger Martí,es ESP,FW,Cádiz,32-057,1991,5,4,296,3.3,0,0,0,0,0,0,1,0,0.2,0.2,0.3,0.5,3,1,10,0.00,0.00,0.00,0.00,0.00,0.06,0.08,0.14,0.06,0.14,Matches
e1e75690,Ander Martin,es ESP,"MF,FW",Real Sociedad,22-105,2000,3,0,41,0.5,0,0,0,0,0,0,0,0,0.0,0.0,0.1,0.1,1,3,0,0.00,0.00,0.00,0.00,0.00,0.00,0.26,0.26,0.00,0.26,Matches
2ae30661,Andrés Martín,es ESP,"FW,MF",Rayo Vallecano,23-233,1999,5,2,145,1.6,0,0,0,0,0,0,1,0,0.6,0.6,0.5,1.1,3,3,18,0.00,0.00,0.00,0.00,0.00,0.37,0.30,0.68,0.37,0.68,Matches
ae48c5cb,Iván Martín,es ESP,MF,Girona,24-015,1999,11,6,590,6.6,3,1,4,3,0,0,0,0,1.4,1.4,1.0,2.4,8,14,40,0.46,0.15,0.61,0.46,0.61,0.22,0.16,0.37,0.22,0.37,Matches
c3e66ffe,Arnau Martinez,es ESP,DF,Girona,19-310,2003,19,18,1531,17.0,2,2,4,2,0,0,7,0,1.5,1.5,2.1,3.7,36,61,71,0.12,0.12,0.24,0.12,0.24,0.09,0.13,0.22,0.09,0.22,Matches
3fc45c73,Iñigo Martínez,es ESP,DF,Athletic Club,31-288,1991,9,9,810,9.0,0,0,0,0,0,0,1,0,0.6,0.6,0.2,0.8,6,40,2,0.00,0.00,0.00,0.00,0.00,0.06,0.03,0.09,0.06,0.09,Matches
937c6ae6,Roger Martínez,es ESP,DF,Espanyol,18-330,2004,1,0,7,0.1,0,0,0,0,0,0,0,0,0.0,0.0,0.0,0.0,0,1,0,0.00,0.00,0.00,0.00,0.00,0.34,0.00,0.34,0.34,0.34,Matches
11fd2b75,Omar Mascarell,es ESP,MF,Elche,30-027,1993,20,20,1727,19.2,0,0,0,0,0,0,5,0,0.3,0.3,0.6,0.8,19,80,4,0.00,0.00,0.00,0.00,0.00,0.01,0.03,0.04,0.01,0.04,Matches
8fae77ea,Jordi Masip,es ESP,GK,Valladolid,34-057,1989,17,17,1517,16.9,0,0,0,0,0,0,2,0,0.0,0.0,0.0,0.0,0,0,0,0.00,0.00,0.00,0.00,0.00,0.00,0.00,0.00,0.00,0.00,Matches
02319ad7,Jaime Mata,es ESP,FW,Getafe,34-128,1988,7,0,43,0.5,0,0,0,0,0,0,2,0,0.0,0.0,0.0,0.0,0,1,2,0.00,0.00,0.00,0.00,0.00,0.04,0.00,0.04,0.04,0.04,Matches
64e8ed6d,Borja Mayoral,es ESP,FW,Getafe,25-330,1997,23,23,1876,20.8,5,0,5,5,0,2,4,0,5.9,4.3,1.4,5.7,40,33,112,0.24,0.00,0.24,0.24,0.24,0.28,0.07,0.35,0.21,0.27,Matches
8aae94b9,Mamadou Mbaye,sn SEN,DF,Cádiz,24-246,1998,7,6,537,6.0,0,0,0,0,0,0,0,0,0.1,0.1,0.1,0.2,1,10,0,0.00,0.00,0.00,0.00,0.00,0.02,0.01,0.03,0.02,0.03,Matches
3902e91b,Gonzalo Melero,es ESP,MF,Almería,29-058,1994,15,14,1084,12.0,2,3,5,2,0,0,3,0,1.5,1.5,1.4,2.9,15,61,19,0.17,0.25,0.42,0.17,0.42,0.13,0.11,0.24,0.13,0.24,Matches
8f696594,Memphis,nl NED,FW,Barcelona,29-016,1994,2,2,114,1.3,1,0,1,1,0,0,0,0,0.9,0.9,0.1,1.0,2,7,19,0.79,0.00,0.79,0.79,0.79,0.68,0.11,0.79,0.68,0.79,Matches
8f696594,Memphis,nl NED,FW,Atlético Madrid,29-016,1994,4,0,71,0.8,1,0,1,1,0,0,1,0,0.3,0.3,0.3,0.6,2,7,10,1.27,0.00,1.27,1.27,1.27,0.33,0.38,0.71,0.33,0.71,Matches
1545cf15,Houboulang Mendes,fr FRA,DF,Almería,24-301,1998,12,9,739,8.2,0,1,1,0,0,0,1,0,0.0,0.0,0.3,0.3,13,14,23,0.00,0.12,0.12,0.00,0.12,0.00,0.04,0.04,0.00,0.04,Matches
c9e39d91,Brais Méndez,es ESP,MF,Real Sociedad,26-053,1997,22,20,1675,18.6,7,3,10,7,0,0,5,0,4.4,4.4,2.2,6.6,25,91,93,0.38,0.16,0.54,0.38,0.54,0.24,0.12,0.35,0.24,0.35,Matches
b151a3f2,Diego Méndez,es ESP,MF,Rayo Vallecano,19-184,2003,1,0,1,0.0,0,0,0,0,0,0,0,0,0.0,0.0,0.0,0.0,0,0,0,0.00,0.00,0.00,0.00,0.00,0.00,0.00,0.00,0.00,0.00,Matches
3cefcaef,Ferland Mendy,fr FRA,DF,Real Madrid,27-266,1995,14,14,1127,12.5,0,1,1,0,0,0,2,0,0.3,0.3,0.6,0.9,22,48,59,0.00,0.08,0.08,0.00,0.08,0.02,0.05,0.07,0.02,0.07,Matches
d080ed5e,Mikel Merino,es ESP,MF,Real Sociedad,26-252,1996,19,16,1423,15.8,1,7,8,1,0,1,4,0,2.9,2.1,3.0,5.1,15,94,53,0.06,0.44,0.51,0.06,0.51,0.18,0.19,0.37,0.14,0.32,Matches
7c4243d4,Roque Mesa,es ESP,MF,Valladolid,33-267,1989,18,14,1145,12.7,2,1,3,2,0,0,5,0,1.0,1.0,0.9,1.9,22,84,19,0.16,0.08,0.24,0.16,0.24,0.08,0.07,0.15,0.08,0.15,Matches
2784f898,Éder Militão,br BRA,DF,Real Madrid,25-042,1998,19,17,1488,16.5,3,0,3,3,0,0,2,0,1.2,1.2,0.3,1.5,19,45,10,0.18,0.00,0.18,0.18,0.18,0.07,0.02,0.09,0.07,0.09,Matches
19c36442,Luis Milla,es ESP,MF,Getafe,28-145,1994,16,15,1245,13.8,0,0,0,0,0,0,3,1,0.1,0.1,0.9,1.0,9,72,6,0.00,0.00,0.00,0.00,0.00,0.01,0.06,0.07,0.01,0.07,Matches
335039a2,Pere Milla,es ESP,"FW,MF",Elche,30-159,1992,19,14,1205,13.4,6,1,7,3,3,3,4,0,4.5,2.1,1.1,3.2,17,52,60,0.45,0.07,0.52,0.22,0.30,0.33,0.08,0.41,0.15,0.24,Matches
1fda2b14,Marko Milovanović,rs SRB,FW,Almería,19-209,2003,2,0,15,0.2,0,0,0,0,0,0,1,0,0.1,0.1,0.0,0.1,0,1,3,0.00,0.00,0.00,0.00,0.00,0.30,0.00,0.30,0.30,0.30,Matches
056269d7,Óscar Mingueza,es ESP,DF,Celta Vigo,23-292,1999,18,12,1144,12.7,0,0,0,0,0,0,2,0,0.4,0.4,1.1,1.6,21,59,36,0.00,0.00,0.00,0.00,0.00,0.04,0.09,0.12,0.04,0.12,Matches
bbf5c11b,Rafa Mir,es ESP,FW,Sevilla,25-256,1997,15,10,809,9.0,3,0,3,3,0,0,1,0,4.7,4.7,0.8,5.5,9,7,39,0.33,0.00,0.33,0.33,0.33,0.52,0.09,0.62,0.52,0.62,Matches
ead61f73,Juan Miranda,es ESP,"DF,FW",Betis,23-041,2000,7,3,362,4.0,1,0,1,1,0,0,0,0,0.6,0.6,0.9,1.5,6,20,29,0.25,0.00,0.25,0.25,0.25,0.14,0.23,0.37,0.14,0.37,Matches
e6777e6b,Stefan Mitrović,rs SRB,DF,Getafe,32-283,1990,14,11,1041,11.6,0,0,0,0,0,0,3,0,0.1,0.1,0.0,0.1,0,11,1,0.00,0.00,0.00,0.00,0.00,0.01,0.00,0.01,0.01,0.01,Matches
6025fab1,Luka Modrić,hr CRO,MF,Real Madrid,37-173,1985,22,14,1263,14.0,4,3,7,3,1,1,5,0,4.0,3.2,3.6,6.8,31,126,46,0.29,0.21,0.50,0.21,0.43,0.29,0.25,0.54,0.23,0.48,Matches
608f2092,Johan Mojica,co COL,DF,Villarreal,30-192,1992,12,5,566,6.3,0,0,0,0,0,0,0,0,0.0,0.0,0.9,0.9,26,19,37,0.00,0.00,0.00,0.00,0.00,0.01,0.14,0.14,0.01,0.14,Matches
608f2092,Johan Mojica,co COL,"DF,MF",Elche,30-192,1992,3,3,270,3.0,0,0,0,0,0,0,2,0,0.1,0.1,0.3,0.4,14,9,11,0.00,0.00,0.00,0.00,0.00,0.04,0.09,0.13,0.04,0.13,Matches
23610943,Nahuel Molina,ar ARG,DF,Atlético Madrid,24-329,1998,19,19,1644,18.3,0,1,1,0,0,0,5,1,0.7,0.7,1.9,2.5,51,69,148,0.00,0.05,0.05,0.00,0.05,0.04,0.10,0.14,0.04,0.14,Matches
9939e168,Jon Moncayola,es ESP,"MF,FW",Osasuna,24-292,1998,23,15,1472,16.4,0,0,0,0,0,0,4,0,1.2,1.2,0.7,1.9,15,90,28,0.00,0.00,0.00,0.00,0.00,0.07,0.04,0.11,0.07,0.11,Matches
8ac501f5,Monchu,es ESP,MF,Valladolid,23-169,1999,20,14,1191,13.2,1,1,2,1,0,0,7,0,0.9,0.9,1.5,2.4,8,59,19,0.08,0.08,0.15,0.08,0.15,0.07,0.11,0.18,0.07,0.18,Matches
28e957d7,César Montes,mx MEX,DF,Espanyol,26-005,1997,6,5,405,4.5,0,0,0,0,0,0,2,0,0.1,0.1,0.0,0.1,2,6,0,0.00,0.00,0.00,0.00,0.00,0.02,0.00,0.02,0.02,0.02,Matches
374d5158,Gonzalo Montiel,ar ARG,DF,Sevilla,26-059,1997,15,10,870,9.7,0,1,1,0,0,0,4,1,0.7,0.7,1.0,1.6,23,32,59,0.00,0.10,0.10,0.00,0.10,0.07,0.10,0.17,0.07,0.17,Matches
5cec2487,Martín Montoya,es ESP,DF,Betis,31-321,1991,3,3,183,2.0,0,0,0,0,0,0,0,0,0.0,0.0,0.3,0.3,1,7,5,0.00,0.00,0.00,0.00,0.00,0.00,0.17,0.17,0.00,0.17,Matches
129af0db,Álvaro Morata,es ESP,FW,Atlético Madrid,30-129,1992,23,16,1266,14.1,7,1,8,7,0,0,3,0,6.2,6.2,0.8,7.0,20,15,63,0.50,0.07,0.57,0.50,0.57,0.44,0.06,0.50,0.44,0.50,Matches
b7d7f3bf,Jon Morcillo,es ESP,"FW,MF",Athletic Club,24-167,1998,10,0,76,0.8,0,1,1,0,0,0,0,0,0.1,0.1,0.3,0.5,6,2,15,0.00,1.18,1.18,0.00,1.18,0.20,0.42,0.62,0.20,0.62,Matches
11b9265b,Alberto Moreno,es ESP,DF,Villarreal,30-239,1992,12,9,748,8.3,0,0,0,0,0,0,5,0,0.3,0.3,0.8,1.1,18,20,46,0.00,0.00,0.00,0.00,0.00,0.04,0.09,0.13,0.04,0.13,Matches
16e9d0ea,Álex Moreno,es ESP,DF,Betis,29-266,1993,15,15,1350,15.0,0,3,3,0,0,0,1,0,1.3,1.3,1.5,2.7,49,44,76,0.00,0.20,0.20,0.00,0.20,0.08,0.10,0.18,0.08,0.18,Matches
a21417e2,Diego Moreno,es ESP,DF,Osasuna,21-253,2001,7,6,531,5.9,0,0,0,0,0,0,0,0,0.4,0.4,0.1,0.6,7,11,17,0.00,0.00,0.00,0.00,0.00,0.07,0.02,0.10,0.07,0.10,Matches
81f0781e,Gerard Moreno,es ESP,FW,Villarreal,30-328,1992,13,11,924,10.3,5,2,7,4,1,2,2,0,6.6,5.0,2.0,7.0,13,45,83,0.49,0.19,0.68,0.39,0.58,0.65,0.20,0.84,0.49,0.69,Matches
004d185e,Tete Morente,es ESP,"MF,DF",Elche,26-087,1996,17,10,900,10.0,0,0,0,0,0,0,3,0,1.5,1.5,0.2,1.7,21,25,64,0.00,0.00,0.00,0.00,0.00,0.15,0.02,0.17,0.15,0.17,Matches
f4c69aa6,Ilaix Moriba,gn GUI,MF,Valencia,20-041,2003,15,7,673,7.5,0,1,1,0,0,0,4,1,0.8,0.8,0.6,1.4,12,44,17,0.00,0.13,0.13,0.00,0.13,0.11,0.08,0.19,0.11,0.19,Matches
a0255c67,Manu Morlanes,es ESP,MF,Villarreal,24-048,1999,4,2,158,1.8,0,0,0,0,0,0,0,1,0.0,0.0,0.0,0.0,1,6,1,0.00,0.00,0.00,0.00,0.00,0.00,0.00,0.00,0.00,0.00,Matches
a0255c67,Manu Morlanes,es ESP,"MF,DF",Mallorca,24-048,1999,2,0,28,0.3,0,0,0,0,0,0,0,0,0.0,0.0,0.0,0.0,1,1,1,0.00,0.00,0.00,0.00,0.00,0.00,0.00,0.00,0.00,0.00,Matches
3aa4a3be,Loren Morón,es ESP,FW,Betis,29-061,1993,2,0,15,0.2,0,0,0,0,0,0,1,0,0.0,0.0,0.0,0.0,0,0,0,0.00,0.00,0.00,0.00,0.00,0.00,0.00,0.00,0.00,0.00,Matches
dc1ce4f5,Cristhian Mosquera,co COL,DF,Valencia,18-247,2004,3,1,145,1.6,0,0,0,0,0,0,0,0,0.2,0.2,0.0,0.2,0,1,1,0.00,0.00,0.00,0.00,0.00,0.12,0.00,0.12,0.12,0.12,Matches
5487adcd,Abdul Mumin,gh GHA,DF,Rayo Vallecano,24-268,1998,4,2,193,2.1,0,0,0,0,0,0,0,0,0.1,0.1,0.0,0.1,1,4,1,0.00,0.00,0.00,0.00,0.00,0.04,0.01,0.05,0.04,0.05,Matches
c05dfb74,Iker Muniain,es ESP,"MF,FW",Athletic Club,30-072,1992,20,15,1264,14.0,0,3,3,0,0,0,2,0,2.5,2.5,3.1,5.5,38,115,83,0.00,0.21,0.21,0.00,0.21,0.18,0.22,0.39,0.18,0.39,Matches
228b0d9d,Aihen Muñoz,es ESP,DF,Real Sociedad,25-197,1997,12,9,784,8.7,0,0,0,0,0,0,0,0,0.1,0.1,0.3,0.4,15,15,47,0.00,0.00,0.00,0.00,0.00,0.01,0.03,0.04,0.01,0.04,Matches
49a6ecbb,Álvaro Muñoz,uy URU,FW,Real Madrid,18-230,2004,2,0,17,0.2,1,1,2,1,0,0,0,0,0.2,0.2,0.3,0.4,0,1,1,5.29,5.29,10.59,5.29,10.59,0.82,1.52,2.34,0.82,2.34,Matches
175ece4c,Iker Muñoz,es ESP,MF,Osasuna,20-116,2002,1,0,21,0.2,0,0,0,0,0,0,0,0,0.0,0.0,0.0,0.0,0,2,0,0.00,0.00,0.00,0.00,0.00,0.00,0.00,0.00,0.00,0.00,Matches
44e8521b,Pablo Muñoz,es ESP,MF,Rayo Vallecano,19-178,2003,2,0,12,0.1,0,0,0,0,0,0,0,0,0.0,0.0,0.0,0.0,0,1,1,0.00,0.00,0.00,0.00,0.00,0.00,0.00,0.00,0.00,0.00,Matches
0cadc46d,Vedat Muriqi,xk KVX,FW,Mallorca,28-311,1994,21,21,1824,20.3,10,2,12,8,2,3,4,1,8.0,5.7,1.5,7.2,19,37,96,0.49,0.10,0.59,0.39,0.49,0.40,0.07,0.47,0.28,0.35,Matches
b51b1b9c,Yunus Musah,us USA,MF,Valencia,20-092,2002,20,19,1536,17.1,0,2,2,0,0,0,8,0,1.4,1.4,1.4,2.9,48,71,68,0.00,0.12,0.12,0.00,0.12,0.08,0.08,0.17,0.08,0.17,Matches
2946f9a1,Nacho,es ESP,DF,Real Madrid,33-042,1990,14,8,748,8.3,0,0,0,0,0,0,4,0,0.3,0.3,0.2,0.5,8,29,16,0.00,0.00,0.00,0.00,0.00,0.03,0.02,0.06,0.03,0.06,Matches
485e4939,Juanjo Narváez,co COL,"MF,FW",Valladolid,28-017,1995,5,1,148,1.6,0,0,0,0,0,0,0,0,0.2,0.2,0.0,0.2,0,0,9,0.00,0.00,0.00,0.00,0.00,0.11,0.00,0.11,0.11,0.11,Matches
f35430a4,Matija Nastasić,rs SRB,DF,Mallorca,29-338,1993,10,7,666,7.4,0,0,0,0,0,0,2,0,0.0,0.0,0.0,0.0,3,22,1,0.00,0.00,0.00,0.00,0.00,0.01,0.00,0.01,0.01,0.01,Matches
c997b942,Roberto Navarro,es ESP,"MF,FW",Real Sociedad,20-323,2002,16,1,342,3.8,0,0,0,0,0,0,2,0,1.0,1.0,1.2,2.2,16,13,29,0.00,0.00,0.00,0.00,0.00,0.27,0.32,0.59,0.27,0.59,Matches
3f10bd22,Jesús Navas,es ESP,"DF,FW",Sevilla,37-100,1985,19,13,1199,13.3,0,0,0,0,0,0,3,0,0.2,0.2,2.0,2.2,30,68,159,0.00,0.00,0.00,0.00,0.00,0.02,0.15,0.16,0.02,0.16,Matches
63b0ca6b,Álvaro Negredo,es ESP,FW,Cádiz,37-193,1985,14,7,556,6.2,1,2,3,1,0,0,0,0,1.2,1.2,2.0,3.2,1,11,12,0.16,0.32,0.49,0.16,0.49,0.20,0.32,0.52,0.20,0.52,Matches
5853ac44,Tanguy Nianzou,fr FRA,DF,Sevilla,20-267,2002,15,13,1090,12.1,1,0,1,1,0,0,1,1,0.4,0.4,0.0,0.4,3,51,0,0.08,0.00,0.08,0.08,0.08,0.03,0.00,0.03,0.03,0.03,Matches
c14bc029,Saúl Ñíguez,es ESP,"MF,DF",Atlético Madrid,28-100,1994,19,7,617,6.9,1,1,2,1,0,0,7,0,1.1,1.1,0.1,1.1,9,22,37,0.15,0.15,0.29,0.15,0.29,0.16,0.01,0.17,0.16,0.17,Matches
81d5c497,Fernando Niño,es ESP,"MF,FW",Villarreal,22-128,2000,3,0,22,0.2,0,0,0,0,0,0,0,0,0.1,0.1,0.0,0.1,0,0,4,0.00,0.00,0.00,0.00,0.00,0.29,0.00,0.29,0.29,0.29,Matches
c487901c,Diego Noguerol,es ESP,"FW,DF",Valencia,20-292,2002,1,0,10,0.1,0,0,0,0,0,0,0,0,0.0,0.0,0.0,0.0,0,0,0,0.00,0.00,0.00,0.00,0.00,0.00,0.00,0.00,0.00,0.00,Matches
a6103274,Randy Ntekja,fr FRA,"FW,MF",Elche,25-085,1997,3,1,100,1.1,0,0,0,0,0,0,0,0,0.1,0.1,0.0,0.1,0,1,4,0.00,0.00,0.00,0.00,0.00,0.07,0.04,0.10,0.07,0.10,Matches
a6103274,Randy Ntekja,fr FRA,"FW,MF",Rayo Vallecano,25-085,1997,10,0,116,1.3,0,0,0,0,0,0,0,1,0.2,0.2,0.0,0.3,3,6,7,0.00,0.00,0.00,0.00,0.00,0.19,0.01,0.20,0.19,0.20,Matches
be170419,Unai Núñez,es ESP,DF,Celta Vigo,26-030,1997,21,21,1890,21.0,0,0,0,0,0,0,6,0,0.6,0.6,0.1,0.7,14,80,0,0.00,0.00,0.00,0.00,0.00,0.03,0.00,0.03,0.03,0.03,Matches
ee8508c0,Jan Oblak,si SVN,GK,Atlético Madrid,30-053,1993,21,21,1862,20.7,0,0,0,0,0,0,1,0,0.0,0.0,0.0,0.0,0,0,0,0.00,0.00,0.00,0.00,0.00,0.00,0.00,0.00,0.00,0.00,Matches
2e3995cd,Brian Ocampo,uy URU,"MF,FW",Cádiz,23-249,1999,18,15,1119,12.4,1,1,2,1,0,0,2,0,0.5,0.5,1.7,2.2,41,23,80,0.08,0.08,0.16,0.08,0.16,0.04,0.14,0.18,0.04,0.18,Matches
a08b974a,Lucas Ocampos,ar ARG,"FW,MF",Sevilla,28-233,1994,9,3,392,4.4,0,0,0,0,0,0,3,0,0.6,0.6,0.6,1.2,11,13,40,0.00,0.00,0.00,0.00,0.00,0.14,0.14,0.29,0.14,0.29,Matches
1d1691ad,Álvaro Odriozola,es ESP,DF,Real Madrid,27-077,1995,1,0,23,0.3,0,0,0,0,0,0,0,0,0.4,0.4,0.1,0.5,3,1,4,0.00,0.00,0.00,0.00,0.00,1.61,0.25,1.86,1.61,1.86,Matches
3d99999d,Olasagasti,es ESP,"MF,DF",Real Sociedad,22-197,2000,3,0,65,0.7,0,0,0,0,0,0,0,0,0.0,0.0,0.0,0.0,2,2,3,0.00,0.00,0.00,0.00,0.00,0.07,0.00,0.07,0.07,0.07,Matches
4cee5954,Lucas Olaza,uy URU,DF,Valladolid,28-223,1994,15,12,1116,12.4,0,0,0,0,0,0,3,0,0.1,0.1,0.7,0.9,11,44,81,0.00,0.00,0.00,0.00,0.00,0.01,0.06,0.07,0.01,0.07,Matches
a3e4bf46,Brian Oliván,es ESP,DF,Espanyol,28-334,1994,22,22,1907,21.2,1,5,6,1,0,0,6,0,0.5,0.5,3.6,4.1,37,61,102,0.05,0.24,0.28,0.05,0.28,0.02,0.17,0.19,0.02,0.19,Matches
5132b92c,Lucas Oliveira Rosa,br BRA,DF,Valladolid,22-332,2000,10,7,577,6.4,0,0,0,0,0,0,1,0,0.2,0.2,0.5,0.7,12,11,28,0.00,0.00,0.00,0.00,0.00,0.03,0.08,0.10,0.03,0.10,Matches
7c363088,Aimar Oroz,es ESP,"MF,FW",Osasuna,21-094,2001,18,12,1064,11.8,3,1,4,2,1,1,4,0,2.7,1.9,0.7,2.6,16,41,80,0.25,0.08,0.34,0.17,0.25,0.23,0.06,0.29,0.16,0.22,Matches
f9358b61,Pedro Ortiz,es ESP,MF,Sevilla,22-194,2000,1,0,1,0.0,0,0,0,0,0,0,0,0,0.0,0.0,0.0,0.0,0,0,0,0.00,0.00,0.00,0.00,0.00,0.00,0.00,0.00,0.00,0.00,Matches
8c3c640c,Mikel Oyarzabal,es ESP,"FW,MF",Real Sociedad,25-314,1997,9,4,424,4.7,2,1,3,1,1,1,0,0,2.1,1.3,1.6,2.9,10,16,51,0.42,0.21,0.64,0.21,0.42,0.45,0.33,0.78,0.28,0.62,Matches
9a93efc9,Cenk Özkacar,tr TUR,DF,Valencia,22-146,2000,7,4,510,5.7,0,0,0,0,0,0,1,0,0.5,0.5,0.1,0.6,10,29,1,0.00,0.00,0.00,0.00,0.00,0.08,0.02,0.10,0.08,0.10,Matches
97852360,Fernando Pacheco,es ESP,GK,Almería,30-287,1992,1,1,90,1.0,0,0,0,0,0,0,0,0,0.0,0.0,0.0,0.0,0,0,0,0.00,0.00,0.00,0.00,0.00,0.00,0.00,0.00,0.00,0.00,Matches
97852360,Fernando Pacheco,es ESP,GK,Espanyol,30-287,1992,2,2,180,2.0,0,0,0,0,0,0,0,0,0.0,0.0,0.0,0.0,0,0,0,0.00,0.00,0.00,0.00,0.00,0.00,0.00,0.00,0.00,0.00,Matches
44150beb,Jon Pacheco,es ESP,DF,Real Sociedad,22-052,2001,9,7,678,7.5,0,0,0,0,0,0,2,0,0.0,0.0,0.0,0.0,5,25,0,0.00,0.00,0.00,0.00,0.00,0.00,0.00,0.00,0.00,0.00,Matches
962e54cb,Gonçalo Paciência,pt POR,"FW,MF",Celta Vigo,28-212,1994,13,4,401,4.5,1,0,1,1,0,0,2,1,0.9,0.9,0.4,1.3,3,4,25,0.22,0.00,0.22,0.22,0.22,0.19,0.10,0.29,0.19,0.29,Matches
ac8b2421,Helibelton Palacios,co COL,DF,Elche,29-263,1993,17,16,1345,14.9,0,0,0,0,0,0,5,0,0.4,0.4,0.8,1.2,20,30,15,0.00,0.00,0.00,0.00,0.00,0.03,0.05,0.08,0.03,0.08,Matches
49dbab27,Isaac Palazón Camacho,es ESP,"FW,MF",Rayo Vallecano,28-064,1994,22,21,1756,19.5,5,5,10,4,1,2,4,0,4.1,2.5,3.1,5.6,25,71,115,0.26,0.26,0.51,0.21,0.46,0.21,0.16,0.37,0.13,0.29,Matches
b906757a,Aitor Paredes,es ESP,DF,Athletic Club,22-306,2000,8,2,237,2.6,0,0,0,0,0,0,1,0,0.3,0.3,0.0,0.3,2,10,1,0.00,0.00,0.00,0.00,0.00,0.10,0.00,0.10,0.10,0.10,Matches
7460ca0d,Daniel Parejo,es ESP,MF,Villarreal,33-319,1989,23,23,2025,22.5,1,3,4,0,1,1,3,0,1.6,0.8,2.9,3.8,22,156,22,0.04,0.13,0.18,0.00,0.13,0.07,0.13,0.20,0.04,0.17,Matches
e2dcc60e,Moises Parra Gutierrez,es ESP,FW,Getafe,20-250,2002,1,0,10,0.1,0,0,0,0,0,0,0,0,0.0,0.0,0.0,0.0,0,0,0,0.00,0.00,0.00,0.00,0.00,0.00,0.00,0.00,0.00,0.00,Matches
647d39d2,Raúl Parra,es ESP,"DF,MF",Cádiz,23-095,1999,2,0,33,0.4,0,0,0,0,0,0,0,0,0.0,0.0,0.0,0.0,0,1,1,0.00,0.00,0.00,0.00,0.00,0.00,0.00,0.00,0.00,0.00,Matches
881ef58c,Javier Pastore,ar ARG,MF,Elche,33-254,1989,1,0,5,0.1,0,0,0,0,0,0,0,0,0.0,0.0,0.0,0.0,2,1,2,0.00,0.00,0.00,0.00,0.00,0.00,0.00,0.00,0.00,0.00,Matches
b7ca5c51,Gabriel Paulista,br BRA,DF,Valencia,32-095,1990,14,11,875,9.7,1,0,1,1,0,0,2,1,0.5,0.5,0.2,0.8,7,44,0,0.10,0.00,0.10,0.10,0.10,0.06,0.02,0.08,0.06,0.08,Matches
63f04c6c,Alfonso Pedraza,es ESP,DF,Villarreal,26-326,1996,13,10,866,9.6,0,1,1,0,0,0,1,0,0.8,0.8,0.7,1.5,29,18,78,0.00,0.10,0.10,0.00,0.10,0.08,0.07,0.15,0.08,0.15,Matches
0d9b2d31,Pedri,es ESP,MF,Barcelona,20-096,2002,21,18,1629,18.1,6,0,6,6,0,0,2,0,3.5,3.5,3.4,6.9,50,148,72,0.33,0.00,0.33,0.33,0.33,0.19,0.19,0.38,0.19,0.38,Matches
1f079188,Rubén Peña,es ESP,"DF,MF",Osasuna,31-226,1991,11,7,653,7.3,0,1,1,0,0,0,1,1,1.1,1.1,0.7,1.9,17,31,37,0.00,0.14,0.14,0.00,0.14,0.15,0.10,0.25,0.15,0.25,Matches
5496cc91,Alberto Perea,es ESP,MF,Cádiz,32-072,1990,1,1,45,0.5,0,0,0,0,0,0,0,0,0.0,0.0,0.0,0.0,0,2,2,0.00,0.00,0.00,0.00,0.00,0.00,0.00,0.00,0.00,0.00,Matches
819aa8e7,Ayoze Pérez,es ESP,FW,Betis,29-215,1993,4,2,205,2.3,0,0,0,0,0,0,0,0,0.8,0.8,0.4,1.2,10,7,18,0.00,0.00,0.00,0.00,0.00,0.34,0.19,0.53,0.34,0.53,Matches
a8f21b9f,Carles Pérez,es ESP,"MF,FW",Celta Vigo,25-013,1998,22,12,1120,12.4,0,3,3,0,0,0,3,0,1.6,1.6,0.7,2.3,46,33,92,0.00,0.24,0.24,0.00,0.24,0.13,0.06,0.18,0.13,0.18,Matches
3d79a68c,Francisco Perez,es ESP,"FW,DF",Valencia,20-173,2002,5,0,63,0.7,0,0,0,0,0,0,1,0,0.0,0.0,0.0,0.0,0,2,9,0.00,0.00,0.00,0.00,0.00,0.03,0.00,0.03,0.03,0.03,Matches
237a3851,Kike Pérez,es ESP,MF,Valladolid,26-015,1997,22,18,1532,17.0,0,2,2,0,0,0,5,0,1.4,1.4,1.2,2.6,39,100,50,0.00,0.12,0.12,0.00,0.12,0.08,0.07,0.15,0.08,0.15,Matches
a300ac7e,Lucas Pérez,es ESP,FW,Cádiz,34-172,1988,14,5,628,7.0,3,0,3,3,0,0,3,0,2.0,2.0,0.6,2.5,8,14,24,0.43,0.00,0.43,0.43,0.43,0.28,0.08,0.36,0.28,0.36,Matches
b7c04927,Luis Pérez,es ESP,DF,Valladolid,28-025,1995,12,10,883,9.8,0,1,1,0,0,0,2,0,0.1,0.1,0.5,0.6,20,31,53,0.00,0.10,0.10,0.00,0.10,0.01,0.05,0.06,0.01,0.06,Matches
8c725b43,Germán Pezzella,ar ARG,DF,Betis,31-247,1991,19,17,1521,16.9,0,0,0,0,0,0,2,2,0.8,0.8,0.1,0.9,2,34,2,0.00,0.00,0.00,0.00,0.00,0.05,0.01,0.06,0.05,0.06,Matches
64ba07c0,Ronaël Pierre-Gabriel,fr FRA,DF,Espanyol,24-261,1998,3,1,74,0.8,0,0,0,0,0,0,2,1,0.0,0.0,0.0,0.0,4,4,7,0.00,0.00,0.00,0.00,0.00,0.06,0.00,0.06,0.06,0.06,Matches
540ec57b,Yeremi Pino,es ESP,"MF,FW",Villarreal,20-132,2002,22,17,1331,14.8,2,2,4,2,0,0,3,0,3.0,3.0,2.2,5.2,31,32,135,0.14,0.14,0.27,0.14,0.27,0.20,0.15,0.35,0.20,0.35,Matches
adfc9123,Gerard Piqué,es ESP,DF,Barcelona,36-027,1987,6,4,384,4.3,0,0,0,0,0,0,2,1,0.4,0.4,0.0,0.4,3,35,1,0.00,0.00,0.00,0.00,0.00,0.09,0.01,0.09,0.09,0.09,Matches
7c388b20,Óscar Plano,es ESP,"FW,MF",Valladolid,32-018,1991,23,16,1521,16.9,1,1,2,1,0,0,2,0,1.9,1.9,1.4,3.3,24,54,73,0.06,0.06,0.12,0.06,0.12,0.11,0.08,0.20,0.11,0.20,Matches
54bcdeb0,Gonzalo Plata,ec ECU,"FW,MF",Valladolid,22-120,2000,19,12,1144,12.7,0,2,2,0,0,0,0,0,1.6,1.6,1.4,3.0,50,24,114,0.00,0.16,0.16,0.00,0.16,0.13,0.11,0.23,0.13,0.23,Matches
ccbbe661,Ezequiel Ponce,ar ARG,"FW,MF",Elche,25-337,1997,22,8,918,10.2,3,0,3,3,0,0,2,0,2.5,2.5,0.4,2.9,8,14,40,0.29,0.00,0.29,0.29,0.29,0.25,0.04,0.28,0.25,0.28,Matches
8e010ff4,Francisco Portillo,es ESP,"FW,MF",Almería,32-261,1990,15,2,364,4.0,2,0,2,2,0,0,1,0,0.6,0.6,0.1,0.8,6,41,28,0.49,0.00,0.49,0.49,0.49,0.16,0.03,0.19,0.16,0.19,Matches
1bda5842,Portu,es ESP,"DF,MF",Getafe,30-284,1992,20,9,959,10.7,0,2,2,0,0,0,5,1,0.7,0.7,0.8,1.5,26,23,69,0.00,0.19,0.19,0.00,0.19,0.06,0.07,0.14,0.06,0.14,Matches
fc8b614b,José Pozo,es ESP,MF,Rayo Vallecano,26-351,1996,6,1,75,0.8,0,0,0,0,0,0,0,0,0.0,0.0,0.1,0.1,4,5,7,0.00,0.00,0.00,0.00,0.00,0.04,0.12,0.16,0.04,0.16,Matches
3c16d927,Alejandro Pozo Pozo,es ESP,DF,Almería,24-007,1999,18,11,1034,11.5,0,1,1,0,0,0,0,0,0.2,0.2,2.4,2.6,24,40,61,0.00,0.09,0.09,0.00,0.09,0.02,0.21,0.23,0.02,0.23,Matches
d1b060e2,Abdón Prats,es ESP,"FW,MF",Mallorca,30-084,1992,16,1,187,2.1,1,0,1,1,0,0,0,0,0.7,0.7,0.1,0.8,1,5,6,0.48,0.00,0.48,0.48,0.48,0.33,0.07,0.40,0.33,0.40,Matches
2683eda7,Javi Puado,es ESP,"FW,MF",Espanyol,24-280,1998,22,15,1376,15.3,3,1,4,3,0,0,3,0,5.5,5.5,1.4,6.9,29,30,70,0.20,0.07,0.26,0.20,0.26,0.36,0.09,0.45,0.36,0.45,Matches
39352da2,Arnau Puigmal,es ESP,"MF,DF",Almería,22-050,2001,12,1,322,3.6,0,0,0,0,0,0,3,0,0.3,0.3,0.2,0.5,14,10,24,0.00,0.00,0.00,0.00,0.00,0.08,0.07,0.15,0.08,0.15,Matches
41fb0f4e,Domingos Quina,pt POR,MF,Elche,23-103,1999,10,2,275,3.1,0,0,0,0,0,0,3,1,0.2,0.2,0.4,0.6,12,17,7,0.00,0.00,0.00,0.00,0.00,0.07,0.14,0.21,0.07,0.21,Matches
b857bd29,Antonio Raillo,es ESP,DF,Mallorca,31-144,1991,22,22,1980,22.0,1,1,2,1,0,0,7,0,0.3,0.3,0.5,0.8,7,37,3,0.05,0.05,0.09,0.05,0.09,0.02,0.02,0.04,0.02,0.04,Matches
58ad9383,Predrag Rajković,rs SRB,GK,Mallorca,27-121,1995,23,23,2070,23.0,0,0,0,0,0,0,3,0,0.0,0.0,0.1,0.1,0,2,0,0.00,0.00,0.00,0.00,0.00,0.00,0.00,0.00,0.00,0.00,Matches
89f951b5,Ivan Rakitić,hr CRO,MF,Sevilla,34-356,1988,18,12,990,11.0,1,2,3,0,1,1,3,1,1.9,1.2,1.2,2.3,29,83,63,0.09,0.18,0.27,0.00,0.18,0.18,0.11,0.28,0.10,0.21,Matches
cc9256ef,Largie Ramazani,be BEL,"FW,MF",Almería,22-002,2001,21,12,1099,12.2,3,0,3,3,0,1,4,0,3.6,2.8,0.7,3.5,46,25,72,0.25,0.00,0.25,0.25,0.25,0.30,0.05,0.35,0.23,0.28,Matches
44e07fac,Chris Ramos,es ESP,"FW,MF",Cádiz,26-042,1997,3,0,51,0.6,0,0,0,0,0,0,0,0,0.6,0.6,0.0,0.7,1,0,2,0.00,0.00,0.00,0.00,0.00,1.10,0.08,1.18,1.10,1.18,Matches
3423f250,Raphinha,br BRA,FW,Barcelona,26-077,1996,22,12,1101,12.2,4,4,8,4,0,0,5,0,5.4,5.4,4.4,9.8,62,62,183,0.33,0.33,0.65,0.33,0.65,0.44,0.36,0.80,0.44,0.80,Matches
3353737a,Sergio Reguilón,es ESP,DF,Atlético Madrid,26-075,1996,4,0,87,1.0,0,0,0,0,0,0,2,1,0.0,0.0,0.0,0.0,5,6,11,0.00,0.00,0.00,0.00,0.00,0.00,0.04,0.04,0.00,0.04,Matches
e358587b,Pepe Reina,es ESP,GK,Villarreal,40-182,1982,8,8,720,8.0,0,0,0,0,0,0,1,0,0.0,0.0,0.0,0.0,0,0,0,0.00,0.00,0.00,0.00,0.00,0.00,0.00,0.00,0.00,0.00,Matches
6b21b7b5,Reinier,br BRA,"MF,FW",Girona,21-041,2002,8,3,324,3.6,1,0,1,1,0,0,1,0,0.8,0.8,0.2,1.0,4,9,9,0.28,0.00,0.28,0.28,0.28,0.23,0.05,0.27,0.23,0.27,Matches
3376a776,Karim Rekik,nl NED,DF,Sevilla,28-089,1994,10,9,664,7.4,1,1,2,1,0,0,1,0,0.7,0.7,0.0,0.7,10,37,5,0.14,0.14,0.27,0.14,0.27,0.09,0.00,0.09,0.09,0.09,Matches
374ee424,Álex Remiro,es ESP,GK,Real Sociedad,27-342,1995,23,23,2070,23.0,0,0,0,0,0,0,1,0,0.0,0.0,0.0,0.0,0,1,0,0.00,0.00,0.00,0.00,0.00,0.00,0.00,0.00,0.00,0.00,Matches
14d5b7ac,Alejandro Revuelta Montero,es ESP,DF,Getafe,22-319,2000,1,0,1,0.0,0,0,0,0,0,0,0,0,0.0,0.0,0.0,0.0,0,0,0,0.00,0.00,0.00,0.00,0.00,0.00,0.00,0.00,0.00,0.00,Matches
b3b9b8b8,Chadi Riad,es ESP,MF,Barcelona,19-257,2003,1,0,2,0.0,0,0,0,0,0,0,0,0,0.0,0.0,0.0,0.0,0,0,0,0.00,0.00,0.00,0.00,0.00,0.00,0.00,0.00,0.00,0.00,Matches
ce8039aa,Nico Ribaudo,es ESP,"FW,MF",Espanyol,21-324,2001,17,7,476,5.3,0,2,2,0,0,0,3,0,0.6,0.6,0.3,0.9,16,13,35,0.00,0.38,0.38,0.00,0.38,0.11,0.06,0.16,0.11,0.16,Matches
d9ba39fc,Diego Rico,es ESP,DF,Real Sociedad,30-006,1993,16,14,1286,14.3,0,0,0,0,0,0,3,0,0.1,0.1,1.1,1.2,25,44,60,0.00,0.00,0.00,0.00,0.00,0.01,0.07,0.08,0.01,0.08,Matches
65154df0,Rodrigo Riquelme,es ESP,"MF,FW",Girona,22-333,2000,22,16,1416,15.7,4,2,6,4,0,0,0,0,3.2,3.2,2.2,5.4,69,60,101,0.25,0.13,0.38,0.25,0.38,0.20,0.14,0.34,0.20,0.34,Matches
335fa267,Sergi Roberto,es ESP,"DF,MF",Barcelona,31-022,1992,14,7,709,7.9,3,1,4,3,0,0,1,0,1.6,1.6,0.6,2.1,29,59,38,0.38,0.13,0.51,0.38,0.51,0.20,0.07,0.27,0.20,0.27,Matches
a8981944,Lucas Robertone,ar ARG,MF,Almería,25-348,1997,22,21,1652,18.4,1,5,6,1,0,0,6,0,1.9,1.9,4.5,6.4,25,90,65,0.05,0.27,0.33,0.05,0.33,0.10,0.25,0.35,0.10,0.35,Matches
5f21b94c,Joel Roca,es ESP,"MF,FW",Girona,17-267,2005,4,0,67,0.7,0,0,0,0,0,0,1,0,0.2,0.2,0.0,0.2,1,1,13,0.00,0.00,0.00,0.00,0.00,0.24,0.05,0.29,0.24,0.29,Matches
37f827ec,Enzo Roco,cl CHI,DF,Elche,30-197,1992,18,17,1390,15.4,0,0,0,0,0,0,6,1,0.4,0.4,0.0,0.4,5,32,2,0.00,0.00,0.00,0.00,0.00,0.03,0.00,0.03,0.03,0.03,Matches
85bed4ee,Rodrigo,es ESP,"FW,MF",Betis,22-289,2000,16,12,902,10.0,2,1,3,2,0,0,0,0,1.2,1.2,0.7,2.0,20,50,65,0.20,0.10,0.30,0.20,0.30,0.12,0.07,0.20,0.12,0.20,Matches
8cfc2f69,Ángel Rodríguez,es ESP,"FW,MF",Mallorca,35-309,1987,10,1,243,2.7,0,0,0,0,0,0,0,0,1.7,1.7,0.0,1.8,2,3,12,0.00,0.00,0.00,0.00,0.00,0.65,0.02,0.66,0.65,0.66,Matches
19709006,Óscar Rodríguez Arnaiz,es ESP,MF,Celta Vigo,24-246,1998,22,14,1257,14.0,2,0,2,2,0,0,4,0,3.1,3.1,1.5,4.6,25,85,31,0.14,0.00,0.14,0.14,0.14,0.22,0.10,0.33,0.22,0.33,Matches
70f8e0bd,Dani Rodríguez,es ESP,MF,Mallorca,34-268,1988,22,17,1336,14.8,3,3,6,3,0,0,6,0,1.1,1.1,1.3,2.4,21,52,45,0.20,0.20,0.40,0.20,0.40,0.07,0.09,0.16,0.07,0.16,Matches
34e393f2,Guido Rodríguez,ar ARG,MF,Betis,28-323,1994,19,18,1567,17.4,0,0,0,0,0,0,5,0,0.4,0.4,0.2,0.6,6,65,13,0.00,0.00,0.00,0.00,0.00,0.02,0.01,0.03,0.02,0.03,Matches
8f5e92a6,Rodrygo,br BRA,FW,Real Madrid,22-051,2001,20,14,1366,15.2,4,5,9,3,1,1,1,0,8.0,7.2,5.2,12.4,70,37,148,0.26,0.33,0.59,0.20,0.53,0.53,0.34,0.87,0.48,0.82,Matches
2fbe6af0,Iván Romero,es ESP,MF,Sevilla,21-325,2001,1,0,11,0.1,0,0,0,0,0,0,1,0,0.0,0.0,0.0,0.0,0,0,0,0.00,0.00,0.00,0.00,0.00,0.00,0.00,0.00,0.00,0.00,Matches
4b511457,Oriol Romeu,es ESP,MF,Girona,31-158,1991,19,19,1710,19.0,1,0,1,1,0,0,6,0,1.4,1.4,0.6,2.0,7,82,12,0.05,0.00,0.05,0.05,0.05,0.08,0.03,0.11,0.08,0.11,Matches
35d4f151,Rubén,es ESP,"DF,MF",Espanyol,22-025,2001,11,4,460,5.1,0,1,1,0,0,0,1,0,0.3,0.3,0.9,1.2,17,8,30,0.00,0.20,0.20,0.00,0.20,0.06,0.17,0.23,0.06,0.23,Matches
18b896d6,Antonio Rüdiger,de GER,DF,Real Madrid,29-363,1993,20,15,1406,15.6,1,0,1,1,0,0,1,0,1.4,1.4,0.1,1.5,7,35,3,0.06,0.00,0.06,0.06,0.06,0.09,0.00,0.10,0.09,0.10,Matches
a55d8df5,Aitor Ruibal,es ESP,"DF,FW",Betis,26-344,1996,18,9,917,10.2,0,0,0,0,0,0,3,0,0.6,0.6,1.5,2.0,25,36,31,0.00,0.00,0.00,0.00,0.00,0.06,0.14,0.20,0.06,0.20,Matches
b3dc6eca,Víctor Ruiz,es ESP,DF,Betis,34-035,1989,8,4,462,5.1,0,0,0,0,0,0,0,0,0.1,0.1,0.2,0.3,3,9,0,0.00,0.00,0.00,0.00,0.00,0.02,0.03,0.06,0.02,0.06,Matches
625c144a,Gerónimo Rulli,ar ARG,GK,Villarreal,30-285,1992,14,14,1260,14.0,0,0,0,0,0,0,1,0,0.0,0.0,0.0,0.0,0,0,0,0.00,0.00,0.00,0.00,0.00,0.00,0.00,0.00,0.00,0.00,Matches
b75ac54b,Franco Russo,ar ARG,DF,Mallorca,28-127,1994,3,2,145,1.6,0,0,0,0,0,0,0,0,0.0,0.0,0.0,0.0,0,1,0,0.00,0.00,0.00,0.00,0.00,0.00,0.00,0.00,0.00,0.00,Matches
fbbb9269,Youssouf Sabaly,sn SEN,DF,Betis,29-361,1993,15,12,1086,12.1,0,0,0,0,0,0,0,0,0.2,0.2,0.5,0.7,25,54,38,0.00,0.00,0.00,0.00,0.00,0.02,0.04,0.06,0.02,0.06,Matches
686cbe7d,Umar Sadiq,ng NGA,FW,Almería,26-027,1997,3,3,240,2.7,2,0,2,2,0,0,1,0,1.5,1.5,0.2,1.6,5,2,7,0.75,0.00,0.75,0.75,0.75,0.55,0.06,0.61,0.55,0.61,Matches
686cbe7d,Umar Sadiq,ng NGA,FW,Real Sociedad,26-027,1997,2,1,82,0.9,1,0,1,1,0,0,0,0,0.5,0.5,0.0,0.5,0,1,6,1.10,0.00,1.10,1.10,1.10,0.50,0.00,0.50,0.50,0.50,Matches
13e0eb29,Samuel Sáiz,es ESP,MF,Girona,32-038,1991,8,1,240,2.7,2,0,2,0,2,2,1,0,1.7,0.1,0.2,0.4,5,17,18,0.75,0.00,0.75,0.00,0.00,0.64,0.08,0.72,0.05,0.13,Matches
405f267a,Salvi,es ESP,"FW,MF",Rayo Vallecano,31-336,1991,12,3,276,3.1,0,0,0,0,0,0,2,0,0.1,0.1,0.5,0.6,15,8,30,0.00,0.00,0.00,0.00,0.00,0.05,0.15,0.20,0.05,0.20,Matches
2a295d33,Samuel,br BRA,"FW,MF",Valencia,23-068,1999,23,23,1939,21.5,2,0,2,2,0,0,3,0,4.1,4.1,1.1,5.1,88,64,173,0.09,0.00,0.09,0.09,0.09,0.19,0.05,0.24,0.19,0.24,Matches
efecd633,Fede San Emeterio,es ESP,MF,Cádiz,25-350,1997,19,13,1018,11.3,0,0,0,0,0,0,6,0,0.2,0.2,0.0,0.2,1,21,6,0.00,0.00,0.00,0.00,0.00,0.02,0.00,0.02,0.02,0.02,Matches
bdb624a3,Oihan Sancet,es ESP,MF,Athletic Club,22-310,2000,23,21,1575,17.5,8,0,8,7,1,1,2,0,4.3,3.5,1.8,5.3,56,90,91,0.46,0.00,0.46,0.40,0.40,0.24,0.10,0.35,0.20,0.30,Matches
a254bbe0,Antonio Sánchez,es ESP,MF,Mallorca,26-059,1997,18,7,639,7.1,0,0,0,0,0,0,4,0,0.5,0.5,0.5,1.0,16,25,38,0.00,0.00,0.00,0.00,0.00,0.07,0.07,0.14,0.07,0.14,Matches
70107d4d,Iván Sánchez,es ESP,"FW,MF",Valladolid,30-159,1992,18,10,818,9.1,0,0,0,0,0,0,0,0,0.7,0.7,1.3,1.9,42,46,43,0.00,0.00,0.00,0.00,0.00,0.07,0.14,0.21,0.07,0.21,Matches
60359288,Javi Sánchez,es ESP,DF,Valladolid,25-352,1997,20,20,1656,18.4,1,0,1,1,0,0,9,0,0.6,0.6,0.0,0.6,17,51,4,0.05,0.00,0.05,0.05,0.05,0.03,0.00,0.03,0.03,0.03,Matches
ffacd3d5,Manuel Sánchez,es ESP,DF,Osasuna,22-189,2000,18,10,1034,11.5,0,1,1,0,0,0,1,0,0.4,0.4,0.9,1.3,19,51,53,0.00,0.09,0.09,0.00,0.09,0.04,0.07,0.11,0.04,0.11,Matches
79f2a5f5,Esteban Saveljich,me MNE,FW,Rayo Vallecano,31-285,1991,1,0,1,0.0,0,0,0,0,0,0,0,0,0.0,0.0,0.0,0.0,0,0,0,0.00,0.00,0.00,0.00,0.00,0.00,0.00,0.00,0.00,0.00,Matches
f6ac68c1,Stefan Savić,me MNE,DF,Atlético Madrid,32-052,1991,15,15,1313,14.6,0,0,0,0,0,0,2,2,0.2,0.2,0.0,0.2,20,62,6,0.00,0.00,0.00,0.00,0.00,0.01,0.00,0.02,0.01,0.02,Matches
a45eac1f,Haris Seferović,ch SUI,"FW,MF",Celta Vigo,31-007,1992,4,1,154,1.7,1,0,1,1,0,0,1,0,0.5,0.5,0.2,0.7,4,2,10,0.58,0.00,0.58,0.58,0.58,0.28,0.13,0.41,0.28,0.41,Matches
a62b4888,Jaime Seoane,es ESP,MF,Getafe,26-038,1997,13,2,301,3.3,0,0,0,0,0,0,0,0,0.1,0.1,0.3,0.4,3,6,5,0.00,0.00,0.00,0.00,0.00,0.02,0.08,0.11,0.02,0.11,Matches
e2716bd0,David Silva,es ESP,MF,Real Sociedad,37-052,1986,16,15,1115,12.4,1,2,3,1,0,0,2,0,1.9,1.9,1.9,3.8,35,97,74,0.08,0.16,0.24,0.08,0.24,0.16,0.15,0.31,0.16,0.31,Matches
ea83bfa6,Rui Silva,pt POR,GK,Betis,29-022,1994,18,18,1620,18.0,0,0,0,0,0,0,2,0,0.0,0.0,0.0,0.0,0,0,0,0.00,0.00,0.00,0.00,0.00,0.00,0.00,0.00,0.00,0.00,Matches
5dcf3e90,Unai Simón,es ESP,GK,Athletic Club,25-263,1997,22,22,1935,21.5,0,0,0,0,0,0,1,0,0.0,0.0,0.0,0.0,0,2,0,0.00,0.00,0.00,0.00,0.00,0.00,0.00,0.00,0.00,0.00,Matches
19b776e9,Rubén Sobrino,es ESP,"MF,FW",Cádiz,30-273,1992,19,14,1284,14.3,1,1,2,1,0,0,5,0,2.9,2.9,0.6,3.6,24,13,39,0.07,0.07,0.14,0.07,0.14,0.20,0.04,0.25,0.20,0.25,Matches
5fa714d5,Alex Sola,es ESP,DF,Real Sociedad,23-265,1999,8,3,332,3.7,0,0,0,0,0,0,1,0,0.1,0.1,0.1,0.2,7,3,18,0.00,0.00,0.00,0.00,0.00,0.03,0.02,0.05,0.03,0.05,Matches
3ca6106c,Augusto Solari,ar ARG,"MF,FW",Celta Vigo,31-057,1992,8,2,194,2.2,0,1,1,0,0,0,0,0,0.3,0.3,0.2,0.5,4,10,10,0.00,0.46,0.46,0.00,0.46,0.13,0.08,0.21,0.13,0.21,Matches
fed17f5a,Carlos Soler,es ESP,MF,Valencia,26-058,1997,3,3,242,2.7,1,0,1,0,1,1,0,0,0.9,0.2,0.2,0.4,3,13,7,0.37,0.00,0.37,0.00,0.00,0.35,0.08,0.43,0.06,0.14,Matches
8f8c6934,David Soria,es ESP,GK,Getafe,29-331,1993,23,23,2070,23.0,0,0,0,0,0,0,1,0,0.0,0.0,0.1,0.1,0,0,0,0.00,0.00,0.00,0.00,0.00,0.00,0.00,0.00,0.00,0.00,Matches
3aa74860,Hugo Sotelo,es ESP,MF,Celta Vigo,19-072,2003,1,0,17,0.2,0,0,0,0,0,0,0,0,0.0,0.0,0.0,0.0,0,2,0,0.00,0.00,0.00,0.00,0.00,0.20,0.00,0.20,0.20,0.20,Matches
e4738e91,Dyego Sousa,pt POR,FW,Almería,33-168,1989,13,2,347,3.9,0,1,1,0,0,0,1,0,0.6,0.6,0.8,1.4,6,10,27,0.00,0.26,0.26,0.00,0.26,0.15,0.22,0.36,0.15,0.36,Matches
6a8a7af8,Vinicius Souza,br BRA,MF,Espanyol,23-257,1999,21,21,1796,20.0,0,0,0,0,0,0,7,1,0.1,0.1,0.4,0.5,8,62,9,0.00,0.00,0.00,0.00,0.00,0.01,0.02,0.03,0.01,0.03,Matches
f553b2b3,Jørgen Strand Larsen,no NOR,FW,Celta Vigo,23-023,2000,19,14,1143,12.7,2,3,5,2,0,0,3,0,3.7,3.7,1.9,5.5,10,9,49,0.16,0.24,0.39,0.16,0.39,0.29,0.15,0.44,0.29,0.44,Matches
220c11f1,Cristhian Stuani,uy URU,FW,Girona,36-140,1986,18,5,678,7.5,6,0,6,3,3,4,5,0,6.7,3.5,0.9,4.4,1,8,17,0.80,0.00,0.80,0.40,0.40,0.88,0.12,1.00,0.46,0.58,Matches
ba5004e1,Damián Suárez,uy URU,DF,Getafe,34-308,1988,14,12,901,10.0,1,0,1,1,0,0,2,0,0.3,0.3,1.1,1.4,10,46,41,0.10,0.00,0.10,0.10,0.10,0.03,0.11,0.14,0.03,0.14,Matches
12c50af5,Denis Suárez,es ESP,MF,Espanyol,29-054,1994,4,2,222,2.5,0,0,0,0,0,0,0,0,0.4,0.4,0.3,0.7,6,6,7,0.00,0.00,0.00,0.00,0.00,0.16,0.11,0.27,0.16,0.27,Matches
7106f0a0,Mario Suárez,es ESP,"DF,MF",Rayo Vallecano,36-005,1987,1,0,6,0.1,0,0,0,0,0,0,0,0,0.0,0.0,0.0,0.0,0,0,0,0.00,0.00,0.00,0.00,0.00,0.00,0.00,0.00,0.00,0.00,Matches
4e219ad2,Suso,es ESP,"MF,FW",Sevilla,29-102,1993,12,3,440,4.9,1,1,2,1,0,0,1,0,0.4,0.4,1.2,1.6,12,39,50,0.20,0.20,0.41,0.20,0.41,0.08,0.24,0.32,0.08,0.32,Matches
184fe4b2,Williot Swedberg,se SWE,MF,Celta Vigo,19-028,2004,1,0,34,0.4,0,0,0,0,0,0,1,0,0.0,0.0,0.0,0.0,0,3,4,0.00,0.00,0.00,0.00,0.00,0.00,0.00,0.00,0.00,0.00,Matches
e92cd3f7,Alexander Sørloth,no NOR,FW,Real Sociedad,27-086,1995,19,19,1534,17.0,9,1,10,9,0,0,3,0,7.9,7.9,1.3,9.2,24,14,78,0.53,0.06,0.59,0.53,0.59,0.47,0.08,0.54,0.47,0.54,Matches
34269bdf,Renato Tapia,pe PER,"MF,DF",Celta Vigo,27-216,1995,17,9,792,8.8,0,0,0,0,0,0,5,1,0.3,0.3,0.7,1.0,5,38,8,0.00,0.00,0.00,0.00,0.00,0.04,0.08,0.12,0.04,0.12,Matches
4f255115,Aurélien Tchouaméni,fr FRA,MF,Real Madrid,23-033,2000,18,13,1113,12.4,0,2,2,0,0,0,1,0,0.8,0.8,1.3,2.1,20,81,12,0.00,0.16,0.16,0.00,0.16,0.06,0.10,0.17,0.06,0.17,Matches
e73c9bb2,Alex Telles,br BRA,DF,Sevilla,30-076,1992,15,8,850,9.4,0,2,2,0,0,0,4,0,0.2,0.2,0.9,1.1,15,22,54,0.00,0.21,0.21,0.00,0.21,0.02,0.10,0.12,0.02,0.12,Matches
6f51e382,Marc-André ter Stegen,de GER,GK,Barcelona,30-305,1992,23,23,2070,23.0,0,0,0,0,0,0,0,0,0.0,0.0,0.1,0.1,0,3,0,0.00,0.00,0.00,0.00,0.00,0.00,0.00,0.00,0.00,0.00,Matches
f36016a5,Ramón Terrats,es ESP,MF,Villarreal,22-134,2000,2,1,81,0.9,0,0,0,0,0,0,0,0,0.1,0.1,0.4,0.4,4,10,5,0.00,0.00,0.00,0.00,0.00,0.07,0.41,0.48,0.07,0.48,Matches
f36016a5,Ramón Terrats,es ESP,MF,Girona,22-134,2000,8,2,212,2.4,0,0,0,0,0,0,0,0,0.2,0.2,0.0,0.2,4,6,4,0.00,0.00,0.00,0.00,0.00,0.08,0.02,0.10,0.08,0.10,Matches
02ef8778,Raúl de Tomás,es ESP,FW,Rayo Vallecano,28-135,1994,5,1,134,1.5,0,0,0,0,0,1,1,0,1.6,0.8,0.2,1.0,3,3,10,0.00,0.00,0.00,0.00,0.00,1.07,0.13,1.21,0.54,0.68,Matches
04e531b6,Pablo Torre,es ESP,"MF,FW",Barcelona,19-332,2003,2,0,29,0.3,0,0,0,0,0,0,0,0,0.0,0.0,0.0,0.0,1,3,3,0.00,0.00,0.00,0.00,0.00,0.00,0.00,0.00,0.00,0.00,Matches
381dbcfc,David Torres,es ESP,DF,Valladolid,19-361,2003,2,1,101,1.1,0,0,0,0,0,0,0,0,0.0,0.0,0.0,0.0,0,4,1,0.00,0.00,0.00,0.00,0.00,0.00,0.01,0.01,0.00,0.01,Matches
9e1035f8,Ferrán Torres,es ESP,FW,Barcelona,23-000,2000,20,8,835,9.3,2,0,2,2,0,0,4,1,3.7,3.7,2.8,6.5,30,29,136,0.22,0.00,0.22,0.22,0.22,0.40,0.30,0.70,0.40,0.70,Matches
58a9a4d9,Óliver Torres,es ESP,"MF,FW",Sevilla,28-111,1994,21,21,1582,17.6,3,1,4,3,0,0,1,0,1.8,1.8,2.5,4.3,24,108,122,0.17,0.06,0.23,0.17,0.23,0.10,0.14,0.24,0.10,0.24,Matches
532e1e4f,Pau Torres,es ESP,DF,Villarreal,26-044,1997,20,20,1800,20.0,0,0,0,0,0,0,8,0,0.7,0.7,0.6,1.3,45,123,7,0.00,0.00,0.00,0.00,0.00,0.03,0.03,0.06,0.03,0.06,Matches
d733aa38,Roberto Torres,es ESP,"FW,MF",Osasuna,33-359,1989,2,0,11,0.1,0,0,0,0,0,0,0,0,0.0,0.0,0.3,0.3,2,0,1,0.00,0.00,0.00,0.00,0.00,0.00,2.13,2.13,0.00,2.13,Matches
0e4fef6e,Lucas Torró,es ESP,MF,Osasuna,28-225,1994,22,21,1658,18.4,0,0,0,0,0,0,7,0,0.8,0.8,0.1,0.9,9,68,11,0.00,0.00,0.00,0.00,0.00,0.04,0.01,0.05,0.04,0.05,Matches
e96b2583,Nabil Touaizi,ma MAR,MF,Espanyol,22-028,2001,1,0,3,0.0,0,0,0,0,0,0,0,0,0.0,0.0,0.0,0.0,0,1,1,0.00,0.00,0.00,0.00,0.00,0.00,0.00,0.00,0.00,0.00,Matches
fc647b34,Óscar Trejo,ar ARG,"MF,FW",Rayo Vallecano,34-309,1988,21,18,1363,15.1,2,3,5,1,1,2,8,0,2.6,1.0,2.0,3.0,34,77,67,0.13,0.20,0.33,0.07,0.26,0.17,0.13,0.30,0.07,0.20,Matches
963829d0,Manu Trigueros,es ESP,"MF,FW",Villarreal,31-135,1991,13,4,408,4.5,0,0,0,0,0,0,2,1,0.2,0.2,0.1,0.3,7,38,13,0.00,0.00,0.00,0.00,0.00,0.05,0.02,0.07,0.05,0.07,Matches
f7e87032,Viktor Tsyhankov,ua UKR,MF,Girona,25-106,1997,4,2,184,2.0,1,2,3,1,0,0,0,0,0.7,0.7,0.3,1.0,5,8,15,0.49,0.98,1.47,0.49,1.47,0.36,0.13,0.49,0.36,0.49,Matches
068f4dec,Beñat Turrientes,es ESP,"MF,FW",Real Sociedad,21-029,2002,6,1,106,1.2,0,0,0,0,0,0,0,0,0.0,0.0,0.2,0.2,0,2,4,0.00,0.00,0.00,0.00,0.00,0.00,0.13,0.13,0.00,0.13,Matches
f8eca1b6,Enes Ünal,tr TUR,FW,Getafe,25-295,1997,23,23,2001,22.2,8,3,11,7,1,2,4,0,5.3,3.8,2.1,5.9,23,28,102,0.36,0.13,0.49,0.31,0.45,0.24,0.10,0.33,0.17,0.27,Matches
2dd7e29d,Oscar Ureña,es ESP,MF,Girona,20-059,2003,3,1,100,1.1,0,0,0,0,0,0,0,0,0.2,0.2,0.0,0.2,1,1,10,0.00,0.00,0.00,0.00,0.00,0.16,0.00,0.16,0.16,0.16,Matches
592f3158,Óscar Valentín,es ESP,MF,Rayo Vallecano,28-193,1994,20,17,1467,16.3,0,0,0,0,0,0,7,0,0.4,0.4,0.8,1.1,13,91,7,0.00,0.00,0.00,0.00,0.00,0.02,0.05,0.07,0.02,0.07,Matches
4acd733a,Valery,es ESP,"MF,DF",Girona,23-098,1999,16,5,595,6.6,0,2,2,0,0,0,1,0,0.4,0.4,1.0,1.4,11,13,55,0.00,0.30,0.30,0.00,0.30,0.06,0.15,0.21,0.06,0.21,Matches
0a69de7b,Enrique Valiente,es ESP,DF,Sevilla,20-312,2002,6,4,368,4.1,1,1,2,1,0,0,1,1,0.2,0.2,0.2,0.4,3,14,0,0.24,0.24,0.49,0.24,0.49,0.04,0.05,0.09,0.04,0.09,Matches
f2c6ac01,Martin Valjent,sk SVK,DF,Mallorca,27-080,1995,19,19,1666,18.5,0,0,0,0,0,0,7,0,0.1,0.1,0.1,0.1,7,36,2,0.00,0.00,0.00,0.00,0.00,0.00,0.00,0.01,0.00,0.01,Matches
0bc4e720,Manu Vallejo,es ESP,"FW,MF",Girona,26-015,1997,7,2,206,2.3,0,1,1,0,0,0,0,0,0.0,0.0,0.3,0.3,7,10,25,0.00,0.44,0.44,0.00,0.44,0.01,0.12,0.13,0.01,0.13,Matches
0959c2a2,Federico Valverde,uy URU,"FW,MF",Real Madrid,24-222,1998,23,20,1776,19.7,7,2,9,7,0,0,2,0,3.0,3.0,4.1,7.1,55,102,86,0.35,0.10,0.46,0.35,0.46,0.15,0.21,0.36,0.15,0.36,Matches
106c142c,Jesus Vazquez,es ESP,"DF,MF",Valencia,20-058,2003,7,2,185,2.1,0,0,0,0,0,0,1,0,0.1,0.1,0.1,0.3,2,8,11,0.00,0.00,0.00,0.00,0.00,0.06,0.07,0.13,0.06,0.13,Matches
ee923664,Kevin Vázquez,es ESP,"MF,DF",Celta Vigo,29-343,1993,4,1,90,1.0,0,0,0,0,0,0,0,0,0.0,0.0,0.1,0.1,2,5,7,0.00,0.00,0.00,0.00,0.00,0.00,0.11,0.11,0.00,0.11,Matches
fd51b456,Lucas Vázquez,es ESP,DF,Real Madrid,31-243,1991,11,4,434,4.8,2,0,2,2,0,0,1,0,0.9,0.9,0.8,1.7,13,22,52,0.41,0.00,0.41,0.41,0.41,0.19,0.16,0.36,0.19,0.36,Matches
35a6e5c7,Gabriel Veiga,es ESP,MF,Celta Vigo,20-278,2002,22,15,1285,14.3,8,3,11,8,0,0,4,1,4.4,4.4,1.4,5.8,39,64,45,0.56,0.21,0.77,0.56,0.77,0.31,0.10,0.41,0.31,0.41,Matches
4112ace5,Unai Vencedor Paris,es ESP,MF,Athletic Club,22-106,2000,6,0,141,1.6,0,0,0,0,0,0,2,0,0.5,0.5,0.0,0.5,1,11,2,0.00,0.00,0.00,0.00,0.00,0.31,0.02,0.33,0.31,0.33,Matches
1c2c55fc,Gonzalo Verdú,es ESP,DF,Elche,34-131,1988,10,6,471,5.2,1,0,1,1,0,0,1,2,0.2,0.2,0.0,0.2,0,6,0,0.19,0.00,0.19,0.19,0.19,0.04,0.00,0.04,0.04,0.04,Matches
b0fce72c,Mikel Vesga,es ESP,MF,Athletic Club,29-284,1993,22,18,1665,18.5,2,2,4,1,1,1,3,0,1.3,0.6,1.1,1.7,16,139,23,0.11,0.11,0.22,0.05,0.16,0.07,0.06,0.13,0.03,0.09,Matches
04965583,Aleix Vidal,es ESP,"MF,FW",Espanyol,33-192,1989,18,10,871,9.7,0,1,1,0,0,0,4,0,0.1,0.1,1.5,1.6,8,18,38,0.00,0.10,0.10,0.00,0.10,0.01,0.15,0.17,0.01,0.17,Matches
3a9c4b7b,Nacho Vidal,es ESP,DF,Osasuna,28-036,1995,13,10,891,9.9,0,0,0,0,0,0,2,0,0.5,0.5,0.6,1.1,12,31,37,0.00,0.00,0.00,0.00,0.00,0.05,0.06,0.12,0.05,0.12,Matches
636eae97,Toni Villa,es ESP,MF,Valladolid,28-053,1995,2,1,91,1.0,0,0,0,0,0,0,0,0,0.0,0.0,0.0,0.0,2,4,5,0.00,0.00,0.00,0.00,0.00,0.00,0.02,0.02,0.00,0.02,Matches
636eae97,Toni Villa,es ESP,"MF,FW",Girona,28-053,1995,18,8,659,7.3,1,2,3,1,0,0,2,0,0.9,0.9,1.1,2.0,29,31,65,0.14,0.27,0.41,0.14,0.41,0.12,0.15,0.28,0.12,0.28,Matches
57be54ec,Asier Villalibre,es ESP,FW,Athletic Club,25-152,1997,5,1,97,1.1,0,0,0,0,0,0,0,0,0.3,0.3,0.2,0.5,0,2,9,0.00,0.00,0.00,0.00,0.00,0.29,0.19,0.47,0.29,0.47,Matches
bdc74a8f,Gonzalo Villar,es ESP,MF,Getafe,24-343,1998,7,2,207,2.3,0,0,0,0,0,0,2,0,0.1,0.1,0.1,0.1,7,12,2,0.00,0.00,0.00,0.00,0.00,0.03,0.02,0.05,0.03,0.05,Matches
cde52ef5,Iván Villar,es ESP,GK,Celta Vigo,25-235,1997,4,4,360,4.0,0,0,0,0,0,0,0,0,0.0,0.0,0.0,0.0,0,0,0,0.00,0.00,0.00,0.00,0.00,0.00,0.01,0.01,0.00,0.01,Matches
ab7bf91d,Daniel Vivian,es ESP,DF,Athletic Club,23-229,1999,16,15,1355,15.1,1,0,1,1,0,0,4,0,0.8,0.8,0.0,0.8,14,66,3,0.07,0.00,0.07,0.07,0.07,0.05,0.00,0.05,0.05,0.05,Matches
379dc075,Shon Weissman,il ISR,FW,Valladolid,27-015,1996,15,6,747,8.3,1,0,1,1,0,0,1,0,2.3,2.3,0.2,2.5,7,4,15,0.12,0.00,0.12,0.12,0.12,0.28,0.02,0.30,0.28,0.30,Matches
6a99e0b1,Iñaki Williams,gh GHA,FW,Athletic Club,28-259,1994,21,20,1664,18.5,5,2,7,5,0,1,0,0,5.5,4.7,2.1,6.8,66,31,180,0.27,0.11,0.38,0.27,0.38,0.30,0.11,0.41,0.26,0.37,Matches
afdc14d7,Nico Williams,es ESP,"FW,MF",Athletic Club,20-232,2002,22,21,1724,19.2,4,4,8,4,0,0,1,0,3.2,3.2,3.2,6.3,105,53,216,0.21,0.21,0.42,0.21,0.42,0.17,0.17,0.33,0.17,0.33,Matches
5dfc6ad5,Axel Witsel,be BEL,"DF,MF",Atlético Madrid,34-048,1989,19,14,1290,14.3,0,0,0,0,0,0,2,0,0.2,0.2,0.3,0.6,3,46,6,0.00,0.00,0.00,0.00,0.00,0.02,0.02,0.04,0.02,0.04,Matches
f6f6b6e8,Jawad El Yamiq,ma MAR,DF,Valladolid,31-000,1992,14,8,742,8.2,0,0,0,0,0,0,0,1,0.4,0.4,0.1,0.6,8,19,1,0.00,0.00,0.00,0.00,0.00,0.05,0.01,0.06,0.05,0.06,Matches
5ca20b7a,Joseba Zaldúa,es ESP,DF,Cádiz,30-250,1992,10,7,639,7.1,0,1,1,0,0,0,4,0,0.0,0.0,0.0,0.1,13,13,20,0.00,0.14,0.14,0.00,0.14,0.00,0.01,0.01,0.00,0.01,Matches
968a1c2f,Oier Zarraga,es ESP,"MF,FW",Athletic Club,24-056,1999,16,3,507,5.6,0,0,0,0,0,0,3,0,0.6,0.6,0.4,1.0,8,21,17,0.00,0.00,0.00,0.00,0.00,0.10,0.08,0.18,0.10,0.18,Matches
5c7845f6,Igor Zubeldia,es ESP,DF,Real Sociedad,25-336,1997,19,17,1527,17.0,1,1,2,1,0,0,5,0,0.5,0.5,0.4,0.8,7,64,4,0.06,0.06,0.12,0.06,0.12,0.03,0.02,0.05,0.03,0.05,Matches
3ee0dd59,Martín Zubimendi,es ESP,MF,Real Sociedad,24-027,1999,22,21,1871,20.8,1,2,3,1,0,0,8,0,0.7,0.7,1.0,1.7,24,117,13,0.05,0.10,0.14,0.05,0.14,0.03,0.05,0.08,0.03,0.08,Matches
