id,GA,PKA,FK,CK,OG,PSxG,PSxG+/-,Cmp,Att,Att.1,Thr,Att.2,Opp,Stp,#OPA,TotLen,TotLen.1,TotDist
be6faae0,0,0,0,0,0,0.1,0.1,1,2,7,3,1,1,0,2,182.0,24.0,66.0
a2c1a8d3,1,0,0,0,0,2.5,1.5,7,20,43,6,13,18,1,2,1259.9,755.3,48.0
9f0ea33f,10,0,0,0,0,8.0,-2.0,32,91,149,23,58,85,2,13,5140.5,3004.4,235.3
e4346678,48,7,0,4,1,55.3,8.3,133,297,469,102,179,339,17,5,16977.8,8055.0,53.0
f6798fc3,30,2,0,3,2,31.0,3.0,91,255,667,78,138,270,18,35,20877.1,5658.0,630.0
10072610,5,1,0,0,0,4.6,-0.4,25,81,111,18,39,79,1,4,4140.3,2102.1,58.0
688b96e3,18,2,2,1,0,16.7,-1.3,23,64,278,51,62,120,6,21,7978.6,1878.6,354.9
1840e36d,15,4,0,1,0,14.0,-1.0,52,128,528,103,79,199,19,21,14889.6,2646.5,308.7
fc70e345,22,3,0,3,2,24.7,4.7,84,308,486,122,176,309,17,33,18613.8,7920.0,537.9
ac295d9e,3,0,0,0,0,2.6,-0.4,15,40,81,13,18,35,6,3,3029.4,918.0,33.3
a01c3d54,10,0,0,0,0,11.7,1.7,103,246,357,63,94,176,10,19,14637.0,4841.0,279.3
f127d782,18,0,0,4,1,15.2,-1.8,105,221,253,37,103,153,5,15,10752.5,5644.4,244.5
dabb2827,38,2,1,2,1,40.0,3.0,109,325,616,125,192,348,20,17,22484.0,8083.2,232.9
63d17038,17,1,0,2,0,20.7,3.7,78,187,372,67,119,233,18,18,12201.6,5604.9,277.2
3f034750,2,1,0,1,0,2.7,0.7,12,55,64,8,23,43,7,0,2579.2,1541.0,0.0
a4995f48,13,1,1,2,0,11.2,-1.8,98,232,308,34,86,134,6,15,13521.2,4136.6,279.0
0107757e,1,0,0,0,0,0.7,-0.3,0,4,28,5,7,13,1,0,652.4,93.1,0.0
2fa2a875,14,0,0,2,1,10.4,-2.6,72,160,192,25,80,146,4,11,8275.2,3760.0,168.3
6c4776b1,35,5,1,4,0,31.2,-3.8,155,511,561,97,200,403,28,11,25301.1,12860.0,106.7
73683fa9,3,0,0,2,0,1.0,-2.0,2,8,21,5,8,12,0,2,636.3,282.4,34.0
3061e1ec,3,0,0,0,1,2.9,0.9,13,24,163,32,29,46,1,8,3732.7,1096.2,166.4
d4b73232,27,2,0,4,2,26.7,1.7,92,262,562,100,132,283,19,26,18096.4,5887.2,408.2
853b7c48,29,2,1,4,1,20.7,-7.3,103,267,500,75,131,253,14,25,17650.0,5619.9,452.5
8fae77ea,23,3,0,0,0,28.7,5.7,76,228,470,82,151,257,10,8,16074.0,6432.6,106.4
ee8508c0,16,1,1,1,0,17.8,1.8,89,292,436,84,173,276,15,16,15652.4,8407.8,265.6
97852360,1,0,0,0,0,1.5,0.5,20,52,62,11,22,40,0,1,2467.6,1284.8,13.7
97852360,2,0,0,1,0,1.6,-0.4,3,12,26,8,4,16,1,2,1045.2,144.0,29.0
58ad9383,24,5,0,2,0,25.3,1.3,190,453,569,90,213,372,14,16,24011.8,10330.5,204.8
e358587b,12,3,0,1,0,13.1,1.1,20,65,263,28,38,111,4,7,7127.3,1383.2,122.5
374ee424,23,0,1,2,2,19.4,-1.6,155,359,682,86,143,298,7,24,24279.2,7478.9,376.8
625c144a,10,0,0,1,0,12.5,2.5,50,119,451,70,92,215,20,21,12988.8,3486.8,325.5
ea83bfa6,20,1,1,4,0,20.9,0.9,112,296,474,70,155,249,13,28,16969.2,7579.5,473.2
5dcf3e90,25,1,0,0,2,21.0,-2.0,85,228,511,115,130,261,13,31,16863.0,6045.0,579.7
8f8c6934,30,2,0,4,2,27.2,-0.8,224,483,468,73,191,366,19,30,21808.8,10791.5,447.0
6f51e382,8,2,0,1,1,12.2,5.2,89,195,749,99,118,228,9,21,21121.8,4307.0,331.8
cde52ef5,5,1,0,1,0,4.7,-0.3,21,62,95,19,24,43,1,3,3505.5,1240.8,46.5
