id,Player,Nation,Pos,Squad,Age,Born,MP,Starts,Min,90s,Gls,Ast,G+A,G-PK,PK,PKatt,CrdY,CrdR,xG,npxG,xAG,npxG+xAG,PrgC,PrgP,PrgR,Gls.1,Ast.1,G+A.1,G-PK.1,G+A-PK,xG.1,xAG.1,xG+xAG,npxG.1,npxG+xAG.1,Matches
22919e97,Sargis Adamyan,am ARM,"FW,MF",Köln,29-282,1993,19,3,558,6.2,1,2,3,1,0,0,3,0,3.3,3.3,0.7,4.0,10,20,49,0.16,0.32,0.48,0.16,0.48,0.53,0.12,0.65,0.53,0.65,Matches
501055d8,Karim Adeyemi,de GER,"FW,MF",Dortmund,21-042,2002,16,12,799,8.9,3,2,5,3,0,0,5,0,2.5,2.5,2.0,4.5,21,27,79,0.34,0.23,0.56,0.34,0.56,0.28,0.23,0.51,0.28,0.51,Matches
dcfb17f4,Amine Adli,fr FRA,FW,Leverkusen,22-295,2000,14,7,731,8.1,1,2,3,1,0,0,1,1,2.0,2.0,1.2,3.2,21,26,69,0.12,0.25,0.37,0.12,0.37,0.24,0.15,0.39,0.24,0.39,Matches
cb6d81b3,Felix Agu,de GER,"DF,FW",Werder Bremen,23-155,1999,3,0,49,0.5,0,0,0,0,0,0,0,0,0.0,0.0,0.1,0.1,0,2,2,0.00,0.00,0.00,0.00,0.00,0.07,0.14,0.22,0.07,0.22,Matches
a6c58494,Naouirou Ahamada,fr FRA,MF,Stuttgart,20-337,2002,17,17,1398,15.5,2,2,4,2,0,0,4,1,0.8,0.8,1.2,2.1,43,56,54,0.13,0.13,0.26,0.13,0.26,0.05,0.08,0.13,0.05,0.13,Matches
462475ed,Ludovic Ajorque,fr FRA,"FW,MF",Mainz 05,29-004,1994,6,5,378,4.2,1,1,2,1,0,0,1,0,1.3,1.3,0.6,2.0,2,10,27,0.24,0.24,0.48,0.24,0.48,0.32,0.15,0.47,0.32,0.47,Matches
6ec6fde0,Kevin Akpoguma,ng NGA,DF,Hoffenheim,27-316,1995,18,11,1133,12.6,0,0,0,0,0,0,7,0,0.6,0.6,0.4,1.0,13,57,23,0.00,0.00,0.00,0.00,0.00,0.05,0.03,0.08,0.05,0.08,Matches
834d0be5,Lucas Alario,ar ARG,FW,Eint Frankfurt,30-144,1992,15,2,266,3.0,1,0,1,1,0,0,0,0,1.3,1.3,0.0,1.3,2,5,12,0.34,0.00,0.34,0.34,0.34,0.43,0.01,0.45,0.43,0.45,Matches
00f518d8,Faride Alidou,de GER,"DF,MF",Eint Frankfurt,21-226,2001,10,0,127,1.4,0,0,0,0,0,0,0,0,0.1,0.1,0.3,0.4,4,10,12,0.00,0.00,0.00,0.00,0.00,0.07,0.19,0.26,0.07,0.26,Matches
8ce30c57,Éder Álvarez Balanta,co COL,MF,Schalke 04,30-001,1993,2,1,83,0.9,0,0,0,0,0,0,1,0,0.0,0.0,0.0,0.0,0,2,0,0.00,0.00,0.00,0.00,0.00,0.00,0.05,0.05,0.00,0.05,Matches
cd682b6b,Lukáš Ambros,cz CZE,MF,Wolfsburg,18-269,2004,1,0,17,0.2,0,0,0,0,0,0,0,0,0.0,0.0,0.0,0.0,0,0,0,0.00,0.00,0.00,0.00,0.00,0.00,0.00,0.00,0.00,0.00,Matches
555d5edd,Nadiem Amiri,de GER,"MF,FW",Leverkusen,26-125,1996,17,6,695,7.7,3,1,4,3,0,0,3,0,0.7,0.7,0.8,1.5,20,36,25,0.39,0.13,0.52,0.39,0.52,0.09,0.10,0.19,0.09,0.19,Matches
e0b113a7,Robert Andrich,de GER,MF,Leverkusen,28-160,1994,20,19,1596,17.7,2,2,4,2,0,0,6,0,1.2,1.2,0.9,2.1,7,74,5,0.11,0.11,0.23,0.11,0.23,0.07,0.05,0.12,0.07,0.12,Matches
30941e96,Angeliño,es ESP,DF,Hoffenheim,26-056,1997,21,20,1777,19.7,0,5,5,0,0,0,2,0,0.7,0.7,4.4,5.2,17,73,99,0.00,0.25,0.25,0.00,0.25,0.04,0.22,0.26,0.04,0.26,Matches
5e66fa06,Waldemar Anton,de GER,DF,Stuttgart,26-224,1996,22,22,1930,21.4,1,0,1,1,0,0,3,0,1.4,1.4,0.8,2.2,37,87,40,0.05,0.00,0.05,0.05,0.05,0.07,0.04,0.10,0.07,0.10,Matches
0a3f6cde,Christopher Antwi-Adjei,gh GHA,"FW,MF",Bochum,29-022,1994,17,10,968,10.8,2,6,8,2,0,0,0,0,1.8,1.8,2.8,4.6,29,16,125,0.19,0.56,0.74,0.19,0.74,0.17,0.26,0.43,0.17,0.43,Matches
56413b1f,Charles Aránguiz,cl CHI,MF,Leverkusen,33-318,1989,10,4,493,5.5,1,0,1,1,0,0,1,0,0.3,0.3,0.2,0.5,3,32,7,0.18,0.00,0.18,0.18,0.18,0.06,0.04,0.10,0.06,0.10,Matches
86e119e0,Maximilian Arnold,de GER,MF,Wolfsburg,28-278,1994,22,22,1908,21.2,5,2,7,2,3,4,4,0,4.0,0.9,3.3,4.1,12,97,14,0.24,0.09,0.33,0.09,0.19,0.19,0.15,0.34,0.04,0.20,Matches
13ddc856,Takuma Asano,jp JPN,"FW,MF",Bochum,28-111,1994,13,10,786,8.7,1,0,1,1,0,0,0,0,1.7,1.7,0.6,2.4,14,19,50,0.11,0.00,0.11,0.11,0.11,0.20,0.07,0.27,0.20,0.27,Matches
35f67a30,Fisnik Asllani,xk KVX,FW,Hoffenheim,20-205,2002,6,0,130,1.4,0,0,0,0,0,0,0,0,1.0,1.0,0.2,1.2,2,0,16,0.00,0.00,0.00,0.00,0.00,0.68,0.13,0.81,0.68,0.81,Matches
fe46e261,Mehmet-Can Aydin,de GER,DF,Schalke 04,21-020,2002,12,2,386,4.3,0,0,0,0,0,0,0,0,0.2,0.2,0.7,0.9,5,4,10,0.00,0.00,0.00,0.00,0.00,0.05,0.15,0.20,0.05,0.20,Matches
ce81d82d,Ayman Azhil,ma MAR,MF,Leverkusen,21-325,2001,1,0,1,0.0,0,0,0,0,0,0,0,0,0.0,0.0,0.0,0.0,0,0,0,0.00,0.00,0.00,0.00,0.00,0.00,0.00,0.00,0.00,0.00,Matches
10549b49,Sardar Azmoun,ir IRN,"FW,MF",Leverkusen,28-059,1995,12,4,486,5.4,1,1,2,1,0,0,1,0,2.0,2.0,2.1,4.2,6,20,34,0.19,0.19,0.37,0.19,0.37,0.38,0.39,0.77,0.38,0.77,Matches
f582d5c1,Sanoussy Ba,de GER,DF,RB Leipzig,19-055,2004,1,0,1,0.0,0,0,0,0,0,0,0,0,0.0,0.0,0.0,0.0,0,0,0,0.00,0.00,0.00,0.00,0.00,0.00,0.00,0.00,0.00,0.00,Matches
a8567629,Mitchel Bakker,nl NED,"MF,DF",Leverkusen,22-254,2000,18,12,1058,11.8,2,2,4,2,0,0,4,1,1.1,1.1,1.9,3.1,18,42,48,0.17,0.17,0.34,0.17,0.34,0.09,0.17,0.26,0.09,0.26,Matches
442b56fa,Ridle Baku,de GER,DF,Wolfsburg,24-327,1998,22,21,1883,20.9,5,1,6,5,0,0,4,0,2.5,2.5,2.9,5.4,38,97,102,0.24,0.05,0.29,0.24,0.29,0.12,0.14,0.26,0.12,0.26,Matches
a2a85828,Aymen Barkok,ma MAR,MF,Mainz 05,24-284,1998,13,2,325,3.6,0,1,1,0,0,0,0,0,0.4,0.4,0.3,0.7,9,18,16,0.00,0.28,0.28,0.00,0.28,0.12,0.08,0.19,0.12,0.19,Matches
00242b75,Leandro Barreiro Martins,lu LUX,MF,Mainz 05,23-057,2000,20,14,1263,14.0,1,2,3,1,0,0,4,0,1.6,1.5,1.9,3.4,10,37,24,0.07,0.14,0.21,0.07,0.21,0.12,0.14,0.25,0.11,0.25,Matches
e61bdd69,Gil Bastião Dias,pt POR,FW,Stuttgart,26-154,1996,4,3,230,2.6,1,0,1,1,0,0,0,0,0.4,0.4,0.5,1.0,10,8,20,0.39,0.00,0.39,0.39,0.39,0.17,0.20,0.38,0.17,0.38,Matches
44a20f0c,Maximilian Bauer,de GER,DF,Augsburg,23-020,2000,16,12,1041,11.6,0,0,0,0,0,0,6,0,1.6,1.6,0.3,1.9,7,25,2,0.00,0.00,0.00,0.00,0.00,0.14,0.03,0.16,0.14,0.16,Matches
47064058,Oliver Baumann,de GER,GK,Hoffenheim,32-272,1990,22,22,1980,22.0,0,0,0,0,0,0,1,0,0.0,0.0,0.0,0.0,0,1,0,0.00,0.00,0.00,0.00,0.00,0.00,0.00,0.00,0.00,0.00,Matches
bd7d2e6d,Timo Baumgartl,de GER,DF,Union Berlin,26-362,1996,5,5,404,4.5,0,0,0,0,0,0,1,0,0.2,0.2,0.1,0.3,3,21,2,0.00,0.00,0.00,0.00,0.00,0.04,0.01,0.06,0.04,0.06,Matches
69374ff5,Julian Baumgartlinger,at AUT,MF,Augsburg,35-058,1988,9,2,311,3.5,0,0,0,0,0,0,0,0,0.3,0.3,0.0,0.3,1,16,0,0.00,0.00,0.00,0.00,0.00,0.08,0.01,0.09,0.08,0.09,Matches
437f2b00,Christoph Baumgartner,at AUT,"MF,FW",Hoffenheim,23-212,1999,22,22,1752,19.5,5,3,8,5,0,0,4,0,5.2,5.2,3.8,9.0,51,77,108,0.26,0.15,0.41,0.26,0.41,0.27,0.20,0.46,0.27,0.46,Matches
fbbc8e15,Noah Joel Sarenren Bazee,ng NGA,FW,Augsburg,26-192,1996,1,0,9,0.1,0,0,0,0,0,0,0,0,0.0,0.0,0.1,0.1,0,0,0,0.00,0.00,0.00,0.00,0.00,0.00,0.60,0.60,0.00,0.60,Matches
a53b661f,Ihlas Bebou,tg TOG,FW,Hoffenheim,28-312,1994,7,6,437,4.9,2,0,2,2,0,0,0,0,1.5,1.5,0.2,1.7,7,6,31,0.41,0.00,0.41,0.41,0.41,0.30,0.04,0.34,0.30,0.34,Matches
8eb55dbb,Sheraldo Becker,sr SUR,FW,Union Berlin,28-020,1995,22,21,1549,17.2,7,4,11,7,0,0,1,0,2.6,2.6,2.8,5.4,49,24,118,0.41,0.23,0.64,0.41,0.64,0.15,0.16,0.32,0.15,0.32,Matches
30ae134d,Kevin Behrens,de GER,FW,Union Berlin,32-026,1991,22,8,851,9.5,4,1,5,4,0,0,2,0,1.8,1.8,0.6,2.4,4,39,49,0.42,0.11,0.53,0.42,0.53,0.19,0.07,0.25,0.19,0.25,Matches
857a5abe,Stefan Bell,de GER,DF,Mainz 05,31-189,1991,18,14,1320,14.7,0,0,0,0,0,0,6,0,0.5,0.5,0.5,1.0,8,52,6,0.00,0.00,0.00,0.00,0.00,0.04,0.03,0.07,0.04,0.07,Matches
bee0bab1,Karim Bellarabi,de GER,FW,Leverkusen,32-327,1990,6,1,82,0.9,0,0,0,0,0,0,0,0,0.0,0.0,0.0,0.0,3,3,10,0.00,0.00,0.00,0.00,0.00,0.00,0.00,0.00,0.00,0.00,Matches
57d88cf9,Jude Bellingham,eng ENG,MF,Dortmund,19-245,2003,21,20,1805,20.1,4,4,8,4,0,0,6,0,4.8,4.8,2.4,7.2,65,182,90,0.20,0.20,0.40,0.20,0.40,0.24,0.12,0.36,0.24,0.36,Matches
378825c7,Ramy Bensebaini,dz ALG,DF,M'Gladbach,27-319,1995,20,20,1788,19.9,5,0,5,4,1,1,3,0,3.9,3.1,1.5,4.6,30,75,71,0.25,0.00,0.25,0.20,0.20,0.20,0.08,0.27,0.16,0.23,Matches
eb6e14be,Mergim Berisha,de GER,FW,Augsburg,24-294,1998,16,16,1322,14.7,6,4,10,4,2,3,9,1,6.4,4.1,2.6,6.7,17,23,81,0.41,0.27,0.68,0.27,0.54,0.44,0.18,0.62,0.28,0.46,Matches
7aac47fe,Ermin Bičakčić,ba BIH,DF,Hoffenheim,33-036,1990,4,0,158,1.8,0,0,0,0,0,0,0,0,0.1,0.1,0.0,0.1,0,6,2,0.00,0.00,0.00,0.00,0.00,0.07,0.00,0.07,0.07,0.07,Matches
07d3bfec,Tom Bischof,de GER,"MF,FW",Hoffenheim,17-246,2005,7,3,263,2.9,0,0,0,0,0,0,0,0,0.5,0.5,0.7,1.3,7,11,9,0.00,0.00,0.00,0.00,0.00,0.18,0.25,0.43,0.18,0.43,Matches
dc62fbee,Leonardo Bittencourt,de GER,"MF,DF",Werder Bremen,29-072,1993,15,13,950,10.6,2,0,2,2,0,0,5,0,0.7,0.7,0.5,1.2,24,30,58,0.19,0.00,0.19,0.19,0.19,0.07,0.04,0.11,0.07,0.11,Matches
663e080e,Janis Blaswich,de GER,GK,RB Leipzig,31-303,1991,15,15,1350,15.0,0,0,0,0,0,0,0,0,0.0,0.0,0.0,0.0,0,1,0,0.00,0.00,0.00,0.00,0.00,0.00,0.00,0.00,0.00,0.00,Matches
691bef82,Daley Blind,nl NED,"DF,MF",Bayern Munich,32-357,1990,3,1,127,1.4,0,0,0,0,0,0,0,0,0.1,0.1,0.1,0.1,0,10,0,0.00,0.00,0.00,0.00,0.00,0.04,0.04,0.08,0.04,0.08,Matches
f4ec4fd0,Kevin-Prince Boateng,gh GHA,MF,Hertha BSC,35-360,1987,10,1,145,1.6,0,0,0,0,0,0,1,0,0.0,0.0,0.1,0.1,0,9,12,0.00,0.00,0.00,0.00,0.00,0.00,0.08,0.08,0.00,0.08,Matches
635f2732,Jean-Paul Boëtius,nl NED,MF,Hertha BSC,28-344,1994,17,8,818,9.1,0,0,0,0,0,0,2,0,0.5,0.5,0.7,1.2,3,48,20,0.00,0.00,0.00,0.00,0.00,0.06,0.07,0.13,0.06,0.13,Matches
36578017,Yvandro Borges Sanches,lu LUX,"FW,MF",M'Gladbach,18-281,2004,3,0,28,0.3,0,0,0,0,0,0,0,0,0.1,0.1,0.0,0.1,1,0,5,0.00,0.00,0.00,0.00,0.00,0.34,0.00,0.34,0.34,0.34,Matches
01834aa0,Sebastiaan Bornauw,be BEL,DF,Wolfsburg,23-344,1999,16,15,1227,13.6,0,0,0,0,0,0,5,0,0.2,0.2,0.1,0.3,3,44,5,0.00,0.00,0.00,0.00,0.00,0.02,0.01,0.02,0.02,0.02,Matches
c68da769,Rafael Borré,co COL,"FW,MF",Eint Frankfurt,27-167,1995,21,4,553,6.1,2,2,4,1,1,1,2,0,2.1,1.3,1.3,2.6,8,15,44,0.33,0.33,0.65,0.16,0.49,0.35,0.21,0.55,0.22,0.42,Matches
a167537f,Julian Brandt,de GER,"MF,FW",Dortmund,26-303,1996,22,19,1675,18.6,8,4,12,8,0,0,1,0,3.1,3.1,6.5,9.6,45,77,151,0.43,0.21,0.64,0.43,0.64,0.17,0.35,0.52,0.17,0.52,Matches
d28339cb,Fabian Bredlow,de GER,GK,Stuttgart,27-364,1995,3,3,270,3.0,0,0,0,0,0,0,0,0,0.0,0.0,0.0,0.0,0,0,0,0.00,0.00,0.00,0.00,0.00,0.00,0.00,0.00,0.00,0.00,Matches
d4a2533d,Josip Brekalo,hr CRO,"MF,FW",Wolfsburg,24-251,1998,6,3,271,3.0,0,1,1,0,0,0,0,0,0.1,0.1,0.4,0.5,9,13,17,0.00,0.33,0.33,0.00,0.33,0.03,0.14,0.17,0.03,0.17,Matches
e27da244,John Brooks,us USA,DF,Hoffenheim,30-032,1993,4,4,360,4.0,0,0,0,0,0,0,2,0,0.1,0.1,0.0,0.1,1,16,1,0.00,0.00,0.00,0.00,0.00,0.01,0.00,0.01,0.01,0.01,Matches
bbd79358,Moritz Broschinski,de GER,FW,Bochum,22-159,2000,3,0,72,0.8,1,0,1,1,0,0,1,0,0.4,0.4,0.0,0.4,3,0,8,1.25,0.00,1.25,1.25,1.25,0.51,0.00,0.51,0.51,0.51,Matches
f0a37d36,Cédric Brunner,ch SUI,DF,Schalke 04,29-012,1994,18,18,1515,16.8,0,0,0,0,0,0,2,0,0.2,0.2,1.0,1.1,21,54,18,0.00,0.00,0.00,0.00,0.00,0.01,0.06,0.07,0.01,0.07,Matches
4e204552,Jacob Bruun Larsen,dk DEN,FW,Hoffenheim,24-163,1998,11,3,294,3.3,1,0,1,1,0,0,0,0,1.2,1.2,0.3,1.5,9,4,23,0.31,0.00,0.31,0.31,0.31,0.38,0.10,0.47,0.38,0.47,Matches
45e95f21,Lee Buchanan,eng ENG,"DF,FW",Werder Bremen,21-359,2001,14,1,293,3.3,1,0,1,1,0,0,1,0,0.2,0.2,0.5,0.8,6,16,16,0.31,0.00,0.31,0.31,0.31,0.07,0.17,0.24,0.07,0.24,Matches
ab5b7dc1,Marius Bülter,de GER,"FW,MF",Schalke 04,29-337,1993,22,19,1651,18.3,4,0,4,2,2,2,4,0,4.1,2.5,3.2,5.7,47,58,126,0.22,0.00,0.22,0.11,0.11,0.22,0.17,0.40,0.14,0.31,Matches
05e2d5ea,Delano Burgzorg,nl NED,"FW,MF",Mainz 05,24-114,1998,10,0,211,2.3,0,1,1,0,0,0,2,0,0.2,0.2,0.1,0.2,1,3,20,0.00,0.43,0.43,0.00,0.43,0.07,0.02,0.09,0.07,0.09,Matches
05f99a4a,Jonathan Burkardt,de GER,"MF,FW",Mainz 05,22-233,2000,11,7,533,5.9,1,2,3,1,0,1,2,0,3.0,2.2,1.1,3.3,9,14,46,0.17,0.34,0.51,0.17,0.51,0.50,0.18,0.68,0.37,0.55,Matches
f631c17f,Oliver Burke,sct SCO,"FW,MF",Werder Bremen,25-328,1997,15,1,268,3.0,2,0,2,2,0,0,0,0,1.0,1.0,0.3,1.3,11,7,36,0.67,0.00,0.67,0.67,0.67,0.35,0.09,0.44,0.35,0.44,Matches
b4705807,Aurélio Buta,pt POR,DF,Eint Frankfurt,26-019,1997,6,3,323,3.6,2,1,3,2,0,0,1,0,0.2,0.2,0.3,0.5,11,10,14,0.56,0.28,0.84,0.56,0.84,0.05,0.08,0.13,0.05,0.13,Matches
10745192,Jamie Bynoe-Gittens,eng ENG,FW,Dortmund,18-205,2004,11,3,404,4.5,3,1,4,3,0,0,0,0,1.7,1.7,0.7,2.4,17,9,30,0.67,0.22,0.89,0.67,0.89,0.37,0.15,0.53,0.37,0.53,Matches
0118c54c,Anthony Caci,fr FRA,DF,Mainz 05,25-243,1997,19,13,1216,13.5,2,1,3,2,0,0,1,0,0.5,0.5,1.5,2.0,9,54,24,0.15,0.07,0.22,0.15,0.22,0.04,0.11,0.15,0.04,0.15,Matches
d1db4b83,Kerim Calhanoglu,de GER,DF,Schalke 04,20-187,2002,3,0,63,0.7,0,0,0,0,0,0,0,0,0.0,0.0,0.2,0.2,3,3,3,0.00,0.00,0.00,0.00,0.00,0.04,0.23,0.27,0.04,0.27,Matches
d1273f09,Daniel Caligiuri,it ITA,"DF,MF",Augsburg,35-045,1988,12,2,264,2.9,1,0,1,1,0,0,1,0,0.4,0.4,0.4,0.8,7,11,7,0.34,0.00,0.34,0.34,0.34,0.13,0.13,0.26,0.13,0.26,Matches
a65ce836,Emre Can,de GER,MF,Dortmund,29-048,1994,16,9,910,10.1,0,0,0,0,0,0,4,0,0.4,0.4,0.3,0.7,11,40,8,0.00,0.00,0.00,0.00,0.00,0.04,0.03,0.07,0.04,0.07,Matches
bd6351cd,João Cancelo,pt POR,"FW,DF",Bayern Munich,28-278,1994,4,2,224,2.5,0,1,1,0,0,0,0,0,0.2,0.2,0.4,0.6,1,7,21,0.00,0.40,0.40,0.00,0.40,0.08,0.17,0.24,0.08,0.24,Matches
5e080f73,Irvin Cardona,fr FRA,MF,Augsburg,25-205,1997,1,0,53,0.6,0,0,0,0,0,0,1,0,0.0,0.0,0.0,0.0,1,0,1,0.00,0.00,0.00,0.00,0.00,0.03,0.00,0.03,0.03,0.03,Matches
db401046,Koen Casteels,be BEL,GK,Wolfsburg,30-249,1992,22,22,1980,22.0,0,1,1,0,0,0,0,0,0.0,0.0,0.0,0.0,0,1,0,0.00,0.05,0.05,0.00,0.05,0.00,0.00,0.00,0.00,0.00,Matches
ae7058f9,Julian Chabot,de GER,DF,Köln,25-017,1998,9,9,756,8.4,0,1,1,0,0,0,2,0,0.9,0.9,0.6,1.5,2,18,1,0.00,0.12,0.12,0.00,0.12,0.11,0.07,0.18,0.11,0.18,Matches
b3b7f5a6,Timothy Chandler,us USA,DF,Eint Frankfurt,32-337,1990,4,0,79,0.9,0,0,0,0,0,0,0,0,0.0,0.0,0.0,0.0,1,7,5,0.00,0.00,0.00,0.00,0.00,0.00,0.02,0.02,0.00,0.02,Matches
48780156,Fabio Chiarodia,it ITA,DF,Werder Bremen,17-269,2005,2,0,4,0.0,0,0,0,0,0,0,0,0,0.0,0.0,0.0,0.0,0,1,0,0.00,0.00,0.00,0.00,0.00,0.00,0.00,0.00,0.00,0.00,Matches
af104654,Oliver Christensen,dk DEN,GK,Hertha BSC,23-344,1999,22,22,1980,22.0,0,0,0,0,0,0,1,0,0.0,0.0,0.0,0.0,0,1,0,0.00,0.00,0.00,0.00,0.00,0.00,0.00,0.00,0.00,0.00,Matches
c6608135,Darko Churlinov,mk MKD,FW,Stuttgart,22-233,2000,1,0,27,0.3,0,0,0,0,0,0,0,0,0.0,0.0,0.0,0.0,0,0,0,0.00,0.00,0.00,0.00,0.00,0.00,0.00,0.00,0.00,0.00,Matches
6e17c802,Tolga Ciğerci,tr TUR,MF,Hertha BSC,30-343,1992,4,3,295,3.3,0,1,1,0,0,0,1,0,0.1,0.1,0.1,0.2,1,13,1,0.00,0.31,0.31,0.00,0.31,0.03,0.02,0.05,0.03,0.05,Matches
dd5bbe0d,David Čolina,hr CRO,"DF,MF",Augsburg,22-225,2000,3,0,66,0.7,1,0,1,1,0,0,0,0,0.4,0.4,0.0,0.5,0,2,4,1.36,0.00,1.36,1.36,1.36,0.60,0.06,0.65,0.60,0.65,Matches
042e8a49,Kingsley Coman,fr FRA,"FW,MF",Bayern Munich,26-261,1996,15,8,813,9.0,5,4,9,5,0,0,2,1,2.3,2.3,3.1,5.4,60,41,181,0.55,0.44,1.00,0.55,1.00,0.26,0.34,0.60,0.26,0.60,Matches
5ddb8f9f,Danny da Costa,de GER,DF,Mainz 05,29-231,1993,13,8,772,8.6,0,2,2,0,0,0,0,0,0.2,0.2,0.8,1.0,23,40,53,0.00,0.23,0.23,0.00,0.23,0.02,0.10,0.12,0.02,0.12,Matches
05ba9d7c,Tanguy Coulibaly,fr FRA,"FW,DF",Stuttgart,22-011,2001,4,0,98,1.1,1,0,1,1,0,0,0,0,0.1,0.1,0.3,0.4,5,6,13,0.92,0.00,0.92,0.92,0.92,0.10,0.24,0.35,0.10,0.35,Matches
eac044ad,Moanes Dabbur,il ISR,FW,Hoffenheim,30-291,1992,13,4,541,6.0,5,0,5,5,0,0,2,0,2.4,2.4,0.7,3.1,7,26,39,0.83,0.00,0.83,0.83,0.83,0.40,0.11,0.52,0.40,0.52,Matches
dee3013b,Finn Dahmen,de GER,GK,Mainz 05,24-339,1998,6,6,540,6.0,0,0,0,0,0,0,0,0,0.0,0.0,0.0,0.0,0,0,0,0.00,0.00,0.00,0.00,0.00,0.00,0.00,0.00,0.00,0.00,Matches
db4ed67b,Mahmoud Dahoud,de GER,MF,Dortmund,27-059,1996,5,3,198,2.2,0,0,0,0,0,0,0,0,0.1,0.1,0.4,0.5,5,15,2,0.00,0.00,0.00,0.00,0.00,0.05,0.20,0.25,0.05,0.25,Matches
d3d77413,Muhammed Damar,de GER,MF,Hoffenheim,18-326,2004,5,1,143,1.6,0,0,0,0,0,0,0,0,0.1,0.1,0.2,0.3,2,9,7,0.00,0.00,0.00,0.00,0.00,0.07,0.10,0.17,0.07,0.17,Matches
41bff4fa,Márton Dárdai,de GER,DF,Hertha BSC,21-017,2002,9,3,353,3.9,1,0,1,1,0,0,1,0,0.1,0.1,0.1,0.2,2,15,0,0.25,0.00,0.25,0.25,0.25,0.02,0.03,0.05,0.02,0.05,Matches
3eb0f2df,Vladimír Darida,cz CZE,MF,Hertha BSC,32-205,1990,3,0,31,0.3,0,0,0,0,0,0,0,0,0.0,0.0,0.0,0.0,1,0,1,0.00,0.00,0.00,0.00,0.00,0.00,0.00,0.00,0.00,0.00,Matches
d781d855,Alphonso Davies,ca CAN,DF,Bayern Munich,22-119,2000,19,18,1578,17.5,0,4,4,0,0,0,0,0,1.2,1.2,2.7,3.9,92,100,117,0.00,0.23,0.23,0.00,0.23,0.07,0.16,0.22,0.07,0.22,Matches
fe641c1a,Thomas Delaney,dk DEN,MF,Hoffenheim,31-179,1991,3,3,231,2.6,0,0,0,0,0,0,0,0,0.1,0.1,0.0,0.1,0,9,0,0.00,0.00,0.00,0.00,0.00,0.04,0.00,0.04,0.04,0.04,Matches
54b4dc4e,Kerem Demirbay,de GER,MF,Leverkusen,29-241,1993,19,12,1077,12.0,3,3,6,3,0,0,3,0,1.8,1.8,1.9,3.8,18,62,16,0.25,0.25,0.50,0.25,0.50,0.15,0.16,0.31,0.15,0.31,Matches
ed79b7d3,Ermedin Demirović,ba BIH,"MF,FW",Augsburg,24-341,1998,21,21,1667,18.5,7,2,9,6,1,1,5,0,5.8,5.0,2.7,7.7,17,35,92,0.38,0.11,0.49,0.32,0.43,0.31,0.15,0.46,0.27,0.42,Matches
7bf9400b,Sepp van den Berg,nl NED,DF,Schalke 04,21-071,2001,4,4,322,3.6,0,0,0,0,0,0,1,0,0.5,0.5,0.0,0.5,1,5,0,0.00,0.00,0.00,0.00,0.00,0.14,0.00,0.14,0.14,0.14,Matches
aeed5c06,Moussa Diaby,fr FRA,FW,Leverkusen,23-237,1999,21,21,1719,19.1,7,3,10,7,0,1,2,0,7.7,6.9,5.0,11.9,77,63,173,0.37,0.16,0.52,0.37,0.52,0.41,0.26,0.67,0.36,0.62,Matches
fc62f087,Abdou Diallo,sn SEN,"DF,MF",RB Leipzig,26-301,1996,5,5,436,4.8,1,0,1,1,0,0,2,0,0.4,0.4,0.1,0.5,11,22,2,0.21,0.00,0.21,0.21,0.21,0.08,0.02,0.10,0.08,0.10,Matches
d82a310a,Justin Diehl,de GER,"MF,FW",Köln,18-094,2004,2,0,17,0.2,0,0,0,0,0,0,0,0,0.0,0.0,0.0,0.0,0,0,1,0.00,0.00,0.00,0.00,0.00,0.00,0.00,0.00,0.00,0.00,Matches
8779ddf8,Florian Dietz,de GER,FW,Köln,24-210,1998,11,4,395,4.4,1,0,1,1,0,0,1,0,2.5,2.5,0.3,2.8,8,5,22,0.23,0.00,0.23,0.23,0.23,0.57,0.07,0.64,0.57,0.64,Matches
95bb6ddc,Junior Dina Ebimbe,fr FRA,"DF,MF",Eint Frankfurt,22-100,2000,11,8,780,8.7,2,1,3,2,0,0,1,0,1.9,1.9,1.4,3.3,28,28,26,0.23,0.12,0.35,0.23,0.35,0.22,0.16,0.38,0.22,0.38,Matches
4ccd8957,Eren Dinkçi,de GER,"FW,MF",Werder Bremen,21-078,2001,9,0,147,1.6,0,0,0,0,0,0,0,0,0.3,0.3,0.2,0.5,3,4,13,0.00,0.00,0.00,0.00,0.00,0.20,0.13,0.33,0.20,0.33,Matches
d01bbb6f,Ritsu Doan,jp JPN,"FW,MF",Freiburg,24-258,1998,22,20,1584,17.6,2,3,5,2,0,0,2,0,3.9,3.9,2.1,6.0,59,47,124,0.11,0.17,0.28,0.11,0.28,0.22,0.12,0.34,0.22,0.34,Matches
f67c9d29,Danilho Doekhi,nl NED,DF,Union Berlin,24-244,1998,13,13,1164,12.9,4,1,5,4,0,0,0,0,1.3,1.3,0.1,1.4,10,43,13,0.31,0.08,0.39,0.31,0.39,0.10,0.01,0.11,0.10,0.11,Matches
cc83b74d,Kasper Dolberg,dk DEN,"FW,MF",Hoffenheim,25-146,1997,7,3,284,3.2,0,0,0,0,0,0,0,0,0.4,0.4,0.4,0.9,4,4,14,0.00,0.00,0.00,0.00,0.00,0.14,0.14,0.27,0.14,0.27,Matches
7f73bdf4,Niklas Dorsch,de GER,MF,Augsburg,25-045,1998,5,1,142,1.6,0,0,0,0,0,0,1,0,0.0,0.0,0.0,0.0,2,5,0,0.00,0.00,0.00,0.00,0.00,0.00,0.00,0.00,0.00,0.00,Matches
9a2e3a23,Dion Drena Beljo,hr CRO,FW,Augsburg,21-000,2002,6,5,342,3.8,0,0,0,0,0,0,1,0,0.2,0.2,0.2,0.4,3,5,21,0.00,0.00,0.00,0.00,0.00,0.05,0.06,0.11,0.05,0.11,Matches
809940aa,Dominick Drexler,de GER,"MF,FW",Schalke 04,32-279,1990,18,12,1014,11.3,3,3,6,3,0,0,2,1,2.0,2.0,1.7,3.7,11,34,51,0.27,0.27,0.53,0.27,0.53,0.17,0.15,0.33,0.17,0.33,Matches
638a4d71,Marvin Ducksch,de GER,FW,Werder Bremen,28-359,1994,22,22,1832,20.4,5,5,10,5,0,1,1,0,6.1,5.3,3.7,9.0,20,34,146,0.25,0.25,0.49,0.25,0.49,0.30,0.18,0.48,0.26,0.44,Matches
79ca3e23,Ondrej Duda,sk SVK,MF,Köln,28-086,1994,13,9,689,7.7,0,0,0,0,0,0,4,0,0.7,0.7,0.7,1.4,12,40,33,0.00,0.00,0.00,0.00,0.00,0.10,0.09,0.18,0.10,0.18,Matches
beb882a8,Maximilian Eggestein,de GER,MF,Freiburg,26-083,1996,21,17,1573,17.5,0,2,2,0,0,0,4,0,0.4,0.4,0.9,1.4,17,59,26,0.00,0.11,0.11,0.00,0.11,0.02,0.05,0.08,0.02,0.08,Matches
2f7fec15,Lilian Egloff,de GER,"MF,FW",Stuttgart,20-193,2002,10,2,241,2.7,0,0,0,0,0,0,1,0,0.4,0.4,0.4,0.7,8,7,22,0.00,0.00,0.00,0.00,0.00,0.13,0.15,0.28,0.13,0.28,Matches
76b2817e,Kingsley Ehizibue,nl NED,DF,Köln,27-280,1995,1,1,61,0.7,0,0,0,0,0,0,0,0,0.0,0.0,0.0,0.0,1,2,3,0.00,0.00,0.00,0.00,0.00,0.03,0.00,0.03,0.03,0.03,Matches
e7f3e8a7,Chidera Ejuke,ng NGA,"FW,MF",Hertha BSC,25-058,1998,15,9,790,8.8,0,3,3,0,0,0,0,0,1.4,1.4,1.1,2.5,33,36,62,0.00,0.34,0.34,0.00,0.34,0.16,0.13,0.29,0.16,0.29,Matches
48035304,Nico Elvedi,ch SUI,DF,M'Gladbach,26-152,1996,20,20,1755,19.5,3,0,3,3,0,0,0,0,1.8,1.8,0.3,2.1,13,54,4,0.15,0.00,0.15,0.15,0.15,0.09,0.02,0.11,0.09,0.11,Matches
c149016b,Wataru Endo,jp JPN,MF,Stuttgart,30-020,1993,21,21,1842,20.5,3,2,5,3,0,0,0,0,2.4,2.4,2.1,4.5,20,95,48,0.15,0.10,0.24,0.15,0.24,0.12,0.10,0.22,0.12,0.22,Matches
554bcc91,Arne Engels,be BEL,MF,Augsburg,19-174,2003,7,7,601,6.7,0,2,2,0,0,0,3,0,0.2,0.2,1.5,1.7,5,37,8,0.00,0.30,0.30,0.00,0.30,0.02,0.23,0.25,0.02,0.25,Matches
1e43fad8,Ralf Fährmann,de GER,GK,Schalke 04,34-155,1988,5,5,450,5.0,0,0,0,0,0,0,0,0,0.0,0.0,0.0,0.0,0,0,0,0.00,0.00,0.00,0.00,0.00,0.00,0.00,0.00,0.00,0.00,Matches
677da306,Ohis Felix Uduokhai,de GER,DF,Augsburg,25-173,1997,13,10,976,10.8,0,1,1,0,0,0,1,0,0.1,0.1,0.2,0.4,9,36,4,0.00,0.09,0.09,0.00,0.09,0.01,0.02,0.03,0.01,0.03,Matches
3bb625ac,Edimilson Fernandes,ch SUI,DF,Mainz 05,26-320,1996,20,16,1431,15.9,0,2,2,0,0,0,3,0,0.3,0.3,0.7,1.0,9,39,16,0.00,0.13,0.13,0.00,0.13,0.02,0.04,0.06,0.02,0.06,Matches
79f7302a,Kilian Fischer,de GER,DF,Wolfsburg,22-140,2000,4,2,204,2.3,0,0,0,0,0,0,1,0,0.0,0.0,0.0,0.0,2,9,2,0.00,0.00,0.00,0.00,0.00,0.00,0.00,0.00,0.00,0.00,Matches
a92ab7be,Mark Flekken,nl NED,GK,Freiburg,29-261,1993,22,22,1980,22.0,0,0,0,0,0,0,0,0,0.0,0.0,0.1,0.1,0,0,0,0.00,0.00,0.00,0.00,0.00,0.00,0.00,0.00,0.00,0.00,Matches
9642c929,Florian Flick,de GER,MF,Schalke 04,22-304,2000,8,5,512,5.7,0,0,0,0,0,0,1,0,0.1,0.1,0.0,0.1,2,12,2,0.00,0.00,0.00,0.00,0.00,0.01,0.01,0.02,0.01,0.02,Matches
9a2e0ccc,Emil Forsberg,se SWE,"MF,FW",RB Leipzig,31-129,1991,19,9,898,10.0,4,3,7,3,1,1,2,0,2.4,1.6,1.3,2.9,18,43,43,0.40,0.30,0.70,0.30,0.60,0.24,0.13,0.37,0.16,0.29,Matches
76fa965f,Philipp Förster,de GER,MF,Bochum,28-025,1995,18,11,912,10.1,2,5,7,2,0,0,2,0,0.7,0.7,1.9,2.6,15,41,36,0.20,0.49,0.69,0.20,0.69,0.07,0.19,0.25,0.07,0.25,Matches
a9142dc3,Timothy Fosu-Mensah,nl NED,DF,Leverkusen,25-058,1998,7,1,113,1.3,0,0,0,0,0,0,1,0,0.0,0.0,0.0,0.1,3,5,3,0.00,0.00,0.00,0.00,0.00,0.04,0.03,0.07,0.04,0.07,Matches
626fab5f,Raphael Framberger,de GER,"DF,FW",Augsburg,27-176,1995,3,2,176,2.0,0,0,0,0,0,0,0,0,0.0,0.0,0.0,0.0,0,3,3,0.00,0.00,0.00,0.00,0.00,0.00,0.02,0.02,0.00,0.02,Matches
697dc00a,Bartol Franjić,hr CRO,MF,Wolfsburg,23-046,2000,5,3,227,2.5,0,1,1,0,0,0,0,0,0.3,0.3,0.1,0.4,3,4,1,0.00,0.40,0.40,0.00,0.40,0.10,0.04,0.14,0.10,0.14,Matches
33182cb8,Michael Frey,ch SUI,FW,Schalke 04,28-225,1994,7,4,379,4.2,0,2,2,0,0,0,1,0,1.0,1.0,1.0,2.0,4,14,25,0.00,0.47,0.47,0.00,0.47,0.23,0.23,0.47,0.23,0.47,Matches
f86ad3f5,Marco Friedl,at AUT,DF,Werder Bremen,24-350,1998,20,20,1694,18.8,0,0,0,0,0,0,6,1,0.3,0.3,0.5,0.8,8,83,6,0.00,0.00,0.00,0.00,0.00,0.02,0.03,0.04,0.02,0.04,Matches
b77f44a4,Marvin Friedrich,de GER,DF,M'Gladbach,27-078,1995,15,10,964,10.7,1,0,1,1,0,0,1,0,0.6,0.6,0.4,1.0,3,30,4,0.09,0.00,0.09,0.09,0.09,0.06,0.04,0.10,0.06,0.10,Matches
74f2e748,Jeremie Frimpong,nl NED,"DF,MF",Leverkusen,22-081,2000,22,20,1749,19.4,5,4,9,5,0,0,3,0,5.6,5.6,4.5,10.1,110,47,143,0.26,0.21,0.46,0.26,0.46,0.29,0.23,0.52,0.29,0.52,Matches
0cf778df,Chris Führich,de GER,"FW,MF",Stuttgart,25-051,1998,21,15,1339,14.9,4,0,4,3,1,1,2,0,2.8,2.0,2.8,4.8,62,59,87,0.27,0.00,0.27,0.20,0.20,0.19,0.19,0.37,0.13,0.32,Matches
4b96c347,Angelo Fulgini,fr FRA,MF,Mainz 05,26-193,1996,16,5,525,5.8,0,1,1,0,0,0,1,0,0.6,0.6,0.8,1.4,3,29,43,0.00,0.17,0.17,0.00,0.17,0.10,0.13,0.23,0.10,0.23,Matches
4f16405e,Niclas Füllkrug,de GER,FW,Werder Bremen,30-020,1993,21,21,1847,20.5,14,3,17,10,4,4,4,0,10.2,6.8,2.4,9.2,27,67,135,0.68,0.15,0.83,0.49,0.63,0.50,0.12,0.61,0.33,0.45,Matches
f27680d9,Cristian Gamboa,cr CRC,DF,Bochum,33-128,1989,15,15,1272,14.1,0,0,0,0,0,0,2,0,0.1,0.1,0.5,0.6,7,47,17,0.00,0.00,0.00,0.00,0.00,0.01,0.03,0.04,0.01,0.04,Matches
6c731625,Silvère Ganvoula M'Boussy,cg CGO,FW,Bochum,26-252,1996,14,0,222,2.5,0,0,0,0,0,0,1,0,0.5,0.5,0.5,0.9,4,10,17,0.00,0.00,0.00,0.00,0.00,0.19,0.19,0.38,0.19,0.38,Matches
37f606f0,Dennis Geiger,de GER,MF,Hoffenheim,24-264,1998,17,17,1181,13.1,1,2,3,1,0,0,5,0,0.1,0.1,2.0,2.1,17,75,17,0.08,0.15,0.23,0.08,0.23,0.01,0.15,0.16,0.01,0.16,Matches
62ab9184,Yannick Gerhardt,de GER,MF,Wolfsburg,28-353,1994,17,14,1153,12.8,5,1,6,5,0,0,2,0,3.8,3.8,0.8,4.6,7,53,45,0.39,0.08,0.47,0.39,0.47,0.30,0.06,0.36,0.30,0.36,Matches
7242b495,Niko Gießelmann,de GER,DF,Union Berlin,31-156,1991,18,11,1050,11.7,0,2,2,0,0,0,4,0,1.0,1.0,1.5,2.5,12,40,41,0.00,0.17,0.17,0.00,0.17,0.09,0.13,0.22,0.09,0.22,Matches
17376543,Rafał Gikiewicz,pl POL,GK,Augsburg,35-126,1987,18,18,1620,18.0,0,0,0,0,0,0,2,0,0.0,0.0,0.0,0.0,0,0,0,0.00,0.00,0.00,0.00,0.00,0.00,0.00,0.00,0.00,0.00,Matches
f521b80a,Matthias Ginter,de GER,DF,Freiburg,29-041,1994,22,22,1980,22.0,3,1,4,3,0,0,2,0,1.0,1.0,0.6,1.6,19,90,6,0.14,0.05,0.18,0.14,0.18,0.04,0.03,0.07,0.04,0.07,Matches
88e357ef,Serge Gnabry,de GER,"FW,MF",Bayern Munich,27-230,1995,22,14,1177,13.1,9,4,13,8,1,1,0,0,6.6,5.8,3.1,8.9,49,60,141,0.69,0.31,0.99,0.61,0.92,0.50,0.24,0.74,0.44,0.68,Matches
83b9c48f,Jacek Góralski,pl POL,MF,Bochum,30-161,1992,4,2,146,1.6,0,0,0,0,0,0,0,0,0.0,0.0,0.1,0.1,1,3,0,0.00,0.00,0.00,0.00,0.00,0.00,0.04,0.04,0.00,0.04,Matches
cc86b9a3,Leon Goretzka,de GER,MF,Bayern Munich,28-023,1995,17,15,1167,13.0,3,1,4,3,0,0,4,0,3.9,3.9,1.6,5.5,27,75,40,0.23,0.08,0.31,0.23,0.31,0.30,0.13,0.42,0.30,0.42,Matches
9efa1d25,Mario Götze,de GER,MF,Eint Frankfurt,30-271,1992,21,21,1779,19.8,2,1,3,2,0,0,2,0,2.0,2.0,4.2,6.3,34,95,116,0.10,0.05,0.15,0.10,0.15,0.10,0.21,0.32,0.10,0.32,Matches
1025db8e,Jeffrey Gouweleeuw,nl NED,DF,Augsburg,31-234,1991,21,21,1826,20.3,0,1,1,0,0,0,8,0,1.3,1.3,1.9,3.2,14,59,4,0.00,0.05,0.05,0.00,0.05,0.06,0.09,0.16,0.06,0.16,Matches
b8e740fb,Ryan Gravenberch,nl NED,MF,Bayern Munich,20-289,2002,13,1,296,3.3,0,0,0,0,0,0,1,0,0.7,0.7,0.3,1.0,6,19,17,0.00,0.00,0.00,0.00,0.00,0.20,0.10,0.31,0.20,0.31,Matches
8e235926,Michael Gregoritsch,at AUT,FW,Freiburg,28-317,1994,22,21,1613,17.9,8,3,11,8,0,0,4,0,8.7,8.7,2.0,10.7,19,45,92,0.45,0.17,0.61,0.45,0.61,0.49,0.11,0.60,0.49,0.60,Matches
f9dfb7ae,Leo Greiml,at AUT,DF,Schalke 04,21-241,2001,5,2,223,2.5,0,0,0,0,0,0,2,0,0.1,0.1,0.0,0.1,2,7,1,0.00,0.00,0.00,0.00,0.00,0.05,0.00,0.05,0.05,0.05,Matches
54e4866f,Vincenzo Grifo,it ITA,"FW,MF",Freiburg,29-328,1993,21,18,1460,16.2,12,4,16,6,6,7,1,0,7.8,2.2,4.7,6.8,42,92,80,0.74,0.25,0.99,0.37,0.62,0.48,0.29,0.77,0.13,0.42,Matches
37998008,Lennart Grill,de GER,GK,Union Berlin,24-035,1999,4,4,360,4.0,0,0,0,0,0,0,0,0,0.0,0.0,0.0,0.0,0,0,0,0.00,0.00,0.00,0.00,0.00,0.00,0.00,0.00,0.00,0.00,Matches
14a7af33,Christian Groß,de GER,MF,Werder Bremen,34-021,1989,18,16,1287,14.3,1,0,1,1,0,0,1,0,0.1,0.1,0.3,0.4,13,40,10,0.07,0.00,0.07,0.07,0.07,0.01,0.02,0.03,0.01,0.03,Matches
ae9b998d,Brajan Gruda,de GER,MF,Mainz 05,18-274,2004,2,0,4,0.0,0,0,0,0,0,0,0,0,0.0,0.0,0.1,0.1,0,0,0,0.00,0.00,0.00,0.00,0.00,0.00,1.63,1.63,0.00,1.63,Matches
1fc4f3d1,Ilia Gruev,bg BUL,MF,Werder Bremen,22-299,2000,20,12,1059,11.8,0,0,0,0,0,0,1,0,0.1,0.1,0.2,0.3,13,44,10,0.00,0.00,0.00,0.00,0.00,0.01,0.02,0.03,0.01,0.03,Matches
f2dd9a21,Carlos Gruezo,ec ECU,MF,Augsburg,27-316,1995,13,12,961,10.7,0,0,0,0,0,0,5,0,0.0,0.0,0.3,0.3,2,29,5,0.00,0.00,0.00,0.00,0.00,0.00,0.03,0.03,0.00,0.03,Matches
048a1cbc,Raphaël Guerreiro,pt POR,DF,Dortmund,29-069,1993,17,17,1480,16.4,1,6,7,1,0,0,3,0,1.1,1.1,3.4,4.5,43,115,85,0.06,0.36,0.43,0.06,0.43,0.07,0.21,0.28,0.07,0.28,Matches
e6c43eec,Josuha Guilavogui,fr FRA,"MF,DF",Wolfsburg,32-163,1990,13,4,524,5.8,1,0,1,1,0,0,2,0,0.2,0.2,0.4,0.7,1,19,5,0.17,0.00,0.17,0.17,0.17,0.04,0.08,0.12,0.04,0.12,Matches
923f4dda,Sehrou Guirassy,gn GUI,FW,Stuttgart,26-354,1996,13,12,976,10.8,6,0,6,5,1,1,3,1,5.1,4.3,0.8,5.1,15,19,56,0.55,0.00,0.55,0.46,0.46,0.47,0.07,0.55,0.40,0.47,Matches
bcb2ccd8,Péter Gulácsi,hu HUN,GK,RB Leipzig,32-299,1990,6,6,540,6.0,0,0,0,0,0,0,0,0,0.0,0.0,0.0,0.0,0,0,0,0.00,0.00,0.00,0.00,0.00,0.00,0.00,0.00,0.00,0.00,Matches
25ab9c9c,Manuel Gulde,de GER,"DF,FW",Freiburg,32-017,1991,7,2,141,1.6,0,0,0,0,0,0,0,0,0.0,0.0,0.0,0.0,2,5,1,0.00,0.00,0.00,0.00,0.00,0.00,0.00,0.00,0.00,0.00,Matches
1df0c0b9,Robert Gumny,pl POL,DF,Augsburg,24-270,1998,18,16,1461,16.2,1,1,2,1,0,0,4,0,0.5,0.5,0.6,1.1,19,42,42,0.06,0.06,0.12,0.06,0.12,0.03,0.03,0.07,0.03,0.07,Matches
8593f88c,Christian Günter,de GER,"DF,MF",Freiburg,30-001,1993,21,21,1855,20.6,0,3,3,0,0,0,5,0,0.9,0.9,4.2,5.2,33,52,85,0.00,0.15,0.15,0.00,0.15,0.05,0.20,0.25,0.05,0.25,Matches
5ad50391,Joško Gvardiol,hr CRO,DF,RB Leipzig,21-037,2002,20,15,1396,15.5,0,0,0,0,0,0,1,0,0.6,0.6,0.4,1.0,18,80,2,0.00,0.00,0.00,0.00,0.00,0.04,0.02,0.07,0.04,0.07,Matches
70dcf94d,Janik Haberer,de GER,MF,Union Berlin,28-333,1994,20,19,1346,15.0,5,1,6,5,0,0,0,0,2.8,2.8,1.0,3.9,12,39,47,0.33,0.07,0.40,0.33,0.40,0.19,0.07,0.26,0.19,0.26,Matches
a5ec3ede,Alexander Hack,de GER,DF,Mainz 05,29-174,1993,17,14,1123,12.5,0,0,0,0,0,0,2,1,0.1,0.1,0.1,0.2,1,52,0,0.00,0.00,0.00,0.00,0.00,0.01,0.01,0.02,0.01,0.02,Matches
cd82452e,André Hahn,de GER,"FW,MF",Augsburg,32-200,1990,7,4,391,4.3,2,0,2,2,0,0,1,0,0.4,0.4,0.0,0.4,3,8,10,0.46,0.00,0.46,0.46,0.46,0.09,0.01,0.10,0.09,0.10,Matches
92432bc6,Amadou Haidara,ml MLI,MF,RB Leipzig,25-029,1998,20,6,725,8.1,1,1,2,1,0,0,2,0,1.5,1.5,0.8,2.3,3,37,3,0.12,0.12,0.25,0.12,0.25,0.19,0.10,0.28,0.19,0.28,Matches
ba115a40,Sébastien Haller,ci CIV,FW,Dortmund,28-252,1994,7,3,341,3.8,1,1,2,1,0,0,0,0,1.0,1.0,1.3,2.3,6,5,22,0.26,0.26,0.53,0.26,0.53,0.27,0.33,0.60,0.27,0.60,Matches
8ff2354e,Marcel Halstenberg,de GER,DF,RB Leipzig,31-155,1991,19,11,1070,11.9,1,1,2,1,0,0,1,0,0.7,0.7,0.7,1.3,10,43,36,0.08,0.08,0.17,0.08,0.17,0.06,0.06,0.11,0.06,0.11,Matches
2e77d607,Andreas Hanche-Olsen,no NOR,DF,Mainz 05,26-043,1997,6,6,507,5.6,0,1,1,0,0,0,2,0,0.2,0.2,0.0,0.2,1,16,3,0.00,0.18,0.18,0.00,0.18,0.03,0.01,0.04,0.03,0.04,Matches
f24ea523,Genki Haraguchi,jp JPN,MF,Stuttgart,31-296,1991,4,4,336,3.7,0,1,1,0,0,0,0,0,0.2,0.2,0.3,0.5,10,15,12,0.00,0.27,0.27,0.00,0.27,0.06,0.07,0.13,0.06,0.13,Matches
f24ea523,Genki Haraguchi,jp JPN,MF,Union Berlin,31-296,1991,11,6,498,5.5,0,0,0,0,0,0,0,0,0.3,0.3,0.3,0.5,6,17,18,0.00,0.00,0.00,0.00,0.00,0.05,0.05,0.09,0.05,0.09,Matches
9ab16552,Makoto Hasebe,jp JPN,DF,Eint Frankfurt,39-042,1984,8,6,553,6.1,0,0,0,0,0,0,1,0,0.0,0.0,0.4,0.4,0,15,0,0.00,0.00,0.00,0.00,0.00,0.00,0.06,0.06,0.00,0.06,Matches
50871bcc,Thorgan Hazard,be BEL,"FW,DF",Dortmund,29-337,1993,14,2,464,5.2,0,0,0,0,0,0,1,0,1.3,1.3,0.9,2.3,21,28,50,0.00,0.00,0.00,0.00,0.00,0.26,0.18,0.44,0.26,0.44,Matches
c2009df3,Jonas Hector,de GER,DF,Köln,32-278,1990,20,20,1744,19.4,0,1,1,0,0,0,1,0,1.3,1.3,2.7,4.0,38,86,87,0.00,0.05,0.05,0.00,0.05,0.07,0.14,0.20,0.07,0.20,Matches
699fb8db,Dominique Heintz,de GER,DF,Bochum,29-198,1993,4,4,341,3.8,0,0,0,0,0,0,1,0,0.1,0.1,0.0,0.1,0,7,0,0.00,0.00,0.00,0.00,0.00,0.04,0.00,0.04,0.04,0.04,Matches
0a89e877,Benjamin Henrichs,de GER,"DF,MF",RB Leipzig,26-006,1997,19,15,1413,15.7,2,1,3,2,0,0,6,0,0.8,0.8,1.0,1.8,24,64,84,0.13,0.06,0.19,0.13,0.19,0.05,0.06,0.12,0.05,0.12,Matches
c3ee18ef,Lucas Hernández,fr FRA,DF,Bayern Munich,27-015,1996,7,6,476,5.3,0,0,0,0,0,0,1,0,0.0,0.0,0.2,0.2,3,34,4,0.00,0.00,0.00,0.00,0.00,0.00,0.03,0.03,0.00,0.03,Matches
dfb6490a,Patrick Herrmann,de GER,"FW,MF",M'Gladbach,32-017,1991,17,0,148,1.6,1,0,1,1,0,0,2,0,0.4,0.4,0.4,0.8,6,6,12,0.61,0.00,0.61,0.61,0.61,0.21,0.26,0.47,0.21,0.47,Matches
0c7a48f8,Piero Hincapié,ec ECU,DF,Leverkusen,21-051,2002,19,16,1500,16.7,1,0,1,1,0,0,9,2,0.9,0.9,0.7,1.6,28,50,14,0.06,0.00,0.06,0.06,0.06,0.05,0.04,0.09,0.05,0.09,Matches
5521f419,Adam Hložek,cz CZE,"FW,MF",Leverkusen,20-219,2002,20,12,930,10.3,3,3,6,3,0,0,2,0,2.1,2.1,2.5,4.6,17,28,56,0.29,0.29,0.58,0.29,0.58,0.21,0.24,0.45,0.21,0.45,Matches
5d8e331f,Nicolas Höfler,de GER,MF,Freiburg,32-357,1990,21,21,1832,20.4,0,1,1,0,0,0,6,0,1.5,1.5,0.9,2.4,8,68,4,0.00,0.05,0.05,0.00,0.05,0.07,0.05,0.12,0.07,0.12,Matches
2903a856,Jonas Hofmann,de GER,"FW,MF",M'Gladbach,30-230,1992,19,19,1672,18.6,8,7,15,8,0,1,1,0,4.4,3.7,7.0,10.7,42,63,120,0.43,0.38,0.81,0.43,0.81,0.23,0.38,0.61,0.20,0.58,Matches
877bc844,Philipp Hofmann,de GER,FW,Bochum,29-336,1993,22,19,1627,18.1,7,1,8,7,0,0,2,0,4.7,4.7,1.7,6.4,6,40,80,0.39,0.06,0.44,0.39,0.44,0.26,0.10,0.36,0.26,0.36,Matches
ca618d23,Lucas Höler,de GER,"FW,MF",Freiburg,28-234,1994,14,5,548,6.1,3,0,3,3,0,0,0,0,1.5,1.5,0.7,2.2,6,15,46,0.49,0.00,0.49,0.49,0.49,0.24,0.12,0.36,0.24,0.36,Matches
2979c05a,Gerrit Holtmann,ph PHI,FW,Bochum,27-341,1995,17,8,832,9.2,1,1,2,1,0,0,0,0,2.1,2.1,0.8,2.8,34,8,73,0.11,0.11,0.22,0.11,0.22,0.22,0.08,0.31,0.22,0.31,Matches
2b83fa49,Jannes Horn,de GER,"DF,FW",Bochum,26-023,1997,2,1,59,0.7,0,0,0,0,0,0,1,0,0.0,0.0,0.0,0.0,0,0,0,0.00,0.00,0.00,0.00,0.00,0.00,0.00,0.00,0.00,0.00,Matches
ad3389d5,Lukáš Hrádecký,fi FIN,GK,Leverkusen,33-097,1989,21,21,1889,21.0,0,0,0,0,0,0,0,1,0.0,0.0,0.0,0.0,0,0,0,0.00,0.00,0.00,0.00,0.00,0.00,0.00,0.00,0.00,0.00,Matches
94302c52,Timo Hübers,de GER,DF,Köln,26-224,1996,17,16,1479,16.4,1,0,1,1,0,0,5,0,0.6,0.6,0.1,0.7,7,46,0,0.06,0.00,0.06,0.06,0.06,0.04,0.01,0.05,0.04,0.05,Matches
15f3ec41,Callum Hudson-Odoi,eng ENG,"FW,MF",Leverkusen,22-114,2000,13,7,597,6.6,0,1,1,0,0,0,0,0,0.2,0.2,0.8,0.9,29,30,42,0.00,0.15,0.15,0.00,0.15,0.03,0.11,0.14,0.03,0.14,Matches
05d548d8,Mats Hummels,de GER,DF,Dortmund,34-075,1988,18,15,1247,13.9,0,0,0,0,0,0,4,0,1.4,1.4,0.6,2.0,11,64,5,0.00,0.00,0.00,0.00,0.00,0.10,0.04,0.15,0.10,0.15,Matches
b116c6e3,Denis Huseinbasic,de GER,"MF,FW",Köln,21-241,2001,14,7,626,7.0,3,1,4,3,0,0,2,0,2.0,2.0,0.3,2.3,9,25,37,0.43,0.14,0.58,0.43,0.58,0.29,0.04,0.34,0.29,0.34,Matches
054849d2,Iago,br BRA,"DF,MF",Augsburg,25-343,1997,15,14,1165,12.9,0,1,1,0,0,0,4,1,0.4,0.4,0.9,1.3,17,43,39,0.00,0.08,0.08,0.00,0.08,0.03,0.07,0.10,0.03,0.10,Matches
f5c4fd91,Arijon Ibrahimović,de GER,MF,Bayern Munich,17-080,2005,1,0,14,0.2,0,0,0,0,0,0,0,0,0.5,0.5,0.1,0.6,0,0,2,0.00,0.00,0.00,0.00,0.00,3.31,0.37,3.68,3.31,3.68,Matches
271b8617,Marcus Ingvartsen,dk DEN,"FW,MF",Mainz 05,27-056,1996,16,9,750,8.3,8,0,8,4,4,4,1,0,5.6,2.4,0.2,2.6,9,18,60,0.96,0.00,0.96,0.48,0.48,0.66,0.02,0.68,0.29,0.31,Matches
97d545ae,Ko Itakura,jp JPN,DF,M'Gladbach,26-033,1997,13,12,1045,11.6,0,2,2,0,0,0,0,1,0.4,0.4,0.2,0.6,12,30,1,0.00,0.17,0.17,0.00,0.17,0.03,0.02,0.05,0.03,0.05,Matches
204dded0,Hiroki Ito,jp JPN,DF,Stuttgart,23-293,1999,20,19,1661,18.5,0,1,1,0,0,0,4,0,0.5,0.5,1.5,2.1,18,103,12,0.00,0.05,0.05,0.00,0.05,0.03,0.08,0.11,0.03,0.11,Matches
8bf58a80,Andreas Ivan,ro ROU,MF,Schalke 04,28-050,1995,1,0,46,0.5,0,0,0,0,0,0,0,0,0.0,0.0,0.0,0.0,0,2,1,0.00,0.00,0.00,0.00,0.00,0.08,0.00,0.08,0.08,0.08,Matches
34b0387f,Lee Jae-sung,kr KOR,MF,Mainz 05,30-203,1992,22,16,1253,13.9,7,3,10,7,0,0,2,0,2.8,2.8,1.8,4.6,18,49,66,0.50,0.22,0.72,0.50,0.72,0.20,0.13,0.33,0.20,0.33,Matches
a93b6f4e,Paul Jaeckel,de GER,DF,Union Berlin,24-222,1998,12,9,890,9.9,1,0,1,1,0,0,1,0,0.1,0.1,0.0,0.1,5,24,4,0.10,0.00,0.10,0.10,0.10,0.01,0.00,0.01,0.01,0.01,Matches
a8ee54ad,Kristijan Jakić,hr CRO,"DF,MF",Eint Frankfurt,25-291,1997,19,14,1227,13.6,1,0,1,1,0,0,1,0,0.7,0.7,0.7,1.4,13,48,17,0.07,0.00,0.07,0.07,0.07,0.05,0.05,0.10,0.05,0.10,Matches
fa4cabd1,Jan Jakob Olschowsky,de GER,GK,M'Gladbach,21-103,2001,2,2,180,2.0,0,0,0,0,0,0,0,0,0.0,0.0,0.0,0.0,0,0,0,0.00,0.00,0.00,0.00,0.00,0.00,0.00,0.00,0.00,0.00,Matches
689c9cf4,Saidy Janko,gm GAM,DF,Bochum,27-130,1995,13,8,715,7.9,0,0,0,0,0,0,1,0,0.0,0.0,0.1,0.1,17,17,21,0.00,0.00,0.00,0.00,0.00,0.01,0.01,0.01,0.01,0.01,Matches
34b54da7,Tony Jantschke,de GER,"DF,MF",M'Gladbach,32-328,1990,6,1,89,1.0,0,0,0,0,0,0,0,0,0.0,0.0,0.0,0.0,0,1,0,0.00,0.00,0.00,0.00,0.00,0.00,0.00,0.00,0.00,0.00,Matches
3eeb80e0,Fredrik Jensen,fi FIN,"FW,MF",Augsburg,25-173,1997,17,7,789,8.8,2,1,3,2,0,0,1,0,1.6,1.6,1.4,3.0,2,23,44,0.23,0.11,0.34,0.23,0.34,0.18,0.16,0.34,0.18,0.34,Matches
ee644761,Moritz Jenz,de GER,DF,Schalke 04,23-305,1999,5,5,450,5.0,0,0,0,0,0,0,2,0,0.7,0.7,0.0,0.7,1,7,0,0.00,0.00,0.00,0.00,0.00,0.15,0.00,0.15,0.15,0.15,Matches
f36c432f,Stevan Jovetić,me MNE,"FW,MF",Hertha BSC,33-119,1989,9,4,410,4.6,1,2,3,1,0,0,0,0,1.2,1.2,0.8,2.0,6,20,22,0.22,0.44,0.66,0.22,0.66,0.26,0.18,0.44,0.26,0.44,Matches
de838f86,Anthony Jung,de GER,"DF,FW",Werder Bremen,31-118,1991,22,21,1702,18.9,2,4,6,2,0,0,1,0,1.2,1.2,1.2,2.4,17,46,71,0.11,0.21,0.32,0.11,0.32,0.07,0.06,0.13,0.07,0.13,Matches
0a084b35,Josip Juranović,hr CRO,DF,Union Berlin,27-197,1995,2,2,180,2.0,0,1,1,0,0,0,0,0,0.6,0.6,0.1,0.7,4,3,8,0.00,0.50,0.50,0.00,0.50,0.30,0.06,0.35,0.30,0.35,Matches
2d61d13a,Ozan Kabak,tr TUR,DF,Hoffenheim,22-341,2000,20,20,1676,18.6,2,2,4,2,0,0,9,1,1.1,1.1,1.3,2.4,17,56,12,0.11,0.11,0.21,0.11,0.21,0.06,0.07,0.13,0.06,0.13,Matches
79c90e45,Pavel Kadeřábek,cz CZE,DF,Hoffenheim,30-310,1992,18,9,967,10.7,1,0,1,1,0,0,1,0,0.7,0.7,1.0,1.7,21,29,70,0.09,0.00,0.09,0.09,0.09,0.07,0.09,0.16,0.07,0.16,Matches
94c18565,Florian Kainz,at AUT,"FW,MF",Köln,30-128,1992,20,19,1450,16.1,5,6,11,3,2,2,4,1,4.1,2.5,5.5,8.0,47,103,107,0.31,0.37,0.68,0.19,0.56,0.25,0.34,0.59,0.15,0.50,Matches
15f24fe7,Sasa Kalajdzic,at AUT,FW,Stuttgart,25-237,1997,3,3,233,2.6,0,3,3,0,0,0,1,0,0.5,0.5,0.6,1.1,0,4,13,0.00,1.16,1.16,0.00,1.16,0.19,0.24,0.44,0.19,0.44,Matches
091c86e2,Felix Kalu Nmecha,de GER,MF,Wolfsburg,22-142,2000,18,9,947,10.5,2,3,5,2,0,0,3,0,1.9,1.9,1.1,3.0,6,34,34,0.19,0.29,0.48,0.19,0.48,0.18,0.11,0.29,0.18,0.29,Matches
15b287da,Daichi Kamada,jp JPN,"MF,FW",Eint Frankfurt,26-208,1996,20,17,1457,16.2,7,4,11,5,2,2,2,0,5.3,3.7,1.9,5.6,30,87,61,0.43,0.25,0.68,0.31,0.56,0.33,0.12,0.44,0.23,0.35,Matches
202b3b68,Jakub Kamiński,pl POL,"FW,MF",Wolfsburg,20-269,2002,19,14,1165,12.9,1,2,3,1,0,0,0,0,2.2,2.1,1.6,3.7,23,46,91,0.08,0.15,0.23,0.08,0.23,0.17,0.13,0.29,0.16,0.29,Matches
463503e2,Marcin Kamiński,pl POL,DF,Schalke 04,31-045,1992,1,1,90,1.0,0,0,0,0,0,0,0,0,0.0,0.0,0.0,0.0,0,0,0,0.00,0.00,0.00,0.00,0.00,0.00,0.00,0.00,0.00,0.00,Matches
b825a650,Kevin Kampl,si SVN,MF,RB Leipzig,32-143,1990,18,10,798,8.9,0,1,1,0,0,0,5,0,0.1,0.1,0.5,0.6,11,48,6,0.00,0.11,0.11,0.00,0.11,0.02,0.05,0.07,0.02,0.07,Matches
b4c816a9,Wilfried Kanga,ci CIV,FW,Hertha BSC,25-008,1998,17,13,1173,13.0,2,0,2,2,0,0,2,0,3.0,3.0,1.2,4.3,8,10,63,0.15,0.00,0.15,0.15,0.15,0.23,0.09,0.33,0.23,0.33,Matches
8f0f2230,Kenan Karaman,tr TUR,FW,Schalke 04,28-361,1994,12,4,409,4.5,0,0,0,0,0,0,2,0,1.6,1.6,0.1,1.7,5,8,22,0.00,0.00,0.00,0.00,0.00,0.35,0.03,0.38,0.35,0.38,Matches
5762be5c,Atakan Karazor,de GER,MF,Stuttgart,26-139,1996,19,12,1110,12.3,0,1,1,0,0,0,8,0,0.2,0.2,0.5,0.7,5,43,5,0.00,0.08,0.08,0.00,0.08,0.01,0.04,0.06,0.01,0.06,Matches
778ccc44,Thomas Kastanaras,gr GRE,"FW,DF",Stuttgart,20-051,2003,4,1,72,0.8,0,0,0,0,0,0,0,0,0.3,0.3,0.1,0.3,1,2,6,0.00,0.00,0.00,0.00,0.00,0.32,0.08,0.40,0.32,0.40,Matches
de4cac2d,Silas Katompa,cd COD,"FW,DF",Stuttgart,24-146,1998,19,17,1370,15.2,3,2,5,2,1,1,3,0,4.7,3.9,1.2,5.0,53,30,109,0.20,0.13,0.33,0.13,0.26,0.31,0.08,0.38,0.25,0.33,Matches
d2c580ce,Yannik Keitel,de GER,MF,Freiburg,23-014,2000,15,5,438,4.9,0,2,2,0,0,0,3,0,0.0,0.0,0.1,0.1,9,20,12,0.00,0.41,0.41,0.00,0.41,0.00,0.02,0.02,0.00,0.02,Matches
815c314f,Marc-Oliver Kempf,de GER,DF,Hertha BSC,28-032,1995,22,22,1914,21.3,0,0,0,0,0,0,4,0,0.8,0.8,0.2,1.0,7,59,1,0.00,0.00,0.00,0.00,0.00,0.04,0.01,0.05,0.04,0.05,Matches
099e666f,Jonjoe Kenny,eng ENG,DF,Hertha BSC,25-351,1997,19,18,1590,17.7,0,1,1,0,0,0,1,0,0.3,0.3,1.1,1.3,23,73,44,0.00,0.06,0.06,0.00,0.06,0.01,0.06,0.08,0.01,0.08,Matches
59e4b92e,Rani Khedira,de GER,MF,Union Berlin,29-033,1994,21,21,1830,20.3,0,0,0,0,0,0,6,0,0.7,0.7,0.3,1.1,8,46,13,0.00,0.00,0.00,0.00,0.00,0.04,0.02,0.05,0.04,0.05,Matches
610aa1e9,Luca Kilian,de GER,DF,Köln,23-181,1999,13,13,1096,12.2,1,0,1,1,0,0,5,2,1.1,1.1,0.1,1.2,12,48,2,0.08,0.00,0.08,0.08,0.08,0.09,0.01,0.10,0.09,0.10,Matches
49296448,Joshua Kimmich,de GER,MF,Bayern Munich,28-021,1995,21,20,1766,19.6,3,4,7,3,0,0,5,1,1.2,1.2,3.7,4.9,24,203,42,0.15,0.20,0.36,0.15,0.36,0.06,0.19,0.25,0.06,0.25,Matches
ca8033cb,Lukas Klostermann,de GER,DF,RB Leipzig,26-271,1996,6,4,379,4.2,0,0,0,0,0,0,0,0,0.3,0.3,0.0,0.3,1,13,6,0.00,0.00,0.00,0.00,0.00,0.07,0.00,0.07,0.07,0.07,Matches
19a967ab,Ansgar Knauff,de GER,DF,Eint Frankfurt,21-050,2002,17,12,1025,11.4,1,1,2,1,0,0,0,0,0.7,0.7,1.3,2.1,37,29,45,0.09,0.09,0.18,0.09,0.18,0.06,0.12,0.18,0.06,0.18,Matches
6bd5cd5d,Robin Knoche,de GER,DF,Union Berlin,30-283,1992,21,21,1890,21.0,2,0,2,1,1,2,3,0,1.8,0.2,0.1,0.2,7,55,4,0.10,0.00,0.10,0.05,0.05,0.08,0.00,0.09,0.01,0.01,Matches
cd59b9df,Gregor Kobel,ch SUI,GK,Dortmund,25-085,1997,18,18,1620,18.0,0,0,0,0,0,0,0,0,0.0,0.0,0.0,0.0,0,0,0,0.00,0.00,0.00,0.00,0.00,0.00,0.00,0.00,0.00,0.00,Matches
0fbecd11,Dominik Kohr,de GER,MF,Mainz 05,29-029,1994,19,18,1527,17.0,2,0,2,2,0,0,6,0,1.3,1.3,0.5,1.7,6,97,24,0.12,0.00,0.12,0.12,0.12,0.08,0.03,0.10,0.08,0.10,Matches
c0b3669f,Randal Kolo Muani,fr FRA,FW,Eint Frankfurt,24-086,1998,21,20,1689,18.8,10,10,20,9,1,1,3,1,7.7,6.9,3.4,10.4,64,37,151,0.53,0.53,1.07,0.48,1.01,0.41,0.18,0.59,0.37,0.55,Matches
ab096c6f,Timothée Kolodziejczak,fr FRA,DF,Schalke 04,31-151,1991,1,0,25,0.3,0,0,0,0,0,0,0,0,0.0,0.0,0.0,0.0,0,0,0,0.00,0.00,0.00,0.00,0.00,0.00,0.00,0.00,0.00,0.00,Matches
86574238,Kouadio Koné,fr FRA,MF,M'Gladbach,21-288,2001,21,21,1830,20.3,1,1,2,1,0,0,9,0,0.9,0.9,1.0,1.8,36,127,35,0.05,0.05,0.10,0.05,0.10,0.04,0.05,0.09,0.04,0.09,Matches
1f3afdcb,Odilon Kossonou,ci CIV,DF,Leverkusen,22-056,2001,16,9,803,8.9,0,1,1,0,0,0,0,0,0.1,0.1,0.1,0.2,15,37,12,0.00,0.11,0.11,0.00,0.11,0.01,0.02,0.02,0.01,0.02,Matches
b1cd37e6,Filip Kostić,rs SRB,"DF,MF",Eint Frankfurt,30-120,1992,1,1,74,0.8,0,0,0,0,0,0,1,0,0.0,0.0,0.1,0.1,3,4,3,0.00,0.00,0.00,0.00,0.00,0.03,0.08,0.11,0.03,0.11,Matches
dc366c36,Tomáš Koubek,cz CZE,GK,Augsburg,30-187,1992,4,4,360,4.0,0,0,0,0,0,0,0,0,0.0,0.0,0.0,0.0,0,0,0,0.00,0.00,0.00,0.00,0.00,0.00,0.00,0.00,0.00,0.00,Matches
f1e855eb,Soichiro Kozuki,jp JPN,"FW,MF",Schalke 04,22-069,2000,5,5,379,4.2,1,0,1,1,0,0,1,0,1.1,1.1,0.3,1.4,16,10,37,0.24,0.00,0.24,0.24,0.24,0.26,0.08,0.33,0.26,0.33,Matches
e717705a,Alex Král,cz CZE,MF,Schalke 04,24-286,1998,17,14,1277,14.2,0,0,0,0,0,0,2,0,1.0,1.0,0.2,1.3,20,45,22,0.00,0.00,0.00,0.00,0.00,0.07,0.02,0.09,0.07,0.09,Matches
603cb947,Andrej Kramarić,hr CRO,"MF,FW",Hoffenheim,31-255,1991,21,15,1483,16.5,5,3,8,5,0,2,1,0,7.0,5.4,1.3,6.7,27,68,132,0.30,0.18,0.49,0.30,0.49,0.43,0.08,0.50,0.33,0.41,Matches
496aeede,Christoph Kramer,de GER,MF,M'Gladbach,32-010,1991,21,21,1685,18.7,0,0,0,0,0,0,3,0,0.3,0.3,1.7,2.0,23,66,59,0.00,0.00,0.00,0.00,0.00,0.02,0.09,0.11,0.02,0.11,Matches
9f77012e,Tom Krauß,de GER,MF,Schalke 04,21-252,2001,22,22,1791,19.9,1,0,1,1,0,0,3,0,1.5,1.5,0.3,1.8,25,60,32,0.05,0.00,0.05,0.05,0.05,0.07,0.02,0.09,0.07,0.09,Matches
f9446dcd,Max Kruse,de GER,"MF,FW",Wolfsburg,34-347,1988,5,2,272,3.0,0,0,0,0,0,0,0,0,0.7,0.7,0.1,0.9,4,7,30,0.00,0.00,0.00,0.00,0.00,0.25,0.05,0.29,0.25,0.29,Matches
2a29eb9b,Lukas Kübler,de GER,DF,Freiburg,30-183,1992,11,11,958,10.6,2,0,2,2,0,0,0,0,0.8,0.8,0.1,0.9,6,26,39,0.19,0.00,0.19,0.19,0.19,0.08,0.01,0.08,0.08,0.08,Matches
9ceb7642,Pierre Kunde,cm CMR,MF,Bochum,27-218,1995,5,3,282,3.1,1,0,1,1,0,0,0,0,0.3,0.3,0.1,0.4,5,13,2,0.32,0.00,0.32,0.32,0.32,0.10,0.04,0.14,0.10,0.14,Matches
f1bc3876,Alou Kuol,au AUS,FW,Stuttgart,22-155,2000,1,0,5,0.1,0,0,0,0,0,0,0,0,0.0,0.0,0.0,0.0,0,0,0,0.00,0.00,0.00,0.00,0.00,0.00,0.00,0.00,0.00,0.00,Matches
2770726a,Daniel Kyereh,gh GHA,"MF,FW",Freiburg,26-358,1996,12,7,559,6.2,2,0,2,2,0,0,2,0,2.2,2.2,0.3,2.5,5,11,24,0.32,0.00,0.32,0.32,0.32,0.36,0.04,0.40,0.36,0.40,Matches
277c49ed,Maxence Lacroix,fr FRA,DF,Wolfsburg,22-329,2000,17,12,1137,12.6,1,0,1,1,0,0,0,0,0.4,0.4,0.1,0.5,5,47,0,0.08,0.00,0.08,0.08,0.08,0.03,0.01,0.04,0.03,0.04,Matches
22798128,Aïssa Laïdouni,tn TUN,MF,Union Berlin,26-078,1996,4,3,262,2.9,0,0,0,0,0,0,1,0,0.2,0.2,0.2,0.3,5,11,7,0.00,0.00,0.00,0.00,0.00,0.05,0.05,0.11,0.05,0.11,Matches
c1b7847c,Konrad Laimer,at AUT,MF,RB Leipzig,25-278,1997,11,9,780,8.7,1,0,1,1,0,0,5,0,1.2,1.2,1.5,2.7,25,41,33,0.12,0.00,0.12,0.12,0.12,0.14,0.17,0.31,0.14,0.31,Matches
4aea5077,Stefan Lainer,at AUT,DF,M'Gladbach,30-186,1992,10,4,341,3.8,0,0,0,0,0,0,1,0,0.1,0.1,0.2,0.3,11,15,11,0.00,0.00,0.00,0.00,0.00,0.01,0.06,0.07,0.01,0.07,Matches
591477c9,Vassilis Lambropoulos,gr GRE,DF,Bochum,32-335,1990,11,7,612,6.8,0,0,0,0,0,0,2,0,0.4,0.4,0.1,0.6,1,27,0,0.00,0.00,0.00,0.00,0.00,0.07,0.02,0.09,0.07,0.09,Matches
72984eee,Jordan Larsson,se SWE,"FW,MF",Schalke 04,25-254,1997,11,5,463,5.1,0,0,0,0,0,0,0,0,1.2,1.2,0.5,1.7,5,12,29,0.00,0.00,0.00,0.00,0.00,0.24,0.09,0.33,0.24,0.33,Matches
33b554b7,Danny Latza,de GER,MF,Schalke 04,33-084,1989,13,4,460,5.1,0,0,0,0,0,0,1,0,0.6,0.6,0.0,0.7,5,22,8,0.00,0.00,0.00,0.00,0.00,0.13,0.01,0.14,0.12,0.13,Matches
c4987edc,Diogo Leite,pt POR,DF,Union Berlin,24-037,1999,18,18,1548,17.2,0,1,1,0,0,0,2,1,0.5,0.5,0.4,0.9,12,82,10,0.00,0.06,0.06,0.00,0.06,0.03,0.02,0.05,0.03,0.05,Matches
7e12a98d,Maxim Leitsch,de GER,DF,Mainz 05,24-287,1998,9,7,663,7.4,0,0,0,0,0,0,0,0,0.2,0.2,0.0,0.2,5,25,1,0.00,0.00,0.00,0.00,0.00,0.02,0.00,0.03,0.02,0.03,Matches
792ffa71,Tim Lemperle,de GER,FW,Köln,21-024,2002,8,0,101,1.1,0,0,0,0,0,0,0,0,0.1,0.1,1.1,1.1,1,5,11,0.00,0.00,0.00,0.00,0.00,0.07,0.95,1.02,0.07,1.02,Matches
bbd86530,Christopher Lenz,de GER,DF,Eint Frankfurt,28-160,1994,14,5,663,7.4,0,2,2,0,0,0,0,0,0.3,0.3,1.4,1.6,16,28,42,0.00,0.27,0.27,0.00,0.27,0.04,0.19,0.22,0.04,0.22,Matches
13fe7b69,Jamie Leweling,de GER,FW,Union Berlin,22-003,2001,10,0,157,1.7,1,1,2,1,0,0,1,0,0.5,0.5,0.2,0.7,2,2,12,0.57,0.57,1.15,0.57,1.15,0.32,0.10,0.42,0.32,0.42,Matches
302527b2,Philipp Lienhart,at AUT,DF,Freiburg,26-233,1996,22,21,1921,21.3,1,0,1,1,0,0,2,0,1.0,1.0,0.3,1.3,10,65,1,0.05,0.00,0.05,0.05,0.05,0.05,0.01,0.06,0.05,0.06,Matches
d6e53a3a,Matthijs de Ligt,nl NED,DF,Bayern Munich,23-201,1999,19,15,1336,14.8,1,0,1,1,0,0,3,0,0.5,0.5,0.1,0.6,12,78,7,0.07,0.00,0.07,0.07,0.07,0.03,0.01,0.04,0.03,0.04,Matches
37dc1a48,Jesper Lindstrøm,dk DEN,"MF,FW",Eint Frankfurt,23-000,2000,21,19,1447,16.1,7,2,9,7,0,0,2,0,5.7,5.7,2.8,8.5,57,27,118,0.44,0.12,0.56,0.44,0.56,0.36,0.17,0.53,0.36,0.53,Matches
c455a2b2,Dejan Ljubicic,at AUT,MF,Köln,25-144,1997,15,10,903,10.0,3,0,3,3,0,0,1,0,1.6,1.6,1.0,2.6,14,34,42,0.30,0.00,0.30,0.30,0.30,0.16,0.10,0.26,0.16,0.26,Matches
07c7eb0c,Anthony Losilla,fr FRA,MF,Bochum,36-356,1986,21,21,1833,20.4,0,2,2,0,0,0,3,1,0.9,0.9,0.7,1.6,11,66,32,0.00,0.10,0.10,0.00,0.10,0.04,0.03,0.08,0.04,0.08,Matches
0c61c77c,Dodi Lukebakio,be BEL,"FW,MF",Hertha BSC,25-158,1997,21,18,1577,17.5,9,1,10,6,3,3,6,0,5.4,3.0,2.7,5.7,65,25,127,0.51,0.06,0.57,0.34,0.40,0.31,0.15,0.46,0.17,0.33,Matches
8a6ab963,Andrey Lunyov,ru RUS,GK,Leverkusen,31-108,1991,1,1,90,1.0,0,0,0,0,0,0,0,0,0.0,0.0,0.0,0.0,0,0,0,0.00,0.00,0.00,0.00,0.00,0.00,0.00,0.00,0.00,0.00,Matches
ab700320,Arne Maier,de GER,MF,Augsburg,24-052,1999,18,13,1098,12.2,1,0,1,1,0,0,1,0,0.8,0.8,0.9,1.7,18,44,48,0.08,0.00,0.08,0.08,0.08,0.06,0.08,0.14,0.06,0.14,Matches
e5d85da8,Linton Maina,de GER,"FW,MF",Köln,23-251,1999,21,16,1336,14.8,2,5,7,2,0,0,0,0,3.1,3.1,3.9,7.0,47,38,106,0.13,0.34,0.47,0.13,0.47,0.21,0.26,0.47,0.21,0.47,Matches
864163f3,Donyell Malen,nl NED,FW,Dortmund,24-041,1999,15,12,913,10.1,1,1,2,1,0,0,0,0,2.7,2.7,1.8,4.6,43,21,90,0.10,0.10,0.20,0.10,0.20,0.27,0.18,0.45,0.27,0.45,Matches
c691bfe2,Sadio Mané,sn SEN,FW,Bayern Munich,30-325,1992,15,12,932,10.4,6,3,9,5,1,2,1,0,5.9,4.2,2.5,6.7,46,31,126,0.58,0.29,0.87,0.48,0.77,0.57,0.24,0.81,0.41,0.65,Matches
706a60e1,Myziane Maolida,fr FRA,"FW,MF",Hertha BSC,24-015,1999,3,1,95,1.1,0,0,0,0,0,0,0,0,0.0,0.0,0.2,0.2,1,0,9,0.00,0.00,0.00,0.00,0.00,0.00,0.22,0.22,0.00,0.22,Matches
0e0102eb,Omar Marmoush,eg EGY,FW,Wolfsburg,24-022,1999,21,9,922,10.2,3,1,4,3,0,0,2,0,2.3,2.3,0.5,2.8,21,38,91,0.29,0.10,0.39,0.29,0.39,0.22,0.05,0.27,0.22,0.27,Matches
92a16062,Eric Martel,de GER,MF,Köln,20-306,2002,18,13,1155,12.8,0,0,0,0,0,0,3,0,0.6,0.6,0.4,1.0,8,34,20,0.00,0.00,0.00,0.00,0.00,0.04,0.03,0.08,0.04,0.08,Matches
2f3e911a,Aarón Martín,es ESP,DF,Mainz 05,25-313,1997,19,17,1444,16.0,3,3,6,3,0,1,1,0,2.0,1.2,2.4,3.6,21,71,53,0.19,0.19,0.37,0.19,0.37,0.12,0.15,0.27,0.07,0.22,Matches
a396fb61,Erhan Mašović,rs SRB,DF,Bochum,24-099,1998,17,11,1129,12.5,2,0,2,2,0,0,1,0,1.2,1.2,0.5,1.6,2,37,2,0.16,0.00,0.16,0.16,0.16,0.09,0.04,0.13,0.09,0.13,Matches
ab3f1bdf,Henning Matriciani,de GER,DF,Schalke 04,22-352,2000,11,11,966,10.7,0,0,0,0,0,0,0,0,0.1,0.1,0.1,0.2,7,18,0,0.00,0.00,0.00,0.00,0.00,0.01,0.01,0.02,0.01,0.02,Matches
00963611,Konstantinos Mavropanos,gr GRE,DF,Stuttgart,25-080,1997,19,18,1598,17.8,2,1,3,2,0,0,6,0,3.0,3.0,1.0,4.0,19,77,10,0.11,0.06,0.17,0.11,0.17,0.17,0.05,0.22,0.17,0.22,Matches
826e8b63,Philipp Max,de GER,DF,Eint Frankfurt,29-152,1993,4,4,289,3.2,0,0,0,0,0,0,1,0,0.2,0.2,0.4,0.6,4,10,22,0.00,0.00,0.00,0.00,0.00,0.06,0.13,0.20,0.06,0.20,Matches
0e6bc38c,Eric Maxim Choupo-Moting,cm CMR,FW,Bayern Munich,33-343,1989,16,12,962,10.7,9,2,11,9,0,1,0,0,5.1,4.3,1.7,6.0,8,37,70,0.84,0.19,1.03,0.84,1.03,0.48,0.16,0.64,0.40,0.56,Matches
b74277a0,Noussair Mazraoui,ma MAR,DF,Bayern Munich,25-107,1997,11,6,556,6.2,0,3,3,0,0,0,0,0,0.3,0.3,0.8,1.1,13,42,24,0.00,0.49,0.49,0.00,0.49,0.05,0.12,0.18,0.05,0.18,Matches
e162b013,Thomas Meunier,be BEL,DF,Dortmund,31-170,1991,9,7,566,6.3,0,0,0,0,0,0,2,0,0.2,0.2,0.6,0.7,9,30,43,0.00,0.00,0.00,0.00,0.00,0.03,0.09,0.12,0.03,0.12,Matches
b56dd813,Alexander Meyer,de GER,GK,Dortmund,31-322,1991,4,4,360,4.0,0,0,0,0,0,0,0,0,0.0,0.0,0.0,0.0,0,0,0,0.00,0.00,0.00,0.00,0.00,0.00,0.00,0.00,0.00,0.00,Matches
1e274a0a,Sven Michel,de GER,FW,Union Berlin,32-229,1990,14,1,321,3.6,3,0,3,2,1,1,2,0,1.0,0.3,0.7,1.0,5,6,36,0.84,0.00,0.84,0.56,0.56,0.29,0.21,0.50,0.07,0.28,Matches
f76022e7,Enzo Millot,fr FRA,MF,Stuttgart,20-227,2002,12,3,365,4.1,0,0,0,0,0,0,3,0,0.7,0.7,0.4,1.0,10,14,19,0.00,0.00,0.00,0.00,0.00,0.17,0.09,0.25,0.17,0.25,Matches
88d4144a,Maximilian Mittelstädt,de GER,DF,Hertha BSC,25-348,1997,12,4,553,6.1,0,0,0,0,0,0,2,0,0.1,0.1,0.7,0.8,19,24,21,0.00,0.00,0.00,0.00,0.00,0.02,0.11,0.13,0.02,0.13,Matches
34e4343c,Anthony Modeste,fr FRA,FW,Dortmund,34-321,1988,14,7,750,8.3,2,1,3,2,0,0,4,0,4.3,4.3,1.1,5.4,3,7,32,0.24,0.12,0.36,0.24,0.36,0.51,0.13,0.64,0.51,0.64,Matches
9ec9c8b6,Tobias Mohr,de GER,"DF,MF",Schalke 04,27-189,1995,12,8,706,7.8,0,2,2,0,0,0,0,0,0.4,0.4,0.8,1.2,14,24,21,0.00,0.25,0.25,0.00,0.25,0.05,0.11,0.16,0.05,0.16,Matches
29ddfb9c,Clinton Mola,eng ENG,DF,Stuttgart,21-351,2001,1,0,15,0.2,0,0,0,0,0,0,1,0,0.0,0.0,0.0,0.0,0,0,0,0.00,0.00,0.00,0.00,0.00,0.00,0.00,0.00,0.00,0.00,Matches
7e82a78f,Florent Mollet,fr FRA,MF,Schalke 04,31-102,1991,9,4,410,4.6,1,0,1,1,0,0,1,0,0.4,0.4,0.4,0.7,6,14,24,0.22,0.00,0.22,0.22,0.22,0.08,0.08,0.16,0.08,0.16,Matches
6ce43701,Youssoufa Moukoko,de GER,FW,Dortmund,18-101,2004,18,11,949,10.5,6,3,9,6,0,0,0,0,5.3,5.3,0.9,6.3,6,10,49,0.57,0.28,0.85,0.57,0.85,0.51,0.09,0.59,0.51,0.59,Matches
cbac6ec9,Florian Müller,de GER,GK,Stuttgart,25-108,1997,19,19,1710,19.0,0,0,0,0,0,0,0,0,0.0,0.0,0.1,0.1,0,2,0,0.00,0.00,0.00,0.00,0.00,0.00,0.00,0.00,0.00,0.00,Matches
3c6089ab,Thomas Müller,de GER,"FW,MF",Bayern Munich,33-169,1989,15,12,913,10.1,4,6,10,4,0,0,0,0,5.2,5.2,4.3,9.5,21,55,107,0.39,0.59,0.99,0.39,0.99,0.51,0.43,0.94,0.51,0.94,Matches
2c0558b8,Jamal Musiala,de GER,"MF,FW",Bayern Munich,20-003,2003,21,18,1495,16.6,11,7,18,11,0,0,1,0,6.4,6.4,4.7,11.1,49,77,136,0.66,0.42,1.08,0.66,1.08,0.39,0.28,0.67,0.39,0.67,Matches
9ff8ec4a,Suliman Mustapha,at AUT,"FW,MF",Mainz 05,21-281,2001,5,0,68,0.8,0,0,0,0,0,0,1,0,0.1,0.1,0.0,0.1,5,2,7,0.00,0.00,0.00,0.00,0.00,0.19,0.00,0.19,0.19,0.19,Matches
441197b8,Obite N'Dicka,fr FRA,DF,Eint Frankfurt,23-193,1999,21,21,1882,20.9,0,0,0,0,0,0,3,0,1.0,1.0,0.0,1.0,10,55,3,0.00,0.00,0.00,0.00,0.00,0.05,0.00,0.05,0.05,0.05,Matches
e110ea4b,Nathan N'Goumou,fr FRA,FW,M'Gladbach,22-352,2000,12,3,328,3.6,0,0,0,0,0,0,0,0,0.1,0.1,0.2,0.2,10,6,28,0.00,0.00,0.00,0.00,0.00,0.02,0.05,0.07,0.02,0.07,Matches
61590953,Stanley N'Soki,fr FRA,DF,Hoffenheim,23-326,1999,14,12,1092,12.1,1,0,1,1,0,0,1,0,0.5,0.5,0.3,0.8,13,58,11,0.08,0.00,0.08,0.08,0.08,0.04,0.02,0.07,0.04,0.07,Matches
30261ba1,Nikolas Nartey,dk DEN,"DF,MF",Stuttgart,23-007,2000,6,4,370,4.1,0,0,0,0,0,0,1,0,0.3,0.3,0.2,0.5,6,16,17,0.00,0.00,0.00,0.00,0.00,0.07,0.06,0.13,0.07,0.13,Matches
e79269bd,Luca Netz,de GER,"DF,FW",M'Gladbach,19-290,2003,9,2,233,2.6,0,2,2,0,0,0,0,0,0.0,0.0,0.9,0.9,5,3,11,0.00,0.77,0.77,0.00,0.77,0.00,0.36,0.36,0.00,0.36,Matches
8778c910,Manuel Neuer,de GER,GK,Bayern Munich,36-339,1986,12,12,1080,12.0,0,0,0,0,0,0,0,0,0.2,0.2,0.0,0.2,0,1,0,0.00,0.00,0.00,0.00,0.00,0.02,0.00,0.02,0.02,0.02,Matches
36a59ba4,Florian Neuhaus,de GER,MF,M'Gladbach,25-350,1997,12,6,582,6.5,0,0,0,0,0,0,0,0,0.6,0.6,1.7,2.3,8,33,22,0.00,0.00,0.00,0.00,0.00,0.09,0.26,0.35,0.09,0.35,Matches
bc249af8,Jessic Ngankam,de GER,"FW,MF",Hertha BSC,22-224,2000,7,3,323,3.6,1,0,1,1,0,0,0,0,1.6,1.6,0.2,1.8,3,3,17,0.28,0.00,0.28,0.28,0.28,0.45,0.04,0.50,0.45,0.50,Matches
d6862409,Florian Niederlechner,de GER,"FW,MF",Augsburg,32-128,1990,14,10,910,10.1,4,1,5,4,0,0,1,0,2.9,2.9,0.4,3.3,1,18,51,0.40,0.10,0.49,0.40,0.49,0.28,0.04,0.33,0.28,0.33,Matches
d6862409,Florian Niederlechner,de GER,FW,Hertha BSC,32-128,1990,5,4,313,3.5,0,0,0,0,0,0,1,0,1.0,1.0,0.1,1.1,5,6,13,0.00,0.00,0.00,0.00,0.00,0.28,0.03,0.31,0.28,0.31,Matches
a45241d5,Justin Njinmah,de GER,FW,Dortmund,22-106,2000,1,0,22,0.2,0,0,0,0,0,0,0,0,0.0,0.0,0.0,0.0,1,0,4,0.00,0.00,0.00,0.00,0.00,0.00,0.00,0.00,0.00,0.00,Matches
7c56da38,Christopher Nkunku,fr FRA,"FW,MF",RB Leipzig,25-107,1997,17,14,1335,14.8,12,1,13,10,2,3,1,0,9.3,6.9,2.5,9.5,32,59,111,0.81,0.07,0.88,0.67,0.74,0.63,0.17,0.80,0.47,0.64,Matches
0cc5f4a5,Lukas Nmecha,de GER,FW,Wolfsburg,24-077,1998,14,10,866,9.6,4,0,4,4,0,0,3,0,3.0,3.0,0.3,3.3,15,15,67,0.42,0.00,0.42,0.42,0.42,0.31,0.03,0.34,0.31,0.34,Matches
5458f670,Hugo Novoa,es ESP,"DF,FW",RB Leipzig,20-059,2003,7,2,184,2.0,1,0,1,1,0,0,0,0,0.9,0.9,0.0,0.9,5,4,20,0.49,0.00,0.49,0.49,0.49,0.43,0.02,0.45,0.43,0.45,Matches
bdedffac,Ørjan Nyland,no NOR,GK,RB Leipzig,32-172,1990,1,1,90,1.0,0,0,0,0,0,0,0,0,0.0,0.0,0.0,0.0,0,0,0,0.00,0.00,0.00,0.00,0.00,0.00,0.00,0.00,0.00,0.00,Matches
57ec75bf,Tim Oermann,de GER,DF,Bochum,19-146,2003,4,2,194,2.2,0,0,0,0,0,0,0,0,0.0,0.0,0.0,0.0,0,0,0,0.00,0.00,0.00,0.00,0.00,0.00,0.00,0.00,0.00,0.00,Matches
dd2e62da,Finn Ole Becker,de GER,MF,Hoffenheim,22-266,2000,2,0,19,0.2,0,0,0,0,0,0,0,0,0.0,0.0,0.1,0.1,1,1,1,0.00,0.00,0.00,0.00,0.00,0.00,0.47,0.47,0.00,0.47,Matches
86adbcc7,Mathias Olesen,lu LUX,MF,Köln,21-345,2001,9,5,329,3.7,0,0,0,0,0,0,0,0,0.0,0.0,0.1,0.1,0,7,6,0.00,0.00,0.00,0.00,0.00,0.00,0.03,0.03,0.00,0.03,Matches
ae44e8e2,Dani Olmo,es ESP,"MF,FW",RB Leipzig,24-298,1998,13,10,747,8.3,2,4,6,2,0,0,0,0,1.6,1.6,2.6,4.2,17,42,50,0.24,0.48,0.72,0.24,0.72,0.19,0.32,0.51,0.19,0.51,Matches
c631f952,Jonas Omlin,ch SUI,GK,M'Gladbach,29-050,1994,7,7,570,6.3,0,0,0,0,0,0,0,0,0.0,0.0,0.1,0.1,0,0,0,0.00,0.00,0.00,0.00,0.00,0.00,0.01,0.01,0.00,0.01,Matches
f26834c7,Karim Onisiwo,at AUT,"FW,MF",Mainz 05,30-349,1992,21,21,1831,20.3,8,1,9,8,0,0,3,0,5.2,5.2,2.3,7.4,56,36,170,0.39,0.05,0.44,0.39,0.44,0.25,0.11,0.37,0.25,0.37,Matches
20030c06,Willi Orban,hu HUN,DF,RB Leipzig,30-118,1992,21,21,1890,21.0,3,0,3,3,0,0,2,0,2.6,2.6,0.2,2.7,9,85,4,0.14,0.00,0.14,0.14,0.14,0.12,0.01,0.13,0.12,0.13,Matches
86c75897,Ivan Ordets,ua UKR,DF,Bochum,30-236,1992,19,17,1486,16.5,0,0,0,0,0,0,3,0,0.4,0.4,0.3,0.6,1,34,8,0.00,0.00,0.00,0.00,0.00,0.02,0.02,0.04,0.02,0.04,Matches
0a16eb36,Jordi Osei-Tutu,eng ENG,"DF,FW",Bochum,24-150,1998,17,6,633,7.0,0,0,0,0,0,0,3,0,0.7,0.7,0.2,0.8,20,16,37,0.00,0.00,0.00,0.00,0.00,0.09,0.02,0.12,0.09,0.12,Matches
9662c9ec,Patrick Osterhage,de GER,"MF,FW",Bochum,23-028,2000,14,3,389,4.3,0,0,0,0,0,0,0,0,0.0,0.0,0.2,0.2,4,10,8,0.00,0.00,0.00,0.00,0.00,0.01,0.04,0.05,0.01,0.05,Matches
1cbe4984,Paulo Otávio,br BRA,DF,Wolfsburg,28-098,1994,19,19,1558,17.3,0,5,5,0,0,0,6,0,0.5,0.5,1.9,2.5,30,77,56,0.00,0.29,0.29,0.00,0.29,0.03,0.11,0.14,0.03,0.14,Matches
36d9dabe,Thomas Ouwejan,nl NED,DF,Schalke 04,26-152,1996,12,9,807,9.0,0,1,1,0,0,0,1,0,0.1,0.1,1.2,1.3,14,40,19,0.00,0.11,0.11,0.00,0.11,0.02,0.13,0.15,0.02,0.15,Matches
8b6e0db2,Reece Oxford,eng ENG,DF,Augsburg,24-075,1998,3,1,94,1.0,0,0,0,0,0,0,0,0,0.0,0.0,0.1,0.1,0,4,0,0.00,0.00,0.00,0.00,0.00,0.00,0.06,0.06,0.00,0.06,Matches
15413fa5,Salih Özcan,tr TUR,MF,Dortmund,25-049,1998,18,15,1259,14.0,0,1,1,0,0,0,5,0,0.2,0.2,0.4,0.6,5,61,18,0.00,0.07,0.07,0.00,0.07,0.01,0.03,0.04,0.01,0.04,Matches
66385c46,Levin Öztunalı,de GER,MF,Union Berlin,26-351,1996,2,0,9,0.1,0,1,1,0,0,0,0,0,0.0,0.0,0.2,0.2,1,1,0,0.00,10.00,10.00,0.00,10.00,0.00,1.91,1.91,0.00,1.91,Matches
e82adcab,Exequiel Palacios,ar ARG,MF,Leverkusen,24-147,1998,16,11,925,10.3,1,1,2,1,0,0,1,0,0.4,0.4,0.9,1.3,7,60,19,0.10,0.10,0.19,0.10,0.19,0.04,0.09,0.13,0.04,0.13,Matches
5dc15574,Miloš Pantović,rs SRB,MF,Union Berlin,26-237,1996,8,0,176,2.0,1,0,1,1,0,1,1,0,1.4,0.6,0.0,0.6,1,4,3,0.51,0.00,0.51,0.51,0.51,0.70,0.00,0.70,0.30,0.30,Matches
13d23b29,Antonios Papadopoulos,de GER,DF,Dortmund,23-172,1999,1,0,13,0.1,0,0,0,0,0,0,0,0,0.0,0.0,0.0,0.0,1,1,0,0.00,0.00,0.00,0.00,0.00,0.10,0.00,0.10,0.10,0.10,Matches
5c50fdbc,Kevin Paredes,us USA,"FW,MF",Wolfsburg,19-298,2003,13,1,296,3.3,1,1,2,1,0,0,1,0,0.1,0.1,1.1,1.2,11,14,18,0.30,0.30,0.61,0.30,0.61,0.04,0.33,0.37,0.04,0.37,Matches
1866b0f1,Marco Pašalić,hr CRO,MF,Dortmund,22-168,2000,1,0,11,0.1,0,0,0,0,0,0,0,0,0.0,0.0,0.0,0.0,2,3,2,0.00,0.00,0.00,0.00,0.00,0.40,0.00,0.40,0.40,0.40,Matches
5c899683,Felix Passlack,de GER,DF,Dortmund,24-276,1998,2,0,49,0.5,0,0,0,0,0,0,0,0,0.0,0.0,0.0,0.0,1,4,3,0.00,0.00,0.00,0.00,0.00,0.00,0.04,0.04,0.00,0.04,Matches
53070b63,Paulinho,br BRA,FW,Leverkusen,22-229,2000,4,1,82,0.9,1,0,1,1,0,0,0,0,0.5,0.5,0.0,0.5,3,4,8,1.10,0.00,1.10,1.10,1.10,0.58,0.00,0.58,0.58,0.58,Matches
45a03961,Benjamin Pavard,fr FRA,DF,Bayern Munich,26-338,1996,19,17,1557,17.3,1,1,2,1,0,0,3,0,1.0,1.0,2.2,3.2,26,124,55,0.06,0.06,0.12,0.06,0.12,0.06,0.13,0.18,0.06,0.18,Matches
0a1cb833,Jiří Pavlenka,cz CZE,GK,Werder Bremen,30-321,1992,22,22,1918,21.3,0,0,0,0,0,0,0,0,0.0,0.0,0.0,0.0,0,0,0,0.00,0.00,0.00,0.00,0.00,0.00,0.00,0.00,0.00,0.00,Matches
5154b2ba,Kristian Pedersen,dk DEN,DF,Köln,28-209,1994,5,3,267,3.0,0,0,0,0,0,0,1,0,0.1,0.1,0.1,0.2,6,10,2,0.00,0.00,0.00,0.00,0.00,0.03,0.02,0.06,0.03,0.06,Matches
582a5247,Mads Pedersen,dk DEN,"DF,MF",Augsburg,26-181,1996,17,11,1059,11.8,0,0,0,0,0,0,2,0,0.0,0.0,0.4,0.4,18,25,35,0.00,0.00,0.00,0.00,0.00,0.00,0.03,0.03,0.00,0.03,Matches
b684a484,Jordan Pefok,us USA,FW,Union Berlin,26-309,1996,20,14,1071,11.9,4,4,8,4,0,2,2,0,3.5,2.0,1.1,3.1,4,21,43,0.34,0.34,0.67,0.34,0.67,0.30,0.09,0.39,0.17,0.26,Matches
c18d22f5,Peter Pekarík,sk SVK,DF,Hertha BSC,36-122,1986,3,1,88,1.0,0,0,0,0,0,0,0,0,0.0,0.0,0.0,0.0,1,3,1,0.00,0.00,0.00,0.00,0.00,0.00,0.00,0.00,0.00,0.00,Matches
3b61c9ec,Luca Pellegrini,it ITA,DF,Eint Frankfurt,23-359,1999,9,7,557,6.2,0,0,0,0,0,0,1,0,0.6,0.6,0.8,1.4,19,22,28,0.00,0.00,0.00,0.00,0.00,0.09,0.14,0.23,0.09,0.23,Matches
a2b1ed42,Ricardo Pepi,us USA,FW,Augsburg,20-051,2003,4,1,95,1.1,0,0,0,0,0,0,0,0,0.1,0.1,0.1,0.2,2,1,4,0.00,0.00,0.00,0.00,0.00,0.09,0.06,0.14,0.09,0.14,Matches
ff3d391c,Juan Perea,co COL,FW,Stuttgart,23-006,2000,12,1,256,2.8,0,0,0,0,0,0,0,0,0.0,0.0,0.6,0.6,8,4,23,0.00,0.00,0.00,0.00,0.00,0.00,0.23,0.23,0.00,0.23,Matches
f93e6e94,Nils Petersen,de GER,FW,Freiburg,34-085,1988,18,0,205,2.3,0,0,0,0,0,0,0,0,0.5,0.5,0.0,0.5,1,2,10,0.00,0.00,0.00,0.00,0.00,0.21,0.01,0.22,0.21,0.22,Matches
f503ef6e,Lukas Petkov,de GER,"MF,FW",Augsburg,22-120,2000,7,0,146,1.6,0,0,0,0,0,0,1,0,0.0,0.0,0.0,0.0,1,2,2,0.00,0.00,0.00,0.00,0.00,0.02,0.00,0.02,0.02,0.02,Matches
83e1f40e,Luca Pfeiffer,de GER,FW,Stuttgart,26-193,1996,16,6,664,7.4,0,0,0,0,0,0,1,1,1.6,1.6,1.0,2.6,8,19,38,0.00,0.00,0.00,0.00,0.00,0.22,0.14,0.35,0.22,0.35,Matches
061e8e23,Maximilian Philipp,de GER,FW,Wolfsburg,29-000,1994,3,1,116,1.3,0,0,0,0,0,0,0,0,0.1,0.1,0.0,0.1,3,1,6,0.00,0.00,0.00,0.00,0.00,0.05,0.03,0.08,0.05,0.08,Matches
061e8e23,Maximilian Philipp,de GER,MF,Werder Bremen,29-000,1994,3,0,45,0.5,0,0,0,0,0,0,0,0,0.0,0.0,0.0,0.0,1,2,3,0.00,0.00,0.00,0.00,0.00,0.05,0.00,0.05,0.05,0.05,Matches
526ea7cc,Amos Pieper,de GER,DF,Werder Bremen,25-043,1998,21,18,1574,17.5,1,1,2,1,0,0,8,0,0.6,0.6,0.2,0.8,12,60,2,0.06,0.06,0.11,0.06,0.11,0.03,0.01,0.04,0.03,0.04,Matches
f7aa75bd,Marvin Plattenhardt,de GER,DF,Hertha BSC,31-034,1992,19,18,1491,16.6,0,2,2,0,0,0,2,0,0.2,0.2,2.8,2.9,17,63,36,0.00,0.12,0.12,0.00,0.12,0.01,0.17,0.18,0.01,0.18,Matches
bc6bd723,Alassane Pléa,fr FRA,FW,M'Gladbach,29-356,1993,18,14,1218,13.5,2,8,10,1,1,1,4,0,2.8,2.0,3.0,5.0,27,70,118,0.15,0.59,0.74,0.07,0.67,0.21,0.22,0.42,0.15,0.37,Matches
ea003d07,Joel Pohjanpalo,fi FIN,"FW,MF",Leverkusen,28-169,1994,1,0,4,0.0,0,0,0,0,0,0,0,0,0.0,0.0,0.0,0.0,0,0,0,0.00,0.00,0.00,0.00,0.00,0.00,0.00,0.00,0.00,0.00,Matches
3745e8bd,Sebastian Polter,de GER,"FW,MF",Schalke 04,31-334,1991,14,4,465,5.2,1,2,3,1,0,0,2,0,0.5,0.5,0.4,0.9,2,6,29,0.19,0.39,0.58,0.19,0.58,0.10,0.07,0.17,0.10,0.17,Matches
7f609bfc,Stefan Posch,at AUT,DF,Hoffenheim,25-291,1997,1,1,18,0.2,0,0,0,0,0,0,2,1,0.0,0.0,0.0,0.0,0,0,0,0.00,0.00,0.00,0.00,0.00,0.00,0.00,0.00,0.00,0.00,Matches
d2416c2e,Yussuf Poulsen,dk DEN,FW,RB Leipzig,28-259,1994,13,2,253,2.8,1,0,1,1,0,0,1,0,0.7,0.7,0.7,1.4,2,4,24,0.36,0.00,0.36,0.36,0.36,0.23,0.26,0.50,0.23,0.50,Matches
924f9191,Grischa Prömel,de GER,MF,Hoffenheim,28-051,1995,13,13,1071,11.9,1,1,2,1,0,0,3,0,2.4,2.4,1.1,3.5,14,27,33,0.08,0.08,0.17,0.08,0.17,0.20,0.09,0.29,0.20,0.29,Matches
c68b1b13,Tymoteusz Puchacz,pl POL,DF,Union Berlin,24-037,1999,1,1,58,0.6,0,0,0,0,0,0,0,0,0.0,0.0,0.0,0.0,0,2,9,0.00,0.00,0.00,0.00,0.00,0.00,0.01,0.01,0.00,0.01,Matches
3c200e05,Joshua Quarshie,de GER,MF,Hoffenheim,18-218,2004,1,0,1,0.0,0,0,0,0,0,0,0,0,0.0,0.0,0.0,0.0,0,0,0,0.00,0.00,0.00,0.00,0.00,0.00,0.00,0.00,0.00,0.00,Matches
b90c4a43,Diant Ramaj,de GER,GK,Eint Frankfurt,21-163,2001,1,1,90,1.0,0,0,0,0,0,0,0,0,0.0,0.0,0.0,0.0,0,0,0,0.00,0.00,0.00,0.00,0.00,0.00,0.00,0.00,0.00,0.00,Matches
c8b3a472,Nicolai Rapp,de GER,"MF,DF",Werder Bremen,26-078,1996,7,0,71,0.8,0,0,0,0,0,0,0,0,0.1,0.1,0.0,0.1,1,5,0,0.00,0.00,0.00,0.00,0.00,0.10,0.00,0.10,0.10,0.10,Matches
7d450ed3,David Raum,de GER,"DF,FW",RB Leipzig,24-313,1998,20,15,1270,14.1,0,1,1,0,0,0,3,0,0.4,0.4,2.9,3.3,32,45,93,0.00,0.07,0.07,0.00,0.07,0.03,0.21,0.24,0.03,0.24,Matches
cc971106,Rocco Reitz,de GER,MF,M'Gladbach,20-276,2002,1,0,3,0.0,0,0,0,0,0,0,0,0,0.0,0.0,0.0,0.0,0,0,0,0.00,0.00,0.00,0.00,0.00,0.00,0.00,0.00,0.00,0.00,Matches
36a3ff67,Marco Reus,de GER,MF,Dortmund,33-274,1989,14,11,953,10.6,3,4,7,3,0,0,2,0,2.8,2.8,1.8,4.6,26,26,48,0.28,0.38,0.66,0.28,0.66,0.26,0.17,0.43,0.26,0.43,Matches
1ae836b1,Elvis Rexhbeçaj,de GER,MF,Augsburg,25-120,1997,20,20,1678,18.6,0,0,0,0,0,0,5,0,0.2,0.2,0.6,0.8,12,68,16,0.00,0.00,0.00,0.00,0.00,0.01,0.03,0.04,0.01,0.04,Matches
7fa4e703,Gio Reyna,us USA,"FW,MF",Dortmund,20-108,2002,14,4,503,5.6,5,0,5,4,1,1,1,0,2.9,2.1,1.0,3.1,18,20,44,0.89,0.00,0.89,0.72,0.72,0.52,0.17,0.69,0.38,0.55,Matches
f972644c,Marco Richter,de GER,"MF,FW",Hertha BSC,25-097,1997,19,12,1111,12.3,4,3,7,4,0,0,4,0,2.4,2.4,1.7,4.1,22,43,61,0.32,0.24,0.57,0.32,0.57,0.19,0.14,0.33,0.19,0.33,Matches
9f941969,Manuel Riemann,de GER,GK,Bochum,34-173,1988,22,22,1980,22.0,0,0,0,0,0,0,1,0,0.0,0.0,0.1,0.1,0,15,0,0.00,0.00,0.00,0.00,0.00,0.00,0.00,0.00,0.00,0.00,Matches
e12b0b5b,Sebastian Rode,de GER,MF,Eint Frankfurt,32-141,1990,18,10,798,8.9,3,1,4,3,0,0,3,0,0.6,0.6,0.7,1.3,15,54,23,0.34,0.11,0.45,0.34,0.45,0.06,0.08,0.15,0.06,0.15,Matches
ea42c03f,Agustín Rogel,uy URU,DF,Hertha BSC,25-135,1997,12,10,923,10.3,0,1,1,0,0,0,6,0,0.6,0.6,0.1,0.6,1,16,2,0.00,0.10,0.10,0.00,0.10,0.06,0.01,0.06,0.06,0.06,Matches
90c1f9a4,Tom Rothe,de GER,DF,Dortmund,18-123,2004,1,0,14,0.2,0,0,0,0,0,0,0,0,0.0,0.0,0.0,0.0,0,0,2,0.00,0.00,0.00,0.00,0.00,0.00,0.00,0.00,0.00,0.00,Matches
13203c45,Jérôme Roussillon,fr FRA,"MF,DF",Wolfsburg,30-054,1993,4,0,22,0.2,0,0,0,0,0,0,0,0,0.0,0.0,0.0,0.0,0,0,2,0.00,0.00,0.00,0.00,0.00,0.00,0.08,0.08,0.00,0.08,Matches
13203c45,Jérôme Roussillon,fr FRA,DF,Union Berlin,30-054,1993,6,3,236,2.6,0,0,0,0,0,0,0,0,0.1,0.1,0.0,0.1,4,7,13,0.00,0.00,0.00,0.00,0.00,0.05,0.00,0.05,0.05,0.05,Matches
80f36c88,Sebastian Rudy,de GER,MF,Hoffenheim,33-001,1990,14,4,496,5.5,0,1,1,0,0,0,1,0,0.1,0.1,0.4,0.5,5,26,4,0.00,0.18,0.18,0.00,0.18,0.02,0.07,0.09,0.02,0.09,Matches
c64c01fc,Georginio Rutter,fr FRA,FW,Hoffenheim,20-315,2002,15,11,1009,11.2,2,2,4,2,0,0,2,0,3.0,3.0,2.3,5.4,32,25,75,0.18,0.18,0.36,0.18,0.36,0.27,0.21,0.48,0.27,0.48,Matches
009a4f60,Julian Ryerson,no NOR,DF,Union Berlin,25-104,1997,13,12,1037,11.5,0,0,0,0,0,0,2,0,0.7,0.7,0.5,1.2,19,32,32,0.00,0.00,0.00,0.00,0.00,0.06,0.04,0.10,0.06,0.10,Matches
009a4f60,Julian Ryerson,no NOR,DF,Dortmund,25-104,1997,5,5,448,5.0,1,0,1,1,0,0,2,0,0.2,0.2,0.7,0.9,19,22,21,0.20,0.00,0.20,0.20,0.20,0.04,0.15,0.18,0.04,0.18,Matches
a70b8345,Frederik Rønnow,dk DEN,GK,Union Berlin,30-209,1992,18,18,1620,18.0,0,0,0,0,0,0,1,0,0.0,0.0,0.0,0.0,0,0,0,0.00,0.00,0.00,0.00,0.00,0.00,0.00,0.00,0.00,0.00,Matches
e280527c,Marcel Sabitzer,at AUT,MF,Bayern Munich,28-349,1994,15,7,628,7.0,1,1,2,1,0,0,2,0,1.1,1.1,0.4,1.4,7,52,19,0.14,0.14,0.29,0.14,0.29,0.15,0.05,0.20,0.15,0.20,Matches
e1830c52,Dikeni Salifou,tg TOG,MF,Werder Bremen,19-266,2003,1,0,1,0.0,0,0,0,0,0,0,0,0,0.0,0.0,0.0,0.0,0,0,0,0.00,0.00,0.00,0.00,0.00,0.00,0.00,0.00,0.00,0.00,Matches
bf075f6b,Roland Sallai,hu HUN,"MF,FW",Freiburg,25-283,1997,12,6,555,6.2,0,0,0,0,0,0,4,0,1.8,1.8,0.5,2.2,13,11,38,0.00,0.00,0.00,0.00,0.00,0.29,0.07,0.36,0.29,0.36,Matches
08593525,Diadie Samassékou,ml MLI,"MF,FW",Hoffenheim,27-049,1996,2,1,34,0.4,0,0,0,0,0,0,1,0,0.0,0.0,0.0,0.0,0,1,1,0.00,0.00,0.00,0.00,0.00,0.00,0.00,0.00,0.00,0.00,Matches
2b114be3,Leroy Sané,de GER,"MF,FW",Bayern Munich,27-049,1996,20,13,1281,14.2,6,3,9,6,0,0,4,0,4.6,4.6,2.7,7.3,47,87,118,0.42,0.21,0.63,0.42,0.63,0.32,0.19,0.51,0.32,0.51,Matches
6a52a6c6,Sidi Sané,de GER,FW,Schalke 04,19-314,2003,1,0,25,0.3,0,0,0,0,0,0,0,0,0.0,0.0,0.0,0.0,0,0,0,0.00,0.00,0.00,0.00,0.00,0.00,0.00,0.00,0.00,0.00,Matches
236f02cd,Joe Scally,us USA,DF,M'Gladbach,20-060,2002,20,18,1614,17.9,0,0,0,0,0,0,1,0,0.5,0.5,1.0,1.5,17,42,48,0.00,0.00,0.00,0.00,0.00,0.03,0.05,0.08,0.03,0.08,Matches
52afb588,Kevin Schade,de GER,"FW,MF",Freiburg,21-094,2001,8,1,182,2.0,1,0,1,1,0,0,0,0,0.2,0.2,0.0,0.2,7,3,20,0.49,0.00,0.49,0.49,0.49,0.12,0.00,0.12,0.12,0.12,Matches
049751d7,András Schäfer,hu HUN,MF,Union Berlin,23-322,1999,13,9,754,8.4,0,0,0,0,0,0,0,0,0.4,0.4,0.2,0.6,14,22,17,0.00,0.00,0.00,0.00,0.00,0.05,0.02,0.07,0.05,0.07,Matches
93cba339,Derry Scherhant,de GER,FW,Hertha BSC,20-111,2002,7,1,187,2.1,1,0,1,1,0,0,0,0,0.2,0.2,0.1,0.3,3,1,10,0.48,0.00,0.48,0.48,0.48,0.10,0.05,0.15,0.10,0.15,Matches
5d4f7d61,Patrik Schick,cz CZE,FW,Leverkusen,27-036,1996,13,10,919,10.2,3,0,3,3,0,0,0,0,4.8,4.8,0.5,5.3,9,11,63,0.29,0.00,0.29,0.29,0.29,0.47,0.05,0.52,0.47,0.52,Matches
bd527260,Kingsley Schindler,de GER,"DF,MF",Köln,29-232,1993,19,4,695,7.7,0,0,0,0,0,0,3,0,0.0,0.0,0.3,0.3,9,32,38,0.00,0.00,0.00,0.00,0.00,0.00,0.05,0.05,0.00,0.05,Matches
8f056768,Xaver Schlager,at AUT,MF,RB Leipzig,25-154,1997,18,15,1376,15.3,1,1,2,1,0,0,2,0,0.3,0.3,0.7,1.0,20,62,11,0.07,0.07,0.13,0.07,0.13,0.02,0.04,0.06,0.02,0.06,Matches
f6bdc830,Keven Schlotterbeck,de GER,DF,Freiburg,25-307,1997,2,0,14,0.2,0,0,0,0,0,0,0,0,0.0,0.0,0.0,0.0,0,0,0,0.00,0.00,0.00,0.00,0.00,0.00,0.00,0.00,0.00,0.00,Matches
f6bdc830,Keven Schlotterbeck,de GER,DF,Bochum,25-307,1997,6,5,467,5.2,1,0,1,1,0,0,3,0,0.9,0.9,0.3,1.2,1,13,1,0.19,0.00,0.19,0.19,0.19,0.17,0.06,0.24,0.17,0.24,Matches
34e12499,Nico Schlotterbeck,de GER,DF,Dortmund,23-090,1999,22,22,1914,21.3,3,4,7,3,0,0,3,0,1.5,1.5,1.2,2.7,34,140,11,0.14,0.19,0.33,0.14,0.33,0.07,0.06,0.13,0.07,0.13,Matches
220ace7e,Romano Schmid,at AUT,MF,Werder Bremen,23-033,2000,17,11,1041,11.6,0,2,2,0,0,0,1,0,0.4,0.4,0.9,1.3,20,53,50,0.00,0.17,0.17,0.00,0.17,0.04,0.08,0.11,0.04,0.11,Matches
b9ae8560,Niklas Schmidt,de GER,MF,Werder Bremen,25-000,1998,14,6,668,7.4,2,0,2,2,0,0,1,0,1.1,1.1,0.6,1.6,17,32,30,0.27,0.00,0.27,0.27,0.27,0.14,0.08,0.22,0.14,0.22,Matches
ad00b1a8,Benno Schmitz,de GER,DF,Köln,28-104,1994,20,19,1546,17.2,1,0,1,1,0,0,3,0,0.2,0.2,1.8,2.0,23,81,86,0.06,0.00,0.06,0.06,0.06,0.01,0.10,0.11,0.01,0.11,Matches
87436846,Marvin Schwäbe,de GER,GK,Köln,27-310,1995,22,22,1980,22.0,0,0,0,0,0,0,0,0,0.0,0.0,0.0,0.0,0,0,0,0.00,0.00,0.00,0.00,0.00,0.00,0.00,0.00,0.00,0.00,Matches
0d55d942,Alexander Schwolow,de GER,GK,Schalke 04,30-272,1992,17,17,1530,17.0,0,0,0,0,0,0,1,0,0.1,0.1,0.1,0.2,0,0,0,0.00,0.00,0.00,0.00,0.00,0.00,0.00,0.01,0.00,0.01,Matches
8872ed17,Paul Seguin,de GER,MF,Union Berlin,27-337,1995,15,3,493,5.5,1,3,4,1,0,0,4,0,1.0,1.0,2.0,3.0,9,32,23,0.18,0.55,0.73,0.18,0.73,0.18,0.36,0.54,0.18,0.54,Matches
1238a3f9,Davie Selke,de GER,FW,Hertha BSC,28-040,1995,13,3,282,3.1,1,1,2,0,1,1,1,0,1.2,0.4,0.9,1.3,3,5,22,0.32,0.32,0.64,0.00,0.32,0.39,0.28,0.66,0.14,0.41,Matches
1238a3f9,Davie Selke,de GER,FW,Köln,28-040,1995,6,2,229,2.5,0,0,0,0,0,0,0,0,0.7,0.7,0.0,0.7,3,1,9,0.00,0.00,0.00,0.00,0.00,0.26,0.01,0.27,0.26,0.27,Matches
b3325a30,Suat Serdar,de GER,MF,Hertha BSC,25-324,1997,21,19,1466,16.3,4,1,5,4,0,0,4,0,1.8,1.8,0.8,2.6,25,60,35,0.25,0.06,0.31,0.25,0.31,0.11,0.05,0.16,0.11,0.16,Matches
313254a3,Kiliann Sildillia,fr FRA,"DF,MF",Freiburg,20-289,2002,19,18,1535,17.1,0,2,2,0,0,0,4,1,0.7,0.7,0.6,1.3,16,60,38,0.00,0.12,0.12,0.00,0.12,0.04,0.04,0.07,0.04,0.07,Matches
3effaa34,André Silva,pt POR,FW,RB Leipzig,27-115,1995,22,15,1288,14.3,4,3,7,4,0,0,1,0,7.5,7.5,2.2,9.6,28,30,111,0.28,0.21,0.49,0.28,0.49,0.52,0.15,0.67,0.52,0.67,Matches
fcb27134,Mohamed Simakan,fr FRA,DF,RB Leipzig,22-302,2000,13,11,825,9.2,1,1,2,1,0,0,0,0,1.0,1.0,0.3,1.3,8,52,35,0.11,0.11,0.22,0.11,0.22,0.11,0.03,0.14,0.11,0.14,Matches
7ec723b7,Eduardo Simões,pt POR,DF,Hoffenheim,20-364,2002,4,1,88,1.0,0,0,0,0,0,0,0,0,0.0,0.0,0.0,0.0,4,10,0,0.00,0.00,0.00,0.00,0.00,0.00,0.00,0.00,0.00,0.00,Matches
73000a79,Daley Sinkgraven,nl NED,"DF,MF",Leverkusen,27-240,1995,8,4,312,3.5,0,1,1,0,0,0,1,0,0.1,0.1,0.9,1.0,7,9,15,0.00,0.29,0.29,0.00,0.29,0.04,0.25,0.29,0.04,0.29,Matches
0d8a37c2,Tobias Sippel,de GER,GK,M'Gladbach,34-344,1988,4,3,330,3.7,0,0,0,0,0,0,1,0,0.0,0.0,0.0,0.0,0,0,0,0.00,0.00,0.00,0.00,0.00,0.00,0.00,0.00,0.00,0.00,Matches
c6cf860f,Hugo Siquet,be BEL,DF,Freiburg,20-235,2002,2,0,17,0.2,0,0,0,0,0,0,0,0,0.0,0.0,0.0,0.0,0,0,0,0.00,0.00,0.00,0.00,0.00,0.00,0.00,0.00,0.00,0.00,Matches
65857fdf,Tim Skarke,de GER,"DF,MF",Union Berlin,26-175,1996,3,0,53,0.6,0,0,0,0,0,0,1,0,0.2,0.2,0.0,0.2,3,0,10,0.00,0.00,0.00,0.00,0.00,0.39,0.02,0.41,0.39,0.41,Matches
65857fdf,Tim Skarke,de GER,"FW,MF",Schalke 04,26-175,1996,3,3,212,2.4,0,0,0,0,0,0,0,0,0.2,0.2,0.4,0.6,1,7,12,0.00,0.00,0.00,0.00,0.00,0.09,0.16,0.26,0.09,0.26,Matches
c2211709,Ellyes Skhiri,tn TUN,MF,Köln,27-295,1995,21,21,1866,20.7,5,1,6,5,0,0,4,0,3.3,3.3,1.1,4.5,35,107,29,0.24,0.05,0.29,0.24,0.29,0.16,0.05,0.21,0.16,0.21,Matches
ff98492b,Robert Skov,dk DEN,DF,Hoffenheim,26-285,1996,16,14,1051,11.7,3,2,5,1,2,2,1,0,3.2,1.6,1.6,3.2,36,41,82,0.26,0.17,0.43,0.09,0.26,0.27,0.13,0.41,0.14,0.27,Matches
c967f6b8,Hrvoje Smolčić,hr CRO,DF,Eint Frankfurt,22-196,2000,8,3,381,4.2,0,0,0,0,0,0,0,0,0.1,0.1,0.0,0.1,0,15,1,0.00,0.00,0.00,0.00,0.00,0.03,0.00,0.03,0.03,0.03,Matches
c05f2f8c,Danilo Soares,br BRA,DF,Bochum,31-123,1991,15,15,1175,13.1,0,0,0,0,0,0,4,0,0.0,0.0,0.2,0.3,10,58,12,0.00,0.00,0.00,0.00,0.00,0.00,0.02,0.02,0.00,0.02,Matches
4f627629,Nikola Soldo,hr CRO,DF,Köln,22-035,2001,7,6,593,6.6,0,0,0,0,0,0,1,0,0.6,0.6,0.0,0.7,3,15,0,0.00,0.00,0.00,0.00,0.00,0.10,0.00,0.10,0.10,0.10,Matches
420c18a1,Yann Sommer,ch SUI,GK,Bayern Munich,34-074,1988,7,7,630,7.0,0,0,0,0,0,0,1,0,0.0,0.0,0.0,0.0,0,1,0,0.00,0.00,0.00,0.00,0.00,0.00,0.00,0.00,0.00,0.00,Matches
420c18a1,Yann Sommer,ch SUI,GK,M'Gladbach,34-074,1988,10,10,900,10.0,0,0,0,0,0,0,0,0,0.0,0.0,0.0,0.0,0,0,0,0.00,0.00,0.00,0.00,0.00,0.00,0.00,0.00,0.00,0.00,Matches
af0d79a9,Borna Sosa,hr CRO,"DF,MF",Stuttgart,25-039,1998,16,13,1167,13.0,2,6,8,2,0,0,5,0,0.7,0.7,4.1,4.8,36,70,91,0.15,0.46,0.62,0.15,0.62,0.06,0.32,0.37,0.06,0.37,Matches
4c6facae,Djibril Sow,ch SUI,MF,Eint Frankfurt,26-023,1997,22,20,1780,19.8,3,0,3,3,0,0,5,0,1.1,1.1,0.8,1.9,21,121,20,0.15,0.00,0.15,0.15,0.15,0.06,0.04,0.10,0.06,0.10,Matches
0f59a7bf,Anton Stach,de GER,MF,Mainz 05,24-106,1998,19,14,1295,14.4,1,3,4,1,0,0,4,0,1.5,1.5,2.2,3.7,26,74,43,0.07,0.21,0.28,0.07,0.28,0.10,0.16,0.26,0.10,0.26,Matches
861e0116,Kostas Stafylidis,gr GRE,"DF,MF",Bochum,29-089,1993,12,6,642,7.1,0,2,2,0,0,0,2,0,0.2,0.2,0.3,0.5,9,24,10,0.00,0.28,0.28,0.00,0.28,0.03,0.04,0.08,0.03,0.08,Matches
1fffae99,Jens Stage,dk DEN,MF,Werder Bremen,26-113,1996,21,11,989,11.0,1,1,2,1,0,0,1,0,0.8,0.8,0.7,1.5,13,32,26,0.09,0.09,0.18,0.09,0.18,0.07,0.06,0.13,0.07,0.13,Matches
7ed08d5c,Josip Stanišić,hr CRO,DF,Bayern Munich,22-333,2000,9,2,345,3.8,0,0,0,0,0,0,0,0,0.0,0.0,0.0,0.0,10,43,25,0.00,0.00,0.00,0.00,0.00,0.00,0.01,0.01,0.00,0.01,Matches
aad48be9,Niklas Stark,de GER,DF,Werder Bremen,27-321,1995,16,12,1135,12.6,0,0,0,0,0,0,5,0,0.1,0.1,0.3,0.4,7,46,3,0.00,0.00,0.00,0.00,0.00,0.01,0.03,0.03,0.01,0.03,Matches
99f7e9aa,Pascal Stenzel,de GER,DF,Stuttgart,26-346,1996,11,3,328,3.6,0,1,1,0,0,0,0,0,0.0,0.0,0.6,0.6,4,12,5,0.00,0.27,0.27,0.00,0.27,0.01,0.16,0.17,0.01,0.17,Matches
3b1ed320,Angelo Stiller,de GER,MF,Hoffenheim,21-331,2001,14,3,431,4.8,0,1,1,0,0,0,0,0,0.1,0.1,0.5,0.6,4,20,12,0.00,0.21,0.21,0.00,0.21,0.02,0.10,0.12,0.02,0.12,Matches
7cd6badb,Lars Stindl,de GER,"FW,MF",M'Gladbach,34-187,1988,17,13,1107,12.3,5,6,11,5,0,0,6,0,2.5,2.5,3.7,6.2,13,44,52,0.41,0.49,0.89,0.41,0.89,0.20,0.30,0.50,0.20,0.50,Matches
e5649a78,Kevin Stöger,at AUT,MF,Bochum,29-186,1993,21,19,1703,18.9,1,1,2,1,0,0,1,0,1.6,1.6,3.9,5.5,26,133,65,0.05,0.05,0.11,0.05,0.11,0.09,0.21,0.29,0.09,0.29,Matches
e33c06cf,Niklas Süle,de GER,DF,Dortmund,27-179,1995,19,14,1242,13.8,1,2,3,1,0,0,1,0,1.1,1.1,1.3,2.4,17,81,49,0.07,0.14,0.22,0.07,0.22,0.08,0.09,0.17,0.08,0.17,Matches
e18098de,Ivan Šunjić,hr CRO,MF,Hertha BSC,26-143,1996,16,12,959,10.7,0,0,0,0,0,0,4,0,0.6,0.6,0.2,0.8,6,30,6,0.00,0.00,0.00,0.00,0.00,0.06,0.01,0.07,0.06,0.07,Matches
92d83c27,Mattias Svanberg,se SWE,MF,Wolfsburg,24-055,1999,21,12,1118,12.4,2,4,6,2,0,0,4,0,1.8,1.8,2.9,4.7,12,48,43,0.16,0.32,0.48,0.16,0.48,0.15,0.24,0.38,0.15,0.38,Matches
934e1968,Dominik Szoboszlai,hu HUN,"MF,FW",RB Leipzig,22-127,2000,20,18,1533,17.0,4,8,12,4,0,0,1,1,1.9,1.9,6.3,8.2,45,91,79,0.23,0.47,0.70,0.23,0.70,0.11,0.37,0.48,0.11,0.48,Matches
e92cd3f7,Alexander Sørloth,no NOR,FW,RB Leipzig,27-086,1995,1,0,6,0.1,0,0,0,0,0,0,1,0,0.0,0.0,0.0,0.0,0,0,1,0.00,0.00,0.00,0.00,0.00,0.00,0.00,0.00,0.00,0.00,Matches
bd142efb,Jonathan Tah,de GER,DF,Leverkusen,27-018,1996,21,18,1583,17.6,1,0,1,1,0,0,5,0,1.0,1.0,0.4,1.4,3,34,4,0.06,0.00,0.06,0.06,0.06,0.05,0.03,0.08,0.05,0.08,Matches
a73c8f95,Edmond Tapsoba,bf BFA,DF,Leverkusen,24-027,1999,22,22,1942,21.6,1,0,1,0,1,2,3,0,2.2,0.6,0.9,1.5,23,103,3,0.05,0.00,0.05,0.00,0.00,0.10,0.04,0.14,0.03,0.07,Matches
27270af4,Niklas Tauer,de GER,"DF,MF",Mainz 05,22-012,2001,3,0,93,1.0,0,0,0,0,0,0,0,0,0.1,0.1,0.0,0.1,1,6,4,0.00,0.00,0.00,0.00,0.00,0.07,0.00,0.07,0.07,0.07,Matches
829aa60c,Mathys Tel,fr FRA,FW,Bayern Munich,17-308,2005,14,1,285,3.2,4,0,4,4,0,0,2,0,1.5,1.5,0.4,1.9,9,8,36,1.26,0.00,1.26,1.26,1.26,0.46,0.14,0.60,0.46,0.60,Matches
0b45a8d7,Semir Telalovic,de GER,MF,M'Gladbach,23-068,1999,1,0,5,0.1,0,0,0,0,0,0,0,0,0.0,0.0,0.0,0.0,0,0,0,0.00,0.00,0.00,0.00,0.00,0.00,0.00,0.00,0.00,0.00,Matches
863ff1ee,Simon Terodde,de GER,FW,Schalke 04,34-364,1988,22,16,1312,14.6,3,0,3,3,0,1,4,0,4.4,3.6,1.2,4.8,2,14,57,0.21,0.00,0.21,0.21,0.21,0.30,0.08,0.39,0.25,0.33,Matches
ff5ea0bf,Malick Thiaw,de GER,DF,Schalke 04,21-205,2001,3,3,270,3.0,0,0,0,0,0,0,2,0,0.2,0.2,0.0,0.2,1,3,0,0.00,0.00,0.00,0.00,0.00,0.08,0.00,0.08,0.08,0.08,Matches
fd53759d,Jan Thielmann,de GER,FW,Köln,20-279,2002,14,5,558,6.2,1,1,2,1,0,0,2,0,0.5,0.5,0.1,0.6,13,6,30,0.16,0.16,0.32,0.16,0.32,0.09,0.02,0.10,0.09,0.10,Matches
d1b49282,Morten Thorsby,no NOR,MF,Union Berlin,26-300,1996,15,5,522,5.8,1,1,2,1,0,0,2,0,0.6,0.6,0.3,0.9,0,8,13,0.17,0.17,0.34,0.17,0.34,0.10,0.05,0.15,0.10,0.15,Matches
6f8cd6d0,Marcus Thuram,fr FRA,FW,M'Gladbach,25-207,1997,21,19,1743,19.4,11,3,14,11,0,0,2,0,11.1,11.1,1.9,13.0,50,35,115,0.57,0.15,0.72,0.57,0.72,0.57,0.10,0.67,0.57,0.67,Matches
6b8887c2,Steffen Tigges,de GER,FW,Köln,24-213,1998,19,15,1185,13.2,5,1,6,5,0,0,0,0,3.1,3.1,1.3,4.4,14,23,61,0.38,0.08,0.46,0.38,0.46,0.24,0.10,0.33,0.24,0.33,Matches
e547d3cf,Umut Tohumcu,de GER,MF,Hoffenheim,18-202,2004,4,2,226,2.5,0,0,0,0,0,0,0,0,0.1,0.1,0.0,0.2,2,7,2,0.00,0.00,0.00,0.00,0.00,0.04,0.02,0.06,0.04,0.06,Matches
b492126a,Tiago Tomás,pt POR,"FW,MF",Stuttgart,20-258,2002,16,11,845,9.4,2,2,4,2,0,0,1,0,1.7,1.7,2.6,4.3,18,13,52,0.21,0.21,0.43,0.21,0.43,0.18,0.28,0.46,0.18,0.46,Matches
c8c60119,Almamy Touré,ml MLI,DF,Eint Frankfurt,26-307,1996,3,2,163,1.8,0,0,0,0,0,0,0,0,0.1,0.1,0.0,0.1,0,6,5,0.00,0.00,0.00,0.00,0.00,0.04,0.00,0.04,0.04,0.04,Matches
71ec39ef,Lucas Tousart,fr FRA,MF,Hertha BSC,25-306,1997,21,21,1864,20.7,3,1,4,3,0,0,0,0,1.8,1.8,0.6,2.4,18,64,44,0.14,0.05,0.19,0.14,0.19,0.09,0.03,0.12,0.09,0.12,Matches
ce17b5eb,Kevin Trapp,de GER,GK,Eint Frankfurt,32-236,1990,21,21,1890,21.0,0,0,0,0,0,0,2,0,0.0,0.0,0.0,0.0,0,0,0,0.00,0.00,0.00,0.00,0.00,0.00,0.00,0.00,0.00,0.00,Matches
056d2d95,Christopher Trimmel,at AUT,DF,Union Berlin,36-005,1987,18,15,1379,15.3,0,5,5,0,0,0,1,0,0.5,0.5,2.2,2.7,26,40,62,0.00,0.33,0.33,0.00,0.33,0.03,0.14,0.17,0.03,0.17,Matches
35d64857,Tuta,br BRA,DF,Eint Frankfurt,23-240,1999,21,21,1881,20.9,1,0,1,1,0,0,4,0,1.0,1.0,0.3,1.2,9,60,14,0.05,0.00,0.05,0.05,0.05,0.05,0.01,0.06,0.05,0.06,Matches
7d3e7da6,Sven Ulreich,de GER,GK,Bayern Munich,34-210,1988,3,3,270,3.0,0,0,0,0,0,0,1,0,0.0,0.0,0.0,0.0,0,0,0,0.00,0.00,0.00,0.00,0.00,0.00,0.00,0.00,0.00,0.00,Matches
cd61c7af,Lauren Ulrich,de GER,MF,Stuttgart,18-029,2005,1,0,6,0.1,0,0,0,0,0,0,0,0,0.0,0.0,0.0,0.0,1,1,0,0.00,0.00,0.00,0.00,0.00,0.00,0.00,0.00,0.00,0.00,Matches
d248cd8f,Dayot Upamecano,fr FRA,DF,Bayern Munich,24-125,1998,20,20,1707,19.0,0,1,1,0,0,0,3,1,0.5,0.5,0.3,0.8,25,127,7,0.00,0.05,0.05,0.00,0.05,0.03,0.01,0.04,0.03,0.04,Matches
af842091,Filip Uremović,hr CRO,DF,Hertha BSC,26-018,1997,13,12,1027,11.4,0,0,0,0,0,0,5,1,0.7,0.7,0.0,0.7,0,7,1,0.00,0.00,0.00,0.00,0.00,0.06,0.00,0.06,0.06,0.06,Matches
d75f3980,Jere Uronen,fi FIN,DF,Schalke 04,28-231,1994,6,6,426,4.7,0,0,0,0,0,0,1,0,0.1,0.1,0.7,0.8,8,17,8,0.00,0.00,0.00,0.00,0.00,0.01,0.15,0.17,0.01,0.17,Matches
a3ddb1b9,Mark Uth,de GER,"MF,FW",Köln,31-189,1991,3,0,46,0.5,0,0,0,0,0,0,2,0,0.1,0.1,0.0,0.1,0,1,1,0.00,0.00,0.00,0.00,0.00,0.14,0.00,0.14,0.14,0.14,Matches
fb377d11,Josha Vagnoman,de GER,"DF,MF",Stuttgart,22-080,2000,13,7,661,7.3,0,0,0,0,0,0,2,1,1.0,1.0,0.3,1.3,14,16,31,0.00,0.00,0.00,0.00,0.00,0.14,0.04,0.18,0.14,0.18,Matches
6ecbddf6,Ruben Vargas,ch SUI,"MF,FW",Augsburg,24-208,1998,13,6,546,6.1,1,1,2,1,0,0,2,0,0.3,0.3,0.8,1.1,7,21,32,0.16,0.16,0.33,0.16,0.33,0.05,0.13,0.18,0.05,0.18,Matches
fc8fcbd1,Renato Veiga,pt POR,DF,Augsburg,19-215,2003,3,3,236,2.6,0,0,0,0,0,0,1,0,0.1,0.1,0.1,0.2,5,3,4,0.00,0.00,0.00,0.00,0.00,0.04,0.02,0.06,0.04,0.06,Matches
a5ae8f8e,Miloš Veljković,rs SRB,DF,Werder Bremen,27-156,1995,19,16,1431,15.9,1,0,1,1,0,0,1,0,0.4,0.4,0.3,0.7,4,40,1,0.06,0.00,0.06,0.06,0.06,0.02,0.02,0.04,0.02,0.04,Matches
8fe2a392,Mickey van de Ven,nl NED,DF,Wolfsburg,21-316,2001,22,22,1980,22.0,1,1,2,1,0,0,4,0,1.1,1.1,0.5,1.6,25,58,13,0.05,0.05,0.09,0.05,0.09,0.05,0.02,0.07,0.05,0.07,Matches
5360a956,Gabriel Vidovic,hr CRO,FW,Bayern Munich,19-090,2003,1,0,19,0.2,0,1,1,0,0,0,0,0,0.0,0.0,0.1,0.1,0,1,2,0.00,4.74,4.74,0.00,4.74,0.00,0.39,0.39,0.00,0.39,Matches
1d8e9add,Kevin Vogt,de GER,DF,Hoffenheim,31-159,1991,17,17,1378,15.3,0,0,0,0,0,0,7,0,0.0,0.0,0.1,0.1,13,87,1,0.00,0.00,0.00,0.00,0.00,0.00,0.00,0.00,0.00,0.00,Matches
f86cd5df,Aster Vranckx,be BEL,MF,Wolfsburg,20-148,2002,1,0,8,0.1,0,0,0,0,0,0,0,0,0.0,0.0,0.0,0.0,0,0,0,0.00,0.00,0.00,0.00,0.00,0.00,0.00,0.00,0.00,0.00,Matches
e3d3fbeb,Robert Wagner,de GER,MF,Freiburg,19-230,2003,2,0,23,0.3,0,0,0,0,0,0,1,0,0.0,0.0,0.0,0.0,0,0,1,0.00,0.00,0.00,0.00,0.00,0.00,0.00,0.00,0.00,0.00,Matches
e5a35ae9,Luca Waldschmidt,de GER,FW,Wolfsburg,26-286,1996,11,4,351,3.9,1,0,1,0,1,1,0,0,1.3,0.5,0.0,0.5,4,5,14,0.26,0.00,0.26,0.00,0.00,0.33,0.00,0.33,0.13,0.13,Matches
cb64672e,Paul Wanner,de GER,MF,Bayern Munich,17-068,2005,2,0,25,0.3,0,0,0,0,0,0,1,0,0.0,0.0,0.1,0.1,1,1,4,0.00,0.00,0.00,0.00,0.00,0.00,0.25,0.25,0.00,0.25,Matches
346d51d9,Julian Weigl,de GER,MF,M'Gladbach,27-174,1995,16,14,1264,14.0,0,0,0,0,0,0,5,0,0.3,0.3,0.4,0.7,3,46,2,0.00,0.00,0.00,0.00,0.00,0.02,0.03,0.05,0.02,0.05,Matches
231c67ff,Nelson Weiper,de GER,"MF,FW",Mainz 05,17-349,2005,3,0,11,0.1,1,0,1,1,0,0,0,0,0.5,0.5,0.0,0.5,0,0,2,8.18,0.00,8.18,8.18,8.18,4.02,0.00,4.02,4.02,4.02,Matches
30c220c3,Mitchell Weiser,de GER,"DF,FW",Werder Bremen,28-314,1994,19,19,1636,18.2,1,7,8,1,0,0,5,0,1.6,1.6,3.5,5.1,28,84,105,0.06,0.39,0.44,0.06,0.44,0.09,0.20,0.28,0.09,0.28,Matches
dd676a97,Noah Weißhaupt,de GER,"FW,MF",Freiburg,21-162,2001,10,0,133,1.5,0,0,0,0,0,0,0,0,0.1,0.1,0.8,0.8,5,1,7,0.00,0.00,0.00,0.00,0.00,0.03,0.51,0.55,0.03,0.55,Matches
1c86aa16,Marcel Wenig,de GER,MF,Eint Frankfurt,18-301,2004,1,0,4,0.0,0,0,0,0,0,0,0,0,0.0,0.0,0.0,0.0,0,0,0,0.00,0.00,0.00,0.00,0.00,0.00,0.00,0.00,0.00,0.00,Matches
49fe9070,Timo Werner,de GER,"FW,MF",RB Leipzig,26-360,1996,16,13,1151,12.8,6,2,8,6,0,0,2,0,5.7,5.7,2.0,7.7,37,27,130,0.47,0.16,0.63,0.47,0.63,0.44,0.16,0.60,0.44,0.60,Matches
f68b64fc,Silvan Widmer,ch SUI,DF,Mainz 05,29-361,1993,18,14,1207,13.4,2,0,2,2,0,0,0,0,2.5,2.4,0.8,3.2,10,40,68,0.15,0.00,0.15,0.15,0.15,0.18,0.06,0.24,0.18,0.24,Matches
cb11b429,Patrick Wimmer,at AUT,"FW,MF",Wolfsburg,21-275,2001,15,14,1006,11.2,2,5,7,2,0,0,3,0,1.6,1.6,3.0,4.5,28,40,73,0.18,0.45,0.63,0.18,0.63,0.14,0.27,0.41,0.14,0.41,Matches
2077ae86,Jonas Wind,dk DEN,FW,Wolfsburg,24-022,1999,13,7,622,6.9,4,0,4,4,0,0,0,0,1.8,1.8,0.7,2.5,4,16,42,0.58,0.00,0.58,0.58,0.58,0.26,0.11,0.36,0.26,0.36,Matches
a1257b5e,Frederik Winther,dk DEN,DF,Augsburg,22-056,2001,1,1,90,1.0,0,1,1,0,0,0,0,0,0.0,0.0,0.1,0.1,0,1,0,0.00,1.00,1.00,0.00,1.00,0.00,0.10,0.10,0.00,0.10,Matches
e7fcf289,Florian Wirtz,de GER,"FW,MF",Leverkusen,19-302,2003,7,3,357,4.0,0,3,3,0,0,0,1,0,0.2,0.2,0.9,1.1,10,27,27,0.00,0.76,0.76,0.00,0.76,0.04,0.23,0.27,0.04,0.27,Matches
be42a291,Hannes Wolf,at AUT,FW,M'Gladbach,23-319,1999,11,3,320,3.6,1,1,2,1,0,0,0,0,1.3,1.3,0.1,1.4,8,6,29,0.28,0.28,0.56,0.28,0.56,0.36,0.02,0.39,0.36,0.39,Matches
fa661778,Marius Wolf,de GER,"DF,FW",Dortmund,27-278,1995,15,9,871,9.7,1,1,2,1,0,0,1,0,0.9,0.9,1.5,2.3,32,37,79,0.10,0.10,0.21,0.10,0.21,0.09,0.15,0.24,0.09,0.24,Matches
6190474d,Jeong Woo-yeong,kr KOR,"MF,FW",Freiburg,23-162,1999,19,4,600,6.7,1,1,2,1,0,0,2,0,2.0,2.0,1.0,2.9,15,16,29,0.15,0.15,0.30,0.15,0.30,0.29,0.15,0.44,0.29,0.44,Matches
ea0893d6,Kelvin Yeboah,it ITA,"FW,MF",Augsburg,22-299,2000,7,2,237,2.6,0,1,1,0,0,0,0,0,0.8,0.8,0.3,1.1,12,4,21,0.00,0.38,0.38,0.00,0.38,0.32,0.11,0.43,0.32,0.43,Matches
caffaf5a,Maya Yoshida,jp JPN,DF,Schalke 04,34-189,1988,22,22,1968,21.9,0,0,0,0,0,0,3,0,0.2,0.2,0.0,0.2,2,63,0,0.00,0.00,0.00,0.00,0.00,0.01,0.00,0.01,0.01,0.01,Matches
a4effc55,Dan-Axel Zagadou,fr FRA,DF,Stuttgart,23-271,1999,8,6,576,6.4,0,0,0,0,0,0,2,0,0.8,0.8,0.3,1.1,3,18,0,0.00,0.00,0.00,0.00,0.00,0.13,0.05,0.18,0.13,0.18,Matches
fc3697dd,Rodrigo Zalazar,uy URU,"MF,FW",Schalke 04,23-201,1999,12,7,639,7.1,1,1,2,1,0,0,3,0,1.9,1.9,1.7,3.6,16,13,18,0.14,0.14,0.28,0.14,0.28,0.27,0.24,0.51,0.27,0.51,Matches
65bf7e2b,Aaron Zehnter,de GER,DF,Augsburg,18-121,2004,1,0,1,0.0,0,0,0,0,0,0,0,0,0.0,0.0,0.0,0.0,0,0,0,0.00,0.00,0.00,0.00,0.00,0.00,0.00,0.00,0.00,0.00,Matches
5c4bf6ba,Robin Zentner,de GER,GK,Mainz 05,28-124,1994,16,16,1440,16.0,0,0,0,0,0,0,1,0,0.0,0.0,0.1,0.1,0,4,1,0.00,0.00,0.00,0.00,0.00,0.00,0.00,0.00,0.00,0.00,Matches
9b688ae1,Michael Zetterer,de GER,GK,Werder Bremen,27-232,1995,1,0,62,0.7,0,0,0,0,0,0,0,0,0.0,0.0,0.0,0.0,0,0,0,0.00,0.00,0.00,0.00,0.00,0.00,0.00,0.00,0.00,0.00,Matches
29f7cfd9,Simon Zoller,de GER,FW,Bochum,31-248,1991,19,17,1275,14.2,3,1,4,3,0,0,4,0,3.8,3.8,0.9,4.8,7,18,54,0.21,0.07,0.28,0.21,0.28,0.27,0.06,0.34,0.27,0.34,Matches
