id,Cmp,Att,TotDist,PrgDist,Cmp.1,Att.1,Cmp.2,Att.2,Cmp.3,Att.3,Ast,xAG,xA,A-xAG,KP,1/3,PPA,CrsPA,PrgP
1339039e,39.0,59.0,465.0,136.0,31.0,34.0,7.0,15.0,0.0,4.0,0,0.5,0.6,-0.5,4.0,1.0,3.0,1.0,4.0
8f5cdf66,24.0,33.0,406.0,121.0,10.0,12.0,13.0,16.0,1.0,2.0,0,0.0,0.0,0.0,0.0,0.0,0.0,0.0,2.0
f417a1fa,198.0,230.0,3416.0,732.0,97.0,111.0,65.0,73.0,28.0,31.0,0,0.6,0.7,-0.6,9.0,22.0,7.0,0.0,29.0
b96b595c,291.0,310.0,5626.0,2118.0,84.0,89.0,182.0,188.0,24.0,31.0,0,0.1,0.1,-0.1,1.0,24.0,0.0,0.0,23.0
81442ecb,67.0,97.0,1218.0,533.0,28.0,33.0,30.0,39.0,7.0,20.0,1,0.2,0.1,0.8,4.0,4.0,4.0,2.0,5.0
82e12fe7,25.0,48.0,325.0,110.0,13.0,25.0,8.0,13.0,0.0,2.0,1,0.4,0.2,0.6,2.0,2.0,2.0,2.0,1.0
65d62814,153.0,219.0,3467.0,1688.0,38.0,38.0,82.0,86.0,33.0,94.0,0,0.0,0.0,0.0,0.0,0.0,0.0,0.0,0.0
ee926a02,122.0,147.0,1695.0,364.0,70.0,80.0,42.0,48.0,2.0,2.0,0,0.1,0.1,-0.1,3.0,8.0,1.0,0.0,10.0
501055d8,77.0,101.0,992.0,241.0,52.0,57.0,19.0,27.0,3.0,5.0,0,1.1,0.7,-1.1,7.0,4.0,1.0,0.0,9.0
dcfb17f4,44.0,64.0,644.0,170.0,22.0,34.0,19.0,22.0,2.0,4.0,0,0.2,0.4,-0.2,2.0,2.0,4.0,1.0,6.0
89ac64a6,370.0,393.0,7047.0,1983.0,130.0,135.0,202.0,211.0,36.0,44.0,0,0.2,0.2,-0.2,3.0,30.0,0.0,0.0,18.0
eaeca114,331.0,351.0,5573.0,2093.0,168.0,172.0,136.0,141.0,27.0,31.0,0,0.0,0.1,0.0,0.0,54.0,0.0,0.0,41.0
05439de2,279.0,322.0,4161.0,1464.0,149.0,163.0,108.0,124.0,10.0,21.0,0,0.6,1.3,-0.6,7.0,17.0,3.0,2.0,14.0
834d0be5,1.0,3.0,4.0,0.0,0.0,2.0,0.0,0.0,0.0,0.0,0,0.0,0.0,0.0,0.0,0.0,0.0,0.0,0.0
4601e194,162.0,183.0,2363.0,848.0,96.0,102.0,52.0,58.0,10.0,19.0,1,0.6,1.0,0.4,5.0,22.0,5.0,2.0,19.0
77e84962,205.0,232.0,3891.0,1265.0,80.0,89.0,86.0,93.0,31.0,38.0,0,0.5,0.9,-0.5,3.0,36.0,6.0,0.0,30.0
cd1acf9d,352.0,456.0,6426.0,2789.0,162.0,176.0,127.0,161.0,50.0,94.0,0,1.1,1.6,-1.1,13.0,31.0,13.0,6.0,42.0
4288f249,33.0,42.0,491.0,83.0,18.0,21.0,12.0,13.0,1.0,4.0,0,0.0,0.0,0.0,0.0,2.0,0.0,0.0,3.0
00f518d8,27.0,31.0,428.0,68.0,14.0,16.0,9.0,10.0,3.0,4.0,0,0.1,0.0,-0.1,3.0,1.0,1.0,1.0,0.0
7a2e46a8,222.0,251.0,5329.0,3576.0,63.0,63.0,97.0,100.0,60.0,83.0,0,0.0,0.0,0.0,0.0,6.0,0.0,0.0,0.0
f4290206,376.0,418.0,6519.0,2357.0,167.0,179.0,166.0,177.0,32.0,43.0,0,0.9,1.1,-0.9,8.0,33.0,6.0,4.0,26.0
8ce30c57,13.0,17.0,197.0,53.0,6.0,8.0,5.0,7.0,1.0,1.0,0,0.0,0.0,0.0,1.0,1.0,1.0,0.0,1.0
8b3ab7ad,312.0,364.0,5525.0,1458.0,123.0,140.0,164.0,173.0,23.0,40.0,0,0.1,0.1,-0.1,2.0,28.0,2.0,0.0,14.0
15ab5a2b,79.0,95.0,1021.0,112.0,59.0,65.0,14.0,16.0,4.0,7.0,2,0.9,0.5,1.1,7.0,5.0,2.0,0.0,7.0
555d5edd,51.0,64.0,667.0,232.0,36.0,38.0,12.0,15.0,2.0,4.0,1,0.5,0.1,0.5,3.0,4.0,2.0,0.0,6.0
e0b113a7,176.0,207.0,2870.0,716.0,93.0,105.0,68.0,78.0,13.0,20.0,0,0.1,0.2,-0.1,2.0,15.0,2.0,0.0,14.0
df525574,3.0,6.0,35.0,21.0,3.0,4.0,0.0,0.0,0.0,2.0,0,0.0,0.0,0.0,0.0,0.0,0.0,0.0,0.0
a2ea941d,10.0,11.0,110.0,55.0,6.0,6.0,2.0,3.0,0.0,0.0,0,0.0,0.0,0.0,0.0,1.0,0.0,0.0,1.0
56413b1f,146.0,154.0,2566.0,697.0,68.0,68.0,63.0,66.0,13.0,16.0,0,0.1,0.2,-0.1,3.0,13.0,1.0,0.0,15.0
353eb529,5.0,8.0,79.0,9.0,2.0,3.0,3.0,4.0,0.0,1.0,0,0.1,0.0,-0.1,2.0,0.0,1.0,0.0,1.0
2bef2bca,47.0,55.0,1023.0,397.0,13.0,18.0,26.0,26.0,8.0,11.0,0,0.0,0.0,0.0,0.0,4.0,0.0,0.0,6.0
b1313ec4,59.0,87.0,838.0,224.0,36.0,48.0,15.0,20.0,4.0,6.0,0,0.0,0.1,0.0,1.0,4.0,0.0,0.0,7.0
e2ae54db,79.0,100.0,1115.0,167.0,45.0,52.0,25.0,28.0,4.0,10.0,0,0.2,0.1,-0.2,1.0,3.0,1.0,0.0,7.0
28d596a0,129.0,176.0,3168.0,1991.0,27.0,27.0,64.0,68.0,37.0,79.0,0,0.0,0.0,0.0,0.0,0.0,0.0,0.0,1.0
184ad240,33.0,43.0,488.0,129.0,17.0,19.0,12.0,14.0,2.0,5.0,0,0.3,0.3,-0.3,2.0,4.0,3.0,0.0,5.0
45af8a54,145.0,167.0,1993.0,423.0,85.0,96.0,41.0,47.0,8.0,11.0,1,1.7,1.6,-0.7,9.0,14.0,4.0,2.0,16.0
0fdcef0e,59.0,74.0,1110.0,327.0,20.0,21.0,30.0,34.0,8.0,14.0,0,0.3,0.4,-0.3,2.0,6.0,2.0,0.0,3.0
92fffd91,80.0,119.0,1246.0,497.0,44.0,54.0,22.0,31.0,10.0,20.0,1,0.7,0.4,0.3,10.0,6.0,7.0,3.0,12.0
d5dd5f1f,78.0,102.0,1043.0,200.0,44.0,54.0,31.0,38.0,0.0,1.0,1,0.5,0.3,0.5,6.0,4.0,4.0,0.0,11.0
32feb0cf,3.0,6.0,42.0,13.0,1.0,3.0,2.0,2.0,0.0,0.0,0,0.0,0.0,0.0,0.0,0.0,0.0,0.0,1.0
f0677ed7,138.0,179.0,2176.0,542.0,70.0,84.0,52.0,59.0,9.0,16.0,0,0.4,0.7,-0.4,8.0,11.0,3.0,0.0,13.0
10549b49,2.0,3.0,42.0,36.0,0.0,1.0,2.0,2.0,0.0,0.0,0,0.1,0.0,-0.1,1.0,0.0,1.0,0.0,2.0
53cad200,256.0,288.0,3903.0,1284.0,145.0,153.0,98.0,106.0,10.0,19.0,0,0.2,0.3,-0.2,4.0,26.0,3.0,2.0,15.0
ca002b1a,23.0,27.0,327.0,58.0,13.0,14.0,10.0,12.0,0.0,1.0,0,0.0,0.0,0.0,0.0,1.0,0.0,0.0,1.0
78f21137,381.0,475.0,6855.0,2712.0,168.0,192.0,152.0,184.0,47.0,73.0,2,1.0,0.9,1.0,11.0,39.0,8.0,2.0,37.0
a1232f4e,174.0,203.0,3567.0,1205.0,46.0,55.0,103.0,111.0,23.0,32.0,0,0.0,0.0,0.0,0.0,12.0,0.0,0.0,12.0
32e8417f,60.0,76.0,1058.0,198.0,26.0,31.0,24.0,29.0,7.0,11.0,0,0.0,0.0,0.0,0.0,3.0,0.0,0.0,6.0
a8567629,171.0,211.0,2517.0,793.0,109.0,118.0,52.0,65.0,8.0,20.0,0,0.3,0.2,-0.3,4.0,14.0,3.0,0.0,21.0
5ccc9672,120.0,138.0,1832.0,416.0,66.0,72.0,50.0,54.0,4.0,7.0,0,0.0,0.2,0.0,1.0,6.0,4.0,2.0,11.0
7c3ed041,322.0,370.0,6311.0,1682.0,110.0,121.0,163.0,182.0,45.0,54.0,0,0.0,0.1,0.0,0.0,26.0,1.0,0.0,29.0
f449640d,60.0,72.0,881.0,290.0,37.0,39.0,18.0,22.0,3.0,4.0,0,0.0,0.0,0.0,0.0,3.0,0.0,0.0,2.0
6f1d7aa8,4.0,6.0,42.0,28.0,4.0,4.0,0.0,0.0,0.0,0.0,0,0.0,0.0,0.0,0.0,1.0,0.0,0.0,0.0
88ce7ddc,15.0,24.0,165.0,41.0,8.0,12.0,4.0,5.0,0.0,3.0,0,0.0,0.0,0.0,0.0,2.0,0.0,0.0,2.0
6928979a,169.0,205.0,3173.0,786.0,81.0,93.0,63.0,75.0,23.0,27.0,0,0.4,0.6,-0.4,6.0,15.0,8.0,1.0,31.0
712dd708,221.0,268.0,3841.0,1348.0,113.0,127.0,86.0,98.0,22.0,38.0,0,0.3,0.4,-0.3,5.0,19.0,4.0,4.0,17.0
6caffe81,3.0,5.0,66.0,7.0,1.0,2.0,1.0,2.0,1.0,1.0,0,0.0,0.0,0.0,0.0,0.0,0.0,0.0,0.0
45736cec,7.0,7.0,55.0,16.0,4.0,4.0,1.0,1.0,0.0,0.0,0,0.0,0.0,0.0,0.0,1.0,0.0,0.0,1.0
a36524bf,387.0,434.0,6628.0,1767.0,170.0,180.0,198.0,216.0,16.0,34.0,1,0.1,0.1,0.9,2.0,16.0,1.0,1.0,16.0
29b7b767,22.0,27.0,351.0,70.0,13.0,16.0,7.0,7.0,2.0,2.0,0,0.1,0.1,-0.1,2.0,1.0,2.0,0.0,3.0
75b86fb3,293.0,342.0,5977.0,2096.0,106.0,112.0,146.0,159.0,40.0,64.0,2,1.2,1.1,0.8,7.0,26.0,10.0,8.0,25.0
37d39918,174.0,198.0,3190.0,1074.0,67.0,71.0,92.0,100.0,13.0,22.0,0,0.0,0.1,0.0,0.0,6.0,0.0,0.0,7.0
d1eda5f0,29.0,37.0,442.0,99.0,15.0,18.0,10.0,12.0,2.0,2.0,0,0.1,0.1,-0.1,2.0,3.0,1.0,0.0,5.0
e3756e72,31.0,47.0,602.0,189.0,14.0,15.0,14.0,19.0,3.0,6.0,0,0.0,0.0,0.0,1.0,0.0,1.0,1.0,1.0
f874dd44,79.0,98.0,1144.0,393.0,51.0,54.0,22.0,28.0,5.0,7.0,0,0.1,0.1,-0.1,1.0,4.0,2.0,1.0,6.0
57d88cf9,242.0,293.0,3962.0,1266.0,123.0,137.0,89.0,104.0,22.0,32.0,1,0.7,0.3,0.3,7.0,37.0,8.0,0.0,41.0
db092d3b,248.0,293.0,4415.0,1205.0,111.0,120.0,99.0,117.0,32.0,45.0,0,0.1,0.2,-0.1,3.0,33.0,3.0,0.0,28.0
3b8674e6,316.0,365.0,5267.0,1572.0,142.0,160.0,152.0,168.0,17.0,26.0,0,0.3,0.6,-0.3,3.0,35.0,3.0,0.0,51.0
70d74ece,136.0,157.0,1595.0,365.0,88.0,97.0,32.0,36.0,2.0,3.0,1,1.1,0.6,-0.1,11.0,8.0,9.0,0.0,16.0
713c144a,204.0,274.0,3805.0,1259.0,98.0,112.0,69.0,92.0,33.0,55.0,2,0.6,1.0,1.4,6.0,32.0,14.0,4.0,39.0
a29b1131,184.0,205.0,2362.0,399.0,124.0,128.0,46.0,55.0,5.0,6.0,0,0.8,1.1,-0.8,10.0,8.0,7.0,1.0,16.0
67b09a18,4.0,4.0,70.0,6.0,1.0,1.0,3.0,3.0,0.0,0.0,0,0.0,0.0,0.0,1.0,0.0,0.0,0.0,0.0
17370b95,49.0,73.0,1078.0,494.0,14.0,19.0,25.0,34.0,9.0,16.0,0,0.0,0.0,0.0,0.0,4.0,0.0,0.0,6.0
433dc9a2,175.0,191.0,2175.0,643.0,109.0,119.0,52.0,55.0,2.0,3.0,0,0.1,0.1,-0.1,1.0,18.0,2.0,0.0,11.0
505486d6,188.0,251.0,3187.0,1169.0,96.0,113.0,65.0,81.0,21.0,44.0,0,0.3,0.3,-0.3,6.0,14.0,3.0,3.0,11.0
d00fd50a,46.0,61.0,974.0,447.0,15.0,21.0,22.0,25.0,8.0,12.0,0,0.0,0.0,0.0,0.0,7.0,1.0,0.0,6.0
6c203af0,65.0,72.0,1006.0,285.0,35.0,38.0,25.0,26.0,3.0,5.0,0,0.0,0.0,0.0,0.0,3.0,1.0,0.0,5.0
663e080e,178.0,204.0,3838.0,1726.0,44.0,44.0,113.0,115.0,21.0,42.0,0,0.0,0.0,0.0,0.0,3.0,0.0,0.0,0.0
691bef82,277.0,333.0,5080.0,2157.0,103.0,110.0,152.0,172.0,21.0,35.0,0,0.1,0.4,-0.1,2.0,33.0,5.0,0.0,33.0
73b9fa8a,12.0,21.0,223.0,69.0,3.0,4.0,6.0,10.0,2.0,4.0,0,0.0,0.0,0.0,0.0,2.0,0.0,0.0,3.0
08fe932d,81.0,84.0,1395.0,563.0,28.0,28.0,49.0,50.0,4.0,6.0,0,0.0,0.0,0.0,1.0,3.0,1.0,0.0,3.0
7713c72a,317.0,344.0,6075.0,2076.0,109.0,113.0,176.0,182.0,30.0,42.0,0,0.0,0.0,0.0,0.0,5.0,0.0,0.0,6.0
415568b5,242.0,277.0,3786.0,847.0,117.0,127.0,105.0,115.0,14.0,22.0,0,0.2,0.1,-0.2,5.0,13.0,1.0,0.0,23.0
52ec54d0,262.0,303.0,5767.0,2661.0,74.0,79.0,131.0,142.0,53.0,74.0,0,0.0,0.3,0.0,0.0,26.0,1.0,0.0,20.0
4d1c4a5d,9.0,15.0,123.0,28.0,4.0,7.0,2.0,5.0,1.0,1.0,0,0.0,0.0,0.0,0.0,1.0,0.0,0.0,1.0
c68da769,39.0,50.0,536.0,84.0,22.0,24.0,13.0,19.0,1.0,1.0,0,0.1,0.0,-0.1,2.0,4.0,0.0,0.0,2.0
f6798fc3,166.0,208.0,4273.0,2595.0,31.0,31.0,87.0,90.0,48.0,87.0,0,0.0,0.0,0.0,0.0,1.0,0.0,0.0,0.0
7c473e12,66.0,79.0,1474.0,388.0,8.0,9.0,51.0,53.0,7.0,17.0,0,0.0,0.0,0.0,0.0,2.0,0.0,0.0,4.0
a167537f,198.0,246.0,2749.0,789.0,111.0,125.0,60.0,70.0,12.0,26.0,1,0.9,0.8,0.1,8.0,15.0,12.0,1.0,29.0
5fd5ed86,122.0,143.0,2414.0,835.0,29.0,35.0,79.0,87.0,11.0,16.0,0,0.0,0.0,0.0,0.0,3.0,0.0,0.0,3.0
4c184730,19.0,25.0,335.0,21.0,8.0,11.0,6.0,7.0,4.0,4.0,0,0.6,0.1,-0.6,2.0,1.0,1.0,1.0,0.0
97220da2,24.0,31.0,289.0,67.0,15.0,18.0,8.0,11.0,0.0,0.0,0,0.1,0.5,-0.1,1.0,2.0,1.0,0.0,2.0
33b8d077,172.0,192.0,3367.0,945.0,67.0,72.0,81.0,85.0,24.0,32.0,0,0.3,0.3,-0.3,3.0,21.0,1.0,0.0,25.0
7b5ab7f2,13.0,20.0,188.0,60.0,9.0,11.0,3.0,4.0,1.0,3.0,0,0.2,0.1,-0.2,2.0,3.0,1.0,0.0,3.0
3235182a,115.0,132.0,2052.0,645.0,51.0,57.0,43.0,46.0,15.0,18.0,0,0.6,0.5,-0.6,7.0,17.0,4.0,2.0,17.0
3aca6420,99.0,128.0,1521.0,335.0,50.0,57.0,37.0,51.0,7.0,11.0,1,0.2,0.1,0.8,1.0,2.0,1.0,1.0,6.0
eaeefc50,19.0,23.0,338.0,49.0,9.0,10.0,6.0,8.0,3.0,4.0,0,0.0,0.0,0.0,0.0,1.0,0.0,0.0,1.0
5ab0ea87,138.0,166.0,2335.0,631.0,75.0,88.0,47.0,54.0,14.0,16.0,0,0.0,0.3,0.0,0.0,17.0,2.0,0.0,18.0
b4705807,12.0,15.0,176.0,65.0,6.0,7.0,6.0,7.0,0.0,1.0,0,0.0,0.0,0.0,0.0,0.0,0.0,0.0,2.0
10745192,3.0,3.0,55.0,33.0,1.0,1.0,2.0,2.0,0.0,0.0,0,0.0,0.0,0.0,0.0,0.0,0.0,0.0,1.0
e34e086c,6.0,8.0,82.0,29.0,3.0,4.0,2.0,2.0,0.0,0.0,0,0.0,0.0,0.0,0.0,0.0,2.0,1.0,1.0
2146785a,92.0,111.0,1585.0,497.0,50.0,52.0,33.0,39.0,9.0,13.0,0,0.0,0.0,0.0,0.0,7.0,0.0,0.0,10.0
cd0fa27b,263.0,312.0,5011.0,1536.0,123.0,134.0,92.0,98.0,43.0,69.0,1,1.0,0.9,0.0,11.0,25.0,8.0,1.0,32.0
7b9c2d84,170.0,194.0,2708.0,583.0,94.0,103.0,60.0,66.0,13.0,17.0,0,0.1,0.1,-0.1,2.0,15.0,0.0,0.0,15.0
a65ce836,191.0,226.0,3114.0,768.0,94.0,101.0,72.0,84.0,17.0,25.0,0,0.0,0.0,0.0,0.0,18.0,0.0,0.0,12.0
bd6351cd,43.0,53.0,719.0,131.0,18.0,20.0,24.0,29.0,1.0,3.0,0,0.0,0.0,0.0,0.0,1.0,0.0,0.0,3.0
bd6351cd,352.0,416.0,5437.0,1133.0,202.0,216.0,126.0,149.0,18.0,29.0,4,1.1,1.0,2.9,5.0,27.0,5.0,2.0,35.0
6885cc44,43.0,76.0,630.0,302.0,26.0,40.0,11.0,18.0,3.0,9.0,0,0.1,0.1,-0.1,2.0,10.0,3.0,0.0,9.0
707b98f1,1.0,2.0,7.0,0.0,1.0,2.0,0.0,0.0,0.0,0.0,0,0.0,0.0,0.0,0.0,0.0,0.0,0.0,0.0
4a5839fa,102.0,120.0,1963.0,531.0,31.0,38.0,64.0,68.0,5.0,10.0,0,0.0,0.0,0.0,0.0,1.0,0.0,0.0,1.0
3ce20eda,166.0,214.0,3527.0,910.0,38.0,44.0,105.0,116.0,22.0,49.0,0,0.1,0.0,-0.1,1.0,3.0,0.0,0.0,5.0
2dce876a,257.0,298.0,4566.0,1386.0,109.0,120.0,127.0,141.0,20.0,27.0,0,0.3,0.2,-0.3,3.0,13.0,3.0,1.0,15.0
de39485a,137.0,180.0,1954.0,364.0,89.0,96.0,37.0,52.0,8.0,24.0,1,0.4,0.3,0.6,5.0,4.0,5.0,1.0,12.0
88ced02c,285.0,299.0,5702.0,1599.0,62.0,63.0,199.0,207.0,20.0,24.0,0,0.0,0.1,0.0,0.0,38.0,1.0,0.0,28.0
4958bfb2,318.0,368.0,5037.0,1071.0,157.0,168.0,127.0,145.0,20.0,32.0,2,1.2,1.4,0.8,5.0,14.0,8.0,2.0,24.0
966e28d0,46.0,55.0,486.0,125.0,27.0,33.0,9.0,11.0,1.0,1.0,0,0.1,0.4,-0.1,2.0,1.0,3.0,0.0,7.0
2ef08833,26.0,29.0,425.0,83.0,12.0,14.0,12.0,12.0,1.0,1.0,0,0.0,0.0,0.0,0.0,2.0,0.0,0.0,0.0
c0617e2b,39.0,45.0,484.0,139.0,27.0,28.0,8.0,8.0,1.0,4.0,0,0.2,0.0,-0.2,1.0,1.0,0.0,0.0,2.0
a33a0dc0,24.0,30.0,448.0,207.0,11.0,13.0,9.0,10.0,4.0,5.0,0,0.0,0.0,0.0,1.0,5.0,0.0,0.0,6.0
5515376c,218.0,243.0,4218.0,1257.0,70.0,75.0,123.0,134.0,24.0,32.0,0,0.3,0.2,-0.3,3.0,12.0,1.0,0.0,11.0
b3b7f5a6,5.0,6.0,96.0,50.0,0.0,1.0,5.0,5.0,0.0,0.0,0,0.0,0.0,0.0,0.0,0.0,0.0,0.0,0.0
71031a25,204.0,256.0,2923.0,815.0,129.0,147.0,52.0,63.0,14.0,28.0,1,1.9,0.9,-0.9,10.0,25.0,5.0,1.0,29.0
b0f7e36c,8.0,9.0,124.0,40.0,6.0,6.0,0.0,0.0,1.0,1.0,0,0.1,0.1,-0.1,1.0,0.0,2.0,0.0,4.0
d2424d1b,242.0,297.0,3487.0,953.0,164.0,175.0,54.0,74.0,19.0,38.0,0,1.6,1.7,-1.6,11.0,14.0,3.0,1.0,18.0
262e5a82,99.0,112.0,1491.0,479.0,54.0,56.0,33.0,35.0,6.0,12.0,1,0.2,0.2,0.8,4.0,9.0,2.0,1.0,13.0
163bbd4a,35.0,60.0,356.0,73.0,30.0,39.0,3.0,12.0,0.0,3.0,0,0.1,0.1,-0.1,2.0,3.0,1.0,0.0,2.0
1cb49278,217.0,229.0,4459.0,1381.0,55.0,57.0,144.0,148.0,18.0,23.0,0,0.0,0.1,0.0,1.0,29.0,0.0,0.0,18.0
b3a712de,139.0,175.0,1927.0,560.0,83.0,102.0,41.0,45.0,6.0,11.0,1,0.7,0.5,0.3,7.0,11.0,6.0,0.0,21.0
5219ab4a,164.0,220.0,2793.0,685.0,63.0,78.0,82.0,101.0,11.0,18.0,1,0.3,0.7,0.7,4.0,11.0,7.0,1.0,13.0
b9beb6c5,66.0,74.0,1141.0,366.0,28.0,33.0,31.0,32.0,5.0,7.0,0,0.0,0.1,0.0,0.0,15.0,1.0,0.0,8.0
1fbbfbde,178.0,202.0,3067.0,1001.0,91.0,96.0,73.0,78.0,14.0,27.0,0,0.0,0.0,0.0,0.0,2.0,0.0,0.0,9.0
75c2e240,107.0,145.0,2818.0,2105.0,31.0,31.0,46.0,47.0,30.0,65.0,0,0.0,0.0,0.0,0.0,3.0,0.0,0.0,0.0
bfde3de5,27.0,42.0,374.0,30.0,13.0,21.0,10.0,12.0,2.0,3.0,0,0.0,0.0,0.0,0.0,0.0,0.0,0.0,1.0
042e8a49,134.0,168.0,2205.0,514.0,78.0,85.0,43.0,58.0,12.0,18.0,1,1.5,1.9,-0.5,12.0,9.0,8.0,4.0,18.0
5ef3d210,13.0,14.0,211.0,25.0,6.0,6.0,6.0,6.0,1.0,2.0,0,0.0,0.0,0.0,0.0,2.0,0.0,0.0,1.0
6fee9966,4.0,5.0,66.0,34.0,2.0,3.0,2.0,2.0,0.0,0.0,0,0.0,0.0,0.0,0.0,1.0,0.0,0.0,1.0
c693347d,18.0,30.0,242.0,40.0,12.0,23.0,5.0,6.0,1.0,1.0,0,0.3,0.1,-0.3,1.0,0.0,0.0,0.0,0.0
edeb21ff,161.0,202.0,2516.0,922.0,89.0,93.0,56.0,72.0,12.0,24.0,1,0.7,0.6,0.3,8.0,3.0,6.0,5.0,14.0
01eb744d,92.0,114.0,1042.0,263.0,55.0,63.0,17.0,23.0,4.0,6.0,0,0.4,0.5,-0.4,6.0,4.0,6.0,1.0,14.0
45b9b619,62.0,73.0,857.0,198.0,41.0,43.0,18.0,22.0,3.0,4.0,2,0.5,0.7,1.5,3.0,5.0,4.0,0.0,11.0
7b4c1f6e,18.0,22.0,293.0,66.0,7.0,8.0,7.0,8.0,2.0,4.0,0,0.1,0.2,-0.1,1.0,0.0,1.0,0.0,3.0
93fffbcf,221.0,311.0,6767.0,4754.0,29.0,29.0,94.0,95.0,97.0,184.0,1,0.2,0.0,0.8,1.0,9.0,0.0,0.0,0.0
9dff291c,14.0,15.0,206.0,74.0,7.0,7.0,7.0,7.0,0.0,0.0,0,0.0,0.0,0.0,0.0,2.0,0.0,0.0,3.0
1840e36d,173.0,201.0,4178.0,2676.0,40.0,40.0,89.0,89.0,43.0,69.0,0,0.0,0.0,0.0,0.0,1.0,0.0,0.0,0.0
0ab1f153,234.0,281.0,4808.0,1260.0,89.0,102.0,101.0,118.0,41.0,50.0,1,1.3,0.6,-0.3,10.0,11.0,5.0,4.0,16.0
1daec722,199.0,236.0,3332.0,999.0,93.0,100.0,95.0,113.0,10.0,19.0,0,0.2,0.1,-0.2,3.0,12.0,1.0,0.0,19.0
dc62b55d,24.0,33.0,273.0,31.0,19.0,20.0,5.0,8.0,0.0,0.0,0,0.4,0.1,-0.4,4.0,2.0,1.0,0.0,3.0
44eb9093,66.0,78.0,1214.0,392.0,25.0,28.0,36.0,41.0,5.0,7.0,0,0.0,0.1,0.0,0.0,3.0,1.0,0.0,8.0
94b2001f,232.0,274.0,4427.0,1416.0,86.0,95.0,115.0,126.0,29.0,46.0,0,0.6,0.2,-0.6,3.0,22.0,1.0,1.0,25.0
f08490a6,2.0,2.0,35.0,29.0,1.0,1.0,1.0,1.0,0.0,0.0,0,0.0,0.0,0.0,0.0,1.0,0.0,0.0,2.0
06a1d642,111.0,139.0,1635.0,314.0,57.0,66.0,43.0,48.0,6.0,10.0,0,0.5,0.6,-0.5,6.0,4.0,7.0,2.0,14.0
96e0490d,101.0,133.0,1812.0,896.0,41.0,51.0,55.0,63.0,5.0,15.0,0,0.1,0.2,-0.1,1.0,8.0,2.0,2.0,9.0
40f65c01,28.0,49.0,369.0,90.0,17.0,26.0,5.0,8.0,2.0,5.0,0,0.1,0.1,-0.1,1.0,0.0,0.0,0.0,2.0
d781d855,231.0,261.0,3567.0,726.0,126.0,134.0,88.0,98.0,11.0,17.0,2,0.6,0.6,1.4,7.0,10.0,5.0,1.0,11.0
44781702,136.0,168.0,2212.0,731.0,64.0,70.0,63.0,79.0,7.0,14.0,0,0.0,0.0,0.0,0.0,17.0,0.0,0.0,18.0
c9009a1f,121.0,152.0,2305.0,773.0,49.0,50.0,62.0,71.0,10.0,29.0,0,0.0,0.0,0.0,0.0,9.0,0.0,0.0,9.0
cf15bbb1,91.0,114.0,1590.0,385.0,42.0,46.0,38.0,46.0,10.0,16.0,0,0.0,0.0,0.0,1.0,16.0,0.0,0.0,13.0
e46012d4,110.0,159.0,1970.0,597.0,60.0,71.0,35.0,51.0,14.0,28.0,3,1.4,1.2,1.6,10.0,14.0,7.0,4.0,19.0
2ef7c612,53.0,75.0,667.0,174.0,36.0,41.0,12.0,17.0,2.0,5.0,0,0.0,0.1,0.0,0.0,6.0,1.0,0.0,7.0
162efffd,189.0,244.0,3467.0,1012.0,87.0,100.0,74.0,93.0,26.0,41.0,0,0.5,0.5,-0.5,5.0,26.0,4.0,3.0,35.0
ae4e2852,45.0,60.0,765.0,256.0,24.0,27.0,17.0,19.0,4.0,8.0,0,0.0,0.0,0.0,1.0,5.0,1.0,1.0,4.0
bc6e544a,183.0,283.0,2643.0,1448.0,108.0,127.0,54.0,96.0,14.0,39.0,0,0.5,0.5,-0.5,7.0,12.0,5.0,2.0,14.0
fe641c1a,82.0,108.0,1374.0,375.0,40.0,46.0,33.0,44.0,6.0,10.0,0,0.2,0.1,-0.2,2.0,11.0,0.0,0.0,8.0
b19db005,176.0,259.0,3150.0,873.0,83.0,108.0,68.0,95.0,21.0,38.0,2,1.5,1.9,0.5,11.0,6.0,15.0,1.0,26.0
54b4dc4e,175.0,228.0,3273.0,1105.0,72.0,83.0,80.0,88.0,21.0,44.0,0,0.3,0.6,-0.3,4.0,27.0,4.0,3.0,24.0
5976f83e,64.0,90.0,944.0,307.0,35.0,42.0,23.0,30.0,3.0,6.0,0,0.2,0.2,-0.2,2.0,4.0,5.0,2.0,6.0
230a2fac,336.0,403.0,5368.0,2069.0,171.0,187.0,134.0,155.0,22.0,31.0,1,1.4,1.9,-0.4,13.0,29.0,15.0,4.0,38.0
19cda00b,53.0,78.0,1024.0,416.0,30.0,34.0,11.0,18.0,12.0,22.0,3,1.8,1.2,1.2,7.0,7.0,5.0,0.0,12.0
aeed5c06,149.0,202.0,1937.0,418.0,99.0,109.0,39.0,58.0,6.0,18.0,0,0.8,0.7,-0.8,6.0,8.0,14.0,2.0,19.0
fc62f087,174.0,191.0,3347.0,1351.0,68.0,72.0,87.0,93.0,18.0,22.0,0,0.1,0.2,-0.1,1.0,25.0,3.0,0.0,26.0
31c69ef1,549.0,571.0,10068.0,3300.0,219.0,224.0,281.0,287.0,48.0,55.0,0,0.0,0.2,0.0,1.0,45.0,0.0,0.0,28.0
407feb71,77.0,96.0,1218.0,329.0,43.0,49.0,24.0,28.0,7.0,12.0,0,0.3,0.6,-0.3,3.0,11.0,4.0,1.0,10.0
4a1a9578,79.0,99.0,1026.0,349.0,47.0,54.0,24.0,30.0,2.0,4.0,0,0.3,0.2,-0.3,3.0,4.0,7.0,0.0,13.0
ac861941,416.0,466.0,8288.0,3423.0,142.0,156.0,222.0,232.0,49.0,70.0,0,0.0,0.4,0.0,1.0,21.0,3.0,0.0,23.0
f179ee11,119.0,161.0,1975.0,639.0,56.0,68.0,49.0,62.0,11.0,21.0,0,0.1,0.1,-0.1,2.0,10.0,1.0,0.0,10.0
970b8574,126.0,179.0,2380.0,909.0,55.0,65.0,51.0,68.0,18.0,35.0,2,1.6,1.5,0.4,10.0,8.0,9.0,4.0,20.0
95bb6ddc,86.0,110.0,1347.0,378.0,44.0,53.0,35.0,41.0,5.0,9.0,0,0.0,0.0,0.0,0.0,2.0,1.0,0.0,11.0
ac295d9e,49.0,73.0,1177.0,740.0,15.0,15.0,23.0,23.0,11.0,35.0,0,0.0,0.0,0.0,0.0,1.0,0.0,0.0,0.0
d557d734,29.0,35.0,420.0,73.0,17.0,18.0,10.0,12.0,1.0,1.0,0,0.0,0.0,0.0,0.0,1.0,0.0,0.0,4.0
cc83b74d,15.0,19.0,221.0,25.0,9.0,11.0,5.0,5.0,1.0,2.0,0,0.2,0.1,-0.2,2.0,0.0,2.0,0.0,2.0
08f5afaa,174.0,208.0,3447.0,2152.0,64.0,64.0,84.0,85.0,24.0,56.0,0,0.0,0.0,0.0,0.0,0.0,0.0,0.0,0.0
1a992676,13.0,15.0,187.0,71.0,8.0,10.0,3.0,3.0,2.0,2.0,0,0.0,0.1,0.0,0.0,1.0,0.0,0.0,3.0
15ea94de,15.0,22.0,199.0,28.0,9.0,13.0,5.0,7.0,0.0,1.0,0,0.3,0.0,-0.3,2.0,1.0,0.0,0.0,1.0
481c9ece,116.0,167.0,1856.0,509.0,59.0,72.0,49.0,64.0,6.0,14.0,0,0.0,0.1,0.0,0.0,6.0,2.0,0.0,7.0
3bb7f478,92.0,134.0,1891.0,403.0,35.0,49.0,38.0,51.0,17.0,21.0,1,0.7,0.2,0.3,5.0,8.0,2.0,0.0,15.0
3bb7b8b4,143.0,163.0,3614.0,2327.0,24.0,24.0,79.0,79.0,39.0,58.0,0,0.0,0.0,0.0,0.0,0.0,0.0,0.0,0.0
c8d1c3a5,115.0,136.0,1825.0,485.0,60.0,64.0,48.0,58.0,4.0,6.0,0,0.2,0.2,-0.2,2.0,3.0,2.0,2.0,3.0
57760e66,85.0,113.0,1184.0,370.0,50.0,57.0,23.0,34.0,5.0,10.0,1,0.6,0.5,0.4,6.0,10.0,4.0,0.0,16.0
5b92d896,10.0,12.0,119.0,22.0,6.0,7.0,3.0,4.0,0.0,0.0,0,0.0,0.1,0.0,0.0,0.0,1.0,0.0,1.0
c8387671,166.0,213.0,2428.0,602.0,97.0,110.0,50.0,63.0,11.0,20.0,0,0.3,0.3,-0.3,5.0,11.0,10.0,1.0,23.0
cf007308,113.0,122.0,1286.0,240.0,77.0,83.0,17.0,19.0,4.0,4.0,0,0.1,0.1,-0.1,2.0,6.0,1.0,0.0,7.0
df8b52a5,212.0,275.0,3396.0,1026.0,115.0,133.0,71.0,89.0,16.0,26.0,0,0.3,0.5,-0.3,4.0,12.0,5.0,2.0,20.0
04e17fd5,19.0,28.0,226.0,21.0,14.0,17.0,4.0,7.0,0.0,3.0,0,0.0,0.0,0.0,1.0,1.0,1.0,0.0,1.0
12dcbdcc,34.0,49.0,537.0,229.0,20.0,23.0,12.0,21.0,2.0,4.0,0,0.0,0.0,0.0,1.0,2.0,0.0,0.0,3.0
1e4319ac,7.0,10.0,131.0,34.0,1.0,2.0,6.0,7.0,0.0,1.0,0,0.0,0.0,0.0,0.0,0.0,0.0,0.0,1.0
577efaec,176.0,247.0,2831.0,957.0,87.0,109.0,68.0,83.0,15.0,41.0,0,0.6,1.0,-0.6,4.0,13.0,4.0,2.0,21.0
6f3cc2fe,96.0,117.0,978.0,183.0,65.0,71.0,16.0,23.0,2.0,3.0,1,0.9,0.2,0.1,3.0,6.0,1.0,0.0,6.0
7f3b388c,340.0,388.0,5174.0,1174.0,174.0,190.0,127.0,139.0,21.0,31.0,0,0.1,0.2,-0.1,3.0,38.0,0.0,0.0,25.0
366be751,67.0,70.0,1235.0,308.0,29.0,31.0,28.0,28.0,9.0,9.0,0,0.2,0.1,-0.2,3.0,12.0,3.0,0.0,16.0
762179d9,89.0,101.0,1253.0,207.0,57.0,60.0,24.0,27.0,3.0,4.0,0,0.0,0.0,0.0,1.0,7.0,0.0,0.0,7.0
bceda5ff,20.0,27.0,338.0,56.0,11.0,14.0,8.0,11.0,1.0,2.0,0,0.0,0.0,0.0,0.0,1.0,0.0,0.0,0.0
0ba976e4,90.0,105.0,1122.0,201.0,65.0,70.0,19.0,25.0,3.0,4.0,1,0.1,0.1,0.9,1.0,5.0,3.0,0.0,9.0
51a3c4c8,46.0,54.0,852.0,303.0,17.0,20.0,26.0,30.0,3.0,4.0,0,0.1,0.0,-0.1,2.0,1.0,0.0,0.0,2.0
8aafd64f,30.0,42.0,476.0,222.0,15.0,16.0,13.0,16.0,1.0,9.0,0,0.0,0.1,0.0,0.0,5.0,1.0,0.0,10.0
8aafd64f,78.0,97.0,1019.0,215.0,54.0,59.0,15.0,24.0,5.0,6.0,0,0.2,0.3,-0.2,4.0,5.0,4.0,2.0,8.0
ef491564,4.0,9.0,60.0,1.0,0.0,2.0,3.0,5.0,0.0,0.0,0,0.0,0.0,0.0,0.0,0.0,0.0,0.0,0.0
5ff4ab71,298.0,335.0,5245.0,1506.0,134.0,145.0,104.0,115.0,46.0,57.0,1,0.3,0.5,0.7,3.0,34.0,3.0,1.0,32.0
5ff4ab71,66.0,75.0,1236.0,370.0,22.0,25.0,38.0,43.0,5.0,5.0,0,0.1,0.1,-0.1,1.0,7.0,2.0,0.0,10.0
d9d43555,9.0,10.0,141.0,9.0,5.0,6.0,3.0,3.0,1.0,1.0,1,0.3,0.0,0.7,2.0,0.0,1.0,0.0,2.0
41f32541,69.0,72.0,1420.0,403.0,27.0,27.0,29.0,31.0,12.0,12.0,0,0.0,0.0,0.0,1.0,8.0,0.0,0.0,7.0
4c370d81,150.0,186.0,1926.0,631.0,94.0,107.0,40.0,45.0,3.0,3.0,1,1.6,1.7,-0.6,10.0,19.0,6.0,0.0,30.0
ed1e53f3,152.0,187.0,2221.0,546.0,95.0,102.0,38.0,47.0,10.0,19.0,1,0.7,0.6,0.3,8.0,10.0,10.0,2.0,20.0
132a82f1,87.0,100.0,1260.0,434.0,49.0,56.0,32.0,34.0,2.0,4.0,0,0.2,0.2,-0.2,2.0,11.0,3.0,1.0,7.0
58c6b67c,8.0,10.0,137.0,28.0,5.0,6.0,2.0,3.0,1.0,1.0,0,0.0,0.0,0.0,0.0,1.0,0.0,0.0,1.0
e73659d3,38.0,55.0,541.0,137.0,26.0,31.0,11.0,18.0,1.0,4.0,0,0.5,0.3,-0.5,2.0,1.0,2.0,1.0,2.0
9a2e0ccc,121.0,136.0,1596.0,479.0,80.0,86.0,32.0,36.0,5.0,7.0,0,0.3,0.6,-0.3,4.0,12.0,7.0,0.0,19.0
c3e39f12,22.0,24.0,477.0,288.0,5.0,5.0,12.0,12.0,4.0,6.0,0,0.0,0.0,0.0,0.0,0.0,0.0,0.0,0.0
a9142dc3,4.0,5.0,71.0,3.0,2.0,3.0,2.0,2.0,0.0,0.0,0,0.0,0.0,0.0,0.0,0.0,0.0,0.0,0.0
f620b04f,35.0,49.0,497.0,103.0,20.0,25.0,12.0,16.0,1.0,2.0,0,0.5,0.2,-0.5,2.0,2.0,1.0,0.0,3.0
74f2e748,114.0,153.0,1666.0,386.0,68.0,77.0,36.0,49.0,5.0,12.0,2,0.8,0.5,1.2,5.0,7.0,5.0,1.0,10.0
fd4d5f81,38.0,55.0,482.0,82.0,23.0,30.0,11.0,15.0,1.0,4.0,1,0.4,0.4,0.6,2.0,4.0,1.0,0.0,4.0
c235e803,94.0,106.0,1874.0,494.0,29.0,32.0,52.0,57.0,13.0,17.0,0,0.0,0.0,0.0,0.0,3.0,0.0,0.0,7.0
3b387cc7,32.0,36.0,450.0,128.0,19.0,21.0,12.0,14.0,0.0,0.0,0,0.0,0.0,0.0,0.0,3.0,0.0,0.0,4.0
ce30bfc8,39.0,47.0,622.0,210.0,16.0,19.0,17.0,17.0,2.0,3.0,0,0.2,0.1,-0.2,1.0,5.0,2.0,0.0,7.0
1971591f,9.0,14.0,117.0,25.0,6.0,8.0,3.0,3.0,0.0,1.0,0,0.1,0.0,-0.1,1.0,1.0,1.0,0.0,2.0
5b3d1a7a,98.0,146.0,1366.0,321.0,65.0,78.0,28.0,39.0,3.0,9.0,1,0.5,0.8,0.5,6.0,4.0,5.0,2.0,8.0
c2731c10,109.0,123.0,1702.0,334.0,64.0,70.0,38.0,41.0,7.0,10.0,0,0.4,0.8,-0.4,4.0,5.0,5.0,3.0,10.0
2bed3eab,183.0,190.0,3510.0,1292.0,56.0,57.0,106.0,109.0,17.0,20.0,0,0.1,0.3,-0.1,1.0,26.0,4.0,2.0,25.0
18dd3219,61.0,67.0,1250.0,409.0,19.0,20.0,32.0,36.0,9.0,10.0,0,0.0,0.0,0.0,0.0,6.0,0.0,0.0,2.0
19cae58d,141.0,168.0,1955.0,424.0,87.0,96.0,44.0,50.0,4.0,8.0,0,0.7,0.5,-0.7,6.0,13.0,4.0,2.0,15.0
8827bf46,52.0,63.0,783.0,145.0,29.0,31.0,19.0,20.0,2.0,7.0,0,0.0,0.0,0.0,0.0,4.0,0.0,0.0,5.0
8d3d3b0a,21.0,34.0,261.0,61.0,13.0,21.0,6.0,7.0,0.0,0.0,0,0.4,0.2,-0.4,4.0,0.0,1.0,0.0,2.0
41eebdf5,156.0,170.0,2895.0,790.0,52.0,55.0,90.0,93.0,11.0,17.0,0,0.0,0.0,0.0,0.0,16.0,0.0,0.0,11.0
1338e42b,8.0,13.0,111.0,39.0,5.0,7.0,3.0,3.0,0.0,1.0,0,0.0,0.0,0.0,0.0,0.0,0.0,0.0,0.0
16ceb862,85.0,129.0,1039.0,257.0,53.0,75.0,18.0,27.0,3.0,4.0,2,0.8,0.7,1.2,7.0,8.0,1.0,0.0,12.0
88e357ef,111.0,135.0,1640.0,384.0,65.0,75.0,36.0,40.0,7.0,13.0,3,1.2,0.4,1.8,4.0,12.0,1.0,0.0,8.0
0d4fd3a0,227.0,266.0,4211.0,1477.0,88.0,98.0,108.0,116.0,27.0,44.0,0,0.1,0.1,-0.1,4.0,11.0,1.0,0.0,15.0
56f6f826,115.0,152.0,2477.0,710.0,34.0,41.0,63.0,68.0,18.0,38.0,0,0.1,0.0,-0.1,1.0,7.0,0.0,0.0,3.0
7a11550b,170.0,214.0,3109.0,1213.0,59.0,69.0,87.0,99.0,17.0,34.0,1,0.3,0.3,0.7,2.0,15.0,1.0,1.0,18.0
6e4df551,102.0,125.0,1847.0,493.0,50.0,59.0,36.0,41.0,13.0,17.0,1,0.3,0.9,0.7,5.0,9.0,4.0,0.0,16.0
01e5f06e,230.0,264.0,3569.0,840.0,128.0,133.0,89.0,102.0,10.0,20.0,1,0.3,0.3,0.7,3.0,33.0,4.0,2.0,29.0
f4b52308,14.0,19.0,191.0,53.0,11.0,12.0,2.0,3.0,1.0,3.0,0,0.0,0.1,0.0,0.0,0.0,2.0,0.0,3.0
c275947b,92.0,127.0,1519.0,401.0,49.0,58.0,35.0,49.0,7.0,13.0,2,0.3,0.3,1.7,5.0,7.0,3.0,0.0,11.0
cc86b9a3,157.0,188.0,2412.0,823.0,79.0,89.0,68.0,80.0,6.0,12.0,3,1.3,0.3,1.7,6.0,25.0,3.0,0.0,26.0
2d970560,152.0,191.0,2752.0,985.0,65.0,75.0,67.0,83.0,18.0,25.0,0,0.6,0.9,-0.6,4.0,9.0,3.0,3.0,13.0
9efa1d25,164.0,218.0,2142.0,611.0,105.0,123.0,42.0,59.0,7.0,18.0,2,0.6,0.6,1.4,5.0,15.0,4.0,0.0,25.0
3cd7820a,118.0,154.0,1892.0,765.0,66.0,74.0,35.0,48.0,13.0,25.0,0,0.1,0.1,-0.1,1.0,13.0,4.0,0.0,19.0
62182b1d,79.0,124.0,2331.0,1650.0,9.0,9.0,39.0,39.0,31.0,75.0,0,0.0,0.0,0.0,0.0,1.0,0.0,0.0,0.0
b8e740fb,118.0,143.0,1738.0,539.0,70.0,79.0,38.0,44.0,5.0,7.0,0,0.6,0.6,-0.6,5.0,13.0,3.0,0.0,15.0
3f034750,20.0,30.0,602.0,422.0,4.0,4.0,11.0,11.0,5.0,15.0,0,0.0,0.0,0.0,0.0,2.0,0.0,0.0,0.0
b0b4fd3e,235.0,271.0,3294.0,583.0,154.0,164.0,64.0,73.0,11.0,18.0,0,1.2,1.1,-1.2,15.0,7.0,14.0,0.0,30.0
df69b544,190.0,245.0,3009.0,699.0,108.0,119.0,59.0,81.0,18.0,34.0,1,1.2,0.8,-0.2,9.0,15.0,7.0,1.0,26.0
ffbbc83b,34.0,41.0,616.0,183.0,15.0,16.0,15.0,16.0,4.0,8.0,0,0.0,0.1,0.0,1.0,2.0,2.0,1.0,3.0
b1f4086c,357.0,428.0,5415.0,1507.0,201.0,218.0,118.0,139.0,27.0,40.0,2,1.7,1.1,0.3,10.0,30.0,10.0,1.0,32.0
8b8e759d,67.0,79.0,1138.0,338.0,29.0,31.0,32.0,36.0,5.0,7.0,0,0.0,0.1,0.0,0.0,5.0,1.0,0.0,7.0
0076ab7f,296.0,328.0,5750.0,1609.0,111.0,123.0,147.0,155.0,36.0,45.0,0,0.1,0.1,-0.1,2.0,17.0,1.0,0.0,17.0
e6bc67d7,9.0,12.0,135.0,42.0,4.0,4.0,3.0,4.0,1.0,1.0,0,0.0,0.0,0.0,0.0,2.0,0.0,0.0,2.0
5ea8ef20,223.0,257.0,3524.0,871.0,116.0,126.0,82.0,93.0,15.0,21.0,0,0.3,0.2,-0.3,5.0,28.0,5.0,1.0,36.0
048a1cbc,207.0,246.0,2845.0,1161.0,138.0,151.0,49.0,62.0,11.0,16.0,0,1.1,0.3,-1.1,7.0,8.0,5.0,0.0,19.0
7155e3e1,47.0,51.0,1051.0,213.0,14.0,15.0,23.0,26.0,10.0,10.0,0,0.0,0.0,0.0,0.0,16.0,0.0,0.0,10.0
bcb2ccd8,51.0,64.0,960.0,497.0,24.0,26.0,19.0,19.0,8.0,19.0,0,0.0,0.0,0.0,0.0,0.0,0.0,0.0,0.0
819b3158,436.0,488.0,6463.0,1303.0,261.0,279.0,141.0,152.0,24.0,33.0,1,1.0,0.6,0.0,9.0,41.0,3.0,0.0,42.0
5ad50391,377.0,423.0,7610.0,2918.0,112.0,116.0,216.0,226.0,42.0,66.0,0,0.2,0.1,-0.2,2.0,22.0,1.0,0.0,18.0
1f44ac21,40.0,49.0,535.0,108.0,25.0,28.0,13.0,15.0,1.0,1.0,0,0.6,0.1,-0.6,4.0,3.0,1.0,0.0,6.0
92432bc6,156.0,174.0,2322.0,733.0,79.0,83.0,62.0,68.0,7.0,12.0,0,0.5,0.4,-0.5,2.0,15.0,1.0,0.0,15.0
e42d61c7,280.0,307.0,3643.0,993.0,173.0,184.0,80.0,86.0,6.0,7.0,2,0.4,0.3,1.6,3.0,10.0,5.0,1.0,16.0
d2fd7c14,78.0,107.0,1283.0,437.0,39.0,43.0,30.0,46.0,7.0,12.0,0,0.6,0.8,-0.6,8.0,6.0,6.0,2.0,12.0
ba115a40,16.0,20.0,145.0,16.0,14.0,14.0,0.0,1.0,0.0,0.0,0,0.0,0.0,0.0,0.0,0.0,0.0,0.0,0.0
8ff2354e,98.0,116.0,1604.0,425.0,44.0,46.0,44.0,49.0,6.0,12.0,1,0.3,0.4,0.7,3.0,7.0,3.0,3.0,3.0
e7d59f4f,181.0,215.0,2885.0,644.0,90.0,98.0,63.0,74.0,17.0,26.0,2,1.5,0.8,0.5,13.0,20.0,7.0,1.0,24.0
cb4f24c6,162.0,174.0,3592.0,2064.0,27.0,27.0,113.0,114.0,21.0,32.0,0,0.0,0.0,0.0,0.0,0.0,0.0,0.0,0.0
9ab16552,125.0,153.0,2435.0,770.0,43.0,43.0,66.0,77.0,15.0,31.0,0,0.0,0.0,0.0,0.0,4.0,1.0,0.0,8.0
78f85621,188.0,242.0,3152.0,1045.0,86.0,107.0,68.0,79.0,22.0,33.0,0,0.4,0.4,-0.4,7.0,16.0,9.0,1.0,31.0
8454388c,92.0,127.0,1442.0,639.0,50.0,55.0,34.0,47.0,6.0,19.0,0,0.1,0.2,-0.1,3.0,9.0,6.0,3.0,8.0
fed7cb61,137.0,183.0,1835.0,399.0,90.0,112.0,34.0,51.0,6.0,9.0,0,1.5,0.8,-1.5,8.0,7.0,5.0,1.0,14.0
a39bb753,58.0,66.0,731.0,138.0,38.0,41.0,16.0,18.0,1.0,1.0,1,0.3,0.2,0.7,5.0,2.0,3.0,0.0,4.0
50871bcc,75.0,98.0,1140.0,287.0,38.0,42.0,27.0,31.0,5.0,14.0,0,0.3,0.1,-0.3,5.0,2.0,1.0,0.0,7.0
40d08dcd,101.0,140.0,1569.0,461.0,57.0,63.0,32.0,46.0,8.0,17.0,1,0.3,0.5,0.7,3.0,6.0,4.0,2.0,7.0
61f63784,73.0,84.0,1653.0,823.0,18.0,21.0,37.0,40.0,15.0,18.0,0,0.0,0.2,0.0,0.0,8.0,0.0,0.0,1.0
935e6b8f,185.0,212.0,3048.0,744.0,87.0,93.0,73.0,82.0,16.0,22.0,1,0.6,0.5,0.4,6.0,19.0,5.0,0.0,25.0
ffed43e3,44.0,56.0,943.0,256.0,6.0,9.0,33.0,36.0,5.0,11.0,0,0.0,0.0,0.0,1.0,3.0,0.0,0.0,2.0
0a89e877,64.0,73.0,1201.0,390.0,30.0,34.0,24.0,27.0,9.0,9.0,0,0.0,0.5,0.0,1.0,12.0,3.0,1.0,10.0
555f3a0b,109.0,120.0,2037.0,820.0,35.0,36.0,66.0,73.0,8.0,11.0,0,0.1,0.2,-0.1,1.0,13.0,2.0,0.0,14.0
c3ee18ef,118.0,135.0,2234.0,879.0,50.0,52.0,56.0,60.0,12.0,20.0,0,0.0,0.0,0.0,0.0,15.0,0.0,0.0,8.0
d4c9725f,242.0,295.0,4085.0,1428.0,123.0,133.0,90.0,101.0,25.0,38.0,1,1.2,0.9,-0.2,10.0,18.0,4.0,1.0,23.0
92e7e919,113.0,172.0,1411.0,388.0,74.0,85.0,26.0,43.0,4.0,17.0,0,1.4,1.1,-1.4,10.0,3.0,5.0,0.0,12.0
0c7a48f8,251.0,308.0,4085.0,1459.0,111.0,125.0,111.0,129.0,19.0,34.0,0,0.3,0.3,-0.3,3.0,18.0,1.0,0.0,19.0
5521f419,65.0,88.0,917.0,220.0,40.0,54.0,20.0,23.0,3.0,6.0,1,0.8,0.2,0.2,6.0,6.0,2.0,0.0,13.0
d92ab59f,55.0,85.0,1001.0,442.0,25.0,33.0,22.0,31.0,6.0,16.0,1,0.2,0.2,0.8,2.0,4.0,4.0,4.0,6.0
ad3389d5,160.0,203.0,3994.0,2946.0,34.0,34.0,88.0,88.0,38.0,80.0,0,0.0,0.0,0.0,0.0,3.0,0.0,0.0,0.0
15f3ec41,173.0,215.0,2705.0,679.0,96.0,114.0,61.0,68.0,11.0,21.0,0,1.2,1.2,-1.2,10.0,14.0,10.0,1.0,31.0
05d548d8,190.0,224.0,3950.0,1469.0,59.0,67.0,97.0,102.0,31.0,46.0,0,0.0,0.0,0.0,0.0,7.0,2.0,0.0,10.0
8b04d6c1,336.0,381.0,5625.0,1697.0,161.0,175.0,139.0,152.0,27.0,37.0,2,0.5,0.5,1.5,4.0,28.0,6.0,2.0,35.0
ba492306,4.0,8.0,72.0,36.0,2.0,3.0,2.0,4.0,0.0,1.0,1,0.2,0.1,0.8,2.0,0.0,2.0,2.0,1.0
33651873,330.0,378.0,6548.0,2452.0,103.0,112.0,185.0,202.0,39.0,58.0,0,0.0,0.1,0.0,0.0,12.0,0.0,0.0,13.0
a0b4bb3e,168.0,198.0,2859.0,755.0,93.0,100.0,54.0,60.0,18.0,26.0,1,0.2,0.4,0.8,5.0,14.0,6.0,0.0,28.0
1f994616,43.0,70.0,1184.0,779.0,9.0,9.0,22.0,22.0,12.0,39.0,0,0.0,0.0,0.0,0.0,0.0,0.0,0.0,0.0
29fbdc88,175.0,215.0,3002.0,642.0,82.0,97.0,66.0,77.0,18.0,24.0,0,0.2,0.2,-0.2,4.0,13.0,3.0,1.0,17.0
d97cccc9,61.0,77.0,955.0,229.0,32.0,35.0,22.0,30.0,4.0,7.0,1,0.3,0.0,0.7,3.0,10.0,0.0,0.0,5.0
a8ee54ad,279.0,362.0,4499.0,1791.0,149.0,168.0,103.0,137.0,19.0,42.0,0,0.0,0.1,0.0,1.0,18.0,1.0,0.0,18.0
1265a93a,292.0,352.0,4886.0,1165.0,153.0,166.0,111.0,129.0,24.0,33.0,1,0.6,0.9,0.4,4.0,18.0,6.0,3.0,29.0
4737cebe,15.0,19.0,234.0,59.0,9.0,10.0,5.0,6.0,1.0,2.0,0,0.0,0.1,0.0,1.0,1.0,2.0,0.0,5.0
eeba07f8,21.0,32.0,322.0,45.0,9.0,13.0,9.0,14.0,1.0,1.0,0,0.3,0.1,-0.3,3.0,2.0,0.0,0.0,1.0
213f0daf,72.0,90.0,1168.0,359.0,36.0,40.0,31.0,40.0,3.0,5.0,0,0.1,0.0,-0.1,1.0,4.0,1.0,0.0,7.0
b244e804,96.0,122.0,1798.0,945.0,42.0,43.0,43.0,50.0,10.0,16.0,1,0.5,0.4,0.5,3.0,10.0,3.0,1.0,10.0
cd1629bc,145.0,167.0,2813.0,904.0,43.0,45.0,88.0,97.0,13.0,23.0,0,0.0,0.0,0.0,0.0,10.0,1.0,0.0,9.0
ee644761,427.0,457.0,8050.0,2824.0,136.0,145.0,267.0,283.0,23.0,27.0,0,0.0,0.1,0.0,0.0,28.0,0.0,0.0,29.0
79083382,42.0,47.0,764.0,265.0,14.0,16.0,26.0,29.0,1.0,1.0,0,0.0,0.0,0.0,0.0,1.0,0.0,0.0,1.0
f9bd541e,49.0,74.0,725.0,233.0,26.0,34.0,19.0,22.0,1.0,10.0,0,0.2,0.1,-0.2,5.0,10.0,2.0,0.0,8.0
c16c4e3b,56.0,83.0,949.0,335.0,29.0,33.0,18.0,24.0,6.0,17.0,0,0.8,0.6,-0.8,4.0,1.0,2.0,0.0,5.0
4fb9c88f,36.0,45.0,430.0,79.0,23.0,27.0,9.0,10.0,0.0,0.0,0,0.1,0.1,-0.1,1.0,0.0,1.0,0.0,3.0
1bacc518,152.0,175.0,2389.0,565.0,79.0,84.0,55.0,61.0,12.0,13.0,0,0.2,0.3,-0.2,2.0,18.0,3.0,1.0,20.0
2a0c8ba4,157.0,171.0,2855.0,679.0,65.0,70.0,76.0,82.0,14.0,16.0,0,0.1,0.4,-0.1,1.0,11.0,1.0,0.0,20.0
45db685d,334.0,361.0,5539.0,1371.0,158.0,164.0,147.0,158.0,19.0,25.0,0,0.3,0.4,-0.3,7.0,36.0,6.0,0.0,40.0
2b65fe46,84.0,111.0,1516.0,494.0,36.0,41.0,35.0,45.0,11.0,18.0,0,0.5,0.8,-0.5,9.0,6.0,13.0,7.0,11.0
178ae8f8,64.0,80.0,811.0,260.0,35.0,41.0,21.0,24.0,1.0,3.0,4,1.3,0.5,2.7,11.0,6.0,5.0,1.0,14.0
7111d552,207.0,265.0,2539.0,479.0,146.0,165.0,40.0,52.0,10.0,22.0,2,1.3,1.0,0.7,8.0,9.0,2.0,1.0,11.0
0a084b35,281.0,342.0,4837.0,1751.0,120.0,136.0,138.0,156.0,18.0,30.0,0,0.9,0.8,-0.9,6.0,35.0,14.0,7.0,45.0
2a9f6b4d,88.0,125.0,1168.0,160.0,47.0,65.0,25.0,32.0,4.0,9.0,2,1.4,0.8,0.6,4.0,6.0,3.0,0.0,7.0
c066d1a5,44.0,51.0,571.0,174.0,26.0,27.0,13.0,14.0,1.0,4.0,0,0.0,0.0,0.0,0.0,4.0,0.0,0.0,4.0
85f7d1be,370.0,420.0,7238.0,3023.0,131.0,149.0,183.0,192.0,51.0,69.0,0,0.1,0.2,-0.1,2.0,32.0,3.0,2.0,30.0
df064106,171.0,238.0,3521.0,1349.0,60.0,75.0,74.0,89.0,30.0,56.0,0,0.6,0.7,-0.6,8.0,18.0,4.0,1.0,24.0
15b287da,221.0,280.0,3620.0,1108.0,124.0,141.0,74.0,93.0,21.0,37.0,0,0.4,0.3,-0.4,3.0,20.0,7.0,0.0,28.0
4da9191b,39.0,40.0,617.0,124.0,21.0,21.0,16.0,17.0,2.0,2.0,0,0.1,0.0,-0.1,2.0,1.0,0.0,0.0,3.0
17458720,0.0,0.0,0.0,0.0,0.0,0.0,0.0,0.0,0.0,0.0,0,0.0,0.0,0.0,0.0,0.0,0.0,0.0,0.0
0ca476cc,32.0,41.0,479.0,160.0,17.0,20.0,12.0,15.0,1.0,3.0,0,0.2,0.1,-0.2,2.0,5.0,2.0,2.0,4.0
b825a650,148.0,155.0,2251.0,605.0,85.0,88.0,54.0,55.0,6.0,8.0,0,0.1,0.1,-0.1,2.0,17.0,6.0,0.0,22.0
21a66f6a,135.0,219.0,2382.0,778.0,61.0,93.0,43.0,62.0,21.0,34.0,2,1.1,0.7,0.9,9.0,25.0,8.0,1.0,34.0
23a10591,2.0,3.0,31.0,9.0,1.0,1.0,1.0,1.0,0.0,0.0,0,0.0,0.0,0.0,0.0,0.0,0.0,0.0,0.0
3d50bcdb,12.0,18.0,235.0,57.0,4.0,4.0,6.0,6.0,2.0,5.0,0,0.0,0.0,0.0,0.0,1.0,0.0,0.0,5.0
316de854,98.0,120.0,1407.0,272.0,60.0,64.0,32.0,41.0,4.0,8.0,0,0.4,0.4,-0.4,3.0,6.0,6.0,3.0,12.0
05e19d6a,160.0,185.0,2424.0,385.0,93.0,106.0,55.0,60.0,9.0,11.0,0,0.2,0.2,-0.2,2.0,9.0,4.0,1.0,8.0
862fa9fb,191.0,222.0,3805.0,1218.0,57.0,62.0,110.0,116.0,23.0,40.0,0,0.0,0.0,0.0,0.0,9.0,0.0,0.0,7.0
49296448,424.0,487.0,8032.0,2304.0,164.0,180.0,195.0,208.0,55.0,83.0,3,1.9,1.1,1.1,13.0,66.0,5.0,0.0,54.0
aef6e670,98.0,103.0,1344.0,619.0,54.0,55.0,35.0,36.0,3.0,5.0,0,0.0,0.0,0.0,0.0,5.0,0.0,0.0,0.0
82c615f8,156.0,198.0,2932.0,1150.0,60.0,70.0,79.0,87.0,16.0,35.0,0,0.0,0.0,0.0,0.0,8.0,1.0,0.0,11.0
8b8a56ce,120.0,136.0,2452.0,931.0,31.0,34.0,66.0,71.0,20.0,27.0,0,0.1,0.0,-0.1,1.0,4.0,0.0,0.0,9.0
2b0852db,96.0,152.0,1276.0,557.0,59.0,76.0,24.0,45.0,4.0,18.0,0,1.4,1.1,-1.4,11.0,14.0,6.0,2.0,17.0
15fd5593,59.0,66.0,836.0,119.0,36.0,37.0,17.0,21.0,3.0,3.0,0,0.1,0.1,-0.1,2.0,2.0,0.0,0.0,2.0
c2a30c01,7.0,8.0,86.0,16.0,4.0,5.0,2.0,2.0,0.0,0.0,0,0.0,0.0,0.0,0.0,1.0,1.0,0.0,2.0
ca8033cb,10.0,14.0,170.0,92.0,3.0,3.0,4.0,5.0,1.0,2.0,0,0.0,0.0,0.0,0.0,2.0,0.0,0.0,2.0
19a967ab,78.0,120.0,1283.0,448.0,31.0,40.0,42.0,61.0,3.0,15.0,1,0.5,0.1,0.5,3.0,0.0,1.0,0.0,5.0
cd59b9df,109.0,143.0,2490.0,1568.0,27.0,27.0,59.0,60.0,22.0,54.0,0,0.0,0.0,0.0,0.0,0.0,0.0,0.0,0.0
ff74841d,95.0,143.0,3180.0,2558.0,16.0,16.0,33.0,33.0,46.0,94.0,0,0.0,0.0,0.0,0.0,3.0,0.0,0.0,0.0
6747869d,7.0,8.0,102.0,10.0,5.0,5.0,1.0,1.0,1.0,1.0,0,0.0,0.0,0.0,0.0,0.0,0.0,0.0,0.0
55126f3b,230.0,260.0,3688.0,1033.0,134.0,142.0,65.0,74.0,25.0,35.0,0,0.2,0.1,-0.2,3.0,18.0,1.0,0.0,23.0
3935e52e,102.0,118.0,1758.0,490.0,43.0,48.0,50.0,57.0,8.0,10.0,0,0.0,0.1,0.0,0.0,5.0,0.0,0.0,10.0
c0b3669f,61.0,95.0,662.0,99.0,43.0,60.0,11.0,21.0,1.0,3.0,0,0.2,0.3,-0.2,3.0,3.0,1.0,0.0,3.0
5ed9b537,80.0,103.0,1191.0,456.0,40.0,46.0,33.0,36.0,3.0,15.0,0,0.1,0.0,-0.1,1.0,1.0,0.0,0.0,1.0
cce181df,182.0,210.0,3451.0,827.0,85.0,93.0,65.0,72.0,27.0,37.0,0,0.0,0.2,0.0,1.0,21.0,2.0,0.0,15.0
aee634bf,175.0,212.0,2779.0,1061.0,98.0,106.0,61.0,68.0,14.0,20.0,0,0.2,0.0,-0.2,4.0,9.0,1.0,0.0,14.0
6f639ec7,14.0,19.0,167.0,31.0,10.0,11.0,3.0,5.0,0.0,0.0,0,0.0,0.0,0.0,0.0,0.0,1.0,0.0,2.0
1f3afdcb,260.0,314.0,4293.0,1650.0,133.0,146.0,107.0,123.0,15.0,30.0,0,0.1,0.1,-0.1,2.0,30.0,2.0,0.0,26.0
b1cd37e6,172.0,249.0,2717.0,686.0,101.0,120.0,55.0,83.0,12.0,31.0,1,1.3,0.5,-0.3,12.0,14.0,7.0,5.0,15.0
da974c7b,279.0,308.0,4914.0,2203.0,122.0,130.0,138.0,144.0,16.0,29.0,0,0.2,0.4,-0.2,2.0,28.0,2.0,0.0,26.0
4d1666ff,200.0,221.0,3532.0,1303.0,92.0,100.0,96.0,104.0,12.0,15.0,1,0.1,0.2,0.9,1.0,19.0,1.0,0.0,28.0
79c0821a,266.0,306.0,4554.0,1295.0,124.0,137.0,116.0,127.0,22.0,28.0,0,0.6,0.7,-0.6,4.0,54.0,9.0,0.0,43.0
9606f0b2,2.0,4.0,35.0,18.0,1.0,2.0,1.0,1.0,0.0,1.0,0,0.0,0.0,0.0,0.0,0.0,0.0,0.0,0.0
6ce1f46f,547.0,593.0,10013.0,3647.0,245.0,262.0,211.0,215.0,73.0,92.0,2,0.6,0.9,1.4,12.0,81.0,6.0,2.0,66.0
817c6964,105.0,140.0,1589.0,489.0,62.0,74.0,31.0,41.0,7.0,8.0,0,0.0,0.1,0.0,0.0,11.0,1.0,0.0,16.0
47420f02,4.0,4.0,73.0,12.0,1.0,1.0,3.0,3.0,0.0,0.0,0,0.0,0.0,0.0,0.0,1.0,0.0,0.0,1.0
292a652a,0.0,0.0,0.0,0.0,0.0,0.0,0.0,0.0,0.0,0.0,0,0.0,0.0,0.0,0.0,0.0,0.0,0.0,0.0
df3cda47,33.0,48.0,524.0,86.0,17.0,21.0,13.0,19.0,2.0,4.0,0,0.1,0.1,-0.1,2.0,0.0,1.0,1.0,1.0
dea88efd,121.0,173.0,1567.0,304.0,83.0,100.0,21.0,34.0,7.0,16.0,4,1.5,1.1,2.5,9.0,5.0,1.0,1.0,6.0
c1b7847c,60.0,73.0,887.0,196.0,27.0,32.0,27.0,28.0,1.0,5.0,0,0.0,0.1,0.0,1.0,6.0,1.0,0.0,6.0
abe66106,97.0,121.0,1593.0,249.0,48.0,59.0,39.0,47.0,8.0,10.0,0,0.6,0.5,-0.6,5.0,4.0,4.0,0.0,16.0
8e034340,88.0,127.0,1386.0,411.0,44.0,52.0,34.0,41.0,6.0,21.0,0,0.1,0.2,-0.1,2.0,6.0,4.0,0.0,11.0
119b9a8e,240.0,255.0,4220.0,1030.0,93.0,95.0,128.0,134.0,16.0,22.0,0,0.1,0.1,-0.1,1.0,38.0,0.0,0.0,14.0
e7af9060,1.0,1.0,14.0,1.0,1.0,1.0,0.0,0.0,0.0,0.0,0,0.0,0.0,0.0,0.0,0.0,0.0,0.0,0.0
8b929ec2,0.0,0.0,0.0,0.0,0.0,0.0,0.0,0.0,0.0,0.0,0,0.0,0.0,0.0,0.0,0.0,0.0,0.0,0.0
da9018ca,229.0,274.0,3838.0,1378.0,116.0,137.0,84.0,94.0,26.0,33.0,0,0.3,0.3,-0.3,7.0,20.0,2.0,0.0,29.0
20730eae,122.0,166.0,2200.0,512.0,61.0,73.0,38.0,53.0,19.0,23.0,2,1.3,2.1,0.7,10.0,13.0,10.0,5.0,15.0
4dbd0916,50.0,64.0,854.0,200.0,27.0,33.0,16.0,16.0,7.0,14.0,0,0.2,0.1,-0.2,2.0,4.0,3.0,0.0,7.0
4f28a6ff,251.0,301.0,4595.0,1677.0,110.0,116.0,113.0,134.0,27.0,47.0,0,0.4,0.5,-0.4,2.0,22.0,0.0,0.0,23.0
bbd86530,59.0,86.0,1039.0,313.0,29.0,36.0,24.0,33.0,5.0,10.0,0,0.0,0.0,0.0,2.0,1.0,1.0,0.0,3.0
1b82f8df,127.0,164.0,1999.0,528.0,72.0,87.0,36.0,47.0,11.0,15.0,0,0.2,0.1,-0.2,4.0,12.0,2.0,0.0,14.0
8d78e732,86.0,131.0,1084.0,265.0,57.0,75.0,22.0,30.0,2.0,6.0,0,0.7,1.8,-0.7,7.0,6.0,7.0,2.0,18.0
b57e066e,88.0,97.0,1360.0,123.0,49.0,52.0,36.0,38.0,2.0,6.0,0,0.1,0.1,-0.1,1.0,7.0,0.0,0.0,1.0
d6e53a3a,247.0,264.0,4828.0,1710.0,68.0,74.0,154.0,156.0,24.0,32.0,0,0.0,0.1,0.0,0.0,27.0,2.0,0.0,16.0
37dc1a48,87.0,133.0,1175.0,301.0,51.0,73.0,26.0,33.0,3.0,12.0,0,1.0,0.9,-1.0,8.0,4.0,5.0,0.0,10.0
58f077c0,172.0,253.0,4861.0,3636.0,32.0,32.0,80.0,81.0,59.0,139.0,0,0.0,0.0,0.0,0.0,2.0,0.0,0.0,0.0
99a8ddc9,272.0,363.0,4244.0,1882.0,149.0,171.0,93.0,124.0,19.0,33.0,0,0.1,0.2,-0.1,2.0,25.0,5.0,1.0,32.0
02c15616,98.0,117.0,1227.0,278.0,65.0,67.0,23.0,26.0,3.0,8.0,0,0.1,0.1,-0.1,2.0,6.0,2.0,0.0,9.0
8f62b6ee,150.0,176.0,3508.0,2335.0,43.0,43.0,72.0,73.0,34.0,59.0,0,0.0,0.0,0.0,0.0,2.0,0.0,0.0,0.0
e9fda01d,16.0,21.0,175.0,33.0,10.0,11.0,3.0,5.0,0.0,0.0,0,0.0,0.0,0.0,0.0,0.0,1.0,0.0,1.0
e1cbb531,390.0,428.0,5814.0,1717.0,225.0,237.0,130.0,144.0,22.0,27.0,0,0.2,0.2,-0.2,3.0,26.0,1.0,0.0,27.0
a8a874f1,170.0,196.0,3232.0,1139.0,68.0,75.0,67.0,72.0,28.0,39.0,0,0.3,0.2,-0.3,1.0,21.0,4.0,0.0,28.0
e97fd090,160.0,183.0,2478.0,680.0,85.0,94.0,67.0,71.0,6.0,11.0,1,0.2,0.2,0.8,1.0,17.0,2.0,0.0,21.0
20b9f052,135.0,177.0,3608.0,2373.0,21.0,21.0,64.0,65.0,49.0,89.0,0,0.0,0.0,0.0,0.0,4.0,0.0,0.0,0.0
8e50599a,2.0,3.0,27.0,0.0,1.0,2.0,1.0,1.0,0.0,0.0,0,0.0,0.0,0.0,0.0,0.0,0.0,0.0,0.0
a69e4806,57.0,92.0,851.0,250.0,33.0,43.0,17.0,29.0,4.0,8.0,1,1.6,1.0,-0.6,6.0,5.0,1.0,0.0,8.0
881cd6be,329.0,378.0,5153.0,1509.0,183.0,199.0,106.0,120.0,30.0,37.0,0,0.0,0.2,0.0,0.0,28.0,1.0,0.0,27.0
5eae500a,12.0,15.0,143.0,50.0,7.0,8.0,4.0,4.0,0.0,1.0,0,0.4,0.5,-0.4,3.0,2.0,1.0,0.0,3.0
0df2b165,173.0,217.0,2847.0,774.0,81.0,95.0,70.0,79.0,12.0,26.0,0,0.1,0.0,-0.1,1.0,9.0,1.0,0.0,12.0
3061e1ec,41.0,43.0,612.0,412.0,24.0,24.0,15.0,15.0,2.0,4.0,0,0.0,0.0,0.0,0.0,0.0,0.0,0.0,0.0
7be09c86,6.0,7.0,65.0,12.0,4.0,5.0,2.0,2.0,0.0,0.0,0,0.2,0.0,-0.2,1.0,0.0,0.0,0.0,0.0
395451fc,51.0,71.0,708.0,136.0,30.0,38.0,19.0,22.0,0.0,2.0,0,0.7,0.4,-0.7,4.0,0.0,3.0,1.0,4.0
892d5bb1,246.0,286.0,4438.0,575.0,112.0,120.0,104.0,118.0,27.0,34.0,1,1.7,1.5,-0.7,17.0,9.0,11.0,2.0,14.0
fcb38f57,53.0,59.0,1343.0,745.0,10.0,10.0,25.0,25.0,18.0,24.0,0,0.0,0.0,0.0,0.0,0.0,0.0,0.0,0.0
864163f3,37.0,50.0,449.0,90.0,28.0,33.0,7.0,9.0,0.0,4.0,0,0.0,0.1,0.0,1.0,4.0,1.0,0.0,6.0
c20bdcd7,339.0,383.0,4996.0,1401.0,186.0,197.0,136.0,150.0,9.0,18.0,0,0.1,0.2,-0.1,2.0,33.0,2.0,1.0,34.0
c691bfe2,147.0,186.0,2302.0,661.0,84.0,97.0,54.0,65.0,8.0,13.0,1,0.9,1.1,0.1,7.0,18.0,15.0,0.0,34.0
7a20d90a,90.0,104.0,1812.0,589.0,30.0,34.0,47.0,50.0,13.0,19.0,0,0.0,0.0,0.0,0.0,3.0,0.0,0.0,2.0
133faa84,141.0,164.0,2562.0,1039.0,51.0,53.0,83.0,92.0,7.0,16.0,0,0.0,0.0,0.0,0.0,7.0,0.0,0.0,11.0
f0da930c,253.0,288.0,5481.0,2093.0,75.0,81.0,122.0,135.0,53.0,66.0,0,0.1,0.1,-0.1,1.0,14.0,4.0,1.0,16.0
5c4dc0ff,2.0,4.0,36.0,16.0,0.0,1.0,2.0,2.0,0.0,1.0,0,0.0,0.0,0.0,0.0,0.0,0.0,0.0,1.0
148af9a8,3.0,4.0,45.0,18.0,2.0,3.0,1.0,1.0,0.0,0.0,0,0.0,0.0,0.0,0.0,0.0,0.0,0.0,1.0
f0021247,302.0,357.0,4134.0,1152.0,176.0,194.0,97.0,108.0,13.0,25.0,1,1.8,1.9,-0.8,11.0,25.0,12.0,4.0,37.0
82a39b66,78.0,104.0,1061.0,311.0,52.0,59.0,24.0,31.0,1.0,9.0,0,0.1,0.2,-0.1,1.0,4.0,2.0,0.0,8.0
d5f2f82b,357.0,386.0,5811.0,1975.0,160.0,167.0,161.0,170.0,21.0,31.0,0,0.0,0.1,0.0,1.0,15.0,1.0,0.0,15.0
b4ecc6b6,24.0,27.0,481.0,84.0,6.0,6.0,15.0,15.0,3.0,5.0,0,0.0,0.0,0.0,0.0,1.0,0.0,0.0,0.0
f7036e1c,96.0,131.0,1485.0,398.0,54.0,69.0,33.0,42.0,7.0,10.0,2,1.1,0.7,0.9,5.0,10.0,6.0,0.0,17.0
f3945e07,19.0,34.0,198.0,51.0,13.0,21.0,3.0,9.0,0.0,0.0,0,0.0,0.0,0.0,1.0,0.0,0.0,0.0,1.0
55abe554,61.0,79.0,917.0,341.0,39.0,39.0,20.0,27.0,2.0,8.0,0,0.0,0.0,0.0,1.0,5.0,1.0,0.0,5.0
feb5d972,50.0,60.0,923.0,255.0,23.0,26.0,18.0,20.0,8.0,9.0,0,0.0,0.2,0.0,1.0,5.0,1.0,0.0,4.0
b217ef29,155.0,175.0,2923.0,1064.0,51.0,58.0,83.0,90.0,18.0,23.0,0,0.0,0.1,0.0,1.0,18.0,0.0,0.0,16.0
33144cc5,9.0,18.0,95.0,0.0,9.0,14.0,0.0,1.0,0.0,1.0,0,0.0,0.0,0.0,0.0,0.0,0.0,0.0,0.0
1adcf39e,393.0,444.0,6943.0,2506.0,165.0,172.0,196.0,207.0,29.0,58.0,0,0.0,0.0,0.0,0.0,10.0,0.0,0.0,6.0
826e8b63,23.0,35.0,334.0,143.0,13.0,16.0,9.0,14.0,0.0,1.0,0,0.0,0.0,0.0,0.0,0.0,0.0,0.0,3.0
0e6bc38c,55.0,75.0,715.0,135.0,38.0,46.0,14.0,20.0,2.0,4.0,0,0.3,0.5,-0.3,5.0,2.0,3.0,0.0,7.0
b74277a0,260.0,312.0,3734.0,1351.0,159.0,171.0,88.0,104.0,10.0,17.0,0,0.1,0.3,-0.1,1.0,29.0,4.0,0.0,19.0
42fd9c7f,196.0,259.0,2416.0,503.0,133.0,161.0,43.0,60.0,8.0,13.0,3,1.1,1.3,1.9,8.0,10.0,11.0,3.0,28.0
e76cb9cc,226.0,278.0,4143.0,1125.0,92.0,102.0,103.0,122.0,24.0,38.0,1,0.3,0.3,0.7,2.0,16.0,3.0,1.0,18.0
64b08de7,8.0,10.0,118.0,26.0,5.0,5.0,3.0,4.0,0.0,0.0,0,0.0,0.0,0.0,0.0,2.0,2.0,0.0,2.0
f3a97d02,121.0,196.0,3431.0,2479.0,18.0,20.0,63.0,63.0,40.0,111.0,0,0.0,0.0,0.0,0.0,1.0,0.0,0.0,0.0
6800f515,139.0,157.0,2182.0,640.0,71.0,78.0,62.0,63.0,6.0,12.0,0,0.2,0.4,-0.2,3.0,21.0,2.0,0.0,23.0
01c3aff5,115.0,152.0,1714.0,406.0,64.0,80.0,44.0,56.0,4.0,5.0,0,0.0,0.1,0.0,0.0,8.0,1.0,0.0,13.0
3b0108d6,21.0,31.0,522.0,366.0,3.0,3.0,12.0,12.0,6.0,15.0,0,0.0,0.0,0.0,0.0,0.0,0.0,0.0,0.0
0a6dbbf7,357.0,409.0,7915.0,2394.0,73.0,85.0,224.0,236.0,57.0,83.0,0,0.0,0.0,0.0,0.0,13.0,0.0,0.0,13.0
95f5aae8,187.0,260.0,3085.0,1171.0,92.0,113.0,76.0,96.0,14.0,36.0,1,0.2,0.3,0.8,2.0,17.0,2.0,1.0,16.0
38f8ce7f,31.0,38.0,364.0,127.0,23.0,25.0,7.0,9.0,0.0,1.0,0,0.0,0.0,0.0,0.0,1.0,1.0,0.0,1.0
48b3dd60,11.0,13.0,200.0,27.0,4.0,5.0,6.0,6.0,1.0,1.0,0,0.0,0.0,0.0,0.0,1.0,0.0,0.0,1.0
8f696594,14.0,16.0,221.0,58.0,8.0,8.0,4.0,5.0,2.0,3.0,0,0.0,0.0,0.0,0.0,4.0,1.0,0.0,3.0
a30e23de,21.0,30.0,367.0,181.0,7.0,9.0,11.0,14.0,2.0,4.0,0,0.0,0.0,0.0,0.0,1.0,1.0,0.0,4.0
f20e4cc9,135.0,176.0,1954.0,684.0,89.0,102.0,30.0,41.0,11.0,17.0,0,0.5,0.4,-0.5,4.0,9.0,4.0,2.0,6.0
33887998,23.0,25.0,544.0,240.0,5.0,5.0,12.0,12.0,6.0,8.0,0,0.0,0.0,0.0,0.0,0.0,0.0,0.0,0.0
3cefcaef,289.0,304.0,4064.0,988.0,160.0,167.0,95.0,99.0,13.0,13.0,0,0.3,0.3,-0.3,3.0,27.0,2.0,1.0,22.0
9413b19f,188.0,213.0,3925.0,2340.0,56.0,56.0,97.0,99.0,34.0,56.0,0,0.0,0.0,0.0,0.0,0.0,0.0,0.0,0.0
d70ce98e,310.0,360.0,3933.0,1379.0,199.0,213.0,80.0,95.0,8.0,16.0,4,2.0,1.7,2.0,16.0,36.0,19.0,0.0,47.0
f49c4ae9,27.0,33.0,464.0,109.0,9.0,10.0,14.0,17.0,2.0,4.0,0,0.0,0.2,0.0,0.0,1.0,0.0,0.0,2.0
e162b013,202.0,259.0,3117.0,1036.0,109.0,127.0,84.0,100.0,7.0,17.0,1,0.8,0.9,0.2,6.0,11.0,4.0,2.0,11.0
b56dd813,130.0,155.0,3347.0,2068.0,27.0,27.0,65.0,65.0,38.0,62.0,0,0.0,0.0,0.0,0.0,0.0,0.0,0.0,0.0
d436eb94,209.0,288.0,6605.0,5281.0,32.0,33.0,79.0,80.0,97.0,173.0,0,0.0,0.0,0.0,0.0,1.0,0.0,0.0,0.0
85613cf0,64.0,87.0,984.0,163.0,29.0,36.0,25.0,32.0,4.0,9.0,0,0.5,0.2,-0.5,6.0,5.0,2.0,0.0,6.0
2784f898,254.0,281.0,4643.0,1839.0,110.0,117.0,112.0,116.0,28.0,39.0,0,0.0,0.0,0.0,0.0,13.0,0.0,0.0,8.0
2f90f6b8,85.0,106.0,1429.0,411.0,43.0,48.0,32.0,37.0,8.0,12.0,0,0.0,0.1,0.0,1.0,5.0,7.0,1.0,15.0
e0f8151c,422.0,478.0,7846.0,3077.0,143.0,156.0,239.0,260.0,29.0,46.0,0,0.0,0.2,0.0,1.0,21.0,1.0,0.0,26.0
bbf5c11b,21.0,34.0,291.0,34.0,16.0,22.0,4.0,8.0,1.0,2.0,0,0.0,0.0,0.0,0.0,0.0,0.0,0.0,2.0
34693494,67.0,96.0,1065.0,283.0,35.0,43.0,25.0,29.0,4.0,14.0,0,0.0,0.1,0.0,0.0,9.0,5.0,0.0,15.0
46152b69,255.0,285.0,5260.0,1473.0,88.0,93.0,117.0,129.0,45.0,54.0,0,0.0,0.2,0.0,1.0,28.0,4.0,0.0,29.0
dd0daf32,176.0,225.0,2800.0,693.0,94.0,106.0,65.0,79.0,10.0,16.0,0,0.1,0.3,-0.1,2.0,17.0,4.0,1.0,22.0
34e4343c,27.0,44.0,345.0,78.0,14.0,20.0,8.0,15.0,1.0,2.0,0,0.0,0.1,0.0,1.0,2.0,2.0,1.0,4.0
6025fab1,277.0,318.0,4249.0,1136.0,147.0,158.0,92.0,101.0,23.0,39.0,1,0.5,1.2,0.5,4.0,37.0,4.0,0.0,30.0
cfdacb90,190.0,224.0,3025.0,788.0,100.0,115.0,75.0,83.0,11.0,13.0,0,0.0,0.1,0.0,1.0,20.0,2.0,0.0,33.0
b62878a5,102.0,123.0,1716.0,215.0,48.0,57.0,41.0,48.0,9.0,10.0,3,0.3,0.2,2.7,5.0,9.0,1.0,0.0,9.0
25b74470,148.0,183.0,2363.0,894.0,76.0,83.0,56.0,69.0,11.0,21.0,0,0.4,0.5,-0.4,7.0,11.0,5.0,5.0,17.0
23610943,266.0,364.0,3952.0,1555.0,156.0,181.0,89.0,127.0,12.0,35.0,0,0.8,0.6,-0.8,7.0,17.0,7.0,5.0,23.0
374d5158,114.0,142.0,1820.0,721.0,55.0,59.0,53.0,67.0,4.0,9.0,0,0.2,0.2,-0.2,4.0,7.0,2.0,2.0,12.0
47b7e3af,111.0,139.0,1630.0,457.0,72.0,78.0,28.0,39.0,7.0,13.0,0,0.1,0.6,-0.1,2.0,13.0,3.0,1.0,12.0
129af0db,39.0,59.0,749.0,114.0,18.0,26.0,12.0,18.0,8.0,9.0,0,0.1,0.1,-0.1,3.0,3.0,4.0,2.0,5.0
ef88f778,41.0,63.0,620.0,120.0,19.0,27.0,15.0,19.0,3.0,5.0,0,0.1,0.0,-0.1,1.0,1.0,0.0,0.0,3.0
a650c75b,116.0,149.0,2116.0,636.0,52.0,63.0,50.0,58.0,14.0,18.0,1,0.2,0.1,0.8,1.0,9.0,1.0,0.0,15.0
736157b7,81.0,132.0,1213.0,529.0,45.0,60.0,32.0,45.0,3.0,10.0,1,0.4,0.4,0.6,3.0,9.0,4.0,3.0,7.0
6ce43701,35.0,43.0,511.0,184.0,19.0,23.0,15.0,15.0,1.0,2.0,2,0.4,0.2,1.6,4.0,3.0,0.0,0.0,8.0
9674002f,213.0,264.0,3294.0,1023.0,127.0,140.0,55.0,70.0,23.0,32.0,2,0.8,1.0,1.2,12.0,26.0,13.0,3.0,40.0
2b622f01,37.0,61.0,486.0,125.0,26.0,33.0,8.0,16.0,2.0,5.0,0,0.3,0.3,-0.3,3.0,4.0,1.0,1.0,4.0
049a888d,11.0,20.0,119.0,61.0,9.0,12.0,2.0,5.0,0.0,0.0,0,0.1,0.1,-0.1,2.0,2.0,1.0,0.0,1.0
049a888d,111.0,154.0,1505.0,407.0,78.0,88.0,24.0,37.0,5.0,18.0,2,0.7,1.1,1.3,5.0,4.0,4.0,1.0,14.0
dbfbdf06,4.0,6.0,48.0,2.0,3.0,5.0,1.0,1.0,0.0,0.0,0,0.0,0.0,0.0,0.0,0.0,0.0,0.0,0.0
ac73ec79,28.0,38.0,391.0,105.0,17.0,24.0,11.0,12.0,0.0,0.0,0,0.0,0.1,0.0,1.0,0.0,0.0,0.0,0.0
3c6089ab,89.0,108.0,1202.0,332.0,54.0,63.0,27.0,35.0,2.0,2.0,1,0.1,0.2,0.9,3.0,3.0,2.0,0.0,12.0
4567a0b4,27.0,41.0,314.0,45.0,13.0,19.0,9.0,13.0,0.0,1.0,0,0.1,0.2,-0.1,1.0,2.0,2.0,0.0,3.0
2c0558b8,112.0,128.0,1622.0,499.0,67.0,70.0,37.0,42.0,6.0,9.0,2,1.2,0.8,0.8,9.0,6.0,6.0,0.0,24.0
3e9bd29d,166.0,204.0,2541.0,709.0,104.0,113.0,52.0,67.0,8.0,16.0,2,0.3,0.2,1.7,2.0,5.0,2.0,2.0,10.0
441197b8,309.0,369.0,4734.0,1847.0,159.0,175.0,128.0,149.0,13.0,29.0,1,0.1,0.1,0.9,1.0,17.0,0.0,0.0,15.0
2946f9a1,207.0,226.0,3207.0,1034.0,105.0,111.0,90.0,96.0,6.0,9.0,0,0.1,0.1,-0.1,3.0,7.0,1.0,0.0,8.0
3f10bd22,85.0,112.0,1357.0,375.0,43.0,48.0,38.0,48.0,4.0,11.0,0,0.1,0.2,-0.1,1.0,2.0,3.0,1.0,5.0
e7281ea9,14.0,22.0,212.0,56.0,8.0,12.0,6.0,9.0,0.0,1.0,0,0.0,0.0,0.0,1.0,1.0,0.0,0.0,0.0
5cdddffa,172.0,196.0,2395.0,674.0,94.0,102.0,59.0,65.0,6.0,11.0,1,1.4,0.8,-0.4,8.0,10.0,6.0,1.0,17.0
4f1e6a0b,115.0,159.0,1555.0,405.0,69.0,83.0,36.0,46.0,4.0,10.0,1,0.4,1.1,0.6,3.0,12.0,10.0,3.0,17.0
953597a1,34.0,36.0,674.0,258.0,8.0,8.0,24.0,24.0,2.0,3.0,0,0.0,0.0,0.0,0.0,0.0,0.0,0.0,1.0
8778c910,98.0,121.0,2661.0,1808.0,11.0,11.0,53.0,55.0,34.0,54.0,0,0.0,0.0,0.0,0.0,0.0,0.0,0.0,0.0
c2a15a27,0.0,0.0,0.0,0.0,0.0,0.0,0.0,0.0,0.0,0.0,0,0.0,0.0,0.0,0.0,0.0,0.0,0.0,0.0
69384e5d,321.0,393.0,4415.0,1482.0,183.0,208.0,92.0,108.0,19.0,35.0,2,1.6,1.4,0.4,16.0,39.0,25.0,1.0,57.0
5853ac44,86.0,95.0,1570.0,587.0,32.0,33.0,45.0,49.0,8.0,12.0,0,0.4,0.0,-0.4,1.0,2.0,0.0,0.0,6.0
f6a90edd,102.0,158.0,1916.0,574.0,45.0,62.0,40.0,54.0,14.0,28.0,1,0.5,0.4,0.5,2.0,12.0,2.0,1.0,16.0
c14bc029,114.0,143.0,1609.0,418.0,67.0,78.0,41.0,49.0,4.0,8.0,0,0.1,0.3,-0.1,2.0,10.0,1.0,1.0,11.0
7c56da38,211.0,233.0,2820.0,709.0,137.0,147.0,54.0,58.0,10.0,11.0,1,2.5,1.3,-1.5,10.0,15.0,10.0,1.0,23.0
5458f670,3.0,4.0,57.0,2.0,2.0,2.0,0.0,0.0,1.0,1.0,0,0.0,0.0,0.0,0.0,0.0,0.0,0.0,1.0
4d77b365,55.0,90.0,621.0,99.0,30.0,42.0,14.0,25.0,1.0,7.0,1,0.1,0.1,0.9,1.0,1.0,1.0,0.0,4.0
4ab12002,14.0,17.0,168.0,29.0,9.0,11.0,4.0,5.0,0.0,0.0,0,0.0,0.0,0.0,1.0,1.0,1.0,0.0,2.0
fb495bb8,224.0,274.0,3784.0,995.0,113.0,132.0,86.0,100.0,20.0,28.0,0,0.5,0.6,-0.5,2.0,18.0,9.0,2.0,30.0
ee8508c0,79.0,113.0,2200.0,1716.0,16.0,16.0,41.0,42.0,22.0,54.0,0,0.0,0.0,0.0,0.0,1.0,0.0,0.0,0.0
a08b974a,11.0,13.0,169.0,5.0,6.0,6.0,5.0,6.0,0.0,0.0,0,0.0,0.0,0.0,0.0,0.0,0.0,0.0,0.0
a04e47f0,4.0,6.0,89.0,14.0,1.0,1.0,2.0,3.0,1.0,2.0,0,0.0,0.0,0.0,0.0,0.0,0.0,0.0,1.0
f7750aa0,256.0,319.0,4914.0,1485.0,96.0,112.0,122.0,139.0,34.0,52.0,0,0.1,0.1,-0.1,1.0,30.0,0.0,0.0,28.0
ca607d59,50.0,73.0,737.0,143.0,27.0,35.0,16.0,23.0,3.0,5.0,0,0.5,0.2,-0.5,6.0,4.0,3.0,0.0,7.0
41c12f75,279.0,335.0,3859.0,1310.0,166.0,182.0,93.0,109.0,7.0,17.0,2,0.6,0.5,1.4,9.0,22.0,1.0,0.0,20.0
ae44e8e2,14.0,24.0,276.0,60.0,6.0,11.0,4.0,8.0,3.0,4.0,0,0.1,0.0,-0.1,2.0,1.0,2.0,1.0,2.0
e9c0c1b2,224.0,287.0,6218.0,4491.0,52.0,52.0,94.0,96.0,76.0,137.0,0,0.0,0.0,0.0,0.0,8.0,0.0,0.0,0.0
751a0fb5,206.0,247.0,3996.0,828.0,68.0,82.0,107.0,114.0,25.0,37.0,0,0.1,0.1,-0.1,2.0,11.0,1.0,0.0,17.0
20030c06,425.0,477.0,8687.0,2823.0,119.0,129.0,255.0,271.0,49.0,67.0,0,0.1,0.1,-0.1,1.0,29.0,2.0,0.0,33.0
43a166b4,13.0,21.0,180.0,51.0,7.0,9.0,4.0,7.0,0.0,0.0,0,0.2,0.0,-0.2,1.0,1.0,0.0,0.0,1.0
ee950928,121.0,172.0,1736.0,531.0,67.0,79.0,36.0,51.0,8.0,20.0,0,0.3,0.4,-0.3,4.0,8.0,7.0,1.0,15.0
c1242d4e,50.0,52.0,1063.0,779.0,19.0,19.0,22.0,22.0,9.0,11.0,0,0.0,0.0,0.0,0.0,0.0,0.0,0.0,0.0
8c90fd7a,16.0,24.0,264.0,63.0,7.0,12.0,6.0,8.0,2.0,2.0,0,0.5,0.3,-0.5,3.0,1.0,1.0,1.0,3.0
0d267745,341.0,379.0,6862.0,2552.0,110.0,121.0,170.0,177.0,53.0,66.0,1,0.6,0.7,0.4,5.0,5.0,1.0,0.0,15.0
28b1f3ce,200.0,263.0,3372.0,1400.0,110.0,124.0,55.0,70.0,27.0,42.0,2,1.5,1.0,0.5,14.0,25.0,9.0,2.0,32.0
15413fa5,229.0,270.0,3292.0,905.0,118.0,134.0,77.0,86.0,13.0,21.0,1,0.8,0.3,0.2,5.0,16.0,3.0,0.0,20.0
e82adcab,61.0,79.0,1020.0,317.0,31.0,36.0,24.0,29.0,6.0,11.0,0,0.0,0.1,0.0,1.0,4.0,1.0,1.0,7.0
dc7f8a28,54.0,63.0,912.0,88.0,27.0,30.0,21.0,23.0,6.0,7.0,0,0.0,0.1,0.0,0.0,4.0,1.0,1.0,4.0
13d23b29,2.0,6.0,21.0,10.0,2.0,4.0,0.0,1.0,0.0,1.0,0,0.0,0.0,0.0,0.0,0.0,0.0,0.0,0.0
dff153a4,214.0,240.0,3999.0,1574.0,78.0,84.0,109.0,115.0,22.0,30.0,1,0.2,0.6,0.8,6.0,33.0,2.0,0.0,29.0
5c899683,57.0,69.0,990.0,220.0,22.0,25.0,27.0,34.0,6.0,7.0,1,0.0,0.0,1.0,0.0,3.0,1.0,0.0,8.0
3392603d,187.0,283.0,4479.0,3163.0,41.0,41.0,106.0,110.0,40.0,129.0,0,0.0,0.0,0.0,0.0,1.0,0.0,0.0,0.0
a62c16d0,61.0,81.0,1085.0,210.0,31.0,40.0,17.0,22.0,11.0,13.0,0,0.1,0.1,-0.1,2.0,5.0,0.0,0.0,10.0
53070b63,13.0,17.0,133.0,47.0,10.0,11.0,2.0,4.0,0.0,0.0,0,0.1,0.0,-0.1,1.0,1.0,1.0,0.0,2.0
45a03961,419.0,453.0,7250.0,2883.0,176.0,187.0,211.0,221.0,27.0,34.0,0,0.2,0.5,-0.2,1.0,47.0,2.0,1.0,41.0
25146df0,153.0,219.0,2598.0,1189.0,74.0,90.0,66.0,87.0,10.0,31.0,0,0.2,0.0,-0.2,2.0,10.0,0.0,0.0,20.0
58ae47b2,46.0,58.0,674.0,189.0,27.0,30.0,13.0,16.0,4.0,6.0,0,0.1,0.1,-0.1,1.0,6.0,2.0,1.0,9.0
0d9b2d31,253.0,287.0,4530.0,1008.0,116.0,127.0,100.0,110.0,32.0,37.0,0,0.8,0.7,-0.8,8.0,34.0,12.0,0.0,35.0
3b61c9ec,78.0,118.0,1225.0,512.0,44.0,46.0,27.0,44.0,5.0,16.0,0,0.1,0.1,-0.1,2.0,4.0,2.0,0.0,10.0
cc1c5035,37.0,39.0,731.0,487.0,10.0,10.0,24.0,24.0,3.0,5.0,0,0.0,0.0,0.0,0.0,0.0,0.0,0.0,0.0
c906ce0f,166.0,202.0,3258.0,1114.0,60.0,66.0,81.0,89.0,21.0,40.0,0,0.0,0.1,0.0,0.0,8.0,1.0,0.0,10.0
fc4e7637,193.0,251.0,3048.0,1203.0,103.0,131.0,73.0,86.0,14.0,22.0,0,0.7,0.7,-0.7,8.0,14.0,9.0,2.0,23.0
8fd9996f,255.0,274.0,4128.0,1290.0,129.0,136.0,90.0,96.0,23.0,25.0,0,0.0,0.0,0.0,0.0,11.0,0.0,0.0,16.0
121101a4,260.0,304.0,4370.0,1807.0,117.0,129.0,124.0,144.0,14.0,24.0,0,0.1,0.3,-0.1,2.0,5.0,2.0,0.0,15.0
4c62d0c8,46.0,55.0,1142.0,813.0,7.0,7.0,28.0,28.0,10.0,19.0,0,0.0,0.0,0.0,0.0,2.0,0.0,0.0,0.0
6fe90922,180.0,267.0,3537.0,1085.0,67.0,86.0,85.0,114.0,24.0,50.0,3,1.4,1.8,1.6,11.0,11.0,8.0,5.0,22.0
51a56075,121.0,139.0,2499.0,1377.0,41.0,46.0,57.0,62.0,21.0,27.0,0,0.0,0.0,0.0,0.0,4.0,1.0,0.0,6.0
24228180,131.0,197.0,2342.0,425.0,65.0,92.0,37.0,55.0,21.0,27.0,2,1.1,0.7,0.9,9.0,9.0,4.0,0.0,13.0
6db16dda,31.0,44.0,449.0,68.0,19.0,21.0,9.0,11.0,2.0,4.0,0,0.1,0.1,-0.1,2.0,0.0,2.0,1.0,2.0
4f565d77,14.0,15.0,383.0,126.0,4.0,4.0,4.0,4.0,6.0,7.0,0,0.0,0.0,0.0,0.0,8.0,0.0,0.0,5.0
307877be,56.0,78.0,593.0,53.0,38.0,45.0,9.0,13.0,1.0,1.0,2,0.4,0.2,1.6,8.0,1.0,1.0,0.0,2.0
b5b2e1ba,33.0,47.0,562.0,144.0,14.0,19.0,16.0,17.0,3.0,8.0,0,0.0,0.1,0.0,0.0,2.0,1.0,1.0,2.0
5db20508,1.0,1.0,5.0,5.0,1.0,1.0,0.0,0.0,0.0,0.0,0,0.0,0.0,0.0,0.0,0.0,0.0,0.0,0.0
adfc9123,224.0,242.0,4380.0,1575.0,73.0,79.0,123.0,127.0,28.0,36.0,0,0.0,0.1,0.0,0.0,19.0,0.0,0.0,11.0
55a1cac2,51.0,79.0,805.0,190.0,16.0,25.0,28.0,37.0,3.0,8.0,0,0.1,0.1,-0.1,2.0,1.0,3.0,0.0,7.0
d697a2d0,0.0,0.0,0.0,0.0,0.0,0.0,0.0,0.0,0.0,0.0,0,0.0,0.0,0.0,0.0,0.0,0.0,0.0,0.0
5e861944,89.0,125.0,1536.0,450.0,49.0,56.0,30.0,44.0,9.0,16.0,0,0.3,0.6,-0.3,2.0,7.0,5.0,0.0,15.0
27d0a506,162.0,234.0,3022.0,965.0,71.0,86.0,71.0,84.0,18.0,50.0,1,0.5,0.2,0.5,4.0,5.0,2.0,2.0,8.0
d2416c2e,6.0,14.0,101.0,29.0,4.0,8.0,1.0,2.0,1.0,1.0,0,0.0,0.0,0.0,0.0,0.0,1.0,0.0,1.0
1bf33a9a,48.0,58.0,594.0,183.0,34.0,36.0,8.0,13.0,2.0,3.0,1,1.0,0.7,0.0,5.0,2.0,2.0,0.0,8.0
8794e251,204.0,240.0,3127.0,808.0,113.0,125.0,72.0,87.0,14.0,16.0,0,0.1,0.3,-0.1,4.0,23.0,5.0,1.0,32.0
89f951b5,207.0,245.0,3994.0,1059.0,83.0,96.0,90.0,97.0,32.0,39.0,1,0.2,0.3,0.8,3.0,22.0,5.0,0.0,26.0
f63cda26,62.0,96.0,822.0,84.0,40.0,59.0,16.0,21.0,3.0,6.0,0,0.5,0.1,-0.5,3.0,1.0,2.0,0.0,4.0
08511d65,428.0,459.0,7500.0,2381.0,185.0,191.0,172.0,181.0,49.0,61.0,0,0.0,0.1,0.0,0.0,20.0,0.0,0.0,23.0
d720e834,3.0,3.0,55.0,5.0,2.0,2.0,0.0,0.0,1.0,1.0,0,0.0,0.0,0.0,0.0,0.0,0.0,0.0,0.0
3423f250,127.0,180.0,2418.0,665.0,53.0,64.0,54.0,67.0,19.0,37.0,2,1.1,0.8,0.9,9.0,11.0,8.0,0.0,17.0
6e058f06,71.0,91.0,1286.0,213.0,34.0,39.0,21.0,28.0,11.0,15.0,2,0.5,0.3,1.5,4.0,8.0,1.0,0.0,10.0
7d450ed3,264.0,320.0,3990.0,977.0,143.0,157.0,96.0,111.0,15.0,31.0,0,0.7,1.2,-0.7,8.0,8.0,12.0,6.0,12.0
536cebe5,52.0,87.0,970.0,431.0,22.0,42.0,16.0,18.0,9.0,18.0,0,0.4,0.7,-0.4,2.0,10.0,3.0,2.0,15.0
ae1159bf,295.0,334.0,5124.0,1613.0,129.0,141.0,144.0,159.0,19.0,26.0,0,0.2,0.4,-0.2,1.0,17.0,2.0,0.0,13.0
3376a776,35.0,37.0,576.0,132.0,20.0,20.0,12.0,13.0,3.0,3.0,0,0.0,0.0,0.0,0.0,2.0,0.0,0.0,0.0
c5cbbcff,106.0,130.0,1827.0,442.0,46.0,52.0,43.0,51.0,12.0,12.0,0,0.0,0.1,0.0,2.0,8.0,2.0,0.0,6.0
36a3ff67,54.0,64.0,737.0,176.0,32.0,35.0,16.0,18.0,1.0,2.0,1,0.8,1.1,0.2,4.0,6.0,1.0,0.0,7.0
7fa4e703,87.0,119.0,1209.0,263.0,50.0,62.0,29.0,33.0,4.0,11.0,2,1.0,0.8,1.0,6.0,5.0,1.0,0.0,9.0
fa031b34,72.0,102.0,961.0,329.0,37.0,49.0,28.0,32.0,1.0,3.0,0,0.8,0.5,-0.8,7.0,3.0,2.0,0.0,12.0
7e56d3db,159.0,194.0,2677.0,1003.0,73.0,78.0,71.0,84.0,10.0,18.0,0,0.1,0.2,-0.1,3.0,5.0,3.0,2.0,18.0
335fa267,173.0,189.0,2580.0,598.0,91.0,95.0,73.0,82.0,6.0,8.0,2,0.8,0.7,1.2,3.0,41.0,0.0,0.0,25.0
2e4f5f03,195.0,242.0,3148.0,1015.0,108.0,114.0,62.0,82.0,18.0,30.0,2,0.5,0.6,1.5,8.0,13.0,6.0,3.0,16.0
c738a5ec,4.0,6.0,111.0,41.0,1.0,1.0,0.0,2.0,2.0,2.0,0,0.1,0.0,-0.1,1.0,1.0,0.0,0.0,1.0
e12b0b5b,125.0,159.0,1875.0,452.0,70.0,83.0,46.0,52.0,5.0,14.0,1,0.8,0.5,0.2,4.0,19.0,0.0,0.0,13.0
6434f10d,513.0,552.0,9644.0,2115.0,206.0,216.0,240.0,254.0,61.0,68.0,0,0.1,0.3,-0.1,1.0,64.0,3.0,0.0,46.0
8f5e92a6,207.0,234.0,2210.0,476.0,151.0,162.0,26.0,36.0,5.0,7.0,2,1.3,1.1,0.7,9.0,18.0,5.0,1.0,14.0
a3d94a58,350.0,387.0,5938.0,1989.0,150.0,162.0,174.0,185.0,20.0,28.0,0,0.1,0.2,-0.1,1.0,24.0,7.0,0.0,27.0
ed45c4a5,372.0,413.0,6521.0,1529.0,153.0,166.0,176.0,190.0,32.0,39.0,0,0.1,0.3,-0.1,3.0,44.0,2.0,0.0,45.0
90c1f9a4,39.0,55.0,547.0,239.0,23.0,32.0,15.0,20.0,0.0,1.0,0,0.0,0.0,0.0,0.0,5.0,1.0,0.0,6.0
4b3e1a38,263.0,299.0,5398.0,2161.0,79.0,85.0,149.0,162.0,32.0,45.0,0,0.0,0.1,0.0,0.0,11.0,2.0,0.0,17.0
18b896d6,267.0,287.0,4944.0,1528.0,109.0,111.0,126.0,135.0,26.0,33.0,0,0.0,0.0,0.0,1.0,18.0,0.0,0.0,12.0
14b8fcdf,48.0,55.0,798.0,340.0,19.0,20.0,25.0,26.0,3.0,7.0,0,0.0,0.0,0.0,0.0,3.0,0.0,0.0,1.0
0b5a292a,124.0,144.0,2085.0,636.0,66.0,70.0,40.0,47.0,14.0,18.0,1,0.3,0.3,0.7,3.0,9.0,5.0,1.0,11.0
c0c7ff58,140.0,155.0,1890.0,605.0,88.0,91.0,33.0,37.0,8.0,12.0,0,0.5,0.2,-0.5,2.0,11.0,1.0,0.0,11.0
12e7ac0a,12.0,15.0,130.0,26.0,8.0,10.0,0.0,1.0,1.0,1.0,0,0.0,0.1,0.0,1.0,0.0,0.0,0.0,1.0
4535e4bb,37.0,65.0,1330.0,1037.0,4.0,4.0,12.0,12.0,21.0,49.0,0,0.0,0.0,0.0,0.0,1.0,0.0,0.0,0.0
009a4f60,2.0,3.0,45.0,29.0,1.0,2.0,0.0,0.0,1.0,1.0,0,0.0,0.0,0.0,0.0,0.0,1.0,0.0,1.0
e280527c,128.0,149.0,1940.0,461.0,72.0,84.0,47.0,52.0,6.0,8.0,0,0.1,0.1,-0.1,3.0,7.0,2.0,0.0,16.0
ee251371,65.0,88.0,1030.0,193.0,35.0,44.0,25.0,30.0,4.0,10.0,0,0.2,0.3,-0.2,4.0,0.0,4.0,2.0,7.0
be6a794c,36.0,52.0,498.0,119.0,23.0,26.0,10.0,14.0,1.0,2.0,0,0.1,0.1,-0.1,3.0,3.0,1.0,1.0,4.0
e342ad68,152.0,186.0,2044.0,526.0,79.0,89.0,49.0,59.0,7.0,12.0,2,2.3,1.7,-0.3,11.0,8.0,13.0,0.0,21.0
032f894e,102.0,106.0,1520.0,421.0,60.0,61.0,34.0,34.0,6.0,7.0,0,0.0,0.0,0.0,0.0,8.0,0.0,0.0,5.0
2c0f8e9e,108.0,133.0,1551.0,212.0,66.0,75.0,23.0,31.0,8.0,10.0,1,0.8,0.6,0.2,6.0,12.0,5.0,1.0,9.0
da7b447d,8.0,11.0,142.0,47.0,3.0,4.0,5.0,5.0,0.0,1.0,0,0.0,0.0,0.0,0.0,0.0,0.0,0.0,0.0
2f33776f,0.0,0.0,0.0,0.0,0.0,0.0,0.0,0.0,0.0,0.0,0,0.0,0.0,0.0,0.0,0.0,0.0,0.0,0.0
0d82903c,175.0,196.0,3105.0,909.0,82.0,84.0,72.0,84.0,19.0,24.0,0,0.0,0.1,0.0,0.0,22.0,1.0,1.0,23.0
dccd127f,159.0,189.0,3020.0,791.0,64.0,73.0,75.0,82.0,19.0,28.0,0,0.0,0.0,0.0,0.0,6.0,0.0,0.0,10.0
2b114be3,165.0,193.0,2307.0,586.0,107.0,121.0,48.0,54.0,6.0,9.0,1,1.3,1.5,-0.3,8.0,9.0,16.0,0.0,26.0
a6ee4f55,127.0,151.0,2248.0,366.0,61.0,67.0,50.0,58.0,14.0,20.0,0,0.3,0.3,-0.3,5.0,3.0,2.0,1.0,5.0
24051310,168.0,236.0,2722.0,1072.0,87.0,101.0,68.0,95.0,10.0,29.0,0,0.0,0.2,0.0,2.0,12.0,2.0,0.0,12.0
eaefa2d0,10.0,12.0,117.0,23.0,6.0,6.0,1.0,2.0,1.0,1.0,0,0.0,0.0,0.0,0.0,0.0,0.0,0.0,0.0
9744ff80,17.0,26.0,224.0,77.0,7.0,8.0,5.0,9.0,1.0,2.0,0,0.1,0.1,-0.1,1.0,3.0,0.0,0.0,0.0
f6ac68c1,183.0,205.0,3474.0,1251.0,65.0,65.0,95.0,102.0,20.0,31.0,0,0.1,0.1,-0.1,3.0,17.0,2.0,1.0,14.0
5d4f7d61,74.0,94.0,1055.0,259.0,44.0,55.0,18.0,21.0,6.0,7.0,0,0.1,0.1,-0.1,2.0,11.0,1.0,0.0,9.0
8f056768,317.0,358.0,5333.0,1647.0,153.0,167.0,127.0,142.0,29.0,35.0,0,0.1,0.4,-0.1,2.0,42.0,5.0,0.0,34.0
34e12499,302.0,344.0,5861.0,1846.0,114.0,123.0,157.0,167.0,29.0,50.0,0,0.2,0.1,-0.2,3.0,16.0,1.0,0.0,20.0
f07a0fe5,158.0,188.0,2883.0,1048.0,60.0,68.0,86.0,93.0,8.0,19.0,0,0.0,0.0,0.0,0.0,5.0,0.0,0.0,8.0
28c6e925,191.0,260.0,3144.0,1172.0,101.0,130.0,61.0,75.0,22.0,38.0,0,0.6,0.5,-0.6,6.0,18.0,2.0,0.0,26.0
3260690c,53.0,88.0,628.0,87.0,38.0,57.0,8.0,13.0,3.0,5.0,0,0.1,0.4,-0.1,3.0,2.0,2.0,0.0,5.0
6aa3e78b,33.0,48.0,501.0,175.0,17.0,19.0,12.0,19.0,2.0,6.0,0,0.3,0.4,-0.3,3.0,2.0,1.0,0.0,3.0
fcea4f04,35.0,51.0,464.0,131.0,19.0,27.0,15.0,19.0,0.0,2.0,0,0.0,0.0,0.0,0.0,2.0,1.0,0.0,4.0
03998238,24.0,27.0,345.0,37.0,9.0,10.0,13.0,13.0,0.0,0.0,1,0.1,0.3,0.9,2.0,0.0,0.0,0.0,0.0
3effaa34,133.0,169.0,1738.0,361.0,78.0,92.0,40.0,52.0,3.0,4.0,3,0.6,0.8,2.4,6.0,6.0,6.0,0.0,20.0
8f0435c7,317.0,350.0,6637.0,2341.0,93.0,97.0,162.0,169.0,56.0,75.0,0,0.1,0.0,-0.1,1.0,16.0,0.0,0.0,15.0
3eb22ec9,321.0,353.0,5419.0,941.0,169.0,180.0,119.0,130.0,29.0,31.0,0,1.0,1.2,-1.0,12.0,28.0,7.0,3.0,31.0
70cf63ca,164.0,204.0,2280.0,466.0,93.0,110.0,58.0,70.0,5.0,6.0,1,1.0,0.9,0.0,12.0,8.0,13.0,1.0,29.0
86e7deaf,333.0,370.0,7227.0,2757.0,82.0,91.0,188.0,195.0,59.0,78.0,0,0.0,0.0,0.0,0.0,18.0,0.0,0.0,14.0
fcb27134,255.0,331.0,4141.0,1295.0,143.0,164.0,84.0,106.0,22.0,42.0,3,1.8,1.7,1.2,7.0,16.0,6.0,3.0,24.0
343c0d52,47.0,64.0,579.0,78.0,29.0,36.0,12.0,17.0,1.0,2.0,0,0.5,0.6,-0.5,4.0,1.0,1.0,0.0,3.0
a086ae11,3.0,5.0,40.0,1.0,2.0,4.0,1.0,1.0,0.0,0.0,0,0.0,0.1,0.0,0.0,0.0,0.0,0.0,0.0
6250083a,66.0,72.0,1011.0,322.0,34.0,35.0,25.0,27.0,4.0,7.0,0,0.1,0.1,-0.1,2.0,9.0,2.0,1.0,10.0
b35a7399,168.0,188.0,2893.0,1096.0,73.0,75.0,76.0,84.0,13.0,22.0,0,0.0,0.1,0.0,0.0,9.0,0.0,0.0,9.0
c50cee19,68.0,99.0,1228.0,440.0,37.0,46.0,18.0,26.0,11.0,20.0,1,0.7,0.5,0.3,8.0,4.0,5.0,2.0,5.0
30f5ffa9,313.0,342.0,5687.0,1675.0,121.0,127.0,168.0,181.0,23.0,28.0,0,0.2,0.1,-0.2,4.0,21.0,1.0,0.0,17.0
c967f6b8,38.0,51.0,943.0,317.0,7.0,11.0,21.0,26.0,10.0,13.0,0,0.0,0.0,0.0,0.0,1.0,0.0,0.0,3.0
2ccd89a3,43.0,59.0,685.0,347.0,21.0,25.0,15.0,21.0,4.0,8.0,0,0.0,0.0,0.0,1.0,3.0,2.0,1.0,6.0
fed17f5a,62.0,70.0,893.0,244.0,35.0,40.0,20.0,22.0,4.0,4.0,0,0.1,0.1,-0.1,3.0,9.0,1.0,1.0,6.0
0670ee51,114.0,132.0,2292.0,988.0,34.0,38.0,61.0,65.0,17.0,27.0,0,0.1,0.1,-0.1,1.0,4.0,0.0,0.0,4.0
420c18a1,25.0,29.0,513.0,260.0,5.0,5.0,18.0,19.0,2.0,5.0,0,0.0,0.0,0.0,0.0,0.0,0.0,0.0,0.0
c13ddd3e,17.0,18.0,291.0,42.0,8.0,9.0,6.0,6.0,2.0,2.0,0,0.1,0.0,-0.1,1.0,1.0,0.0,0.0,2.0
4c6facae,311.0,374.0,5165.0,1584.0,151.0,172.0,129.0,146.0,25.0,39.0,0,0.5,0.6,-0.5,6.0,35.0,4.0,1.0,36.0
74b7375f,142.0,191.0,2126.0,647.0,78.0,93.0,43.0,59.0,10.0,15.0,0,0.2,0.3,-0.2,5.0,11.0,4.0,0.0,20.0
688fcea2,45.0,56.0,765.0,217.0,24.0,27.0,16.0,19.0,4.0,7.0,0,0.3,0.4,-0.3,1.0,2.0,2.0,1.0,9.0
2d65a822,0.0,0.0,0.0,0.0,0.0,0.0,0.0,0.0,0.0,0.0,0,0.0,0.0,0.0,0.0,0.0,0.0,0.0,0.0
90339309,103.0,117.0,1900.0,703.0,37.0,38.0,56.0,61.0,8.0,15.0,0,0.1,0.0,-0.1,1.0,1.0,0.0,0.0,2.0
690d1049,76.0,100.0,1205.0,294.0,38.0,46.0,31.0,36.0,5.0,10.0,0,0.0,0.0,0.0,0.0,6.0,0.0,0.0,7.0
eca17cf2,92.0,141.0,3540.0,3089.0,8.0,8.0,37.0,38.0,47.0,95.0,0,0.0,0.0,0.0,0.0,5.0,0.0,0.0,0.0
7ed08d5c,206.0,219.0,3396.0,975.0,99.0,102.0,94.0,98.0,12.0,15.0,0,0.1,0.1,-0.1,5.0,13.0,2.0,1.0,23.0
5cfec13d,52.0,54.0,971.0,354.0,25.0,26.0,20.0,20.0,7.0,8.0,0,0.0,0.0,0.0,0.0,3.0,0.0,0.0,0.0
d0b8e745,3.0,6.0,20.0,4.0,2.0,2.0,0.0,2.0,0.0,0.0,0,0.0,0.1,0.0,0.0,0.0,0.0,0.0,0.0
ee3519f5,240.0,277.0,3836.0,1171.0,134.0,138.0,75.0,87.0,24.0,36.0,0,0.1,0.1,-0.1,2.0,15.0,0.0,0.0,16.0
b400bde0,180.0,228.0,2306.0,628.0,120.0,134.0,48.0,62.0,4.0,12.0,1,0.5,0.8,0.5,6.0,11.0,10.0,0.0,29.0
5eecec3d,150.0,164.0,2389.0,420.0,75.0,77.0,66.0,69.0,7.0,10.0,0,0.1,0.1,-0.1,2.0,20.0,3.0,0.0,13.0
1e1378e1,151.0,199.0,2174.0,612.0,73.0,86.0,55.0,71.0,9.0,19.0,0,0.6,0.7,-0.6,7.0,13.0,6.0,1.0,22.0
a793f5a8,277.0,315.0,4431.0,1194.0,151.0,164.0,98.0,113.0,23.0,28.0,2,0.8,0.6,1.2,6.0,22.0,4.0,0.0,22.0
e33c06cf,402.0,448.0,7784.0,2320.0,164.0,174.0,168.0,181.0,62.0,78.0,0,0.1,0.2,-0.1,1.0,27.0,2.0,0.0,28.0
141b0bd2,171.0,208.0,3026.0,1331.0,79.0,88.0,74.0,91.0,17.0,21.0,0,0.0,0.2,0.0,1.0,18.0,3.0,0.0,17.0
4e219ad2,82.0,100.0,1257.0,318.0,48.0,55.0,27.0,31.0,5.0,7.0,0,0.2,0.2,-0.2,3.0,6.0,3.0,1.0,14.0
33a6a650,256.0,295.0,5069.0,1649.0,73.0,77.0,152.0,164.0,27.0,46.0,0,0.0,0.0,0.0,0.0,3.0,0.0,0.0,7.0
d820a7c8,15.0,20.0,202.0,54.0,8.0,9.0,6.0,7.0,0.0,1.0,0,0.0,0.0,0.0,1.0,2.0,0.0,0.0,2.0
29c91632,230.0,260.0,4464.0,1554.0,79.0,85.0,117.0,123.0,27.0,44.0,0,0.0,0.0,0.0,1.0,7.0,0.0,0.0,13.0
01b8a2b2,89.0,103.0,2238.0,1422.0,11.0,11.0,53.0,53.0,22.0,36.0,0,0.0,0.0,0.0,0.0,1.0,0.0,0.0,0.0
934e1968,250.0,311.0,4002.0,1128.0,131.0,148.0,79.0,97.0,26.0,42.0,2,1.6,0.9,0.4,12.0,16.0,10.0,1.0,36.0
c8829a58,52.0,73.0,821.0,411.0,28.0,34.0,18.0,24.0,5.0,9.0,0,0.3,0.3,-0.3,4.0,3.0,1.0,1.0,6.0
2475dcc6,161.0,208.0,2576.0,769.0,75.0,92.0,74.0,84.0,8.0,17.0,1,1.6,1.6,-0.6,10.0,10.0,16.0,4.0,26.0
bd142efb,317.0,350.0,5986.0,1888.0,114.0,121.0,173.0,183.0,26.0,38.0,0,0.2,0.3,-0.2,3.0,17.0,0.0,0.0,17.0
e9971f2d,16.0,18.0,244.0,70.0,6.0,7.0,7.0,7.0,1.0,1.0,0,0.0,0.0,0.0,0.0,3.0,0.0,0.0,1.0
a73c8f95,257.0,282.0,5018.0,2031.0,95.0,104.0,126.0,132.0,34.0,43.0,0,0.3,0.4,-0.3,2.0,14.0,1.0,0.0,20.0
4c2a5d34,111.0,156.0,1438.0,417.0,76.0,94.0,29.0,40.0,2.0,3.0,2,3.3,2.1,-1.3,14.0,8.0,8.0,1.0,18.0
b056e3da,136.0,173.0,4027.0,2722.0,19.0,20.0,66.0,68.0,51.0,85.0,0,0.0,0.0,0.0,0.0,2.0,0.0,0.0,0.0
a65c844b,257.0,330.0,4037.0,1101.0,126.0,141.0,105.0,136.0,13.0,29.0,0,0.2,0.3,-0.2,3.0,19.0,6.0,1.0,27.0
be765073,196.0,289.0,3275.0,1193.0,94.0,116.0,75.0,107.0,20.0,46.0,0,1.0,1.0,-1.0,6.0,14.0,6.0,4.0,18.0
30d75bfb,338.0,399.0,5431.0,2023.0,155.0,172.0,161.0,174.0,13.0,30.0,0,0.7,0.7,-0.7,9.0,33.0,5.0,1.0,42.0
ad9b2747,205.0,240.0,2936.0,942.0,121.0,135.0,74.0,84.0,4.0,9.0,1,1.4,0.8,-0.4,3.0,18.0,7.0,0.0,28.0
d0a39bdf,88.0,113.0,1422.0,337.0,42.0,48.0,38.0,46.0,6.0,12.0,0,0.0,0.0,0.0,0.0,4.0,0.0,0.0,5.0
f4d8ce5a,15.0,27.0,209.0,81.0,10.0,11.0,3.0,10.0,1.0,2.0,0,0.0,0.1,0.0,1.0,1.0,1.0,0.0,2.0
4f255115,305.0,326.0,5058.0,1565.0,140.0,147.0,133.0,141.0,22.0,25.0,0,0.0,0.2,0.0,0.0,33.0,2.0,0.0,36.0
829aa60c,33.0,43.0,538.0,57.0,17.0,20.0,12.0,18.0,4.0,4.0,0,0.1,0.0,-0.1,2.0,1.0,0.0,0.0,1.0
e73c9bb2,181.0,242.0,2923.0,838.0,88.0,104.0,81.0,98.0,9.0,28.0,1,0.3,0.4,0.7,5.0,7.0,2.0,2.0,7.0
6f51e382,149.0,162.0,3810.0,2529.0,34.0,35.0,63.0,63.0,52.0,64.0,0,0.0,0.0,0.0,0.0,0.0,0.0,0.0,0.0
6b994195,32.0,43.0,635.0,256.0,7.0,8.0,19.0,25.0,4.0,7.0,0,0.0,0.0,0.0,0.0,3.0,0.0,0.0,1.0
ff5ea0bf,38.0,49.0,735.0,239.0,11.0,12.0,24.0,26.0,3.0,9.0,0,0.0,0.0,0.0,0.0,1.0,0.0,0.0,1.0
b7c19c48,55.0,71.0,1242.0,597.0,14.0,15.0,29.0,33.0,11.0,21.0,0,0.1,0.0,-0.1,2.0,3.0,0.0,0.0,3.0
a5420709,40.0,57.0,496.0,86.0,29.0,36.0,10.0,13.0,0.0,3.0,0,0.0,0.0,0.0,1.0,1.0,0.0,0.0,3.0
41034650,393.0,420.0,6541.0,2200.0,161.0,167.0,206.0,217.0,18.0,25.0,0,0.0,0.1,0.0,2.0,34.0,2.0,0.0,31.0
7edfbb8a,210.0,244.0,4362.0,1458.0,64.0,71.0,104.0,115.0,40.0,51.0,0,0.4,0.2,-0.4,3.0,13.0,3.0,0.0,16.0
0db169ae,215.0,297.0,3996.0,1233.0,91.0,105.0,81.0,103.0,33.0,63.0,2,1.5,1.3,0.5,11.0,13.0,3.0,2.0,24.0
04e531b6,70.0,78.0,991.0,184.0,43.0,46.0,20.0,24.0,5.0,6.0,0,0.0,0.0,0.0,1.0,12.0,1.0,0.0,10.0
9e1035f8,66.0,78.0,863.0,121.0,42.0,46.0,17.0,18.0,3.0,5.0,1,0.3,0.1,0.7,3.0,3.0,2.0,0.0,4.0
ab708880,5.0,6.0,80.0,22.0,3.0,3.0,1.0,1.0,1.0,1.0,0,0.0,0.0,0.0,0.0,0.0,0.0,0.0,0.0
ce17b5eb,127.0,200.0,3177.0,2144.0,42.0,42.0,50.0,53.0,34.0,103.0,0,0.0,0.0,0.0,0.0,2.0,0.0,0.0,0.0
77e39b04,91.0,120.0,1248.0,257.0,62.0,75.0,22.0,29.0,5.0,7.0,0,0.4,0.1,-0.4,2.0,6.0,1.0,0.0,12.0
41f0b196,200.0,260.0,4730.0,3301.0,56.0,56.0,101.0,103.0,42.0,99.0,0,0.0,0.0,0.0,0.0,0.0,0.0,0.0,0.0
f315ca93,170.0,239.0,3077.0,1133.0,70.0,84.0,64.0,87.0,28.0,48.0,2,1.0,1.1,1.0,11.0,6.0,2.0,1.0,14.0
aa34ed38,67.0,83.0,943.0,174.0,38.0,41.0,26.0,30.0,0.0,6.0,0,0.0,0.0,0.0,0.0,9.0,0.0,0.0,10.0
35d64857,220.0,275.0,4034.0,1597.0,83.0,95.0,116.0,135.0,17.0,38.0,0,0.0,0.1,0.0,1.0,19.0,1.0,0.0,21.0
d3dc62d1,31.0,50.0,1282.0,1109.0,0.0,0.0,14.0,15.0,17.0,35.0,0,0.0,0.0,0.0,0.0,2.0,0.0,0.0,0.0
c9817014,201.0,238.0,3424.0,621.0,80.0,95.0,101.0,108.0,12.0,18.0,0,0.0,0.0,0.0,1.0,6.0,0.0,0.0,10.0
1a799243,123.0,187.0,2125.0,1041.0,58.0,72.0,56.0,78.0,8.0,29.0,0,0.2,0.2,-0.2,3.0,10.0,5.0,3.0,11.0
7d3e7da6,102.0,116.0,2202.0,1318.0,26.0,26.0,61.0,62.0,15.0,28.0,0,0.0,0.0,0.0,0.0,0.0,0.0,0.0,0.0
1880614f,80.0,97.0,1483.0,374.0,41.0,44.0,21.0,29.0,14.0,17.0,0,1.0,0.7,-1.0,6.0,6.0,5.0,2.0,7.0
d248cd8f,331.0,366.0,7220.0,2613.0,85.0,92.0,190.0,205.0,54.0,63.0,0,0.1,0.1,-0.1,2.0,31.0,0.0,0.0,29.0
b997c3de,213.0,261.0,3492.0,1272.0,112.0,126.0,79.0,93.0,18.0,30.0,0,0.4,0.3,-0.4,8.0,17.0,3.0,1.0,22.0
0a69de7b,124.0,153.0,2437.0,852.0,38.0,42.0,76.0,86.0,9.0,22.0,0,0.3,0.0,-0.3,1.0,11.0,0.0,0.0,10.0
c2111b45,16.0,17.0,317.0,101.0,3.0,3.0,8.0,8.0,3.0,3.0,0,0.0,0.0,0.0,0.0,1.0,0.0,0.0,1.0
0959c2a2,274.0,322.0,3957.0,830.0,172.0,184.0,69.0,87.0,21.0,24.0,2,1.8,1.3,0.2,15.0,21.0,17.0,2.0,33.0
e06683ca,391.0,454.0,7161.0,2763.0,147.0,164.0,206.0,227.0,28.0,50.0,1,0.1,0.1,0.9,2.0,27.0,2.0,0.0,31.0
392a7aea,343.0,411.0,6169.0,1434.0,155.0,180.0,126.0,150.0,43.0,51.0,0,0.8,0.5,-0.8,5.0,37.0,5.0,0.0,42.0
08990838,133.0,159.0,2706.0,833.0,34.0,39.0,83.0,90.0,16.0,29.0,0,0.0,0.0,0.0,0.0,6.0,0.0,0.0,2.0
fd51b456,129.0,143.0,1918.0,408.0,69.0,72.0,49.0,56.0,4.0,8.0,1,0.4,0.8,0.6,2.0,7.0,7.0,3.0,9.0
4a56052c,362.0,411.0,6654.0,1914.0,134.0,148.0,179.0,197.0,39.0,52.0,1,0.5,0.6,0.5,8.0,55.0,3.0,2.0,54.0
5eaf85b5,1.0,2.0,20.0,0.0,0.0,0.0,1.0,1.0,0.0,0.0,0,0.0,0.0,0.0,0.0,0.0,0.0,0.0,0.0
6bc49da7,11.0,17.0,142.0,70.0,6.0,7.0,3.0,5.0,1.0,1.0,0,0.0,0.0,0.0,0.0,1.0,0.0,0.0,1.0
1467af0d,536.0,579.0,7507.0,2427.0,296.0,306.0,162.0,175.0,34.0,40.0,1,0.4,0.7,0.6,4.0,37.0,10.0,0.0,35.0
3b029691,343.0,376.0,4956.0,1151.0,195.0,210.0,100.0,105.0,22.0,27.0,0,0.1,0.3,-0.1,2.0,30.0,3.0,0.0,32.0
03df04ff,131.0,187.0,3693.0,2629.0,28.0,28.0,56.0,56.0,46.0,101.0,0,0.0,0.0,0.0,0.0,5.0,0.0,0.0,0.0
79443529,65.0,91.0,1095.0,89.0,27.0,37.0,28.0,34.0,6.0,10.0,1,0.9,0.1,0.1,1.0,3.0,1.0,0.0,5.0
aed44b64,99.0,135.0,1671.0,409.0,49.0,56.0,41.0,55.0,6.0,14.0,1,0.6,0.5,0.4,7.0,9.0,5.0,2.0,12.0
d0d8dd44,56.0,68.0,1011.0,226.0,18.0,19.0,36.0,42.0,2.0,6.0,0,0.0,0.0,0.0,0.0,1.0,0.0,0.0,0.0
86dd77d1,55.0,75.0,912.0,244.0,25.0,35.0,25.0,29.0,4.0,7.0,0,0.0,0.0,0.0,0.0,3.0,1.0,0.0,3.0
cb64672e,18.0,21.0,245.0,29.0,10.0,10.0,5.0,7.0,1.0,2.0,0,0.3,0.1,-0.3,1.0,0.0,0.0,0.0,0.0
a8b8af8d,55.0,58.0,1162.0,439.0,13.0,14.0,32.0,32.0,9.0,11.0,0,0.0,0.0,0.0,0.0,2.0,1.0,0.0,7.0
f9acca3a,76.0,90.0,1191.0,427.0,41.0,42.0,30.0,35.0,4.0,9.0,0,0.5,0.2,-0.5,4.0,2.0,1.0,1.0,8.0
49fe9070,172.0,219.0,2265.0,571.0,106.0,124.0,50.0,63.0,4.0,7.0,2,0.7,0.9,1.3,6.0,12.0,8.0,0.0,23.0
83300259,42.0,49.0,547.0,212.0,24.0,27.0,15.0,19.0,0.0,0.0,1,0.2,0.3,0.8,2.0,2.0,3.0,1.0,6.0
c19a2df1,30.0,35.0,457.0,65.0,19.0,21.0,9.0,11.0,2.0,3.0,0,0.0,0.0,0.0,0.0,0.0,2.0,0.0,2.0
5dfc6ad5,322.0,344.0,5315.0,1752.0,152.0,161.0,150.0,156.0,15.0,19.0,1,0.4,0.1,0.6,3.0,18.0,1.0,0.0,14.0
4b803b3c,32.0,72.0,551.0,326.0,14.0,25.0,13.0,29.0,4.0,13.0,1,0.7,0.4,0.3,3.0,3.0,2.0,1.0,4.0
fa661778,34.0,43.0,392.0,85.0,27.0,31.0,7.0,10.0,0.0,0.0,0,0.0,0.0,0.0,0.0,1.0,0.0,0.0,1.0
e9b0ccaf,25.0,37.0,297.0,69.0,17.0,21.0,7.0,10.0,0.0,2.0,0,0.2,0.0,-0.2,1.0,1.0,0.0,0.0,3.0
cb641b9d,17.0,23.0,266.0,52.0,7.0,10.0,8.0,10.0,1.0,1.0,0,0.0,0.0,0.0,1.0,3.0,0.0,0.0,3.0
94721522,39.0,50.0,579.0,287.0,26.0,29.0,12.0,16.0,1.0,3.0,0,0.0,0.1,0.0,1.0,2.0,1.0,1.0,5.0
6b9960cf,16.0,22.0,166.0,25.0,9.0,10.0,3.0,5.0,0.0,0.0,0,0.0,0.0,0.0,1.0,1.0,0.0,0.0,0.0
384d58d9,39.0,40.0,680.0,135.0,21.0,21.0,12.0,12.0,5.0,6.0,0,0.1,0.0,-0.1,1.0,6.0,0.0,0.0,3.0
6bb2c084,227.0,274.0,3273.0,918.0,131.0,146.0,74.0,85.0,12.0,18.0,3,1.3,1.2,1.7,9.0,23.0,4.0,0.0,24.0
3b12b11f,6.0,8.0,116.0,32.0,2.0,2.0,4.0,5.0,0.0,0.0,0,0.1,0.1,-0.1,1.0,0.0,2.0,1.0,1.0
f15b778f,65.0,71.0,999.0,311.0,37.0,38.0,22.0,24.0,4.0,4.0,0,0.0,0.0,0.0,0.0,5.0,0.0,0.0,2.0
d19ef4ef,25.0,34.0,283.0,65.0,16.0,17.0,5.0,8.0,0.0,0.0,0,0.2,0.1,-0.2,1.0,2.0,2.0,0.0,4.0
a5296e55,191.0,231.0,2691.0,665.0,110.0,118.0,54.0,69.0,12.0,25.0,2,1.4,1.5,0.6,17.0,10.0,4.0,1.0,18.0
6622454d,59.0,88.0,939.0,246.0,32.0,38.0,19.0,28.0,4.0,13.0,0,0.3,0.2,-0.3,2.0,4.0,4.0,0.0,13.0
adfbe1f5,81.0,104.0,1294.0,348.0,42.0,54.0,26.0,31.0,8.0,11.0,0,0.1,0.3,-0.1,2.0,5.0,2.0,0.0,10.0
37557ec4,33.0,36.0,453.0,95.0,20.0,22.0,11.0,12.0,1.0,1.0,0,0.0,0.0,0.0,0.0,3.0,0.0,0.0,3.0
