id,Player,Nation,Pos,Squad,Age,Born,90s,Cmp,Att,Cmp%,TotDist,PrgDist,Cmp.1,Att.1,Cmp%.1,Cmp.2,Att.2,Cmp%.2,Cmp.3,Att.3,Cmp%.3,Ast,xAG,xA,A-xAG,KP,1/3,PPA,CrsPA,PrgP,Matches
8f5cdf66,Oliver Abildgaard,dk DEN,"MF,DF",Hellas Verona,26-264,1996,0.5,10,18,55.6,114,72,6,8,75.0,3,7,42.9,0,1,0.0,0,0.0,0.0,0.0,0,1,0,0,1,Matches
f586779e,Tammy Abraham,eng ENG,FW,Roma,25-150,1997,18.1,251,366,68.6,3568,890,149,192,77.6,73,116,62.9,17,24,70.8,3,2.9,1.9,+0.1,26,12,11,1,39,Matches
771a2cfe,Christian Acella,it ITA,MF,Cremonese,20-237,2002,0.2,8,8,100.0,119,2,5,5,100.0,3,3,100.0,0,0,,0,0.0,0.0,0.0,0,0,0,0,0,Matches
b96b595c,Francesco Acerbi,it ITA,DF,Inter,35-019,1988,14.8,796,909,87.6,14918,4643,289,319,90.6,407,448,90.8,84,115,73.0,1,0.6,0.6,+0.4,9,47,7,2,61,Matches
26777636,Yacine Adli,fr FRA,"MF,FW",Milan,22-215,2000,1.3,38,60,63.3,666,216,19,24,79.2,12,18,66.7,5,11,45.5,0,0.1,0.1,-0.1,1,4,2,0,8,Matches
f9c927de,Michel Aebischer,ch SUI,"FW,MF",Bologna,26-054,1997,9.6,319,389,82.0,4875,1459,172,192,89.6,114,133,85.7,22,37,59.5,0,0.4,0.3,-0.4,9,23,1,0,26,Matches
0154d290,Felix Afena-Gyan,gh GHA,"FW,MF",Cremonese,20-041,2003,6.2,102,135,75.6,1291,130,69,81,85.2,23,31,74.2,3,5,60.0,0,0.1,0.1,-0.1,2,3,0,0,6,Matches
46fa7204,Kevin Agudelo,co COL,"MF,FW",Spezia,24-107,1998,17.5,369,516,71.5,5524,1847,208,254,81.9,117,155,75.5,23,39,59.0,1,1.8,1.6,-0.8,16,44,19,1,77,Matches
246d153b,Ola Aina,ng NGA,DF,Torino,26-144,1996,8.2,346,464,74.6,5817,2248,181,197,91.9,112,147,76.2,43,81,53.1,1,1.7,1.7,-0.7,10,27,12,8,39,Matches
d810c13b,Emanuel Aiwum,at AUT,DF,Cremonese,22-066,2000,13.4,465,604,77.0,7881,2842,214,239,89.5,209,258,81.0,32,77,41.6,0,0.4,0.7,-0.4,4,38,7,1,40,Matches
fdf4b948,Jean-Daniel Akpa-Akpro,ci CIV,MF,Empoli,30-141,1992,7.5,175,225,77.8,2459,942,91,109,83.5,59,69,85.5,8,14,57.1,0,0.5,0.3,-0.5,2,15,3,1,22,Matches
5294a83f,Luis Alberto,es ESP,MF,Lazio,30-154,1992,13.7,800,994,80.5,12503,4305,444,490,90.6,270,321,84.1,61,127,48.0,3,2.9,2.8,+0.1,31,89,29,0,126,Matches
ab472696,Agustín Álvarez Martínez,uy URU,"FW,MF",Sassuolo,21-286,2001,3.4,56,69,81.2,777,137,36,43,83.7,11,15,73.3,5,6,83.3,1,0.3,0.1,+0.7,1,3,2,0,5,Matches
bcc81786,Kelvin Amian,fr FRA,DF,Spezia,25-021,1998,13.7,416,555,75.0,6959,2923,202,238,84.9,174,228,76.3,29,60,48.3,1,1.2,0.7,-0.2,8,36,6,4,45,Matches
2df7cc43,Bruno Amione,ar ARG,DF,Hellas Verona,21-057,2002,0.6,11,16,68.8,167,40,6,6,100.0,5,7,71.4,0,2,0.0,0,0.0,0.0,0.0,0,0,0,0,0,Matches
2df7cc43,Bruno Amione,ar ARG,DF,Sampdoria,21-057,2002,11.8,430,550,78.2,7298,2899,187,216,86.6,210,249,84.3,27,61,44.3,1,0.6,0.2,+0.4,2,15,3,1,28,Matches
10b9fa99,Ethan Ampadu,wls WAL,"DF,MF",Spezia,22-168,2000,17.1,653,850,76.8,12543,5318,246,295,83.4,322,371,86.8,77,151,51.0,1,0.9,0.7,+0.1,9,74,10,4,86,Matches
5a2cb25d,Sofyan Amrabat,ma MAR,MF,Fiorentina,26-192,1996,15.4,925,1049,88.2,18652,5114,310,347,89.3,459,491,93.5,144,181,79.6,0,0.5,1.2,-0.5,9,122,17,8,135,Matches
9f1893b9,Felipe Anderson,br BRA,FW,Lazio,29-320,1993,20.7,659,859,76.7,9487,2074,402,473,85.0,206,259,79.5,32,58,55.2,2,3.8,3.2,-1.8,31,39,26,3,76,Matches
38d9ce53,Janis Antiste,fr FRA,FW,Sassuolo,20-195,2002,0.6,13,18,72.2,159,43,8,11,72.7,4,5,80.0,0,1,0.0,0,0.0,0.0,0.0,0,0,0,0,1,Matches
108fe016,Marcos Antônio,br BRA,MF,Lazio,22-261,2000,3.5,184,206,89.3,2643,697,111,119,93.3,52,60,86.7,12,16,75.0,0,0.0,0.1,0.0,0,19,1,0,14,Matches
8f68aa41,Valentin Antov,bg BUL,DF,Monza,22-112,2000,1.9,92,111,82.9,1648,862,42,49,85.7,39,44,88.6,10,16,62.5,0,0.0,0.0,0.0,1,9,2,0,9,Matches
00459419,Marko Arnautović,at AUT,FW,Bologna,33-316,1989,13.5,260,367,70.8,3700,657,146,189,77.2,84,107,78.5,11,20,55.0,0,1.7,1.4,-1.7,19,13,12,1,28,Matches
963a328b,Tolgay Arslan,de GER,MF,Udinese,32-197,1990,9.4,334,414,80.7,6171,1865,147,170,86.5,120,141,85.1,52,71,73.2,0,1.1,1.2,-1.1,11,31,16,2,56,Matches
a820e429,Arthur,br BRA,FW,Fiorentina,24-310,1998,8.4,116,165,70.3,1463,279,78,98,79.6,22,27,81.5,6,8,75.0,1,0.5,0.6,+0.5,8,2,5,0,12,Matches
e26fcca3,Santiago Ascacíbar,ar ARG,MF,Cremonese,26-004,1997,8.1,358,435,82.3,6100,2189,182,207,87.9,135,145,93.1,34,56,60.7,0,0.4,0.5,-0.4,8,50,7,2,41,Matches
a69cc629,Kristoffer Askildsen,no NOR,MF,Lecce,22-051,2001,6.9,144,228,63.2,2650,940,67,93,72.0,47,71,66.2,22,43,51.2,0,0.3,0.3,-0.3,6,19,2,0,21,Matches
0fdcef0e,Kristjan Asllani,al ALB,MF,Inter,20-357,2002,3.3,196,226,86.7,3610,816,94,97,96.9,68,73,93.2,30,47,63.8,0,0.3,0.3,-0.3,2,12,1,0,10,Matches
649b01d8,Emil Audero,it ITA,GK,Sampdoria,26-042,1997,24.0,594,885,67.1,18625,13784,86,86,100.0,238,240,99.2,269,551,48.8,0,0.0,0.1,0.0,0,15,0,0,0,Matches
3cd3b384,Tommaso Augello,it ITA,DF,Sampdoria,28-183,1994,20.6,782,1094,71.5,13626,5887,359,409,87.8,336,460,73.0,72,142,50.7,2,1.5,2.1,+0.5,23,53,30,20,74,Matches
2200181e,Kaan Ayhan,tr TUR,DF,Sassuolo,28-111,1994,6.1,288,332,86.7,6000,1702,84,87,96.6,154,167,92.2,48,72,66.7,0,0.0,0.0,0.0,0,20,0,0,15,Matches
dfd24c07,Jaime Báez,uy URU,DF,Cremonese,27-310,1995,1.1,32,48,66.7,640,379,8,10,80.0,13,17,76.5,7,14,50.0,0,0.1,0.3,-0.1,2,7,2,2,4,Matches
f42d6c13,Nedim Bajrami,al ALB,"MF,FW",Empoli,24-001,1999,10.5,260,348,74.7,3968,1323,149,182,81.9,79,96,82.3,20,43,46.5,1,1.2,0.7,-0.2,15,19,6,0,29,Matches
f42d6c13,Nedim Bajrami,al ALB,"FW,MF",Sassuolo,24-001,1999,2.9,73,103,70.9,1122,210,37,46,80.4,32,40,80.0,3,11,27.3,0,0.5,0.7,-0.5,2,3,2,0,13,Matches
59bf127b,Tiemoué Bakayoko,fr FRA,MF,Milan,28-196,1994,0.1,2,3,66.7,25,15,1,1,100.0,1,2,50.0,0,0,,0,0.0,0.0,0.0,0,1,0,0,1,Matches
102e2599,Tommaso Baldanzi,it ITA,MF,Empoli,19-343,2003,10.3,303,366,82.8,4304,1055,162,179,90.5,109,123,88.6,11,23,47.8,0,0.8,0.8,-0.8,14,22,12,0,43,Matches
f449640d,Fodé Ballo-Touré,sn SEN,DF,Milan,26-057,1997,2.2,103,118,87.3,1741,566,46,48,95.8,47,53,88.7,9,13,69.2,0,0.1,0.2,-0.1,1,8,5,3,11,Matches
8a6de8c7,Lameck Banda,zm ZAM,"FW,MF",Lecce,22-031,2001,12.9,183,287,63.8,2458,596,109,143,76.2,54,83,65.1,11,23,47.8,1,1.0,0.7,0.0,8,13,6,1,18,Matches
d44360be,Filippo Bandinelli,it ITA,MF,Empoli,27-337,1995,17.7,532,723,73.6,8794,2734,256,298,85.9,210,260,80.8,43,92,46.7,0,2.3,2.0,-2.3,26,41,27,17,70,Matches
01efac19,Antonín Barák,cz CZE,MF,Hellas Verona,28-088,1994,0.3,11,14,78.6,140,24,7,10,70.0,3,3,100.0,0,0,,0,0.0,0.0,0.0,0,2,0,0,2,Matches
01efac19,Antonín Barák,cz CZE,MF,Fiorentina,28-088,1994,12.7,372,457,81.4,5681,1298,201,223,90.1,131,159,82.4,26,38,68.4,0,1.4,0.8,-1.4,16,45,10,2,52,Matches
32ebfe1e,Andrea Barberis,it ITA,MF,Monza,29-080,1993,3.5,133,158,84.2,2154,599,64,72,88.9,60,70,85.7,7,10,70.0,1,0.3,0.2,+0.7,3,14,1,1,13,Matches
6928979a,Nicolò Barella,it ITA,MF,Inter,26-022,1997,19.9,872,1080,80.7,13962,4318,465,523,88.9,322,381,84.5,61,113,54.0,5,4.1,3.1,+0.9,34,98,34,8,125,Matches
6caffe81,Enzo Barrenechea,ar ARG,MF,Juventus,21-283,2001,0.8,35,43,81.4,521,136,17,18,94.4,16,18,88.9,1,2,50.0,0,0.0,0.0,0.0,1,2,0,0,2,Matches
e5bf73f3,Musa Barrow,gm GAM,"FW,MF",Bologna,24-107,1998,10.6,247,369,66.9,4434,1135,123,145,84.8,73,105,69.5,40,85,47.1,2,2.6,1.9,-0.6,22,18,10,7,20,Matches
5a08ee41,Federico Baschirotto,it ITA,DF,Lecce,26-162,1996,24.0,664,913,72.7,14408,5293,171,201,85.1,368,447,82.3,116,234,49.6,0,0.3,0.3,-0.3,4,54,3,1,60,Matches
80556f08,Toma Bašić,hr CRO,MF,Lazio,26-096,1996,4.4,161,222,72.5,2334,446,76,93,81.7,69,80,86.3,5,23,21.7,0,0.3,0.3,-0.3,5,9,4,2,14,Matches
75b86fb3,Alessandro Bastoni,it ITA,DF,Inter,23-322,1999,16.1,941,1124,83.7,18994,6825,317,351,90.3,475,524,90.6,138,212,65.1,2,1.6,1.9,+0.4,10,87,18,5,106,Matches
1ac232b8,Simone Bastoni,it ITA,"MF,DF",Spezia,26-116,1996,10.5,281,469,59.9,4709,1739,142,168,84.5,100,165,60.6,32,90,35.6,2,0.9,1.1,+1.1,15,24,9,6,24,Matches
78e6bf2c,Brian Bayeye,fr FRA,DF,Torino,22-244,2000,0.6,29,46,63.0,472,262,14,16,87.5,11,16,68.8,3,4,75.0,0,0.0,0.0,0.0,0,2,0,0,3,Matches
19e4eab9,Rodrigo Becão,br BRA,DF,Udinese,27-041,1996,17.7,716,913,78.4,13659,5685,273,308,88.6,350,408,85.8,83,154,53.9,1,0.5,0.8,+0.5,8,56,3,2,65,Matches
e892c325,Julius Beck,dk DEN,MF,Spezia,17-308,2005,0.1,5,5,100.0,116,29,0,0,,4,4,100.0,1,1,100.0,0,0.0,0.0,0.0,0,0,0,0,2,Matches
e3756e72,Raoul Bellanova,it ITA,"DF,MF",Inter,22-288,2000,1.8,86,115,74.8,1406,312,47,54,87.0,28,40,70.0,8,14,57.1,0,0.1,0.2,-0.1,1,2,1,1,4,Matches
d705ba44,Andrea Belotti,it ITA,FW,Roma,29-071,1993,6.0,94,141,66.7,1242,206,52,68,76.5,24,36,66.7,5,6,83.3,0,0.7,0.2,-0.7,8,4,1,0,4,Matches
0000acda,Marco Benassi,it ITA,DF,Fiorentina,28-174,1994,1.0,91,105,86.7,2107,426,32,32,100.0,33,41,80.5,26,31,83.9,0,0.1,0.1,-0.1,1,11,1,0,9,Matches
0000acda,Marco Benassi,it ITA,MF,Cremonese,28-174,1994,5.1,122,167,73.1,2169,585,56,67,83.6,54,67,80.6,11,27,40.7,0,0.5,0.4,-0.5,6,6,3,2,13,Matches
db092d3b,Ismaël Bennacer,dz ALG,MF,Milan,25-090,1997,15.7,867,1006,86.2,15616,4453,373,402,92.8,340,372,91.4,120,178,67.4,1,2.3,2.3,-1.3,36,91,19,3,99,Matches
53a0e358,Domenico Berardi,it ITA,FW,Sassuolo,28-212,1994,11.3,335,496,67.5,6397,1757,150,190,78.9,126,180,70.0,49,86,57.0,4,2.6,2.4,+1.4,22,21,29,4,67,Matches
61b3978f,Bartosz Bereszyński,pl POL,DF,Sampdoria,30-232,1992,13.3,471,644,73.1,6989,3219,286,316,90.5,143,210,68.1,28,73,38.4,0,0.1,0.3,-0.1,3,32,10,3,44,Matches
ed5c0319,Beto,gw GNB,FW,Udinese,25-029,1998,16.0,131,209,62.7,1673,168,88,122,72.1,27,46,58.7,6,11,54.5,1,1.7,1.4,-0.7,16,6,2,0,6,Matches
b3a20f18,Matteo Bianchetti,it ITA,DF,Cremonese,29-349,1993,15.8,460,598,76.9,8840,3823,164,191,85.9,242,281,86.1,46,107,43.0,0,0.3,0.3,-0.3,4,30,5,1,32,Matches
d65cf468,Alessandro Bianco,it ITA,MF,Fiorentina,20-151,2002,1.2,46,54,85.2,826,125,20,24,83.3,20,24,83.3,5,5,100.0,0,0.0,0.0,0.0,1,9,1,0,6,Matches
6fdac234,Jaka Bijol,si SVN,DF,Udinese,24-024,1999,17.4,636,749,84.9,13770,5195,156,179,87.2,381,411,92.7,92,138,66.7,1,0.9,1.2,+0.1,6,30,2,1,37,Matches
9e1577aa,Cristiano Biraghi,it ITA,DF,Fiorentina,30-181,1992,19.2,982,1368,71.8,18434,7098,416,470,88.5,426,538,79.2,127,303,41.9,2,4.0,4.3,-2.0,58,85,28,18,115,Matches
204ac005,Samuele Birindelli,it ITA,DF,Monza,23-225,1999,10.8,387,536,72.2,6643,1908,186,218,85.3,163,219,74.4,32,75,42.7,1,1.8,1.0,-0.8,14,19,12,9,25,Matches
79370f8c,Kristijan Bistrović,hr CRO,MF,Lecce,24-326,1998,5.1,101,140,72.1,1867,682,45,52,86.5,35,48,72.9,16,25,64.0,0,0.4,0.5,-0.4,6,10,2,1,16,Matches
c69ef855,Alexis Blin,fr FRA,"MF,DF",Lecce,26-166,1996,15.7,495,615,80.5,8087,2458,242,281,86.1,187,228,82.0,41,63,65.1,0,0.4,0.5,-0.4,8,57,9,2,64,Matches
fe012aca,Jeremie Boga,ci CIV,"MF,FW",Atalanta,26-057,1997,5.4,235,289,81.3,3520,900,137,161,85.1,63,74,85.1,21,31,67.7,5,1.9,1.9,+3.1,24,12,15,4,31,Matches
c83c203f,Emil Bohinen,no NOR,MF,Salernitana,23-354,1999,3.8,156,179,87.2,2201,546,92,99,92.9,51,59,86.4,7,11,63.6,0,0.3,0.1,-0.3,5,12,4,1,14,Matches
d995ed27,Giacomo Bonaventura,it ITA,MF,Fiorentina,33-191,1989,16.3,609,734,83.0,9560,2103,319,357,89.4,217,250,86.8,44,70,62.9,0,1.5,1.6,-1.5,19,44,22,4,75,Matches
bf57eaab,Federico Bonazzoli,it ITA,"FW,MF",Salernitana,25-284,1997,11.7,244,327,74.6,4331,860,122,149,81.9,80,101,79.2,35,47,74.5,1,1.1,0.7,-0.1,8,28,6,0,40,Matches
0def2376,Warren Bondo,fr FRA,MF,Monza,19-167,2003,0.7,45,51,88.2,720,106,24,26,92.3,20,22,90.9,1,1,100.0,0,0.0,0.0,0.0,0,2,0,0,5,Matches
fb77bfef,Kevin Bonifazi,it ITA,DF,Bologna,26-286,1996,4.6,215,251,85.7,4622,1533,64,71,90.1,109,120,90.8,41,57,71.9,0,0.0,0.0,0.0,1,14,0,0,12,Matches
52ec54d0,Leonardo Bonucci,it ITA,DF,Juventus,35-304,1987,6.7,302,354,85.3,6617,2533,82,89,92.1,168,185,90.8,51,77,66.2,0,0.2,0.2,-0.2,3,24,3,0,17,Matches
3d13d9e4,Erik Botheim,no NOR,FW,Salernitana,23-050,2000,3.9,54,86,62.8,707,146,28,41,68.3,17,26,65.4,2,3,66.7,1,1.3,0.3,-0.3,6,4,2,0,11,Matches
0d077b88,Mehdi Bourabia,ma MAR,MF,Spezia,31-206,1991,20.5,705,921,76.5,11224,3710,354,421,84.1,278,339,82.0,53,104,51.0,2,3.0,2.8,-1.0,24,74,23,7,79,Matches
ae94a6c5,Edoardo Bove,it ITA,MF,Roma,20-289,2002,3.0,72,91,79.1,1112,170,39,48,81.3,26,31,83.9,6,7,85.7,0,0.1,0.0,-0.1,1,0,1,0,5,Matches
c609e90e,Jayden Braaf,nl NED,"MF,FW",Hellas Verona,20-182,2002,1.6,22,31,71.0,257,54,17,19,89.5,2,3,66.7,0,2,0.0,0,0.1,0.1,-0.1,1,1,0,0,2,Matches
8bbe2df5,Domagoj Bradarić,hr CRO,DF,Salernitana,23-081,1999,14.1,475,636,74.7,7825,2513,244,284,85.9,185,231,80.1,36,89,40.4,1,1.5,1.2,-0.5,11,23,14,8,33,Matches
d4a2533d,Josip Brekalo,hr CRO,FW,Fiorentina,24-251,1998,0.2,14,19,73.7,227,114,6,8,75.0,8,10,80.0,0,0,,0,0.2,0.1,-0.2,3,1,2,1,3,Matches
5fd5ed86,Gleison Bremer,br BRA,DF,Juventus,25-348,1997,19.5,964,1085,88.8,18619,5722,327,353,92.6,520,559,93.0,109,156,69.9,1,1.0,0.2,0.0,6,18,1,0,21,Matches
edd81e2a,Dylan Bronn,tn TUN,DF,Salernitana,27-255,1995,15.8,732,866,84.5,13212,5334,308,338,91.1,344,376,91.5,69,119,58.0,0,0.4,0.8,-0.4,5,54,4,1,65,Matches
33b8d077,Marcelo Brozović,hr CRO,MF,Inter,30-105,1992,9.0,557,641,86.9,9855,2651,240,264,90.9,254,282,90.1,49,72,68.1,0,0.3,0.4,-0.3,4,44,5,1,48,Matches
f3a9fa26,Cristian Buonaiuto,it ITA,"MF,FW",Cremonese,30-062,1992,5.9,169,269,62.8,2558,898,89,112,79.5,60,91,65.9,11,45,24.4,0,0.8,1.0,-0.8,10,15,10,2,22,Matches
4ae67f27,Alessandro Buongiorno,it ITA,DF,Torino,23-268,1999,17.0,663,801,82.8,11082,3553,282,322,87.6,340,388,87.6,28,56,50.0,1,0.6,0.6,+0.4,4,47,3,2,49,Matches
ef6eef89,Juan Cabal,co COL,DF,Hellas Verona,22-052,2001,1.1,37,55,67.3,657,212,17,21,81.0,17,20,85.0,3,9,33.3,0,0.0,0.0,0.0,1,4,1,1,6,Matches
dd86e8e4,Liberato Cacace,nz NZL,DF,Empoli,22-155,2000,4.0,186,237,78.5,2884,908,94,104,90.4,82,102,80.4,6,19,31.6,0,0.2,0.1,-0.2,4,14,0,0,23,Matches
2146785a,Davide Calabria,it ITA,DF,Milan,26-085,1996,11.1,586,733,79.9,10357,3789,249,267,93.3,265,304,87.2,59,130,45.4,2,0.7,0.9,+1.3,9,36,11,8,54,Matches
ac7e640b,Mattia Caldara,it ITA,DF,Spezia,28-300,1994,10.9,365,472,77.3,6539,2439,145,173,83.8,177,217,81.6,35,67,52.2,0,0.0,0.1,0.0,1,17,1,0,26,Matches
226008f1,Luca Caldirola,it ITA,DF,Monza,32-028,1991,15.4,768,875,87.8,13794,5432,318,333,95.5,372,409,91.0,67,106,63.2,0,0.6,0.3,-0.6,4,39,4,1,48,Matches
cd0fa27b,Hakan Çalhanoğlu,tr TUR,MF,Inter,29-021,1994,19.2,948,1132,83.7,17359,5389,414,451,91.8,392,440,89.1,115,187,61.5,5,3.3,4.2,+1.7,49,104,28,8,123,Matches
13ea2544,Mohamed Camara,gn GUI,MF,Roma,26-001,1997,4.2,145,186,78.0,2404,466,70,79,88.6,63,75,84.0,10,18,55.6,0,0.3,0.2,-0.3,2,16,2,1,16,Matches
91ff775f,Nicolò Cambiaghi,it ITA,"FW,MF",Empoli,22-063,2000,6.4,158,210,75.2,2234,531,97,110,88.2,41,57,71.9,10,13,76.9,1,0.4,0.5,+0.6,5,12,5,0,25,Matches
247ed022,Andrea Cambiaso,it ITA,DF,Bologna,23-009,2000,15.8,723,911,79.4,10808,3981,409,459,89.1,256,309,82.8,39,90,43.3,2,1.4,1.0,+0.6,15,31,14,6,55,Matches
b6a1cdf9,Matteo Cancellieri,it ITA,FW,Lazio,21-017,2002,2.4,56,76,73.7,710,97,39,44,88.6,15,22,68.2,0,5,0.0,0,0.4,0.3,-0.4,3,1,1,1,2,Matches
356c9002,Antonio Candreva,it ITA,"DF,MF",Salernitana,36-001,1987,20.5,826,1139,72.5,14401,5271,418,452,92.5,298,403,73.9,89,210,42.4,2,2.5,2.9,-0.5,33,81,31,16,99,Matches
54e53b7e,Gianluca Caprari,it ITA,"MF,FW",Monza,29-214,1993,17.6,551,693,79.5,8169,1456,331,376,88.0,161,206,78.2,39,60,65.0,1,1.2,1.7,-0.2,17,34,13,3,52,Matches
5bd72174,Francesco Caputo,it ITA,FW,Sampdoria,35-207,1987,12.2,168,237,70.9,2130,315,96,130,73.8,43,60,71.7,8,10,80.0,0,0.5,0.6,-0.5,9,11,4,0,11,Matches
5bd72174,Francesco Caputo,it ITA,"FW,MF",Empoli,35-207,1987,7.8,113,153,73.9,1333,277,79,97,81.4,26,32,81.3,0,2,0.0,3,0.8,0.7,+2.2,10,4,2,0,10,Matches
f7e2af2c,Andrea Carboni,it ITA,DF,Monza,22-025,2001,1.9,69,87,79.3,1170,558,33,38,86.8,29,31,93.5,7,14,50.0,0,0.1,0.3,-0.1,1,3,2,2,9,Matches
b033f803,Franco Carboni,it ITA,DF,Monza,19-331,2003,0.4,17,25,68.0,294,89,9,10,90.0,6,7,85.7,2,3,66.7,0,0.0,0.0,0.0,1,1,2,1,1,Matches
707b98f1,Valentin Carboni,it ITA,"MF,FW",Inter,17-361,2005,0.2,9,13,69.2,168,12,3,4,75.0,4,6,66.7,2,2,100.0,0,0.0,0.0,0.0,1,0,0,0,1,Matches
8d3cd59d,Carlos,br BRA,DF,Monza,24-053,1999,20.5,873,1064,82.0,13655,4267,452,496,91.1,352,418,84.2,43,77,55.8,3,2.0,1.9,+1.0,12,46,17,2,60,Matches
8ec56e62,Marco Carnesecchi,it ITA,GK,Cremonese,22-243,2000,15.0,294,494,59.5,9161,7031,46,46,100.0,127,131,96.9,115,309,37.2,0,0.0,0.0,0.0,0,12,0,0,0,Matches
3f5f38fb,Nicolò Casale,it ITA,DF,Lazio,25-015,1998,16.6,892,967,92.2,15592,5597,359,385,93.2,414,436,95.0,83,100,83.0,1,0.3,0.5,+0.7,4,29,1,0,47,Matches
ad92526f,Michele Castagnetti,it ITA,MF,Cremonese,33-064,1989,7.9,303,413,73.4,5354,2187,127,156,81.4,142,187,75.9,28,56,50.0,0,1.1,0.9,-1.1,18,46,12,2,64,Matches
0728bebe,Gaetano Castrovilli,it ITA,MF,Fiorentina,26-012,1997,1.2,41,50,82.0,555,89,27,31,87.1,12,15,80.0,2,4,50.0,0,0.0,0.0,0.0,1,1,1,0,2,Matches
ba3d3bea,Danilo Cataldi,it ITA,MF,Lazio,28-207,1994,17.1,910,1067,85.3,13984,4888,519,566,91.7,283,329,86.0,75,119,63.0,1,0.9,1.2,+0.1,14,71,5,0,70,Matches
4d1efb48,Pietro Ceccaroni,it ITA,DF,Lecce,27-070,1995,0.3,3,6,50.0,72,30,1,1,100.0,1,2,50.0,1,3,33.3,0,0.0,0.0,0.0,0,0,0,0,0,Matches
d9624b51,Federico Ceccherini,it ITA,DF,Hellas Verona,30-294,1992,11.5,359,475,75.6,6432,2602,152,172,88.4,164,199,82.4,37,76,48.7,0,0.1,0.2,-0.1,4,38,4,0,43,Matches
07f8bcc8,Assan Ceesay,gm GAM,FW,Lecce,28-349,1994,11.5,136,228,59.6,1978,267,70,110,63.6,44,68,64.7,11,15,73.3,0,0.1,0.5,-0.1,3,5,2,0,12,Matches
98a84572,Emil Ceide,no NOR,FW,Sassuolo,21-179,2001,3.7,75,109,68.8,1055,351,46,57,80.7,22,32,68.8,3,5,60.0,0,0.7,0.5,-0.7,6,4,8,1,13,Matches
31a62dc7,Zeki Çelik,tr TUR,DF,Roma,26-012,1997,11.3,467,616,75.8,7329,3165,247,279,88.5,168,213,78.9,35,74,47.3,0,1.3,0.9,-1.3,13,32,15,3,44,Matches
b0f7e36c,Federico Chiesa,it ITA,"DF,FW",Juventus,25-127,1997,3.8,107,145,73.8,1518,447,61,71,85.9,36,50,72.0,3,6,50.0,3,1.6,1.0,+1.4,7,8,5,3,10,Matches
c316607a,Vlad Chiricheș,ro ROU,DF,Cremonese,33-107,1989,7.7,247,292,84.6,4854,2280,92,99,92.9,116,132,87.9,34,51,66.7,0,0.0,0.0,0.0,1,10,0,0,7,Matches
b09a3ecc,Daniel Ciofani,it ITA,FW,Cremonese,37-213,1985,5.9,56,98,57.1,791,284,31,42,73.8,15,31,48.4,5,9,55.6,0,0.4,0.6,-0.4,6,7,3,0,6,Matches
039a4fb6,Tio Cipot,si SVN,"DF,FW",Spezia,19-315,2003,0.6,16,23,69.6,235,60,6,8,75.0,9,11,81.8,0,1,0.0,0,0.0,0.0,0.0,1,0,1,0,2,Matches
5de3866c,Patrick Ciurria,it ITA,"DF,MF",Monza,28-020,1995,16.8,580,735,78.9,8937,2788,321,365,87.9,199,260,76.5,40,72,55.6,4,4.3,1.9,-0.3,23,35,22,10,47,Matches
8b95acda,Omar Colley,gm GAM,DF,Sampdoria,30-128,1992,15.4,615,714,86.1,12155,4061,165,186,88.7,380,412,92.2,58,96,60.4,0,0.0,0.1,0.0,0,38,1,0,33,Matches
04df29a5,Lorenzo Colombo,it ITA,FW,Lecce,20-358,2002,11.8,157,246,63.8,1901,383,103,134,76.9,29,45,64.4,7,20,35.0,2,1.2,0.3,+0.8,13,13,4,1,18,Matches
6499048c,Andrea Colpani,it ITA,MF,Monza,23-294,1999,5.4,174,222,78.4,2853,609,92,105,87.6,60,73,82.2,16,29,55.2,0,1.0,0.9,-1.0,8,17,9,2,27,Matches
8cabdc1e,Andrea Consigli,it ITA,GK,Sassuolo,36-033,1987,22.0,765,967,79.1,21742,13834,126,126,100.0,318,321,99.1,319,517,61.7,0,0.0,0.0,0.0,0,13,0,0,1,Matches
8fef5412,Andrea Conti,it ITA,DF,Sampdoria,28-364,1994,0.3,6,11,54.5,76,25,5,7,71.4,1,3,33.3,0,0,,0,0.0,0.0,0.0,0,0,0,0,1,Matches
22ae86f9,Diego Coppola,it ITA,DF,Hellas Verona,19-063,2003,8.4,283,386,73.3,5327,2345,104,125,83.2,153,186,82.3,23,55,41.8,0,0.0,0.2,0.0,0,22,3,1,29,Matches
45b9b619,Joaquín Correa,ar ARG,FW,Inter,28-200,1994,4.8,90,122,73.8,1388,270,46,57,80.7,31,37,83.8,7,7,100.0,1,0.8,0.4,+0.2,5,8,1,0,8,Matches
bfc359ed,Alessandro Cortinovis,it ITA,MF,Hellas Verona,22-035,2001,0.1,5,6,83.3,77,35,3,3,100.0,2,2,100.0,0,1,0.0,0,0.0,0.0,0.0,0,0,2,1,2,Matches
85a44ecc,Lassana Coulibaly,ml MLI,MF,Salernitana,26-325,1996,19.8,595,709,83.9,9324,2587,293,331,88.5,251,281,89.3,28,50,56.0,2,1.2,1.0,+0.8,12,56,7,1,69,Matches
f554e29b,Alessio Cragno,it ITA,GK,Monza,28-246,1994,1.0,29,31,93.5,634,441,7,7,100.0,18,18,100.0,4,6,66.7,0,0.0,0.0,0.0,0,0,0,0,0,Matches
16657b95,Bryan Cristante,it ITA,MF,Roma,27-363,1995,22.1,956,1177,81.2,17699,5458,413,468,88.2,396,455,87.0,123,206,59.7,0,0.9,1.3,-0.9,10,120,12,3,109,Matches
22cd43d2,Domen Črnigoj,si SVN,MF,Salernitana,27-103,1995,2.7,69,95,72.6,1073,205,35,47,74.5,28,30,93.3,4,10,40.0,0,0.3,0.6,-0.3,1,6,0,0,3,Matches
0ab1f153,Juan Cuadrado,co COL,"DF,FW",Juventus,34-279,1988,13.0,591,707,83.6,11504,2872,247,274,90.1,239,276,86.6,97,133,72.9,3,2.1,1.6,+0.9,29,28,15,7,48,Matches
5722eced,Mickaël Cuisance,fr FRA,MF,Sampdoria,23-197,1999,2.6,66,83,79.5,1065,290,30,33,90.9,29,35,82.9,4,9,44.4,0,0.4,0.3,-0.4,2,3,5,0,8,Matches
060606ec,Marco D'Alessandro,it ITA,"DF,FW",Monza,32-012,1991,3.2,79,115,68.7,1182,302,50,57,87.7,23,36,63.9,4,9,44.4,0,0.2,0.1,-0.2,3,4,0,0,3,Matches
44eb9093,Danilo D'Ambrosio,it ITA,DF,Inter,34-173,1988,1.9,95,109,87.2,1820,625,33,35,94.3,54,59,91.5,7,13,53.8,1,0.2,0.1,+0.8,1,9,1,0,11,Matches
f778fe3f,Luca D'Andrea,it ITA,FW,Sassuolo,18-176,2004,3.5,61,84,72.6,896,334,32,42,76.2,24,31,77.4,3,6,50.0,1,0.8,0.4,+0.2,10,6,3,2,9,Matches
7ef972c3,Flavius Daniliuc,at AUT,DF,Salernitana,21-308,2001,13.5,581,669,86.8,11649,4348,190,204,93.1,306,332,92.2,76,112,67.9,1,0.1,0.1,+0.9,2,35,0,0,39,Matches
94b2001f,Danilo,br BRA,DF,Juventus,31-229,1991,23.1,1152,1382,83.4,22616,8543,406,463,87.7,581,636,91.4,152,242,62.8,3,2.1,0.9,+0.9,13,104,9,3,90,Matches
96e0490d,Matteo Darmian,it ITA,DF,Inter,33-089,1989,13.3,590,700,84.3,10149,3556,260,282,92.2,271,311,87.1,45,73,61.6,2,1.5,1.5,+0.5,16,34,12,7,46,Matches
16bb656a,Paweł Dawidowicz,pl POL,DF,Hellas Verona,27-285,1995,10.6,372,499,74.5,6708,2572,164,188,87.2,161,206,78.2,40,85,47.1,0,0.2,0.3,-0.2,4,28,2,0,31,Matches
2ef7c612,Charles De Ketelaere,be BEL,"MF,FW",Milan,21-356,2001,8.3,191,250,76.4,2707,917,112,142,78.9,62,74,83.8,9,13,69.2,1,1.7,1.6,-0.7,16,20,13,0,39,Matches
60e3603d,Manuel De Luca,it ITA,FW,Sampdoria,24-227,1998,0.4,5,7,71.4,66,1,3,4,75.0,2,3,66.7,0,0,,0,0.0,0.0,0.0,0,0,0,0,0,Matches
ae4e2852,Mattia De Sciglio,it ITA,DF,Juventus,30-132,1992,8.5,358,451,79.4,6336,2390,158,188,84.0,160,191,83.8,36,58,62.1,0,0.4,0.3,-0.4,5,39,6,4,42,Matches
e74f0e59,Lorenzo De Silvestri,it ITA,DF,Bologna,34-282,1988,5.8,184,260,70.8,2890,1461,101,114,88.6,73,104,70.2,7,31,22.6,0,0.2,0.1,-0.2,4,18,4,1,20,Matches
f4797849,Koni De Winter,be BEL,DF,Empoli,20-262,2002,8.9,356,407,87.5,6728,2357,130,140,92.9,199,214,93.0,27,49,55.1,0,0.2,0.1,-0.2,2,14,1,0,19,Matches
854ee61a,Grégoire Defrel,mq MTQ,FW,Sassuolo,31-257,1991,6.5,87,105,82.9,1113,168,54,61,88.5,24,28,85.7,3,5,60.0,0,0.3,0.1,-0.3,6,5,0,0,4,Matches
0e0d6c53,Duccio Degli Innocenti,it ITA,MF,Empoli,19-307,2003,0.0,0,0,,0,0,0,0,,0,0,,0,0,,0,0.0,0.0,0.0,0,0,0,0,0,Matches
e3cceee6,Merih Demiral,tr TUR,DF,Atalanta,24-361,1998,14.5,449,529,84.9,8373,2380,167,187,89.3,227,257,88.3,47,73,64.4,0,0.5,0.2,-0.5,4,13,0,0,23,Matches
dc3fa3b5,Diego Demme,de GER,MF,Napoli,31-100,1991,0.3,66,67,98.5,1029,236,31,31,100.0,24,25,96.0,8,8,100.0,0,0.0,0.0,0.0,0,7,1,0,9,Matches
d97f2e8d,Fabio Depaoli,it ITA,DF,Hellas Verona,25-311,1997,15.0,312,473,66.0,5729,3370,131,168,78.0,132,187,70.6,42,84,50.0,2,0.9,0.9,+1.1,12,34,14,10,48,Matches
d97f2e8d,Fabio Depaoli,it ITA,"DF,MF",Sampdoria,25-311,1997,1.5,74,95,77.9,1373,584,31,36,86.1,31,36,86.1,11,21,52.4,0,0.4,0.3,-0.4,4,6,4,4,10,Matches
2990c466,Kastriot Dermaku,al ALB,DF,Lecce,31-045,1992,0.4,1,2,50.0,27,0,0,0,,1,2,50.0,0,0,,0,0.0,0.0,0.0,0,0,0,0,0,Matches
dcb38abe,Cyriel Dessers,ng NGA,FW,Cremonese,28-083,1994,13.4,136,213,63.8,1950,317,76,112,67.9,47,66,71.2,6,11,54.5,0,1.1,0.8,-1.1,17,9,6,0,22,Matches
5976f83e,Sergiño Dest,us USA,DF,Milan,22-118,2000,3.7,169,198,85.4,2535,793,95,102,93.1,65,73,89.0,5,12,41.7,0,0.3,0.2,-0.3,4,15,3,1,14,Matches
d7d32194,Mattia Destro,it ITA,FW,Empoli,31-346,1991,5.1,33,59,55.9,387,85,23,32,71.9,5,15,33.3,2,4,50.0,0,0.4,0.2,-0.4,4,1,1,0,2,Matches
39583cfd,Gerard Deulofeu,es ESP,FW,Udinese,28-353,1994,13.5,443,588,75.3,6574,2331,260,294,88.4,139,181,76.8,27,64,42.2,6,4.4,4.0,+1.6,48,40,42,2,82,Matches
ef94dc2f,Samuel Di Carmine,it ITA,"FW,MF",Cremonese,34-153,1988,0.3,6,8,75.0,79,30,4,5,80.0,0,0,,1,1,100.0,0,0.0,0.0,0.0,0,1,0,0,1,Matches
1fca9171,Federico Di Francesco,it ITA,"FW,MF",Lecce,28-260,1994,13.3,233,340,68.5,3216,947,136,161,84.5,70,104,67.3,11,36,30.6,2,2.1,1.8,-0.1,17,14,11,1,33,Matches
4e0c8d66,Michele Di Gregorio,it ITA,GK,Monza,25-217,1997,23.0,681,906,75.2,17709,11903,167,167,100.0,290,297,97.6,221,439,50.3,0,0.0,0.0,0.0,0,10,0,0,0,Matches
230a2fac,Giovanni Di Lorenzo,it ITA,DF,Napoli,29-209,1993,23.9,1500,1756,85.4,24563,8864,767,821,93.4,589,677,87.0,113,169,66.9,4,3.3,3.6,+0.7,33,117,41,8,172,Matches
19cda00b,Ángel Di María,ar ARG,"FW,MF",Juventus,35-015,1988,8.7,260,357,72.8,4831,1828,119,133,89.5,91,120,75.8,41,73,56.2,4,3.2,2.8,+0.8,26,28,20,6,49,Matches
244bc2c8,Boulaye Dia,sn SEN,FW,Salernitana,26-105,1996,17.3,282,372,75.8,4182,862,148,180,82.2,92,112,82.1,18,26,69.2,4,2.3,1.0,+1.7,23,18,13,2,33,Matches
407feb71,Brahim Díaz,es ESP,MF,Milan,23-210,1999,13.0,347,437,79.4,5191,1655,189,217,87.1,123,146,84.2,19,34,55.9,3,3.6,1.7,-0.6,27,51,29,1,81,Matches
970b8574,Federico Dimarco,it ITA,DF,Inter,25-111,1997,17.7,713,983,72.5,13646,4729,308,355,86.8,278,353,78.8,106,221,48.0,2,5.0,4.3,-3.0,43,50,30,21,66,Matches
933d3b51,Koffi Djidji,ci CIV,DF,Torino,30-091,1992,18.8,844,987,85.5,15186,4411,348,375,92.8,410,451,90.9,74,125,59.2,0,0.1,0.2,-0.1,2,63,3,2,65,Matches
6eee05f1,Berat Djimsiti,al ALB,DF,Atalanta,30-010,1993,8.9,464,538,86.2,7455,2479,235,257,91.4,200,216,92.6,21,47,44.7,0,0.0,0.1,0.0,1,20,1,0,20,Matches
b5f7d10b,Dodô,br BRA,DF,Fiorentina,24-104,1998,15.6,749,901,83.1,12980,3902,344,376,91.5,328,391,83.9,68,104,65.4,1,0.6,0.9,+0.4,13,52,15,3,91,Matches
2f69d881,Josh Doig,sct SCO,DF,Hellas Verona,20-287,2002,12.8,305,463,65.9,5240,2548,152,185,82.2,117,177,66.1,30,69,43.5,3,1.0,1.3,+2.0,11,27,12,7,24,Matches
20b3a502,Nicolás Domínguez,ar ARG,MF,Bologna,24-246,1998,17.6,717,896,80.0,11128,3108,376,433,86.8,243,297,81.8,56,89,62.9,2,1.8,2.0,+0.2,23,71,16,0,96,Matches
22051fbe,Giulio Donati,it ITA,DF,Monza,33-024,1990,3.4,176,210,83.8,3452,1282,60,69,87.0,94,104,90.4,20,30,66.7,0,0.0,0.0,0.0,0,11,0,0,17,Matches
085e71a7,Bartłomiej Drągowski,pl POL,GK,Spezia,25-194,1997,20.7,471,693,68.0,12782,8748,122,123,99.2,200,202,99.0,144,361,39.9,0,0.0,0.1,0.0,0,10,1,0,0,Matches
79ca3e23,Ondrej Duda,sk SVK,MF,Hellas Verona,28-086,1994,4.3,121,163,74.2,2113,646,54,68,79.4,49,58,84.5,13,22,59.1,0,0.2,0.3,-0.2,4,14,3,0,20,Matches
481c9ece,Denzel Dumfries,nl NED,DF,Inter,26-317,1996,15.3,414,562,73.7,6878,2278,199,230,86.5,170,228,74.6,35,71,49.3,2,3.4,2.5,-1.4,20,14,17,8,36,Matches
528492ea,Alfred Duncan,gh GHA,MF,Fiorentina,29-356,1993,6.6,233,303,76.9,4282,1439,95,111,85.6,100,119,84.0,29,52,55.8,0,0.1,0.5,-0.1,3,33,8,4,39,Matches
e0921a4f,Paulo Dybala,ar ARG,"MF,FW",Roma,29-106,1993,14.1,460,599,76.8,8148,2095,242,277,87.4,135,171,78.9,66,102,64.7,6,5.4,3.1,+0.6,39,36,14,0,49,Matches
3bb7f478,Edin Džeko,ba BIH,FW,Inter,36-349,1986,16.0,294,418,70.3,4596,1132,156,203,76.8,100,136,73.5,23,41,56.1,3,3.0,3.1,0.0,19,32,16,1,55,Matches
dbfa4f16,Festy Ebosele,ie IRL,"DF,FW",Udinese,20-211,2002,0.7,26,35,74.3,490,268,10,12,83.3,14,19,73.7,2,3,66.7,0,0.0,0.1,0.0,1,6,5,2,10,Matches
9ba7b4fa,Enzo Ebosse,cm CMR,DF,Udinese,23-355,1999,10.3,453,557,81.3,8801,3202,179,201,89.1,203,240,84.6,65,102,63.7,0,0.0,0.1,0.0,1,43,4,1,51,Matches
6af30900,Tyronne Ebuehi,ng NGA,DF,Empoli,27-075,1995,10.9,354,458,77.3,5917,2016,165,190,86.8,149,185,80.5,30,56,53.6,1,0.3,0.2,+0.7,4,14,4,3,13,Matches
a9202def,Éderson,br BRA,"MF,FW",Atalanta,23-237,1999,13.5,468,583,80.3,8087,2266,207,237,87.3,192,225,85.3,47,67,70.1,0,1.4,1.5,-1.4,12,39,10,3,44,Matches
76b2817e,Kingsley Ehizibue,nl NED,DF,Udinese,27-280,1995,9.9,261,363,71.9,4334,1731,121,149,81.2,111,145,76.6,23,44,52.3,0,0.5,0.9,-0.5,5,24,10,5,32,Matches
f503ea63,Albin Ekdal,se SWE,MF,Spezia,33-216,1989,8.4,264,346,76.3,4031,1449,143,176,81.3,95,118,80.5,15,27,55.6,2,1.3,0.3,+0.7,5,31,8,0,36,Matches
c20892ee,Emmanuel Ekong,se SWE,"FW,MF",Empoli,20-249,2002,0.2,3,4,75.0,54,0,2,3,66.7,0,0,,1,1,100.0,0,0.0,0.0,0.0,0,0,0,0,0,Matches
c55967eb,Mikael Ellertsson,is ISL,"MF,DF",Spezia,20-355,2002,1.9,24,40,60.0,322,82,16,18,88.9,7,14,50.0,0,5,0.0,0,0.0,0.0,0.0,1,3,0,0,3,Matches
cf007308,Elif Elmas,mk MKD,"FW,MF",Napoli,23-158,1999,10.5,439,519,84.6,5835,1369,281,307,91.5,117,146,80.1,16,25,64.0,1,1.3,1.4,-0.3,16,26,15,3,34,Matches
0fee6bda,Martin Erlic,hr CRO,DF,Sassuolo,25-036,1998,16.6,720,830,86.7,15455,5240,199,218,91.3,392,429,91.4,125,173,72.3,0,0.0,0.1,0.0,0,29,0,0,38,Matches
3f79a1c8,Gonzalo Escalante,ar ARG,MF,Cremonese,29-339,1993,6.2,222,290,76.6,3755,1430,99,117,84.6,103,122,84.4,16,36,44.4,1,0.2,0.1,+0.8,4,30,2,0,30,Matches
5cf5c9ad,Salvatore Esposito,it ITA,MF,Spezia,22-145,2000,2.1,105,136,77.2,1641,522,63,71,88.7,36,46,78.3,4,13,30.8,0,0.1,0.1,-0.1,1,12,1,0,11,Matches
366be751,Nicolò Fagioli,it ITA,MF,Juventus,22-017,2001,8.0,255,308,82.8,4202,851,134,148,90.5,91,102,89.2,25,45,55.6,2,0.8,0.4,+1.2,11,20,8,2,28,Matches
9f5a610b,Wladimiro Falcone,it ITA,GK,Lecce,27-323,1995,24.0,394,783,50.3,13031,10266,58,58,100.0,151,158,95.6,182,558,32.6,0,0.0,0.0,0.0,1,8,1,0,0,Matches
aae9d04a,Davide Faraoni,it ITA,DF,Hellas Verona,31-127,1991,6.3,151,232,65.1,2743,1240,65,84,77.4,65,91,71.4,17,39,43.6,2,0.6,0.3,+1.4,4,13,5,2,22,Matches
4e358a2d,Federico Fazio,ar ARG,DF,Salernitana,35-349,1987,11.8,408,528,77.3,7706,3184,139,168,82.7,212,246,86.2,47,92,51.1,0,0.1,0.1,-0.1,3,24,3,0,40,Matches
06b08c45,Jacopo Fazzini,it ITA,MF,Empoli,19-350,2003,2.7,76,92,82.6,1004,250,50,56,89.3,21,26,80.8,2,6,33.3,0,0.4,0.2,-0.4,2,3,1,1,4,Matches
ee64a822,Lewis Ferguson,sct SCO,MF,Bologna,23-189,1999,14.1,474,580,81.7,6637,1291,283,316,89.6,149,177,84.2,17,33,51.5,0,0.8,0.7,-0.8,10,32,4,0,39,Matches
d0dbca9f,Alex Ferrari,it ITA,DF,Sampdoria,28-243,1994,9.6,384,456,84.2,7605,2387,114,126,90.5,220,242,90.9,41,67,61.2,0,0.4,0.6,-0.4,3,17,1,0,25,Matches
d0dbca9f,Alex Ferrari,it ITA,DF,Cremonese,28-243,1994,6.5,217,288,75.3,4305,1445,75,94,79.8,114,132,86.4,27,55,49.1,0,0.1,0.2,-0.1,3,20,3,0,19,Matches
eb76987d,Salvador Ferrer,es ESP,DF,Spezia,25-039,1998,1.0,53,65,81.5,994,301,21,22,95.5,23,30,76.7,8,10,80.0,0,0.0,0.0,0.0,1,1,0,0,1,Matches
e288d4b3,Alessandro Florenzi,it ITA,DF,Milan,31-355,1991,1.1,62,79,78.5,1115,324,26,28,92.9,32,36,88.9,4,14,28.6,0,0.0,0.1,0.0,1,4,1,0,7,Matches
2a7d27c1,Davide Frattesi,it ITA,MF,Sassuolo,23-130,1999,21.8,540,696,77.6,9300,2486,256,313,81.8,199,244,81.6,63,93,67.7,0,1.4,1.5,-1.4,21,49,17,1,91,Matches
c235e803,Matteo Gabbia,it ITA,DF,Milan,23-131,1999,6.7,281,351,80.1,6251,1998,75,89,84.3,142,158,89.9,59,91,64.8,0,0.0,0.0,0.0,0,12,0,0,14,Matches
8f866fe8,Manolo Gabbiadini,it ITA,"FW,MF",Sampdoria,31-095,1991,14.2,234,363,64.5,3165,833,147,191,77.0,58,91,63.7,12,33,36.4,1,1.7,2.2,-0.7,11,19,14,1,29,Matches
3b387cc7,Gianluca Gaetano,it ITA,MF,Napoli,22-300,2000,0.4,19,27,70.4,252,86,11,12,91.7,7,9,77.8,0,1,0.0,1,0.2,0.0,+0.8,1,2,0,0,4,Matches
ce30bfc8,Roberto Gagliardini,it ITA,MF,Inter,28-328,1994,4.5,141,180,78.3,2133,602,83,100,83.0,46,54,85.2,8,15,53.3,0,0.2,0.5,-0.2,3,15,8,3,22,Matches
8dfed6e9,Adolfo Gaich,ar ARG,FW,Hellas Verona,24-003,1999,1.9,26,48,54.2,268,30,17,31,54.8,7,11,63.6,0,0,,0,0.1,0.0,-0.1,1,3,0,0,1,Matches
dd403465,Pablo Galdames Millán,cl CHI,"DF,MF",Cremonese,26-061,1996,0.5,21,31,67.7,289,79,15,19,78.9,4,6,66.7,1,4,25.0,0,0.0,0.0,0.0,1,1,0,0,3,Matches
c74d63ac,Antonino Gallo,it ITA,DF,Lecce,23-055,2000,16.8,540,802,67.3,10000,4548,235,277,84.8,233,326,71.5,65,163,39.9,1,1.2,1.3,-0.2,22,78,20,13,97,Matches
18dd3219,Federico Gatti,it ITA,DF,Juventus,24-250,1998,6.0,308,372,82.8,6500,2102,101,110,91.8,149,165,90.3,55,85,64.7,0,0.0,0.2,0.0,1,20,0,0,22,Matches
822ed0ec,Valentin Gendrey,fr FRA,DF,Lecce,22-253,2000,22.2,683,970,70.4,10990,5416,360,428,84.1,265,366,72.4,42,125,33.6,1,1.6,1.1,-0.6,15,43,10,5,75,Matches
71dc23da,Paolo Ghiglione,it ITA,DF,Cremonese,26-027,1997,5.6,107,205,52.2,2139,1170,36,58,62.1,55,93,59.1,16,42,38.1,1,0.4,0.4,+0.6,8,15,11,9,15,Matches
9c435456,Mario Gila,es ESP,DF,Lazio,22-184,2000,1.0,56,61,91.8,953,330,25,27,92.6,24,26,92.3,6,7,85.7,0,0.0,0.0,0.0,0,1,0,0,6,Matches
548bd0de,Gvidas Gineitis,lt LTU,MF,Torino,18-320,2004,0.5,21,29,72.4,270,68,13,17,76.5,6,8,75.0,0,0,,0,0.0,0.0,0.0,0,1,0,0,3,Matches
16ceb862,Olivier Giroud,fr FRA,FW,Milan,36-152,1986,16.1,241,383,62.9,2929,611,152,231,65.8,61,89,68.5,6,12,50.0,4,3.2,1.6,+0.8,20,11,5,0,30,Matches
f0f7f62f,Pierluigi Gollini,it ITA,GK,Fiorentina,27-348,1995,3.0,96,126,76.2,2622,1774,18,18,100.0,42,42,100.0,36,66,54.5,0,0.0,0.0,0.0,0,1,0,0,0,Matches
f025eade,Joan Gonzàlez,es ESP,MF,Lecce,21-028,2002,18.0,423,559,75.7,6638,1798,214,268,79.9,157,183,85.8,31,62,50.0,3,1.2,1.5,+1.8,13,49,7,3,49,Matches
2374aaca,Nicolás González,ar ARG,"FW,MF",Fiorentina,24-329,1998,7.9,201,309,65.0,3499,792,86,127,67.7,91,113,80.5,18,39,46.2,1,1.2,0.8,-0.2,17,18,13,4,32,Matches
2d970560,Robin Gosens,de GER,"DF,FW",Inter,28-239,1994,5.7,241,331,72.8,3810,1518,128,141,90.8,96,133,72.2,12,36,33.3,0,0.8,1.5,-0.8,6,19,9,5,21,Matches
6cc97b6a,Alberto Grassi,it ITA,MF,Empoli,27-359,1995,5.7,192,234,82.1,2778,906,109,123,88.6,59,72,81.9,11,24,45.8,0,0.1,0.1,-0.1,3,12,2,0,23,Matches
49136c42,Andrew Gravillon,gp GLP,DF,Torino,25-021,1998,0.2,14,15,93.3,251,52,6,6,100.0,8,8,100.0,0,0,,0,0.0,0.0,0.0,0,0,0,0,0,Matches
f1f1f238,Koray Günter,de GER,DF,Hellas Verona,28-197,1994,11.1,323,422,76.5,6871,3172,102,126,81.0,160,183,87.4,58,101,57.4,0,0.9,0.3,-0.9,8,31,1,1,36,Matches
f9758dae,Emmanuel Gyasi,gh GHA,"FW,DF",Spezia,29-049,1994,19.1,402,496,81.0,4985,941,276,313,88.2,101,131,77.1,6,11,54.5,0,1.0,0.8,-1.0,14,10,8,0,27,Matches
0be276c6,Norbert Gyömbér,sk SVK,DF,Salernitana,30-241,1992,9.8,365,424,86.1,6728,2638,134,149,89.9,184,200,92.0,41,65,63.1,0,0.0,0.1,0.0,1,27,0,0,30,Matches
9250bcff,Christian Gytkjær,dk DEN,FW,Monza,32-299,1990,5.3,61,89,68.5,774,128,36,49,73.5,15,22,68.2,3,3,100.0,0,0.2,0.1,-0.2,2,2,2,0,5,Matches
fa449bba,Nicolas Haas,ch SUI,MF,Empoli,27-037,1996,10.4,229,309,74.1,3731,1039,111,134,82.8,96,122,78.7,16,27,59.3,0,0.6,0.3,-0.6,6,23,5,0,28,Matches
74419746,Samir Handanović,si SVN,GK,Inter,38-230,1984,9.0,307,345,89.0,7077,4823,92,93,98.9,144,145,99.3,70,103,68.0,0,0.0,0.0,0.0,0,6,0,0,0,Matches
65fd099c,Abdou Harroui,nl NED,MF,Sassuolo,25-047,1998,3.5,114,145,78.6,1820,485,54,60,90.0,50,58,86.2,8,13,61.5,0,0.0,0.1,0.0,1,18,3,1,14,Matches
3b333ac3,Hans Hateboer,nl NED,DF,Atalanta,29-051,1994,15.5,561,703,79.8,8081,2853,342,379,90.2,171,221,77.4,31,60,51.7,1,1.5,1.4,-0.5,13,28,16,7,56,Matches
d7918b13,Liam Henderson,sct SCO,MF,Empoli,26-310,1996,8.5,320,391,81.8,5255,1521,136,156,87.2,149,166,89.8,22,45,48.9,1,1.1,0.8,-0.1,14,21,9,8,28,Matches
ffed43e3,Jack Hendry,sct SCO,DF,Cremonese,27-298,1995,2.4,118,137,86.1,2402,1087,40,44,90.9,58,67,86.6,17,22,77.3,0,0.0,0.0,0.0,1,12,1,0,9,Matches
a2d9f138,Matheus Henrique,br BRA,MF,Sassuolo,25-072,1997,10.5,387,456,84.9,6661,1823,176,200,88.0,154,169,91.1,43,55,78.2,0,1.0,0.7,-1.0,14,47,7,0,55,Matches
9ef42479,Thomas Henry,fr FRA,FW,Hellas Verona,28-162,1994,11.4,115,226,50.9,1405,437,71,124,57.3,19,46,41.3,7,12,58.3,0,1.1,0.5,-1.1,13,14,6,0,18,Matches
d4c9725f,Theo Hernández,fr FRA,DF,Milan,25-146,1997,20.3,801,1035,77.4,14055,4965,361,412,87.6,344,424,81.1,79,137,57.7,3,2.8,2.1,+0.2,30,55,20,8,75,Matches
12806697,Isak Hien,se SWE,DF,Hellas Verona,24-047,1999,18.3,531,725,73.2,11116,4325,141,189,74.6,299,363,82.4,82,137,59.9,0,0.1,0.1,-0.1,2,32,2,1,43,Matches
d4456fb3,Morten Hjulmand,dk DEN,MF,Lecce,23-249,1999,21.0,638,819,77.9,11893,3666,260,320,81.3,283,326,86.8,81,132,61.4,4,1.9,1.0,+2.1,19,90,11,3,96,Matches
c2357b65,Emil Holm,se SWE,DF,Spezia,22-292,2000,15.5,343,574,59.8,5202,1728,178,246,72.4,128,205,62.4,17,63,27.0,1,1.3,1.1,-0.3,13,30,12,5,40,Matches
b85bf253,Martin Hongla,cm CMR,MF,Hellas Verona,24-350,1998,5.8,166,212,78.3,3239,992,62,74,83.8,75,89,84.3,24,41,58.5,0,0.3,0.4,-0.3,3,18,2,1,24,Matches
d8800a46,Petko Hristov,bg BUL,DF,Spezia,24-000,1999,4.1,160,207,77.3,2653,997,82,90,91.1,64,79,81.0,11,29,37.9,0,0.0,0.1,0.0,0,11,2,1,8,Matches
1f2d714c,Ajdin Hrustic,au AUS,MF,Hellas Verona,26-239,1996,2.5,75,94,79.8,1069,341,40,42,95.2,25,33,75.8,4,7,57.1,0,0.6,0.6,-0.6,3,1,5,1,8,Matches
2f3452eb,Elseid Hysaj,al ALB,DF,Lazio,29-009,1994,10.0,525,638,82.3,7826,3372,303,329,92.1,175,208,84.1,31,67,46.3,1,0.5,0.7,+0.5,6,44,8,3,43,Matches
491a433d,Rasmus Højlund,dk DEN,FW,Atalanta,20-025,2003,12.6,212,285,74.4,2640,358,132,168,78.6,46,60,76.7,11,13,84.6,1,1.1,0.7,-0.1,19,13,7,0,26,Matches
82efe6fa,Roger Ibanez,br BRA,DF,Roma,24-098,1998,23.0,1111,1264,87.9,21095,7644,404,451,89.6,567,608,93.3,127,173,73.4,0,0.5,0.8,-0.5,4,53,3,0,56,Matches
4cde5509,Zlatan Ibrahimović,se SWE,FW,Milan,41-149,1981,0.2,7,9,77.8,104,15,4,6,66.7,3,3,100.0,0,0,,0,0.0,0.0,0.0,0,1,0,0,1,Matches
a4e85758,Igor,br BRA,DF,Fiorentina,25-022,1998,14.1,787,888,88.6,16446,5296,220,232,94.8,454,481,94.4,107,154,69.5,0,0.2,0.2,-0.2,3,58,2,0,55,Matches
42eaa028,Jonathan Ikone,fr FRA,FW,Fiorentina,24-303,1998,15.0,378,457,82.7,6353,1142,204,222,91.9,123,151,81.5,40,47,85.1,3,2.5,2.5,+0.5,21,17,17,2,40,Matches
bb376bed,Ivan Ilić,rs SRB,MF,Hellas Verona,21-349,2001,9.5,279,401,69.6,5107,1432,113,138,81.9,128,168,76.2,29,66,43.9,1,1.0,1.0,0.0,16,19,10,1,39,Matches
bb376bed,Ivan Ilić,rs SRB,MF,Torino,21-349,2001,2.0,115,128,89.8,1818,365,58,64,90.6,48,53,90.6,6,6,100.0,1,0.1,0.2,+0.9,1,7,2,2,8,Matches
ba492306,Samuel Iling-Junior,eng ENG,"DF,FW",Juventus,19-148,2003,1.3,31,40,77.5,519,211,16,19,84.2,12,15,80.0,2,4,50.0,1,0.0,0.1,+1.0,2,3,2,1,4,Matches
a47c6309,Emirhan İlkhan,tr TUR,MF,Torino,18-273,2004,1.0,36,43,83.7,671,140,16,19,84.2,12,13,92.3,7,9,77.8,0,0.1,0.0,-0.1,1,6,2,0,8,Matches
a47c6309,Emirhan İlkhan,tr TUR,MF,Sampdoria,18-273,2004,0.2,7,8,87.5,110,13,5,6,83.3,1,1,100.0,1,1,100.0,0,0.0,0.0,0.0,0,1,0,0,0,Matches
4431aed2,Ciro Immobile,it ITA,FW,Lazio,33-009,1990,15.1,296,404,73.3,3874,636,187,227,82.4,78,100,78.0,11,17,64.7,3,1.1,0.9,+1.9,15,11,9,0,29,Matches
6b635f5c,Ardian Ismajli,al ALB,DF,Empoli,26-152,1996,16.4,580,693,83.7,11463,3601,168,184,91.3,359,399,90.0,50,87,57.5,0,0.1,0.1,-0.1,1,14,0,0,22,Matches
89976232,Armando Izzo,it ITA,DF,Monza,30-364,1992,15.3,753,888,84.8,13672,4403,312,342,91.2,349,390,89.5,76,126,60.3,0,0.6,0.5,-0.6,9,52,5,1,63,Matches
8c65eb5f,Mato Jajalo,ba BIH,MF,Udinese,34-280,1988,0.7,23,29,79.3,401,166,10,13,76.9,9,9,100.0,3,4,75.0,0,0.0,0.1,0.0,1,1,1,0,4,Matches
4a537185,Jesé,es ESP,FW,Sampdoria,30-003,1993,0.3,11,15,73.3,159,35,6,6,100.0,5,6,83.3,0,1,0.0,0,0.0,0.0,0.0,0,0,0,0,0,Matches
79083382,Juan Jesus,br BRA,DF,Napoli,31-264,1991,6.7,404,449,90.0,7398,2359,147,154,95.5,220,237,92.8,31,43,72.1,0,0.0,0.2,0.0,1,21,1,0,28,Matches
dc765618,Þórir Jóhann Helgason,is ISL,MF,Lecce,22-154,2000,1.7,35,48,72.9,648,280,14,19,73.7,14,16,87.5,6,11,54.5,0,0.3,0.2,-0.3,3,1,0,0,2,Matches
4d8cd038,Luka Jović,rs SRB,"FW,MF",Fiorentina,25-068,1997,12.6,159,214,74.3,2516,387,82,101,81.2,62,80,77.5,11,17,64.7,0,0.6,0.5,-0.6,15,9,3,0,16,Matches
570bb4b9,Hamed Junior Traorè,ci CIV,"MF,FW",Sassuolo,23-013,2000,6.6,184,245,75.1,3077,823,87,101,86.1,68,83,81.9,20,34,58.8,3,1.8,0.8,+1.2,17,17,7,3,26,Matches
f95f49d2,Yayah Kallon,sl SLE,"MF,FW",Hellas Verona,21-244,2001,7.1,120,184,65.2,1740,475,69,88,78.4,35,61,57.4,8,13,61.5,1,1.4,0.8,-0.4,12,8,10,4,15,Matches
85f7d1be,Pierre Kalulu,fr FRA,DF,Milan,22-269,2000,20.6,1083,1250,86.6,20366,6933,394,434,90.8,589,639,92.2,92,152,60.5,0,1.0,0.7,-1.0,5,70,4,2,84,Matches
8b66d9cc,Yann Karamoh,fr FRA,"MF,FW",Torino,24-236,1998,3.9,77,104,74.0,1055,171,51,59,86.4,22,29,75.9,2,5,40.0,0,0.2,0.1,-0.2,4,1,3,1,7,Matches
9f84febe,Rick Karsdorp,nl NED,DF,Roma,28-018,1995,7.1,265,340,77.9,4638,1421,118,131,90.1,119,143,83.2,25,49,51.0,0,1.2,1.1,-1.2,6,12,11,1,24,Matches
7ae36711,Denso Kasius,nl NED,DF,Bologna,20-146,2002,3.8,143,192,74.5,2576,864,65,72,90.3,53,74,71.6,20,36,55.6,2,0.7,0.8,+1.3,6,6,8,6,9,Matches
2a82aa85,Grigoris Kastanos,cy CYP,"MF,DF",Salernitana,25-030,1998,4.6,120,165,72.7,1951,586,59,66,89.4,47,65,72.3,9,16,56.3,0,0.2,0.3,-0.2,5,15,3,0,19,Matches
3d50bcdb,Moise Kean,it ITA,FW,Juventus,23-001,2000,9.0,108,150,72.0,1355,293,67,82,81.7,25,34,73.5,3,6,50.0,0,1.1,0.6,-1.1,8,6,5,1,11,Matches
dc3e663e,Jakub Kiwior,pl POL,DF,Spezia,23-014,2000,16.0,653,775,84.3,13165,4165,209,238,87.8,343,371,92.5,93,147,63.3,0,0.2,0.6,-0.2,4,25,5,0,37,Matches
8b8a56ce,Simon Kjær,dk DEN,DF,Milan,33-340,1989,7.4,371,429,86.5,8006,2801,105,119,88.2,194,206,94.2,69,99,69.7,0,0.0,0.1,0.0,0,32,1,0,31,Matches
a26fb8aa,Teun Koopmeiners,nl NED,MF,Atalanta,25-001,1998,22.3,931,1255,74.2,17055,6812,385,448,85.9,395,495,79.8,115,241,47.7,3,3.0,4.0,0.0,36,117,34,8,138,Matches
b1cd37e6,Filip Kostić,rs SRB,"DF,FW",Juventus,30-120,1992,19.4,556,797,69.8,9429,3015,267,320,83.4,216,289,74.7,56,124,45.2,7,5.4,3.4,+1.6,45,34,37,25,52,Matches
58e933d2,Christian Kouamé,ci CIV,FW,Fiorentina,25-085,1997,16.0,379,532,71.2,5705,1268,221,274,80.7,107,157,68.2,27,46,58.7,2,2.3,2.0,-0.3,28,25,24,6,43,Matches
9d60028d,Viktor Kovalenko,ua UKR,MF,Spezia,27-015,1996,4.3,134,167,80.2,2031,446,75,81,92.6,48,60,80.0,9,15,60.0,0,0.3,0.2,-0.3,5,3,4,1,17,Matches
b804c280,Julian Kristoffersen,no NOR,FW,Salernitana,25-295,1997,0.2,0,2,0.0,0,0,0,1,0.0,0,0,,0,0,,0,0.0,0.0,0.0,0,0,0,0,0,Matches
b4101c2e,Raimonds Krollis,lv LVA,FW,Spezia,21-124,2001,0.2,1,2,50.0,23,5,0,1,0.0,1,1,100.0,0,0,,0,0.0,0.0,0.0,0,0,0,0,1,Matches
817c6964,Rade Krunić,ba BIH,"MF,FW",Milan,29-145,1993,9.9,296,363,81.5,4549,1658,146,169,86.4,121,141,85.8,16,24,66.7,1,0.9,0.8,+0.1,11,24,7,0,40,Matches
a40819d9,Marash Kumbulla,al ALB,DF,Roma,23-021,2000,2.2,128,143,89.5,2347,595,47,48,97.9,71,75,94.7,8,15,53.3,0,0.1,0.0,-0.1,1,2,0,0,6,Matches
dea88efd,Khvicha Kvaratskhelia,ge GEO,FW,Napoli,22-017,2001,16.2,434,558,77.8,6184,1210,274,305,89.8,106,144,73.6,31,57,54.4,9,6.1,4.7,+2.9,32,22,22,4,42,Matches
0a483542,Giorgos Kyriakopoulos,gr GRE,"FW,DF",Bologna,27-024,1996,1.4,54,74,73.0,832,445,29,32,90.6,15,23,65.2,5,11,45.5,0,0.1,0.1,-0.1,1,5,5,2,7,Matches
0a483542,Giorgos Kyriakopoulos,gr GRE,"FW,DF",Sassuolo,27-024,1996,8.5,300,391,76.7,5430,2158,148,165,89.7,103,125,82.4,44,81,54.3,1,1.4,0.9,-0.4,14,23,14,9,32,Matches
c283ddef,Sam Lammers,nl NED,FW,Sampdoria,25-305,1997,7.8,110,165,66.7,1449,343,74,98,75.5,28,43,65.1,3,3,100.0,1,1.0,0.6,0.0,10,8,5,1,10,Matches
c283ddef,Sam Lammers,nl NED,FW,Empoli,25-305,1997,9.8,143,230,62.2,1814,451,94,129,72.9,41,60,68.3,1,5,20.0,1,0.7,0.3,+0.3,10,13,4,0,19,Matches
09538fdb,Kevin Lasagna,it ITA,"FW,MF",Hellas Verona,30-203,1992,13.6,129,210,61.4,1939,449,65,96,67.7,45,67,67.2,6,12,50.0,2,1.5,0.3,+0.5,12,9,6,0,16,Matches
2d22cea7,Armand Lauriente,fr FRA,FW,Sassuolo,24-087,1998,15.6,379,520,72.9,5816,1780,217,244,88.9,120,165,72.7,26,63,41.3,3,4.7,2.7,-1.7,47,27,29,7,54,Matches
016ff750,Valentino Lazaro,at AUT,DF,Torino,26-342,1996,11.8,524,695,75.4,8590,3209,263,297,88.6,194,255,76.1,48,99,48.5,2,2.3,2.2,-0.3,22,37,16,8,58,Matches
93088fbb,Marko Lazetić,rs SRB,FW,Milan,19-038,2004,0.1,1,1,100.0,18,0,0,0,,1,1,100.0,0,0,,0,0.0,0.0,0.0,0,0,0,0,0,Matches
5128bde4,Darko Lazović,rs SRB,"DF,MF",Hellas Verona,32-167,1990,17.4,371,588,63.1,6103,2593,184,233,79.0,136,194,70.1,37,98,37.8,4,4.0,3.5,0.0,27,32,26,11,57,Matches
02caf6e0,Manuel Lazzari,it ITA,DF,Lazio,29-092,1993,14.5,705,798,88.3,9725,3494,419,446,93.9,231,265,87.2,24,33,72.7,0,0.5,0.5,-0.5,8,30,9,5,39,Matches
20730eae,Rafael Leão,pt POR,"FW,MF",Milan,23-264,1999,18.8,384,529,72.6,6818,2124,181,236,76.7,144,183,78.7,49,70,70.0,6,5.2,4.0,+0.8,36,48,39,10,81,Matches
7d3cbc67,Mehdi Léris,dz ALG,"MF,DF",Sampdoria,24-282,1998,17.1,402,605,66.4,5916,2095,238,283,84.1,115,183,62.8,30,66,45.5,1,1.0,0.8,0.0,13,31,12,4,38,Matches
d023d70f,Karol Linetty,pl POL,MF,Torino,28-027,1995,15.6,610,713,85.6,10122,2312,289,328,88.1,261,284,91.9,43,60,71.7,0,0.7,0.7,-0.7,16,57,4,1,52,Matches
a3695ac2,Marcin Listkowski,pl POL,"MF,FW",Lecce,25-019,1998,0.9,16,24,66.7,204,71,14,16,87.5,0,3,0.0,1,4,25.0,0,0.0,0.0,0.0,0,0,0,0,1,Matches
bba30585,Diego Llorente,es ESP,DF,Roma,29-197,1993,0.0,0,0,,0,0,0,0,,0,0,,0,0,,0,0.0,0.0,0.0,0,0,0,0,0,Matches
e1cbb531,Stanislav Lobotka,sk SVK,MF,Napoli,28-096,1994,22.3,1383,1467,94.3,22649,5603,693,721,96.1,544,570,95.4,109,126,86.5,1,0.7,0.7,+0.3,11,136,9,0,106,Matches
a8a874f1,Manuel Locatelli,it ITA,MF,Juventus,25-052,1998,17.6,722,899,80.3,13427,4526,323,371,87.1,283,329,86.0,99,150,66.0,0,0.9,0.7,-0.9,11,93,8,0,84,Matches
c8ad0857,Luka Lochoshvili,ge GEO,DF,Cremonese,24-276,1998,12.7,395,504,78.4,7184,2702,151,168,89.9,218,247,88.3,24,75,32.0,1,1.0,0.2,0.0,4,33,3,1,53,Matches
7c104bb7,Ademola Lookman,ng NGA,"FW,MF",Atalanta,25-132,1997,16.2,406,536,75.7,5612,1642,230,269,85.5,122,162,75.3,21,38,55.3,4,5.6,4.3,-1.6,31,25,26,4,63,Matches
20094685,Maxime Lopez,fr FRA,MF,Sassuolo,25-087,1997,14.2,763,874,87.3,13147,4729,352,384,91.7,313,356,87.9,79,102,77.5,0,1.4,1.1,-1.4,17,99,6,2,115,Matches
5fa57166,Matteo Lovato,it ITA,DF,Salernitana,23-015,2000,4.6,167,195,85.6,3129,1147,61,66,92.4,86,99,86.9,17,24,70.8,0,0.0,0.0,0.0,0,7,0,0,7,Matches
966eea58,Sandi Lovrić,si SVN,MF,Udinese,24-338,1998,14.3,465,586,79.4,7644,2150,231,261,88.5,153,188,81.4,50,91,54.9,2,1.9,1.9,+0.1,24,62,18,7,66,Matches
a69e4806,Hirving Lozano,mx MEX,FW,Napoli,27-214,1995,12.7,302,410,73.7,4410,1232,166,193,86.0,101,133,75.9,21,37,56.8,3,2.9,2.6,+0.1,23,20,30,16,42,Matches
80490d7f,Jhon Lucumí,co COL,DF,Bologna,24-248,1998,19.2,887,1024,86.6,16786,5837,358,378,94.7,403,441,91.4,113,162,69.8,1,0.2,0.3,+0.8,4,52,5,1,45,Matches
921f6058,José Luis Palomino,ar ARG,DF,Atalanta,33-055,1990,4.6,242,299,80.9,4385,1747,95,110,86.4,124,140,88.6,22,37,59.5,0,0.3,0.2,-0.3,2,11,2,1,18,Matches
5eae500a,Romelu Lukaku,be BEL,FW,Inter,29-292,1993,6.5,90,140,64.3,1139,193,53,72,73.6,21,30,70.0,5,10,50.0,1,1.1,1.0,-0.1,9,3,7,1,12,Matches
c6e8cf1f,Saša Lukić,rs SRB,MF,Torino,26-200,1996,13.3,627,732,85.7,11788,2410,232,265,87.5,307,339,90.6,78,102,76.5,0,1.4,1.3,-1.4,16,54,8,3,44,Matches
997fff07,Sebastiano Luperto,it ITA,DF,Empoli,26-176,1996,21.0,882,1019,86.6,16806,6026,295,311,94.9,479,521,91.9,90,159,56.6,0,0.6,0.3,-0.6,3,40,2,1,49,Matches
5efc5389,Charalambos Lykogiannis,gr GRE,DF,Bologna,29-130,1993,10.9,448,631,71.0,7647,3157,213,238,89.5,190,252,75.4,37,97,38.1,0,1.3,1.2,-1.3,16,44,16,11,52,Matches
957e4c87,Giulio Maggiore,it ITA,MF,Salernitana,24-354,1998,7.5,283,369,76.7,4922,1293,127,160,79.4,119,134,88.8,29,51,56.9,0,0.5,0.6,-0.5,3,30,11,0,46,Matches
cce9f582,Giangiacomo Magnani,it ITA,DF,Hellas Verona,27-148,1995,6.9,140,200,70.0,3082,1087,43,57,75.4,68,83,81.9,26,51,51.0,0,0.1,0.0,-0.1,2,12,2,0,13,Matches
fcb38f57,Mike Maignan,fr FRA,GK,Milan,27-241,1995,8.0,217,285,76.1,5903,3830,36,36,100.0,109,110,99.1,71,135,52.6,0,0.0,0.0,0.0,0,8,0,0,0,Matches
22bfb57e,Jean-Victor Makengo,fr FRA,MF,Udinese,24-262,1998,8.9,264,316,83.5,3718,884,167,180,92.8,79,96,82.3,9,13,69.2,1,0.5,0.4,+0.5,5,19,6,1,36,Matches
2bffcbf2,Lorenzo Malagrida,it ITA,MF,Sampdoria,19-128,2003,0.1,2,2,100.0,19,16,2,2,100.0,0,0,,0,0,,0,0.0,0.0,0.0,0,0,0,0,0,Matches
801831fe,Daniel Maldini,it ITA,"FW,MF",Spezia,21-141,2001,3.9,82,112,73.2,1117,215,45,55,81.8,24,31,77.4,5,11,45.5,0,0.1,0.2,-0.1,2,6,3,1,5,Matches
4c8845f7,Youssef Maleh,it ITA,MF,Fiorentina,24-191,1998,3.3,95,116,81.9,1462,376,55,63,87.3,31,35,88.6,7,12,58.3,0,0.6,0.4,-0.6,6,8,5,2,11,Matches
4c8845f7,Youssef Maleh,it ITA,MF,Lecce,24-191,1998,3.6,65,89,73.0,1000,313,36,43,83.7,21,30,70.0,5,9,55.6,0,0.1,0.1,-0.1,2,9,1,0,9,Matches
48d5bd33,Ruslan Malinovskyi,ua UKR,"MF,FW",Atalanta,29-301,1993,6.1,248,332,74.7,4851,1645,106,123,86.2,97,121,80.2,39,64,60.9,2,2.0,1.3,0.0,13,36,15,0,50,Matches
5aa53281,Gianluca Mancini,it ITA,DF,Roma,26-318,1996,22.2,938,1165,80.5,18139,6665,351,388,90.5,456,514,88.7,120,230,52.2,2,1.2,0.9,+0.8,11,72,9,3,58,Matches
c7259b83,Rolando Mandragora,it ITA,MF,Fiorentina,25-245,1997,12.2,471,581,81.1,9112,2950,181,211,85.8,212,240,88.3,62,93,66.7,2,2.1,2.4,-0.1,19,64,10,3,88,Matches
f794b426,Federico Marchetti,it ITA,GK,Spezia,40-022,1983,0.7,14,18,77.8,316,175,6,6,100.0,4,4,100.0,4,8,50.0,0,0.0,0.0,0.0,0,0,0,0,0,Matches
91d0fabf,Riccardo Marchizza,it ITA,DF,Sassuolo,24-340,1998,1.9,84,107,78.5,1495,506,40,43,93.0,36,43,83.7,8,20,40.0,1,0.4,0.1,+0.6,2,7,2,1,7,Matches
8650af85,Gian Marco Ferrari,it ITA,DF,Sassuolo,31-014,1992,17.0,705,829,85.0,14566,5175,206,226,91.2,385,425,90.6,105,157,66.9,0,0.0,0.1,0.0,1,42,2,0,55,Matches
aa54ec6f,Pablo Marí,es ESP,DF,Monza,29-182,1993,15.6,733,842,87.1,15153,5864,200,227,88.1,421,447,94.2,105,150,70.0,0,0.0,0.2,0.0,1,49,1,0,33,Matches
7fac99d4,Răzvan Marin,ro ROU,MF,Empoli,26-282,1996,18.7,808,1005,80.4,14338,5142,362,378,95.8,319,380,83.9,96,175,54.9,2,1.7,2.0,+0.3,32,65,17,4,71,Matches
cdf65d12,Marlon,br BRA,DF,Monza,27-175,1995,13.5,704,764,92.1,12432,4327,286,306,93.5,367,385,95.3,45,59,76.3,0,0.3,0.5,-0.3,1,60,5,2,48,Matches
ea468ea8,Luca Marrone,it ITA,DF,Monza,32-338,1990,1.5,78,84,92.9,1371,634,34,35,97.1,39,41,95.1,5,8,62.5,0,0.0,0.0,0.0,0,0,0,0,4,Matches
f7036e1c,Lautaro Martínez,ar ARG,FW,Inter,25-191,1997,20.9,351,485,72.4,5379,1325,177,239,74.1,121,150,80.7,25,33,75.8,3,3.4,2.0,-0.4,33,30,16,0,62,Matches
3ec3c1c9,Lucas Martínez Quarta,ar ARG,DF,Fiorentina,26-295,1996,15.1,789,970,81.3,17388,6917,217,250,86.8,423,471,89.8,140,217,64.5,1,0.4,0.6,+0.6,5,71,4,0,77,Matches
d4535821,Adam Marušić,me MNE,DF,Lazio,30-135,1992,23.3,1252,1453,86.2,19143,7539,698,758,92.1,435,502,86.7,84,131,64.1,2,1.2,1.1,+0.8,8,82,5,3,88,Matches
de0f152c,Adam Masina,ma MAR,DF,Udinese,29-058,1994,5.2,183,238,76.9,4127,1818,54,62,87.1,89,108,82.4,38,62,61.3,0,0.1,0.2,-0.1,1,15,4,3,13,Matches
eb7822d7,Nemanja Matić,rs SRB,MF,Roma,34-212,1988,13.9,740,871,85.0,13016,3731,334,355,94.1,297,343,86.6,81,126,64.3,1,1.2,1.0,-0.2,13,87,9,1,80,Matches
3318286e,Luís Maximiano,pt POR,GK,Lazio,24-055,1999,0.1,3,4,75.0,98,90,1,1,100.0,0,0,,2,3,66.7,0,0.0,0.0,0.0,0,0,0,0,0,Matches
eb0ec070,Pasquale Mazzocchi,it ITA,DF,Salernitana,27-217,1995,13.6,440,590,74.6,7305,2378,224,248,90.3,163,215,75.8,40,81,49.4,2,2.2,1.7,-0.2,26,27,16,9,38,Matches
01c3aff5,Weston McKennie,us USA,"MF,DF",Juventus,24-185,1998,11.7,336,418,80.4,5385,1516,175,207,84.5,125,147,85.0,28,38,73.7,1,0.7,0.9,+0.3,8,23,6,4,39,Matches
563a68ad,Gary Medel,cl CHI,"MF,DF",Bologna,35-210,1987,14.4,833,942,88.4,15438,5299,326,353,92.4,387,412,93.9,98,144,68.1,1,0.3,0.4,+0.7,4,58,4,0,49,Matches
5cec2c74,Soualiho Meïté,fr FRA,MF,Cremonese,28-349,1994,14.3,442,536,82.5,7300,1958,228,256,89.1,171,192,89.1,34,59,57.6,1,0.3,0.3,+0.7,7,42,15,3,53,Matches
9413b19f,Alex Meret,it ITA,GK,Napoli,25-344,1997,24.0,578,666,86.8,13465,8160,137,137,100.0,293,296,99.0,145,230,63.0,0,0.0,0.0,0.0,0,1,0,0,0,Matches
c730da00,Yıldırım Mert Çetin,tr TUR,DF,Lecce,26-059,1997,0.2,2,3,66.7,38,8,1,1,100.0,0,0,,1,1,100.0,0,0.0,0.0,0.0,0,0,0,0,0,Matches
f49c4ae9,Junior Messias,br BRA,"FW,DF",Milan,31-292,1991,11.4,287,385,74.5,4522,1170,157,187,84.0,107,135,79.3,18,37,48.6,2,0.5,0.8,+1.5,9,25,3,1,36,Matches
b2561711,Tommaso Milanese,it ITA,MF,Cremonese,20-213,2002,0.3,10,14,71.4,182,41,4,5,80.0,3,5,60.0,2,3,66.7,0,0.2,0.1,-0.2,3,3,0,0,2,Matches
bee704fc,Nikola Milenković,rs SRB,DF,Fiorentina,25-140,1997,15.7,773,899,86.0,15146,4494,269,297,90.6,408,455,89.7,90,129,69.8,1,0.5,0.8,+0.5,6,46,2,0,55,Matches
85613cf0,Arkadiusz Milik,pl POL,FW,Juventus,29-001,1994,11.0,218,279,78.1,3030,498,130,154,84.4,68,82,82.9,7,13,53.8,1,1.1,0.6,-0.1,8,10,6,0,20,Matches
4e6dbac4,Sergej Milinković-Savić,rs SRB,MF,Lazio,28-002,1995,20.3,903,1227,73.6,14297,4053,500,611,81.8,291,373,78.0,80,152,52.6,8,6.1,3.2,+1.9,33,96,32,3,111,Matches
9fa26bc2,Vanja Milinković-Savić,rs SRB,GK,Torino,26-009,1997,24.0,625,1077,58.0,20398,14756,69,70,98.6,309,316,97.8,245,680,36.0,0,0.0,0.1,0.0,0,57,2,0,0,Matches
e0f8151c,Kim Min-jae,kr KOR,DF,Napoli,26-106,1996,22.5,1629,1809,90.0,29940,11248,639,688,92.9,816,864,94.4,147,205,71.7,1,1.6,0.5,-0.6,9,119,5,1,102,Matches
a9aa0d1d,Aleksei Miranchuk,ru RUS,MF,Torino,27-135,1995,14.9,453,558,81.2,7133,1779,238,268,88.8,152,178,85.4,37,70,52.9,3,3.1,2.6,-0.1,35,47,26,5,72,Matches
34693494,Fabio Miretti,it ITA,"MF,FW",Juventus,19-210,2003,9.2,261,369,70.7,4095,1074,141,173,81.5,93,122,76.2,18,45,40.0,1,1.0,0.9,0.0,12,25,8,1,35,Matches
dd0daf32,Henrikh Mkhitaryan,am ARM,MF,Inter,34-039,1989,15.4,619,716,86.5,10154,2448,306,330,92.7,238,274,86.9,52,68,76.5,1,1.9,2.0,-0.9,15,63,22,8,90,Matches
54ab971f,Salvatore Molina,it ITA,DF,Monza,31-059,1992,2.5,86,114,75.4,1260,424,49,55,89.1,36,45,80.0,1,8,12.5,0,0.1,0.3,-0.1,2,4,5,4,7,Matches
ca73910d,Daniele Montevago,it ITA,FW,Sampdoria,19-348,2003,2.6,23,40,57.5,228,22,14,20,70.0,4,8,50.0,0,3,0.0,0,0.2,0.3,-0.2,4,1,0,0,0,Matches
c1d95617,Lorenzo Montipò,it ITA,GK,Hellas Verona,27-009,1996,24.0,487,777,62.7,18303,15147,56,57,98.2,169,173,97.7,259,542,47.8,0,0.0,0.1,0.0,0,38,1,0,0,Matches
ff579c7e,Nikola Moro,hr CRO,MF,Bologna,24-354,1998,5.0,210,281,74.7,4121,1378,79,106,74.5,90,107,84.1,37,53,69.8,2,0.7,0.4,+1.3,7,33,5,1,37,Matches
efc9e31f,Dany Mota,pt POR,"FW,MF",Monza,24-303,1998,12.7,246,362,68.0,3515,466,148,190,77.9,77,111,69.4,11,19,57.9,0,1.4,1.1,-1.4,15,11,8,4,19,Matches
a0aee24e,João Moutinho,pt POR,"DF,FW",Spezia,25-048,1998,0.6,30,42,71.4,405,162,18,20,90.0,9,12,75.0,1,6,16.7,0,0.0,0.0,0.0,1,4,0,0,1,Matches
1295552e,Mert Müldür,tr TUR,DF,Sassuolo,23-332,1999,0.1,1,1,100.0,11,0,1,1,100.0,0,0,,0,0,,0,0.0,0.0,0.0,0,0,0,0,0,Matches
eb2fe5b6,Luis Muriel,co COL,FW,Atalanta,31-319,1991,6.9,170,273,62.3,2857,887,89,124,71.8,55,80,68.8,18,44,40.9,2,2.3,2.1,-0.3,16,13,20,3,39,Matches
b233e8e4,Jeison Murillo,co COL,DF,Sampdoria,30-278,1992,9.1,353,438,80.6,7136,2681,111,123,90.2,195,223,87.4,45,80,56.3,0,0.0,0.1,0.0,1,27,1,0,31,Matches
d183e9d6,Nicola Murru,it ITA,DF,Sampdoria,28-075,1994,4.9,126,176,71.6,2291,1225,51,59,86.4,58,74,78.4,13,32,40.6,0,0.1,0.3,-0.1,2,13,3,2,16,Matches
a111cf41,Juan Musso,ar ARG,GK,Atalanta,28-299,1994,17.1,409,551,74.2,11677,8283,74,74,100.0,185,187,98.9,147,284,51.8,0,0.1,0.0,-0.1,1,0,0,0,0,Matches
c459a650,Joakim Mæhle,dk DEN,"DF,MF",Atalanta,25-285,1997,13.7,698,856,81.5,9625,3374,451,500,90.2,197,242,81.4,26,52,50.0,1,1.6,1.8,-0.6,22,45,29,6,85,Matches
599d91d0,Michel Ndary Adopo,fr FRA,"MF,DF",Torino,22-225,2000,2.7,112,130,86.2,1658,442,61,69,88.4,44,50,88.0,5,6,83.3,0,0.0,0.0,0.0,1,6,0,0,8,Matches
5cdddffa,Tanguy Ndombele,fr FRA,MF,Napoli,26-063,1996,6.3,381,425,89.6,5209,1270,240,259,92.7,108,112,96.4,14,23,60.9,0,0.4,0.5,-0.4,8,30,8,0,43,Matches
b1236c63,Ilija Nestorovski,mk MKD,"FW,MF",Udinese,32-354,1990,1.3,25,34,73.5,297,73,20,23,87.0,5,8,62.5,0,1,0.0,1,0.3,0.3,+0.7,1,2,0,0,5,Matches
2b8360f1,Cyril Ngonge,be BEL,"MF,FW",Hellas Verona,22-279,2000,3.4,47,71,66.2,804,309,18,27,66.7,22,25,88.0,5,9,55.6,0,0.3,0.4,-0.3,4,5,6,4,10,Matches
b136c945,Hans Nicolussi Caviglia,it ITA,MF,Salernitana,22-256,2000,5.1,148,196,75.5,2587,766,58,71,81.7,69,84,82.1,12,22,54.5,0,0.0,0.1,0.0,2,14,0,0,17,Matches
cf961d8d,Dimitris Nikolaou,gr GRE,DF,Spezia,24-200,1998,20.8,874,1074,81.4,15984,6753,366,396,92.4,391,440,88.9,95,197,48.2,0,0.5,0.5,-0.5,5,69,2,1,70,Matches
e33f36d5,Bram Nuytinck,nl NED,DF,Udinese,32-301,1990,4.3,113,139,81.3,2516,1038,24,27,88.9,67,75,89.3,20,32,62.5,0,0.0,0.0,0.0,0,4,1,0,4,Matches
e33f36d5,Bram Nuytinck,nl NED,DF,Sampdoria,32-301,1990,8.4,254,299,84.9,4843,1676,78,89,87.6,151,162,93.2,22,40,55.0,0,0.0,0.0,0.0,1,11,0,0,12,Matches
a4948e67,M'Bala Nzola,ao ANG,FW,Spezia,26-195,1996,19.1,291,369,78.9,3596,585,197,235,83.8,68,85,80.0,5,6,83.3,1,1.4,1.7,-0.4,16,19,12,2,35,Matches
ba1e04b3,Pedro Obiang,gq EQG,MF,Sassuolo,30-339,1992,7.4,257,309,83.2,4834,1643,121,142,85.2,98,109,89.9,35,47,74.5,1,0.2,0.1,+0.8,2,16,0,0,27,Matches
1e9bde92,Guillermo Ochoa,mx MEX,GK,Salernitana,37-231,1985,7.0,154,263,58.6,5258,4013,15,15,100.0,65,67,97.0,74,179,41.3,0,0.0,0.0,0.0,0,5,0,0,0,Matches
d125f22f,David Okereke,ng NGA,"FW,MF",Cremonese,25-184,1997,17.9,248,363,68.3,4205,1020,122,165,73.9,91,113,80.5,27,38,71.1,0,1.0,0.9,-1.0,17,22,19,5,58,Matches
8ec109e6,Caleb Okoli,it ITA,DF,Atalanta,21-231,2001,9.4,297,387,76.7,5230,2068,127,155,81.9,134,164,81.7,27,43,62.8,0,0.0,0.0,0.0,0,9,1,0,13,Matches
41c12f75,Mathías Olivera,uy URU,DF,Napoli,25-121,1997,7.4,511,590,86.6,6900,2231,342,368,92.9,124,145,85.5,26,41,63.4,1,1.2,0.8,-0.2,13,43,7,2,36,Matches
e9c0c1b2,André Onana,cm CMR,GK,Inter,26-333,1996,15.0,489,616,79.4,12042,8045,127,127,100.0,228,234,97.4,131,251,52.2,0,0.0,0.0,0.0,1,6,0,0,2,Matches
43a166b4,Divock Origi,be BEL,FW,Milan,27-317,1995,7.0,75,117,64.1,979,227,44,58,75.9,20,35,57.1,3,7,42.9,1,0.9,0.3,+0.1,8,4,3,0,9,Matches
e14ec482,Riccardo Orsolini,it ITA,FW,Bologna,26-036,1997,15.7,370,595,62.2,7169,2172,174,240,72.5,108,172,62.8,68,125,54.4,3,2.0,1.8,+1.0,30,35,9,4,46,Matches
8c90fd7a,Victor Osimhen,ng NGA,FW,Napoli,24-062,1998,18.4,169,237,71.3,2338,316,99,121,81.8,45,65,69.2,10,13,76.9,3,1.7,1.2,+1.3,19,14,5,0,16,Matches
ea02beaf,Remi Oudin,fr FRA,"FW,MF",Lecce,26-103,1996,4.2,113,195,57.9,2182,734,48,64,75.0,34,59,57.6,23,49,46.9,0,0.4,0.2,-0.4,5,16,1,1,19,Matches
ed90babd,Adam Ounas,dz ALG,FW,Napoli,26-110,1996,0.2,13,17,76.5,297,80,6,7,85.7,2,3,66.7,5,5,100.0,0,0.0,0.0,0.0,0,2,1,0,4,Matches
8daee720,Simone Pafundi,it ITA,MF,Udinese,17-015,2006,0.1,7,9,77.8,105,27,4,5,80.0,3,3,100.0,0,1,0.0,0,0.0,0.0,0.0,0,2,0,0,1,Matches
3d6cee81,Flavio Paoletti,it ITA,MF,Sampdoria,20-044,2003,1.0,38,47,80.9,733,181,15,18,83.3,18,18,100.0,5,5,100.0,0,0.0,0.0,0.0,1,1,0,0,4,Matches
dff153a4,Leandro Paredes,ar ARG,MF,Juventus,28-245,1994,6.4,360,404,89.1,6693,2517,153,162,94.4,151,161,93.8,51,71,71.8,0,0.7,1.1,-0.7,8,36,7,2,39,Matches
0967845b,Fabiano Parisi,it ITA,DF,Empoli,22-112,2000,19.8,757,999,75.8,12147,5868,396,444,89.2,290,379,76.5,53,111,47.7,0,1.2,1.1,-1.2,16,57,27,9,90,Matches
e599253a,Mario Pašalić,hr CRO,"MF,FW",Atalanta,28-020,1995,11.4,313,386,81.1,4898,1330,164,193,85.0,110,126,87.3,26,42,61.9,2,1.6,1.0,+0.4,10,30,12,1,51,Matches
f7223718,Patric,es ESP,DF,Lazio,29-318,1993,10.9,650,728,89.3,13557,4124,213,231,92.2,279,295,94.6,133,175,76.0,0,0.0,0.1,0.0,1,23,3,0,22,Matches
79b0d6a0,Rui Patrício,pt POR,GK,Roma,35-014,1988,24.0,478,612,78.1,12422,8230,107,107,100.0,224,227,98.7,145,274,52.9,0,0.0,0.0,0.0,0,4,0,0,0,Matches
3ca7254a,Pedro,es ESP,FW,Lazio,35-216,1987,13.9,520,650,80.0,7216,1559,328,362,90.6,134,183,73.2,27,55,49.1,2,1.5,1.1,+0.5,13,28,17,1,40,Matches
f058ed1f,Gianluca Pegolo,it ITA,GK,Sassuolo,41-341,1981,2.0,64,77,83.1,1652,1058,13,13,100.0,31,32,96.9,19,31,61.3,0,0.0,0.0,0.0,0,0,0,0,0,Matches
a44d3a3c,Pietro Pellegri,it ITA,FW,Torino,21-349,2001,4.1,42,58,72.4,526,30,28,37,75.7,11,12,91.7,1,3,33.3,0,0.5,0.4,-0.5,4,2,2,0,5,Matches
4a5a45c7,Lorenzo Pellegrini,it ITA,MF,Roma,26-255,1996,18.6,562,755,74.4,9743,2980,260,304,85.5,195,243,80.2,79,156,50.6,5,4.9,3.9,+0.1,45,45,15,2,72,Matches
7afb1573,Pepín,gq EQG,MF,Monza,26-199,1996,8.1,349,430,81.2,5894,1641,169,190,88.9,151,175,86.3,21,39,53.8,1,1.1,1.0,-0.1,6,42,13,2,52,Matches
75f2c59f,Roberto Pereyra,ar ARG,"DF,MF",Udinese,32-053,1991,19.3,651,820,79.4,9987,3430,355,391,90.8,226,286,79.0,43,70,61.4,6,3.4,4.0,+2.6,27,54,32,6,103,Matches
f7c491f1,Nehuén Pérez,ar ARG,DF,Udinese,22-250,2000,19.4,1016,1190,85.4,20224,7363,366,396,92.4,483,535,90.3,146,224,65.2,0,0.3,0.4,-0.3,7,79,6,3,81,Matches
4c62d0c8,Mattia Perin,it ITA,GK,Juventus,30-111,1992,7.5,202,276,73.2,4867,3162,47,48,97.9,112,112,100.0,43,115,37.4,0,0.0,0.0,0.0,0,6,0,0,1,Matches
780e3631,Matteo Pessina,it ITA,MF,Monza,25-314,1997,19.9,995,1181,84.3,16635,4705,477,533,89.5,416,460,90.4,76,106,71.7,2,1.4,1.6,+0.6,17,106,26,2,129,Matches
03f946ed,Andrea Petagna,it ITA,FW,Monza,27-244,1995,11.2,198,275,72.0,2923,453,125,154,81.2,52,81,64.2,11,16,68.8,4,2.9,1.3,+1.1,17,15,5,0,19,Matches
149c5f5d,Giuseppe Pezzella,it ITA,DF,Lecce,25-092,1997,7.2,296,376,78.7,4803,1879,148,166,89.2,123,154,79.9,20,39,51.3,1,0.4,0.2,+0.6,3,30,8,2,49,Matches
17f3620a,Krzysztof Piątek,pl POL,FW,Salernitana,27-243,1995,15.0,248,355,69.9,3415,487,145,192,75.5,73,96,76.0,13,23,56.5,2,1.2,0.5,+0.8,14,17,7,0,24,Matches
1cadaf34,Roberto Piccoli,it ITA,FW,Hellas Verona,22-033,2001,2.1,13,25,52.0,178,55,8,12,66.7,3,6,50.0,1,4,25.0,0,0.2,0.0,-0.2,1,1,0,0,0,Matches
1cadaf34,Roberto Piccoli,it ITA,"FW,MF",Empoli,22-033,2001,1.4,15,22,68.2,188,61,10,12,83.3,4,6,66.7,0,1,0.0,0,0.0,0.0,0.0,0,0,0,0,2,Matches
f71ad8cb,Charles Pickel,ch SUI,MF,Cremonese,25-290,1997,18.0,505,655,77.1,7996,2358,262,320,81.9,190,227,83.7,36,61,59.0,0,0.9,0.9,-0.9,12,62,9,0,80,Matches
08aa9cd1,Andrea Pinamonti,it ITA,FW,Sassuolo,23-286,1999,15.5,202,319,63.3,2462,384,138,185,74.6,41,77,53.2,6,14,42.9,0,1.1,1.2,-1.1,12,11,11,2,19,Matches
caec77da,Lorenzo Pirola,it ITA,DF,Salernitana,21-009,2002,9.3,325,412,78.9,6148,1940,120,138,87.0,171,202,84.7,31,54,57.4,0,0.0,0.0,0.0,1,20,1,0,20,Matches
2c38b327,Marko Pjaca,hr CRO,"MF,FW",Empoli,27-299,1995,4.7,154,194,79.4,2422,603,81,98,82.7,51,65,78.5,14,20,70.0,0,0.3,0.4,-0.3,8,15,7,3,14,Matches
55a1cac2,Tommaso Pobega,it ITA,MF,Milan,23-229,1999,6.4,169,224,75.4,2897,695,78,99,78.8,71,82,86.6,17,29,58.6,0,0.2,0.5,-0.2,4,15,4,1,18,Matches
867239d3,Paul Pogba,fr FRA,MF,Juventus,29-351,1993,0.2,5,10,50.0,41,21,4,6,66.7,0,0,,0,0,,0,0.0,0.0,0.0,0,0,0,0,0,Matches
5e861944,Matteo Politano,it ITA,FW,Napoli,29-210,1993,9.8,339,472,71.8,5334,1843,194,218,89.0,101,142,71.1,29,63,46.0,3,3.2,1.9,-0.2,27,20,20,3,50,Matches
2a6cd437,Marin Pongračić,hr CRO,DF,Lecce,25-171,1997,8.8,296,361,82.0,6388,2314,73,94,77.7,171,195,87.7,47,63,74.6,0,0.1,0.0,-0.1,2,16,2,0,19,Matches
7f609bfc,Stefan Posch,at AUT,DF,Bologna,25-291,1997,16.1,737,983,75.0,13176,6008,336,387,86.8,312,374,83.4,71,164,43.3,1,1.2,1.2,-0.2,15,68,17,4,86,Matches
277da414,Ivan Provedel,it ITA,GK,Lazio,28-349,1994,23.9,693,873,79.4,19231,13989,139,139,100.0,261,270,96.7,288,455,63.3,0,0.0,0.1,0.0,1,15,1,0,0,Matches
62437b4f,Ignacio Pussetto,ar ARG,"MF,DF",Sampdoria,27-070,1995,1.7,34,56,60.7,404,91,25,32,78.1,7,12,58.3,0,4,0.0,0,0.2,0.1,-0.2,2,2,0,0,1,Matches
88f53b75,Niklas Pyyhtiä,fi FIN,MF,Bologna,19-157,2003,0.4,14,20,70.0,220,6,8,11,72.7,5,6,83.3,1,2,50.0,0,0.0,0.0,0.0,0,0,0,0,0,Matches
ee4f2f3b,Fabio Quagliarella,it ITA,FW,Sampdoria,40-029,1983,4.1,72,108,66.7,1101,281,34,40,85.0,23,33,69.7,6,15,40.0,0,0.2,0.4,-0.2,2,8,4,0,12,Matches
1b9c7401,Giacomo Quagliata,it ITA,DF,Cremonese,23-010,2000,5.5,153,249,61.4,2576,1123,77,88,87.5,63,98,64.3,11,44,25.0,0,0.4,0.5,-0.4,6,16,8,6,23,Matches
8794e251,Adrien Rabiot,fr FRA,MF,Juventus,27-332,1995,18.5,557,684,81.4,8879,2465,291,332,87.7,196,239,82.0,47,64,73.4,2,1.5,1.3,+0.5,19,56,15,1,81,Matches
0630eb63,Nemanja Radonjić,rs SRB,"MF,FW",Torino,27-014,1996,10.6,193,309,62.5,2842,781,120,156,76.9,44,74,59.5,19,43,44.2,1,1.4,1.6,-0.4,12,12,10,4,27,Matches
023937a9,Ivan Radovanović,rs SRB,"MF,DF",Salernitana,34-184,1988,7.5,214,265,80.8,4318,1602,75,84,89.3,105,115,91.3,32,57,56.1,0,0.0,0.1,0.0,1,19,0,0,16,Matches
67f649be,Ionuț Radu,ro ROU,GK,Cremonese,25-277,1997,9.0,221,336,65.8,6117,4391,51,52,98.1,100,102,98.0,69,177,39.0,0,0.4,0.1,-0.4,2,10,2,0,0,Matches
ce1a6c7e,Antonio Raimondo,it ITA,FW,Bologna,18-348,2004,0.2,3,4,75.0,21,3,2,3,66.7,0,0,,0,0,,0,0.0,0.0,0.0,0,1,0,0,0,Matches
8c63fae5,Luca Ranieri,it ITA,DF,Fiorentina,23-312,1999,2.9,116,148,78.4,2283,716,34,36,94.4,69,75,92.0,13,32,40.6,0,0.0,0.0,0.0,1,9,0,0,5,Matches
539230cf,Andrea Ranocchia,it ITA,DF,Monza,35-013,1988,0.5,16,19,84.2,347,109,2,2,100.0,11,12,91.7,2,4,50.0,0,0.0,0.0,0.0,0,2,0,0,0,Matches
d9ebed1c,Filippo Ranocchia,it ITA,MF,Monza,21-291,2001,5.6,185,236,78.4,3607,1077,76,88,86.4,77,92,83.7,29,44,65.9,0,0.4,0.4,-0.4,7,21,6,1,24,Matches
6e058f06,Giacomo Raspadori,it ITA,"FW,MF",Napoli,23-011,2000,6.4,227,299,75.9,3520,572,117,140,83.6,77,91,84.6,16,37,43.2,0,0.6,0.6,-0.6,8,8,5,0,17,Matches
6e058f06,Giacomo Raspadori,it ITA,FW,Sassuolo,23-011,2000,0.5,10,12,83.3,207,33,2,2,100.0,6,7,85.7,1,2,50.0,0,0.0,0.0,0.0,0,1,0,0,2,Matches
536cebe5,Ante Rebić,hr CRO,"FW,MF",Milan,29-161,1993,5.9,94,176,53.4,1501,475,53,71,74.6,26,53,49.1,9,21,42.9,2,1.5,0.8,+0.5,9,11,5,1,16,Matches
6213fd82,Arkadiusz Reca,pl POL,DF,Spezia,27-257,1995,16.9,559,808,69.2,9570,3979,270,334,80.8,211,275,76.7,62,140,44.3,1,1.0,1.3,0.0,14,46,21,16,54,Matches
4bd00a50,Panagiotis Retsos,gr GRE,DF,Hellas Verona,24-204,1998,1.4,44,56,78.6,781,321,20,23,87.0,20,24,83.3,4,7,57.1,0,0.0,0.0,0.0,1,3,0,0,2,Matches
f61c7c4e,Franck Ribéry,fr FRA,MF,Salernitana,39-328,1983,0.4,19,22,86.4,235,19,11,12,91.7,7,8,87.5,0,0,,0,0.0,0.0,0.0,0,2,0,0,1,Matches
9823be92,Samuele Ricci,it ITA,MF,Torino,21-192,2001,13.5,632,712,88.8,10769,2571,288,318,90.6,275,293,93.9,47,62,75.8,1,1.0,1.0,0.0,8,65,8,1,64,Matches
f1cfc209,Tomás Rincón,ve VEN,MF,Sampdoria,35-047,1988,16.4,563,698,80.7,9522,2789,276,314,87.9,214,253,84.6,56,99,56.6,2,1.0,1.2,+1.0,15,78,15,3,77,Matches
1d4e63b6,Pablo Rodríguez,es ESP,"FW,MF",Lecce,21-209,2001,0.6,14,21,66.7,215,66,6,10,60.0,6,7,85.7,1,1,100.0,0,0.0,0.0,0.0,1,2,0,0,3,Matches
7f78ad23,Ricardo Rodríguez,ch SUI,DF,Torino,30-188,1992,17.1,843,1022,82.5,15202,5281,370,403,91.8,382,432,88.4,77,151,51.0,0,0.8,1.3,-0.8,14,75,13,5,84,Matches
10e7f486,Rogério,br BRA,DF,Sassuolo,25-047,1998,20.3,1006,1276,78.8,18093,7046,468,505,92.7,398,485,82.1,121,217,55.8,2,1.1,1.2,+0.9,12,74,32,17,105,Matches
3ead85f9,Alessio Romagnoli,it ITA,DF,Lazio,28-048,1995,19.7,924,1039,88.9,15988,6213,417,445,93.7,389,422,92.2,89,129,69.0,0,0.1,0.2,-0.1,2,44,3,0,34,Matches
ca6edaa0,Luka Romero,ar ARG,FW,Lazio,18-103,2004,1.7,70,80,87.5,800,152,56,60,93.3,10,12,83.3,1,2,50.0,0,0.1,0.1,-0.1,2,2,0,0,4,Matches
2a1beb34,Marten de Roon,nl NED,MF,Atalanta,31-337,1991,18.9,832,1013,82.1,15482,4580,329,369,89.2,397,467,85.0,87,132,65.9,1,0.3,0.6,+0.7,8,75,7,0,82,Matches
e58cbfd5,Nicolò Rovella,it ITA,MF,Monza,21-087,2001,11.5,744,849,87.6,13899,3540,311,335,92.8,327,358,91.3,96,127,75.6,0,1.0,1.0,-1.0,14,73,11,2,65,Matches
e58cbfd5,Nicolò Rovella,it ITA,MF,Juventus,21-087,2001,0.3,22,25,88.0,448,82,7,8,87.5,11,12,91.7,3,4,75.0,0,0.0,0.0,0.0,0,3,0,0,1,Matches
4b3e1a38,Amir Rrahmani,xk KVX,DF,Napoli,29-005,1994,16.4,1147,1261,91.0,23299,8148,351,378,92.9,617,644,95.8,158,206,76.7,1,0.7,0.3,+0.3,8,72,2,0,75,Matches
a378a02a,Ruan,br BRA,DF,Sassuolo,23-267,1999,8.6,367,414,88.6,7359,1909,100,111,90.1,228,246,92.7,35,46,76.1,0,0.0,0.0,0.0,0,6,0,0,7,Matches
14b8fcdf,Daniele Rugani,it ITA,DF,Juventus,28-215,1994,3.9,169,193,87.6,3500,974,43,47,91.5,114,121,94.2,12,25,48.0,0,0.0,0.0,0.0,0,7,0,0,5,Matches
ae9898c5,Matteo Ruggeri,it ITA,"DF,MF",Atalanta,20-233,2002,5.2,266,330,80.6,4361,1848,143,163,87.7,96,118,81.4,21,33,63.6,0,0.4,0.3,-0.4,4,21,8,4,29,Matches
0b5a292a,Mário Rui,pt POR,DF,Napoli,31-278,1991,16.6,1224,1509,81.1,22472,7672,588,643,91.4,457,544,84.0,161,264,61.0,6,3.5,3.6,+2.5,43,128,46,14,132,Matches
4830e0af,Abdelhamid Sabiri,ma MAR,MF,Sampdoria,26-093,1996,10.8,286,427,67.0,5120,1516,130,162,80.2,109,152,71.7,37,81,45.7,0,1.4,1.2,-1.4,14,41,12,0,47,Matches
ee251371,Alexis Saelemaekers,be BEL,"FW,DF",Milan,23-247,1999,8.0,221,293,75.4,3250,948,120,151,79.5,77,99,77.8,12,18,66.7,1,1.1,1.7,-0.1,7,18,14,6,24,Matches
da5a981b,Jacopo Sala,it ITA,MF,Spezia,31-086,1991,1.2,36,46,78.3,589,199,20,21,95.2,13,15,86.7,3,5,60.0,0,0.0,0.1,0.0,1,4,2,0,6,Matches
217c93a1,Lazar Samardzic,de GER,MF,Udinese,21-005,2002,10.7,386,489,78.9,7498,2403,167,178,93.8,132,161,82.0,74,125,59.2,2,2.6,1.8,-0.6,29,46,12,2,63,Matches
24eb7ed6,Junior Sambia,fr FRA,"DF,MF",Salernitana,26-175,1996,4.8,205,250,82.0,3029,1237,114,127,89.8,71,83,85.5,10,23,43.5,0,0.8,0.4,-0.8,3,10,8,1,21,Matches
0a447501,Antonio Sanabria,py PAR,FW,Torino,26-362,1996,14.1,287,374,76.7,3917,481,180,217,82.9,78,104,75.0,11,14,78.6,1,1.8,0.7,-0.8,12,19,8,0,26,Matches
4295f19c,Leandro Sanca,pt POR,"FW,MF",Spezia,23-056,2000,0.4,9,12,75.0,171,27,4,5,80.0,2,4,50.0,2,2,100.0,0,0.0,0.0,0.0,0,0,0,0,0,Matches
0d82903c,Alex Sandro,br BRA,DF,Juventus,32-034,1991,15.7,848,978,86.7,15441,5052,355,385,92.2,389,426,91.3,90,129,69.8,1,0.9,0.6,+0.1,9,67,4,2,79,Matches
7eb97a8e,Nicola Sansone,it ITA,FW,Bologna,31-172,1991,4.7,83,114,72.8,1128,230,45,55,81.8,24,31,77.4,4,9,44.4,0,0.0,0.2,0.0,1,4,2,0,6,Matches
3bb7af3b,Riccardo Saponara,it ITA,FW,Fiorentina,31-070,1991,8.9,244,330,73.9,3467,955,159,185,85.9,65,90,72.2,10,23,43.5,2,2.9,1.8,-0.9,15,19,21,4,38,Matches
86383d0e,Martin Satriano,uy URU,FW,Empoli,22-009,2001,15.0,210,311,67.5,2814,528,117,155,75.5,65,96,67.7,9,20,45.0,1,1.2,1.3,-0.2,13,15,7,1,19,Matches
1e9aa637,Giorgio Scalvini,it ITA,DF,Atalanta,19-080,2003,14.6,663,835,79.4,10940,4833,344,391,88.0,248,289,85.8,56,116,48.3,0,0.1,0.5,-0.1,3,76,10,2,92,Matches
2cfae697,Jerdy Schouten,nl NED,MF,Bologna,26-048,1997,15.6,598,710,84.2,9849,3029,301,339,88.8,230,270,85.2,51,67,76.1,2,1.1,0.7,+0.9,9,62,4,0,71,Matches
e613313c,Perr Schuurs,nl NED,DF,Torino,23-095,1999,15.1,612,698,87.7,12119,3689,181,200,90.5,367,395,92.9,59,83,71.1,2,0.4,0.5,+1.6,5,18,1,0,38,Matches
16463a79,Demba Seck,sn SEN,"FW,MF",Torino,22-019,2001,4.2,88,117,75.2,1210,248,57,62,91.9,28,37,75.7,2,5,40.0,0,0.2,0.2,-0.2,5,6,3,0,12,Matches
3cb132e6,Jacopo Segre,it ITA,DF,Torino,26-012,1997,0.2,8,9,88.9,103,22,6,7,85.7,2,2,100.0,0,0,,0,0.0,0.0,0.0,0,0,0,0,0,Matches
b6baba31,Vivaldo Semedo,pt POR,FW,Udinese,18-032,2005,0.0,0,0,,0,0,0,0,,0,0,,0,0,,0,0.0,0.0,0.0,0,0,0,0,0,Matches
b70bde8f,Stefano Sensi,it ITA,MF,Monza,27-208,1995,12.1,763,895,85.3,14058,4836,341,377,90.5,314,347,90.5,94,135,69.6,0,1.0,1.2,-1.0,18,100,12,1,108,Matches
343f753a,Luigi Sepe,it ITA,GK,Salernitana,31-297,1991,17.0,441,648,68.1,11983,9020,79,79,100.0,216,217,99.5,143,345,41.4,0,0.0,0.0,0.0,0,8,0,0,0,Matches
dd7febd8,Leonardo Sernicola,it ITA,DF,Cremonese,25-214,1997,17.9,436,680,64.1,7457,3290,211,257,82.1,158,265,59.6,49,109,45.0,1,1.1,1.2,-0.1,15,39,18,13,46,Matches
d3aaad90,Stephan El Shaarawy,it ITA,"DF,MF",Roma,30-125,1992,9.1,393,481,81.7,6263,1819,210,230,91.3,149,181,82.3,25,41,61.0,0,0.7,0.7,-0.7,12,20,12,1,37,Matches
57469b2d,Eldor Shomurodov,uz UZB,FW,Spezia,27-245,1995,3.2,50,63,79.4,660,210,31,36,86.1,15,16,93.8,2,2,100.0,0,0.4,0.2,-0.4,5,6,0,0,8,Matches
57469b2d,Eldor Shomurodov,uz UZB,FW,Roma,27-245,1995,1.3,25,33,75.8,371,69,15,19,78.9,9,11,81.8,1,1,100.0,0,0.0,0.0,0.0,0,0,1,0,4,Matches
0d422df7,Marco Silvestri,it ITA,GK,Udinese,31-364,1991,24.0,544,699,77.8,14506,10795,107,107,100.0,283,286,99.0,150,300,50.0,0,0.0,0.0,0.0,0,8,0,0,0,Matches
343c0d52,Giovanni Simeone,ar ARG,FW,Napoli,27-239,1995,2.1,43,61,70.5,620,152,20,27,74.1,14,21,66.7,3,3,100.0,0,0.8,0.2,-0.8,4,3,2,0,8,Matches
8b609c34,Wilfried Singo,ci CIV,DF,Torino,22-066,2000,13.2,505,675,74.8,8622,2656,237,278,85.3,218,289,75.4,39,75,52.0,1,0.7,0.8,+0.3,12,26,14,5,45,Matches
b35a7399,Leo Skiri Østigård,no NOR,DF,Napoli,23-093,1999,2.4,164,193,85.0,3434,1036,49,58,84.5,83,92,90.2,26,33,78.8,0,0.0,0.0,0.0,0,14,0,0,9,Matches
ab4449d6,Łukasz Skorupski,pl POL,GK,Bologna,31-300,1991,24.0,618,809,76.4,16633,11441,114,115,99.1,270,274,98.5,208,391,53.2,0,0.0,0.0,0.0,0,2,0,0,0,Matches
30f5ffa9,Milan Škriniar,sk SVK,DF,Inter,28-018,1995,19.7,1275,1397,91.3,23769,7731,445,479,92.9,707,739,95.7,103,144,71.5,0,0.3,0.4,-0.3,6,79,4,1,81,Matches
b6964eb6,Chris Smalling,eng ENG,DF,Roma,33-099,1989,22.7,795,928,85.7,15004,4978,247,273,90.5,476,524,90.8,65,104,62.5,0,0.2,0.3,-0.2,3,21,3,0,33,Matches
78f13530,Ola Solbakken,no NOR,"MF,FW",Roma,24-175,1998,1.2,30,43,69.8,646,155,9,14,64.3,14,18,77.8,6,10,60.0,0,0.0,0.1,0.0,0,3,2,1,6,Matches
28f66c2e,Brandon Soppy,fr FRA,DF,Udinese,21-008,2002,1.0,22,32,68.8,322,140,13,14,92.9,7,10,70.0,1,6,16.7,0,0.2,0.0,-0.2,2,2,1,0,4,Matches
28f66c2e,Brandon Soppy,fr FRA,DF,Atalanta,21-008,2002,6.3,212,280,75.7,3095,1286,118,134,88.1,79,106,74.5,9,21,42.9,3,1.3,1.0,+1.7,9,23,7,2,30,Matches
9d4c45d6,Roberto Soriano,it ITA,"FW,MF",Bologna,32-021,1991,13.0,417,520,80.2,6030,1804,260,299,87.0,120,147,81.6,24,36,66.7,3,2.5,1.4,+0.5,20,32,10,2,55,Matches
50841bef,Joaquin Sosa,uy URU,DF,Bologna,21-050,2002,5.8,204,261,78.2,4486,1665,53,66,80.3,110,124,88.7,37,63,58.7,0,0.0,0.0,0.0,0,12,0,0,8,Matches
94816803,Riccardo Sottil,it ITA,FW,Fiorentina,23-271,1999,4.8,127,157,80.9,2249,411,56,63,88.9,57,72,79.2,13,16,81.3,2,0.9,0.5,+1.1,10,8,4,1,18,Matches
c13ddd3e,Matìas Soulé,ar ARG,"MF,DF",Juventus,19-320,2003,2.6,91,111,82.0,1524,306,53,58,91.4,24,31,77.4,13,18,72.2,0,0.4,0.3,-0.4,7,5,2,1,8,Matches
7b075c75,Adama Soumaoro,fr FRA,DF,Bologna,30-256,1992,13.7,579,633,91.5,10868,3763,206,218,94.5,324,344,94.2,43,53,81.1,0,0.0,0.1,0.0,1,19,1,0,29,Matches
3626daea,Leonardo Spinazzola,it ITA,DF,Roma,29-341,1993,11.0,435,569,76.4,7737,2621,192,220,87.3,193,241,80.1,43,81,53.1,2,0.8,1.1,+1.2,11,19,17,6,36,Matches
ac4003af,Marco Sportiello,it ITA,GK,Atalanta,30-295,1992,6.9,194,242,80.2,5332,3655,32,32,100.0,107,109,98.2,55,101,54.5,0,0.0,0.0,0.0,0,1,0,0,2,Matches
13b44b02,Petar Stojanović,si SVN,DF,Empoli,27-145,1995,13.3,602,766,78.6,9826,3929,327,372,87.9,217,267,81.3,51,93,54.8,1,0.9,1.0,+0.1,14,40,15,6,64,Matches
674cfc5a,Gabriel Strefezza,br BRA,"FW,MF",Lecce,25-317,1997,17.2,355,573,62.0,6543,2080,175,222,78.8,108,170,63.5,62,130,47.7,1,2.1,2.1,-1.1,25,40,20,10,61,Matches
2cb9486d,Dávid Strelec,sk SVK,FW,Spezia,21-331,2001,1.9,25,43,58.1,294,30,19,27,70.4,5,9,55.6,0,1,0.0,0,0.1,0.1,-0.1,1,1,0,0,1,Matches
f573a8bf,Isaac Success,ng NGA,FW,Udinese,27-053,1996,15.5,294,457,64.3,4209,857,166,235,70.6,72,109,66.1,27,43,62.8,5,3.4,2.5,+1.6,23,18,15,1,42,Matches
230c3f3a,Ibrahim Sulemana,gh GHA,MF,Hellas Verona,19-283,2003,4.0,73,103,70.9,1357,488,31,36,86.1,31,39,79.5,9,16,56.3,0,0.2,0.1,-0.2,3,14,1,1,11,Matches
01b8a2b2,Wojciech Szczęsny,pl POL,GK,Juventus,32-317,1990,16.5,358,474,75.5,10728,7617,47,47,100.0,169,170,99.4,142,254,55.9,0,0.0,0.0,0.0,0,3,0,0,0,Matches
eb3022c3,Benjamin Tahirovic,se SWE,MF,Roma,19-363,2003,1.5,57,65,87.7,1078,184,23,25,92.0,24,27,88.9,9,10,90.0,0,0.1,0.0,-0.1,3,3,1,1,1,Matches
8da74c05,Adrien Tameze,cm CMR,MF,Hellas Verona,29-025,1994,20.4,497,660,75.3,8856,2872,220,279,78.9,214,256,83.6,53,84,63.1,0,0.6,0.8,-0.6,15,57,10,0,74,Matches
b056e3da,Ciprian Tătărușanu,ro ROU,GK,Milan,37-020,1986,16.0,434,560,77.5,12798,9176,60,60,100.0,198,204,97.1,174,290,60.0,1,0.5,0.0,+0.5,2,9,0,0,0,Matches
5cbb5ad6,Filippo Terracciano,it ITA,"DF,MF",Hellas Verona,20-021,2003,5.8,143,208,68.8,2593,922,54,73,74.0,67,89,75.3,14,28,50.0,0,0.9,0.9,-0.9,5,11,6,2,24,Matches
e1b0a70d,Pietro Terracciano,it ITA,GK,Fiorentina,32-358,1990,21.0,588,767,76.7,16942,11638,101,101,100.0,248,253,98.0,236,406,58.1,0,0.0,0.0,0.0,0,9,0,0,0,Matches
3ef0a2d7,Aleksa Terzić,rs SRB,DF,Fiorentina,23-196,1999,5.6,357,438,81.5,6571,2073,150,162,92.6,156,189,82.5,43,67,64.2,0,1.1,1.0,-1.1,15,22,17,15,27,Matches
2b9fdeea,Florian Thauvin,fr FRA,FW,Udinese,30-034,1993,1.7,34,62,54.8,684,172,16,20,80.0,12,20,60.0,6,18,33.3,0,0.3,0.2,-0.3,2,3,1,0,8,Matches
ff5ea0bf,Malick Thiaw,de GER,DF,Milan,21-205,2001,4.6,177,223,79.4,3691,1225,47,60,78.3,105,120,87.5,25,38,65.8,0,0.2,0.1,-0.2,2,9,1,0,11,Matches
76ff8d0d,Kristian Thorstvedt,no NOR,MF,Sassuolo,23-353,1999,10.2,295,381,77.4,4333,1415,166,200,83.0,99,122,81.1,15,25,60.0,1,0.7,0.9,+0.3,7,37,5,1,46,Matches
a96e5dc0,Jeremy Toljan,de GER,DF,Sassuolo,28-205,1994,18.7,844,1003,84.1,13931,5087,421,468,90.0,334,379,88.1,71,106,67.0,1,2.1,1.2,-1.1,19,75,18,5,94,Matches
c56dc39e,Rafael Tolói,it ITA,DF,Atalanta,32-142,1990,18.1,750,954,78.6,13770,5248,324,360,90.0,338,396,85.4,80,166,48.2,1,1.0,0.6,0.0,14,73,7,2,84,Matches
7edfbb8a,Fikayo Tomori,eng ENG,DF,Milan,25-072,1997,19.5,981,1131,86.7,20285,6321,315,342,92.1,501,545,91.9,158,213,74.2,0,0.1,0.3,-0.1,3,52,3,0,71,Matches
0db169ae,Sandro Tonali,it ITA,MF,Milan,22-297,2000,19.4,606,836,72.5,11117,3655,259,314,82.5,247,305,81.0,81,166,48.8,4,3.1,2.4,+0.9,34,73,18,4,82,Matches
7ed4921e,William Troost-Ekong,ng NGA,DF,Salernitana,29-181,1993,2.9,106,127,83.5,2232,831,23,28,82.1,70,77,90.9,11,18,61.1,0,0.0,0.0,0.0,0,1,1,1,4,Matches
0588a092,Frank Tsadjout,it ITA,"FW,MF",Cremonese,23-216,1999,4.7,72,119,60.5,882,176,44,72,61.1,23,32,71.9,0,2,0.0,1,0.2,0.1,+0.8,5,6,1,0,8,Matches
26c54058,Alessandro Tuia,it ITA,DF,Lecce,32-266,1990,4.0,103,146,70.5,2287,850,24,32,75.0,60,72,83.3,17,39,43.6,0,0.0,0.1,0.0,1,12,1,1,16,Matches
7cd520e8,Iyenoma Udogie,it ITA,DF,Udinese,20-093,2002,19.3,606,736,82.3,8933,3129,350,398,87.9,213,254,83.9,25,32,78.1,2,2.8,1.6,-0.8,25,45,23,3,73,Matches
3eed9821,Samuel Umtiti,fr FRA,DF,Lecce,29-107,1993,10.5,326,399,81.7,6246,2230,123,145,84.8,147,158,93.0,48,78,61.5,0,0.0,0.1,0.0,1,27,3,1,26,Matches
71005acd,Diego Valencia,cl CHI,"MF,FW",Salernitana,23-046,2000,2.6,52,75,69.3,774,212,36,43,83.7,9,15,60.0,5,7,71.4,0,0.1,0.0,-0.1,2,2,2,1,5,Matches
ec52b661,Emanuele Valeri,it ITA,"DF,FW",Cremonese,24-084,1998,19.1,392,705,55.6,7377,3568,165,212,77.8,159,274,58.0,55,152,36.2,2,2.2,2.3,-0.2,25,37,33,17,58,Matches
c414df9d,Mattia Valoti,it ITA,MF,Monza,29-176,1993,2.8,78,97,80.4,1193,301,37,41,90.2,29,36,80.6,6,10,60.0,0,0.0,0.0,0.0,2,13,1,0,12,Matches
5eaed77a,Johan Vásquez,mx MEX,DF,Cremonese,24-130,1998,8.7,246,339,72.6,4194,1532,105,130,80.8,124,146,84.9,13,46,28.3,0,0.1,0.1,-0.1,3,16,1,0,19,Matches
44ac04e9,Matías Vecino,uy URU,MF,Lazio,31-189,1991,12.0,530,640,82.8,7977,2204,290,325,89.2,191,223,85.7,31,53,58.5,0,0.1,0.3,-0.1,4,52,6,0,62,Matches
ab1ca213,Miguel Veloso,pt POR,MF,Hellas Verona,36-294,1986,9.4,313,436,71.8,6308,2454,119,138,86.2,135,162,83.3,53,112,47.3,0,1.7,1.4,-1.7,12,34,6,3,63,Matches
983ff2c7,Lorenzo Venuti,it ITA,DF,Fiorentina,27-323,1995,6.7,352,424,83.0,6453,2033,156,163,95.7,157,178,88.2,39,71,54.9,1,0.3,0.5,+0.7,6,29,8,3,36,Matches
d3298c99,Daniele Verde,it ITA,"FW,MF",Spezia,26-254,1996,6.8,156,236,66.1,2658,832,72,96,75.0,65,89,73.0,16,39,41.0,0,0.8,1.2,-0.8,11,8,6,1,16,Matches
0375723e,Simone Verdi,it ITA,MF,Hellas Verona,30-232,1992,5.8,137,217,63.1,2542,954,68,87,78.2,40,57,70.2,23,47,48.9,0,1.1,0.9,-1.1,11,20,5,2,24,Matches
33ecf462,Valerio Verre,it ITA,MF,Sampdoria,29-049,1994,7.5,282,398,70.9,5116,1682,136,161,84.5,99,135,73.3,41,74,55.4,0,1.1,0.9,-1.1,13,30,14,4,45,Matches
77d6fd4d,Guglielmo Vicario,it ITA,GK,Empoli,26-145,1996,24.0,749,1008,74.3,20278,14103,135,136,99.3,384,392,98.0,229,478,47.9,0,0.0,0.0,0.0,0,16,0,0,0,Matches
75e60d75,Ronaldo Vieira,gw GNB,MF,Torino,24-225,1998,0.2,,,,,,,,,,,,,,,0,,,,,,,,,Matches
75e60d75,Ronaldo Vieira,gw GNB,MF,Sampdoria,24-225,1998,9.1,,,,,,,,,,,,,,,0,,,,,,,,,Matches
ec5dae45,Emanuel Vignato,it ITA,"MF,FW",Bologna,22-189,2000,2.7,79,99,79.8,1201,338,40,48,83.3,29,34,85.3,5,8,62.5,1,0.4,0.6,+0.6,3,9,2,1,9,Matches
ec5dae45,Emanuel Vignato,it ITA,"FW,MF",Empoli,22-189,2000,0.2,12,14,85.7,181,32,6,7,85.7,5,5,100.0,0,0,,0,0.1,0.1,-0.1,1,0,1,0,2,Matches
a14d0ab0,Samuele Vignato,it ITA,"FW,MF",Monza,19-005,2004,0.2,11,13,84.6,163,15,5,5,100.0,4,5,80.0,1,1,100.0,0,0.0,0.0,0.0,0,0,1,1,0,Matches
c7069d87,Tonny Vilhena,nl NED,MF,Salernitana,28-057,1995,17.2,439,578,76.0,6933,2138,230,265,86.8,149,175,85.1,36,77,46.8,1,1.6,1.3,-0.6,14,42,10,5,61,Matches
bdc74a8f,Gonzalo Villar,es ESP,MF,Sampdoria,24-343,1998,7.7,317,381,83.2,5395,1357,136,162,84.0,145,165,87.9,27,41,65.9,0,0.0,0.2,0.0,0,25,1,0,26,Matches
08eb3b58,Matías Viña,uy URU,DF,Roma,25-112,1997,0.6,22,30,73.3,392,68,8,10,80.0,11,16,68.8,2,3,66.7,0,0.1,0.0,-0.1,1,3,0,0,2,Matches
79443529,Dušan Vlahović,rs SRB,FW,Juventus,23-032,2000,13.2,173,241,71.8,2887,497,80,102,78.4,69,85,81.2,13,22,59.1,2,1.5,0.4,+0.5,16,16,8,1,27,Matches
aa8e289e,Nikola Vlašić,hr CRO,"MF,FW",Torino,25-148,1997,20.5,529,667,79.3,7507,1527,300,345,87.0,168,203,82.8,25,37,67.6,2,2.4,1.7,-0.4,41,46,15,4,69,Matches
b3ef6517,Joel Voelkerling Persson,se SWE,FW,Lecce,20-045,2003,0.6,14,19,73.7,141,32,9,11,81.8,3,5,60.0,0,1,0.0,0,0.0,0.0,0.0,1,0,0,0,2,Matches
be2706c0,Mërgim Vojvoda,xk KVX,DF,Torino,28-028,1995,12.2,563,737,76.4,9366,3903,297,340,87.4,216,276,78.3,40,84,47.6,4,1.6,1.7,+2.4,13,56,15,2,84,Matches
72f87f25,Cristian Volpato,it ITA,MF,Roma,19-106,2003,2.1,67,87,77.0,1203,352,30,33,90.9,25,31,80.6,11,18,61.1,1,1.2,0.3,-0.2,4,6,5,2,15,Matches
f052fb01,Lukáš Vorlický,cz CZE,MF,Atalanta,21-042,2002,0.3,19,29,65.5,295,56,13,14,92.9,2,8,25.0,3,4,75.0,0,0.0,0.0,0.0,0,2,0,0,3,Matches
f86cd5df,Aster Vranckx,be BEL,MF,Milan,20-148,2002,0.8,21,36,58.3,350,136,10,16,62.5,7,10,70.0,3,8,37.5,0,0.3,0.1,-0.3,1,1,2,1,2,Matches
d0d8dd44,Stefan de Vrij,nl NED,DF,Inter,31-024,1992,13.6,644,731,88.1,11606,3421,217,238,91.2,386,410,94.1,34,64,53.1,0,0.2,0.7,-0.2,1,30,0,0,37,Matches
26db8853,Walace,br BRA,MF,Udinese,27-331,1995,23.1,983,1183,83.1,17879,5696,405,472,85.8,424,476,89.1,123,171,71.9,0,0.9,0.7,-0.9,12,111,8,2,122,Matches
217875a4,Sebastian Walukiewicz,pl POL,DF,Empoli,22-330,2000,1.7,68,78,87.2,1481,560,16,17,94.1,41,44,93.2,10,14,71.4,0,0.0,0.0,0.0,0,3,0,0,3,Matches
eb58eef0,Georginio Wijnaldum,nl NED,MF,Roma,32-110,1990,1.3,53,60,88.3,770,166,30,33,90.9,19,21,90.5,3,3,100.0,0,0.1,0.1,-0.1,1,2,2,0,6,Matches
2f7acede,Harry Winks,eng ENG,MF,Sampdoria,27-027,1996,6.3,275,348,79.0,4839,1908,115,130,88.5,122,142,85.9,30,58,51.7,0,0.5,0.8,-0.5,6,16,3,1,32,Matches
1bfe5ac9,Przemysław Wiśniewski,pl POL,DF,Spezia,24-217,1998,1.1,25,40,62.5,516,197,8,10,80.0,11,13,84.6,5,13,38.5,0,0.0,0.0,0.0,0,1,0,0,0,Matches
ee9040b4,Gerard Yepes,es ESP,MF,Sampdoria,20-188,2002,2.2,77,105,73.3,1205,271,43,55,78.2,28,34,82.4,5,10,50.0,0,0.0,0.0,0.0,1,5,0,0,7,Matches
d85c238b,Mattia Zaccagni,it ITA,"FW,MF",Lazio,27-258,1995,18.2,446,561,79.5,5947,1408,283,316,89.6,122,155,78.7,12,28,42.9,4,2.1,1.7,+1.9,20,26,15,0,47,Matches
384d58d9,Denis Zakaria,ch SUI,MF,Juventus,26-101,1996,1.4,32,38,84.2,469,119,18,20,90.0,11,12,91.7,2,2,100.0,0,0.0,0.0,0.0,0,2,0,0,3,Matches
45191c29,Nicola Zalewski,pl POL,DF,Roma,21-037,2002,13.5,519,694,74.8,9152,2940,237,279,84.9,206,255,80.8,61,118,51.7,1,0.8,1.5,+0.2,5,31,18,5,53,Matches
6bb2c084,Andre-Frank Zambo Anguissa,cm CMR,MF,Napoli,27-105,1995,20.6,1139,1301,87.5,16060,3835,662,713,92.8,365,413,88.4,51,80,63.8,4,1.8,1.1,+2.2,19,103,16,0,116,Matches
5e834dce,Luca Zanimacchia,it ITA,"MF,FW",Cremonese,24-225,1998,8.3,213,312,68.3,3230,932,122,155,78.7,68,102,66.7,18,37,48.6,0,0.8,1.0,-0.8,13,12,12,2,26,Matches
9907b1c8,Nicolò Zaniolo,it ITA,"MF,FW",Roma,23-242,1999,9.9,125,196,63.8,2173,488,63,85,74.1,46,67,68.7,15,26,57.7,0,0.9,0.6,-0.9,8,10,7,1,19,Matches
3b12b11f,Alessandro Zanoli,it ITA,DF,Sampdoria,22-149,2000,3.8,132,185,71.4,2244,782,57,66,86.4,62,78,79.5,10,21,47.6,0,0.4,0.3,-0.4,4,3,6,4,8,Matches
3b12b11f,Alessandro Zanoli,it ITA,DF,Napoli,22-149,2000,0.1,9,11,81.8,125,20,4,5,80.0,5,5,100.0,0,0,,0,0.0,0.0,0.0,0,0,0,0,0,Matches
d3de9af0,Duván Zapata,co COL,FW,Atalanta,31-334,1991,7.4,143,214,66.8,2175,447,79,110,71.8,47,66,71.2,12,20,60.0,1,0.5,0.6,+0.5,8,10,8,1,21,Matches
7fe90ccd,Davide Zappacosta,it ITA,"DF,MF",Atalanta,30-263,1992,4.9,234,280,83.6,3093,1105,148,161,91.9,70,87,80.5,7,11,63.6,1,0.5,0.4,+0.5,4,12,3,2,21,Matches
58a2e9f6,Deyovaisio Zeefuik,nl NED,DF,Hellas Verona,24-355,1998,0.1,5,7,71.4,83,14,2,2,100.0,3,3,100.0,0,1,0.0,0,0.0,0.0,0.0,0,0,0,0,0,Matches
d19ef4ef,Alessio Zerbin,it ITA,"FW,MF",Napoli,23-363,1999,0.7,12,22,54.5,141,30,8,12,66.7,2,5,40.0,1,1,100.0,0,0.0,0.0,0.0,0,2,0,0,0,Matches
a5296e55,Piotr Zieliński,pl POL,MF,Napoli,28-285,1994,16.7,795,961,82.7,11507,3207,475,515,92.2,212,259,81.9,60,103,58.3,6,5.2,4.9,+0.8,49,66,23,4,76,Matches
acf7e795,David Zima,cz CZE,DF,Torino,22-113,2000,4.5,154,197,78.2,2708,743,60,77,77.9,73,86,84.9,12,20,60.0,0,0.1,0.0,-0.1,2,6,3,0,12,Matches
028e70b9,Joshua Zirkzee,nl NED,FW,Bologna,21-283,2001,5.2,105,138,76.1,1280,239,69,85,81.2,25,32,78.1,3,3,100.0,1,1.0,0.3,0.0,8,6,3,0,9,Matches
cc1a0c57,Jeroen Zoet,nl NED,GK,Spezia,32-054,1991,1.7,34,65,52.3,1150,997,8,8,100.0,11,12,91.7,15,45,33.3,0,0.0,0.0,0.0,0,3,0,0,0,Matches
82598b71,Nadir Zortea,it ITA,"DF,MF",Atalanta,23-255,1999,2.5,60,98,61.2,937,602,31,38,81.6,22,35,62.9,5,13,38.5,0,0.6,0.2,-0.6,3,3,3,1,9,Matches
82598b71,Nadir Zortea,it ITA,DF,Sassuolo,23-255,1999,4.0,187,231,81.0,2912,1059,101,109,92.7,75,87,86.2,9,27,33.3,0,0.4,0.2,-0.4,4,12,4,2,20,Matches
54f6afe3,Petar Zovko,ba BIH,GK,Spezia,20-341,2002,0.8,22,36,61.1,683,458,4,4,100.0,9,9,100.0,9,23,39.1,0,0.0,0.0,0.0,0,1,0,0,0,Matches
4e1d5e59,Szymon Żurkowski,pl POL,MF,Fiorentina,25-157,1997,0.4,17,19,89.5,298,21,6,7,85.7,7,7,100.0,2,2,100.0,1,0.0,0.0,+1.0,1,1,1,0,1,Matches
4e1d5e59,Szymon Żurkowski,pl POL,MF,Spezia,25-157,1997,0.1,2,4,50.0,24,3,2,3,66.7,0,0,,0,1,0.0,0,0.0,0.0,0.0,0,0,0,0,0,Matches
405f6586,Milan Đurić,ba BIH,FW,Hellas Verona,32-283,1990,7.8,154,288,53.5,1800,425,106,185,57.3,32,67,47.8,3,5,60.0,0,0.9,0.7,-0.9,12,14,3,0,18,Matches
eccbe56a,Filip Đuričić,rs SRB,"MF,FW",Sampdoria,31-030,1992,16.5,384,502,76.5,6292,1517,200,236,84.7,137,164,83.5,34,53,64.2,0,1.6,1.2,-1.6,27,37,17,4,56,Matches
