id,GA,SoTA,Saves,W,D,L,CS,PKatt,PKA,PKsv,PKm
65d62814,5,21,16,2,1,2,2,1,1,0,0
7a2e46a8,11,21,9,5,0,2,3,2,1,1,0
28d596a0,4,16,12,3,1,2,2,0,0,0,0
663e080e,4,16,12,3,1,0,2,1,1,0,0
f6798fc3,12,26,14,0,1,3,0,0,0,0,0
75c2e240,21,42,22,1,0,5,1,0,0,0,0
93fffbcf,8,33,23,4,0,3,3,4,1,3,0
1840e36d,6,25,18,4,0,1,2,1,0,1,0
ac295d9e,0,4,4,1,1,0,2,0,0,0,0
08f5afaa,8,30,23,4,2,1,0,1,1,0,0
3bb7b8b4,2,8,6,3,2,0,3,0,0,0,0
c3e39f12,1,4,3,0,0,1,0,0,0,0,0
62182b1d,9,32,23,0,2,2,1,2,1,1,0
3f034750,2,5,3,0,0,1,0,0,0,0,0
bcb2ccd8,6,8,2,1,0,2,0,0,0,0,0
cb4f24c6,15,31,16,0,2,4,0,2,2,0,0
ad3389d5,8,24,15,1,2,3,2,3,2,1,0
1f994616,4,8,4,0,0,1,0,1,1,0,0
cd59b9df,2,19,16,1,3,0,2,1,0,1,0
ff74841d,9,30,21,1,3,2,1,0,0,0,0
58f077c0,11,35,25,1,1,4,1,3,3,0,0
8f62b6ee,6,23,17,3,2,1,2,0,0,0,0
20b9f052,8,20,12,2,0,4,1,0,0,0,0
3061e1ec,2,5,3,1,1,0,0,0,0,0,0
fcb38f57,2,7,5,1,1,0,0,0,0,0,0
f3a97d02,18,42,23,0,0,5,0,3,2,1,0
3b0108d6,4,9,5,0,0,1,0,0,0,0,0
33887998,1,2,1,1,0,0,0,0,0,0,0
9413b19f,6,23,17,6,0,1,3,1,1,0,0
b56dd813,3,13,10,2,0,1,1,0,0,0,0
d436eb94,6,38,32,3,2,2,5,2,1,0,1
8778c910,0,9,9,3,0,0,3,0,0,0,0
ee8508c0,7,22,15,1,2,2,1,1,1,0,0
e9c0c1b2,7,37,31,4,1,2,4,0,0,0,0
c1242d4e,1,6,5,1,1,0,1,0,0,0,0
3392603d,16,37,21,2,0,4,1,2,2,0,0
cc1c5035,2,8,6,1,0,0,0,1,1,0,0
4c62d0c8,4,13,9,0,0,2,0,1,1,0,0
4535e4bb,3,6,3,0,1,1,1,0,0,0,0
420c18a1,0,4,4,1,0,0,1,0,0,0,0
eca17cf2,19,42,23,0,0,5,0,0,0,0,0
01b8a2b2,9,19,10,1,0,3,0,1,1,0,0
b056e3da,5,25,20,3,0,2,3,1,1,0,0
6f51e382,10,22,12,1,1,3,0,0,0,0,0
ce17b5eb,10,33,22,3,1,3,2,3,1,1,1
41f0b196,10,38,30,1,3,2,0,0,0,0,0
d3dc62d1,5,13,8,0,0,1,0,0,0,0,0
7d3e7da6,2,10,8,3,0,0,2,0,0,0,0
03df04ff,7,22,15,5,2,0,2,2,2,0,0
