id,SCA,PassLive,PassDead,TO,Sh,Fld,Def,GCA,PassLive.1,PassDead.1,TO.1,Sh.1,Fld.1,Def.1,Matches
8f5cdf66,0.0,0.0,0.0,0.0,0.0,0.0,0.0,0.0,0.0,0.0,0.0,0.0,0.0,0.0,Matches
f586779e,55.0,35.0,0.0,4.0,10.0,6.0,0.0,9.0,4.0,0.0,1.0,3.0,1.0,0.0,Matches
771a2cfe,0.0,0.0,0.0,0.0,0.0,0.0,0.0,0.0,0.0,0.0,0.0,0.0,0.0,0.0,Matches
b96b595c,18.0,16.0,1.0,0.0,1.0,0.0,0.0,0.0,0.0,0.0,0.0,0.0,0.0,0.0,Matches
26777636,1.0,1.0,0.0,0.0,0.0,0.0,0.0,0.0,0.0,0.0,0.0,0.0,0.0,0.0,Matches
f9c927de,20.0,13.0,3.0,1.0,2.0,1.0,0.0,2.0,0.0,0.0,0.0,1.0,1.0,0.0,Matches
0154d290,8.0,7.0,0.0,0.0,1.0,0.0,0.0,0.0,0.0,0.0,0.0,0.0,0.0,0.0,Matches
46fa7204,34.0,25.0,1.0,3.0,3.0,2.0,0.0,3.0,2.0,0.0,0.0,0.0,1.0,0.0,Matches
246d153b,24.0,19.0,1.0,3.0,0.0,1.0,0.0,3.0,2.0,0.0,1.0,0.0,0.0,0.0,Matches
d810c13b,10.0,10.0,0.0,0.0,0.0,0.0,0.0,0.0,0.0,0.0,0.0,0.0,0.0,0.0,Matches
fdf4b948,12.0,6.0,0.0,2.0,1.0,1.0,2.0,0.0,0.0,0.0,0.0,0.0,0.0,0.0,Matches
5294a83f,52.0,33.0,17.0,0.0,2.0,0.0,0.0,6.0,5.0,1.0,0.0,0.0,0.0,0.0,Matches
ab472696,6.0,2.0,0.0,1.0,2.0,1.0,0.0,2.0,1.0,0.0,0.0,1.0,0.0,0.0,Matches
bcc81786,14.0,12.0,0.0,0.0,1.0,0.0,1.0,1.0,0.0,0.0,0.0,1.0,0.0,0.0,Matches
2df7cc43,0.0,0.0,0.0,0.0,0.0,0.0,0.0,0.0,0.0,0.0,0.0,0.0,0.0,0.0,Matches
2df7cc43,6.0,5.0,0.0,0.0,1.0,0.0,0.0,1.0,0.0,0.0,0.0,1.0,0.0,0.0,Matches
10b9fa99,28.0,24.0,0.0,0.0,2.0,1.0,1.0,4.0,4.0,0.0,0.0,0.0,0.0,0.0,Matches
5a2cb25d,27.0,24.0,0.0,0.0,0.0,2.0,1.0,0.0,0.0,0.0,0.0,0.0,0.0,0.0,Matches
9f1893b9,65.0,51.0,1.0,8.0,3.0,2.0,0.0,9.0,5.0,0.0,3.0,1.0,0.0,0.0,Matches
38d9ce53,0.0,0.0,0.0,0.0,0.0,0.0,0.0,0.0,0.0,0.0,0.0,0.0,0.0,0.0,Matches
108fe016,2.0,1.0,0.0,0.0,0.0,1.0,0.0,0.0,0.0,0.0,0.0,0.0,0.0,0.0,Matches
8f68aa41,2.0,2.0,0.0,0.0,0.0,0.0,0.0,1.0,1.0,0.0,0.0,0.0,0.0,0.0,Matches
00459419,34.0,28.0,0.0,2.0,2.0,2.0,0.0,3.0,2.0,0.0,1.0,0.0,0.0,0.0,Matches
963a328b,29.0,19.0,4.0,1.0,1.0,4.0,0.0,0.0,0.0,0.0,0.0,0.0,0.0,0.0,Matches
a820e429,19.0,15.0,0.0,1.0,2.0,1.0,0.0,1.0,1.0,0.0,0.0,0.0,0.0,0.0,Matches
e26fcca3,25.0,17.0,1.0,0.0,7.0,0.0,0.0,3.0,1.0,0.0,0.0,2.0,0.0,0.0,Matches
a69cc629,14.0,8.0,4.0,0.0,0.0,2.0,0.0,1.0,1.0,0.0,0.0,0.0,0.0,0.0,Matches
0fdcef0e,7.0,3.0,2.0,1.0,0.0,1.0,0.0,0.0,0.0,0.0,0.0,0.0,0.0,0.0,Matches
649b01d8,5.0,5.0,0.0,0.0,0.0,0.0,0.0,0.0,0.0,0.0,0.0,0.0,0.0,0.0,Matches
3cd3b384,42.0,35.0,4.0,1.0,1.0,0.0,1.0,4.0,4.0,0.0,0.0,0.0,0.0,0.0,Matches
2200181e,5.0,5.0,0.0,0.0,0.0,0.0,0.0,0.0,0.0,0.0,0.0,0.0,0.0,0.0,Matches
dfd24c07,5.0,2.0,3.0,0.0,0.0,0.0,0.0,0.0,0.0,0.0,0.0,0.0,0.0,0.0,Matches
f42d6c13,39.0,27.0,8.0,2.0,1.0,1.0,0.0,4.0,2.0,0.0,1.0,0.0,1.0,0.0,Matches
f42d6c13,3.0,2.0,1.0,0.0,0.0,0.0,0.0,0.0,0.0,0.0,0.0,0.0,0.0,0.0,Matches
59bf127b,0.0,0.0,0.0,0.0,0.0,0.0,0.0,0.0,0.0,0.0,0.0,0.0,0.0,0.0,Matches
102e2599,32.0,25.0,1.0,1.0,3.0,2.0,0.0,3.0,3.0,0.0,0.0,0.0,0.0,0.0,Matches
f449640d,3.0,1.0,1.0,0.0,0.0,1.0,0.0,0.0,0.0,0.0,0.0,0.0,0.0,0.0,Matches
8a6de8c7,24.0,11.0,1.0,8.0,1.0,3.0,0.0,3.0,3.0,0.0,0.0,0.0,0.0,0.0,Matches
d44360be,48.0,41.0,1.0,0.0,2.0,2.0,2.0,2.0,2.0,0.0,0.0,0.0,0.0,0.0,Matches
01efac19,0.0,0.0,0.0,0.0,0.0,0.0,0.0,0.0,0.0,0.0,0.0,0.0,0.0,0.0,Matches
01efac19,28.0,24.0,0.0,1.0,2.0,1.0,0.0,0.0,0.0,0.0,0.0,0.0,0.0,0.0,Matches
32ebfe1e,9.0,8.0,1.0,0.0,0.0,0.0,0.0,2.0,1.0,1.0,0.0,0.0,0.0,0.0,Matches
6928979a,79.0,68.0,2.0,3.0,0.0,5.0,1.0,9.0,8.0,0.0,1.0,0.0,0.0,0.0,Matches
6caffe81,1.0,1.0,0.0,0.0,0.0,0.0,0.0,0.0,0.0,0.0,0.0,0.0,0.0,0.0,Matches
e5bf73f3,35.0,21.0,9.0,2.0,1.0,2.0,0.0,3.0,2.0,1.0,0.0,0.0,0.0,0.0,Matches
5a08ee41,7.0,7.0,0.0,0.0,0.0,0.0,0.0,0.0,0.0,0.0,0.0,0.0,0.0,0.0,Matches
80556f08,7.0,4.0,0.0,0.0,0.0,3.0,0.0,0.0,0.0,0.0,0.0,0.0,0.0,0.0,Matches
75b86fb3,38.0,31.0,2.0,1.0,2.0,2.0,0.0,4.0,2.0,1.0,0.0,0.0,1.0,0.0,Matches
1ac232b8,26.0,15.0,8.0,0.0,2.0,0.0,1.0,2.0,2.0,0.0,0.0,0.0,0.0,0.0,Matches
78e6bf2c,2.0,2.0,0.0,0.0,0.0,0.0,0.0,0.0,0.0,0.0,0.0,0.0,0.0,0.0,Matches
19e4eab9,21.0,12.0,4.0,0.0,1.0,2.0,2.0,1.0,1.0,0.0,0.0,0.0,0.0,0.0,Matches
e892c325,1.0,1.0,0.0,0.0,0.0,0.0,0.0,0.0,0.0,0.0,0.0,0.0,0.0,0.0,Matches
e3756e72,4.0,2.0,2.0,0.0,0.0,0.0,0.0,0.0,0.0,0.0,0.0,0.0,0.0,0.0,Matches
d705ba44,10.0,8.0,0.0,0.0,1.0,1.0,0.0,0.0,0.0,0.0,0.0,0.0,0.0,0.0,Matches
0000acda,1.0,1.0,0.0,0.0,0.0,0.0,0.0,0.0,0.0,0.0,0.0,0.0,0.0,0.0,Matches
0000acda,13.0,7.0,5.0,0.0,0.0,0.0,1.0,1.0,1.0,0.0,0.0,0.0,0.0,0.0,Matches
db092d3b,69.0,48.0,15.0,1.0,1.0,3.0,1.0,2.0,1.0,0.0,0.0,1.0,0.0,0.0,Matches
53a0e358,51.0,37.0,8.0,2.0,2.0,2.0,0.0,6.0,5.0,1.0,0.0,0.0,0.0,0.0,Matches
61b3978f,8.0,6.0,0.0,0.0,1.0,0.0,1.0,0.0,0.0,0.0,0.0,0.0,0.0,0.0,Matches
ed5c0319,30.0,22.0,0.0,4.0,2.0,2.0,0.0,2.0,1.0,0.0,1.0,0.0,0.0,0.0,Matches
b3a20f18,12.0,8.0,3.0,0.0,1.0,0.0,0.0,0.0,0.0,0.0,0.0,0.0,0.0,0.0,Matches
d65cf468,3.0,2.0,0.0,0.0,0.0,1.0,0.0,0.0,0.0,0.0,0.0,0.0,0.0,0.0,Matches
6fdac234,12.0,11.0,0.0,0.0,1.0,0.0,0.0,2.0,2.0,0.0,0.0,0.0,0.0,0.0,Matches
9e1577aa,93.0,41.0,50.0,1.0,1.0,0.0,0.0,4.0,2.0,2.0,0.0,0.0,0.0,0.0,Matches
204ac005,27.0,22.0,0.0,2.0,2.0,1.0,0.0,4.0,4.0,0.0,0.0,0.0,0.0,0.0,Matches
79370f8c,10.0,3.0,7.0,0.0,0.0,0.0,0.0,0.0,0.0,0.0,0.0,0.0,0.0,0.0,Matches
c69ef855,19.0,17.0,0.0,0.0,1.0,1.0,0.0,0.0,0.0,0.0,0.0,0.0,0.0,0.0,Matches
fe012aca,37.0,20.0,9.0,5.0,0.0,2.0,1.0,6.0,5.0,0.0,0.0,0.0,0.0,1.0,Matches
c83c203f,7.0,6.0,1.0,0.0,0.0,0.0,0.0,0.0,0.0,0.0,0.0,0.0,0.0,0.0,Matches
d995ed27,51.0,35.0,3.0,3.0,5.0,5.0,0.0,5.0,4.0,0.0,0.0,0.0,1.0,0.0,Matches
bf57eaab,24.0,19.0,0.0,1.0,3.0,1.0,0.0,3.0,3.0,0.0,0.0,0.0,0.0,0.0,Matches
0def2376,3.0,1.0,0.0,0.0,0.0,2.0,0.0,0.0,0.0,0.0,0.0,0.0,0.0,0.0,Matches
fb77bfef,3.0,3.0,0.0,0.0,0.0,0.0,0.0,0.0,0.0,0.0,0.0,0.0,0.0,0.0,Matches
52ec54d0,7.0,5.0,0.0,0.0,1.0,0.0,1.0,1.0,0.0,0.0,0.0,1.0,0.0,0.0,Matches
3d13d9e4,9.0,6.0,0.0,0.0,1.0,1.0,1.0,1.0,1.0,0.0,0.0,0.0,0.0,0.0,Matches
0d077b88,54.0,41.0,6.0,2.0,2.0,1.0,2.0,6.0,6.0,0.0,0.0,0.0,0.0,0.0,Matches
ae94a6c5,5.0,4.0,0.0,0.0,0.0,0.0,1.0,0.0,0.0,0.0,0.0,0.0,0.0,0.0,Matches
c609e90e,3.0,1.0,0.0,1.0,1.0,0.0,0.0,0.0,0.0,0.0,0.0,0.0,0.0,0.0,Matches
8bbe2df5,26.0,21.0,1.0,1.0,2.0,1.0,0.0,1.0,1.0,0.0,0.0,0.0,0.0,0.0,Matches
d4a2533d,3.0,2.0,0.0,0.0,1.0,0.0,0.0,0.0,0.0,0.0,0.0,0.0,0.0,0.0,Matches
5fd5ed86,16.0,14.0,0.0,0.0,1.0,0.0,1.0,0.0,0.0,0.0,0.0,0.0,0.0,0.0,Matches
edd81e2a,14.0,12.0,0.0,0.0,2.0,0.0,0.0,2.0,2.0,0.0,0.0,0.0,0.0,0.0,Matches
33b8d077,16.0,9.0,3.0,0.0,4.0,0.0,0.0,1.0,1.0,0.0,0.0,0.0,0.0,0.0,Matches
f3a9fa26,34.0,14.0,5.0,5.0,5.0,3.0,2.0,1.0,0.0,0.0,0.0,1.0,0.0,0.0,Matches
4ae67f27,15.0,10.0,0.0,0.0,2.0,1.0,2.0,2.0,1.0,0.0,0.0,1.0,0.0,0.0,Matches
ef6eef89,3.0,2.0,1.0,0.0,0.0,0.0,0.0,0.0,0.0,0.0,0.0,0.0,0.0,0.0,Matches
dd86e8e4,13.0,10.0,0.0,1.0,2.0,0.0,0.0,1.0,0.0,0.0,0.0,1.0,0.0,0.0,Matches
2146785a,18.0,16.0,1.0,0.0,0.0,1.0,0.0,3.0,2.0,0.0,0.0,0.0,1.0,0.0,Matches
ac7e640b,5.0,5.0,0.0,0.0,0.0,0.0,0.0,1.0,1.0,0.0,0.0,0.0,0.0,0.0,Matches
226008f1,9.0,9.0,0.0,0.0,0.0,0.0,0.0,1.0,1.0,0.0,0.0,0.0,0.0,0.0,Matches
cd0fa27b,85.0,48.0,29.0,0.0,4.0,3.0,1.0,9.0,6.0,3.0,0.0,0.0,0.0,0.0,Matches
13ea2544,7.0,3.0,0.0,0.0,0.0,1.0,3.0,0.0,0.0,0.0,0.0,0.0,0.0,0.0,Matches
91ff775f,25.0,13.0,1.0,1.0,4.0,4.0,2.0,4.0,1.0,1.0,1.0,1.0,0.0,0.0,Matches
247ed022,34.0,26.0,3.0,2.0,1.0,2.0,0.0,5.0,5.0,0.0,0.0,0.0,0.0,0.0,Matches
b6a1cdf9,6.0,4.0,0.0,0.0,1.0,1.0,0.0,0.0,0.0,0.0,0.0,0.0,0.0,0.0,Matches
356c9002,60.0,40.0,12.0,1.0,4.0,3.0,0.0,7.0,5.0,1.0,0.0,1.0,0.0,0.0,Matches
54e53b7e,46.0,35.0,5.0,2.0,3.0,1.0,0.0,8.0,6.0,1.0,0.0,0.0,1.0,0.0,Matches
5bd72174,23.0,17.0,0.0,1.0,3.0,1.0,1.0,1.0,1.0,0.0,0.0,0.0,0.0,0.0,Matches
5bd72174,13.0,11.0,0.0,0.0,1.0,1.0,0.0,3.0,3.0,0.0,0.0,0.0,0.0,0.0,Matches
f7e2af2c,3.0,3.0,0.0,0.0,0.0,0.0,0.0,0.0,0.0,0.0,0.0,0.0,0.0,0.0,Matches
b033f803,1.0,1.0,0.0,0.0,0.0,0.0,0.0,0.0,0.0,0.0,0.0,0.0,0.0,0.0,Matches
707b98f1,2.0,2.0,0.0,0.0,0.0,0.0,0.0,0.0,0.0,0.0,0.0,0.0,0.0,0.0,Matches
8d3cd59d,33.0,26.0,2.0,2.0,2.0,1.0,0.0,5.0,4.0,0.0,0.0,1.0,0.0,0.0,Matches
8ec56e62,5.0,2.0,3.0,0.0,0.0,0.0,0.0,1.0,0.0,1.0,0.0,0.0,0.0,0.0,Matches
3f5f38fb,11.0,9.0,1.0,0.0,1.0,0.0,0.0,3.0,2.0,0.0,0.0,1.0,0.0,0.0,Matches
ad92526f,31.0,28.0,3.0,0.0,0.0,0.0,0.0,1.0,1.0,0.0,0.0,0.0,0.0,0.0,Matches
0728bebe,3.0,2.0,0.0,0.0,1.0,0.0,0.0,0.0,0.0,0.0,0.0,0.0,0.0,0.0,Matches
ba3d3bea,30.0,16.0,13.0,0.0,1.0,0.0,0.0,2.0,1.0,0.0,0.0,1.0,0.0,0.0,Matches
4d1efb48,0.0,0.0,0.0,0.0,0.0,0.0,0.0,0.0,0.0,0.0,0.0,0.0,0.0,0.0,Matches
d9624b51,11.0,8.0,1.0,0.0,0.0,0.0,2.0,1.0,0.0,0.0,0.0,0.0,0.0,1.0,Matches
07f8bcc8,20.0,12.0,0.0,4.0,1.0,3.0,0.0,4.0,1.0,0.0,3.0,0.0,0.0,0.0,Matches
98a84572,13.0,11.0,0.0,1.0,0.0,1.0,0.0,2.0,0.0,0.0,1.0,0.0,1.0,0.0,Matches
31a62dc7,29.0,23.0,3.0,0.0,1.0,1.0,1.0,2.0,2.0,0.0,0.0,0.0,0.0,0.0,Matches
b0f7e36c,14.0,9.0,1.0,2.0,0.0,1.0,1.0,3.0,3.0,0.0,0.0,0.0,0.0,0.0,Matches
c316607a,5.0,5.0,0.0,0.0,0.0,0.0,0.0,1.0,1.0,0.0,0.0,0.0,0.0,0.0,Matches
b09a3ecc,15.0,10.0,0.0,0.0,3.0,1.0,1.0,3.0,1.0,0.0,0.0,2.0,0.0,0.0,Matches
039a4fb6,1.0,1.0,0.0,0.0,0.0,0.0,0.0,0.0,0.0,0.0,0.0,0.0,0.0,0.0,Matches
5de3866c,41.0,28.0,5.0,1.0,5.0,2.0,0.0,3.0,3.0,0.0,0.0,0.0,0.0,0.0,Matches
8b95acda,5.0,2.0,0.0,0.0,1.0,1.0,1.0,0.0,0.0,0.0,0.0,0.0,0.0,0.0,Matches
04df29a5,27.0,19.0,0.0,4.0,4.0,0.0,0.0,2.0,1.0,0.0,0.0,1.0,0.0,0.0,Matches
6499048c,16.0,12.0,1.0,2.0,1.0,0.0,0.0,0.0,0.0,0.0,0.0,0.0,0.0,0.0,Matches
8cabdc1e,6.0,5.0,1.0,0.0,0.0,0.0,0.0,0.0,0.0,0.0,0.0,0.0,0.0,0.0,Matches
8fef5412,0.0,0.0,0.0,0.0,0.0,0.0,0.0,0.0,0.0,0.0,0.0,0.0,0.0,0.0,Matches
22ae86f9,7.0,5.0,1.0,0.0,0.0,0.0,1.0,0.0,0.0,0.0,0.0,0.0,0.0,0.0,Matches
45b9b619,14.0,9.0,0.0,0.0,3.0,2.0,0.0,3.0,3.0,0.0,0.0,0.0,0.0,0.0,Matches
bfc359ed,0.0,0.0,0.0,0.0,0.0,0.0,0.0,0.0,0.0,0.0,0.0,0.0,0.0,0.0,Matches
85a44ecc,39.0,34.0,1.0,1.0,0.0,3.0,0.0,6.0,6.0,0.0,0.0,0.0,0.0,0.0,Matches
f554e29b,0.0,0.0,0.0,0.0,0.0,0.0,0.0,0.0,0.0,0.0,0.0,0.0,0.0,0.0,Matches
16657b95,30.0,29.0,0.0,0.0,1.0,0.0,0.0,3.0,3.0,0.0,0.0,0.0,0.0,0.0,Matches
22cd43d2,5.0,4.0,0.0,0.0,0.0,0.0,1.0,0.0,0.0,0.0,0.0,0.0,0.0,0.0,Matches
0ab1f153,46.0,24.0,13.0,2.0,3.0,4.0,0.0,6.0,2.0,2.0,0.0,0.0,2.0,0.0,Matches
5722eced,3.0,2.0,0.0,0.0,0.0,1.0,0.0,0.0,0.0,0.0,0.0,0.0,0.0,0.0,Matches
060606ec,8.0,7.0,0.0,0.0,0.0,1.0,0.0,1.0,1.0,0.0,0.0,0.0,0.0,0.0,Matches
44eb9093,3.0,3.0,0.0,0.0,0.0,0.0,0.0,1.0,1.0,0.0,0.0,0.0,0.0,0.0,Matches
f778fe3f,15.0,12.0,1.0,1.0,1.0,0.0,0.0,1.0,1.0,0.0,0.0,0.0,0.0,0.0,Matches
7ef972c3,10.0,8.0,1.0,0.0,1.0,0.0,0.0,0.0,0.0,0.0,0.0,0.0,0.0,0.0,Matches
94b2001f,34.0,30.0,1.0,0.0,2.0,1.0,0.0,3.0,2.0,0.0,0.0,1.0,0.0,0.0,Matches
96e0490d,33.0,27.0,4.0,0.0,0.0,1.0,1.0,4.0,3.0,0.0,0.0,0.0,1.0,0.0,Matches
16bb656a,11.0,9.0,1.0,0.0,0.0,0.0,1.0,0.0,0.0,0.0,0.0,0.0,0.0,0.0,Matches
2ef7c612,32.0,29.0,0.0,2.0,0.0,1.0,0.0,2.0,2.0,0.0,0.0,0.0,0.0,0.0,Matches
60e3603d,1.0,0.0,0.0,0.0,0.0,1.0,0.0,0.0,0.0,0.0,0.0,0.0,0.0,0.0,Matches
ae4e2852,11.0,10.0,0.0,0.0,0.0,1.0,0.0,1.0,1.0,0.0,0.0,0.0,0.0,0.0,Matches
e74f0e59,8.0,8.0,0.0,0.0,0.0,0.0,0.0,0.0,0.0,0.0,0.0,0.0,0.0,0.0,Matches
f4797849,4.0,4.0,0.0,0.0,0.0,0.0,0.0,0.0,0.0,0.0,0.0,0.0,0.0,0.0,Matches
854ee61a,9.0,7.0,0.0,0.0,1.0,1.0,0.0,0.0,0.0,0.0,0.0,0.0,0.0,0.0,Matches
0e0d6c53,0.0,0.0,0.0,0.0,0.0,0.0,0.0,0.0,0.0,0.0,0.0,0.0,0.0,0.0,Matches
e3cceee6,3.0,3.0,0.0,0.0,0.0,0.0,0.0,0.0,0.0,0.0,0.0,0.0,0.0,0.0,Matches
dc3fa3b5,1.0,1.0,0.0,0.0,0.0,0.0,0.0,0.0,0.0,0.0,0.0,0.0,0.0,0.0,Matches
d97f2e8d,29.0,21.0,4.0,0.0,0.0,3.0,1.0,2.0,2.0,0.0,0.0,0.0,0.0,0.0,Matches
d97f2e8d,6.0,5.0,0.0,0.0,0.0,1.0,0.0,0.0,0.0,0.0,0.0,0.0,0.0,0.0,Matches
2990c466,0.0,0.0,0.0,0.0,0.0,0.0,0.0,0.0,0.0,0.0,0.0,0.0,0.0,0.0,Matches
dcb38abe,29.0,18.0,2.0,1.0,4.0,3.0,1.0,0.0,0.0,0.0,0.0,0.0,0.0,0.0,Matches
5976f83e,11.0,8.0,2.0,1.0,0.0,0.0,0.0,1.0,1.0,0.0,0.0,0.0,0.0,0.0,Matches
d7d32194,8.0,4.0,0.0,2.0,1.0,1.0,0.0,1.0,1.0,0.0,0.0,0.0,0.0,0.0,Matches
39583cfd,83.0,55.0,14.0,6.0,5.0,3.0,0.0,9.0,7.0,2.0,0.0,0.0,0.0,0.0,Matches
ef94dc2f,0.0,0.0,0.0,0.0,0.0,0.0,0.0,0.0,0.0,0.0,0.0,0.0,0.0,0.0,Matches
1fca9171,32.0,19.0,5.0,3.0,1.0,3.0,1.0,5.0,2.0,1.0,1.0,1.0,0.0,0.0,Matches
4e0c8d66,1.0,1.0,0.0,0.0,0.0,0.0,0.0,0.0,0.0,0.0,0.0,0.0,0.0,0.0,Matches
230a2fac,80.0,68.0,5.0,0.0,4.0,2.0,1.0,13.0,13.0,0.0,0.0,0.0,0.0,0.0,Matches
19cda00b,48.0,25.0,14.0,5.0,4.0,0.0,0.0,7.0,5.0,2.0,0.0,0.0,0.0,0.0,Matches
244bc2c8,42.0,34.0,0.0,2.0,4.0,2.0,0.0,5.0,5.0,0.0,0.0,0.0,0.0,0.0,Matches
407feb71,57.0,42.0,1.0,6.0,5.0,2.0,1.0,9.0,4.0,0.0,2.0,2.0,0.0,1.0,Matches
970b8574,75.0,48.0,23.0,1.0,1.0,1.0,1.0,5.0,4.0,0.0,1.0,0.0,0.0,0.0,Matches
933d3b51,10.0,8.0,0.0,0.0,0.0,0.0,2.0,1.0,1.0,0.0,0.0,0.0,0.0,0.0,Matches
6eee05f1,2.0,1.0,0.0,0.0,0.0,1.0,0.0,0.0,0.0,0.0,0.0,0.0,0.0,0.0,Matches
b5f7d10b,39.0,34.0,1.0,1.0,2.0,1.0,0.0,2.0,2.0,0.0,0.0,0.0,0.0,0.0,Matches
2f69d881,31.0,21.0,4.0,3.0,1.0,2.0,0.0,7.0,5.0,0.0,1.0,0.0,1.0,0.0,Matches
20b3a502,48.0,41.0,2.0,2.0,0.0,2.0,1.0,4.0,4.0,0.0,0.0,0.0,0.0,0.0,Matches
22051fbe,2.0,1.0,0.0,0.0,0.0,1.0,0.0,0.0,0.0,0.0,0.0,0.0,0.0,0.0,Matches
085e71a7,4.0,3.0,1.0,0.0,0.0,0.0,0.0,0.0,0.0,0.0,0.0,0.0,0.0,0.0,Matches
79ca3e23,10.0,7.0,1.0,0.0,1.0,0.0,1.0,0.0,0.0,0.0,0.0,0.0,0.0,0.0,Matches
481c9ece,49.0,30.0,3.0,1.0,8.0,6.0,1.0,8.0,4.0,0.0,0.0,2.0,2.0,0.0,Matches
528492ea,18.0,17.0,0.0,0.0,1.0,0.0,0.0,2.0,2.0,0.0,0.0,0.0,0.0,0.0,Matches
e0921a4f,69.0,36.0,19.0,1.0,6.0,7.0,0.0,7.0,3.0,2.0,0.0,1.0,1.0,0.0,Matches
3bb7f478,52.0,41.0,0.0,0.0,10.0,1.0,0.0,10.0,7.0,0.0,0.0,3.0,0.0,0.0,Matches
dbfa4f16,4.0,4.0,0.0,0.0,0.0,0.0,0.0,0.0,0.0,0.0,0.0,0.0,0.0,0.0,Matches
9ba7b4fa,8.0,7.0,0.0,0.0,0.0,1.0,0.0,0.0,0.0,0.0,0.0,0.0,0.0,0.0,Matches
6af30900,13.0,11.0,2.0,0.0,0.0,0.0,0.0,1.0,1.0,0.0,0.0,0.0,0.0,0.0,Matches
a9202def,29.0,21.0,1.0,1.0,5.0,1.0,0.0,2.0,1.0,0.0,0.0,0.0,1.0,0.0,Matches
76b2817e,21.0,14.0,2.0,0.0,3.0,1.0,1.0,3.0,2.0,0.0,0.0,0.0,1.0,0.0,Matches
f503ea63,18.0,15.0,0.0,0.0,1.0,0.0,2.0,0.0,0.0,0.0,0.0,0.0,0.0,0.0,Matches
c20892ee,0.0,0.0,0.0,0.0,0.0,0.0,0.0,0.0,0.0,0.0,0.0,0.0,0.0,0.0,Matches
c55967eb,5.0,2.0,0.0,1.0,1.0,1.0,0.0,0.0,0.0,0.0,0.0,0.0,0.0,0.0,Matches
cf007308,35.0,26.0,2.0,4.0,2.0,1.0,0.0,6.0,4.0,0.0,1.0,1.0,0.0,0.0,Matches
0fee6bda,7.0,5.0,0.0,0.0,1.0,0.0,1.0,0.0,0.0,0.0,0.0,0.0,0.0,0.0,Matches
3f79a1c8,10.0,8.0,0.0,0.0,1.0,1.0,0.0,0.0,0.0,0.0,0.0,0.0,0.0,0.0,Matches
5cf5c9ad,4.0,2.0,0.0,0.0,0.0,2.0,0.0,0.0,0.0,0.0,0.0,0.0,0.0,0.0,Matches
366be751,19.0,12.0,3.0,0.0,2.0,2.0,0.0,4.0,2.0,1.0,0.0,0.0,1.0,0.0,Matches
9f5a610b,2.0,1.0,1.0,0.0,0.0,0.0,0.0,0.0,0.0,0.0,0.0,0.0,0.0,0.0,Matches
aae9d04a,11.0,6.0,0.0,2.0,3.0,0.0,0.0,3.0,1.0,0.0,1.0,1.0,0.0,0.0,Matches
4e358a2d,12.0,7.0,1.0,0.0,4.0,0.0,0.0,0.0,0.0,0.0,0.0,0.0,0.0,0.0,Matches
06b08c45,5.0,5.0,0.0,0.0,0.0,0.0,0.0,0.0,0.0,0.0,0.0,0.0,0.0,0.0,Matches
ee64a822,34.0,20.0,1.0,1.0,6.0,5.0,1.0,4.0,3.0,0.0,0.0,1.0,0.0,0.0,Matches
d0dbca9f,4.0,3.0,0.0,0.0,1.0,0.0,0.0,0.0,0.0,0.0,0.0,0.0,0.0,0.0,Matches
d0dbca9f,4.0,4.0,0.0,0.0,0.0,0.0,0.0,0.0,0.0,0.0,0.0,0.0,0.0,0.0,Matches
eb76987d,1.0,0.0,1.0,0.0,0.0,0.0,0.0,0.0,0.0,0.0,0.0,0.0,0.0,0.0,Matches
e288d4b3,2.0,1.0,1.0,0.0,0.0,0.0,0.0,0.0,0.0,0.0,0.0,0.0,0.0,0.0,Matches
2a7d27c1,64.0,50.0,0.0,4.0,4.0,4.0,2.0,4.0,4.0,0.0,0.0,0.0,0.0,0.0,Matches
c235e803,4.0,4.0,0.0,0.0,0.0,0.0,0.0,0.0,0.0,0.0,0.0,0.0,0.0,0.0,Matches
8f866fe8,37.0,20.0,1.0,2.0,8.0,5.0,1.0,2.0,1.0,0.0,0.0,0.0,1.0,0.0,Matches
3b387cc7,2.0,1.0,0.0,0.0,1.0,0.0,0.0,0.0,0.0,0.0,0.0,0.0,0.0,0.0,Matches
ce30bfc8,10.0,8.0,0.0,0.0,1.0,1.0,0.0,2.0,1.0,0.0,0.0,1.0,0.0,0.0,Matches
8dfed6e9,4.0,2.0,0.0,0.0,0.0,1.0,1.0,0.0,0.0,0.0,0.0,0.0,0.0,0.0,Matches
dd403465,2.0,2.0,0.0,0.0,0.0,0.0,0.0,0.0,0.0,0.0,0.0,0.0,0.0,0.0,Matches
c74d63ac,38.0,32.0,2.0,3.0,0.0,1.0,0.0,1.0,1.0,0.0,0.0,0.0,0.0,0.0,Matches
18dd3219,9.0,8.0,0.0,0.0,1.0,0.0,0.0,0.0,0.0,0.0,0.0,0.0,0.0,0.0,Matches
822ed0ec,28.0,21.0,3.0,1.0,0.0,3.0,0.0,1.0,0.0,0.0,0.0,0.0,1.0,0.0,Matches
71dc23da,11.0,9.0,2.0,0.0,0.0,0.0,0.0,2.0,2.0,0.0,0.0,0.0,0.0,0.0,Matches
9c435456,0.0,0.0,0.0,0.0,0.0,0.0,0.0,0.0,0.0,0.0,0.0,0.0,0.0,0.0,Matches
548bd0de,1.0,1.0,0.0,0.0,0.0,0.0,0.0,0.0,0.0,0.0,0.0,0.0,0.0,0.0,Matches
16ceb862,38.0,30.0,0.0,0.0,6.0,2.0,0.0,5.0,2.0,0.0,0.0,3.0,0.0,0.0,Matches
f0f7f62f,0.0,0.0,0.0,0.0,0.0,0.0,0.0,0.0,0.0,0.0,0.0,0.0,0.0,0.0,Matches
f025eade,33.0,24.0,0.0,1.0,3.0,4.0,1.0,3.0,2.0,0.0,0.0,0.0,0.0,1.0,Matches
2374aaca,37.0,26.0,0.0,2.0,5.0,3.0,1.0,3.0,2.0,0.0,0.0,1.0,0.0,0.0,Matches
2d970560,18.0,16.0,1.0,1.0,0.0,0.0,0.0,0.0,0.0,0.0,0.0,0.0,0.0,0.0,Matches
6cc97b6a,6.0,5.0,0.0,0.0,0.0,1.0,0.0,1.0,1.0,0.0,0.0,0.0,0.0,0.0,Matches
49136c42,0.0,0.0,0.0,0.0,0.0,0.0,0.0,0.0,0.0,0.0,0.0,0.0,0.0,0.0,Matches
f1f1f238,13.0,10.0,1.0,0.0,2.0,0.0,0.0,1.0,0.0,0.0,0.0,1.0,0.0,0.0,Matches
f9758dae,27.0,23.0,0.0,2.0,2.0,0.0,0.0,0.0,0.0,0.0,0.0,0.0,0.0,0.0,Matches
0be276c6,8.0,6.0,1.0,0.0,0.0,0.0,1.0,1.0,1.0,0.0,0.0,0.0,0.0,0.0,Matches
9250bcff,8.0,6.0,0.0,0.0,2.0,0.0,0.0,2.0,1.0,0.0,0.0,1.0,0.0,0.0,Matches
fa449bba,17.0,15.0,1.0,1.0,0.0,0.0,0.0,1.0,0.0,1.0,0.0,0.0,0.0,0.0,Matches
74419746,3.0,2.0,1.0,0.0,0.0,0.0,0.0,1.0,1.0,0.0,0.0,0.0,0.0,0.0,Matches
65fd099c,4.0,4.0,0.0,0.0,0.0,0.0,0.0,0.0,0.0,0.0,0.0,0.0,0.0,0.0,Matches
3b333ac3,22.0,19.0,1.0,1.0,1.0,0.0,0.0,1.0,1.0,0.0,0.0,0.0,0.0,0.0,Matches
d7918b13,29.0,26.0,1.0,0.0,1.0,0.0,1.0,1.0,1.0,0.0,0.0,0.0,0.0,0.0,Matches
ffed43e3,4.0,4.0,0.0,0.0,0.0,0.0,0.0,1.0,1.0,0.0,0.0,0.0,0.0,0.0,Matches
a2d9f138,32.0,26.0,1.0,1.0,1.0,2.0,1.0,1.0,1.0,0.0,0.0,0.0,0.0,0.0,Matches
9ef42479,22.0,16.0,1.0,1.0,3.0,1.0,0.0,0.0,0.0,0.0,0.0,0.0,0.0,0.0,Matches
d4c9725f,65.0,36.0,16.0,1.0,4.0,7.0,1.0,7.0,5.0,2.0,0.0,0.0,0.0,0.0,Matches
12806697,13.0,10.0,1.0,0.0,0.0,0.0,2.0,0.0,0.0,0.0,0.0,0.0,0.0,0.0,Matches
d4456fb3,36.0,32.0,1.0,0.0,1.0,2.0,0.0,5.0,5.0,0.0,0.0,0.0,0.0,0.0,Matches
c2357b65,36.0,24.0,5.0,2.0,2.0,3.0,0.0,1.0,1.0,0.0,0.0,0.0,0.0,0.0,Matches
b85bf253,11.0,9.0,0.0,1.0,1.0,0.0,0.0,1.0,1.0,0.0,0.0,0.0,0.0,0.0,Matches
d8800a46,3.0,1.0,0.0,0.0,1.0,1.0,0.0,1.0,0.0,0.0,0.0,0.0,1.0,0.0,Matches
1f2d714c,7.0,6.0,1.0,0.0,0.0,0.0,0.0,1.0,1.0,0.0,0.0,0.0,0.0,0.0,Matches
2f3452eb,18.0,15.0,0.0,2.0,0.0,1.0,0.0,1.0,1.0,0.0,0.0,0.0,0.0,0.0,Matches
491a433d,38.0,25.0,0.0,6.0,3.0,4.0,0.0,3.0,1.0,0.0,0.0,0.0,2.0,0.0,Matches
82efe6fa,22.0,13.0,1.0,0.0,5.0,2.0,1.0,2.0,1.0,0.0,0.0,1.0,0.0,0.0,Matches
4cde5509,0.0,0.0,0.0,0.0,0.0,0.0,0.0,0.0,0.0,0.0,0.0,0.0,0.0,0.0,Matches
a4e85758,13.0,11.0,0.0,1.0,0.0,0.0,1.0,1.0,1.0,0.0,0.0,0.0,0.0,0.0,Matches
42eaa028,41.0,33.0,0.0,7.0,1.0,0.0,0.0,6.0,5.0,0.0,1.0,0.0,0.0,0.0,Matches
bb376bed,27.0,14.0,12.0,1.0,0.0,0.0,0.0,1.0,1.0,0.0,0.0,0.0,0.0,0.0,Matches
bb376bed,3.0,2.0,0.0,0.0,0.0,1.0,0.0,2.0,1.0,0.0,0.0,0.0,1.0,0.0,Matches
ba492306,5.0,5.0,0.0,0.0,0.0,0.0,0.0,1.0,1.0,0.0,0.0,0.0,0.0,0.0,Matches
a47c6309,5.0,5.0,0.0,0.0,0.0,0.0,0.0,1.0,1.0,0.0,0.0,0.0,0.0,0.0,Matches
a47c6309,0.0,0.0,0.0,0.0,0.0,0.0,0.0,0.0,0.0,0.0,0.0,0.0,0.0,0.0,Matches
4431aed2,45.0,30.0,0.0,4.0,7.0,4.0,0.0,10.0,7.0,0.0,0.0,2.0,1.0,0.0,Matches
6b635f5c,5.0,4.0,0.0,0.0,1.0,0.0,0.0,0.0,0.0,0.0,0.0,0.0,0.0,0.0,Matches
89976232,15.0,13.0,0.0,0.0,0.0,1.0,1.0,1.0,0.0,0.0,0.0,0.0,1.0,0.0,Matches
8c65eb5f,3.0,3.0,0.0,0.0,0.0,0.0,0.0,0.0,0.0,0.0,0.0,0.0,0.0,0.0,Matches
4a537185,1.0,0.0,0.0,0.0,0.0,1.0,0.0,0.0,0.0,0.0,0.0,0.0,0.0,0.0,Matches
79083382,8.0,5.0,0.0,0.0,2.0,0.0,1.0,1.0,1.0,0.0,0.0,0.0,0.0,0.0,Matches
dc765618,4.0,2.0,2.0,0.0,0.0,0.0,0.0,1.0,1.0,0.0,0.0,0.0,0.0,0.0,Matches
4d8cd038,31.0,21.0,0.0,2.0,6.0,2.0,0.0,0.0,0.0,0.0,0.0,0.0,0.0,0.0,Matches
570bb4b9,26.0,21.0,5.0,0.0,0.0,0.0,0.0,6.0,4.0,2.0,0.0,0.0,0.0,0.0,Matches
f95f49d2,27.0,23.0,0.0,2.0,0.0,2.0,0.0,1.0,1.0,0.0,0.0,0.0,0.0,0.0,Matches
85f7d1be,16.0,12.0,1.0,0.0,2.0,0.0,1.0,1.0,1.0,0.0,0.0,0.0,0.0,0.0,Matches
8b66d9cc,9.0,6.0,0.0,1.0,1.0,1.0,0.0,0.0,0.0,0.0,0.0,0.0,0.0,0.0,Matches
9f84febe,16.0,13.0,3.0,0.0,0.0,0.0,0.0,0.0,0.0,0.0,0.0,0.0,0.0,0.0,Matches
7ae36711,15.0,13.0,0.0,2.0,0.0,0.0,0.0,2.0,2.0,0.0,0.0,0.0,0.0,0.0,Matches
2a82aa85,11.0,10.0,1.0,0.0,0.0,0.0,0.0,0.0,0.0,0.0,0.0,0.0,0.0,0.0,Matches
3d50bcdb,27.0,18.0,0.0,3.0,5.0,0.0,1.0,1.0,1.0,0.0,0.0,0.0,0.0,0.0,Matches
dc3e663e,15.0,9.0,3.0,0.0,1.0,0.0,2.0,1.0,1.0,0.0,0.0,0.0,0.0,0.0,Matches
8b8a56ce,4.0,4.0,0.0,0.0,0.0,0.0,0.0,0.0,0.0,0.0,0.0,0.0,0.0,0.0,Matches
a26fb8aa,83.0,55.0,18.0,0.0,8.0,2.0,0.0,13.0,8.0,3.0,0.0,2.0,0.0,0.0,Matches
b1cd37e6,64.0,48.0,10.0,2.0,4.0,0.0,0.0,10.0,7.0,1.0,0.0,2.0,0.0,0.0,Matches
58e933d2,63.0,49.0,0.0,4.0,4.0,6.0,0.0,4.0,3.0,0.0,1.0,0.0,0.0,0.0,Matches
9d60028d,7.0,7.0,0.0,0.0,0.0,0.0,0.0,0.0,0.0,0.0,0.0,0.0,0.0,0.0,Matches
b804c280,0.0,0.0,0.0,0.0,0.0,0.0,0.0,0.0,0.0,0.0,0.0,0.0,0.0,0.0,Matches
b4101c2e,1.0,0.0,0.0,0.0,0.0,0.0,1.0,0.0,0.0,0.0,0.0,0.0,0.0,0.0,Matches
817c6964,22.0,18.0,1.0,0.0,2.0,0.0,1.0,4.0,4.0,0.0,0.0,0.0,0.0,0.0,Matches
a40819d9,1.0,1.0,0.0,0.0,0.0,0.0,0.0,0.0,0.0,0.0,0.0,0.0,0.0,0.0,Matches
dea88efd,81.0,51.0,2.0,14.0,10.0,4.0,0.0,19.0,8.0,1.0,3.0,5.0,2.0,0.0,Matches
0a483542,5.0,4.0,0.0,0.0,0.0,1.0,0.0,0.0,0.0,0.0,0.0,0.0,0.0,0.0,Matches
0a483542,26.0,21.0,0.0,2.0,1.0,1.0,1.0,3.0,2.0,0.0,0.0,1.0,0.0,0.0,Matches
c283ddef,17.0,15.0,0.0,0.0,1.0,0.0,1.0,1.0,1.0,0.0,0.0,0.0,0.0,0.0,Matches
c283ddef,25.0,18.0,1.0,3.0,1.0,2.0,0.0,1.0,1.0,0.0,0.0,0.0,0.0,0.0,Matches
09538fdb,31.0,20.0,0.0,4.0,4.0,2.0,1.0,3.0,1.0,0.0,1.0,1.0,0.0,0.0,Matches
2d22cea7,70.0,53.0,5.0,6.0,1.0,3.0,2.0,6.0,4.0,0.0,1.0,0.0,1.0,0.0,Matches
016ff750,42.0,25.0,13.0,2.0,2.0,0.0,0.0,3.0,2.0,1.0,0.0,0.0,0.0,0.0,Matches
93088fbb,0.0,0.0,0.0,0.0,0.0,0.0,0.0,0.0,0.0,0.0,0.0,0.0,0.0,0.0,Matches
5128bde4,43.0,30.0,8.0,2.0,1.0,0.0,2.0,4.0,2.0,2.0,0.0,0.0,0.0,0.0,Matches
02caf6e0,21.0,16.0,1.0,1.0,0.0,2.0,1.0,3.0,3.0,0.0,0.0,0.0,0.0,0.0,Matches
20730eae,80.0,54.0,1.0,13.0,6.0,6.0,0.0,9.0,8.0,0.0,1.0,0.0,0.0,0.0,Matches
7d3cbc67,28.0,22.0,0.0,0.0,3.0,2.0,1.0,2.0,0.0,0.0,0.0,2.0,0.0,0.0,Matches
d023d70f,32.0,24.0,4.0,1.0,1.0,1.0,1.0,1.0,1.0,0.0,0.0,0.0,0.0,0.0,Matches
a3695ac2,1.0,1.0,0.0,0.0,0.0,0.0,0.0,0.0,0.0,0.0,0.0,0.0,0.0,0.0,Matches
bba30585,0.0,0.0,0.0,0.0,0.0,0.0,0.0,0.0,0.0,0.0,0.0,0.0,0.0,0.0,Matches
e1cbb531,48.0,43.0,1.0,0.0,1.0,2.0,1.0,6.0,4.0,1.0,0.0,1.0,0.0,0.0,Matches
a8a874f1,38.0,29.0,3.0,2.0,3.0,1.0,0.0,5.0,3.0,0.0,1.0,0.0,1.0,0.0,Matches
c8ad0857,12.0,8.0,0.0,1.0,2.0,0.0,1.0,2.0,1.0,0.0,0.0,1.0,0.0,0.0,Matches
7c104bb7,72.0,49.0,6.0,7.0,5.0,5.0,0.0,10.0,6.0,0.0,1.0,2.0,1.0,0.0,Matches
20094685,34.0,32.0,2.0,0.0,0.0,0.0,0.0,2.0,2.0,0.0,0.0,0.0,0.0,0.0,Matches
5fa57166,0.0,0.0,0.0,0.0,0.0,0.0,0.0,0.0,0.0,0.0,0.0,0.0,0.0,0.0,Matches
966eea58,48.0,32.0,6.0,3.0,5.0,1.0,1.0,5.0,4.0,0.0,1.0,0.0,0.0,0.0,Matches
a69e4806,49.0,37.0,0.0,4.0,3.0,2.0,3.0,7.0,7.0,0.0,0.0,0.0,0.0,0.0,Matches
80490d7f,12.0,10.0,0.0,0.0,1.0,0.0,1.0,2.0,2.0,0.0,0.0,0.0,0.0,0.0,Matches
921f6058,4.0,3.0,0.0,1.0,0.0,0.0,0.0,1.0,1.0,0.0,0.0,0.0,0.0,0.0,Matches
5eae500a,18.0,14.0,0.0,1.0,3.0,0.0,0.0,3.0,2.0,0.0,1.0,0.0,0.0,0.0,Matches
c6e8cf1f,44.0,35.0,3.0,0.0,2.0,3.0,1.0,2.0,2.0,0.0,0.0,0.0,0.0,0.0,Matches
997fff07,11.0,9.0,1.0,0.0,1.0,0.0,0.0,2.0,2.0,0.0,0.0,0.0,0.0,0.0,Matches
5efc5389,26.0,17.0,5.0,1.0,2.0,1.0,0.0,1.0,0.0,1.0,0.0,0.0,0.0,0.0,Matches
957e4c87,14.0,11.0,0.0,0.0,2.0,1.0,0.0,1.0,1.0,0.0,0.0,0.0,0.0,0.0,Matches
cce9f582,5.0,4.0,0.0,0.0,1.0,0.0,0.0,0.0,0.0,0.0,0.0,0.0,0.0,0.0,Matches
fcb38f57,1.0,1.0,0.0,0.0,0.0,0.0,0.0,0.0,0.0,0.0,0.0,0.0,0.0,0.0,Matches
22bfb57e,13.0,11.0,0.0,1.0,0.0,1.0,0.0,1.0,1.0,0.0,0.0,0.0,0.0,0.0,Matches
2bffcbf2,0.0,0.0,0.0,0.0,0.0,0.0,0.0,0.0,0.0,0.0,0.0,0.0,0.0,0.0,Matches
801831fe,12.0,7.0,1.0,1.0,1.0,2.0,0.0,0.0,0.0,0.0,0.0,0.0,0.0,0.0,Matches
4c8845f7,7.0,7.0,0.0,0.0,0.0,0.0,0.0,0.0,0.0,0.0,0.0,0.0,0.0,0.0,Matches
4c8845f7,2.0,1.0,1.0,0.0,0.0,0.0,0.0,0.0,0.0,0.0,0.0,0.0,0.0,0.0,Matches
48d5bd33,26.0,16.0,7.0,1.0,1.0,1.0,0.0,2.0,2.0,0.0,0.0,0.0,0.0,0.0,Matches
5aa53281,25.0,20.0,1.0,0.0,3.0,1.0,0.0,3.0,2.0,0.0,0.0,0.0,1.0,0.0,Matches
c7259b83,57.0,38.0,14.0,0.0,3.0,1.0,1.0,4.0,2.0,1.0,0.0,0.0,1.0,0.0,Matches
f794b426,0.0,0.0,0.0,0.0,0.0,0.0,0.0,0.0,0.0,0.0,0.0,0.0,0.0,0.0,Matches
91d0fabf,6.0,5.0,0.0,1.0,0.0,0.0,0.0,2.0,2.0,0.0,0.0,0.0,0.0,0.0,Matches
8650af85,12.0,10.0,1.0,0.0,0.0,1.0,0.0,2.0,2.0,0.0,0.0,0.0,0.0,0.0,Matches
aa54ec6f,7.0,7.0,0.0,0.0,0.0,0.0,0.0,0.0,0.0,0.0,0.0,0.0,0.0,0.0,Matches
7fac99d4,59.0,37.0,19.0,1.0,1.0,1.0,0.0,2.0,0.0,2.0,0.0,0.0,0.0,0.0,Matches
cdf65d12,4.0,4.0,0.0,0.0,0.0,0.0,0.0,0.0,0.0,0.0,0.0,0.0,0.0,0.0,Matches
ea468ea8,0.0,0.0,0.0,0.0,0.0,0.0,0.0,0.0,0.0,0.0,0.0,0.0,0.0,0.0,Matches
f7036e1c,67.0,46.0,1.0,3.0,8.0,8.0,1.0,9.0,4.0,0.0,1.0,1.0,2.0,1.0,Matches
3ec3c1c9,16.0,10.0,1.0,0.0,4.0,0.0,1.0,2.0,2.0,0.0,0.0,0.0,0.0,0.0,Matches
d4535821,29.0,23.0,3.0,0.0,1.0,0.0,2.0,3.0,2.0,0.0,0.0,1.0,0.0,0.0,Matches
de0f152c,2.0,2.0,0.0,0.0,0.0,0.0,0.0,0.0,0.0,0.0,0.0,0.0,0.0,0.0,Matches
eb7822d7,31.0,28.0,1.0,1.0,1.0,0.0,0.0,5.0,3.0,0.0,1.0,1.0,0.0,0.0,Matches
3318286e,0.0,0.0,0.0,0.0,0.0,0.0,0.0,0.0,0.0,0.0,0.0,0.0,0.0,0.0,Matches
eb0ec070,49.0,36.0,8.0,3.0,0.0,1.0,1.0,7.0,5.0,0.0,2.0,0.0,0.0,0.0,Matches
01c3aff5,17.0,15.0,0.0,0.0,2.0,0.0,0.0,1.0,1.0,0.0,0.0,0.0,0.0,0.0,Matches
563a68ad,20.0,17.0,0.0,0.0,0.0,1.0,2.0,2.0,2.0,0.0,0.0,0.0,0.0,0.0,Matches
5cec2c74,24.0,22.0,1.0,0.0,0.0,0.0,1.0,2.0,2.0,0.0,0.0,0.0,0.0,0.0,Matches
9413b19f,1.0,1.0,0.0,0.0,0.0,0.0,0.0,0.0,0.0,0.0,0.0,0.0,0.0,0.0,Matches
c730da00,0.0,0.0,0.0,0.0,0.0,0.0,0.0,0.0,0.0,0.0,0.0,0.0,0.0,0.0,Matches
f49c4ae9,36.0,22.0,0.0,5.0,4.0,4.0,1.0,5.0,4.0,0.0,1.0,0.0,0.0,0.0,Matches
b2561711,2.0,1.0,1.0,0.0,0.0,0.0,0.0,0.0,0.0,0.0,0.0,0.0,0.0,0.0,Matches
bee704fc,20.0,17.0,0.0,0.0,3.0,0.0,0.0,2.0,2.0,0.0,0.0,0.0,0.0,0.0,Matches
85613cf0,20.0,13.0,0.0,0.0,4.0,1.0,2.0,3.0,2.0,0.0,0.0,0.0,0.0,1.0,Matches
4e6dbac4,56.0,49.0,1.0,1.0,3.0,2.0,0.0,11.0,10.0,0.0,0.0,1.0,0.0,0.0,Matches
9fa26bc2,4.0,3.0,1.0,0.0,0.0,0.0,0.0,1.0,1.0,0.0,0.0,0.0,0.0,0.0,Matches
e0f8151c,26.0,23.0,0.0,0.0,1.0,0.0,2.0,2.0,1.0,0.0,0.0,1.0,0.0,0.0,Matches
a9aa0d1d,58.0,49.0,3.0,1.0,2.0,3.0,0.0,6.0,5.0,0.0,0.0,0.0,1.0,0.0,Matches
34693494,34.0,21.0,4.0,3.0,5.0,1.0,0.0,5.0,4.0,0.0,0.0,0.0,1.0,0.0,Matches
dd0daf32,51.0,41.0,0.0,0.0,3.0,5.0,2.0,6.0,5.0,0.0,0.0,0.0,0.0,1.0,Matches
54ab971f,5.0,5.0,0.0,0.0,0.0,0.0,0.0,1.0,1.0,0.0,0.0,0.0,0.0,0.0,Matches
ca73910d,7.0,6.0,0.0,0.0,1.0,0.0,0.0,0.0,0.0,0.0,0.0,0.0,0.0,0.0,Matches
c1d95617,7.0,2.0,5.0,0.0,0.0,0.0,0.0,0.0,0.0,0.0,0.0,0.0,0.0,0.0,Matches
ff579c7e,16.0,15.0,0.0,1.0,0.0,0.0,0.0,3.0,3.0,0.0,0.0,0.0,0.0,0.0,Matches
efc9e31f,34.0,26.0,0.0,2.0,3.0,3.0,0.0,2.0,0.0,0.0,1.0,0.0,1.0,0.0,Matches
a0aee24e,1.0,1.0,0.0,0.0,0.0,0.0,0.0,0.0,0.0,0.0,0.0,0.0,0.0,0.0,Matches
1295552e,0.0,0.0,0.0,0.0,0.0,0.0,0.0,0.0,0.0,0.0,0.0,0.0,0.0,0.0,Matches
eb2fe5b6,30.0,25.0,2.0,2.0,0.0,1.0,0.0,4.0,3.0,0.0,0.0,0.0,1.0,0.0,Matches
b233e8e4,6.0,5.0,0.0,0.0,0.0,1.0,0.0,0.0,0.0,0.0,0.0,0.0,0.0,0.0,Matches
d183e9d6,4.0,2.0,2.0,0.0,0.0,0.0,0.0,1.0,0.0,1.0,0.0,0.0,0.0,0.0,Matches
a111cf41,1.0,1.0,0.0,0.0,0.0,0.0,0.0,0.0,0.0,0.0,0.0,0.0,0.0,0.0,Matches
c459a650,48.0,40.0,3.0,0.0,1.0,2.0,2.0,3.0,2.0,1.0,0.0,0.0,0.0,0.0,Matches
599d91d0,3.0,3.0,0.0,0.0,0.0,0.0,0.0,0.0,0.0,0.0,0.0,0.0,0.0,0.0,Matches
5cdddffa,16.0,14.0,0.0,0.0,1.0,1.0,0.0,0.0,0.0,0.0,0.0,0.0,0.0,0.0,Matches
b1236c63,1.0,1.0,0.0,0.0,0.0,0.0,0.0,1.0,1.0,0.0,0.0,0.0,0.0,0.0,Matches
2b8360f1,12.0,6.0,0.0,2.0,4.0,0.0,0.0,0.0,0.0,0.0,0.0,0.0,0.0,0.0,Matches
b136c945,7.0,6.0,0.0,0.0,0.0,0.0,1.0,0.0,0.0,0.0,0.0,0.0,0.0,0.0,Matches
cf961d8d,15.0,13.0,1.0,0.0,1.0,0.0,0.0,0.0,0.0,0.0,0.0,0.0,0.0,0.0,Matches
e33f36d5,2.0,1.0,0.0,0.0,0.0,1.0,0.0,0.0,0.0,0.0,0.0,0.0,0.0,0.0,Matches
e33f36d5,1.0,1.0,0.0,0.0,0.0,0.0,0.0,0.0,0.0,0.0,0.0,0.0,0.0,0.0,Matches
a4948e67,36.0,27.0,0.0,4.0,4.0,1.0,0.0,4.0,2.0,0.0,2.0,0.0,0.0,0.0,Matches
ba1e04b3,8.0,6.0,0.0,1.0,1.0,0.0,0.0,1.0,1.0,0.0,0.0,0.0,0.0,0.0,Matches
1e9bde92,2.0,2.0,0.0,0.0,0.0,0.0,0.0,2.0,2.0,0.0,0.0,0.0,0.0,0.0,Matches
d125f22f,56.0,33.0,1.0,5.0,7.0,8.0,2.0,3.0,0.0,0.0,0.0,1.0,2.0,0.0,Matches
8ec109e6,1.0,0.0,0.0,0.0,1.0,0.0,0.0,0.0,0.0,0.0,0.0,0.0,0.0,0.0,Matches
41c12f75,21.0,18.0,1.0,1.0,0.0,0.0,1.0,2.0,2.0,0.0,0.0,0.0,0.0,0.0,Matches
e9c0c1b2,4.0,2.0,2.0,0.0,0.0,0.0,0.0,0.0,0.0,0.0,0.0,0.0,0.0,0.0,Matches
43a166b4,18.0,10.0,0.0,3.0,2.0,3.0,0.0,1.0,1.0,0.0,0.0,0.0,0.0,0.0,Matches
e14ec482,63.0,34.0,19.0,1.0,6.0,3.0,0.0,4.0,0.0,3.0,0.0,1.0,0.0,0.0,Matches
8c90fd7a,41.0,28.0,0.0,4.0,5.0,4.0,0.0,6.0,4.0,0.0,0.0,1.0,1.0,0.0,Matches
ea02beaf,16.0,10.0,3.0,0.0,3.0,0.0,0.0,3.0,2.0,1.0,0.0,0.0,0.0,0.0,Matches
ed90babd,2.0,0.0,0.0,1.0,1.0,0.0,0.0,1.0,0.0,0.0,0.0,1.0,0.0,0.0,Matches
8daee720,0.0,0.0,0.0,0.0,0.0,0.0,0.0,0.0,0.0,0.0,0.0,0.0,0.0,0.0,Matches
3d6cee81,2.0,2.0,0.0,0.0,0.0,0.0,0.0,0.0,0.0,0.0,0.0,0.0,0.0,0.0,Matches
dff153a4,19.0,12.0,5.0,1.0,1.0,0.0,0.0,3.0,3.0,0.0,0.0,0.0,0.0,0.0,Matches
0967845b,41.0,29.0,2.0,2.0,2.0,5.0,1.0,4.0,4.0,0.0,0.0,0.0,0.0,0.0,Matches
e599253a,31.0,27.0,0.0,1.0,2.0,0.0,1.0,5.0,4.0,0.0,0.0,1.0,0.0,0.0,Matches
f7223718,4.0,4.0,0.0,0.0,0.0,0.0,0.0,0.0,0.0,0.0,0.0,0.0,0.0,0.0,Matches
79b0d6a0,2.0,0.0,1.0,0.0,0.0,0.0,1.0,0.0,0.0,0.0,0.0,0.0,0.0,0.0,Matches
3ca7254a,38.0,24.0,1.0,4.0,6.0,2.0,1.0,6.0,4.0,0.0,0.0,1.0,1.0,0.0,Matches
f058ed1f,0.0,0.0,0.0,0.0,0.0,0.0,0.0,0.0,0.0,0.0,0.0,0.0,0.0,0.0,Matches
a44d3a3c,5.0,5.0,0.0,0.0,0.0,0.0,0.0,1.0,1.0,0.0,0.0,0.0,0.0,0.0,Matches
4a5a45c7,84.0,44.0,28.0,3.0,4.0,3.0,2.0,9.0,2.0,6.0,0.0,1.0,0.0,0.0,Matches
7afb1573,16.0,16.0,0.0,0.0,0.0,0.0,0.0,1.0,1.0,0.0,0.0,0.0,0.0,0.0,Matches
75f2c59f,69.0,60.0,0.0,4.0,4.0,1.0,0.0,9.0,9.0,0.0,0.0,0.0,0.0,0.0,Matches
f7c491f1,22.0,18.0,2.0,0.0,1.0,0.0,1.0,1.0,1.0,0.0,0.0,0.0,0.0,0.0,Matches
4c62d0c8,0.0,0.0,0.0,0.0,0.0,0.0,0.0,0.0,0.0,0.0,0.0,0.0,0.0,0.0,Matches
780e3631,45.0,39.0,1.0,0.0,0.0,4.0,1.0,6.0,5.0,0.0,0.0,0.0,1.0,0.0,Matches
03f946ed,23.0,18.0,0.0,1.0,3.0,1.0,0.0,5.0,2.0,0.0,1.0,1.0,1.0,0.0,Matches
149c5f5d,11.0,11.0,0.0,0.0,0.0,0.0,0.0,2.0,2.0,0.0,0.0,0.0,0.0,0.0,Matches
17f3620a,30.0,20.0,0.0,3.0,3.0,3.0,1.0,6.0,4.0,0.0,0.0,2.0,0.0,0.0,Matches
1cadaf34,1.0,0.0,0.0,0.0,1.0,0.0,0.0,0.0,0.0,0.0,0.0,0.0,0.0,0.0,Matches
1cadaf34,1.0,0.0,0.0,0.0,1.0,0.0,0.0,0.0,0.0,0.0,0.0,0.0,0.0,0.0,Matches
f71ad8cb,33.0,32.0,0.0,0.0,1.0,0.0,0.0,1.0,1.0,0.0,0.0,0.0,0.0,0.0,Matches
08aa9cd1,37.0,25.0,0.0,1.0,6.0,5.0,0.0,2.0,0.0,0.0,0.0,1.0,1.0,0.0,Matches
caec77da,6.0,3.0,1.0,0.0,1.0,1.0,0.0,1.0,1.0,0.0,0.0,0.0,0.0,0.0,Matches
2c38b327,18.0,12.0,2.0,1.0,2.0,1.0,0.0,1.0,1.0,0.0,0.0,0.0,0.0,0.0,Matches
55a1cac2,18.0,13.0,0.0,1.0,2.0,1.0,1.0,2.0,2.0,0.0,0.0,0.0,0.0,0.0,Matches
867239d3,2.0,1.0,0.0,0.0,0.0,1.0,0.0,1.0,0.0,0.0,0.0,0.0,1.0,0.0,Matches
5e861944,58.0,37.0,7.0,7.0,5.0,2.0,0.0,4.0,3.0,0.0,0.0,1.0,0.0,0.0,Matches
2a6cd437,6.0,4.0,1.0,0.0,0.0,0.0,1.0,0.0,0.0,0.0,0.0,0.0,0.0,0.0,Matches
7f609bfc,30.0,25.0,2.0,1.0,0.0,1.0,1.0,2.0,2.0,0.0,0.0,0.0,0.0,0.0,Matches
277da414,7.0,7.0,0.0,0.0,0.0,0.0,0.0,1.0,1.0,0.0,0.0,0.0,0.0,0.0,Matches
62437b4f,2.0,2.0,0.0,0.0,0.0,0.0,0.0,0.0,0.0,0.0,0.0,0.0,0.0,0.0,Matches
88f53b75,0.0,0.0,0.0,0.0,0.0,0.0,0.0,0.0,0.0,0.0,0.0,0.0,0.0,0.0,Matches
ee4f2f3b,10.0,9.0,0.0,0.0,1.0,0.0,0.0,1.0,1.0,0.0,0.0,0.0,0.0,0.0,Matches
1b9c7401,17.0,10.0,3.0,0.0,1.0,3.0,0.0,0.0,0.0,0.0,0.0,0.0,0.0,0.0,Matches
8794e251,55.0,46.0,0.0,2.0,3.0,2.0,2.0,5.0,3.0,0.0,1.0,0.0,1.0,0.0,Matches
0630eb63,29.0,20.0,4.0,4.0,1.0,0.0,0.0,4.0,4.0,0.0,0.0,0.0,0.0,0.0,Matches
023937a9,2.0,0.0,0.0,0.0,0.0,2.0,0.0,0.0,0.0,0.0,0.0,0.0,0.0,0.0,Matches
67f649be,6.0,5.0,1.0,0.0,0.0,0.0,0.0,0.0,0.0,0.0,0.0,0.0,0.0,0.0,Matches
ce1a6c7e,0.0,0.0,0.0,0.0,0.0,0.0,0.0,0.0,0.0,0.0,0.0,0.0,0.0,0.0,Matches
8c63fae5,3.0,3.0,0.0,0.0,0.0,0.0,0.0,0.0,0.0,0.0,0.0,0.0,0.0,0.0,Matches
539230cf,0.0,0.0,0.0,0.0,0.0,0.0,0.0,0.0,0.0,0.0,0.0,0.0,0.0,0.0,Matches
d9ebed1c,16.0,6.0,4.0,1.0,4.0,1.0,0.0,1.0,1.0,0.0,0.0,0.0,0.0,0.0,Matches
6e058f06,23.0,16.0,2.0,0.0,4.0,1.0,0.0,0.0,0.0,0.0,0.0,0.0,0.0,0.0,Matches
6e058f06,0.0,0.0,0.0,0.0,0.0,0.0,0.0,0.0,0.0,0.0,0.0,0.0,0.0,0.0,Matches
536cebe5,21.0,14.0,0.0,1.0,2.0,3.0,1.0,3.0,3.0,0.0,0.0,0.0,0.0,0.0,Matches
6213fd82,36.0,29.0,1.0,2.0,2.0,1.0,1.0,2.0,1.0,0.0,0.0,1.0,0.0,0.0,Matches
4bd00a50,1.0,0.0,1.0,0.0,0.0,0.0,0.0,0.0,0.0,0.0,0.0,0.0,0.0,0.0,Matches
f61c7c4e,1.0,0.0,0.0,0.0,0.0,1.0,0.0,0.0,0.0,0.0,0.0,0.0,0.0,0.0,Matches
9823be92,25.0,20.0,0.0,1.0,2.0,2.0,0.0,1.0,0.0,0.0,0.0,1.0,0.0,0.0,Matches
f1cfc209,26.0,24.0,0.0,0.0,0.0,0.0,2.0,3.0,2.0,0.0,0.0,0.0,0.0,1.0,Matches
1d4e63b6,0.0,0.0,0.0,0.0,0.0,0.0,0.0,0.0,0.0,0.0,0.0,0.0,0.0,0.0,Matches
7f78ad23,33.0,28.0,3.0,1.0,1.0,0.0,0.0,0.0,0.0,0.0,0.0,0.0,0.0,0.0,Matches
10e7f486,39.0,32.0,4.0,0.0,1.0,2.0,0.0,4.0,3.0,0.0,0.0,0.0,1.0,0.0,Matches
3ead85f9,8.0,7.0,1.0,0.0,0.0,0.0,0.0,3.0,3.0,0.0,0.0,0.0,0.0,0.0,Matches
ca6edaa0,4.0,4.0,0.0,0.0,0.0,0.0,0.0,0.0,0.0,0.0,0.0,0.0,0.0,0.0,Matches
2a1beb34,26.0,23.0,0.0,0.0,0.0,2.0,1.0,1.0,1.0,0.0,0.0,0.0,0.0,0.0,Matches
e58cbfd5,34.0,31.0,1.0,0.0,1.0,1.0,0.0,3.0,3.0,0.0,0.0,0.0,0.0,0.0,Matches
e58cbfd5,0.0,0.0,0.0,0.0,0.0,0.0,0.0,0.0,0.0,0.0,0.0,0.0,0.0,0.0,Matches
4b3e1a38,18.0,15.0,0.0,1.0,1.0,0.0,1.0,4.0,4.0,0.0,0.0,0.0,0.0,0.0,Matches
a378a02a,3.0,3.0,0.0,0.0,0.0,0.0,0.0,0.0,0.0,0.0,0.0,0.0,0.0,0.0,Matches
14b8fcdf,1.0,1.0,0.0,0.0,0.0,0.0,0.0,0.0,0.0,0.0,0.0,0.0,0.0,0.0,Matches
ae9898c5,8.0,8.0,0.0,0.0,0.0,0.0,0.0,0.0,0.0,0.0,0.0,0.0,0.0,0.0,Matches
0b5a292a,76.0,54.0,19.0,1.0,0.0,1.0,1.0,13.0,11.0,1.0,0.0,0.0,0.0,1.0,Matches
4830e0af,37.0,20.0,6.0,3.0,4.0,4.0,0.0,0.0,0.0,0.0,0.0,0.0,0.0,0.0,Matches
ee251371,20.0,17.0,0.0,0.0,2.0,1.0,0.0,2.0,2.0,0.0,0.0,0.0,0.0,0.0,Matches
da5a981b,2.0,0.0,1.0,0.0,0.0,1.0,0.0,0.0,0.0,0.0,0.0,0.0,0.0,0.0,Matches
217c93a1,63.0,33.0,17.0,5.0,6.0,1.0,1.0,5.0,2.0,2.0,0.0,0.0,0.0,1.0,Matches
24eb7ed6,12.0,11.0,0.0,1.0,0.0,0.0,0.0,0.0,0.0,0.0,0.0,0.0,0.0,0.0,Matches
0a447501,23.0,17.0,0.0,3.0,1.0,1.0,1.0,1.0,1.0,0.0,0.0,0.0,0.0,0.0,Matches
4295f19c,0.0,0.0,0.0,0.0,0.0,0.0,0.0,0.0,0.0,0.0,0.0,0.0,0.0,0.0,Matches
0d82903c,27.0,24.0,0.0,1.0,0.0,1.0,1.0,3.0,3.0,0.0,0.0,0.0,0.0,0.0,Matches
7eb97a8e,14.0,8.0,0.0,2.0,1.0,3.0,0.0,2.0,0.0,0.0,0.0,0.0,2.0,0.0,Matches
3bb7af3b,37.0,26.0,0.0,3.0,5.0,2.0,1.0,3.0,2.0,0.0,0.0,1.0,0.0,0.0,Matches
86383d0e,27.0,20.0,0.0,2.0,2.0,3.0,0.0,3.0,2.0,0.0,0.0,1.0,0.0,0.0,Matches
1e9aa637,18.0,16.0,0.0,2.0,0.0,0.0,0.0,3.0,3.0,0.0,0.0,0.0,0.0,0.0,Matches
2cfae697,25.0,23.0,0.0,0.0,1.0,0.0,1.0,3.0,3.0,0.0,0.0,0.0,0.0,0.0,Matches
e613313c,11.0,9.0,0.0,0.0,0.0,1.0,1.0,2.0,2.0,0.0,0.0,0.0,0.0,0.0,Matches
16463a79,9.0,9.0,0.0,0.0,0.0,0.0,0.0,0.0,0.0,0.0,0.0,0.0,0.0,0.0,Matches
3cb132e6,0.0,0.0,0.0,0.0,0.0,0.0,0.0,0.0,0.0,0.0,0.0,0.0,0.0,0.0,Matches
b6baba31,0.0,0.0,0.0,0.0,0.0,0.0,0.0,0.0,0.0,0.0,0.0,0.0,0.0,0.0,Matches
b70bde8f,46.0,24.0,15.0,0.0,2.0,4.0,1.0,5.0,4.0,0.0,0.0,0.0,1.0,0.0,Matches
343f753a,1.0,1.0,0.0,0.0,0.0,0.0,0.0,0.0,0.0,0.0,0.0,0.0,0.0,0.0,Matches
dd7febd8,41.0,30.0,5.0,0.0,3.0,3.0,0.0,2.0,2.0,0.0,0.0,0.0,0.0,0.0,Matches
d3aaad90,31.0,20.0,4.0,5.0,2.0,0.0,0.0,2.0,1.0,0.0,1.0,0.0,0.0,0.0,Matches
57469b2d,5.0,5.0,0.0,0.0,0.0,0.0,0.0,0.0,0.0,0.0,0.0,0.0,0.0,0.0,Matches
57469b2d,2.0,1.0,0.0,1.0,0.0,0.0,0.0,0.0,0.0,0.0,0.0,0.0,0.0,0.0,Matches
0d422df7,6.0,5.0,1.0,0.0,0.0,0.0,0.0,0.0,0.0,0.0,0.0,0.0,0.0,0.0,Matches
343c0d52,6.0,6.0,0.0,0.0,0.0,0.0,0.0,2.0,2.0,0.0,0.0,0.0,0.0,0.0,Matches
8b609c34,24.0,15.0,0.0,3.0,5.0,1.0,0.0,4.0,2.0,0.0,1.0,1.0,0.0,0.0,Matches
b35a7399,3.0,2.0,1.0,0.0,0.0,0.0,0.0,0.0,0.0,0.0,0.0,0.0,0.0,0.0,Matches
ab4449d6,2.0,0.0,2.0,0.0,0.0,0.0,0.0,0.0,0.0,0.0,0.0,0.0,0.0,0.0,Matches
30f5ffa9,11.0,11.0,0.0,0.0,0.0,0.0,0.0,0.0,0.0,0.0,0.0,0.0,0.0,0.0,Matches
b6964eb6,7.0,6.0,1.0,0.0,0.0,0.0,0.0,0.0,0.0,0.0,0.0,0.0,0.0,0.0,Matches
78f13530,1.0,0.0,1.0,0.0,0.0,0.0,0.0,0.0,0.0,0.0,0.0,0.0,0.0,0.0,Matches
28f66c2e,4.0,2.0,1.0,1.0,0.0,0.0,0.0,0.0,0.0,0.0,0.0,0.0,0.0,0.0,Matches
28f66c2e,20.0,15.0,0.0,1.0,1.0,3.0,0.0,6.0,5.0,0.0,0.0,0.0,1.0,0.0,Matches
9d4c45d6,42.0,33.0,1.0,1.0,2.0,4.0,1.0,3.0,2.0,0.0,0.0,1.0,0.0,0.0,Matches
50841bef,2.0,2.0,0.0,0.0,0.0,0.0,0.0,0.0,0.0,0.0,0.0,0.0,0.0,0.0,Matches
94816803,26.0,21.0,0.0,1.0,2.0,2.0,0.0,2.0,2.0,0.0,0.0,0.0,0.0,0.0,Matches
c13ddd3e,15.0,8.0,1.0,3.0,1.0,2.0,0.0,0.0,0.0,0.0,0.0,0.0,0.0,0.0,Matches
7b075c75,6.0,6.0,0.0,0.0,0.0,0.0,0.0,1.0,1.0,0.0,0.0,0.0,0.0,0.0,Matches
3626daea,27.0,20.0,2.0,2.0,0.0,3.0,0.0,3.0,2.0,0.0,1.0,0.0,0.0,0.0,Matches
ac4003af,1.0,1.0,0.0,0.0,0.0,0.0,0.0,0.0,0.0,0.0,0.0,0.0,0.0,0.0,Matches
13b44b02,33.0,23.0,5.0,1.0,1.0,2.0,1.0,3.0,3.0,0.0,0.0,0.0,0.0,0.0,Matches
674cfc5a,55.0,43.0,6.0,4.0,1.0,1.0,0.0,5.0,5.0,0.0,0.0,0.0,0.0,0.0,Matches
2cb9486d,4.0,3.0,0.0,0.0,0.0,1.0,0.0,2.0,2.0,0.0,0.0,0.0,0.0,0.0,Matches
f573a8bf,61.0,42.0,0.0,5.0,1.0,12.0,1.0,7.0,6.0,0.0,0.0,0.0,1.0,0.0,Matches
230c3f3a,9.0,8.0,0.0,1.0,0.0,0.0,0.0,0.0,0.0,0.0,0.0,0.0,0.0,0.0,Matches
01b8a2b2,1.0,1.0,0.0,0.0,0.0,0.0,0.0,0.0,0.0,0.0,0.0,0.0,0.0,0.0,Matches
eb3022c3,4.0,4.0,0.0,0.0,0.0,0.0,0.0,0.0,0.0,0.0,0.0,0.0,0.0,0.0,Matches
8da74c05,32.0,27.0,1.0,1.0,0.0,2.0,1.0,3.0,3.0,0.0,0.0,0.0,0.0,0.0,Matches
b056e3da,7.0,5.0,2.0,0.0,0.0,0.0,0.0,2.0,2.0,0.0,0.0,0.0,0.0,0.0,Matches
5cbb5ad6,8.0,5.0,1.0,1.0,1.0,0.0,0.0,1.0,1.0,0.0,0.0,0.0,0.0,0.0,Matches
e1b0a70d,2.0,2.0,0.0,0.0,0.0,0.0,0.0,0.0,0.0,0.0,0.0,0.0,0.0,0.0,Matches
3ef0a2d7,27.0,19.0,5.0,2.0,1.0,0.0,0.0,2.0,0.0,1.0,0.0,1.0,0.0,0.0,Matches
2b9fdeea,4.0,1.0,2.0,0.0,0.0,1.0,0.0,0.0,0.0,0.0,0.0,0.0,0.0,0.0,Matches
ff5ea0bf,1.0,1.0,0.0,0.0,0.0,0.0,0.0,0.0,0.0,0.0,0.0,0.0,0.0,0.0,Matches
76ff8d0d,20.0,14.0,0.0,1.0,3.0,1.0,1.0,1.0,1.0,0.0,0.0,0.0,0.0,0.0,Matches
a96e5dc0,34.0,33.0,1.0,0.0,0.0,0.0,0.0,2.0,2.0,0.0,0.0,0.0,0.0,0.0,Matches
c56dc39e,30.0,25.0,0.0,2.0,2.0,0.0,1.0,6.0,5.0,0.0,0.0,1.0,0.0,0.0,Matches
7edfbb8a,14.0,11.0,1.0,0.0,0.0,1.0,1.0,1.0,1.0,0.0,0.0,0.0,0.0,0.0,Matches
0db169ae,63.0,36.0,15.0,2.0,6.0,2.0,2.0,8.0,4.0,2.0,1.0,1.0,0.0,0.0,Matches
7ed4921e,1.0,1.0,0.0,0.0,0.0,0.0,0.0,1.0,1.0,0.0,0.0,0.0,0.0,0.0,Matches
0588a092,6.0,4.0,0.0,0.0,1.0,1.0,0.0,0.0,0.0,0.0,0.0,0.0,0.0,0.0,Matches
26c54058,5.0,4.0,0.0,0.0,1.0,0.0,0.0,0.0,0.0,0.0,0.0,0.0,0.0,0.0,Matches
7cd520e8,62.0,45.0,4.0,3.0,3.0,6.0,1.0,6.0,6.0,0.0,0.0,0.0,0.0,0.0,Matches
3eed9821,4.0,2.0,1.0,0.0,0.0,0.0,1.0,0.0,0.0,0.0,0.0,0.0,0.0,0.0,Matches
71005acd,1.0,1.0,0.0,0.0,0.0,0.0,0.0,0.0,0.0,0.0,0.0,0.0,0.0,0.0,Matches
ec52b661,51.0,31.0,12.0,1.0,0.0,6.0,1.0,4.0,2.0,2.0,0.0,0.0,0.0,0.0,Matches
c414df9d,4.0,3.0,0.0,0.0,0.0,0.0,1.0,0.0,0.0,0.0,0.0,0.0,0.0,0.0,Matches
5eaed77a,8.0,7.0,0.0,0.0,0.0,1.0,0.0,0.0,0.0,0.0,0.0,0.0,0.0,0.0,Matches
44ac04e9,20.0,19.0,0.0,1.0,0.0,0.0,0.0,3.0,3.0,0.0,0.0,0.0,0.0,0.0,Matches
ab1ca213,26.0,15.0,7.0,0.0,4.0,0.0,0.0,2.0,2.0,0.0,0.0,0.0,0.0,0.0,Matches
983ff2c7,17.0,11.0,4.0,1.0,1.0,0.0,0.0,2.0,1.0,1.0,0.0,0.0,0.0,0.0,Matches
d3298c99,28.0,17.0,7.0,0.0,0.0,1.0,3.0,1.0,0.0,1.0,0.0,0.0,0.0,0.0,Matches
0375723e,22.0,12.0,7.0,1.0,0.0,1.0,1.0,0.0,0.0,0.0,0.0,0.0,0.0,0.0,Matches
33ecf462,30.0,22.0,2.0,0.0,2.0,2.0,2.0,0.0,0.0,0.0,0.0,0.0,0.0,0.0,Matches
77d6fd4d,6.0,6.0,0.0,0.0,0.0,0.0,0.0,0.0,0.0,0.0,0.0,0.0,0.0,0.0,Matches
75e60d75,0.0,0.0,0.0,0.0,0.0,0.0,0.0,0.0,0.0,0.0,0.0,0.0,0.0,0.0,Matches
75e60d75,0.0,0.0,0.0,0.0,0.0,0.0,0.0,0.0,0.0,0.0,0.0,0.0,0.0,0.0,Matches
ec5dae45,5.0,5.0,0.0,0.0,0.0,0.0,0.0,1.0,1.0,0.0,0.0,0.0,0.0,0.0,Matches
ec5dae45,2.0,2.0,0.0,0.0,0.0,0.0,0.0,0.0,0.0,0.0,0.0,0.0,0.0,0.0,Matches
a14d0ab0,0.0,0.0,0.0,0.0,0.0,0.0,0.0,0.0,0.0,0.0,0.0,0.0,0.0,0.0,Matches
c7069d87,38.0,25.0,7.0,3.0,0.0,3.0,0.0,3.0,3.0,0.0,0.0,0.0,0.0,0.0,Matches
bdc74a8f,9.0,7.0,1.0,0.0,0.0,1.0,0.0,0.0,0.0,0.0,0.0,0.0,0.0,0.0,Matches
08eb3b58,4.0,3.0,0.0,1.0,0.0,0.0,0.0,1.0,1.0,0.0,0.0,0.0,0.0,0.0,Matches
79443529,32.0,21.0,0.0,3.0,5.0,3.0,0.0,3.0,1.0,0.0,0.0,1.0,1.0,0.0,Matches
aa8e289e,78.0,64.0,4.0,3.0,5.0,1.0,1.0,4.0,3.0,0.0,0.0,0.0,1.0,0.0,Matches
b3ef6517,2.0,2.0,0.0,0.0,0.0,0.0,0.0,0.0,0.0,0.0,0.0,0.0,0.0,0.0,Matches
be2706c0,36.0,30.0,3.0,3.0,0.0,0.0,0.0,7.0,6.0,0.0,1.0,0.0,0.0,0.0,Matches
72f87f25,6.0,5.0,1.0,0.0,0.0,0.0,0.0,1.0,1.0,0.0,0.0,0.0,0.0,0.0,Matches
f052fb01,3.0,2.0,0.0,1.0,0.0,0.0,0.0,0.0,0.0,0.0,0.0,0.0,0.0,0.0,Matches
f86cd5df,1.0,1.0,0.0,0.0,0.0,0.0,0.0,0.0,0.0,0.0,0.0,0.0,0.0,0.0,Matches
d0d8dd44,7.0,6.0,0.0,0.0,0.0,0.0,1.0,0.0,0.0,0.0,0.0,0.0,0.0,0.0,Matches
26db8853,37.0,31.0,1.0,0.0,3.0,2.0,0.0,4.0,3.0,0.0,0.0,0.0,1.0,0.0,Matches
217875a4,1.0,1.0,0.0,0.0,0.0,0.0,0.0,0.0,0.0,0.0,0.0,0.0,0.0,0.0,Matches
eb58eef0,1.0,1.0,0.0,0.0,0.0,0.0,0.0,0.0,0.0,0.0,0.0,0.0,0.0,0.0,Matches
2f7acede,12.0,7.0,4.0,0.0,1.0,0.0,0.0,0.0,0.0,0.0,0.0,0.0,0.0,0.0,Matches
1bfe5ac9,1.0,0.0,0.0,0.0,1.0,0.0,0.0,1.0,0.0,0.0,0.0,1.0,0.0,0.0,Matches
ee9040b4,3.0,3.0,0.0,0.0,0.0,0.0,0.0,0.0,0.0,0.0,0.0,0.0,0.0,0.0,Matches
d85c238b,53.0,36.0,1.0,5.0,5.0,5.0,1.0,7.0,5.0,1.0,0.0,1.0,0.0,0.0,Matches
384d58d9,1.0,1.0,0.0,0.0,0.0,0.0,0.0,0.0,0.0,0.0,0.0,0.0,0.0,0.0,Matches
45191c29,31.0,21.0,5.0,2.0,2.0,0.0,1.0,5.0,4.0,1.0,0.0,0.0,0.0,0.0,Matches
6bb2c084,48.0,41.0,0.0,0.0,3.0,1.0,3.0,7.0,7.0,0.0,0.0,0.0,0.0,0.0,Matches
5e834dce,34.0,19.0,6.0,2.0,3.0,2.0,2.0,0.0,0.0,0.0,0.0,0.0,0.0,0.0,Matches
9907b1c8,27.0,19.0,0.0,1.0,4.0,3.0,0.0,1.0,1.0,0.0,0.0,0.0,0.0,0.0,Matches
3b12b11f,9.0,8.0,0.0,1.0,0.0,0.0,0.0,0.0,0.0,0.0,0.0,0.0,0.0,0.0,Matches
3b12b11f,1.0,1.0,0.0,0.0,0.0,0.0,0.0,0.0,0.0,0.0,0.0,0.0,0.0,0.0,Matches
d3de9af0,20.0,16.0,0.0,2.0,0.0,1.0,1.0,3.0,2.0,0.0,0.0,0.0,1.0,0.0,Matches
7fe90ccd,11.0,8.0,0.0,1.0,1.0,1.0,0.0,3.0,2.0,0.0,0.0,1.0,0.0,0.0,Matches
58a2e9f6,0.0,0.0,0.0,0.0,0.0,0.0,0.0,0.0,0.0,0.0,0.0,0.0,0.0,0.0,Matches
d19ef4ef,0.0,0.0,0.0,0.0,0.0,0.0,0.0,0.0,0.0,0.0,0.0,0.0,0.0,0.0,Matches
a5296e55,80.0,49.0,21.0,2.0,3.0,5.0,0.0,8.0,5.0,2.0,0.0,1.0,0.0,0.0,Matches
acf7e795,4.0,4.0,0.0,0.0,0.0,0.0,0.0,0.0,0.0,0.0,0.0,0.0,0.0,0.0,Matches
028e70b9,21.0,13.0,0.0,4.0,4.0,0.0,0.0,3.0,3.0,0.0,0.0,0.0,0.0,0.0,Matches
cc1a0c57,1.0,1.0,0.0,0.0,0.0,0.0,0.0,0.0,0.0,0.0,0.0,0.0,0.0,0.0,Matches
82598b71,8.0,5.0,0.0,2.0,1.0,0.0,0.0,1.0,1.0,0.0,0.0,0.0,0.0,0.0,Matches
82598b71,8.0,6.0,1.0,1.0,0.0,0.0,0.0,0.0,0.0,0.0,0.0,0.0,0.0,0.0,Matches
54f6afe3,0.0,0.0,0.0,0.0,0.0,0.0,0.0,0.0,0.0,0.0,0.0,0.0,0.0,0.0,Matches
4e1d5e59,2.0,2.0,0.0,0.0,0.0,0.0,0.0,1.0,1.0,0.0,0.0,0.0,0.0,0.0,Matches
4e1d5e59,0.0,0.0,0.0,0.0,0.0,0.0,0.0,0.0,0.0,0.0,0.0,0.0,0.0,0.0,Matches
405f6586,22.0,18.0,0.0,0.0,2.0,2.0,0.0,1.0,1.0,0.0,0.0,0.0,0.0,0.0,Matches
eccbe56a,52.0,35.0,7.0,2.0,2.0,5.0,1.0,1.0,1.0,0.0,0.0,0.0,0.0,0.0,Matches
