id,GA,PKA,FK,CK,OG,PSxG,PSxG+/-,Cmp,Att,Att.1,Thr,Att.2,Opp,Stp,#OPA,TotLen,TotLen.1,TotDist
65d62814,1,0,0.0,0.0,0.0,1.2,0.2,4.0,17.0,69.0,11.0,13.0,20.0,2.0,1.0,2063.1,262.6,13.0
9e17ccff,3,0,1.0,0.0,0.0,1.7,-1.3,9.0,27.0,34.0,4.0,10.0,17.0,1.0,0.0,1438.2,659.0,0.0
dbd1b101,1,0,0.0,0.0,0.0,1.0,0.0,4.0,20.0,34.0,7.0,10.0,15.0,0.0,1.0,1264.8,613.0,18.0
072e68ed,7,1,0.0,0.0,0.0,5.8,-1.2,23.0,68.0,143.0,27.0,30.0,39.0,3.0,11.0,5291.0,1365.0,217.8
8a2248b4,6,0,0.0,1.0,0.0,7.6,1.6,31.0,101.0,139.0,19.0,58.0,73.0,3.0,1.0,5212.5,2644.8,12.5
53d93280,9,0,0.0,0.0,0.0,7.9,-1.1,25.0,67.0,184.0,31.0,44.0,62.0,7.0,5.0,5648.8,1804.0,60.0
5e8936be,11,1,1.0,2.0,1.0,6.5,-3.5,30.0,88.0,162.0,23.0,43.0,65.0,4.0,5.0,5913.0,1483.5,80.5
f6798fc3,0,0,0.0,0.0,0.0,0.8,0.8,6.0,15.0,36.0,2.0,5.0,14.0,0.0,1.0,1137.6,284.0,13.5
1e064bfb,3,0,1.0,0.0,0.0,2.7,-0.3,12.0,28.0,60.0,11.0,20.0,25.0,1.0,0.0,1980.0,804.0,0.0
10072610,4,1,1.0,1.0,0.0,4.2,0.2,24.0,74.0,116.0,26.0,25.0,63.0,5.0,3.0,4651.6,1152.5,35.4
6115fddd,16,0,0.0,2.0,1.0,12.6,-2.4,36.0,95.0,195.0,23.0,59.0,87.0,2.0,4.0,6532.5,2301.0,51.6
eb2b33aa,4,0,0.0,0.0,0.0,0.0,0.0,0.0,0.0,0.0,0.0,0.0,0.0,0.0,0.0,0.0,0.0,0.0
f63a8347,6,1,0.0,1.0,0.0,6.2,0.2,33.0,113.0,149.0,14.0,50.0,70.0,3.0,3.0,6287.8,2680.0,30.0
2edbd8d5,3,0,0.0,0.0,0.0,1.8,-1.2,4.0,23.0,14.0,1.0,15.0,12.0,0.0,0.0,771.4,778.5,0.0
a04e2dd2,5,0,0.0,0.0,0.0,5.0,0.0,14.0,39.0,49.0,14.0,18.0,36.0,0.0,1.0,2111.9,847.8,13.0
a9107589,6,2,0.0,1.0,0.0,8.5,2.5,27.0,63.0,101.0,28.0,38.0,69.0,5.0,3.0,3605.7,1884.8,45.9
4030c7ae,9,1,0.0,0.0,0.0,9.6,0.6,28.0,74.0,149.0,34.0,56.0,114.0,0.0,4.0,5095.8,1943.2,49.6
ac295d9e,2,0,0.0,0.0,0.0,1.2,-0.8,11.0,33.0,38.0,2.0,5.0,18.0,2.0,1.0,1884.8,292.0,13.0
510c6a3f,1,0,0.0,0.0,0.0,0.9,-0.1,6.0,11.0,32.0,3.0,9.0,19.0,0.0,0.0,1062.4,123.3,0.0
54bb5c3f,6,0,0.0,1.0,0.0,4.6,-1.4,7.0,47.0,43.0,5.0,28.0,32.0,2.0,2.0,2038.2,1327.2,22.8
a92ab7be,2,0,0.0,0.0,0.0,3.6,1.6,29.0,79.0,181.0,20.0,37.0,39.0,2.0,4.0,5882.5,2149.7,56.0
7ba6d84e,6,2,0.0,1.0,0.0,8.9,2.9,20.0,62.0,194.0,33.0,43.0,67.0,2.0,8.0,5820.0,1642.6,144.0
37998008,0,0,0.0,0.0,0.0,0.1,0.1,2.0,10.0,7.0,0.0,4.0,11.0,0.0,0.0,396.2,277.2,0.0
60831426,10,0,0.0,1.0,1.0,11.5,2.5,25.0,77.0,216.0,30.0,49.0,72.0,2.0,10.0,6372.0,2082.5,162.0
10161491,13,1,0.0,1.0,1.0,11.4,-0.6,28.0,93.0,176.0,32.0,64.0,71.0,4.0,0.0,6283.2,2451.2,0.0
ad3389d5,5,1,0.0,0.0,1.0,3.0,-1.0,5.0,15.0,52.0,12.0,14.0,35.0,3.0,0.0,1565.2,404.6,0.0
ff74841d,2,0,0.0,0.0,0.0,3.0,1.0,8.0,19.0,38.0,10.0,12.0,38.0,3.0,1.0,1219.8,406.8,9.4
60713cb3,7,1,0.0,1.0,0.0,8.9,1.9,32.0,112.0,118.0,18.0,50.0,78.0,2.0,0.0,5699.4,2750.0,0.0
4e7db402,15,2,0.0,1.0,1.0,14.6,0.6,43.0,116.0,170.0,34.0,62.0,98.0,0.0,5.0,6188.0,3310.8,63.5
939bc634,13,1,0.0,3.0,1.0,11.9,-0.1,40.0,130.0,224.0,27.0,71.0,104.0,4.0,5.0,8624.0,3322.8,70.0
1d2d5cc8,8,2,0.0,0.0,1.0,6.3,-0.7,36.0,98.0,194.0,21.0,40.0,70.0,5.0,2.0,6634.8,2036.0,21.0
ef3909cd,7,1,0.0,1.0,0.0,9.0,2.0,15.0,67.0,179.0,45.0,44.0,95.0,9.0,8.0,5549.0,1570.8,116.8
99351886,7,0,0.0,0.0,0.0,7.4,0.4,37.0,91.0,175.0,23.0,37.0,78.0,3.0,7.0,6545.0,1735.3,109.9
0880e10b,4,0,0.0,1.0,0.0,3.1,-0.9,7.0,27.0,56.0,11.0,23.0,24.0,0.0,1.0,1820.0,936.1,13.3
afb0c500,13,1,1.0,2.0,1.0,11.9,-0.1,46.0,99.0,204.0,41.0,67.0,69.0,5.0,12.0,6466.8,2780.5,206.4
be855308,9,2,0.0,0.0,0.0,7.8,-1.2,20.0,55.0,197.0,30.0,45.0,64.0,3.0,2.0,5673.6,1656.0,28.6
4c5039bd,1,0,0.0,1.0,0.0,2.0,1.0,8.0,46.0,57.0,11.0,30.0,47.0,6.0,6.0,2451.0,1152.0,88.2
79b0d6a0,6,0,0.0,0.0,0.0,4.1,-1.9,22.0,51.0,133.0,31.0,36.0,48.0,5.0,2.0,4349.1,1166.4,22.2
00b86f5e,10,1,0.0,1.0,1.0,9.1,0.1,35.0,101.0,148.0,24.0,55.0,91.0,3.0,4.0,5994.0,2117.5,50.0
277da414,11,2,0.0,0.0,0.0,9.9,-1.1,35.0,66.0,201.0,31.0,47.0,48.0,3.0,16.0,6351.6,1508.7,302.4
466fb2c5,2,0,0.0,1.0,0.0,1.8,-0.2,12.0,32.0,60.0,9.0,8.0,14.0,1.0,4.0,2268.0,467.2,71.2
374ee424,2,0,0.0,0.0,0.0,3.4,1.4,35.0,72.0,183.0,18.0,24.0,44.0,1.0,4.0,6057.3,820.8,64.8
625c144a,3,1,0.0,1.0,0.0,3.7,0.7,3.0,13.0,47.0,9.0,10.0,29.0,2.0,0.0,1339.5,425.0,0.0
a70b8345,3,0,0.0,0.0,0.0,4.2,1.2,52.0,141.0,237.0,24.0,48.0,82.0,8.0,10.0,8532.0,2486.4,175.0
595ccab1,5,2,0.0,0.0,0.0,5.7,0.7,33.0,74.0,184.0,28.0,44.0,70.0,2.0,5.0,5759.2,2151.6,70.5
b69dfb42,10,1,0.0,1.0,0.0,7.9,-2.1,27.0,63.0,150.0,24.0,47.0,56.0,0.0,7.0,5145.0,1616.8,105.7
ea83bfa6,0,0,0.0,0.0,0.0,0.3,0.3,2.0,3.0,22.0,5.0,6.0,4.0,0.0,0.0,462.0,154.8,0.0
bcf5058a,2,0,0.0,0.0,0.0,1.7,-0.3,6.0,10.0,21.0,7.0,8.0,7.0,0.0,2.0,623.7,316.8,27.6
01b8a2b2,1,0,0.0,0.0,0.0,0.8,-0.2,2.0,11.0,34.0,6.0,9.0,35.0,2.0,1.0,1016.6,187.2,13.4
31139973,3,1,0.0,0.0,0.0,3.1,0.1,2.0,6.0,14.0,4.0,5.0,11.0,0.0,1.0,463.4,170.0,42.0
6f51e382,4,0,0.0,0.0,1.0,3.0,0.0,9.0,14.0,76.0,16.0,14.0,15.0,2.0,0.0,2036.8,369.6,0.0
41f0b196,3,0,0.0,1.0,0.0,3.6,0.6,15.0,32.0,79.0,6.0,9.0,30.0,1.0,3.0,2480.6,484.2,42.0
4a51ba65,1,1,0.0,0.0,0.0,2.6,1.6,24.0,55.0,116.0,18.0,17.0,26.0,2.0,11.0,3897.6,790.5,191.4
9052e98c,5,0,0.0,0.0,0.0,2.9,-2.1,9.0,30.0,64.0,7.0,10.0,24.0,0.0,2.0,2220.8,387.0,45.2
cfd68aa7,6,1,0.0,0.0,0.0,8.8,2.8,7.0,51.0,83.0,18.0,51.0,46.0,1.0,0.0,2672.6,1927.8,0.0
7b456af7,5,0,0.0,1.0,0.0,3.3,-1.7,3.0,18.0,51.0,12.0,20.0,36.0,5.0,1.0,1392.3,860.0,8.6
