id,Tkl,TklW,Def 3rd,Mid 3rd,Att 3rd,Tkl.1,Att,Lost,Blocks,Sh,Pass,Int,Tkl+Int,Clr,Err
7f9c5d2d,11.0,8,9.0,2.0,0.0,7.0,11.0,4.0,4.0,2.0,2.0,6,17.0,14.0,0.0
be6faae0,0.0,0,0.0,0.0,0.0,0.0,0.0,0.0,0.0,0.0,0.0,0,0.0,0.0,0.0
81442ecb,40.0,21,24.0,12.0,4.0,22.0,32.0,10.0,11.0,5.0,6.0,17,57.0,15.0,0.0
a2c1a8d3,0.0,0,0.0,0.0,0.0,0.0,0.0,0.0,0.0,0.0,0.0,0,0.0,0.0,0.0
014aa7bd,14.0,7,7.0,5.0,2.0,9.0,15.0,6.0,11.0,3.0,8.0,9,23.0,8.0,0.0
18abe173,40.0,27,25.0,14.0,1.0,13.0,18.0,5.0,21.0,11.0,10.0,19,59.0,97.0,0.0
06efa9dc,27.0,16,19.0,6.0,2.0,12.0,17.0,5.0,22.0,6.0,16.0,13,40.0,34.0,0.0
31f5b89b,9.0,5,7.0,2.0,0.0,7.0,9.0,2.0,0.0,0.0,0.0,5,14.0,2.0,1.0
05439de2,13.0,10,6.0,4.0,3.0,8.0,13.0,5.0,15.0,8.0,7.0,12,25.0,28.0,1.0
455c26a4,0.0,0,0.0,0.0,0.0,0.0,1.0,1.0,0.0,0.0,0.0,0,0.0,0.0,0.0
99ea2ddd,3.0,2,0.0,2.0,1.0,1.0,2.0,1.0,1.0,0.0,1.0,2,5.0,2.0,0.0
4601e194,18.0,14,10.0,8.0,0.0,11.0,22.0,11.0,8.0,3.0,5.0,7,25.0,16.0,0.0
4bd414c1,22.0,14,15.0,6.0,1.0,12.0,14.0,2.0,16.0,12.0,4.0,13,35.0,91.0,0.0
036bba5f,30.0,20,17.0,13.0,0.0,14.0,34.0,20.0,12.0,3.0,9.0,9,39.0,20.0,0.0
bb08bce9,16.0,8,10.0,6.0,0.0,11.0,18.0,7.0,10.0,7.0,3.0,12,28.0,41.0,0.0
3d7e48ce,25.0,17,14.0,7.0,4.0,15.0,30.0,15.0,12.0,1.0,11.0,2,27.0,7.0,1.0
6c811eb7,17.0,10,6.0,6.0,5.0,4.0,25.0,21.0,13.0,1.0,12.0,4,21.0,14.0,0.0
b907d169,0.0,0,0.0,0.0,0.0,0.0,0.0,0.0,0.0,0.0,0.0,0,0.0,0.0,0.0
acc1aefa,19.0,9,11.0,8.0,0.0,15.0,24.0,9.0,13.0,5.0,8.0,3,22.0,7.0,0.0
f8405304,5.0,3,4.0,1.0,0.0,0.0,2.0,2.0,6.0,0.0,6.0,2,7.0,2.0,0.0
e6697917,36.0,25,9.0,20.0,7.0,14.0,25.0,11.0,14.0,0.0,14.0,11,47.0,10.0,0.0
f4290206,8.0,5,5.0,3.0,0.0,5.0,6.0,1.0,8.0,7.0,1.0,7,15.0,17.0,0.0
629081bd,0.0,1,0.0,0.0,0.0,0.0,0.0,0.0,0.0,0.0,0.0,0,0.0,0.0,0.0
852ddfb8,21.0,14,15.0,6.0,0.0,11.0,21.0,10.0,11.0,4.0,7.0,11,32.0,26.0,0.0
3ecc11d8,25.0,18,20.0,4.0,1.0,18.0,22.0,4.0,17.0,11.0,6.0,37,62.0,74.0,0.0
00eba9c9,4.0,3,2.0,2.0,0.0,1.0,2.0,1.0,0.0,0.0,0.0,1,5.0,0.0,0.0
f3b1d9a2,17.0,10,7.0,4.0,6.0,8.0,12.0,4.0,3.0,0.0,3.0,3,20.0,2.0,0.0
22721b88,3.0,2,3.0,0.0,0.0,1.0,3.0,2.0,3.0,0.0,3.0,4,7.0,7.0,0.0
fdd26d71,8.0,6,5.0,2.0,1.0,6.0,12.0,6.0,7.0,3.0,4.0,6,14.0,10.0,0.0
c93231dc,4.0,4,0.0,1.0,3.0,0.0,0.0,0.0,5.0,2.0,3.0,3,7.0,3.0,0.0
58afe001,14.0,6,9.0,4.0,1.0,3.0,17.0,14.0,18.0,5.0,13.0,11,25.0,17.0,0.0
2bef2bca,16.0,11,9.0,7.0,0.0,2.0,3.0,1.0,6.0,2.0,4.0,9,25.0,20.0,0.0
1e465e70,0.0,0,0.0,0.0,0.0,0.0,0.0,0.0,0.0,0.0,0.0,0,0.0,0.0,0.0
6091cf45,1.0,1,0.0,1.0,0.0,1.0,1.0,0.0,0.0,0.0,0.0,0,1.0,0.0,0.0
5d133e96,0.0,0,0.0,0.0,0.0,0.0,0.0,0.0,1.0,0.0,1.0,0,0.0,0.0,0.0
759d8dd7,8.0,7,6.0,1.0,1.0,7.0,20.0,13.0,10.0,1.0,9.0,1,9.0,11.0,1.0
9f0ea33f,0.0,0,0.0,0.0,0.0,0.0,0.0,0.0,0.0,0.0,0.0,0,0.0,8.0,2.0
45af8a54,9.0,6,5.0,4.0,0.0,3.0,7.0,4.0,5.0,1.0,4.0,2,11.0,2.0,0.0
7dcf86f6,4.0,1,0.0,2.0,2.0,1.0,9.0,8.0,8.0,1.0,7.0,5,9.0,13.0,0.0
d5dd5f1f,0.0,0,0.0,0.0,0.0,0.0,0.0,0.0,0.0,0.0,0.0,0,0.0,0.0,0.0
9fec8860,0.0,0,0.0,0.0,0.0,0.0,1.0,1.0,0.0,0.0,0.0,0,0.0,3.0,0.0
253a06b9,6.0,4,2.0,3.0,1.0,4.0,18.0,14.0,7.0,1.0,6.0,6,12.0,13.0,0.0
bfd381b3,22.0,11,10.0,12.0,0.0,9.0,16.0,7.0,9.0,1.0,8.0,7,29.0,17.0,0.0
075fe5a3,20.0,10,15.0,5.0,0.0,10.0,20.0,10.0,14.0,10.0,4.0,15,35.0,55.0,0.0
114bbdee,7.0,6,4.0,2.0,1.0,5.0,7.0,2.0,5.0,1.0,4.0,6,13.0,17.0,0.0
e4346678,1.0,0,1.0,0.0,0.0,1.0,2.0,1.0,0.0,0.0,0.0,0,1.0,11.0,2.0
518f2234,19.0,10,6.0,8.0,5.0,11.0,23.0,12.0,9.0,3.0,6.0,5,24.0,12.0,0.0
5ccc9672,27.0,19,17.0,8.0,2.0,14.0,20.0,6.0,18.0,2.0,16.0,9,36.0,12.0,0.0
1fe67e86,2.0,2,0.0,1.0,1.0,2.0,2.0,0.0,0.0,0.0,0.0,1,3.0,1.0,0.0
cee88597,28.0,18,14.0,13.0,1.0,10.0,14.0,4.0,14.0,2.0,12.0,17,45.0,54.0,1.0
35f6db55,22.0,14,9.0,10.0,3.0,9.0,19.0,10.0,8.0,0.0,8.0,17,39.0,8.0,0.0
03049c8c,7.0,3,4.0,1.0,2.0,3.0,7.0,4.0,5.0,2.0,3.0,11,18.0,5.0,0.0
aad53e64,3.0,1,1.0,1.0,1.0,0.0,3.0,3.0,2.0,0.0,2.0,3,6.0,2.0,0.0
200e89e1,10.0,7,9.0,1.0,0.0,5.0,13.0,8.0,5.0,1.0,4.0,4,14.0,5.0,0.0
45736cec,12.0,8,2.0,8.0,2.0,6.0,10.0,4.0,5.0,0.0,5.0,6,18.0,2.0,0.0
d637fc22,12.0,5,7.0,5.0,0.0,6.0,12.0,6.0,15.0,7.0,8.0,5,17.0,18.0,0.0
d8712bf9,0.0,0,0.0,0.0,0.0,0.0,2.0,2.0,1.0,0.0,1.0,0,0.0,0.0,0.0
f874dd44,2.0,0,0.0,2.0,0.0,2.0,3.0,1.0,2.0,0.0,2.0,3,5.0,2.0,0.0
ed5c5fa3,21.0,14,9.0,9.0,3.0,7.0,30.0,23.0,16.0,4.0,12.0,32,53.0,21.0,2.0
70d74ece,7.0,4,2.0,2.0,3.0,1.0,6.0,5.0,8.0,0.0,8.0,1,8.0,3.0,0.0
b6e50615,24.0,14,12.0,10.0,2.0,12.0,20.0,8.0,20.0,6.0,14.0,20,44.0,29.0,1.0
dc1c2fce,36.0,23,10.0,15.0,11.0,15.0,34.0,19.0,18.0,1.0,17.0,4,40.0,5.0,0.0
697295b1,23.0,12,17.0,6.0,0.0,10.0,17.0,7.0,14.0,6.0,8.0,23,46.0,59.0,0.0
47c609d5,4.0,3,2.0,1.0,1.0,0.0,2.0,2.0,5.0,1.0,4.0,1,5.0,20.0,0.0
506daeac,6.0,4,5.0,1.0,0.0,4.0,6.0,2.0,5.0,0.0,5.0,1,7.0,3.0,0.0
1657f448,6.0,2,4.0,1.0,1.0,4.0,5.0,1.0,4.0,1.0,3.0,1,7.0,4.0,0.0
0da6a13e,13.0,11,5.0,6.0,2.0,6.0,18.0,12.0,7.0,1.0,6.0,3,16.0,5.0,0.0
7f271d74,2.0,1,2.0,0.0,0.0,2.0,3.0,1.0,3.0,2.0,1.0,0,2.0,3.0,0.0
f6798fc3,1.0,1,1.0,0.0,0.0,1.0,4.0,3.0,0.0,0.0,0.0,1,2.0,8.0,1.0
d49f3e6b,23.0,11,8.0,9.0,6.0,12.0,20.0,8.0,25.0,5.0,20.0,9,32.0,27.0,0.0
fd771f95,9.0,1,2.0,3.0,4.0,5.0,9.0,4.0,9.0,0.0,9.0,3,12.0,8.0,0.0
2475cf9b,16.0,10,9.0,5.0,2.0,4.0,8.0,4.0,11.0,4.0,7.0,11,27.0,35.0,0.0
4accb7e0,24.0,16,10.0,10.0,4.0,9.0,17.0,8.0,11.0,2.0,9.0,12,36.0,9.0,0.0
10072610,0.0,0,0.0,0.0,0.0,0.0,0.0,0.0,0.0,0.0,0.0,1,1.0,0.0,0.0
7b5ab7f2,5.0,3,3.0,1.0,1.0,1.0,5.0,4.0,3.0,0.0,3.0,1,6.0,5.0,0.0
8f3565b3,10.0,4,0.0,6.0,4.0,0.0,4.0,4.0,6.0,0.0,6.0,2,12.0,12.0,0.0
edc98fac,42.0,23,26.0,16.0,0.0,17.0,19.0,2.0,21.0,15.0,6.0,24,66.0,62.0,0.0
5ab0ea87,39.0,19,15.0,19.0,5.0,18.0,30.0,12.0,19.0,5.0,14.0,17,56.0,21.0,2.0
69cbc8b6,23.0,12,16.0,7.0,0.0,14.0,19.0,5.0,27.0,20.0,7.0,29,52.0,80.0,2.0
fe05804b,2.0,1,1.0,1.0,0.0,1.0,2.0,1.0,2.0,1.0,1.0,1,3.0,12.0,0.0
41b3069f,36.0,20,21.0,12.0,3.0,18.0,24.0,6.0,24.0,9.0,15.0,8,44.0,40.0,0.0
af34f10d,2.0,2,1.0,1.0,0.0,2.0,3.0,1.0,0.0,0.0,0.0,1,3.0,4.0,0.0
7b9c2d84,36.0,26,13.0,13.0,10.0,10.0,30.0,20.0,14.0,3.0,11.0,11,47.0,14.0,0.0
873619c6,11.0,7,3.0,6.0,2.0,3.0,9.0,6.0,5.0,0.0,5.0,1,12.0,17.0,0.0
a6de370d,18.0,10,8.0,6.0,4.0,10.0,19.0,9.0,13.0,0.0,13.0,9,27.0,7.0,0.0
37f1cf47,0.0,0,0.0,0.0,0.0,0.0,0.0,0.0,1.0,0.0,1.0,0,0.0,0.0,0.0
5acc4a10,18.0,10,5.0,12.0,1.0,9.0,13.0,4.0,8.0,2.0,6.0,14,32.0,18.0,1.0
c4b888df,51.0,37,32.0,15.0,4.0,31.0,42.0,11.0,20.0,8.0,12.0,12,63.0,48.0,0.0
688b96e3,0.0,0,0.0,0.0,0.0,0.0,0.0,0.0,0.0,0.0,0.0,1,1.0,7.0,1.0
5b93209a,0.0,0,0.0,0.0,0.0,0.0,0.0,0.0,0.0,0.0,0.0,0,0.0,0.0,0.0
5b93209a,5.0,3,2.0,2.0,1.0,3.0,3.0,0.0,1.0,0.0,1.0,2,7.0,5.0,0.0
2dce876a,15.0,9,7.0,5.0,3.0,6.0,13.0,7.0,10.0,2.0,8.0,7,22.0,7.0,0.0
2dce876a,13.0,11,5.0,3.0,5.0,9.0,15.0,6.0,10.0,6.0,4.0,7,20.0,17.0,1.0
de39485a,19.0,11,10.0,8.0,1.0,12.0,26.0,14.0,13.0,1.0,12.0,4,23.0,12.0,0.0
4958bfb2,25.0,14,11.0,10.0,4.0,13.0,22.0,9.0,17.0,5.0,12.0,13,38.0,29.0,0.0
dee86451,29.0,17,14.0,14.0,1.0,9.0,29.0,20.0,19.0,5.0,14.0,10,39.0,13.0,0.0
4d224fe8,0.0,0,0.0,0.0,0.0,0.0,0.0,0.0,0.0,0.0,0.0,0,0.0,1.0,0.0
da76bab4,8.0,4,1.0,4.0,3.0,0.0,9.0,9.0,16.0,2.0,14.0,5,13.0,17.0,0.0
130a7a3f,17.0,9,6.0,7.0,4.0,7.0,28.0,21.0,17.0,2.0,15.0,8,25.0,2.0,0.0
274ab13c,16.0,10,12.0,4.0,0.0,8.0,17.0,9.0,20.0,17.0,3.0,12,28.0,104.0,1.0
527f063d,4.0,1,2.0,0.0,2.0,1.0,6.0,5.0,7.0,2.0,5.0,1,5.0,5.0,0.0
c0617e2b,22.0,14,6.0,8.0,8.0,14.0,30.0,16.0,13.0,2.0,11.0,14,36.0,5.0,0.0
ae852b7d,0.0,0,0.0,0.0,0.0,0.0,0.0,0.0,0.0,0.0,0.0,0,0.0,0.0,0.0
5e1028e5,52.0,30,20.0,27.0,5.0,22.0,44.0,22.0,24.0,1.0,23.0,26,78.0,11.0,0.0
63c5e56b,1.0,1,0.0,0.0,1.0,0.0,1.0,1.0,1.0,0.0,1.0,0,1.0,5.0,0.0
873ce3a2,0.0,0,0.0,0.0,0.0,0.0,1.0,1.0,0.0,0.0,0.0,0,0.0,0.0,0.0
1cb49278,14.0,8,5.0,8.0,1.0,6.0,9.0,3.0,7.0,5.0,2.0,11,25.0,29.0,0.0
b8a642fc,12.0,6,6.0,1.0,5.0,5.0,12.0,7.0,10.0,0.0,10.0,8,20.0,12.0,0.0
ec1a731e,8.0,6,7.0,1.0,0.0,3.0,6.0,3.0,7.0,3.0,4.0,10,18.0,44.0,0.0
9a0408b6,31.0,24,9.0,18.0,4.0,11.0,24.0,13.0,17.0,9.0,8.0,18,49.0,25.0,0.0
33a61a52,39.0,27,28.0,10.0,1.0,14.0,22.0,8.0,14.0,4.0,10.0,11,50.0,40.0,1.0
85dace26,22.0,11,11.0,9.0,2.0,7.0,11.0,4.0,10.0,1.0,9.0,2,24.0,3.0,0.0
b3f62bfc,0.0,0,0.0,0.0,0.0,0.0,0.0,0.0,0.0,0.0,0.0,0,0.0,0.0,0.0
15937e17,26.0,17,18.0,8.0,0.0,12.0,22.0,10.0,19.0,6.0,13.0,21,47.0,58.0,1.0
5ae499d0,42.0,26,17.0,24.0,1.0,24.0,43.0,19.0,17.0,1.0,16.0,18,60.0,9.0,0.0
0f26ffd7,30.0,18,18.0,11.0,1.0,13.0,16.0,3.0,22.0,8.0,14.0,29,59.0,55.0,1.0
a6951bf8,18.0,13,7.0,9.0,2.0,7.0,7.0,0.0,8.0,2.0,6.0,9,27.0,7.0,0.0
fb938d24,1.0,0,1.0,0.0,0.0,0.0,0.0,0.0,0.0,0.0,0.0,0,1.0,0.0,0.0
01eb744d,5.0,2,2.0,2.0,1.0,3.0,11.0,8.0,11.0,0.0,11.0,9,14.0,4.0,0.0
c78b352d,43.0,29,27.0,15.0,1.0,19.0,31.0,12.0,15.0,1.0,14.0,16,59.0,37.0,2.0
808d48f3,30.0,20,16.0,8.0,6.0,18.0,27.0,9.0,10.0,3.0,7.0,8,38.0,25.0,0.0
76c2a023,42.0,22,22.0,16.0,4.0,20.0,42.0,22.0,17.0,5.0,12.0,24,66.0,30.0,1.0
1840e36d,1.0,0,1.0,0.0,0.0,1.0,1.0,0.0,0.0,0.0,0.0,0,1.0,3.0,1.0
1944818c,19.0,13,8.0,8.0,3.0,9.0,14.0,5.0,5.0,2.0,3.0,4,23.0,2.0,0.0
a56da3ba,17.0,9,12.0,2.0,3.0,11.0,19.0,8.0,12.0,6.0,6.0,10,27.0,38.0,0.0
cc2dd8a5,1.0,0,0.0,1.0,0.0,1.0,3.0,2.0,1.0,0.0,1.0,0,1.0,0.0,0.0
0abc51f2,6.0,4,4.0,2.0,0.0,1.0,2.0,1.0,6.0,5.0,1.0,5,11.0,28.0,0.0
192c89a6,5.0,2,2.0,1.0,2.0,2.0,5.0,3.0,2.0,1.0,1.0,2,7.0,1.0,0.0
dc62b55d,4.0,1,1.0,3.0,0.0,0.0,3.0,3.0,4.0,1.0,3.0,2,6.0,3.0,0.0
f9a225f5,2.0,0,1.0,1.0,0.0,1.0,2.0,1.0,0.0,0.0,0.0,0,2.0,0.0,0.0
f08490a6,3.0,3,1.0,0.0,2.0,1.0,2.0,1.0,0.0,0.0,0.0,0,3.0,1.0,1.0
070a3904,43.0,22,9.0,24.0,10.0,17.0,34.0,17.0,18.0,0.0,18.0,16,59.0,18.0,0.0
162efffd,18.0,9,5.0,12.0,1.0,9.0,15.0,6.0,12.0,3.0,9.0,4,22.0,3.0,0.0
84a85b48,0.0,0,0.0,0.0,0.0,0.0,0.0,0.0,0.0,0.0,0.0,0,0.0,0.0,0.0
fe641c1a,4.0,2,0.0,4.0,0.0,3.0,5.0,2.0,3.0,2.0,1.0,4,8.0,3.0,0.0
e7d2a50b,0.0,0,0.0,0.0,0.0,0.0,0.0,0.0,0.0,0.0,0.0,0,0.0,0.0,0.0
b19db005,17.0,11,4.0,7.0,6.0,4.0,12.0,8.0,10.0,1.0,9.0,0,17.0,2.0,0.0
d2110326,17.0,8,12.0,5.0,0.0,8.0,12.0,4.0,23.0,13.0,10.0,13,30.0,44.0,1.0
80211dc5,2.0,1,2.0,0.0,0.0,1.0,2.0,1.0,2.0,0.0,2.0,0,2.0,0.0,0.0
d61759ec,2.0,0,1.0,1.0,0.0,1.0,3.0,2.0,5.0,0.0,5.0,1,3.0,1.0,0.0
fc70e345,0.0,0,0.0,0.0,0.0,0.0,0.0,0.0,2.0,0.0,2.0,0,0.0,11.0,3.0
a461f098,0.0,0,0.0,0.0,0.0,0.0,0.0,0.0,0.0,0.0,0.0,0,0.0,0.0,0.0
a4971d84,17.0,11,11.0,6.0,0.0,10.0,18.0,8.0,12.0,7.0,5.0,31,48.0,50.0,1.0
ac295d9e,0.0,0,0.0,0.0,0.0,0.0,0.0,0.0,0.0,0.0,0.0,0,0.0,2.0,0.0
cc83b74d,1.0,0,0.0,1.0,0.0,1.0,3.0,2.0,0.0,0.0,0.0,0,1.0,5.0,0.0
3521abfe,0.0,0,0.0,0.0,0.0,0.0,0.0,0.0,0.0,0.0,0.0,0,0.0,1.0,0.0
5e95c000,1.0,0,1.0,0.0,0.0,0.0,0.0,0.0,2.0,2.0,0.0,5,6.0,3.0,1.0
93090f69,22.0,15,17.0,5.0,0.0,17.0,22.0,5.0,23.0,18.0,5.0,28,50.0,103.0,0.0
6db116ec,0.0,0,0.0,0.0,0.0,0.0,0.0,0.0,2.0,1.0,1.0,1,1.0,2.0,0.0
37e103f8,9.0,6,1.0,4.0,4.0,5.0,10.0,5.0,2.0,0.0,2.0,1,10.0,4.0,1.0
3e93f8cf,11.0,8,4.0,6.0,1.0,5.0,14.0,9.0,8.0,3.0,5.0,4,15.0,10.0,0.0
f7dc2ae5,21.0,12,12.0,8.0,1.0,11.0,18.0,7.0,12.0,6.0,6.0,18,39.0,30.0,1.0
fd47b4f2,17.0,12,13.0,4.0,0.0,11.0,15.0,4.0,22.0,17.0,5.0,20,37.0,119.0,0.0
db8f0eba,33.0,16,11.0,20.0,2.0,12.0,21.0,9.0,16.0,0.0,16.0,6,39.0,3.0,0.0
db8f0eba,1.0,0,0.0,1.0,0.0,1.0,1.0,0.0,1.0,0.0,1.0,0,1.0,0.0,0.0
04e17fd5,10.0,7,2.0,5.0,3.0,3.0,6.0,3.0,3.0,1.0,2.0,3,13.0,7.0,0.0
3f79a1c8,17.0,8,6.0,10.0,1.0,5.0,11.0,6.0,5.0,1.0,4.0,6,23.0,5.0,0.0
b0616e3d,23.0,16,16.0,7.0,0.0,10.0,24.0,14.0,15.0,3.0,12.0,11,34.0,28.0,0.0
db001fa9,55.0,33,30.0,15.0,10.0,32.0,58.0,26.0,39.0,9.0,30.0,23,78.0,56.0,0.0
4242011c,4.0,0,1.0,3.0,0.0,2.0,4.0,2.0,12.0,7.0,5.0,5,9.0,41.0,2.0
283c7121,26.0,16,10.0,14.0,2.0,10.0,17.0,7.0,7.0,0.0,7.0,9,35.0,16.0,0.0
3409de86,16.0,9,8.0,4.0,4.0,7.0,12.0,5.0,6.0,0.0,6.0,5,21.0,2.0,0.0
bed68338,15.0,10,7.0,6.0,2.0,6.0,11.0,5.0,12.0,0.0,12.0,2,17.0,5.0,0.0
66116290,3.0,3,1.0,2.0,0.0,1.0,4.0,3.0,4.0,1.0,3.0,2,5.0,9.0,0.0
72a84002,18.0,11,11.0,7.0,0.0,10.0,14.0,4.0,14.0,9.0,5.0,5,23.0,53.0,1.0
805a2a11,0.0,0,0.0,0.0,0.0,0.0,0.0,0.0,1.0,0.0,1.0,0,0.0,1.0,0.0
0ba976e4,11.0,7,5.0,3.0,3.0,4.0,12.0,8.0,8.0,0.0,8.0,3,14.0,5.0,0.0
89151b16,4.0,2,1.0,3.0,0.0,3.0,4.0,1.0,9.0,9.0,0.0,5,9.0,27.0,0.0
bece776f,11.0,5,3.0,3.0,5.0,2.0,8.0,6.0,6.0,2.0,4.0,1,12.0,0.0,0.0
51a3c4c8,3.0,2,1.0,2.0,0.0,2.0,4.0,2.0,2.0,2.0,0.0,0,3.0,7.0,0.0
15d0c248,20.0,13,10.0,10.0,0.0,11.0,20.0,9.0,25.0,14.0,11.0,13,33.0,47.0,0.0
8aafd64f,10.0,7,2.0,3.0,5.0,1.0,6.0,5.0,1.0,0.0,1.0,3,13.0,2.0,0.0
e5d01ecf,8.0,5,6.0,1.0,1.0,5.0,8.0,3.0,11.0,5.0,6.0,14,22.0,19.0,0.0
a01c3d54,1.0,1,1.0,0.0,0.0,0.0,1.0,1.0,0.0,0.0,0.0,1,2.0,9.0,0.0
aa677a35,12.0,6,6.0,3.0,3.0,4.0,10.0,6.0,12.0,1.0,11.0,7,19.0,14.0,0.0
f127d782,0.0,0,0.0,0.0,0.0,0.0,0.0,0.0,0.0,0.0,0.0,0,0.0,7.0,2.0
e08647d6,3.0,3,1.0,2.0,0.0,0.0,6.0,6.0,1.0,0.0,1.0,2,5.0,2.0,0.0
f25b010f,1.0,1,1.0,0.0,0.0,1.0,1.0,0.0,0.0,0.0,0.0,2,3.0,12.0,0.0
b86a64b2,19.0,18,15.0,4.0,0.0,10.0,13.0,3.0,19.0,14.0,5.0,16,35.0,64.0,1.0
dabb2827,0.0,0,0.0,0.0,0.0,0.0,1.0,1.0,2.0,0.0,2.0,0,0.0,13.0,2.0
41f32541,23.0,16,10.0,11.0,2.0,11.0,15.0,4.0,15.0,7.0,8.0,19,42.0,23.0,0.0
eb82b6f1,7.0,4,4.0,3.0,0.0,2.0,14.0,12.0,4.0,0.0,4.0,2,9.0,1.0,0.0
45e17712,20.0,13,11.0,7.0,2.0,12.0,14.0,2.0,11.0,2.0,9.0,5,25.0,17.0,0.0
6c7762c3,29.0,17,16.0,11.0,2.0,16.0,23.0,7.0,14.0,3.0,11.0,11,40.0,35.0,0.0
29d0f2ac,29.0,19,18.0,9.0,2.0,19.0,23.0,4.0,10.0,2.0,8.0,13,42.0,27.0,0.0
a4b00319,74.0,52,43.0,28.0,3.0,28.0,57.0,29.0,34.0,1.0,33.0,24,98.0,34.0,0.0
91f7631f,36.0,27,19.0,14.0,3.0,12.0,27.0,15.0,14.0,7.0,7.0,16,52.0,15.0,0.0
a10361d2,31.0,15,7.0,15.0,9.0,12.0,23.0,11.0,22.0,8.0,14.0,28,59.0,29.0,1.0
90bbd822,33.0,19,14.0,7.0,12.0,6.0,15.0,9.0,22.0,2.0,20.0,16,49.0,14.0,0.0
e7f4603c,5.0,3,4.0,1.0,0.0,2.0,5.0,3.0,1.0,0.0,1.0,2,7.0,6.0,0.0
661e2822,0.0,0,0.0,0.0,0.0,0.0,0.0,0.0,0.0,0.0,0.0,0,0.0,2.0,0.0
240d3a0b,16.0,9,7.0,8.0,1.0,11.0,15.0,4.0,8.0,2.0,6.0,6,22.0,14.0,0.0
3e42f707,27.0,14,18.0,9.0,0.0,15.0,18.0,3.0,17.0,6.0,11.0,28,55.0,107.0,0.0
2bed3eab,17.0,11,11.0,4.0,2.0,5.0,8.0,3.0,16.0,7.0,9.0,14,31.0,25.0,1.0
7226539b,43.0,27,30.0,8.0,5.0,29.0,50.0,21.0,25.0,3.0,22.0,26,69.0,31.0,0.0
b418dbd4,9.0,6,2.0,2.0,5.0,3.0,8.0,5.0,6.0,1.0,5.0,4,13.0,8.0,0.0
5c96b017,13.0,5,8.0,4.0,1.0,6.0,17.0,11.0,13.0,1.0,12.0,7,20.0,10.0,0.0
4a633cfe,15.0,7,9.0,4.0,2.0,9.0,13.0,4.0,18.0,12.0,6.0,17,32.0,50.0,1.0
9a26fa06,1.0,0,0.0,1.0,0.0,0.0,0.0,0.0,1.0,1.0,0.0,1,2.0,4.0,0.0
475a738b,0.0,0,0.0,0.0,0.0,0.0,0.0,0.0,0.0,0.0,0.0,0,0.0,0.0,0.0
19cae58d,31.0,19,4.0,20.0,7.0,15.0,31.0,16.0,21.0,2.0,19.0,15,46.0,13.0,0.0
63d17038,0.0,0,0.0,0.0,0.0,0.0,1.0,1.0,0.0,0.0,0.0,0,0.0,5.0,4.0
6652cf96,36.0,19,18.0,13.0,5.0,16.0,26.0,10.0,23.0,6.0,17.0,18,54.0,33.0,1.0
18017beb,0.0,0,0.0,0.0,0.0,0.0,1.0,1.0,0.0,0.0,0.0,0,0.0,0.0,0.0
0e5ddc7c,2.0,1,1.0,1.0,0.0,1.0,1.0,0.0,0.0,0.0,0.0,1,3.0,0.0,0.0
4c2e9442,0.0,0,0.0,0.0,0.0,0.0,0.0,0.0,0.0,0.0,0.0,0,0.0,2.0,0.0
5a626448,20.0,12,7.0,12.0,1.0,13.0,26.0,13.0,10.0,3.0,7.0,7,27.0,4.0,1.0
6e4df551,5.0,4,2.0,3.0,0.0,1.0,3.0,2.0,4.0,1.0,3.0,4,9.0,5.0,0.0
bc6f5f06,17.0,9,11.0,6.0,0.0,11.0,12.0,1.0,15.0,7.0,8.0,16,33.0,80.0,0.0
4ac7608e,10.0,6,7.0,3.0,0.0,5.0,9.0,4.0,12.0,11.0,1.0,7,17.0,42.0,1.0
49d028db,17.0,11,11.0,5.0,1.0,10.0,15.0,5.0,10.0,8.0,2.0,17,34.0,78.0,0.0
1fc474ae,11.0,5,8.0,1.0,2.0,7.0,14.0,7.0,4.0,1.0,3.0,5,16.0,16.0,0.0
2c56a792,11.0,5,3.0,5.0,3.0,4.0,10.0,6.0,6.0,2.0,4.0,7,18.0,7.0,0.0
56545648,0.0,0,0.0,0.0,0.0,0.0,1.0,1.0,0.0,0.0,0.0,1,1.0,0.0,0.0
6f5f82c0,19.0,7,11.0,3.0,5.0,12.0,16.0,4.0,7.0,0.0,7.0,7,26.0,7.0,0.0
ee45d138,6.0,3,5.0,1.0,0.0,1.0,2.0,1.0,4.0,3.0,1.0,2,8.0,13.0,0.0
3f034750,0.0,0,0.0,0.0,0.0,0.0,0.0,0.0,0.0,0.0,0.0,0,0.0,3.0,0.0
8b298f56,17.0,8,4.0,10.0,3.0,7.0,11.0,4.0,9.0,1.0,8.0,6,23.0,7.0,0.0
df69b544,32.0,22,6.0,16.0,10.0,10.0,34.0,24.0,22.0,2.0,20.0,13,45.0,14.0,0.0
ef322658,23.0,14,11.0,12.0,0.0,8.0,21.0,13.0,9.0,4.0,5.0,12,35.0,16.0,0.0
32974271,12.0,7,6.0,5.0,1.0,2.0,4.0,2.0,6.0,0.0,6.0,2,14.0,7.0,0.0
32974271,2.0,2,0.0,1.0,1.0,1.0,2.0,1.0,1.0,0.0,1.0,0,2.0,2.0,0.0
0076ab7f,24.0,20,13.0,10.0,1.0,11.0,17.0,6.0,28.0,21.0,7.0,13,37.0,72.0,1.0
8e48dc61,2.0,0,0.0,1.0,1.0,0.0,1.0,1.0,3.0,1.0,2.0,1,3.0,2.0,0.0
7155e3e1,13.0,10,3.0,8.0,2.0,4.0,12.0,8.0,8.0,2.0,6.0,7,20.0,2.0,0.0
f7c12fbf,16.0,8,9.0,6.0,1.0,5.0,19.0,14.0,10.0,2.0,8.0,13,29.0,17.0,2.0
ac454a4f,26.0,14,14.0,11.0,1.0,10.0,25.0,15.0,20.0,7.0,13.0,16,42.0,25.0,0.0
6b5ea2f4,9.0,9,2.0,5.0,2.0,5.0,9.0,4.0,6.0,0.0,6.0,4,13.0,2.0,0.0
0b2c8585,14.0,8,6.0,7.0,1.0,7.0,16.0,9.0,8.0,2.0,6.0,7,21.0,5.0,0.0
7e98cff1,22.0,12,15.0,4.0,3.0,10.0,15.0,5.0,17.0,2.0,15.0,12,34.0,25.0,1.0
8696bc90,7.0,4,2.0,3.0,2.0,2.0,4.0,2.0,9.0,0.0,9.0,1,8.0,2.0,0.0
e0979e74,0.0,0,0.0,0.0,0.0,0.0,0.0,0.0,0.0,0.0,0.0,0,0.0,0.0,0.0
a39bb753,0.0,0,0.0,0.0,0.0,0.0,1.0,1.0,0.0,0.0,0.0,0,0.0,0.0,0.0
8059806f,33.0,25,16.0,12.0,5.0,12.0,28.0,16.0,12.0,0.0,12.0,10,43.0,10.0,0.0
555f3a0b,6.0,3,5.0,0.0,1.0,0.0,6.0,6.0,12.0,6.0,6.0,5,11.0,35.0,0.0
132ac341,8.0,5,7.0,1.0,0.0,5.0,8.0,3.0,16.0,9.0,7.0,10,18.0,36.0,1.0
02d2c436,16.0,10,11.0,4.0,1.0,10.0,16.0,6.0,19.0,17.0,2.0,15,31.0,89.0,0.0
90162357,1.0,0,0.0,1.0,0.0,1.0,3.0,2.0,1.0,0.0,1.0,0,1.0,0.0,0.0
436a9dd0,6.0,4,2.0,3.0,1.0,2.0,3.0,1.0,6.0,1.0,5.0,5,11.0,5.0,0.0
a4995f48,1.0,0,1.0,0.0,0.0,1.0,1.0,0.0,1.0,0.0,1.0,1,2.0,5.0,0.0
e778654a,22.0,8,9.0,11.0,2.0,5.0,11.0,6.0,12.0,1.0,11.0,2,24.0,8.0,0.0
139560df,3.0,2,3.0,0.0,0.0,1.0,2.0,1.0,1.0,0.0,1.0,1,4.0,6.0,0.0
b85bf253,1.0,0,1.0,0.0,0.0,1.0,3.0,2.0,3.0,3.0,0.0,3,4.0,7.0,0.0
3701906c,9.0,3,3.0,4.0,2.0,4.0,12.0,8.0,6.0,1.0,5.0,4,13.0,10.0,0.0
974322dc,40.0,21,27.0,10.0,3.0,18.0,33.0,15.0,22.0,5.0,17.0,14,54.0,56.0,0.0
75645f0e,8.0,4,3.0,3.0,2.0,2.0,8.0,6.0,5.0,1.0,4.0,1,9.0,11.0,0.0
5ce0b5ba,23.0,11,8.0,12.0,3.0,12.0,26.0,14.0,19.0,6.0,13.0,11,34.0,13.0,0.0
8e92be30,1.0,1,0.0,0.0,1.0,0.0,0.0,0.0,0.0,0.0,0.0,0,1.0,2.0,0.0
a0b4bb3e,15.0,9,6.0,5.0,4.0,8.0,14.0,6.0,3.0,0.0,3.0,10,25.0,3.0,0.0
9c36ed83,7.0,6,2.0,5.0,0.0,1.0,4.0,3.0,10.0,2.0,8.0,2,9.0,3.0,0.0
4737cebe,0.0,0,0.0,0.0,0.0,0.0,1.0,1.0,0.0,0.0,0.0,1,1.0,0.0,0.0
9a76c2e9,8.0,4,5.0,2.0,1.0,5.0,7.0,2.0,3.0,2.0,1.0,4,12.0,18.0,0.0
eeba07f8,6.0,3,1.0,3.0,2.0,2.0,5.0,3.0,2.0,0.0,2.0,2,8.0,1.0,0.0
4c5b14d2,1.0,1,0.0,1.0,0.0,0.0,2.0,2.0,1.0,0.0,1.0,2,3.0,2.0,0.0
1bacc518,29.0,15,9.0,14.0,6.0,12.0,26.0,14.0,5.0,0.0,5.0,27,56.0,15.0,1.0
2a0c8ba4,26.0,14,10.0,14.0,2.0,12.0,23.0,11.0,10.0,4.0,6.0,11,37.0,8.0,0.0
0107757e,0.0,0,0.0,0.0,0.0,0.0,0.0,0.0,0.0,0.0,0.0,0,0.0,0.0,0.0
5b28b2f6,6.0,5,5.0,1.0,0.0,3.0,5.0,2.0,3.0,0.0,3.0,1,7.0,6.0,0.0
d87e2cae,5.0,3,4.0,1.0,0.0,2.0,5.0,3.0,2.0,0.0,2.0,0,5.0,8.0,0.0
6265208f,3.0,1,1.0,0.0,2.0,1.0,8.0,7.0,17.0,4.0,13.0,4,7.0,30.0,0.0
84399660,11.0,8,4.0,5.0,2.0,5.0,17.0,12.0,5.0,0.0,5.0,3,14.0,2.0,0.0
1633fc8a,9.0,6,3.0,6.0,0.0,5.0,9.0,4.0,3.0,3.0,0.0,8,17.0,39.0,1.0
360d70f8,1.0,0,0.0,1.0,0.0,1.0,1.0,0.0,0.0,0.0,0.0,0,1.0,0.0,0.0
7111d552,26.0,17,10.0,9.0,7.0,12.0,25.0,13.0,18.0,1.0,17.0,6,32.0,1.0,0.0
7d08063d,4.0,2,2.0,2.0,0.0,2.0,3.0,1.0,2.0,0.0,2.0,0,4.0,0.0,0.0
55634fb8,5.0,5,5.0,0.0,0.0,3.0,6.0,3.0,17.0,10.0,7.0,11,16.0,20.0,0.0
8455ad90,27.0,15,5.0,17.0,5.0,10.0,37.0,27.0,17.0,2.0,15.0,4,31.0,2.0,0.0
211589b8,1.0,0,0.0,1.0,0.0,0.0,0.0,0.0,2.0,0.0,2.0,0,1.0,0.0,0.0
5eebbfdf,0.0,0,0.0,0.0,0.0,0.0,1.0,1.0,0.0,0.0,0.0,0,0.0,0.0,0.0
05e19d6a,7.0,4,2.0,3.0,2.0,3.0,7.0,4.0,5.0,1.0,4.0,7,14.0,4.0,1.0
e897d8ba,5.0,3,0.0,3.0,2.0,1.0,3.0,2.0,1.0,0.0,1.0,1,6.0,9.0,0.0
4c3a6744,13.0,10,5.0,3.0,5.0,4.0,7.0,3.0,2.0,0.0,2.0,5,18.0,4.0,0.0
55126f3b,36.0,22,15.0,17.0,4.0,16.0,37.0,21.0,18.0,8.0,10.0,8,44.0,12.0,0.0
fc076f78,0.0,0,0.0,0.0,0.0,0.0,1.0,1.0,1.0,0.0,1.0,0,0.0,0.0,0.0
cce181df,36.0,20,17.0,18.0,1.0,16.0,24.0,8.0,9.0,1.0,8.0,25,61.0,11.0,1.0
4d1666ff,18.0,12,9.0,7.0,2.0,10.0,11.0,1.0,13.0,5.0,8.0,10,28.0,19.0,0.0
6ce1f46f,30.0,19,9.0,21.0,0.0,15.0,36.0,21.0,17.0,2.0,15.0,16,46.0,5.0,0.0
16aa3654,30.0,17,15.0,8.0,7.0,9.0,22.0,13.0,12.0,1.0,11.0,2,32.0,2.0,0.0
60abea75,25.0,14,10.0,14.0,1.0,12.0,23.0,11.0,17.0,5.0,12.0,9,34.0,21.0,0.0
e9241b40,15.0,8,6.0,6.0,3.0,6.0,14.0,8.0,9.0,1.0,8.0,3,18.0,2.0,0.0
abe66106,26.0,14,6.0,7.0,13.0,5.0,18.0,13.0,15.0,1.0,14.0,4,30.0,0.0,0.0
e7af9060,5.0,1,2.0,2.0,1.0,0.0,2.0,2.0,2.0,1.0,1.0,0,5.0,0.0,0.0
2bea832e,2.0,1,1.0,0.0,1.0,1.0,1.0,0.0,2.0,1.0,1.0,1,3.0,4.0,0.0
8e088e04,18.0,7,7.0,9.0,2.0,6.0,10.0,4.0,9.0,1.0,8.0,4,22.0,11.0,0.0
86ff856b,0.0,0,0.0,0.0,0.0,0.0,3.0,3.0,6.0,0.0,6.0,2,2.0,1.0,0.0
9a64e67e,20.0,12,16.0,4.0,0.0,8.0,13.0,5.0,16.0,11.0,5.0,17,37.0,57.0,0.0
2fa2a875,0.0,0,0.0,0.0,0.0,0.0,0.0,0.0,0.0,0.0,0.0,0,0.0,3.0,2.0
6c4776b1,2.0,1,2.0,0.0,0.0,2.0,3.0,1.0,1.0,0.0,1.0,2,4.0,13.0,1.0
6eaed4eb,18.0,10,12.0,5.0,1.0,11.0,16.0,5.0,17.0,12.0,5.0,11,29.0,89.0,0.0
59b7d823,20.0,14,16.0,4.0,0.0,9.0,15.0,6.0,12.0,2.0,10.0,13,33.0,29.0,1.0
4dbd0916,15.0,8,7.0,5.0,3.0,3.0,11.0,8.0,7.0,3.0,4.0,4,19.0,8.0,0.0
0a0cc13c,4.0,3,0.0,3.0,1.0,2.0,2.0,0.0,4.0,0.0,4.0,0,4.0,3.0,0.0
8d78e732,9.0,6,0.0,3.0,6.0,5.0,10.0,5.0,12.0,0.0,12.0,1,10.0,6.0,0.0
ff800ed8,12.0,6,8.0,3.0,1.0,7.0,12.0,5.0,2.0,1.0,1.0,6,18.0,12.0,0.0
38b0cf42,0.0,0,0.0,0.0,0.0,0.0,0.0,0.0,0.0,0.0,0.0,0,0.0,1.0,0.0
02c15616,28.0,14,15.0,8.0,5.0,15.0,22.0,7.0,16.0,1.0,15.0,12,40.0,13.0,0.0
d7553721,21.0,17,3.0,13.0,5.0,8.0,12.0,4.0,6.0,0.0,6.0,5,26.0,3.0,0.0
f03f284b,15.0,10,6.0,8.0,1.0,8.0,9.0,1.0,14.0,9.0,5.0,5,20.0,39.0,1.0
73683fa9,0.0,0,0.0,0.0,0.0,0.0,0.0,0.0,0.0,0.0,0.0,0,0.0,0.0,1.0
88050721,23.0,15,6.0,14.0,3.0,9.0,22.0,13.0,9.0,1.0,8.0,13,36.0,4.0,1.0
38699c72,3.0,2,0.0,2.0,1.0,0.0,2.0,2.0,9.0,1.0,8.0,3,6.0,17.0,0.0
ea610f00,0.0,0,0.0,0.0,0.0,0.0,0.0,0.0,1.0,0.0,1.0,0,0.0,1.0,0.0
b05e2dbd,47.0,30,36.0,9.0,2.0,28.0,40.0,12.0,20.0,8.0,12.0,14,61.0,28.0,0.0
4a478107,4.0,3,1.0,1.0,2.0,3.0,8.0,5.0,10.0,1.0,9.0,2,6.0,2.0,0.0
3061e1ec,0.0,0,0.0,0.0,0.0,0.0,0.0,0.0,0.0,0.0,0.0,0,0.0,0.0,0.0
922da988,2.0,0,0.0,1.0,1.0,1.0,3.0,2.0,1.0,1.0,0.0,0,2.0,1.0,0.0
ed6ea4d9,3.0,2,0.0,2.0,1.0,1.0,4.0,3.0,1.0,0.0,1.0,2,5.0,3.0,0.0
5db04597,40.0,27,25.0,11.0,4.0,22.0,40.0,18.0,21.0,9.0,12.0,14,54.0,41.0,0.0
01a49bd2,7.0,3,4.0,3.0,0.0,6.0,7.0,1.0,4.0,1.0,3.0,4,11.0,8.0,0.0
d4808594,1.0,0,0.0,0.0,1.0,0.0,1.0,1.0,0.0,0.0,0.0,0,1.0,1.0,0.0
00b28772,15.0,6,6.0,7.0,2.0,6.0,10.0,4.0,20.0,10.0,10.0,11,26.0,9.0,0.0
cb574619,31.0,15,19.0,8.0,4.0,18.0,25.0,7.0,16.0,1.0,15.0,11,42.0,36.0,0.0
bbc19252,2.0,2,1.0,1.0,0.0,1.0,4.0,3.0,1.0,1.0,0.0,2,4.0,3.0,0.0
d4b73232,0.0,0,0.0,0.0,0.0,0.0,0.0,0.0,0.0,0.0,0.0,1,1.0,8.0,1.0
c20bdcd7,66.0,43,46.0,19.0,1.0,38.0,49.0,11.0,27.0,12.0,15.0,29,95.0,60.0,0.0
fbd6378b,8.0,5,5.0,2.0,1.0,1.0,4.0,3.0,6.0,5.0,1.0,10,18.0,17.0,0.0
ae86d473,4.0,1,1.0,1.0,2.0,1.0,2.0,1.0,4.0,1.0,3.0,0,4.0,0.0,0.0
133faa84,2.0,2,1.0,1.0,0.0,1.0,1.0,0.0,3.0,3.0,0.0,5,7.0,13.0,0.0
853b7c48,0.0,0,0.0,0.0,0.0,0.0,1.0,1.0,0.0,0.0,0.0,0,0.0,7.0,0.0
9f323c71,40.0,20,20.0,15.0,5.0,25.0,48.0,23.0,28.0,5.0,23.0,20,60.0,34.0,0.0
6f4c734d,13.0,7,10.0,2.0,1.0,8.0,14.0,6.0,2.0,1.0,1.0,5,18.0,6.0,0.0
f0da930c,17.0,10,13.0,4.0,0.0,9.0,13.0,4.0,17.0,10.0,7.0,17,34.0,65.0,1.0
5c4dc0ff,1.0,0,0.0,1.0,0.0,0.0,0.0,0.0,0.0,0.0,0.0,0,1.0,0.0,0.0
a83c19cf,8.0,5,3.0,4.0,1.0,1.0,6.0,5.0,1.0,0.0,1.0,4,12.0,2.0,0.0
0ae4e09a,5.0,2,3.0,2.0,0.0,1.0,5.0,4.0,4.0,0.0,4.0,1,6.0,7.0,0.0
0ae4e09a,3.0,3,1.0,2.0,0.0,0.0,4.0,4.0,5.0,0.0,5.0,0,3.0,4.0,0.0
e1e75690,2.0,2,1.0,1.0,0.0,1.0,4.0,3.0,0.0,0.0,0.0,0,2.0,1.0,0.0
2ae30661,4.0,2,2.0,1.0,1.0,3.0,5.0,2.0,1.0,0.0,1.0,0,4.0,2.0,0.0
ae48c5cb,2.0,2,0.0,2.0,0.0,2.0,4.0,2.0,5.0,0.0,5.0,2,4.0,4.0,0.0
c3e66ffe,38.0,23,23.0,11.0,4.0,23.0,45.0,22.0,24.0,5.0,19.0,15,53.0,28.0,0.0
3fc45c73,8.0,3,6.0,2.0,0.0,2.0,4.0,2.0,9.0,5.0,4.0,14,22.0,31.0,0.0
937c6ae6,0.0,0,0.0,0.0,0.0,0.0,0.0,0.0,0.0,0.0,0.0,0,0.0,0.0,0.0
11fd2b75,37.0,19,21.0,14.0,2.0,20.0,44.0,24.0,30.0,8.0,22.0,25,62.0,34.0,1.0
8fae77ea,0.0,0,0.0,0.0,0.0,0.0,0.0,0.0,0.0,0.0,0.0,1,1.0,3.0,0.0
02319ad7,0.0,0,0.0,0.0,0.0,0.0,0.0,0.0,1.0,0.0,1.0,0,0.0,0.0,0.0
64e8ed6d,9.0,4,7.0,2.0,0.0,5.0,20.0,15.0,12.0,0.0,12.0,2,11.0,8.0,0.0
8aae94b9,6.0,3,4.0,2.0,0.0,3.0,3.0,0.0,5.0,4.0,1.0,3,9.0,35.0,1.0
3902e91b,19.0,9,3.0,13.0,3.0,4.0,14.0,10.0,12.0,0.0,12.0,3,22.0,13.0,1.0
8f696594,2.0,1,1.0,1.0,0.0,0.0,0.0,0.0,0.0,0.0,0.0,0,2.0,0.0,0.0
8f696594,0.0,0,0.0,0.0,0.0,0.0,1.0,1.0,0.0,0.0,0.0,0,0.0,0.0,0.0
1545cf15,14.0,9,12.0,2.0,0.0,8.0,18.0,10.0,10.0,1.0,9.0,5,19.0,19.0,1.0
c9e39d91,43.0,23,13.0,23.0,7.0,19.0,41.0,22.0,18.0,2.0,16.0,8,51.0,9.0,1.0
b151a3f2,0.0,0,0.0,0.0,0.0,0.0,0.0,0.0,0.0,0.0,0.0,1,1.0,0.0,0.0
3cefcaef,17.0,9,12.0,5.0,0.0,11.0,18.0,7.0,6.0,2.0,4.0,13,30.0,12.0,0.0
d080ed5e,51.0,31,17.0,26.0,8.0,21.0,34.0,13.0,23.0,7.0,16.0,14,65.0,35.0,0.0
7c4243d4,22.0,11,14.0,8.0,0.0,10.0,29.0,19.0,11.0,1.0,10.0,8,30.0,14.0,0.0
2784f898,28.0,18,15.0,11.0,2.0,14.0,18.0,4.0,36.0,15.0,21.0,20,48.0,59.0,1.0
19c36442,33.0,22,15.0,11.0,7.0,15.0,30.0,15.0,9.0,0.0,9.0,18,51.0,17.0,1.0
335039a2,23.0,13,13.0,6.0,4.0,10.0,26.0,16.0,13.0,1.0,12.0,7,30.0,10.0,1.0
1fda2b14,0.0,0,0.0,0.0,0.0,0.0,0.0,0.0,0.0,0.0,0.0,0,0.0,0.0,0.0
056269d7,33.0,17,24.0,8.0,1.0,21.0,25.0,4.0,9.0,3.0,6.0,9,42.0,25.0,0.0
bbf5c11b,6.0,1,2.0,3.0,1.0,1.0,2.0,1.0,1.0,0.0,1.0,2,8.0,8.0,0.0
ead61f73,9.0,6,6.0,3.0,0.0,6.0,6.0,0.0,4.0,1.0,3.0,3,12.0,10.0,0.0
e6777e6b,5.0,3,4.0,1.0,0.0,2.0,5.0,3.0,6.0,6.0,0.0,10,15.0,64.0,2.0
6025fab1,14.0,5,5.0,5.0,4.0,8.0,17.0,9.0,11.0,5.0,6.0,9,23.0,6.0,0.0
608f2092,12.0,9,8.0,3.0,1.0,5.0,7.0,2.0,8.0,3.0,5.0,4,16.0,11.0,1.0
608f2092,6.0,3,5.0,1.0,0.0,2.0,3.0,1.0,3.0,2.0,1.0,4,10.0,5.0,0.0
23610943,39.0,27,23.0,11.0,5.0,21.0,47.0,26.0,19.0,3.0,16.0,8,47.0,36.0,1.0
9939e168,28.0,17,15.0,10.0,3.0,13.0,29.0,16.0,20.0,3.0,17.0,6,34.0,22.0,1.0
8ac501f5,38.0,20,14.0,19.0,5.0,14.0,27.0,13.0,18.0,9.0,9.0,9,47.0,13.0,1.0
28e957d7,6.0,2,3.0,3.0,0.0,3.0,3.0,0.0,7.0,5.0,2.0,5,11.0,34.0,0.0
374d5158,12.0,6,5.0,7.0,0.0,8.0,12.0,4.0,12.0,4.0,8.0,12,24.0,15.0,0.0
5cec2487,7.0,5,5.0,2.0,0.0,6.0,6.0,0.0,2.0,0.0,2.0,2,9.0,5.0,0.0
129af0db,12.0,8,4.0,5.0,3.0,2.0,5.0,3.0,8.0,3.0,5.0,0,12.0,16.0,0.0
b7d7f3bf,1.0,0,1.0,0.0,0.0,0.0,1.0,1.0,0.0,0.0,0.0,1,2.0,0.0,0.0
11b9265b,10.0,2,2.0,6.0,2.0,5.0,14.0,9.0,10.0,1.0,9.0,12,22.0,17.0,0.0
16e9d0ea,29.0,22,19.0,10.0,0.0,18.0,35.0,17.0,17.0,4.0,13.0,17,46.0,39.0,0.0
a21417e2,4.0,4,2.0,2.0,0.0,3.0,5.0,2.0,5.0,2.0,3.0,1,5.0,15.0,0.0
81f0781e,7.0,5,0.0,4.0,3.0,2.0,3.0,1.0,6.0,2.0,4.0,3,10.0,9.0,0.0
004d185e,14.0,9,8.0,5.0,1.0,5.0,10.0,5.0,13.0,1.0,12.0,9,23.0,11.0,0.0
f4c69aa6,23.0,11,8.0,12.0,3.0,11.0,15.0,4.0,5.0,0.0,5.0,3,26.0,9.0,0.0
a0255c67,3.0,2,2.0,1.0,0.0,3.0,3.0,0.0,3.0,2.0,1.0,1,4.0,2.0,0.0
a0255c67,1.0,1,1.0,0.0,0.0,0.0,1.0,1.0,1.0,0.0,1.0,0,1.0,1.0,0.0
3aa4a3be,2.0,2,0.0,1.0,1.0,0.0,0.0,0.0,0.0,0.0,0.0,0,2.0,1.0,0.0
dc1ce4f5,4.0,2,3.0,1.0,0.0,4.0,5.0,1.0,1.0,0.0,1.0,1,5.0,5.0,0.0
5487adcd,0.0,0,0.0,0.0,0.0,0.0,0.0,0.0,2.0,2.0,0.0,1,1.0,4.0,0.0
c05dfb74,13.0,10,5.0,7.0,1.0,5.0,9.0,4.0,6.0,1.0,5.0,4,17.0,2.0,0.0
228b0d9d,20.0,9,12.0,6.0,2.0,11.0,23.0,12.0,14.0,3.0,11.0,3,23.0,15.0,0.0
49a6ecbb,1.0,0,0.0,0.0,1.0,1.0,1.0,0.0,0.0,0.0,0.0,0,1.0,0.0,0.0
175ece4c,0.0,0,0.0,0.0,0.0,0.0,1.0,1.0,0.0,0.0,0.0,0,0.0,0.0,0.0
44e8521b,0.0,0,0.0,0.0,0.0,0.0,1.0,1.0,0.0,0.0,0.0,0,0.0,0.0,0.0
0cadc46d,7.0,4,3.0,4.0,0.0,2.0,6.0,4.0,9.0,3.0,6.0,6,13.0,42.0,0.0
b51b1b9c,36.0,25,13.0,19.0,4.0,13.0,20.0,7.0,14.0,1.0,13.0,10,46.0,13.0,2.0
2946f9a1,10.0,7,6.0,4.0,0.0,4.0,9.0,5.0,4.0,4.0,0.0,7,17.0,19.0,0.0
485e4939,1.0,1,1.0,0.0,0.0,1.0,1.0,0.0,2.0,0.0,2.0,0,1.0,0.0,0.0
f35430a4,7.0,5,5.0,1.0,1.0,1.0,3.0,2.0,8.0,2.0,6.0,15,22.0,30.0,1.0
c997b942,4.0,3,3.0,0.0,1.0,1.0,2.0,1.0,7.0,0.0,7.0,2,6.0,2.0,0.0
3f10bd22,12.0,7,3.0,2.0,7.0,8.0,16.0,8.0,8.0,4.0,4.0,8,20.0,21.0,1.0
63b0ca6b,4.0,4,1.0,1.0,2.0,1.0,1.0,0.0,4.0,1.0,3.0,0,4.0,6.0,0.0
5853ac44,16.0,12,9.0,6.0,1.0,7.0,9.0,2.0,8.0,4.0,4.0,12,28.0,30.0,3.0
c14bc029,27.0,17,10.0,12.0,5.0,13.0,21.0,8.0,17.0,2.0,15.0,11,38.0,14.0,0.0
81d5c497,0.0,0,0.0,0.0,0.0,0.0,0.0,0.0,0.0,0.0,0.0,0,0.0,0.0,0.0
c487901c,0.0,0,0.0,0.0,0.0,0.0,0.0,0.0,0.0,0.0,0.0,0,0.0,0.0,0.0
a6103274,7.0,6,3.0,4.0,0.0,1.0,4.0,3.0,5.0,0.0,5.0,1,8.0,0.0,0.0
a6103274,4.0,2,2.0,2.0,0.0,1.0,1.0,0.0,2.0,0.0,2.0,2,6.0,3.0,0.0
be170419,26.0,18,13.0,12.0,1.0,9.0,19.0,10.0,11.0,7.0,4.0,44,70.0,88.0,1.0
ee8508c0,0.0,0,0.0,0.0,0.0,0.0,0.0,0.0,0.0,0.0,0.0,0,0.0,5.0,0.0
2e3995cd,18.0,15,12.0,5.0,1.0,8.0,18.0,10.0,13.0,0.0,13.0,3,21.0,3.0,0.0
a08b974a,6.0,2,0.0,4.0,2.0,2.0,9.0,7.0,5.0,0.0,5.0,2,8.0,2.0,0.0
1d1691ad,0.0,0,0.0,0.0,0.0,0.0,0.0,0.0,0.0,0.0,0.0,0,0.0,0.0,0.0
3d99999d,4.0,4,1.0,2.0,1.0,1.0,2.0,1.0,2.0,0.0,2.0,0,4.0,1.0,0.0
4cee5954,22.0,13,10.0,10.0,2.0,16.0,23.0,7.0,14.0,4.0,10.0,13,35.0,24.0,0.0
a3e4bf46,40.0,23,26.0,10.0,4.0,14.0,21.0,7.0,22.0,6.0,16.0,18,58.0,49.0,0.0
5132b92c,27.0,9,16.0,7.0,4.0,9.0,14.0,5.0,7.0,2.0,5.0,14,41.0,16.0,0.0
7c363088,14.0,7,4.0,5.0,5.0,2.0,9.0,7.0,12.0,1.0,11.0,13,27.0,5.0,0.0
f9358b61,0.0,0,0.0,0.0,0.0,0.0,0.0,0.0,0.0,0.0,0.0,0,0.0,0.0,0.0
8c3c640c,4.0,2,1.0,1.0,2.0,0.0,4.0,4.0,2.0,0.0,2.0,0,4.0,4.0,0.0
9a93efc9,11.0,7,6.0,5.0,0.0,5.0,5.0,0.0,6.0,1.0,5.0,3,14.0,18.0,1.0
97852360,0.0,0,0.0,0.0,0.0,0.0,0.0,0.0,0.0,0.0,0.0,0,0.0,1.0,0.0
97852360,0.0,0,0.0,0.0,0.0,0.0,0.0,0.0,0.0,0.0,0.0,0,0.0,2.0,0.0
44150beb,9.0,7,6.0,3.0,0.0,2.0,4.0,2.0,3.0,3.0,0.0,6,15.0,20.0,0.0
962e54cb,5.0,3,0.0,4.0,1.0,1.0,3.0,2.0,5.0,1.0,4.0,0,5.0,2.0,0.0
ac8b2421,25.0,14,14.0,9.0,2.0,12.0,15.0,3.0,18.0,8.0,10.0,12,37.0,41.0,0.0
49dbab27,26.0,21,7.0,14.0,5.0,13.0,26.0,13.0,24.0,0.0,24.0,8,34.0,14.0,0.0
b906757a,3.0,2,2.0,0.0,1.0,3.0,5.0,2.0,4.0,2.0,2.0,8,11.0,5.0,0.0
7460ca0d,41.0,24,16.0,15.0,10.0,13.0,40.0,27.0,25.0,9.0,16.0,18,59.0,21.0,1.0
e2dcc60e,1.0,0,0.0,1.0,0.0,0.0,0.0,0.0,0.0,0.0,0.0,0,1.0,0.0,0.0
647d39d2,0.0,0,0.0,0.0,0.0,0.0,0.0,0.0,1.0,1.0,0.0,1,1.0,2.0,0.0
881ef58c,0.0,0,0.0,0.0,0.0,0.0,0.0,0.0,0.0,0.0,0.0,0,0.0,0.0,0.0
b7ca5c51,9.0,5,7.0,2.0,0.0,7.0,11.0,4.0,15.0,10.0,5.0,15,24.0,48.0,2.0
63f04c6c,17.0,16,8.0,7.0,2.0,11.0,15.0,4.0,8.0,1.0,7.0,7,24.0,14.0,0.0
0d9b2d31,37.0,21,13.0,17.0,7.0,12.0,40.0,28.0,24.0,0.0,24.0,11,48.0,7.0,1.0
1f079188,16.0,8,3.0,12.0,1.0,13.0,21.0,8.0,7.0,4.0,3.0,8,24.0,15.0,0.0
5496cc91,2.0,0,2.0,0.0,0.0,0.0,0.0,0.0,2.0,0.0,2.0,0,2.0,0.0,0.0
819aa8e7,5.0,2,1.0,2.0,2.0,1.0,1.0,0.0,6.0,0.0,6.0,1,6.0,0.0,0.0
a8f21b9f,20.0,12,7.0,8.0,5.0,8.0,20.0,12.0,17.0,3.0,14.0,5,25.0,5.0,0.0
3d79a68c,1.0,1,1.0,0.0,0.0,0.0,2.0,2.0,0.0,0.0,0.0,0,1.0,1.0,0.0
237a3851,38.0,18,16.0,19.0,3.0,10.0,39.0,29.0,17.0,5.0,12.0,14,52.0,16.0,0.0
a300ac7e,3.0,2,2.0,1.0,0.0,1.0,3.0,2.0,2.0,0.0,2.0,1,4.0,3.0,0.0
b7c04927,36.0,19,19.0,11.0,6.0,22.0,30.0,8.0,9.0,3.0,6.0,15,51.0,21.0,0.0
8c725b43,27.0,20,19.0,8.0,0.0,16.0,22.0,6.0,19.0,9.0,10.0,33,60.0,70.0,1.0
64ba07c0,8.0,4,4.0,3.0,1.0,2.0,3.0,1.0,2.0,1.0,1.0,3,11.0,1.0,0.0
540ec57b,35.0,22,16.0,11.0,8.0,12.0,30.0,18.0,22.0,2.0,20.0,10,45.0,22.0,0.0
adfc9123,5.0,4,1.0,4.0,0.0,4.0,4.0,0.0,2.0,1.0,1.0,2,7.0,19.0,0.0
7c388b20,31.0,19,8.0,9.0,14.0,8.0,23.0,15.0,20.0,1.0,19.0,23,54.0,18.0,0.0
54bcdeb0,37.0,22,18.0,13.0,6.0,13.0,25.0,12.0,20.0,0.0,20.0,6,43.0,4.0,0.0
ccbbe661,7.0,5,0.0,5.0,2.0,0.0,5.0,5.0,5.0,1.0,4.0,1,8.0,11.0,0.0
8e010ff4,8.0,4,2.0,5.0,1.0,2.0,7.0,5.0,4.0,1.0,3.0,4,12.0,3.0,0.0
1bda5842,15.0,9,6.0,7.0,2.0,12.0,21.0,9.0,13.0,1.0,12.0,9,24.0,11.0,1.0
fc8b614b,1.0,1,0.0,1.0,0.0,0.0,0.0,0.0,0.0,0.0,0.0,1,2.0,1.0,0.0
3c16d927,19.0,8,9.0,9.0,1.0,13.0,22.0,9.0,16.0,4.0,12.0,19,38.0,21.0,1.0
d1b060e2,1.0,0,1.0,0.0,0.0,0.0,0.0,0.0,2.0,0.0,2.0,0,1.0,2.0,0.0
2683eda7,8.0,2,4.0,3.0,1.0,4.0,11.0,7.0,4.0,0.0,4.0,6,14.0,10.0,0.0
39352da2,6.0,3,1.0,2.0,3.0,2.0,3.0,1.0,4.0,0.0,4.0,4,10.0,2.0,0.0
41fb0f4e,3.0,2,2.0,1.0,0.0,1.0,3.0,2.0,5.0,0.0,5.0,3,6.0,1.0,0.0
b857bd29,25.0,17,20.0,5.0,0.0,8.0,11.0,3.0,27.0,20.0,7.0,21,46.0,105.0,1.0
58ad9383,0.0,0,0.0,0.0,0.0,0.0,1.0,1.0,0.0,0.0,0.0,0,0.0,12.0,1.0
89f951b5,24.0,15,5.0,11.0,8.0,10.0,22.0,12.0,13.0,0.0,13.0,13,37.0,13.0,0.0
cc9256ef,10.0,7,4.0,1.0,5.0,7.0,18.0,11.0,8.0,0.0,8.0,6,16.0,4.0,0.0
44e07fac,1.0,1,0.0,0.0,1.0,0.0,0.0,0.0,1.0,1.0,0.0,1,2.0,0.0,0.0
3423f250,14.0,12,3.0,3.0,8.0,7.0,17.0,10.0,20.0,1.0,19.0,9,23.0,8.0,0.0
3353737a,3.0,2,2.0,1.0,0.0,2.0,3.0,1.0,2.0,0.0,2.0,1,4.0,0.0,0.0
e358587b,0.0,0,0.0,0.0,0.0,0.0,0.0,0.0,0.0,0.0,0.0,1,1.0,1.0,2.0
6b21b7b5,6.0,4,4.0,0.0,2.0,1.0,4.0,3.0,3.0,0.0,3.0,1,7.0,2.0,0.0
3376a776,2.0,1,2.0,0.0,0.0,1.0,2.0,1.0,4.0,1.0,3.0,6,8.0,13.0,0.0
374ee424,0.0,0,0.0,0.0,0.0,0.0,0.0,0.0,0.0,0.0,0.0,0,0.0,12.0,2.0
14d5b7ac,0.0,0,0.0,0.0,0.0,0.0,0.0,0.0,0.0,0.0,0.0,0,0.0,1.0,0.0
b3b9b8b8,0.0,0,0.0,0.0,0.0,0.0,0.0,0.0,0.0,0.0,0.0,0,0.0,0.0,0.0
ce8039aa,8.0,5,4.0,3.0,1.0,5.0,14.0,9.0,5.0,0.0,5.0,3,11.0,1.0,0.0
d9ba39fc,26.0,15,12.0,8.0,6.0,7.0,13.0,6.0,13.0,4.0,9.0,19,45.0,41.0,0.0
65154df0,14.0,4,5.0,5.0,4.0,5.0,21.0,16.0,11.0,0.0,11.0,6,20.0,2.0,0.0
335fa267,13.0,10,8.0,3.0,2.0,6.0,7.0,1.0,6.0,4.0,2.0,8,21.0,10.0,0.0
a8981944,27.0,17,9.0,12.0,6.0,13.0,32.0,19.0,29.0,4.0,25.0,28,55.0,27.0,0.0
5f21b94c,2.0,2,2.0,0.0,0.0,2.0,4.0,2.0,0.0,0.0,0.0,0,2.0,1.0,0.0
37f827ec,24.0,13,19.0,5.0,0.0,13.0,22.0,9.0,15.0,12.0,3.0,13,37.0,52.0,1.0
85bed4ee,8.0,7,3.0,4.0,1.0,4.0,6.0,2.0,7.0,0.0,7.0,6,14.0,1.0,0.0
8cfc2f69,1.0,1,0.0,1.0,0.0,0.0,1.0,1.0,3.0,0.0,3.0,1,2.0,1.0,0.0
19709006,24.0,21,9.0,12.0,3.0,11.0,18.0,7.0,8.0,1.0,7.0,14,38.0,10.0,0.0
70f8e0bd,28.0,14,13.0,13.0,2.0,13.0,24.0,11.0,17.0,2.0,15.0,15,43.0,10.0,0.0
34e393f2,50.0,33,23.0,23.0,4.0,22.0,42.0,20.0,32.0,6.0,26.0,23,73.0,41.0,1.0
8f5e92a6,12.0,6,1.0,6.0,5.0,2.0,8.0,6.0,12.0,0.0,12.0,4,16.0,3.0,0.0
2fbe6af0,0.0,0,0.0,0.0,0.0,0.0,0.0,0.0,0.0,0.0,0.0,0,0.0,0.0,0.0
4b511457,44.0,25,22.0,16.0,6.0,14.0,26.0,12.0,26.0,8.0,18.0,20,64.0,20.0,0.0
35d4f151,15.0,8,9.0,4.0,2.0,13.0,18.0,5.0,8.0,1.0,7.0,12,27.0,10.0,0.0
18b896d6,9.0,8,6.0,3.0,0.0,6.0,10.0,4.0,15.0,9.0,6.0,10,19.0,45.0,0.0
a55d8df5,29.0,14,23.0,4.0,2.0,15.0,27.0,12.0,10.0,1.0,9.0,17,46.0,28.0,0.0
b3dc6eca,2.0,1,1.0,1.0,0.0,1.0,1.0,0.0,8.0,5.0,3.0,3,5.0,32.0,0.0
625c144a,0.0,0,0.0,0.0,0.0,0.0,0.0,0.0,1.0,0.0,1.0,1,1.0,6.0,2.0
b75ac54b,2.0,1,2.0,0.0,0.0,0.0,1.0,1.0,5.0,0.0,5.0,3,5.0,5.0,0.0
fbbb9269,27.0,12,17.0,8.0,2.0,14.0,17.0,3.0,26.0,7.0,19.0,11,38.0,29.0,1.0
686cbe7d,0.0,0,0.0,0.0,0.0,0.0,1.0,1.0,2.0,0.0,2.0,0,0.0,3.0,0.0
686cbe7d,1.0,1,0.0,0.0,1.0,0.0,1.0,1.0,2.0,0.0,2.0,0,1.0,0.0,0.0
13e0eb29,2.0,2,0.0,2.0,0.0,1.0,2.0,1.0,3.0,0.0,3.0,0,2.0,1.0,1.0
405f267a,7.0,5,2.0,3.0,2.0,1.0,3.0,2.0,0.0,0.0,0.0,2,9.0,0.0,0.0
2a295d33,39.0,26,10.0,23.0,6.0,15.0,39.0,24.0,18.0,0.0,18.0,10,49.0,10.0,0.0
efecd633,18.0,7,8.0,8.0,2.0,7.0,19.0,12.0,19.0,7.0,12.0,5,23.0,10.0,0.0
bdb624a3,15.0,8,1.0,10.0,4.0,5.0,21.0,16.0,8.0,1.0,7.0,3,18.0,6.0,0.0
a254bbe0,8.0,5,4.0,3.0,1.0,3.0,14.0,11.0,9.0,0.0,9.0,9,17.0,4.0,1.0
70107d4d,12.0,9,4.0,4.0,4.0,5.0,13.0,8.0,7.0,0.0,7.0,7,19.0,2.0,0.0
60359288,29.0,14,18.0,10.0,1.0,9.0,14.0,5.0,23.0,17.0,6.0,35,64.0,84.0,0.0
ffacd3d5,29.0,20,19.0,5.0,5.0,18.0,28.0,10.0,20.0,3.0,17.0,11,40.0,24.0,0.0
79f2a5f5,0.0,0,0.0,0.0,0.0,0.0,0.0,0.0,0.0,0.0,0.0,0,0.0,0.0,0.0
f6ac68c1,30.0,23,21.0,6.0,3.0,21.0,27.0,6.0,11.0,6.0,5.0,27,57.0,39.0,0.0
a45eac1f,2.0,1,0.0,2.0,0.0,1.0,3.0,2.0,2.0,0.0,2.0,0,2.0,1.0,0.0
a62b4888,10.0,4,3.0,4.0,3.0,2.0,7.0,5.0,5.0,2.0,3.0,1,11.0,2.0,0.0
e2716bd0,18.0,11,6.0,8.0,4.0,6.0,9.0,3.0,5.0,1.0,4.0,6,24.0,9.0,0.0
ea83bfa6,3.0,1,3.0,0.0,0.0,3.0,3.0,0.0,0.0,0.0,0.0,0,3.0,7.0,1.0
5dcf3e90,0.0,0,0.0,0.0,0.0,0.0,0.0,0.0,1.0,0.0,1.0,0,0.0,8.0,1.0
19b776e9,19.0,12,8.0,7.0,4.0,3.0,13.0,10.0,14.0,1.0,13.0,9,28.0,13.0,0.0
5fa714d5,16.0,8,12.0,3.0,1.0,7.0,10.0,3.0,7.0,2.0,5.0,6,22.0,10.0,0.0
3ca6106c,7.0,5,3.0,3.0,1.0,1.0,6.0,5.0,4.0,0.0,4.0,3,10.0,3.0,0.0
fed17f5a,2.0,0,0.0,1.0,1.0,2.0,3.0,1.0,1.0,0.0,1.0,0,2.0,2.0,0.0
8f8c6934,0.0,0,0.0,0.0,0.0,0.0,0.0,0.0,0.0,0.0,0.0,0,0.0,12.0,3.0
3aa74860,0.0,0,0.0,0.0,0.0,0.0,0.0,0.0,0.0,0.0,0.0,0,0.0,0.0,0.0
e4738e91,4.0,2,2.0,1.0,1.0,2.0,2.0,0.0,3.0,1.0,2.0,1,5.0,8.0,0.0
6a8a7af8,80.0,51,32.0,35.0,13.0,28.0,41.0,13.0,24.0,12.0,12.0,39,119.0,40.0,1.0
f553b2b3,9.0,5,3.0,2.0,4.0,3.0,14.0,11.0,9.0,2.0,7.0,2,11.0,18.0,0.0
220c11f1,5.0,2,1.0,1.0,3.0,3.0,9.0,6.0,5.0,0.0,5.0,1,6.0,4.0,0.0
ba5004e1,26.0,17,11.0,11.0,4.0,8.0,14.0,6.0,21.0,0.0,21.0,9,35.0,20.0,0.0
12c50af5,4.0,2,2.0,2.0,0.0,1.0,7.0,6.0,4.0,1.0,3.0,1,5.0,1.0,0.0
7106f0a0,0.0,0,0.0,0.0,0.0,0.0,0.0,0.0,1.0,0.0,1.0,0,0.0,0.0,0.0
4e219ad2,7.0,4,3.0,2.0,2.0,4.0,7.0,3.0,4.0,0.0,4.0,0,7.0,1.0,0.0
184fe4b2,1.0,0,0.0,0.0,1.0,0.0,0.0,0.0,0.0,0.0,0.0,0,1.0,0.0,0.0
e92cd3f7,11.0,6,2.0,3.0,6.0,4.0,9.0,5.0,5.0,1.0,4.0,1,12.0,20.0,1.0
34269bdf,24.0,15,11.0,11.0,2.0,7.0,15.0,8.0,16.0,9.0,7.0,10,34.0,15.0,0.0
4f255115,31.0,19,8.0,22.0,1.0,12.0,19.0,7.0,11.0,3.0,8.0,26,57.0,26.0,0.0
e73c9bb2,10.0,6,7.0,3.0,0.0,8.0,13.0,5.0,8.0,3.0,5.0,11,21.0,14.0,0.0
6f51e382,0.0,0,0.0,0.0,0.0,0.0,0.0,0.0,0.0,0.0,0.0,1,1.0,4.0,2.0
f36016a5,0.0,0,0.0,0.0,0.0,0.0,0.0,0.0,2.0,1.0,1.0,2,2.0,0.0,0.0
f36016a5,4.0,2,1.0,3.0,0.0,2.0,6.0,4.0,6.0,2.0,4.0,3,7.0,3.0,1.0
02ef8778,1.0,0,0.0,0.0,1.0,1.0,1.0,0.0,0.0,0.0,0.0,0,1.0,0.0,0.0
04e531b6,1.0,0,0.0,1.0,0.0,1.0,1.0,0.0,0.0,0.0,0.0,0,1.0,0.0,0.0
381dbcfc,1.0,1,0.0,1.0,0.0,1.0,1.0,0.0,2.0,1.0,1.0,2,3.0,3.0,0.0
9e1035f8,8.0,4,1.0,5.0,2.0,3.0,11.0,8.0,7.0,1.0,6.0,1,9.0,4.0,0.0
58a9a4d9,30.0,19,12.0,9.0,9.0,14.0,37.0,23.0,22.0,5.0,17.0,7,37.0,7.0,0.0
532e1e4f,23.0,11,14.0,6.0,3.0,16.0,22.0,6.0,21.0,16.0,5.0,9,32.0,83.0,2.0
d733aa38,0.0,0,0.0,0.0,0.0,0.0,0.0,0.0,0.0,0.0,0.0,0,0.0,0.0,0.0
0e4fef6e,33.0,22,19.0,11.0,3.0,11.0,19.0,8.0,11.0,2.0,9.0,22,55.0,45.0,0.0
e96b2583,0.0,0,0.0,0.0,0.0,0.0,0.0,0.0,0.0,0.0,0.0,0,0.0,0.0,0.0
fc647b34,29.0,21,6.0,14.0,9.0,7.0,17.0,10.0,20.0,2.0,18.0,6,35.0,5.0,0.0
963829d0,7.0,4,5.0,2.0,0.0,3.0,11.0,8.0,4.0,2.0,2.0,2,9.0,2.0,0.0
f7e87032,0.0,0,0.0,0.0,0.0,0.0,3.0,3.0,2.0,1.0,1.0,4,4.0,2.0,0.0
068f4dec,4.0,3,4.0,0.0,0.0,1.0,4.0,3.0,2.0,0.0,2.0,0,4.0,3.0,0.0
f8eca1b6,16.0,9,5.0,9.0,2.0,4.0,12.0,8.0,14.0,2.0,12.0,1,17.0,28.0,0.0
2dd7e29d,4.0,2,2.0,2.0,0.0,2.0,3.0,1.0,2.0,0.0,2.0,1,5.0,0.0,0.0
592f3158,60.0,31,17.0,32.0,11.0,30.0,63.0,33.0,36.0,6.0,30.0,28,88.0,18.0,0.0
4acd733a,8.0,4,2.0,5.0,1.0,3.0,4.0,1.0,4.0,0.0,4.0,8,16.0,6.0,0.0
0a69de7b,1.0,1,1.0,0.0,0.0,0.0,0.0,0.0,4.0,3.0,1.0,5,6.0,23.0,0.0
f2c6ac01,19.0,14,12.0,6.0,1.0,9.0,13.0,4.0,28.0,11.0,17.0,17,36.0,72.0,0.0
0bc4e720,4.0,1,1.0,2.0,1.0,1.0,6.0,5.0,2.0,0.0,2.0,1,5.0,3.0,0.0
0959c2a2,23.0,14,10.0,9.0,4.0,9.0,19.0,10.0,25.0,4.0,21.0,12,35.0,13.0,0.0
106c142c,5.0,5,3.0,0.0,2.0,1.0,2.0,1.0,2.0,0.0,2.0,0,5.0,3.0,0.0
ee923664,3.0,1,0.0,2.0,1.0,0.0,0.0,0.0,1.0,0.0,1.0,0,3.0,5.0,0.0
fd51b456,14.0,7,6.0,7.0,1.0,7.0,7.0,0.0,5.0,0.0,5.0,4,18.0,4.0,0.0
35a6e5c7,27.0,12,8.0,18.0,1.0,10.0,23.0,13.0,18.0,1.0,17.0,11,38.0,3.0,0.0
4112ace5,3.0,1,0.0,3.0,0.0,1.0,5.0,4.0,3.0,0.0,3.0,1,4.0,0.0,0.0
1c2c55fc,5.0,1,4.0,1.0,0.0,3.0,6.0,3.0,7.0,6.0,1.0,5,10.0,24.0,0.0
b0fce72c,33.0,18,12.0,17.0,4.0,15.0,47.0,32.0,22.0,4.0,18.0,23,56.0,26.0,2.0
04965583,8.0,2,3.0,3.0,2.0,1.0,13.0,12.0,20.0,2.0,18.0,10,18.0,11.0,0.0
3a9c4b7b,22.0,12,14.0,3.0,5.0,14.0,26.0,12.0,15.0,2.0,13.0,17,39.0,21.0,1.0
636eae97,6.0,3,2.0,3.0,1.0,4.0,9.0,5.0,0.0,0.0,0.0,0,6.0,0.0,0.0
636eae97,23.0,15,9.0,10.0,4.0,10.0,20.0,10.0,5.0,0.0,5.0,6,29.0,2.0,0.0
57be54ec,0.0,0,0.0,0.0,0.0,0.0,0.0,0.0,0.0,0.0,0.0,0,0.0,1.0,0.0
bdc74a8f,4.0,3,1.0,2.0,1.0,3.0,4.0,1.0,4.0,1.0,3.0,3,7.0,1.0,0.0
cde52ef5,0.0,0,0.0,0.0,0.0,0.0,0.0,0.0,0.0,0.0,0.0,0,0.0,2.0,0.0
ab7bf91d,31.0,18,22.0,8.0,1.0,18.0,24.0,6.0,13.0,7.0,6.0,20,51.0,60.0,1.0
379dc075,2.0,1,1.0,1.0,0.0,0.0,4.0,4.0,8.0,0.0,8.0,1,3.0,7.0,0.0
6a99e0b1,13.0,9,3.0,9.0,1.0,6.0,9.0,3.0,7.0,3.0,4.0,4,17.0,17.0,0.0
afdc14d7,22.0,11,5.0,11.0,6.0,11.0,19.0,8.0,32.0,1.0,31.0,4,26.0,8.0,1.0
5dfc6ad5,15.0,8,10.0,5.0,0.0,7.0,10.0,3.0,12.0,7.0,5.0,13,28.0,47.0,0.0
f6f6b6e8,12.0,6,9.0,3.0,0.0,5.0,6.0,1.0,13.0,12.0,1.0,20,32.0,49.0,0.0
5ca20b7a,15.0,8,10.0,4.0,1.0,7.0,10.0,3.0,4.0,2.0,2.0,11,26.0,22.0,0.0
968a1c2f,5.0,4,2.0,3.0,0.0,2.0,6.0,4.0,5.0,0.0,5.0,3,8.0,3.0,0.0
5c7845f6,21.0,13,15.0,6.0,0.0,13.0,16.0,3.0,16.0,12.0,4.0,12,33.0,66.0,0.0
3ee0dd59,39.0,22,14.0,21.0,4.0,14.0,25.0,11.0,24.0,11.0,13.0,20,59.0,36.0,3.0
