id,GA,SoTA,Saves,W,D,L,CS,PKatt,PKA,PKsv,PKm
47064058,41,109,69,5,4,13,4,2,1,0,1
663e080e,17,44,27,9,4,2,3,4,4,0,0
d28339cb,4,15,11,1,0,2,1,2,2,0,0
db401046,29,97,68,9,6,7,9,5,3,1,1
af104654,40,87,46,5,5,12,3,4,3,1,0
dee3013b,10,28,17,3,1,2,0,2,1,1,0
1e43fad8,1,15,14,1,4,0,4,1,0,0,1
a92ab7be,32,103,71,12,5,5,9,6,5,0,1
17376543,29,105,74,7,1,10,5,2,0,2,0
37998008,11,18,7,1,1,2,1,2,2,0,0
bcb2ccd8,10,26,17,2,2,2,2,1,1,0,0
ad3389d5,34,97,65,8,4,9,5,4,4,0,0
fa4cabd1,4,14,10,1,0,1,0,0,0,0,0
cd59b9df,19,82,63,14,0,4,8,0,0,0,0
dc366c36,9,25,16,0,2,2,0,0,0,0,0
8a6ab963,2,4,2,0,0,1,0,0,0,0,0
b56dd813,8,18,10,1,1,2,1,0,0,0,0
cbac6ec9,34,87,53,3,7,9,1,1,1,0,0
8778c910,11,44,33,7,4,1,4,2,2,0,0
bdedffac,0,1,1,1,0,0,1,0,0,0,0
c631f952,12,30,18,2,1,4,1,1,1,0,0
0a1cb833,40,111,72,9,3,10,4,2,1,1,0
b90c4a43,1,5,4,0,1,0,0,0,0,0,0
9f941969,54,138,83,6,1,15,2,12,7,3,2
a70b8345,16,72,56,12,3,3,6,2,2,0,0
87436846,36,86,52,6,8,8,4,4,3,1,0
0d55d942,41,102,61,2,3,12,2,3,3,0,0
0d8a37c2,9,21,12,1,0,2,0,0,0,0,0
420c18a1,14,60,47,4,4,2,3,2,2,0,0
420c18a1,8,18,10,3,3,1,2,0,0,0,0
ce17b5eb,30,76,47,11,4,6,5,1,1,0,0
7d3e7da6,2,8,5,3,0,0,2,1,0,1,0
5c4bf6ba,24,64,39,6,4,6,5,2,0,1,1
9b688ae1,1,6,5,0,0,0,0,0,0,0,0
