id,Att,Live,Dead,FK,TB,Sw,Crs,TI,CK,In,Out,Str,Cmp,Off,Blocks
32c2d95f,1225.0,1126.0,94.0,84.0,0.0,19.0,4,3.0,0.0,0.0,0.0,0.0,1002.0,5.0,14.0
7978cbf0,571.0,558.0,11.0,3.0,2.0,2.0,13,7.0,0.0,0.0,0.0,0.0,462.0,2.0,13.0
82464ce3,1502.0,1460.0,34.0,32.0,3.0,4.0,8,2.0,0.0,0.0,0.0,0.0,1374.0,8.0,11.0
31626657,678.0,658.0,18.0,16.0,5.0,2.0,5,1.0,1.0,0.0,0.0,0.0,588.0,2.0,4.0
0e46fa2f,54.0,48.0,6.0,0.0,0.0,0.0,4,0.0,0.0,0.0,0.0,0.0,38.0,0.0,2.0
0e46fa2f,15.0,15.0,0.0,0.0,1.0,0.0,2,0.0,0.0,0.0,0.0,0.0,7.0,0.0,1.0
c2a6033c,496.0,478.0,15.0,1.0,1.0,0.0,17,14.0,0.0,0.0,0.0,0.0,355.0,3.0,30.0
1e93fc5d,21.0,20.0,1.0,0.0,0.0,0.0,1,0.0,1.0,0.0,1.0,0.0,18.0,0.0,0.0
7587446d,41.0,38.0,3.0,1.0,0.0,0.0,0,1.0,1.0,0.0,0.0,0.0,29.0,0.0,1.0
75f1ed80,956.0,912.0,41.0,38.0,4.0,14.0,0,2.0,0.0,0.0,0.0,0.0,815.0,3.0,8.0
8bc8829a,374.0,361.0,11.0,9.0,2.0,5.0,6,1.0,1.0,1.0,0.0,0.0,293.0,2.0,9.0
3dd738a1,399.0,330.0,69.0,4.0,0.0,1.0,12,65.0,0.0,0.0,0.0,0.0,326.0,0.0,10.0
22396615,10.0,10.0,0.0,0.0,0.0,0.0,0,0.0,0.0,0.0,0.0,0.0,6.0,0.0,0.0
48b28bfd,338.0,327.0,11.0,8.0,3.0,4.0,4,1.0,0.0,0.0,0.0,0.0,243.0,0.0,7.0
462475ed,255.0,242.0,10.0,1.0,3.0,3.0,0,0.0,0.0,0.0,0.0,0.0,178.0,3.0,1.0
b625b241,106.0,100.0,5.0,1.0,0.0,0.0,9,3.0,1.0,1.0,0.0,0.0,79.0,1.0,4.0
9e17ccff,72.0,46.0,25.0,6.0,0.0,0.0,0,0.0,0.0,0.0,0.0,0.0,49.0,1.0,0.0
1956b948,494.0,474.0,19.0,4.0,0.0,1.0,43,14.0,0.0,0.0,0.0,0.0,381.0,1.0,24.0
0a63446f,518.0,402.0,114.0,4.0,0.0,0.0,22,110.0,0.0,0.0,0.0,0.0,335.0,2.0,17.0
9260926b,190.0,186.0,4.0,4.0,0.0,0.0,1,0.0,0.0,0.0,0.0,0.0,161.0,0.0,5.0
ae11ba3d,41.0,37.0,4.0,0.0,0.0,0.0,0,4.0,0.0,0.0,0.0,0.0,33.0,0.0,2.0
ef9c1c95,1591.0,1555.0,30.0,28.0,5.0,16.0,8,2.0,0.0,0.0,0.0,0.0,1344.0,6.0,22.0
af3ddb2e,390.0,356.0,32.0,0.0,0.0,4.0,1,0.0,0.0,0.0,0.0,0.0,292.0,2.0,13.0
a5db0bec,291.0,283.0,8.0,3.0,1.0,3.0,5,1.0,3.0,0.0,0.0,0.0,230.0,0.0,7.0
b94b8be1,67.0,59.0,8.0,1.0,0.0,4.0,7,0.0,5.0,1.0,3.0,0.0,52.0,0.0,2.0
feb5d3ab,468.0,393.0,74.0,5.0,0.0,0.0,21,69.0,0.0,0.0,0.0,0.0,339.0,1.0,8.0
c5e6c017,17.0,15.0,2.0,0.0,0.0,0.0,1,1.0,0.0,0.0,0.0,0.0,10.0,0.0,1.0
508a9011,2.0,1.0,1.0,0.0,0.0,0.0,1,0.0,1.0,1.0,0.0,0.0,1.0,0.0,0.0
b026bbf6,108.0,89.0,18.0,3.0,0.0,0.0,2,15.0,0.0,0.0,0.0,0.0,89.0,1.0,1.0
6a827d8e,414.0,347.0,67.0,6.0,0.0,1.0,33,61.0,0.0,0.0,0.0,0.0,334.0,0.0,14.0
6b5edd5d,0.0,0.0,0.0,0.0,0.0,0.0,0,0.0,0.0,0.0,0.0,0.0,0.0,0.0,0.0
7dfbba27,582.0,516.0,63.0,19.0,3.0,18.0,64,10.0,24.0,13.0,7.0,0.0,442.0,3.0,14.0
a94d93be,541.0,527.0,14.0,14.0,0.0,1.0,0,0.0,0.0,0.0,0.0,0.0,464.0,0.0,2.0
114bbdee,59.0,59.0,0.0,0.0,0.0,0.0,0,0.0,0.0,0.0,0.0,0.0,52.0,0.0,0.0
06df8256,468.0,455.0,13.0,13.0,0.0,5.0,0,0.0,0.0,0.0,0.0,0.0,403.0,0.0,2.0
a1232f4e,191.0,174.0,16.0,13.0,1.0,0.0,0,3.0,0.0,0.0,0.0,0.0,161.0,1.0,2.0
5065d67d,56.0,55.0,1.0,1.0,0.0,1.0,0,0.0,0.0,0.0,0.0,0.0,52.0,0.0,0.0
7e3e825e,32.0,29.0,3.0,3.0,0.0,0.0,0,0.0,0.0,0.0,0.0,0.0,27.0,0.0,0.0
0af4dcf0,23.0,23.0,0.0,0.0,0.0,0.0,1,0.0,0.0,0.0,0.0,0.0,19.0,0.0,1.0
3975195f,683.0,556.0,127.0,13.0,2.0,2.0,25,112.0,2.0,2.0,0.0,0.0,566.0,0.0,13.0
a1390d2f,194.0,193.0,0.0,0.0,0.0,3.0,0,0.0,0.0,0.0,0.0,0.0,163.0,1.0,6.0
7c3ed041,1184.0,1151.0,32.0,22.0,1.0,7.0,6,5.0,0.0,0.0,0.0,0.0,1001.0,1.0,12.0
31822f8c,338.0,309.0,26.0,0.0,3.0,1.0,13,1.0,0.0,0.0,0.0,0.0,225.0,3.0,15.0
7fecbcdb,270.0,237.0,33.0,9.0,1.0,0.0,13,24.0,0.0,0.0,0.0,0.0,218.0,0.0,6.0
b2bd0f6c,897.0,852.0,41.0,10.0,6.0,2.0,49,23.0,8.0,2.0,1.0,0.0,718.0,4.0,37.0
a0d55a09,172.0,169.0,2.0,0.0,0.0,1.0,9,2.0,0.0,0.0,0.0,0.0,116.0,1.0,5.0
1ddbc7ca,933.0,781.0,151.0,15.0,1.0,2.0,37,136.0,0.0,0.0,0.0,0.0,735.0,1.0,30.0
3a24769f,302.0,270.0,31.0,6.0,1.0,1.0,24,3.0,22.0,8.0,9.0,0.0,236.0,1.0,4.0
e3844ecb,223.0,192.0,30.0,16.0,0.0,2.0,31,6.0,8.0,1.0,4.0,0.0,153.0,1.0,9.0
20e0dd86,470.0,439.0,29.0,1.0,4.0,0.0,34,28.0,0.0,0.0,0.0,0.0,289.0,2.0,21.0
5e6355f8,19.0,17.0,2.0,0.0,0.0,0.0,0,0.0,0.0,0.0,0.0,0.0,14.0,0.0,0.0
4a5e83ad,174.0,173.0,1.0,1.0,0.0,2.0,5,0.0,0.0,0.0,0.0,0.0,141.0,0.0,2.0
5680bf3f,230.0,192.0,38.0,1.0,0.0,1.0,31,32.0,4.0,0.0,4.0,0.0,157.0,0.0,15.0
1a248246,346.0,291.0,52.0,21.0,3.0,2.0,37,10.0,14.0,3.0,6.0,0.0,254.0,3.0,8.0
1a248246,158.0,136.0,22.0,7.0,1.0,7.0,21,1.0,14.0,10.0,4.0,0.0,114.0,0.0,7.0
2b1bed19,763.0,737.0,23.0,17.0,1.0,7.0,7,3.0,0.0,0.0,0.0,0.0,636.0,3.0,16.0
10f0fdd3,883.0,792.0,86.0,19.0,4.0,6.0,97,22.0,43.0,11.0,31.0,0.0,665.0,5.0,17.0
c678ddd7,85.0,84.0,1.0,1.0,0.0,1.0,0,0.0,0.0,0.0,0.0,0.0,79.0,0.0,0.0
3bd65247,237.0,223.0,14.0,0.0,2.0,3.0,5,0.0,2.0,2.0,0.0,0.0,186.0,0.0,8.0
1f6298f2,2.0,2.0,0.0,0.0,0.0,0.0,0,0.0,0.0,0.0,0.0,0.0,2.0,0.0,0.0
942b4f90,369.0,347.0,21.0,0.0,1.0,0.0,10,0.0,0.0,0.0,0.0,0.0,280.0,1.0,10.0
3189f61a,1366.0,1231.0,129.0,84.0,4.0,13.0,69,1.0,44.0,35.0,8.0,0.0,1108.0,6.0,16.0
e4114f5d,20.0,20.0,0.0,0.0,0.0,0.0,0,0.0,0.0,0.0,0.0,0.0,17.0,0.0,1.0
0b2c9aec,211.0,188.0,23.0,5.0,1.0,0.0,42,2.0,13.0,5.0,7.0,0.0,136.0,0.0,10.0
3916b09c,417.0,345.0,69.0,12.0,0.0,4.0,14,57.0,0.0,0.0,0.0,0.0,324.0,3.0,8.0
28dabd43,436.0,277.0,157.0,36.0,0.0,0.0,0,0.0,0.0,0.0,0.0,0.0,311.0,2.0,1.0
433dc9a2,666.0,609.0,57.0,5.0,0.0,2.0,7,52.0,0.0,0.0,0.0,0.0,618.0,0.0,8.0
03e91055,19.0,17.0,2.0,1.0,0.0,0.0,0,0.0,1.0,0.0,0.0,0.0,19.0,0.0,0.0
47c609d5,20.0,16.0,4.0,0.0,0.0,0.0,0,0.0,0.0,0.0,0.0,0.0,16.0,0.0,1.0
a3e1d20d,34.0,33.0,1.0,1.0,0.0,0.0,1,0.0,0.0,0.0,0.0,0.0,33.0,0.0,0.0
636247ca,111.0,104.0,3.0,1.0,0.0,2.0,2,1.0,1.0,0.0,0.0,0.0,75.0,4.0,4.0
3d214e5f,688.0,443.0,244.0,59.0,0.0,1.0,0,0.0,0.0,0.0,0.0,0.0,502.0,1.0,0.0
967f34d3,153.0,113.0,40.0,4.0,0.0,0.0,0,0.0,0.0,0.0,0.0,0.0,120.0,0.0,0.0
6191093d,799.0,717.0,77.0,34.0,2.0,21.0,74,8.0,25.0,16.0,7.0,0.0,633.0,5.0,16.0
3cdfc63e,1009.0,965.0,44.0,42.0,1.0,5.0,1,2.0,0.0,0.0,0.0,0.0,880.0,0.0,1.0
6a9e4913,29.0,13.0,16.0,5.0,0.0,1.0,0,0.0,0.0,0.0,0.0,0.0,21.0,0.0,1.0
5b479568,30.0,29.0,1.0,0.0,0.0,0.0,1,0.0,0.0,0.0,0.0,0.0,21.0,0.0,1.0
2db2fd7b,162.0,157.0,5.0,5.0,1.0,1.0,1,0.0,0.0,0.0,0.0,0.0,128.0,0.0,1.0
7d937aa1,20.0,19.0,1.0,0.0,1.0,0.0,2,0.0,1.0,1.0,0.0,0.0,12.0,0.0,2.0
f6496133,98.0,91.0,7.0,1.0,0.0,0.0,8,0.0,5.0,3.0,2.0,0.0,79.0,0.0,2.0
9f936061,985.0,787.0,194.0,10.0,3.0,0.0,57,184.0,0.0,0.0,0.0,0.0,760.0,4.0,26.0
c03b7266,30.0,26.0,4.0,2.0,0.0,0.0,2,2.0,0.0,0.0,0.0,0.0,23.0,0.0,1.0
65fcf987,47.0,47.0,0.0,0.0,0.0,0.0,0,0.0,0.0,0.0,0.0,0.0,33.0,0.0,1.0
0400dd2f,90.0,83.0,6.0,1.0,0.0,0.0,10,2.0,3.0,0.0,1.0,0.0,69.0,1.0,3.0
f9d5908e,528.0,518.0,9.0,8.0,3.0,0.0,11,1.0,0.0,0.0,0.0,0.0,458.0,1.0,9.0
4fb18ca4,23.0,15.0,8.0,0.0,0.0,0.0,1,8.0,0.0,0.0,0.0,0.0,13.0,0.0,1.0
b0c71810,487.0,446.0,39.0,11.0,4.0,6.0,37,10.0,16.0,10.0,0.0,0.0,370.0,2.0,13.0
62e02107,64.0,58.0,6.0,0.0,0.0,0.0,7,6.0,0.0,0.0,0.0,0.0,47.0,0.0,2.0
20e73fac,1259.0,1113.0,139.0,30.0,6.0,9.0,154,31.0,78.0,32.0,33.0,0.0,921.0,7.0,29.0
02bcaf8e,222.0,207.0,15.0,3.0,1.0,2.0,32,5.0,5.0,1.0,1.0,0.0,164.0,0.0,10.0
5b146df3,1057.0,906.0,145.0,45.0,1.0,9.0,30,100.0,0.0,0.0,0.0,0.0,802.0,6.0,18.0
b088d5d3,424.0,347.0,76.0,7.0,0.0,1.0,52,60.0,9.0,6.0,2.0,0.0,292.0,1.0,17.0
af69e7f0,99.0,84.0,15.0,0.0,0.0,0.0,3,15.0,0.0,0.0,0.0,0.0,78.0,0.0,3.0
3b676989,16.0,16.0,0.0,0.0,0.0,0.0,1,0.0,0.0,0.0,0.0,0.0,8.0,0.0,0.0
7b082ec2,334.0,264.0,69.0,4.0,1.0,1.0,14,65.0,0.0,0.0,0.0,0.0,240.0,1.0,10.0
db87a2c4,67.0,43.0,24.0,6.0,0.0,0.0,0,0.0,0.0,0.0,0.0,0.0,54.0,0.0,0.0
148e136f,1077.0,964.0,110.0,36.0,7.0,3.0,84,12.0,54.0,17.0,23.0,1.0,870.0,3.0,28.0
46359159,346.0,266.0,78.0,4.0,1.0,2.0,50,41.0,33.0,12.0,14.0,0.0,261.0,2.0,7.0
928a4a61,440.0,427.0,12.0,9.0,5.0,4.0,3,2.0,1.0,0.0,0.0,0.0,351.0,1.0,12.0
94f8d10c,2.0,2.0,0.0,0.0,0.0,0.0,0,0.0,0.0,0.0,0.0,0.0,2.0,0.0,0.0
8577e60a,507.0,470.0,34.0,6.0,0.0,1.0,10,6.0,0.0,0.0,0.0,0.0,417.0,3.0,11.0
489e80e3,881.0,851.0,25.0,21.0,3.0,15.0,3,4.0,0.0,0.0,0.0,0.0,773.0,5.0,10.0
5a6b06cd,8.0,8.0,0.0,0.0,0.0,0.0,2,0.0,0.0,0.0,0.0,0.0,7.0,0.0,0.0
7d3dfdfd,231.0,224.0,5.0,5.0,0.0,0.0,0,0.0,0.0,0.0,0.0,0.0,209.0,2.0,2.0
9f4a940f,27.0,27.0,0.0,0.0,0.0,0.0,2,0.0,0.0,0.0,0.0,0.0,19.0,0.0,0.0
79b2399c,485.0,446.0,39.0,7.0,0.0,2.0,30,17.0,14.0,7.0,5.0,0.0,397.0,0.0,5.0
f81ef10d,1093.0,1037.0,54.0,20.0,4.0,4.0,48,3.0,29.0,15.0,9.0,0.0,917.0,2.0,21.0
5e080f73,58.0,53.0,5.0,0.0,1.0,0.0,1,1.0,0.0,0.0,0.0,0.0,34.0,0.0,3.0
e3e32fbb,65.0,55.0,9.0,3.0,0.0,0.0,4,6.0,0.0,0.0,0.0,0.0,49.0,1.0,2.0
8608f269,53.0,29.0,23.0,9.0,0.0,0.0,0,0.0,0.0,0.0,0.0,0.0,21.0,1.0,0.0
e0f3a1f6,869.0,818.0,50.0,24.0,0.0,6.0,5,26.0,0.0,0.0,0.0,0.0,725.0,1.0,4.0
4db5915d,186.0,174.0,11.0,2.0,1.0,0.0,26,4.0,5.0,2.0,2.0,0.0,122.0,1.0,12.0
c92c24f0,714.0,676.0,38.0,31.0,1.0,9.0,0,3.0,0.0,0.0,0.0,0.0,636.0,0.0,6.0
3c6bbbab,545.0,453.0,91.0,6.0,0.0,2.0,42,85.0,0.0,0.0,0.0,0.0,401.0,1.0,16.0
f5dfc256,0.0,0.0,0.0,0.0,0.0,0.0,0,0.0,0.0,0.0,0.0,0.0,0.0,0.0,0.0
5d9577aa,133.0,129.0,4.0,3.0,0.0,0.0,0,0.0,0.0,0.0,0.0,0.0,116.0,0.0,0.0
2180c761,192.0,185.0,7.0,1.0,0.0,0.0,0,6.0,0.0,0.0,0.0,0.0,179.0,0.0,0.0
357103bd,612.0,582.0,26.0,6.0,3.0,8.0,34,7.0,7.0,1.0,3.0,0.0,434.0,4.0,20.0
18ebca4b,89.0,78.0,11.0,0.0,0.0,2.0,1,1.0,0.0,0.0,0.0,0.0,79.0,0.0,2.0
16aa7d4c,841.0,785.0,53.0,51.0,0.0,18.0,2,2.0,0.0,0.0,0.0,0.0,688.0,3.0,2.0
279ddf6a,763.0,722.0,37.0,23.0,4.0,7.0,24,8.0,6.0,4.0,2.0,0.0,628.0,4.0,22.0
b34c63a5,575.0,493.0,80.0,16.0,5.0,4.0,71,11.0,48.0,17.0,24.0,0.0,435.0,2.0,10.0
9d498560,91.0,75.0,16.0,0.0,0.0,0.0,4,16.0,0.0,0.0,0.0,0.0,78.0,0.0,1.0
b3d76d84,610.0,520.0,89.0,27.0,2.0,1.0,0,0.0,0.0,0.0,0.0,0.0,474.0,1.0,0.0
68a26d51,1208.0,1147.0,56.0,39.0,1.0,17.0,10,2.0,0.0,0.0,0.0,0.0,1031.0,5.0,14.0
7909ffa4,665.0,636.0,26.0,23.0,2.0,6.0,12,3.0,0.0,0.0,0.0,0.0,526.0,3.0,13.0
7495aba7,113.0,101.0,11.0,1.0,0.0,0.0,10,9.0,1.0,1.0,0.0,0.0,75.0,1.0,6.0
ff4d0258,11.0,11.0,0.0,0.0,0.0,0.0,0,0.0,0.0,0.0,0.0,0.0,8.0,0.0,0.0
741418c3,25.0,25.0,0.0,0.0,0.0,1.0,1,0.0,0.0,0.0,0.0,0.0,20.0,0.0,2.0
741418c3,180.0,178.0,1.0,0.0,1.0,0.0,6,0.0,1.0,1.0,0.0,0.0,150.0,1.0,4.0
5219ab4a,858.0,720.0,136.0,10.0,2.0,5.0,67,119.0,7.0,1.0,5.0,0.0,642.0,2.0,28.0
3010aefb,140.0,130.0,10.0,3.0,0.0,0.0,12,6.0,1.0,0.0,1.0,0.0,103.0,0.0,6.0
c4065f40,353.0,340.0,12.0,4.0,0.0,4.0,5,8.0,0.0,0.0,0.0,0.0,287.0,1.0,3.0
cfa49cc1,542.0,448.0,92.0,8.0,2.0,5.0,23,84.0,0.0,0.0,0.0,0.0,438.0,2.0,21.0
0e7ccfc4,299.0,240.0,58.0,4.0,0.0,0.0,39,47.0,7.0,0.0,5.0,0.0,198.0,1.0,11.0
59948ef7,703.0,686.0,13.0,3.0,3.0,1.0,46,6.0,4.0,3.0,1.0,0.0,570.0,4.0,12.0
bfb2056e,20.0,20.0,0.0,0.0,0.0,0.0,0,0.0,0.0,0.0,0.0,0.0,18.0,0.0,0.0
909222de,253.0,241.0,12.0,1.0,2.0,4.0,7,0.0,0.0,0.0,0.0,0.0,172.0,0.0,8.0
2434f24a,593.0,373.0,218.0,81.0,0.0,3.0,0,0.0,0.0,0.0,0.0,0.0,414.0,2.0,0.0
ef8ae23b,712.0,670.0,40.0,38.0,5.0,4.0,4,2.0,0.0,0.0,0.0,0.0,611.0,2.0,8.0
8f325097,592.0,498.0,90.0,8.0,1.0,2.0,14,82.0,0.0,0.0,0.0,0.0,429.0,4.0,16.0
1ec7e1c5,254.0,238.0,16.0,2.0,0.0,3.0,2,14.0,0.0,0.0,0.0,0.0,217.0,0.0,3.0
29c02c9f,338.0,275.0,62.0,4.0,0.0,0.0,26,58.0,0.0,0.0,0.0,0.0,276.0,1.0,10.0
b70afb45,315.0,311.0,3.0,0.0,0.0,3.0,12,1.0,0.0,0.0,0.0,0.0,209.0,1.0,17.0
7ef972c3,63.0,50.0,13.0,2.0,0.0,1.0,2,11.0,0.0,0.0,0.0,0.0,57.0,0.0,1.0
6e33125f,1696.0,1623.0,73.0,56.0,1.0,1.0,0,6.0,0.0,0.0,0.0,0.0,1533.0,0.0,9.0
fd2bc67d,1624.0,1562.0,58.0,48.0,3.0,10.0,2,2.0,0.0,0.0,0.0,0.0,1455.0,4.0,8.0
5069b796,579.0,557.0,20.0,20.0,0.0,4.0,0,0.0,0.0,0.0,0.0,0.0,467.0,2.0,4.0
ce50fd99,555.0,513.0,38.0,1.0,4.0,1.0,4,2.0,0.0,0.0,0.0,0.0,455.0,4.0,25.0
5fdcb075,628.0,507.0,116.0,5.0,0.0,0.0,15,110.0,0.0,0.0,0.0,0.0,489.0,5.0,15.0
4ca4f601,481.0,444.0,33.0,2.0,3.0,2.0,12,5.0,1.0,1.0,0.0,0.0,372.0,4.0,12.0
0be95d34,370.0,315.0,54.0,15.0,1.0,3.0,59,13.0,26.0,14.0,12.0,0.0,240.0,1.0,8.0
8332db56,387.0,320.0,67.0,1.0,1.0,0.0,46,66.0,0.0,0.0,0.0,0.0,258.0,0.0,17.0
e4448c8c,14.0,12.0,2.0,0.0,0.0,0.0,0,2.0,0.0,0.0,0.0,0.0,8.0,0.0,1.0
d33c706e,230.0,211.0,17.0,1.0,1.0,2.0,15,0.0,0.0,0.0,0.0,0.0,139.0,2.0,4.0
d33c706e,58.0,53.0,4.0,0.0,0.0,0.0,4,2.0,0.0,0.0,0.0,0.0,31.0,1.0,2.0
7304f3b1,82.0,71.0,10.0,3.0,0.0,0.0,12,3.0,4.0,1.0,2.0,0.0,55.0,1.0,3.0
e7986081,169.0,154.0,15.0,0.0,0.0,0.0,2,1.0,0.0,0.0,0.0,0.0,121.0,0.0,9.0
11f54bd5,26.0,26.0,0.0,0.0,0.0,0.0,3,0.0,0.0,0.0,0.0,0.0,22.0,0.0,1.0
99d660b2,1543.0,1315.0,219.0,64.0,6.0,51.0,185,18.0,109.0,39.0,63.0,0.0,1171.0,9.0,29.0
477e50ce,26.0,18.0,8.0,2.0,0.0,0.0,0,0.0,0.0,0.0,0.0,0.0,22.0,0.0,0.0
1d5c96f8,954.0,809.0,141.0,11.0,0.0,0.0,29,130.0,0.0,0.0,0.0,0.0,806.0,4.0,19.0
1bfb6fef,1417.0,1195.0,221.0,29.0,0.0,5.0,17,192.0,0.0,0.0,0.0,0.0,1239.0,1.0,26.0
d8c19a60,68.0,48.0,20.0,1.0,0.0,0.0,7,19.0,0.0,0.0,0.0,0.0,48.0,0.0,2.0
fb55f63a,25.0,15.0,10.0,0.0,0.0,0.0,3,10.0,0.0,0.0,0.0,0.0,15.0,0.0,1.0
6605d143,397.0,380.0,13.0,1.0,4.0,2.0,4,0.0,0.0,0.0,0.0,0.0,275.0,4.0,18.0
b3244eeb,818.0,673.0,143.0,10.0,4.0,3.0,27,133.0,0.0,0.0,0.0,0.0,614.0,2.0,21.0
6d0fe035,318.0,311.0,7.0,1.0,0.0,0.0,14,5.0,1.0,0.0,0.0,0.0,235.0,0.0,9.0
698f11e3,520.0,447.0,70.0,18.0,0.0,4.0,13,52.0,0.0,0.0,0.0,0.0,435.0,3.0,11.0
29939a1d,277.0,263.0,14.0,1.0,0.0,0.0,14,9.0,4.0,2.0,0.0,0.0,197.0,0.0,13.0
8104e41e,563.0,551.0,9.0,1.0,0.0,1.0,44,8.0,0.0,0.0,0.0,0.0,429.0,3.0,19.0
f41a69e6,945.0,648.0,295.0,111.0,0.0,6.0,0,0.0,0.0,0.0,0.0,0.0,662.0,2.0,0.0
40774c6b,43.0,39.0,4.0,0.0,0.0,0.0,1,0.0,0.0,0.0,0.0,0.0,27.0,0.0,1.0
40774c6b,51.0,50.0,1.0,0.0,1.0,0.0,5,1.0,0.0,0.0,0.0,0.0,38.0,0.0,5.0
92b56413,78.0,68.0,9.0,2.0,0.0,0.0,5,2.0,5.0,2.0,1.0,0.0,55.0,1.0,1.0
6de23ab0,885.0,832.0,53.0,30.0,0.0,2.0,2,21.0,0.0,0.0,0.0,0.0,755.0,0.0,9.0
4be0b467,115.0,100.0,15.0,0.0,0.0,1.0,3,2.0,0.0,0.0,0.0,0.0,90.0,0.0,2.0
37143438,42.0,40.0,2.0,1.0,1.0,0.0,2,1.0,0.0,0.0,0.0,0.0,34.0,0.0,2.0
19053e31,531.0,495.0,35.0,8.0,4.0,7.0,34,3.0,23.0,11.0,6.0,0.0,422.0,1.0,10.0
19053e31,33.0,26.0,7.0,1.0,0.0,0.0,7,0.0,6.0,4.0,2.0,0.0,20.0,0.0,1.0
eedea60b,592.0,432.0,157.0,40.0,0.0,3.0,0,0.0,0.0,0.0,0.0,0.0,461.0,3.0,0.0
ad82197c,1283.0,1228.0,54.0,34.0,2.0,20.0,12,20.0,0.0,0.0,0.0,0.0,1077.0,1.0,11.0
b2336681,1582.0,1499.0,79.0,35.0,0.0,3.0,3,20.0,0.0,0.0,0.0,0.0,1465.0,4.0,11.0
43e7a164,1146.0,1083.0,60.0,45.0,0.0,20.0,4,8.0,0.0,0.0,0.0,0.0,927.0,3.0,10.0
627b570a,14.0,14.0,0.0,0.0,0.0,0.0,0,0.0,0.0,0.0,0.0,0.0,11.0,0.0,1.0
1bd5bdc4,2.0,2.0,0.0,0.0,0.0,0.0,0,0.0,0.0,0.0,0.0,0.0,2.0,0.0,0.0
fffea3e5,251.0,250.0,0.0,0.0,1.0,0.0,11,0.0,0.0,0.0,0.0,0.0,206.0,1.0,8.0
836dc4a8,14.0,14.0,0.0,0.0,0.0,1.0,2,0.0,0.0,0.0,0.0,0.0,7.0,0.0,2.0
1b5b32d2,11.0,10.0,1.0,1.0,0.0,0.0,0,0.0,0.0,0.0,0.0,0.0,10.0,0.0,0.0
08f5afaa,662.0,493.0,169.0,31.0,0.0,1.0,0,0.0,0.0,0.0,0.0,0.0,565.0,0.0,0.0
a1dbfcb1,59.0,55.0,4.0,0.0,0.0,0.0,10,4.0,0.0,0.0,0.0,0.0,39.0,0.0,2.0
dff0c299,79.0,76.0,3.0,2.0,0.0,2.0,0,1.0,0.0,0.0,0.0,0.0,67.0,0.0,1.0
92d90c8f,34.0,33.0,1.0,0.0,1.0,0.0,0,0.0,1.0,0.0,0.0,0.0,21.0,0.0,1.0
9e7483ff,333.0,321.0,11.0,0.0,2.0,0.0,21,0.0,10.0,5.0,3.0,0.0,267.0,1.0,2.0
b4ef3fb5,4.0,3.0,1.0,1.0,0.0,0.0,0,0.0,0.0,0.0,0.0,0.0,4.0,0.0,0.0
0512a60a,572.0,519.0,52.0,24.0,2.0,9.0,6,28.0,0.0,0.0,0.0,0.0,468.0,1.0,12.0
9226aa22,388.0,377.0,7.0,2.0,3.0,1.0,8,3.0,1.0,0.0,0.0,0.0,307.0,4.0,12.0
9daeac61,795.0,646.0,149.0,16.0,0.0,0.0,40,130.0,3.0,3.0,0.0,0.0,637.0,0.0,16.0
6d7ede84,59.0,57.0,2.0,0.0,0.0,1.0,0,0.0,0.0,0.0,0.0,0.0,40.0,0.0,2.0
0e12089d,849.0,620.0,228.0,61.0,0.0,1.0,0,0.0,0.0,0.0,0.0,0.0,661.0,1.0,1.0
0cbc8baa,872.0,693.0,175.0,10.0,0.0,6.0,46,165.0,0.0,0.0,0.0,0.0,641.0,4.0,30.0
5b92d896,226.0,208.0,17.0,1.0,1.0,1.0,0,0.0,0.0,0.0,0.0,0.0,187.0,1.0,4.0
104b4ad3,35.0,33.0,2.0,0.0,1.0,0.0,1,1.0,0.0,0.0,0.0,0.0,26.0,0.0,0.0
0d7b6576,303.0,268.0,33.0,0.0,0.0,1.0,13,1.0,0.0,0.0,0.0,0.0,201.0,2.0,19.0
0b4f388a,377.0,357.0,13.0,1.0,3.0,2.0,1,1.0,0.0,0.0,0.0,0.0,257.0,7.0,17.0
1a066e69,611.0,576.0,34.0,29.0,0.0,0.0,1,4.0,0.0,0.0,0.0,0.0,491.0,1.0,7.0
bc7b4580,117.0,94.0,21.0,1.0,0.0,0.0,6,20.0,0.0,0.0,0.0,0.0,87.0,2.0,2.0
83f03b07,440.0,347.0,92.0,7.0,0.0,1.0,8,85.0,0.0,0.0,0.0,0.0,355.0,1.0,9.0
9c221d14,115.0,106.0,8.0,7.0,1.0,0.0,0,0.0,0.0,0.0,0.0,0.0,95.0,1.0,1.0
745ca0a3,138.0,124.0,14.0,2.0,0.0,0.0,14,1.0,11.0,10.0,0.0,0.0,110.0,0.0,1.0
745ca0a3,170.0,149.0,19.0,8.0,0.0,1.0,17,0.0,10.0,8.0,2.0,0.0,145.0,2.0,1.0
faf00ab8,261.0,256.0,5.0,4.0,2.0,2.0,4,1.0,0.0,0.0,0.0,0.0,214.0,0.0,3.0
4b792f35,9.0,6.0,2.0,0.0,0.0,0.0,0,0.0,0.0,0.0,0.0,0.0,5.0,1.0,0.0
375622c5,1284.0,1223.0,54.0,39.0,5.0,9.0,24,12.0,0.0,0.0,0.0,0.0,1091.0,7.0,15.0
50ac8941,41.0,39.0,2.0,0.0,0.0,0.0,3,2.0,0.0,0.0,0.0,0.0,33.0,0.0,0.0
caef7840,608.0,495.0,109.0,31.0,6.0,2.0,83,47.0,29.0,9.0,15.0,0.0,387.0,4.0,19.0
5313ed43,1184.0,1176.0,8.0,8.0,4.0,10.0,41,0.0,0.0,0.0,0.0,0.0,1040.0,0.0,25.0
9d420dad,243.0,170.0,73.0,20.0,0.0,0.0,0,0.0,0.0,0.0,0.0,0.0,173.0,0.0,0.0
822d51d7,1134.0,1097.0,32.0,20.0,7.0,11.0,5,1.0,0.0,0.0,0.0,0.0,929.0,5.0,17.0
90eb507d,534.0,443.0,89.0,8.0,0.0,3.0,22,81.0,0.0,0.0,0.0,0.0,436.0,2.0,15.0
90f87966,1261.0,1183.0,76.0,54.0,1.0,9.0,2,3.0,0.0,0.0,0.0,0.0,1131.0,2.0,2.0
574aa9ec,3.0,3.0,0.0,0.0,0.0,0.0,0,0.0,0.0,0.0,0.0,0.0,1.0,0.0,0.0
00a8d210,1258.0,959.0,295.0,48.0,1.0,4.0,199,153.0,94.0,41.0,36.0,0.0,925.0,4.0,23.0
4b96c347,118.0,112.0,5.0,1.0,0.0,0.0,7,0.0,4.0,1.0,3.0,0.0,96.0,1.0,2.0
db3164e1,536.0,339.0,194.0,61.0,0.0,3.0,0,0.0,0.0,0.0,0.0,0.0,363.0,3.0,0.0
42276181,602.0,568.0,32.0,1.0,6.0,1.0,18,3.0,0.0,0.0,0.0,0.0,476.0,2.0,25.0
23c63b7f,231.0,221.0,10.0,0.0,1.0,2.0,16,0.0,0.0,0.0,0.0,0.0,144.0,0.0,9.0
23c63b7f,11.0,9.0,2.0,0.0,0.0,0.0,0,0.0,0.0,0.0,0.0,0.0,10.0,0.0,0.0
868eaba0,1306.0,1193.0,110.0,84.0,2.0,14.0,27,8.0,18.0,10.0,4.0,0.0,1079.0,3.0,14.0
badcdcae,69.0,67.0,2.0,0.0,0.0,0.0,1,1.0,0.0,0.0,0.0,0.0,40.0,0.0,8.0
ea0ff634,185.0,174.0,10.0,0.0,1.0,0.0,4,1.0,0.0,0.0,0.0,0.0,126.0,1.0,7.0
8827bf46,185.0,177.0,7.0,1.0,0.0,1.0,3,5.0,1.0,0.0,0.0,0.0,150.0,1.0,7.0
5b3cfa12,31.0,29.0,2.0,1.0,0.0,0.0,0,0.0,1.0,0.0,0.0,0.0,27.0,0.0,0.0
c5adc293,210.0,155.0,54.0,8.0,0.0,0.0,19,36.0,10.0,1.0,9.0,0.0,145.0,1.0,9.0
41eebdf5,801.0,765.0,34.0,21.0,0.0,0.0,1,5.0,0.0,0.0,0.0,0.0,701.0,2.0,1.0
3befc2b6,1199.0,1164.0,31.0,30.0,1.0,14.0,7,1.0,0.0,0.0,0.0,0.0,1007.0,4.0,10.0
3708e9fa,766.0,690.0,74.0,20.0,4.0,8.0,72,11.0,43.0,17.0,22.0,1.0,537.0,2.0,27.0
1961b2aa,790.0,771.0,16.0,10.0,3.0,7.0,8,4.0,2.0,0.0,2.0,0.0,679.0,3.0,12.0
645a3363,1181.0,1124.0,56.0,29.0,2.0,16.0,40,0.0,25.0,10.0,10.0,0.0,1007.0,1.0,13.0
b8c1de25,397.0,379.0,15.0,15.0,1.0,13.0,0,0.0,0.0,0.0,0.0,0.0,349.0,3.0,6.0
a9d4c241,781.0,750.0,31.0,30.0,1.0,1.0,2,1.0,0.0,0.0,0.0,0.0,645.0,0.0,2.0
aad56ca3,74.0,66.0,6.0,1.0,0.0,0.0,6,0.0,3.0,3.0,0.0,0.0,53.0,2.0,7.0
aad56ca3,414.0,395.0,18.0,0.0,2.0,2.0,8,0.0,0.0,0.0,0.0,0.0,335.0,1.0,14.0
06c48679,1280.0,1229.0,49.0,37.0,3.0,10.0,9,6.0,0.0,0.0,0.0,0.0,1160.0,2.0,10.0
49136c42,445.0,384.0,58.0,19.0,2.0,5.0,16,39.0,0.0,0.0,0.0,0.0,330.0,3.0,7.0
4a987ffa,2.0,2.0,0.0,0.0,0.0,0.0,0,0.0,0.0,0.0,0.0,0.0,1.0,0.0,1.0
d5d22a58,76.0,66.0,10.0,1.0,0.0,0.0,11,9.0,0.0,0.0,0.0,0.0,55.0,0.0,1.0
f6857b4f,9.0,8.0,1.0,0.0,0.0,0.0,1,0.0,1.0,1.0,0.0,0.0,6.0,0.0,0.0
5ea8ef20,950.0,914.0,33.0,22.0,3.0,6.0,16,6.0,3.0,0.0,0.0,0.0,826.0,3.0,18.0
b73f17f8,263.0,258.0,3.0,1.0,1.0,2.0,27,1.0,0.0,0.0,0.0,0.0,172.0,2.0,9.0
7155e3e1,320.0,304.0,15.0,9.0,0.0,2.0,3,6.0,0.0,0.0,0.0,0.0,271.0,1.0,2.0
5d8d7454,225.0,155.0,70.0,10.0,0.0,0.0,20,56.0,4.0,1.0,3.0,0.0,142.0,0.0,11.0
923f4dda,8.0,8.0,0.0,0.0,0.0,0.0,0,0.0,0.0,0.0,0.0,0.0,8.0,0.0,0.0
7091324a,0.0,0.0,0.0,0.0,0.0,0.0,0,0.0,0.0,0.0,0.0,0.0,0.0,0.0,0.0
d56b9520,1312.0,1121.0,188.0,20.0,1.0,0.0,104,167.0,1.0,0.0,0.0,0.0,1070.0,3.0,37.0
576817b7,247.0,199.0,47.0,6.0,0.0,0.0,12,41.0,0.0,0.0,0.0,0.0,197.0,1.0,3.0
5167c97e,724.0,650.0,70.0,17.0,0.0,3.0,17,41.0,0.0,0.0,0.0,0.0,627.0,4.0,4.0
e42d61c7,1065.0,977.0,88.0,12.0,1.0,1.0,30,75.0,1.0,0.0,0.0,0.0,943.0,0.0,25.0
a94571f6,38.0,28.0,10.0,0.0,0.0,1.0,3,10.0,0.0,0.0,0.0,0.0,26.0,0.0,4.0
0b4d8274,277.0,227.0,48.0,11.0,0.0,1.0,49,5.0,20.0,4.0,14.0,0.0,195.0,2.0,10.0
52cd0e88,5.0,4.0,1.0,0.0,0.0,0.0,1,0.0,0.0,0.0,0.0,0.0,2.0,0.0,1.0
e7d59f4f,271.0,252.0,19.0,3.0,2.0,0.0,16,5.0,9.0,2.0,6.0,0.0,221.0,0.0,10.0
07ace8c3,14.0,14.0,0.0,0.0,0.0,0.0,0,0.0,0.0,0.0,0.0,0.0,7.0,0.0,1.0
563fcd6b,441.0,399.0,40.0,11.0,1.0,14.0,40,10.0,19.0,6.0,7.0,0.0,358.0,2.0,4.0
f28474a4,84.0,65.0,19.0,4.0,0.0,0.0,1,15.0,0.0,0.0,0.0,0.0,72.0,0.0,1.0
3681cfff,438.0,425.0,13.0,10.0,0.0,2.0,2,3.0,0.0,0.0,0.0,0.0,376.0,0.0,6.0
61b77d0a,44.0,39.0,4.0,0.0,1.0,0.0,0,0.0,0.0,0.0,0.0,0.0,27.0,1.0,2.0
db7849ca,702.0,607.0,90.0,14.0,1.0,7.0,148,12.0,61.0,23.0,29.0,2.0,451.0,5.0,27.0
00891164,1084.0,1050.0,33.0,27.0,0.0,7.0,0,6.0,0.0,0.0,0.0,0.0,936.0,1.0,5.0
910e3cad,3.0,3.0,0.0,0.0,0.0,0.0,0,0.0,0.0,0.0,0.0,0.0,3.0,0.0,0.0
d14229f3,546.0,515.0,25.0,1.0,2.0,0.0,11,10.0,3.0,1.0,0.0,0.0,404.0,6.0,12.0
fb0ee44e,422.0,384.0,35.0,0.0,0.0,1.0,17,3.0,0.0,0.0,0.0,0.0,289.0,3.0,15.0
c9f49454,60.0,60.0,0.0,0.0,0.0,0.0,1,0.0,0.0,0.0,0.0,0.0,47.0,0.0,3.0
546bb36e,428.0,421.0,7.0,7.0,0.0,3.0,0,0.0,0.0,0.0,0.0,0.0,379.0,0.0,3.0
cf182add,958.0,807.0,149.0,17.0,1.0,1.0,14,132.0,0.0,0.0,0.0,0.0,774.0,2.0,32.0
dbd3a428,637.0,581.0,50.0,7.0,16.0,2.0,99,7.0,31.0,7.0,17.0,0.0,400.0,6.0,26.0
a0415710,414.0,347.0,62.0,11.0,0.0,1.0,35,48.0,3.0,1.0,0.0,0.0,284.0,5.0,12.0
96f4ebc0,7.0,6.0,1.0,0.0,0.0,0.0,2,0.0,1.0,0.0,1.0,0.0,4.0,0.0,0.0
eeba07f8,78.0,74.0,4.0,0.0,0.0,1.0,0,0.0,0.0,0.0,0.0,0.0,53.0,0.0,3.0
300ec91c,9.0,9.0,0.0,0.0,0.0,0.0,0,0.0,0.0,0.0,0.0,0.0,4.0,0.0,0.0
5cb215fc,593.0,574.0,17.0,15.0,0.0,4.0,1,2.0,0.0,0.0,0.0,0.0,504.0,2.0,5.0
45cce300,5.0,5.0,0.0,0.0,0.0,0.0,0,0.0,0.0,0.0,0.0,0.0,5.0,0.0,0.0
5b4bc323,652.0,565.0,86.0,5.0,1.0,17.0,36,81.0,0.0,0.0,0.0,0.0,514.0,1.0,19.0
56ae428b,883.0,843.0,39.0,38.0,1.0,20.0,4,1.0,0.0,0.0,0.0,0.0,741.0,1.0,1.0
f323d995,672.0,643.0,27.0,24.0,0.0,5.0,0,1.0,0.0,0.0,0.0,0.0,563.0,2.0,6.0
c066d1a5,315.0,262.0,53.0,1.0,0.0,1.0,28,52.0,0.0,0.0,0.0,0.0,235.0,0.0,14.0
32f3d97e,44.0,39.0,5.0,2.0,0.0,1.0,3,2.0,1.0,1.0,0.0,0.0,36.0,0.0,1.0
5b1bf5e3,16.0,16.0,0.0,0.0,0.0,0.0,1,0.0,0.0,0.0,0.0,0.0,12.0,0.0,1.0
bf4c41f9,275.0,250.0,24.0,0.0,0.0,0.0,11,3.0,0.0,0.0,0.0,0.0,221.0,1.0,12.0
dd211559,1093.0,909.0,180.0,31.0,0.0,3.0,25,149.0,0.0,0.0,0.0,0.0,855.0,4.0,27.0
a426a912,42.0,37.0,5.0,0.0,0.0,0.0,0,5.0,0.0,0.0,0.0,0.0,34.0,0.0,0.0
3814120d,131.0,87.0,43.0,8.0,0.0,0.0,0,0.0,0.0,0.0,0.0,0.0,87.0,1.0,0.0
c5908bc4,31.0,30.0,1.0,1.0,0.0,0.0,1,0.0,0.0,0.0,0.0,0.0,21.0,0.0,1.0
c43a8336,120.0,93.0,27.0,1.0,0.0,1.0,5,26.0,0.0,0.0,0.0,0.0,96.0,0.0,5.0
c9f2f83a,111.0,105.0,5.0,5.0,0.0,0.0,0,0.0,0.0,0.0,0.0,0.0,99.0,1.0,0.0
796b1c41,552.0,484.0,61.0,21.0,1.0,2.0,48,0.0,40.0,14.0,18.0,0.0,377.0,7.0,15.0
2677a1de,299.0,254.0,43.0,15.0,2.0,6.0,26,9.0,9.0,4.0,5.0,0.0,215.0,2.0,15.0
3670aa71,12.0,11.0,1.0,1.0,0.0,0.0,0,0.0,0.0,0.0,0.0,0.0,11.0,0.0,0.0
aef6e670,502.0,453.0,48.0,13.0,1.0,0.0,0,20.0,0.0,0.0,0.0,0.0,469.0,1.0,6.0
3935e52e,724.0,672.0,51.0,12.0,1.0,3.0,14,39.0,0.0,0.0,0.0,0.0,607.0,1.0,12.0
1361e5bc,98.0,79.0,19.0,6.0,0.0,1.0,2,13.0,0.0,0.0,0.0,0.0,61.0,0.0,5.0
04bb2b06,199.0,195.0,4.0,0.0,1.0,0.0,1,1.0,0.0,0.0,0.0,0.0,129.0,0.0,7.0
e6eadfb8,221.0,191.0,30.0,2.0,0.0,2.0,13,28.0,0.0,0.0,0.0,0.0,168.0,0.0,3.0
86a2ba20,867.0,861.0,4.0,4.0,2.0,10.0,4,0.0,0.0,0.0,0.0,0.0,767.0,2.0,11.0
562a4799,238.0,233.0,5.0,3.0,0.0,1.0,0,2.0,0.0,0.0,0.0,0.0,195.0,0.0,2.0
c385bf49,307.0,248.0,57.0,4.0,0.0,0.0,14,53.0,0.0,0.0,0.0,0.0,250.0,2.0,8.0
397ba086,258.0,235.0,22.0,0.0,1.0,3.0,5,0.0,0.0,0.0,0.0,0.0,174.0,1.0,8.0
c90f380c,24.0,24.0,0.0,0.0,0.0,0.0,2,0.0,0.0,0.0,0.0,0.0,20.0,0.0,1.0
7cdda3bf,413.0,389.0,20.0,0.0,1.0,2.0,29,0.0,2.0,0.0,2.0,0.0,271.0,4.0,15.0
7cdda3bf,61.0,54.0,7.0,0.0,0.0,0.0,3,0.0,0.0,0.0,0.0,0.0,41.0,0.0,6.0
9dbb75ca,634.0,591.0,34.0,7.0,6.0,3.0,31,1.0,5.0,1.0,4.0,0.0,444.0,9.0,23.0
eb0db257,142.0,134.0,8.0,5.0,0.0,1.0,8,0.0,3.0,1.0,2.0,0.0,111.0,0.0,2.0
4e7db402,784.0,543.0,240.0,68.0,0.0,9.0,0,0.0,0.0,0.0,0.0,0.0,539.0,1.0,2.0
770d7eb8,360.0,264.0,95.0,28.0,1.0,5.0,31,55.0,12.0,5.0,7.0,0.0,263.0,1.0,9.0
01870104,95.0,87.0,8.0,0.0,0.0,0.0,2,0.0,0.0,0.0,0.0,0.0,55.0,0.0,3.0
f066022d,731.0,714.0,15.0,9.0,0.0,9.0,0,2.0,0.0,0.0,0.0,0.0,621.0,2.0,6.0
0ed063d6,568.0,460.0,105.0,7.0,4.0,0.0,34,97.0,0.0,0.0,0.0,0.0,435.0,3.0,14.0
2d22cea7,95.0,92.0,3.0,1.0,2.0,0.0,6,0.0,2.0,1.0,1.0,0.0,73.0,0.0,1.0
afe39ca8,399.0,360.0,38.0,4.0,0.0,0.0,10,30.0,0.0,0.0,0.0,0.0,316.0,1.0,13.0
547a72ad,112.0,93.0,19.0,0.0,0.0,0.0,10,19.0,0.0,0.0,0.0,0.0,83.0,0.0,2.0
88c4d190,222.0,212.0,8.0,0.0,1.0,1.0,16,1.0,0.0,0.0,0.0,0.0,150.0,2.0,9.0
6f806d99,1492.0,1308.0,180.0,79.0,9.0,10.0,102,7.0,70.0,26.0,29.0,2.0,1188.0,4.0,40.0
2321ea6e,1272.0,1028.0,241.0,41.0,2.0,1.0,31,200.0,0.0,0.0,0.0,0.0,1050.0,3.0,20.0
321a71a7,984.0,923.0,59.0,31.0,0.0,13.0,11,14.0,0.0,0.0,0.0,0.0,772.0,2.0,11.0
5bf26efc,16.0,15.0,1.0,1.0,0.0,0.0,0,0.0,0.0,0.0,0.0,0.0,12.0,0.0,0.0
2fa2a875,181.0,112.0,69.0,20.0,0.0,0.0,0,0.0,0.0,0.0,0.0,0.0,128.0,0.0,0.0
f5044e54,850.0,812.0,37.0,31.0,4.0,20.0,19,5.0,1.0,1.0,0.0,0.0,701.0,1.0,10.0
8ca9415f,21.0,20.0,1.0,0.0,0.0,0.0,0,0.0,0.0,0.0,0.0,0.0,17.0,0.0,1.0
2b471f99,637.0,629.0,5.0,5.0,1.0,6.0,2,0.0,0.0,0.0,0.0,0.0,569.0,3.0,4.0
1e52971c,930.0,919.0,11.0,9.0,2.0,4.0,7,2.0,0.0,0.0,0.0,0.0,821.0,0.0,16.0
1e7aea56,569.0,352.0,212.0,83.0,0.0,0.0,0,0.0,0.0,0.0,0.0,0.0,342.0,5.0,0.0
fcc84a07,388.0,378.0,6.0,5.0,3.0,6.0,8,0.0,1.0,0.0,0.0,0.0,287.0,4.0,8.0
17e25e72,13.0,13.0,0.0,0.0,0.0,0.0,0,0.0,0.0,0.0,0.0,0.0,12.0,0.0,1.0
f7691f63,750.0,594.0,153.0,31.0,0.0,10.0,85,93.0,27.0,12.0,14.0,0.0,551.0,3.0,11.0
fd78b105,263.0,169.0,94.0,29.0,0.0,0.0,0,0.0,0.0,0.0,0.0,0.0,181.0,0.0,0.0
40221fa7,470.0,361.0,106.0,5.0,1.0,3.0,13,101.0,0.0,0.0,0.0,0.0,362.0,3.0,10.0
40221fa7,61.0,49.0,12.0,0.0,0.0,0.0,2,12.0,0.0,0.0,0.0,0.0,51.0,0.0,0.0
f00de885,633.0,440.0,190.0,58.0,0.0,1.0,0,0.0,0.0,0.0,0.0,0.0,490.0,3.0,0.0
7c2965bb,550.0,470.0,76.0,22.0,2.0,7.0,70,3.0,43.0,15.0,17.0,0.0,384.0,4.0,18.0
20b9f052,701.0,541.0,159.0,46.0,0.0,3.0,0,0.0,0.0,0.0,0.0,0.0,567.0,1.0,2.0
64c14d49,455.0,448.0,5.0,3.0,0.0,5.0,4,1.0,1.0,0.0,0.0,0.0,384.0,2.0,6.0
fc4cf6a7,1013.0,841.0,170.0,14.0,2.0,0.0,33,156.0,0.0,0.0,0.0,0.0,841.0,2.0,27.0
1a2935f6,573.0,558.0,15.0,15.0,1.0,3.0,4,0.0,0.0,0.0,0.0,0.0,519.0,0.0,0.0
a99138af,154.0,152.0,1.0,1.0,1.0,2.0,1,0.0,0.0,0.0,0.0,0.0,134.0,1.0,1.0
5b9512c5,1491.0,1456.0,32.0,26.0,0.0,7.0,1,5.0,0.0,0.0,0.0,0.0,1336.0,3.0,10.0
e05082d1,319.0,300.0,19.0,10.0,2.0,4.0,25,1.0,7.0,3.0,4.0,0.0,263.0,0.0,5.0
b3f8bdef,660.0,540.0,119.0,8.0,0.0,2.0,47,110.0,1.0,1.0,0.0,0.0,540.0,1.0,22.0
dfc5d4fa,27.0,25.0,1.0,1.0,0.0,0.0,0,0.0,0.0,0.0,0.0,0.0,22.0,1.0,0.0
d4d35152,512.0,477.0,34.0,19.0,0.0,12.0,18,6.0,1.0,0.0,1.0,0.0,425.0,1.0,12.0
caa7aaea,1017.0,989.0,26.0,14.0,2.0,7.0,14,12.0,0.0,0.0,0.0,0.0,843.0,2.0,21.0
fc46aab1,596.0,548.0,44.0,15.0,0.0,2.0,46,7.0,22.0,9.0,7.0,0.0,470.0,4.0,28.0
22bfb57e,187.0,177.0,9.0,8.0,0.0,0.0,0,1.0,0.0,0.0,0.0,0.0,162.0,1.0,2.0
654f49ca,38.0,37.0,0.0,0.0,0.0,0.0,6,0.0,0.0,0.0,0.0,0.0,15.0,1.0,3.0
48d5bd33,233.0,211.0,20.0,4.0,0.0,0.0,24,2.0,14.0,6.0,5.0,0.0,182.0,2.0,3.0
0f86995c,10.0,10.0,0.0,0.0,0.0,0.0,1,0.0,0.0,0.0,0.0,0.0,8.0,0.0,0.0
1d2d5cc8,769.0,563.0,204.0,83.0,0.0,0.0,0,0.0,0.0,0.0,0.0,0.0,560.0,2.0,0.0
c801616a,658.0,558.0,97.0,57.0,1.0,6.0,61,3.0,37.0,17.0,15.0,0.0,446.0,3.0,13.0
c4173f1a,372.0,260.0,112.0,35.0,0.0,0.0,0,0.0,0.0,0.0,0.0,0.0,275.0,0.0,0.0
706a60e1,70.0,69.0,1.0,0.0,0.0,1.0,1,1.0,0.0,0.0,0.0,0.0,52.0,0.0,5.0
e54a9890,525.0,413.0,107.0,6.0,1.0,5.0,65,88.0,13.0,6.0,5.0,0.0,355.0,5.0,23.0
740f00ac,839.0,816.0,20.0,14.0,8.0,14.0,4,6.0,0.0,0.0,0.0,0.0,671.0,3.0,26.0
d9764034,814.0,784.0,29.0,25.0,0.0,6.0,0,0.0,0.0,0.0,0.0,0.0,709.0,1.0,8.0
d5f2f82b,1517.0,1464.0,49.0,28.0,3.0,4.0,0,15.0,0.0,0.0,0.0,0.0,1443.0,4.0,5.0
468fdbad,187.0,180.0,7.0,5.0,0.0,2.0,2,2.0,0.0,0.0,0.0,0.0,163.0,0.0,0.0
3ef0fa48,155.0,154.0,1.0,0.0,0.0,0.0,5,1.0,0.0,0.0,0.0,0.0,121.0,0.0,6.0
eba1e557,135.0,128.0,3.0,3.0,1.0,1.0,1,0.0,0.0,0.0,0.0,0.0,110.0,4.0,3.0
6ea05ca7,38.0,38.0,0.0,0.0,0.0,0.0,0,0.0,0.0,0.0,0.0,0.0,29.0,0.0,0.0
15944afd,257.0,251.0,5.0,4.0,0.0,4.0,0,0.0,0.0,0.0,0.0,0.0,210.0,1.0,3.0
cf1ef7ec,127.0,120.0,7.0,7.0,0.0,0.0,0,0.0,0.0,0.0,0.0,0.0,108.0,0.0,3.0
cf1ef7ec,117.0,97.0,18.0,2.0,0.0,0.0,2,16.0,0.0,0.0,0.0,0.0,101.0,2.0,0.0
70d4c949,6.0,6.0,0.0,0.0,0.0,0.0,0,0.0,0.0,0.0,0.0,0.0,3.0,0.0,1.0
a17a94d6,940.0,922.0,14.0,13.0,1.0,15.0,0,1.0,0.0,0.0,0.0,0.0,800.0,4.0,11.0
87d31635,54.0,47.0,7.0,4.0,0.0,0.0,5,0.0,3.0,3.0,0.0,0.0,44.0,0.0,3.0
30144daa,182.0,171.0,10.0,1.0,1.0,0.0,8,6.0,0.0,0.0,0.0,0.0,134.0,1.0,11.0
2c70d915,48.0,41.0,7.0,1.0,0.0,0.0,1,6.0,0.0,0.0,0.0,0.0,41.0,0.0,0.0
b20cc590,248.0,239.0,9.0,8.0,0.0,1.0,0,0.0,0.0,0.0,0.0,0.0,216.0,0.0,1.0
42fd9c7f,740.0,706.0,31.0,0.0,4.0,0.0,34,4.0,12.0,2.0,0.0,0.0,592.0,3.0,13.0
e76cb9cc,1255.0,1184.0,65.0,33.0,0.0,7.0,28,20.0,0.0,0.0,0.0,0.0,1056.0,6.0,16.0
890bc029,10.0,6.0,4.0,0.0,0.0,0.0,4,1.0,2.0,2.0,0.0,0.0,6.0,0.0,1.0
46750e9c,27.0,25.0,2.0,2.0,0.0,0.0,2,0.0,0.0,0.0,0.0,0.0,22.0,0.0,2.0
6f5ec8bb,1874.0,1768.0,103.0,76.0,3.0,17.0,21,21.0,0.0,0.0,0.0,0.0,1686.0,3.0,14.0
04ac78d2,345.0,340.0,5.0,4.0,0.0,0.0,0,1.0,0.0,0.0,0.0,0.0,314.0,0.0,2.0
d21e361a,152.0,133.0,18.0,2.0,0.0,0.0,8,13.0,3.0,1.0,0.0,0.0,103.0,1.0,7.0
70c52749,419.0,360.0,58.0,4.0,0.0,0.0,8,54.0,0.0,0.0,0.0,0.0,359.0,1.0,5.0
f20e4cc9,549.0,502.0,47.0,3.0,2.0,1.0,14,44.0,0.0,0.0,0.0,0.0,464.0,0.0,22.0
c6e5d20f,1323.0,1272.0,49.0,43.0,3.0,14.0,4,5.0,0.0,0.0,0.0,0.0,1135.0,2.0,12.0
3322e296,120.0,105.0,14.0,0.0,0.0,0.0,1,14.0,0.0,0.0,0.0,0.0,100.0,1.0,0.0
9f0f4b49,120.0,100.0,20.0,3.0,0.0,0.0,10,17.0,0.0,0.0,0.0,0.0,82.0,0.0,4.0
e472a6f6,888.0,874.0,12.0,11.0,2.0,8.0,6,1.0,0.0,0.0,0.0,0.0,763.0,2.0,9.0
9bdd8118,932.0,775.0,154.0,15.0,1.0,4.0,44,139.0,0.0,0.0,0.0,0.0,721.0,3.0,31.0
0bfca6a1,902.0,721.0,180.0,23.0,0.0,12.0,85,119.0,37.0,4.0,24.0,0.0,680.0,1.0,18.0
d70ce98e,1234.0,1137.0,78.0,19.0,38.0,6.0,50,2.0,49.0,21.0,18.0,0.0,985.0,19.0,35.0
85613cf0,37.0,34.0,3.0,0.0,0.0,0.0,0,0.0,0.0,0.0,0.0,0.0,28.0,0.0,1.0
f833a830,167.0,148.0,18.0,5.0,0.0,2.0,27,2.0,10.0,9.0,1.0,0.0,110.0,1.0,7.0
065dc209,60.0,54.0,5.0,0.0,0.0,0.0,1,0.0,0.0,0.0,0.0,0.0,44.0,1.0,2.0
065dc209,208.0,204.0,2.0,0.0,2.0,1.0,3,0.0,0.0,0.0,0.0,0.0,154.0,2.0,6.0
595e6f3e,244.0,231.0,13.0,0.0,1.0,0.0,8,1.0,0.0,0.0,0.0,0.0,143.0,0.0,15.0
7e82a78f,209.0,178.0,30.0,5.0,0.0,1.0,32,0.0,22.0,8.0,12.0,0.0,157.0,1.0,6.0
8499c713,4.0,4.0,0.0,0.0,0.0,0.0,0,0.0,0.0,0.0,0.0,0.0,3.0,0.0,0.0
3eaf8817,61.0,56.0,5.0,0.0,0.0,0.0,3,1.0,0.0,0.0,0.0,0.0,43.0,0.0,0.0
19ba6c6d,133.0,131.0,0.0,0.0,0.0,0.0,6,0.0,0.0,0.0,0.0,0.0,60.0,2.0,4.0
71d10572,163.0,150.0,11.0,0.0,0.0,0.0,4,0.0,0.0,0.0,0.0,0.0,90.0,2.0,7.0
af0c835b,680.0,669.0,9.0,7.0,0.0,4.0,4,2.0,0.0,0.0,0.0,0.0,586.0,2.0,15.0
ac73ec79,643.0,581.0,60.0,9.0,0.0,2.0,15,51.0,0.0,0.0,0.0,0.0,561.0,2.0,11.0
2acf0cd7,538.0,534.0,4.0,3.0,3.0,3.0,13,1.0,0.0,0.0,0.0,0.0,396.0,0.0,16.0
dc29b608,428.0,274.0,152.0,47.0,0.0,1.0,0,0.0,0.0,0.0,0.0,0.0,312.0,2.0,1.0
e110ea4b,30.0,29.0,1.0,0.0,0.0,0.0,1,1.0,0.0,0.0,0.0,0.0,25.0,0.0,1.0
65c55288,159.0,153.0,6.0,6.0,1.0,0.0,0,0.0,0.0,0.0,0.0,0.0,137.0,0.0,1.0
87e9c7cd,214.0,190.0,24.0,1.0,1.0,3.0,22,23.0,0.0,0.0,0.0,0.0,153.0,0.0,6.0
69384e5d,1261.0,1147.0,105.0,33.0,25.0,8.0,54,12.0,52.0,26.0,8.0,0.0,1010.0,9.0,27.0
46faabfa,62.0,56.0,6.0,0.0,0.0,2.0,2,0.0,0.0,0.0,0.0,0.0,43.0,0.0,2.0
2054d037,219.0,189.0,30.0,0.0,0.0,1.0,5,1.0,0.0,0.0,0.0,0.0,139.0,0.0,12.0
3f319bb9,1156.0,1130.0,24.0,21.0,0.0,14.0,0,3.0,0.0,0.0,0.0,0.0,957.0,2.0,7.0
7b9a9e25,364.0,340.0,23.0,3.0,1.0,1.0,30,9.0,4.0,1.0,2.0,0.0,267.0,1.0,14.0
374fbf7d,484.0,439.0,41.0,19.0,0.0,1.0,78,7.0,15.0,1.0,12.0,0.0,319.0,4.0,20.0
afb0c500,745.0,513.0,232.0,57.0,1.0,2.0,0,0.0,0.0,0.0,0.0,0.0,562.0,0.0,0.0
6043997c,518.0,497.0,21.0,21.0,0.0,3.0,1,0.0,0.0,0.0,0.0,0.0,446.0,0.0,4.0
35516eac,311.0,298.0,11.0,1.0,1.0,2.0,16,4.0,4.0,0.0,0.0,0.0,236.0,2.0,13.0
6993927b,668.0,617.0,51.0,25.0,0.0,3.0,3,22.0,0.0,0.0,0.0,0.0,535.0,0.0,10.0
4534a352,327.0,319.0,7.0,7.0,1.0,0.0,0,0.0,0.0,0.0,0.0,0.0,301.0,1.0,0.0
c631f952,415.0,283.0,132.0,47.0,0.0,2.0,0,0.0,0.0,0.0,0.0,0.0,295.0,0.0,0.0
ff4df82e,177.0,171.0,4.0,0.0,1.0,1.0,1,0.0,0.0,0.0,0.0,0.0,133.0,2.0,7.0
b5bb8188,198.0,190.0,8.0,8.0,0.0,1.0,2,0.0,0.0,0.0,0.0,0.0,171.0,0.0,3.0
8652a85c,274.0,236.0,36.0,1.0,4.0,2.0,20,6.0,0.0,0.0,0.0,0.0,184.0,2.0,13.0
2f9e4435,444.0,431.0,12.0,1.0,6.0,0.0,33,8.0,2.0,0.0,0.0,0.0,267.0,1.0,10.0
6b4436ba,29.0,29.0,0.0,0.0,0.0,0.0,0,0.0,0.0,0.0,0.0,0.0,28.0,0.0,0.0
83299cc0,72.0,72.0,0.0,0.0,1.0,0.0,0,0.0,0.0,0.0,0.0,0.0,65.0,0.0,2.0
83299cc0,630.0,603.0,24.0,13.0,2.0,7.0,17,4.0,5.0,4.0,0.0,0.0,542.0,3.0,11.0
ed90babd,413.0,365.0,43.0,10.0,4.0,3.0,60,3.0,30.0,13.0,6.0,0.0,289.0,5.0,11.0
cd9b37a3,7.0,6.0,1.0,1.0,0.0,0.0,1,0.0,0.0,0.0,0.0,0.0,6.0,0.0,0.0
779847d6,713.0,695.0,17.0,14.0,0.0,7.0,2,3.0,0.0,0.0,0.0,0.0,600.0,1.0,5.0
e5c1e0ca,918.0,883.0,31.0,28.0,0.0,7.0,2,1.0,0.0,0.0,0.0,0.0,768.0,4.0,8.0
9b6f7fd5,126.0,121.0,5.0,1.0,5.0,2.0,1,1.0,1.0,0.0,0.0,0.0,110.0,0.0,3.0
dff153a4,70.0,65.0,5.0,5.0,1.0,1.0,0,0.0,0.0,0.0,0.0,0.0,68.0,0.0,0.0
58ae47b2,399.0,356.0,42.0,12.0,6.0,6.0,46,1.0,27.0,12.0,10.0,0.0,286.0,1.0,8.0
f8ce97ca,48.0,38.0,10.0,0.0,0.0,0.0,1,10.0,0.0,0.0,0.0,0.0,40.0,0.0,3.0
0810b6df,211.0,138.0,73.0,14.0,0.0,0.0,0,0.0,0.0,0.0,0.0,0.0,141.0,0.0,0.0
57e3f0c7,523.0,484.0,37.0,13.0,2.0,3.0,27,7.0,15.0,8.0,1.0,0.0,410.0,2.0,18.0
5c42e7ce,79.0,63.0,15.0,0.0,0.0,0.0,9,15.0,0.0,0.0,0.0,0.0,56.0,1.0,2.0
8fd9996f,1010.0,962.0,47.0,24.0,0.0,3.0,0,9.0,0.0,0.0,0.0,0.0,946.0,1.0,5.0
8846a40f,330.0,316.0,12.0,4.0,0.0,6.0,22,3.0,4.0,4.0,0.0,0.0,225.0,2.0,11.0
10dd88f9,292.0,279.0,12.0,3.0,2.0,5.0,15,2.0,6.0,2.0,4.0,0.0,218.0,1.0,10.0
49070d66,480.0,433.0,46.0,18.0,0.0,6.0,7,25.0,0.0,0.0,0.0,0.0,399.0,1.0,6.0
64ba07c0,364.0,295.0,69.0,10.0,0.0,1.0,19,59.0,0.0,0.0,0.0,0.0,287.0,0.0,9.0
e546b2e3,614.0,568.0,42.0,7.0,2.0,1.0,11,9.0,2.0,0.0,0.0,0.0,499.0,4.0,18.0
be98f358,131.0,130.0,1.0,1.0,0.0,0.0,6,0.0,0.0,0.0,0.0,0.0,108.0,0.0,1.0
7d704e92,577.0,553.0,24.0,19.0,0.0,3.0,3,5.0,0.0,0.0,0.0,0.0,469.0,0.0,7.0
51c30111,906.0,846.0,59.0,48.0,3.0,10.0,23,0.0,10.0,8.0,2.0,0.0,758.0,1.0,9.0
7be7c08b,18.0,18.0,0.0,0.0,0.0,0.0,0,0.0,0.0,0.0,0.0,0.0,14.0,0.0,0.0
1b729a98,34.0,20.0,14.0,6.0,0.0,0.0,0,0.0,0.0,0.0,0.0,0.0,14.0,0.0,0.0
67f649be,208.0,161.0,47.0,15.0,0.0,0.0,0,0.0,0.0,0.0,0.0,0.0,134.0,0.0,0.0
8dbff17c,279.0,256.0,23.0,19.0,0.0,4.0,4,3.0,0.0,0.0,0.0,0.0,227.0,0.0,5.0
08511d65,1566.0,1504.0,60.0,36.0,0.0,29.0,11,24.0,0.0,0.0,0.0,0.0,1480.0,2.0,9.0
ef619b0b,708.0,646.0,60.0,29.0,5.0,9.0,31,5.0,26.0,8.0,11.0,0.0,597.0,2.0,7.0
79a793b7,37.0,32.0,5.0,2.0,0.0,0.0,2,3.0,0.0,0.0,0.0,0.0,33.0,0.0,0.0
25749008,495.0,473.0,20.0,4.0,0.0,2.0,42,15.0,1.0,0.0,0.0,0.0,354.0,2.0,33.0
40ef7347,560.0,545.0,12.0,1.0,3.0,2.0,33,10.0,0.0,0.0,0.0,0.0,408.0,3.0,13.0
fb3236a7,570.0,509.0,60.0,8.0,0.0,11.0,18,52.0,0.0,0.0,0.0,0.0,473.0,1.0,11.0
d504b3e1,69.0,64.0,5.0,2.0,0.0,1.0,0,0.0,0.0,0.0,0.0,0.0,57.0,0.0,1.0
d504b3e1,329.0,312.0,16.0,5.0,2.0,0.0,13,1.0,8.0,4.0,2.0,0.0,285.0,1.0,5.0
102c9665,397.0,378.0,17.0,8.0,0.0,3.0,2,0.0,0.0,0.0,0.0,0.0,359.0,2.0,3.0
7f41ee30,124.0,92.0,32.0,8.0,0.0,0.0,0,0.0,0.0,0.0,0.0,0.0,105.0,0.0,0.0
beae3a73,371.0,347.0,23.0,1.0,1.0,1.0,18,11.0,0.0,0.0,0.0,0.0,254.0,1.0,9.0
8d62d31a,928.0,918.0,9.0,9.0,0.0,3.0,1,0.0,0.0,0.0,0.0,0.0,830.0,1.0,3.0
ed45c4a5,1422.0,1391.0,28.0,23.0,1.0,12.0,4,5.0,0.0,0.0,0.0,0.0,1257.0,3.0,16.0
1a6b7ea4,552.0,541.0,10.0,7.0,0.0,0.0,2,3.0,0.0,0.0,0.0,0.0,492.0,1.0,3.0
9b545925,1332.0,1231.0,99.0,48.0,1.0,13.0,0,9.0,0.0,0.0,0.0,0.0,1144.0,2.0,11.0
90a9cc01,29.0,29.0,0.0,0.0,0.0,0.0,0,0.0,0.0,0.0,0.0,0.0,26.0,0.0,0.0
c0c7ff58,938.0,914.0,23.0,18.0,5.0,10.0,3,4.0,1.0,0.0,0.0,0.0,854.0,1.0,13.0
8299e363,152.0,118.0,34.0,0.0,0.0,0.0,5,34.0,0.0,0.0,0.0,0.0,122.0,0.0,2.0
6388e356,724.0,608.0,113.0,18.0,0.0,0.0,25,94.0,1.0,0.0,0.0,0.0,568.0,3.0,16.0
90fcf472,173.0,164.0,8.0,0.0,1.0,0.0,5,1.0,0.0,0.0,0.0,0.0,140.0,1.0,4.0
93c942fb,193.0,152.0,41.0,2.0,0.0,0.0,6,39.0,0.0,0.0,0.0,0.0,168.0,0.0,3.0
c9151d66,897.0,821.0,69.0,31.0,4.0,22.0,82,1.0,35.0,11.0,20.0,0.0,718.0,7.0,13.0
87935cf3,335.0,319.0,14.0,12.0,0.0,0.0,0,1.0,0.0,0.0,0.0,0.0,283.0,2.0,0.0
cad3fd4d,44.0,43.0,1.0,0.0,0.0,0.0,1,1.0,0.0,0.0,0.0,0.0,34.0,0.0,1.0
bc7cc472,298.0,280.0,16.0,0.0,2.0,0.0,12,0.0,0.0,0.0,0.0,0.0,219.0,2.0,10.0
c3725db2,1059.0,1018.0,38.0,29.0,1.0,11.0,4,5.0,0.0,0.0,0.0,0.0,884.0,3.0,9.0
fb14aa28,352.0,303.0,47.0,0.0,0.0,4.0,8,0.0,0.0,0.0,0.0,0.0,241.0,2.0,16.0
60d90c55,825.0,668.0,156.0,59.0,0.0,9.0,0,0.0,0.0,0.0,0.0,0.0,641.0,1.0,1.0
032f894e,409.0,400.0,7.0,4.0,2.0,3.0,2,2.0,1.0,0.0,1.0,0.0,376.0,2.0,6.0
2c0f8e9e,606.0,560.0,40.0,5.0,7.0,9.0,22,0.0,5.0,3.0,0.0,0.0,457.0,6.0,13.0
6e7f1353,131.0,123.0,5.0,3.0,0.0,1.0,6,1.0,0.0,0.0,0.0,0.0,98.0,3.0,5.0
5e22e2a4,818.0,798.0,20.0,20.0,1.0,7.0,3,0.0,0.0,0.0,0.0,0.0,704.0,0.0,7.0
9744ff80,187.0,171.0,15.0,2.0,5.0,1.0,16,1.0,12.0,5.0,5.0,0.0,147.0,1.0,5.0
f527a32c,665.0,590.0,69.0,27.0,10.0,1.0,48,7.0,32.0,20.0,7.0,1.0,523.0,6.0,19.0
d5326924,49.0,46.0,3.0,0.0,0.0,0.0,2,0.0,0.0,0.0,0.0,0.0,33.0,0.0,1.0
4315f30d,387.0,379.0,7.0,6.0,0.0,5.0,0,1.0,0.0,0.0,0.0,0.0,345.0,1.0,3.0
6bde367b,1144.0,948.0,188.0,75.0,3.0,20.0,148,20.0,89.0,36.0,43.0,2.0,806.0,8.0,25.0
53af52f3,810.0,554.0,255.0,61.0,0.0,4.0,0,0.0,0.0,0.0,0.0,0.0,615.0,1.0,1.0
cea59f02,952.0,860.0,91.0,19.0,0.0,3.0,18,72.0,0.0,0.0,0.0,0.0,805.0,1.0,17.0
834b5c4c,668.0,470.0,196.0,68.0,0.0,0.0,0,1.0,0.0,0.0,0.0,0.0,460.0,2.0,0.0
1d383c10,5.0,5.0,0.0,0.0,0.0,0.0,1,0.0,0.0,0.0,0.0,0.0,4.0,0.0,0.0
9c2b1f11,6.0,6.0,0.0,0.0,0.0,0.0,1,0.0,0.0,0.0,0.0,0.0,3.0,0.0,0.0
92ffb8f9,22.0,21.0,1.0,0.0,2.0,0.0,1,0.0,1.0,0.0,1.0,0.0,13.0,0.0,1.0
30af8b93,1237.0,975.0,257.0,51.0,0.0,3.0,98,161.0,45.0,27.0,13.0,0.0,937.0,5.0,26.0
fdbde523,226.0,198.0,27.0,0.0,1.0,1.0,12,2.0,0.0,0.0,0.0,0.0,163.0,1.0,9.0
5f3eaaf5,513.0,470.0,40.0,11.0,3.0,2.0,91,4.0,24.0,7.0,10.0,0.0,332.0,3.0,25.0
5e5249c8,445.0,441.0,4.0,0.0,1.0,4.0,27,3.0,0.0,0.0,0.0,0.0,330.0,0.0,13.0
0f8418aa,342.0,333.0,8.0,7.0,0.0,3.0,7,1.0,0.0,0.0,0.0,0.0,257.0,1.0,15.0
2acd49b9,488.0,469.0,19.0,15.0,0.0,1.0,16,4.0,0.0,0.0,0.0,0.0,380.0,0.0,16.0
d7547531,11.0,11.0,0.0,0.0,0.0,0.0,0,0.0,0.0,0.0,0.0,0.0,7.0,0.0,0.0
ffec9769,367.0,347.0,20.0,3.0,4.0,1.0,9,1.0,0.0,0.0,0.0,0.0,261.0,0.0,12.0
2ccd89a3,138.0,110.0,28.0,3.0,0.0,2.0,6,25.0,0.0,0.0,0.0,0.0,100.0,0.0,1.0
fed17f5a,429.0,412.0,17.0,5.0,3.0,1.0,17,5.0,7.0,3.0,2.0,0.0,361.0,0.0,12.0
f19f32b1,63.0,41.0,22.0,8.0,0.0,0.0,0,0.0,0.0,0.0,0.0,0.0,35.0,0.0,0.0
7a42d0df,990.0,960.0,25.0,5.0,8.0,13.0,59,13.0,0.0,0.0,0.0,0.0,752.0,5.0,30.0
86a49468,14.0,9.0,4.0,0.0,0.0,0.0,1,0.0,0.0,0.0,0.0,0.0,10.0,1.0,1.0
4e0afc5d,137.0,111.0,26.0,3.0,1.0,0.0,7,23.0,0.0,0.0,0.0,0.0,104.0,0.0,1.0
a45a5d95,120.0,113.0,7.0,0.0,0.0,1.0,3,7.0,0.0,0.0,0.0,0.0,95.0,0.0,0.0
9bc9a519,189.0,155.0,34.0,4.0,0.0,0.0,3,30.0,0.0,0.0,0.0,0.0,164.0,0.0,2.0
a08985b8,1459.0,1397.0,58.0,55.0,1.0,28.0,13,3.0,0.0,0.0,0.0,0.0,1234.0,4.0,29.0
8f7e6783,100.0,94.0,6.0,0.0,2.0,2.0,3,3.0,3.0,2.0,0.0,0.0,82.0,0.0,0.0
39b326ed,250.0,212.0,36.0,5.0,1.0,3.0,6,31.0,0.0,0.0,0.0,0.0,216.0,2.0,6.0
a62f8bf1,155.0,149.0,5.0,1.0,0.0,2.0,10,4.0,0.0,0.0,0.0,0.0,127.0,1.0,6.0
b99bec05,277.0,235.0,40.0,4.0,0.0,3.0,12,36.0,0.0,0.0,0.0,0.0,223.0,2.0,5.0
b99bec05,838.0,675.0,160.0,17.0,0.0,1.0,41,143.0,0.0,0.0,0.0,0.0,645.0,3.0,25.0
f0661424,1355.0,1141.0,210.0,14.0,0.0,0.0,42,196.0,0.0,0.0,0.0,0.0,1162.0,4.0,28.0
95192fe4,135.0,133.0,2.0,1.0,1.0,0.0,1,1.0,0.0,0.0,0.0,0.0,120.0,0.0,4.0
a0f9b535,880.0,853.0,24.0,20.0,2.0,6.0,5,2.0,2.0,0.0,0.0,0.0,750.0,3.0,18.0
a4a44eb0,1269.0,1193.0,76.0,29.0,0.0,1.0,1,2.0,0.0,0.0,0.0,0.0,1133.0,0.0,5.0
ed39121c,755.0,678.0,76.0,40.0,0.0,15.0,43,4.0,32.0,20.0,7.0,0.0,655.0,1.0,4.0
a65c844b,965.0,784.0,177.0,13.0,3.0,12.0,71,163.0,1.0,0.0,0.0,0.0,758.0,4.0,27.0
7f783431,471.0,383.0,86.0,4.0,0.0,0.0,36,82.0,0.0,0.0,0.0,0.0,341.0,2.0,9.0
5148dcc5,603.0,593.0,9.0,2.0,5.0,5.0,13,1.0,0.0,0.0,0.0,0.0,447.0,1.0,17.0
7120a04d,499.0,466.0,33.0,5.0,1.0,1.0,45,1.0,27.0,15.0,3.0,0.0,378.0,0.0,14.0
df8d6029,1727.0,1696.0,30.0,23.0,0.0,8.0,0,5.0,0.0,0.0,0.0,0.0,1556.0,1.0,10.0
f4bc42b1,282.0,257.0,23.0,2.0,1.0,2.0,16,20.0,1.0,0.0,1.0,0.0,223.0,2.0,4.0
c76b7567,524.0,502.0,21.0,11.0,2.0,3.0,8,3.0,1.0,0.0,0.0,0.0,429.0,1.0,13.0
c76b7567,197.0,193.0,3.0,1.0,0.0,2.0,8,1.0,1.0,1.0,0.0,0.0,150.0,1.0,12.0
7d9397f8,935.0,919.0,11.0,9.0,3.0,3.0,13,2.0,0.0,0.0,0.0,0.0,797.0,5.0,21.0
ca6f4846,18.0,16.0,2.0,0.0,0.0,0.0,0,0.0,0.0,0.0,0.0,0.0,14.0,0.0,0.0
88f130ed,1412.0,1365.0,43.0,40.0,1.0,8.0,3,1.0,0.0,0.0,0.0,0.0,1240.0,4.0,14.0
5ceba7fc,74.0,74.0,0.0,0.0,0.0,0.0,2,0.0,0.0,0.0,0.0,0.0,57.0,0.0,1.0
5ceba7fc,617.0,599.0,16.0,2.0,5.0,2.0,25,13.0,1.0,0.0,1.0,0.0,493.0,2.0,20.0
652d4c37,1019.0,990.0,29.0,23.0,6.0,13.0,16,3.0,1.0,0.0,0.0,0.0,900.0,0.0,11.0
a4b798a9,1087.0,1062.0,23.0,19.0,1.0,15.0,11,3.0,1.0,0.0,0.0,0.0,879.0,2.0,19.0
01fd01e8,38.0,37.0,1.0,1.0,0.0,0.0,0,0.0,0.0,0.0,0.0,0.0,32.0,0.0,0.0
01fd01e8,328.0,321.0,7.0,6.0,0.0,3.0,1,1.0,0.0,0.0,0.0,0.0,293.0,0.0,3.0
4e47507a,99.0,95.0,4.0,0.0,0.0,0.0,2,0.0,0.0,0.0,0.0,0.0,70.0,0.0,9.0
de488e56,168.0,125.0,43.0,4.0,0.0,0.0,5,39.0,0.0,0.0,0.0,0.0,134.0,0.0,5.0
a4b1028a,1269.0,1124.0,143.0,23.0,2.0,7.0,40,120.0,0.0,0.0,0.0,0.0,1077.0,2.0,18.0
5d0e0a1f,1265.0,1043.0,220.0,15.0,0.0,2.0,27,205.0,0.0,0.0,0.0,0.0,1004.0,2.0,32.0
906baf89,5.0,4.0,1.0,1.0,0.0,0.0,0,0.0,0.0,0.0,0.0,0.0,4.0,0.0,0.0
8a53d24b,51.0,44.0,6.0,0.0,0.0,0.0,0,0.0,0.0,0.0,0.0,0.0,35.0,1.0,2.0
1df4a109,455.0,445.0,10.0,10.0,0.0,3.0,2,0.0,0.0,0.0,0.0,0.0,392.0,0.0,8.0
1880614f,645.0,572.0,73.0,13.0,2.0,8.0,86,18.0,41.0,23.0,6.0,0.0,464.0,0.0,23.0
d75f3980,157.0,135.0,22.0,2.0,0.0,2.0,13,20.0,0.0,0.0,0.0,0.0,125.0,0.0,8.0
531a4aa8,689.0,528.0,160.0,7.0,0.0,0.0,46,153.0,0.0,0.0,0.0,0.0,485.0,1.0,22.0
ee45fd85,884.0,751.0,130.0,12.0,0.0,11.0,55,117.0,1.0,0.0,1.0,0.0,699.0,3.0,15.0
4a56052c,1286.0,1213.0,68.0,26.0,4.0,20.0,53,3.0,39.0,22.0,7.0,0.0,1096.0,5.0,15.0
1467af0d,1583.0,1489.0,90.0,75.0,7.0,1.0,5,15.0,0.0,0.0,0.0,0.0,1464.0,4.0,8.0
d60cf08d,148.0,138.0,10.0,9.0,0.0,0.0,0,1.0,0.0,0.0,0.0,0.0,123.0,0.0,3.0
b2791a55,464.0,447.0,17.0,6.0,0.0,0.0,3,11.0,0.0,0.0,0.0,0.0,354.0,0.0,6.0
01becd60,56.0,53.0,3.0,0.0,0.0,0.0,2,0.0,0.0,0.0,0.0,0.0,44.0,0.0,4.0
75438a9a,359.0,344.0,15.0,12.0,0.0,1.0,0,3.0,0.0,0.0,0.0,0.0,302.0,0.0,4.0
74d4cec6,23.0,20.0,3.0,0.0,0.0,0.0,0,0.0,0.0,0.0,0.0,0.0,19.0,0.0,0.0
3b029691,1243.0,1232.0,7.0,4.0,5.0,6.0,4,1.0,2.0,1.0,0.0,0.0,1140.0,4.0,19.0
64f69877,96.0,95.0,0.0,0.0,1.0,0.0,1,0.0,0.0,0.0,0.0,0.0,63.0,1.0,3.0
8eec784d,501.0,455.0,43.0,4.0,0.0,4.0,27,38.0,1.0,0.0,0.0,0.0,412.0,3.0,15.0
3ecc8c5f,1174.0,1108.0,60.0,37.0,0.0,5.0,1,21.0,0.0,0.0,0.0,0.0,959.0,6.0,9.0
b003239d,395.0,388.0,6.0,6.0,0.0,3.0,1,0.0,0.0,0.0,0.0,0.0,355.0,1.0,1.0
b003239d,2.0,2.0,0.0,0.0,0.0,0.0,0,0.0,0.0,0.0,0.0,0.0,2.0,0.0,0.0
f3600c02,312.0,296.0,14.0,14.0,1.0,6.0,0,0.0,0.0,0.0,0.0,0.0,279.0,2.0,5.0
f5c8b425,96.0,88.0,8.0,3.0,0.0,1.0,9,0.0,4.0,2.0,2.0,0.0,73.0,0.0,2.0
061266cd,86.0,70.0,16.0,1.0,0.0,0.0,2,15.0,0.0,0.0,0.0,0.0,67.0,0.0,4.0
6763f716,363.0,341.0,22.0,14.0,0.0,0.0,0,0.0,0.0,0.0,0.0,0.0,328.0,0.0,0.0
1a85bcdb,963.0,751.0,208.0,14.0,0.0,0.0,70,194.0,0.0,0.0,0.0,0.0,715.0,4.0,39.0
6b9960cf,185.0,184.0,1.0,1.0,0.0,0.0,0,0.0,0.0,0.0,0.0,0.0,164.0,0.0,4.0
72d4922b,71.0,58.0,13.0,2.0,0.0,0.0,6,11.0,0.0,0.0,0.0,0.0,47.0,0.0,3.0
0ff630d0,339.0,254.0,84.0,11.0,1.0,0.0,21,73.0,0.0,0.0,0.0,0.0,259.0,1.0,9.0
0ff630d0,222.0,194.0,28.0,4.0,0.0,2.0,7,24.0,0.0,0.0,0.0,0.0,185.0,0.0,4.0
c8c02ac7,40.0,37.0,3.0,1.0,0.0,0.0,9,1.0,1.0,0.0,0.0,0.0,24.0,0.0,1.0
095e4199,379.0,318.0,59.0,13.0,3.0,0.0,42,11.0,30.0,16.0,9.0,0.0,271.0,2.0,13.0
fb4c5b6e,27.0,26.0,1.0,1.0,0.0,0.0,0,0.0,0.0,0.0,0.0,0.0,18.0,0.0,0.0
34a88e3e,382.0,341.0,39.0,4.0,0.0,3.0,44,16.0,19.0,4.0,7.0,0.0,297.0,2.0,19.0
aefa3050,26.0,24.0,2.0,0.0,0.0,0.0,1,2.0,0.0,0.0,0.0,0.0,23.0,0.0,1.0
