id,Player,Nation,Pos,Squad,Age,Born,MP,Starts,Min,90s,Gls,Ast,G+A,G-PK,PK,PKatt,CrdY,CrdR,xG,npxG,xAG,npxG+xAG,PrgC,PrgP,PrgR,Gls.1,Ast.1,G+A.1,G-PK.1,G+A-PK,xG.1,xAG.1,xG+xAG,npxG.1,npxG+xAG.1,Matches
5bc43860,Brenden Aaronson,us USA,"MF,FW",Leeds United,22-130,2000,23,20,1718,19.1,1,2,3,1,0,0,2,0,2.7,2.7,3.2,5.8,28,64,108,0.05,0.10,0.16,0.05,0.16,0.14,0.17,0.31,0.14,0.31,Matches
f2bf1b0f,Che Adams,sct SCO,FW,Southampton,26-231,1996,21,18,1577,17.5,4,2,6,4,0,0,0,0,4.6,4.6,2.5,7.1,12,23,80,0.23,0.11,0.34,0.23,0.34,0.27,0.14,0.41,0.27,0.41,Matches
2b09d998,Tyler Adams,us USA,MF,Leeds United,24-015,1999,22,22,1976,22.0,0,0,0,0,0,0,6,1,0.0,0.0,1.3,1.4,15,126,20,0.00,0.00,0.00,0.00,0.00,0.00,0.06,0.06,0.00,0.06,Matches
c81d773d,Tosin Adarabioyo,eng ENG,DF,Fulham,25-158,1997,14,12,1095,12.2,1,0,1,1,0,0,2,0,0.2,0.2,0.0,0.2,6,36,1,0.08,0.00,0.08,0.08,0.08,0.01,0.00,0.01,0.01,0.01,Matches
288e1e13,Nayef Aguerd,ma MAR,DF,West Ham,26-336,1996,8,7,695,7.7,0,0,0,0,0,0,3,0,0.8,0.8,0.1,0.9,1,15,4,0.00,0.00,0.00,0.00,0.00,0.10,0.01,0.11,0.10,0.11,Matches
a6c58494,Naouirou Ahamada,fr FRA,"FW,MF",Crystal Palace,20-337,2002,3,0,27,0.3,0,0,0,0,0,0,0,0,0.1,0.1,0.0,0.1,1,1,7,0.00,0.00,0.00,0.00,0.00,0.36,0.00,0.36,0.36,0.36,Matches
9b398aea,Rayan Aït Nouri,fr FRA,DF,Wolves,21-268,2001,18,9,942,10.5,1,0,1,1,0,0,4,0,0.7,0.7,1.0,1.7,27,38,70,0.10,0.00,0.10,0.10,0.10,0.07,0.09,0.16,0.07,0.16,Matches
a8c0acb7,Kristoffer Ajer,no NOR,DF,Brentford,24-318,1998,9,9,763,8.5,0,0,0,0,0,0,0,0,0.0,0.0,0.0,0.1,10,31,12,0.00,0.00,0.00,0.00,0.00,0.00,0.00,0.01,0.00,0.01,Matches
89ac64a6,Manuel Akanji,ch SUI,DF,Manchester City,27-225,1995,18,15,1451,16.1,0,1,1,0,0,0,2,0,1.0,1.0,0.2,1.2,18,77,8,0.00,0.06,0.06,0.00,0.06,0.06,0.01,0.07,0.06,0.07,Matches
eaeca114,Nathan Aké,nl NED,DF,Manchester City,28-011,1995,19,15,1333,14.8,0,0,0,0,0,0,0,0,1.0,1.0,0.3,1.4,16,104,19,0.00,0.00,0.00,0.00,0.00,0.07,0.02,0.09,0.07,0.09,Matches
b827d5b3,Marc Albrighton,eng ENG,"FW,MF",Leicester City,33-103,1989,6,1,237,2.6,1,0,1,1,0,0,0,0,0.3,0.3,0.9,1.3,5,7,18,0.38,0.00,0.38,0.38,0.38,0.13,0.34,0.48,0.13,0.48,Matches
77e84962,Thiago Alcántara,es ESP,MF,Liverpool,31-324,1991,14,14,1154,12.8,0,0,0,0,0,0,2,0,0.4,0.4,1.1,1.5,12,107,22,0.00,0.00,0.00,0.00,0.00,0.03,0.08,0.12,0.03,0.12,Matches
4abac767,Carlos Alcaraz,ar ARG,MF,Southampton,20-091,2002,4,1,138,1.5,1,0,1,1,0,0,0,0,0.2,0.2,0.0,0.3,4,6,3,0.65,0.00,0.65,0.65,0.65,0.15,0.02,0.17,0.15,0.17,Matches
cd1acf9d,Trent Alexander-Arnold,eng ENG,DF,Liverpool,24-145,1998,23,20,1691,18.8,1,2,3,1,0,0,3,0,1.5,1.5,5.5,7.0,29,134,105,0.05,0.11,0.16,0.05,0.16,0.08,0.29,0.37,0.08,0.37,Matches
7a2e46a8,Alisson,br BRA,GK,Liverpool,30-150,1992,23,23,2070,23.0,0,1,1,0,0,0,0,0,0.0,0.0,0.3,0.3,0,1,0,0.00,0.04,0.04,0.00,0.04,0.00,0.01,0.01,0.00,0.01,Matches
cea4ee8f,Dele Alli,eng ENG,MF,Everton,26-324,1996,2,0,40,0.4,0,0,0,0,0,0,0,0,0.0,0.0,0.0,0.0,0,1,1,0.00,0.00,0.00,0.00,0.00,0.00,0.00,0.00,0.00,0.00,Matches
862a1c15,Miguel Almirón,py PAR,FW,Newcastle Utd,29-019,1994,23,23,1879,20.9,10,1,11,10,0,0,2,0,6.0,6.0,1.5,7.6,59,101,195,0.48,0.05,0.53,0.48,0.53,0.29,0.07,0.36,0.29,0.36,Matches
15ab5a2b,Julián Álvarez,ar ARG,"FW,MF",Manchester City,23-029,2000,19,6,716,8.0,5,0,5,5,0,0,0,0,3.2,3.2,1.1,4.4,22,21,51,0.63,0.00,0.63,0.63,0.63,0.41,0.14,0.55,0.41,0.55,Matches
1a4ef233,Daniel Amartey,gh GHA,DF,Leicester City,28-070,1994,17,15,1365,15.2,0,0,0,0,0,0,1,0,0.1,0.1,0.5,0.6,18,62,5,0.00,0.00,0.00,0.00,0.00,0.00,0.04,0.04,0.00,0.04,Matches
e34fc66d,Joachim Andersen,dk DEN,DF,Crystal Palace,26-274,1996,19,19,1657,18.4,1,0,1,1,0,0,5,0,1.2,1.2,0.4,1.5,4,49,5,0.05,0.00,0.05,0.05,0.05,0.06,0.02,0.08,0.06,0.08,Matches
de31038e,Elliot Anderson,sct SCO,"MF,FW",Newcastle Utd,20-115,2002,11,1,143,1.6,0,0,0,0,0,0,0,0,0.5,0.5,0.5,1.0,15,8,14,0.00,0.00,0.00,0.00,0.00,0.30,0.32,0.62,0.30,0.62,Matches
e4238fb1,Jaidon Anthony,eng ENG,"MF,FW",Bournemouth,23-090,1999,19,7,832,9.2,3,0,3,3,0,0,1,0,1.5,1.5,0.6,2.1,22,37,50,0.32,0.00,0.32,0.32,0.32,0.16,0.06,0.23,0.16,0.23,Matches
ac05f970,Michail Antonio,jm JAM,FW,West Ham,32-338,1990,23,12,1129,12.5,3,2,5,3,0,0,2,0,3.4,3.4,1.1,4.5,26,20,75,0.24,0.16,0.40,0.24,0.40,0.27,0.09,0.36,0.27,0.36,Matches
99127249,Antony,br BRA,FW,Manchester Utd,23-005,2000,12,11,908,10.1,3,0,3,3,0,0,3,0,2.7,2.7,0.4,3.2,48,28,80,0.30,0.00,0.30,0.30,0.30,0.27,0.04,0.32,0.27,0.32,Matches
05e8ca6d,Cameron Archer,eng ENG,"FW,MF",Aston Villa,21-223,2001,6,0,49,0.5,0,0,0,0,0,0,0,0,0.0,0.0,0.0,0.0,3,0,3,0.00,0.00,0.00,0.00,0.00,0.00,0.00,0.00,0.00,0.00,Matches
2f965a72,Alphonse Areola,fr FRA,GK,West Ham,30-002,1993,3,0,129,1.4,0,0,0,0,0,0,0,0,0.0,0.0,0.0,0.0,0,0,0,0.00,0.00,0.00,0.00,0.00,0.00,0.00,0.00,0.00,0.00,Matches
328f7d51,Joe Aribo,ng NGA,"MF,FW",Southampton,26-223,1996,19,11,1094,12.2,2,0,2,2,0,0,2,0,1.4,1.4,0.8,2.2,17,35,58,0.16,0.00,0.16,0.16,0.16,0.12,0.06,0.18,0.12,0.18,Matches
68c720b5,Adam Armstrong,eng ENG,FW,Southampton,26-019,1997,22,12,1068,11.9,1,1,2,1,0,0,0,0,1.8,1.8,0.7,2.5,34,15,53,0.08,0.08,0.17,0.08,0.17,0.15,0.06,0.21,0.15,0.21,Matches
97333cf5,Stuart Armstrong,sct SCO,"MF,FW",Southampton,30-336,1992,20,9,887,9.9,1,0,1,1,0,0,5,0,1.3,1.3,1.7,3.0,38,52,51,0.10,0.00,0.10,0.10,0.10,0.13,0.17,0.30,0.13,0.30,Matches
28d596a0,Kepa Arrizabalaga,es ESP,GK,Chelsea,28-149,1994,16,16,1395,15.5,0,0,0,0,0,0,1,0,0.0,0.0,0.0,0.0,0,0,0,0.00,0.00,0.00,0.00,0.00,0.00,0.00,0.00,0.00,0.00,Matches
d5dd5f1f,Pierre-Emerick Aubameyang,ga GAB,FW,Chelsea,33-256,1989,12,4,441,4.9,1,0,1,1,0,0,1,0,0.7,0.7,0.3,1.0,7,3,22,0.20,0.00,0.20,0.20,0.20,0.14,0.07,0.21,0.14,0.21,Matches
9fec8860,Ludwig Augustinsson,se SWE,DF,Aston Villa,28-314,1994,3,1,77,0.9,0,0,0,0,0,0,1,0,0.1,0.1,0.0,0.1,0,0,3,0.00,0.00,0.00,0.00,0.00,0.10,0.00,0.10,0.10,0.10,Matches
5c2b4f07,Serge Aurier,ci CIV,DF,Nott'ham Forest,30-067,1992,15,13,1160,12.9,1,0,1,1,0,0,2,0,0.6,0.6,0.9,1.5,28,45,37,0.08,0.00,0.08,0.08,0.08,0.05,0.07,0.11,0.05,0.11,Matches
e5478b87,Taiwo Awoniyi,ng NGA,FW,Nott'ham Forest,25-201,1997,16,9,730,8.1,4,0,4,4,0,0,0,0,4.5,4.5,1.0,5.5,11,7,33,0.49,0.00,0.49,0.49,0.49,0.56,0.12,0.68,0.56,0.68,Matches
5dbefa9d,André Ayew,gh GHA,FW,Nott'ham Forest,33-074,1989,4,0,86,1.0,0,0,0,0,0,0,0,0,0.1,0.1,0.0,0.1,2,2,1,0.00,0.00,0.00,0.00,0.00,0.15,0.00,0.15,0.15,0.15,Matches
da052c14,Jordan Ayew,gh GHA,"FW,MF",Crystal Palace,31-171,1991,24,20,1677,18.6,1,1,2,1,0,0,2,0,1.4,1.4,1.6,3.0,50,35,100,0.05,0.05,0.11,0.05,0.11,0.07,0.09,0.16,0.07,0.16,Matches
420d7c7d,Luke Ayling,eng ENG,DF,Leeds United,31-188,1991,17,10,974,10.8,0,1,1,0,0,0,1,0,0.9,0.9,1.1,2.0,15,45,44,0.00,0.09,0.09,0.00,0.09,0.08,0.10,0.19,0.08,0.19,Matches
53cad200,César Azpilicueta,es ESP,DF,Chelsea,33-185,1989,19,11,1106,12.3,0,0,0,0,0,0,3,0,0.3,0.3,1.0,1.3,17,58,60,0.00,0.00,0.00,0.00,0.00,0.02,0.08,0.10,0.02,0.10,Matches
06df8256,Benoît Badiashile,fr FRA,DF,Chelsea,21-340,2001,5,5,450,5.0,0,0,0,0,0,0,1,0,0.6,0.6,0.5,1.1,6,23,1,0.00,0.00,0.00,0.00,0.00,0.13,0.10,0.22,0.13,0.22,Matches
3a233281,Leon Bailey,jm JAM,"FW,MF",Aston Villa,25-204,1997,23,19,1460,16.2,4,2,6,4,0,0,4,0,4.5,4.5,2.3,6.9,58,25,133,0.25,0.12,0.37,0.25,0.37,0.28,0.14,0.42,0.28,0.42,Matches
32e8417f,Stefan Bajcetic,es ESP,MF,Liverpool,18-130,2004,8,4,348,3.9,1,0,1,1,0,0,1,0,0.6,0.6,0.4,1.0,6,18,0,0.26,0.00,0.26,0.26,0.26,0.16,0.10,0.25,0.16,0.25,Matches
93feac6e,Patrick Bamford,eng ENG,FW,Leeds United,29-177,1993,17,9,825,9.2,1,2,3,1,0,1,1,0,5.3,4.5,0.7,5.2,8,13,54,0.11,0.22,0.33,0.11,0.33,0.58,0.07,0.65,0.49,0.57,Matches
2886c9b5,Shandon Baptiste,gd GRN,MF,Brentford,24-327,1998,13,4,439,4.9,0,0,0,0,0,0,1,0,0.2,0.2,0.7,0.9,8,32,19,0.00,0.00,0.00,0.00,0.00,0.04,0.15,0.19,0.04,0.19,Matches
3ea50f67,Harvey Barnes,eng ENG,"MF,FW",Leicester City,25-082,1997,22,22,1876,20.8,8,1,9,8,0,0,1,0,6.3,6.3,1.4,7.8,67,50,186,0.38,0.05,0.43,0.38,0.43,0.30,0.07,0.37,0.30,0.37,Matches
c91441dc,Gavin Bazunu,ie IRL,GK,Southampton,21-009,2002,24,24,2160,24.0,0,0,0,0,0,0,0,0,0.0,0.0,0.1,0.1,0,1,0,0.00,0.00,0.00,0.00,0.00,0.00,0.00,0.00,0.00,0.00,Matches
30db8574,Mads Bech Sørensen,dk DEN,"DF,MF",Brentford,24-053,1999,4,0,21,0.2,0,0,0,0,0,0,0,0,0.0,0.0,0.0,0.0,0,1,0,0.00,0.00,0.00,0.00,0.00,0.00,0.00,0.00,0.00,0.00,Matches
4115ce4e,Jan Bednarek,pl POL,DF,Southampton,26-323,1996,6,6,519,5.8,0,0,0,0,0,0,0,0,0.3,0.3,0.1,0.4,0,10,2,0.00,0.00,0.00,0.00,0.00,0.06,0.01,0.07,0.06,0.07,Matches
4115ce4e,Jan Bednarek,pl POL,DF,Aston Villa,26-323,1996,3,1,100,1.1,0,0,0,0,0,0,0,0,0.0,0.0,0.0,0.0,1,5,0,0.00,0.00,0.00,0.00,0.00,0.00,0.00,0.00,0.00,0.00,Matches
50dc94ce,Donny van de Beek,nl NED,MF,Manchester Utd,25-317,1997,7,2,167,1.9,0,0,0,0,0,0,0,0,0.1,0.1,0.1,0.2,2,6,20,0.00,0.00,0.00,0.00,0.00,0.05,0.06,0.11,0.05,0.11,Matches
7b4de647,Asmir Begović,ba BIH,GK,Everton,35-254,1987,1,1,90,1.0,0,0,0,0,0,0,0,0,0.0,0.0,0.0,0.0,0,0,0,0.00,0.00,0.00,0.00,0.00,0.00,0.00,0.00,0.00,0.00,Matches
a39d11bc,Armel Bella Kotchap,de GER,DF,Southampton,21-080,2001,15,15,1206,13.4,0,1,1,0,0,0,3,0,0.8,0.8,0.2,0.9,3,19,2,0.00,0.07,0.07,0.00,0.07,0.06,0.01,0.07,0.06,0.07,Matches
5a04fd92,Saïd Benrahma,dz ALG,"FW,MF",West Ham,27-203,1995,22,13,1294,14.4,3,3,6,1,2,2,0,0,3.9,2.3,2.7,5.0,67,49,172,0.21,0.21,0.42,0.07,0.28,0.27,0.19,0.46,0.16,0.35,Matches
3b8674e6,Rodrigo Bentancur,uy URU,MF,Tottenham,25-249,1997,18,17,1500,16.7,5,2,7,5,0,0,8,0,2.2,2.2,0.8,3.0,26,75,19,0.30,0.12,0.42,0.30,0.42,0.13,0.05,0.18,0.13,0.18,Matches
505486d6,Victor Bernth Kristiansen,dk DEN,DF,Leicester City,20-075,2002,4,4,350,3.9,0,0,0,0,0,0,0,0,0.1,0.1,0.4,0.5,12,14,8,0.00,0.00,0.00,0.00,0.00,0.02,0.10,0.12,0.02,0.12,Matches
87966294,Owen Bevan,wls WAL,DF,Bournemouth,19-126,2003,1,0,9,0.1,0,0,0,0,0,0,0,0,0.0,0.0,0.0,0.0,0,0,0,0.00,0.00,0.00,0.00,0.00,0.00,0.00,0.00,0.00,0.00,Matches
de40e38c,Giulian Biancone,fr FRA,DF,Nott'ham Forest,22-335,2000,2,0,17,0.2,0,0,0,0,0,0,0,0,0.0,0.0,0.0,0.0,2,0,1,0.00,0.00,0.00,0.00,0.00,0.00,0.00,0.00,0.00,0.00,Matches
d328a254,Philip Billing,dk DEN,"MF,FW",Bournemouth,26-263,1996,23,21,1703,18.9,4,1,5,4,0,0,3,0,1.7,1.7,1.6,3.3,24,44,60,0.21,0.05,0.26,0.21,0.26,0.09,0.08,0.18,0.09,0.18,Matches
6c203af0,Yves Bissouma,ml MLI,MF,Tottenham,26-183,1996,20,8,814,9.0,0,0,0,0,0,0,5,0,0.2,0.2,0.5,0.7,10,45,7,0.00,0.00,0.00,0.00,0.00,0.02,0.06,0.08,0.02,0.08,Matches
a4ac4b8f,Willy Boly,ci CIV,DF,Nott'ham Forest,32-026,1991,8,8,592,6.6,0,1,1,0,0,0,2,0,0.0,0.0,0.2,0.2,1,10,0,0.00,0.15,0.15,0.00,0.15,0.00,0.03,0.03,0.00,0.03,Matches
ccce7025,Sven Botman,nl NED,DF,Newcastle Utd,23-048,2000,21,20,1777,19.7,0,0,0,0,0,0,1,0,1.0,1.0,0.9,1.9,6,48,3,0.00,0.00,0.00,0.00,0.00,0.05,0.05,0.10,0.05,0.10,Matches
79c84d1c,Jarrod Bowen,eng ENG,"FW,MF",West Ham,26-071,1996,24,24,2150,23.9,4,2,6,3,1,2,1,0,6.7,5.7,4.4,10.1,65,51,150,0.17,0.08,0.25,0.13,0.21,0.28,0.18,0.47,0.24,0.42,Matches
c07b7c5c,James Bree,eng ENG,DF,Southampton,25-141,1997,2,2,169,1.9,0,0,0,0,0,0,0,0,0.0,0.0,0.2,0.2,1,1,7,0.00,0.00,0.00,0.00,0.00,0.00,0.12,0.12,0.00,0.12,Matches
97220da2,Armando Broja,al ALB,FW,Chelsea,21-172,2001,12,2,294,3.3,1,0,1,1,0,0,0,0,0.8,0.8,0.1,0.9,7,4,17,0.31,0.00,0.31,0.31,0.31,0.26,0.02,0.27,0.26,0.27,Matches
a2081c6b,Lewis Brunt,eng ENG,DF,Leicester City,22-115,2000,1,0,23,0.3,0,0,0,0,0,0,0,0,0.0,0.0,0.0,0.0,0,0,2,0.00,0.00,0.00,0.00,0.00,0.00,0.00,0.00,0.00,0.00,Matches
7b5ab7f2,Bryan,es ESP,"MF,FW",Tottenham,22-018,2001,4,2,148,1.6,0,1,1,0,0,0,1,0,0.1,0.1,0.2,0.3,4,5,15,0.00,0.61,0.61,0.00,0.61,0.06,0.11,0.17,0.06,0.17,Matches
66b76d44,Emi Buendía,ar ARG,"MF,FW",Aston Villa,26-066,1996,24,15,1375,15.3,4,0,4,4,0,0,0,0,3.8,3.8,2.4,6.2,32,87,80,0.26,0.00,0.26,0.26,0.26,0.25,0.16,0.41,0.25,0.41,Matches
bfc3b3a0,Hugo Bueno,es ESP,DF,Wolves,20-164,2002,14,12,1017,11.3,0,1,1,0,0,0,1,0,0.2,0.2,0.7,0.9,41,31,52,0.00,0.09,0.09,0.00,0.09,0.02,0.06,0.08,0.02,0.08,Matches
468a7a91,Facundo Buonanotte,ar ARG,"FW,MF",Brighton,18-068,2004,2,0,34,0.4,0,0,0,0,0,0,0,0,0.0,0.0,0.0,0.1,1,1,1,0.00,0.00,0.00,0.00,0.00,0.12,0.13,0.25,0.12,0.25,Matches
b2d31e83,Dan Burn,eng ENG,DF,Newcastle Utd,30-296,1992,23,22,1944,21.6,0,0,0,0,0,0,2,0,1.1,1.1,0.6,1.7,16,71,27,0.00,0.00,0.00,0.00,0.00,0.05,0.03,0.08,0.05,0.08,Matches
85322440,Cafú,pt POR,MF,Nott'ham Forest,30-003,1993,1,0,7,0.1,0,0,0,0,0,0,0,0,0.0,0.0,0.0,0.0,0,1,0,0.00,0.00,0.00,0.00,0.00,0.00,0.00,0.00,0.00,0.00,Matches
16264a81,Moisés Caicedo,ec ECU,MF,Brighton,21-119,2001,21,20,1819,20.2,1,1,2,1,0,0,6,0,1.0,1.0,1.5,2.5,17,128,32,0.05,0.05,0.10,0.05,0.10,0.05,0.07,0.12,0.05,0.12,Matches
a8748947,Tom Cairney,sct SCO,MF,Fulham,32-040,1991,22,1,471,5.2,0,0,0,0,0,0,1,0,0.6,0.6,1.2,1.9,21,50,26,0.00,0.00,0.00,0.00,0.00,0.12,0.24,0.36,0.12,0.36,Matches
94f8d10c,Duje Ćaleta-Car,hr CRO,DF,Southampton,26-165,1996,10,7,716,8.0,0,0,0,0,0,0,1,0,0.3,0.3,0.0,0.3,2,23,0,0.00,0.00,0.00,0.00,0.00,0.04,0.00,0.04,0.04,0.04,Matches
59e6e5bf,Dominic Calvert-Lewin,eng ENG,FW,Everton,25-350,1997,11,9,731,8.1,1,0,1,1,0,0,1,0,2.9,2.9,0.3,3.3,11,8,30,0.12,0.00,0.12,0.12,0.12,0.36,0.04,0.40,0.36,0.40,Matches
6f711f67,Chem Campbell,wls WAL,"FW,MF",Wolves,20-061,2002,5,0,74,0.8,0,0,0,0,0,0,0,0,0.1,0.1,0.0,0.1,2,4,10,0.00,0.00,0.00,0.00,0.00,0.12,0.00,0.12,0.12,0.12,Matches
bd6351cd,João Cancelo,pt POR,DF,Manchester City,28-278,1994,17,16,1274,14.2,2,1,3,2,0,0,3,1,0.8,0.8,0.9,1.7,71,106,125,0.14,0.07,0.21,0.14,0.21,0.06,0.06,0.12,0.06,0.12,Matches
4506aec5,Thomas Cannon,ie IRL,FW,Everton,20-063,2002,2,0,25,0.3,0,0,0,0,0,0,0,0,0.1,0.1,0.5,0.6,1,0,2,0.00,0.00,0.00,0.00,0.00,0.32,1.95,2.27,0.32,2.27,Matches
1137759d,Sergi Canós,es ESP,"FW,DF",Brentford,26-027,1997,5,0,77,0.9,0,0,0,0,0,0,0,0,0.1,0.1,0.0,0.1,4,2,7,0.00,0.00,0.00,0.00,0.00,0.09,0.03,0.11,0.09,0.11,Matches
b4a014b1,Diego Carlos,br BRA,DF,Aston Villa,29-351,1993,2,2,179,2.0,0,0,0,0,0,0,0,0,0.4,0.4,0.0,0.4,0,10,0,0.00,0.00,0.00,0.00,0.00,0.18,0.00,0.18,0.18,0.18,Matches
966e28d0,Fabio Carvalho,pt POR,"MF,FW",Liverpool,20-183,2002,11,4,337,3.7,2,0,2,2,0,0,0,0,1.1,1.1,0.1,1.2,7,11,24,0.53,0.00,0.53,0.53,0.53,0.30,0.03,0.32,0.30,0.32,Matches
4d224fe8,Casemiro,br BRA,MF,Manchester Utd,31-006,1992,17,13,1230,13.7,2,3,5,2,0,0,5,1,2.1,2.1,2.0,4.0,8,82,23,0.15,0.22,0.37,0.15,0.37,0.15,0.14,0.29,0.15,0.29,Matches
2389cdc2,Matty Cash,pl POL,DF,Aston Villa,25-206,1997,20,15,1380,15.3,0,1,1,0,0,0,3,0,0.2,0.2,0.7,0.9,36,67,52,0.00,0.07,0.07,0.00,0.07,0.01,0.05,0.06,0.01,0.06,Matches
197640fd,Timothy Castagne,be BEL,DF,Leicester City,27-086,1995,23,22,1995,22.2,1,2,3,1,0,0,2,0,1.7,1.7,1.5,3.2,30,63,105,0.05,0.09,0.14,0.05,0.14,0.07,0.07,0.14,0.07,0.14,Matches
e28868f3,Jonny Castro,es ESP,DF,Wolves,28-363,1994,15,11,1020,11.3,0,0,0,0,0,0,3,0,0.3,0.3,0.4,0.7,22,61,37,0.00,0.00,0.00,0.00,0.00,0.02,0.04,0.06,0.02,0.06,Matches
9cfbad36,Julio César Enciso,py PAR,"FW,MF",Brighton,19-037,2004,5,0,131,1.5,0,0,0,0,0,0,1,0,0.5,0.5,0.1,0.6,6,3,8,0.00,0.00,0.00,0.00,0.00,0.36,0.05,0.40,0.36,0.40,Matches
422862ea,Nathaniel Chalobah,eng ENG,MF,Fulham,28-079,1994,4,1,12,0.1,0,0,0,0,0,0,0,1,0.1,0.1,0.0,0.1,0,0,0,0.00,0.00,0.00,0.00,0.00,0.71,0.00,0.71,0.71,0.71,Matches
5515376c,Trevoh Chalobah,eng ENG,DF,Chelsea,23-239,1999,13,11,978,10.9,0,0,0,0,0,0,3,0,0.4,0.4,0.1,0.5,8,32,8,0.00,0.00,0.00,0.00,0.00,0.04,0.01,0.04,0.04,0.04,Matches
dc6f5bdd,Calum Chambers,eng ENG,DF,Aston Villa,28-040,1995,5,2,200,2.2,0,0,0,0,0,0,1,0,0.0,0.0,0.0,0.0,2,5,0,0.00,0.00,0.00,0.00,0.00,0.02,0.00,0.02,0.02,0.02,Matches
d2424d1b,Ben Chilwell,eng ENG,"DF,MF",Chelsea,26-070,1996,13,6,623,6.9,1,1,2,1,0,0,1,0,0.4,0.4,0.3,0.7,21,19,51,0.14,0.14,0.29,0.14,0.29,0.06,0.05,0.10,0.06,0.10,Matches
26ce2263,Ryan Christie,sct SCO,"MF,FW",Bournemouth,28-007,1995,19,12,1036,11.5,1,0,1,1,0,0,1,0,1.6,1.6,1.0,2.6,21,46,37,0.09,0.00,0.09,0.09,0.09,0.14,0.09,0.22,0.14,0.22,Matches
b2f9c73e,Carney Chukwuemeka,eng ENG,"MF,FW",Chelsea,19-132,2003,8,1,202,2.2,0,0,0,0,0,0,0,0,0.3,0.3,0.1,0.4,13,10,13,0.00,0.00,0.00,0.00,0.00,0.13,0.05,0.18,0.13,0.18,Matches
73341ace,Bobby Clark,eng ENG,MF,Liverpool,18-022,2005,1,0,8,0.1,0,0,0,0,0,0,0,0,0.0,0.0,0.0,0.0,0,1,2,0.00,0.00,0.00,0.00,0.00,0.00,0.00,0.00,0.00,0.00,Matches
0442183b,Nathaniel Clyne,eng ENG,DF,Crystal Palace,31-330,1991,18,16,1386,15.4,0,0,0,0,0,0,3,0,0.0,0.0,0.4,0.4,12,46,24,0.00,0.00,0.00,0.00,0.00,0.00,0.03,0.03,0.00,0.03,Matches
2928dca2,Conor Coady,eng ENG,DF,Everton,30-004,1993,22,22,1970,21.9,1,1,2,1,0,0,2,0,0.8,0.8,0.3,1.2,4,39,1,0.05,0.05,0.09,0.05,0.09,0.04,0.01,0.05,0.04,0.05,Matches
963a9201,Jack Colback,eng ENG,MF,Nott'ham Forest,33-128,1989,10,3,428,4.8,0,0,0,0,0,0,0,0,0.0,0.0,0.2,0.2,5,13,3,0.00,0.00,0.00,0.00,0.00,0.00,0.04,0.04,0.00,0.04,Matches
0420d84f,Séamus Coleman,ie IRL,DF,Everton,34-141,1988,16,13,1127,12.5,1,0,1,1,0,0,0,0,0.3,0.3,0.3,0.6,11,37,23,0.08,0.00,0.08,0.08,0.08,0.02,0.03,0.05,0.02,0.05,Matches
a8c19eb8,Nathan Collins,ie IRL,DF,Wolves,21-305,2001,17,17,1472,16.4,0,0,0,0,0,0,2,1,0.0,0.0,0.1,0.1,9,52,3,0.00,0.00,0.00,0.00,0.00,0.00,0.00,0.01,0.00,0.01,Matches
700783e7,Levi Colwill,eng ENG,DF,Brighton,20-003,2003,7,5,463,5.1,0,0,0,0,0,0,0,0,0.2,0.2,0.1,0.3,6,20,1,0.00,0.00,0.00,0.00,0.00,0.03,0.03,0.06,0.03,0.06,Matches
2afc7272,Lewis Cook,eng ENG,MF,Bournemouth,26-026,1997,19,17,1486,16.5,0,2,2,0,0,0,2,0,0.2,0.2,2.2,2.4,9,54,8,0.00,0.12,0.12,0.00,0.12,0.01,0.13,0.14,0.01,0.14,Matches
3e5e4e63,Steve Cook,eng ENG,DF,Nott'ham Forest,31-316,1991,12,11,957,10.6,0,0,0,0,0,0,4,0,0.1,0.1,0.6,0.7,1,19,0,0.00,0.00,0.00,0.00,0.00,0.01,0.05,0.07,0.01,0.07,Matches
dc64b8b3,Liam Cooper,sct SCO,DF,Leeds United,31-183,1991,13,12,1106,12.3,1,0,1,1,0,0,2,0,1.0,1.0,0.5,1.5,1,26,1,0.08,0.00,0.08,0.08,0.08,0.08,0.04,0.12,0.08,0.12,Matches
beb391dd,Maxwel Cornet,ci CIV,FW,West Ham,26-155,1996,5,1,91,1.0,0,0,0,0,0,0,0,0,0.5,0.5,0.0,0.5,2,2,15,0.00,0.00,0.00,0.00,0.00,0.53,0.00,0.53,0.53,0.53,Matches
a190d597,Diego Costa,es ESP,FW,Wolves,34-145,1988,12,8,672,7.5,0,0,0,0,0,0,2,1,2.2,2.2,0.3,2.5,10,4,35,0.00,0.00,0.00,0.00,0.00,0.30,0.04,0.33,0.30,0.33,Matches
fdf3cb77,Vladimír Coufal,cz CZE,DF,West Ham,30-191,1992,18,16,1426,15.8,0,0,0,0,0,0,4,0,0.3,0.3,1.6,1.9,43,73,79,0.00,0.00,0.00,0.00,0.00,0.02,0.10,0.12,0.02,0.12,Matches
0ef89a37,Philippe Coutinho,br BRA,"MF,FW",Aston Villa,30-262,1992,20,7,788,8.8,1,0,1,1,0,0,3,0,1.4,1.4,0.5,1.8,18,48,68,0.11,0.00,0.11,0.11,0.11,0.16,0.05,0.21,0.16,0.21,Matches
a5ca9127,Conor Coventry,ie IRL,"MF,FW",West Ham,22-341,2000,1,0,1,0.0,0,0,0,0,0,0,0,0,0.0,0.0,0.0,0.0,0,0,0,0.00,0.00,0.00,0.00,0.00,0.00,0.00,0.00,0.00,0.00,Matches
4f974391,Aaron Cresswell,eng ENG,DF,West Ham,33-076,1989,19,17,1578,17.5,0,0,0,0,0,0,2,0,0.3,0.3,2.6,2.9,27,123,69,0.00,0.00,0.00,0.00,0.00,0.02,0.15,0.17,0.02,0.17,Matches
1daec722,Marc Cucurella,es ESP,DF,Chelsea,24-222,1998,20,17,1345,14.9,0,2,2,0,0,0,2,0,0.4,0.4,0.4,0.8,23,53,56,0.00,0.13,0.13,0.00,0.13,0.03,0.03,0.05,0.03,0.05,Matches
dc62b55d,Matheus Cunha,br BRA,FW,Wolves,23-278,1999,7,5,378,4.2,0,0,0,0,0,0,0,0,0.9,0.9,0.5,1.4,5,6,19,0.00,0.00,0.00,0.00,0.00,0.22,0.12,0.34,0.22,0.34,Matches
ca45605e,Patson Daka,zm ZAM,FW,Leicester City,24-143,1998,18,9,720,8.0,3,3,6,3,0,0,2,0,2.4,2.4,2.3,4.7,11,11,48,0.37,0.37,0.75,0.37,0.75,0.30,0.29,0.59,0.30,0.59,Matches
d9565625,Diogo Dalot,pt POR,DF,Manchester Utd,23-348,1999,17,16,1430,15.9,0,2,2,0,0,0,5,0,1.7,1.7,1.5,3.2,36,58,58,0.00,0.13,0.13,0.00,0.13,0.10,0.09,0.20,0.10,0.20,Matches
215f3907,Mikkel Damsgaard,dk DEN,"MF,FW",Brentford,22-241,2000,12,1,313,3.5,0,0,0,0,0,0,2,0,0.5,0.5,0.5,1.0,5,16,19,0.00,0.00,0.00,0.00,0.00,0.14,0.15,0.29,0.14,0.29,Matches
a816dbfb,Danilo,br BRA,MF,Nott'ham Forest,21-306,2001,3,2,148,1.6,0,0,0,0,0,0,1,0,0.0,0.0,0.1,0.1,0,4,2,0.00,0.00,0.00,0.00,0.00,0.02,0.06,0.07,0.02,0.07,Matches
f08490a6,Arnaut Danjuma,nl NED,FW,Tottenham,26-029,1997,1,0,12,0.1,0,0,0,0,0,0,0,0,0.0,0.0,0.0,0.0,3,0,5,0.00,0.00,0.00,0.00,0.00,0.00,0.29,0.29,0.00,0.29,Matches
60344e4f,Josh Dasilva,eng ENG,MF,Brentford,24-129,1998,23,12,1061,11.8,3,2,5,3,0,0,1,0,0.9,0.9,1.4,2.3,46,48,41,0.25,0.17,0.42,0.25,0.42,0.08,0.11,0.20,0.08,0.20,Matches
44781702,Ben Davies,wls WAL,DF,Tottenham,29-311,1993,22,18,1621,18.0,2,2,4,2,0,0,3,0,0.9,0.9,2.1,3.0,30,84,44,0.11,0.11,0.22,0.11,0.22,0.05,0.12,0.17,0.05,0.17,Matches
9228b07c,Tom Davies,eng ENG,MF,Everton,24-244,1998,13,4,452,5.0,0,0,0,0,0,0,2,0,0.7,0.7,0.1,0.9,2,25,10,0.00,0.00,0.00,0.00,0.00,0.15,0.03,0.18,0.15,0.18,Matches
3e9e06cb,Craig Dawson,eng ENG,DF,West Ham,32-299,1990,8,8,720,8.0,0,0,0,0,0,0,2,0,0.5,0.5,0.1,0.6,0,18,1,0.00,0.00,0.00,0.00,0.00,0.06,0.01,0.07,0.06,0.07,Matches
3e9e06cb,Craig Dawson,eng ENG,DF,Wolves,32-299,1990,4,4,360,4.0,1,0,1,1,0,0,1,0,0.4,0.4,0.0,0.4,0,7,1,0.25,0.00,0.25,0.25,0.25,0.10,0.01,0.11,0.10,0.11,Matches
e46012d4,Kevin De Bruyne,be BEL,MF,Manchester City,31-246,1991,23,21,1862,20.7,4,12,16,4,0,0,1,0,3.9,3.9,10.2,14.1,80,179,181,0.19,0.58,0.77,0.19,0.77,0.19,0.49,0.68,0.19,0.68,Matches
11f54bd5,Siriki Dembélé,ci CIV,"FW,MF",Bournemouth,26-175,1996,6,0,110,1.2,0,0,0,0,0,0,0,0,0.2,0.2,0.3,0.5,5,4,11,0.00,0.00,0.00,0.00,0.00,0.15,0.25,0.41,0.15,0.41,Matches
5a7301ae,Leander Dendoncker,be BEL,MF,Aston Villa,27-320,1995,13,3,365,4.1,0,0,0,0,0,0,0,0,0.0,0.0,0.5,0.5,1,10,1,0.00,0.00,0.00,0.00,0.00,0.01,0.11,0.12,0.01,0.12,Matches
5a7301ae,Leander Dendoncker,be BEL,MF,Wolves,27-320,1995,4,2,214,2.4,0,0,0,0,0,0,0,0,0.7,0.7,0.0,0.7,1,6,3,0.00,0.00,0.00,0.00,0.00,0.27,0.02,0.29,0.27,0.29,Matches
2c44a35d,Emmanuel Dennis,ng NGA,FW,Nott'ham Forest,25-106,1997,11,3,408,4.5,1,1,2,1,0,0,2,0,0.9,0.9,0.3,1.3,10,9,32,0.22,0.22,0.44,0.22,0.44,0.20,0.07,0.28,0.20,0.28,Matches
9d8cf204,Halil Dervişoğlu,tr TUR,MF,Brentford,23-083,1999,1,0,8,0.1,0,0,0,0,0,0,0,0,0.0,0.0,0.0,0.0,0,0,0,0.00,0.00,0.00,0.00,0.00,0.31,0.00,0.31,0.31,0.31,Matches
5c74c0f5,Kiernan Dewsbury-Hall,eng ENG,MF,Leicester City,24-176,1998,22,21,1686,18.7,2,2,4,2,0,0,2,0,1.6,1.6,2.5,4.1,53,100,67,0.11,0.11,0.21,0.11,0.21,0.09,0.13,0.22,0.09,0.22,Matches
11ff3d56,Ibrahima Diallo,fr FRA,MF,Southampton,23-358,1999,15,10,746,8.3,0,0,0,0,0,0,3,0,0.2,0.2,0.1,0.3,5,23,6,0.00,0.00,0.00,0.00,0.00,0.02,0.01,0.03,0.02,0.03,Matches
31c69ef1,Rúben Dias,pt POR,DF,Manchester City,25-291,1997,17,13,1189,13.2,0,0,0,0,0,0,1,0,1.2,1.2,0.1,1.3,7,66,1,0.00,0.00,0.00,0.00,0.00,0.09,0.01,0.10,0.09,0.10,Matches
4a1a9578,Luis Díaz,co COL,FW,Liverpool,26-047,1997,8,7,613,6.8,3,2,5,3,0,0,2,0,1.7,1.7,1.0,2.7,21,25,72,0.44,0.29,0.73,0.44,0.73,0.26,0.15,0.40,0.26,0.40,Matches
ac861941,Eric Dier,eng ENG,DF,Tottenham,29-045,1994,24,23,2095,23.3,2,1,3,2,0,0,2,0,1.1,1.1,1.2,2.3,6,71,11,0.09,0.04,0.13,0.09,0.13,0.05,0.05,0.10,0.05,0.10,Matches
1b84dbe1,Lucas Digne,fr FRA,DF,Aston Villa,29-224,1993,18,16,1243,13.8,1,0,1,1,0,0,3,0,0.3,0.3,1.5,1.8,23,51,73,0.07,0.00,0.07,0.07,0.07,0.02,0.11,0.13,0.02,0.13,Matches
a712ca2b,Issa Diop,fr FRA,DF,Fulham,26-051,1997,17,14,1326,14.7,1,0,1,1,0,0,2,0,0.3,0.3,0.0,0.3,7,49,3,0.07,0.00,0.07,0.07,0.07,0.02,0.00,0.02,0.02,0.02,Matches
254147d4,Moussa Djenepo,ml MLI,"DF,FW",Southampton,24-259,1998,12,6,578,6.4,0,1,1,0,0,0,0,0,0.2,0.2,0.3,0.4,23,17,32,0.00,0.16,0.16,0.00,0.16,0.03,0.04,0.07,0.03,0.07,Matches
733f1a7d,Ben Doak,sct SCO,FW,Liverpool,17-110,2005,2,0,26,0.3,0,0,0,0,0,0,0,0,0.0,0.0,0.0,0.0,1,1,4,0.00,0.00,0.00,0.00,0.00,0.00,0.00,0.00,0.00,0.00,Matches
d557d734,Matt Doherty,ie IRL,"DF,MF",Tottenham,31-044,1992,12,7,667,7.4,1,0,1,1,0,0,0,0,0.8,0.8,0.3,1.0,16,20,57,0.13,0.00,0.13,0.13,0.13,0.10,0.04,0.14,0.10,0.14,Matches
67ac5bb8,Gabriel Dos Santos,br BRA,DF,Arsenal,25-072,1997,24,24,2160,24.0,2,0,2,2,0,0,4,0,3.3,3.3,0.2,3.4,11,98,10,0.08,0.00,0.08,0.08,0.08,0.14,0.01,0.14,0.14,0.14,Matches
02b29014,Abdoulaye Doucouré,ml MLI,MF,Everton,30-059,1993,14,6,588,6.5,0,0,0,0,0,0,4,0,0.6,0.6,0.3,0.9,8,20,20,0.00,0.00,0.00,0.00,0.00,0.09,0.05,0.13,0.09,0.13,Matches
ce4f40c7,Cheick Doucouré,ml MLI,MF,Crystal Palace,23-052,2000,22,22,1827,20.3,0,2,2,0,0,0,7,0,0.8,0.8,1.6,2.4,13,96,10,0.00,0.10,0.10,0.00,0.10,0.04,0.08,0.12,0.04,0.12,Matches
69fdb896,Flynn Downes,eng ENG,MF,West Ham,24-040,1999,11,4,381,4.2,0,0,0,0,0,0,0,0,0.2,0.2,0.0,0.3,1,7,8,0.00,0.00,0.00,0.00,0.00,0.06,0.01,0.07,0.06,0.07,Matches
e0d1510a,Cody Drameh,eng ENG,DF,Leeds United,21-083,2001,1,1,69,0.8,0,0,0,0,0,0,0,0,0.0,0.0,0.0,0.0,0,2,3,0.00,0.00,0.00,0.00,0.00,0.00,0.00,0.00,0.00,0.00,Matches
3a949a25,Martin Dúbravka,sk SVK,GK,Newcastle Utd,34-045,1989,1,0,67,0.7,0,0,0,0,0,0,0,0,0.0,0.0,0.0,0.0,0,0,0,0.00,0.00,0.00,0.00,0.00,0.00,0.00,0.00,0.00,0.00,Matches
7314bba4,Shane Duffy,ie IRL,"FW,DF",Fulham,31-059,1992,4,0,6,0.1,0,0,0,0,0,0,0,0,0.0,0.0,0.0,0.0,0,0,0,0.00,0.00,0.00,0.00,0.00,0.00,0.00,0.00,0.00,0.00,Matches
282f75f3,Lewis Dunk,eng ENG,DF,Brighton,31-100,1991,22,22,1979,22.0,0,0,0,0,0,0,2,0,0.9,0.9,0.1,1.1,11,85,1,0.00,0.00,0.00,0.00,0.00,0.04,0.01,0.05,0.04,0.05,Matches
414184f7,Jhon Durán,co COL,FW,Aston Villa,19-078,2003,3,0,53,0.6,0,0,0,0,0,0,0,0,0.1,0.1,0.0,0.1,2,3,6,0.00,0.00,0.00,0.00,0.00,0.17,0.00,0.17,0.17,0.17,Matches
fa9fa773,Malcolm Ebiowei,eng ENG,"MF,FW",Crystal Palace,19-178,2003,3,0,34,0.4,0,0,0,0,0,0,0,0,0.0,0.0,0.0,0.0,2,2,9,0.00,0.00,0.00,0.00,0.00,0.00,0.00,0.00,0.00,0.00,Matches
3bb7b8b4,Ederson,br BRA,GK,Manchester City,29-196,1993,25,25,2250,25.0,0,1,1,0,0,0,2,0,0.0,0.0,0.2,0.2,0,0,0,0.00,0.04,0.04,0.00,0.04,0.00,0.01,0.01,0.00,0.01,Matches
0562b7f1,Odsonne Édouard,fr FRA,FW,Crystal Palace,25-044,1998,22,12,1124,12.5,3,2,5,3,0,0,3,0,2.8,2.8,0.9,3.7,20,29,61,0.24,0.16,0.40,0.24,0.40,0.23,0.07,0.30,0.23,0.30,Matches
007414dd,Samuel Edozie,eng ENG,"FW,MF",Southampton,20-032,2003,15,5,541,6.0,0,0,0,0,0,0,0,0,0.9,0.9,0.3,1.2,22,11,34,0.00,0.00,0.00,0.00,0.00,0.15,0.06,0.20,0.15,0.20,Matches
2fba6108,Anthony Elanga,se SWE,FW,Manchester Utd,20-308,2002,15,5,420,4.7,0,1,1,0,0,0,0,0,0.7,0.7,0.9,1.6,12,8,28,0.00,0.21,0.21,0.00,0.21,0.15,0.19,0.35,0.15,0.35,Matches
c8387671,Harvey Elliott,eng ENG,"MF,FW",Liverpool,19-331,2003,23,13,1209,13.4,1,1,2,1,0,0,1,0,1.1,1.1,2.6,3.8,41,95,98,0.07,0.07,0.15,0.07,0.15,0.08,0.20,0.28,0.08,0.28,Matches
47a34c4f,Mohamed Elneny,eg EGY,MF,Arsenal,30-233,1992,5,1,113,1.3,0,0,0,0,0,0,0,0,0.0,0.0,0.0,0.0,1,2,1,0.00,0.00,0.00,0.00,0.00,0.00,0.00,0.00,0.00,0.00,Matches
68dc0dac,Mohamed Elyounoussi,no NOR,"MF,FW",Southampton,28-209,1994,22,19,1567,17.4,0,1,1,0,0,0,3,0,2.6,2.6,2.0,4.5,34,33,75,0.00,0.06,0.06,0.00,0.06,0.15,0.11,0.26,0.15,0.26,Matches
df8b52a5,Emerson,br BRA,DF,Tottenham,24-046,1999,20,16,1376,15.3,2,1,3,2,0,0,2,1,1.5,1.5,0.6,2.2,43,69,93,0.13,0.07,0.20,0.13,0.20,0.10,0.04,0.14,0.10,0.14,Matches
980522ec,Christian Eriksen,dk DEN,MF,Manchester Utd,31-015,1992,19,18,1489,16.5,1,7,8,1,0,0,3,0,2.7,2.7,3.0,5.7,16,104,42,0.06,0.42,0.48,0.06,0.48,0.16,0.18,0.34,0.16,0.34,Matches
d38fdf53,Pervis Estupiñán,ec ECU,DF,Brighton,25-039,1998,19,16,1322,14.7,0,3,3,0,0,0,3,0,0.3,0.3,2.6,3.0,50,82,98,0.00,0.20,0.20,0.00,0.20,0.02,0.18,0.20,0.02,0.20,Matches
f8fcd2a5,Jonny Evans,nir NIR,DF,Leicester City,35-057,1988,9,9,810,9.0,0,0,0,0,0,0,0,0,0.2,0.2,0.0,0.2,6,31,0,0.00,0.00,0.00,0.00,0.00,0.02,0.00,0.02,0.02,0.02,Matches
ae4fc6a4,Eberechi Eze,eng ENG,"MF,FW",Crystal Palace,24-245,1998,24,19,1597,17.7,4,3,7,4,0,0,1,0,3.2,3.2,2.8,5.9,40,69,66,0.23,0.17,0.39,0.23,0.39,0.18,0.16,0.33,0.18,0.33,Matches
9328b835,Łukasz Fabiański,pl POL,GK,West Ham,37-317,1985,24,24,2031,22.6,0,0,0,0,0,0,0,0,0.0,0.0,0.0,0.0,0,0,0,0.00,0.00,0.00,0.00,0.00,0.00,0.00,0.00,0.00,0.00,Matches
7f3b388c,Fabinho,br BRA,MF,Liverpool,29-129,1993,21,16,1453,16.1,0,0,0,0,0,0,4,0,0.3,0.3,0.7,1.0,9,83,19,0.00,0.00,0.00,0.00,0.00,0.02,0.05,0.06,0.02,0.06,Matches
9c221d14,Wout Faes,be BEL,DF,Leicester City,24-332,1998,18,18,1620,18.0,0,0,0,0,0,0,3,0,0.3,0.3,0.3,0.7,5,51,1,0.00,0.00,0.00,0.00,0.00,0.02,0.02,0.04,0.02,0.04,Matches
51a3c4c8,Felipe,br BRA,DF,Nott'ham Forest,33-289,1989,3,2,264,2.9,0,0,0,0,0,0,0,0,0.1,0.1,0.0,0.1,0,4,0,0.00,0.00,0.00,0.00,0.00,0.03,0.00,0.03,0.03,0.03,Matches
8aafd64f,João Félix,pt POR,"MF,FW",Chelsea,23-111,1999,4,4,319,3.5,1,0,1,1,0,0,0,1,1.9,1.9,0.4,2.2,13,17,26,0.28,0.00,0.28,0.28,0.28,0.52,0.11,0.63,0.52,0.63,Matches
4596da74,Evan Ferguson,ie IRL,FW,Brighton,18-133,2004,7,3,305,3.4,3,2,5,3,0,0,1,0,1.7,1.7,0.3,1.9,2,3,15,0.89,0.59,1.48,0.89,1.48,0.50,0.08,0.57,0.50,0.57,Matches
507c7bdf,Bruno Fernandes,pt POR,"MF,FW",Manchester Utd,28-174,1994,23,23,2068,23.0,5,6,11,4,1,1,5,0,5.1,4.3,9.2,13.5,50,155,140,0.22,0.26,0.48,0.17,0.44,0.22,0.40,0.62,0.19,0.59,Matches
5ff4ab71,Enzo Fernández,ar ARG,MF,Chelsea,22-043,2001,4,4,360,4.0,0,1,1,0,0,0,0,0,0.2,0.2,0.6,0.8,8,37,3,0.00,0.25,0.25,0.00,0.25,0.05,0.15,0.20,0.05,0.20,Matches
6ad43f9a,Mateo Fernández,es ESP,"FW,MF",Leeds United,19-133,2003,2,0,3,0.0,0,0,0,0,0,0,0,0,0.0,0.0,0.0,0.0,0,0,2,0.00,0.00,0.00,0.00,0.00,0.00,0.00,0.00,0.00,0.00,Matches
4c370d81,Roberto Firmino,br BRA,"FW,MF",Liverpool,31-150,1991,16,11,992,11.0,7,3,10,7,0,0,0,0,4.2,4.2,2.0,6.2,12,66,75,0.64,0.27,0.91,0.64,0.91,0.38,0.18,0.56,0.38,0.56,Matches
24f59bb2,Junior Firpo,es ESP,DF,Leeds United,26-191,1996,8,4,479,5.3,1,0,1,1,0,0,2,0,0.1,0.1,0.4,0.4,7,25,13,0.19,0.00,0.19,0.19,0.19,0.01,0.07,0.08,0.01,0.08,Matches
ed1e53f3,Phil Foden,eng ENG,"FW,DF",Manchester City,22-277,2000,22,15,1259,14.0,8,5,13,8,0,0,1,0,4.2,4.2,2.9,7.2,33,58,207,0.57,0.36,0.93,0.57,0.93,0.30,0.21,0.51,0.30,0.51,Matches
e82900ef,Datro Fofana,ci CIV,FW,Chelsea,20-069,2002,2,1,61,0.7,0,0,0,0,0,0,0,0,0.2,0.2,0.1,0.3,1,1,10,0.00,0.00,0.00,0.00,0.00,0.35,0.09,0.45,0.35,0.45,Matches
132a82f1,Wesley Fofana,fr FRA,DF,Leicester City,22-074,2000,2,2,180,2.0,0,0,0,0,0,0,1,0,0.1,0.1,0.0,0.1,3,6,1,0.00,0.00,0.00,0.00,0.00,0.06,0.00,0.06,0.06,0.06,Matches
132a82f1,Wesley Fofana,fr FRA,DF,Chelsea,22-074,2000,4,2,297,3.3,0,0,0,0,0,0,0,0,0.0,0.0,0.0,0.0,8,10,7,0.00,0.00,0.00,0.00,0.00,0.00,0.00,0.00,0.00,0.00,Matches
82927de4,Pablo Fornals,es ESP,"FW,MF",West Ham,27-007,1996,20,11,978,10.9,1,1,2,1,0,0,0,0,0.8,0.8,1.4,2.2,19,49,67,0.09,0.09,0.18,0.09,0.18,0.07,0.13,0.20,0.07,0.20,Matches
9f1938ab,Adam Forshaw,eng ENG,MF,Leeds United,31-144,1991,5,2,159,1.8,0,0,0,0,0,0,0,0,0.0,0.0,0.5,0.5,0,8,0,0.00,0.00,0.00,0.00,0.00,0.00,0.26,0.26,0.00,0.26,Matches
c3e39f12,Fraser Forster,eng ENG,GK,Tottenham,34-349,1988,4,4,360,4.0,0,0,0,0,0,0,0,0,0.0,0.0,0.0,0.0,0,0,0,0.00,0.00,0.00,0.00,0.00,0.00,0.00,0.00,0.00,0.00,Matches
6722d4f0,Tyrese Francois,au AUS,FW,Fulham,22-228,2000,1,0,1,0.0,0,0,0,0,0,0,0,0,0.0,0.0,0.0,0.0,0,0,1,0.00,0.00,0.00,0.00,0.00,0.00,0.00,0.00,0.00,0.00,Matches
d56543a0,Ryan Fraser,sct SCO,FW,Newcastle Utd,29-005,1994,8,3,313,3.5,0,0,0,0,0,0,1,0,0.3,0.3,0.4,0.7,8,9,23,0.00,0.00,0.00,0.00,0.00,0.09,0.11,0.20,0.09,0.20,Matches
b853e0ad,Fred,br BRA,MF,Manchester Utd,29-361,1993,21,9,911,10.1,2,1,3,2,0,0,5,0,1.8,1.8,2.1,3.8,7,50,34,0.20,0.10,0.30,0.20,0.30,0.17,0.20,0.38,0.17,0.38,Matches
c067631c,Ryan Fredericks,eng ENG,DF,Bournemouth,30-142,1992,10,5,495,5.5,0,0,0,0,0,0,1,0,0.0,0.0,0.1,0.1,13,15,28,0.00,0.00,0.00,0.00,0.00,0.00,0.02,0.02,0.00,0.02,Matches
98d2c2c4,Remo Freuler,ch SUI,MF,Nott'ham Forest,30-320,1992,20,18,1641,18.2,0,0,0,0,0,0,3,0,0.3,0.3,0.6,0.9,6,45,7,0.00,0.00,0.00,0.00,0.00,0.02,0.03,0.05,0.02,0.05,Matches
1971591f,Cody Gakpo,nl NED,FW,Liverpool,23-298,1999,6,6,475,5.3,2,0,2,2,0,0,0,0,2.9,2.9,0.3,3.2,9,13,33,0.38,0.00,0.38,0.38,0.38,0.55,0.06,0.61,0.55,0.61,Matches
c2731c10,Conor Gallagher,eng ENG,"MF,FW",Chelsea,23-023,2000,21,10,848,9.4,1,1,2,1,0,0,6,1,1.1,1.1,2.1,3.1,21,55,45,0.11,0.11,0.21,0.11,0.21,0.11,0.22,0.33,0.11,0.33,Matches
72c812f3,Idrissa Gana Gueye,sn SEN,MF,Everton,33-156,1989,19,18,1491,16.6,0,1,1,0,0,0,3,0,0.1,0.1,0.8,0.9,16,57,10,0.00,0.06,0.06,0.00,0.06,0.01,0.05,0.05,0.01,0.05,Matches
7aa8adfe,Alejandro Garnacho,es ESP,FW,Manchester Utd,18-243,2004,13,4,403,4.5,2,2,4,2,0,0,2,0,1.8,1.8,1.0,2.8,24,5,64,0.45,0.45,0.89,0.45,0.89,0.40,0.22,0.62,0.40,0.62,Matches
4e015693,James Garner,eng ENG,MF,Everton,21-353,2001,6,0,142,1.6,0,0,0,0,0,0,1,0,0.1,0.1,0.0,0.1,1,5,1,0.00,0.00,0.00,0.00,0.00,0.03,0.00,0.03,0.03,0.03,Matches
7ba6d84e,David de Gea,es ESP,GK,Manchester Utd,32-114,1990,24,24,2160,24.0,0,0,0,0,0,0,0,0,0.0,0.0,0.1,0.1,0,0,0,0.00,0.00,0.00,0.00,0.00,0.00,0.00,0.00,0.00,0.00,Matches
01962d0d,Joe Gelhardt,eng ENG,FW,Leeds United,20-301,2002,15,1,212,2.4,0,2,2,0,0,0,1,0,0.8,0.8,0.5,1.3,2,6,21,0.00,0.85,0.85,0.00,0.85,0.36,0.20,0.55,0.36,0.55,Matches
f7b1d4e0,Saman Ghoddos,ir IRN,"MF,FW",Brentford,29-176,1993,9,0,90,1.0,0,0,0,0,0,0,0,0,0.0,0.0,0.2,0.3,0,5,2,0.00,0.00,0.00,0.00,0.00,0.05,0.23,0.27,0.05,0.27,Matches
32f60ed8,Morgan Gibbs-White,eng ENG,"FW,MF",Wolves,23-033,2000,2,2,180,2.0,0,0,0,0,0,0,1,0,0.7,0.7,0.1,0.8,4,12,12,0.00,0.00,0.00,0.00,0.00,0.36,0.04,0.40,0.36,0.40,Matches
32f60ed8,Morgan Gibbs-White,eng ENG,"MF,FW",Nott'ham Forest,23-033,2000,21,20,1736,19.3,2,5,7,2,0,0,1,0,3.4,3.4,5.7,9.1,35,84,106,0.10,0.26,0.36,0.10,0.36,0.18,0.30,0.47,0.18,0.47,Matches
df10e27c,Billy Gilmour,sct SCO,MF,Brighton,21-263,2001,7,2,163,1.8,0,0,0,0,0,0,1,0,0.2,0.2,0.1,0.3,3,17,3,0.00,0.00,0.00,0.00,0.00,0.12,0.05,0.17,0.12,0.17,Matches
75fdd638,Degnand Gnonto,it ITA,"FW,MF",Leeds United,19-116,2003,13,11,956,10.6,2,1,3,2,0,0,4,0,1.4,1.4,1.3,2.7,47,20,101,0.19,0.09,0.28,0.19,0.28,0.13,0.13,0.26,0.13,0.26,Matches
9f7c837d,Ben Godfrey,eng ENG,DF,Everton,25-045,1998,4,3,211,2.3,0,0,0,0,0,0,0,0,1.1,1.1,0.1,1.2,0,5,0,0.00,0.00,0.00,0.00,0.00,0.47,0.04,0.50,0.47,0.50,Matches
8b57ad2c,João Gomes,br BRA,MF,Wolves,22-017,2001,2,0,42,0.5,1,0,1,1,0,0,1,0,0.2,0.2,0.0,0.2,2,1,1,2.14,0.00,2.14,2.14,2.14,0.46,0.00,0.46,0.46,0.46,Matches
f0caab96,Toti Gomes,pt POR,DF,Wolves,24-044,1999,7,3,310,3.4,0,0,0,0,0,0,2,0,0.0,0.0,0.1,0.1,0,7,2,0.00,0.00,0.00,0.00,0.00,0.00,0.02,0.02,0.00,0.02,Matches
7a11550b,Joe Gomez,eng ENG,DF,Liverpool,25-282,1997,19,13,1286,14.3,0,0,0,0,0,0,3,0,0.1,0.1,0.2,0.3,13,95,2,0.00,0.00,0.00,0.00,0.00,0.01,0.01,0.02,0.01,0.02,Matches
01e5f06e,Sergio Gómez,es ESP,"DF,MF",Manchester City,22-178,2000,6,0,147,1.6,0,1,1,0,0,0,0,0,0.3,0.3,0.4,0.7,3,10,14,0.00,0.61,0.61,0.00,0.61,0.17,0.25,0.41,0.17,0.41,Matches
2bd83368,Anthony Gordon,eng ENG,"MF,FW",Newcastle Utd,22-005,2001,3,0,104,1.2,0,0,0,0,0,0,1,0,0.3,0.3,0.6,0.9,6,4,11,0.00,0.00,0.00,0.00,0.00,0.28,0.52,0.79,0.28,0.79,Matches
2bd83368,Anthony Gordon,eng ENG,FW,Everton,22-005,2001,16,12,1095,12.2,3,0,3,3,0,0,6,0,3.3,3.3,0.6,3.9,28,19,67,0.25,0.00,0.25,0.25,0.25,0.27,0.05,0.32,0.27,0.32,Matches
4468ec10,Demarai Gray,eng ENG,"FW,MF",Everton,26-246,1996,22,19,1730,19.2,3,1,4,2,1,1,1,0,3.8,3.0,2.7,5.7,68,40,130,0.16,0.05,0.21,0.10,0.16,0.20,0.14,0.34,0.16,0.30,Matches
b0b4fd3e,Jack Grealish,eng ENG,FW,Manchester City,27-172,1995,19,15,1345,14.9,3,4,7,3,0,0,2,0,3.1,3.1,4.0,7.1,99,51,194,0.20,0.27,0.47,0.20,0.47,0.21,0.27,0.48,0.21,0.48,Matches
f3354c07,Sam Greenwood,eng ENG,"MF,FW",Leeds United,21-034,2002,14,2,328,3.6,1,2,3,1,0,0,1,0,0.6,0.6,1.1,1.7,6,12,6,0.27,0.55,0.82,0.27,0.82,0.17,0.30,0.47,0.17,0.47,Matches
8aec0537,Pascal Groß,de GER,"MF,DF",Brighton,31-259,1991,22,22,1911,21.2,6,3,9,6,0,0,2,0,3.3,3.3,5.7,9.0,29,151,124,0.28,0.14,0.42,0.28,0.42,0.16,0.27,0.43,0.16,0.43,Matches
ab13a5aa,Vicente Guaita,es ESP,GK,Crystal Palace,36-050,1987,24,24,2160,24.0,0,0,0,0,0,0,1,0,0.0,0.0,0.0,0.0,0,1,0,0.00,0.00,0.00,0.00,0.00,0.00,0.00,0.00,0.00,0.00,Matches
e6bc67d7,Gonçalo Guedes,pt POR,"FW,MF",Wolves,26-092,1996,13,8,707,7.9,1,1,2,1,0,0,1,0,1.2,1.2,0.5,1.7,20,16,54,0.13,0.13,0.25,0.13,0.25,0.15,0.06,0.22,0.15,0.22,Matches
d0706b27,Marc Guéhi,eng ENG,DF,Crystal Palace,22-231,2000,23,23,2070,23.0,0,0,0,0,0,0,7,0,0.6,0.6,0.2,0.8,8,68,2,0.00,0.00,0.00,0.00,0.00,0.03,0.01,0.03,0.03,0.03,Matches
82518f62,Bruno Guimarães,br BRA,MF,Newcastle Utd,25-105,1997,17,17,1397,15.5,3,3,6,3,0,0,3,0,0.9,0.9,1.8,2.7,17,110,12,0.19,0.19,0.39,0.19,0.39,0.06,0.12,0.17,0.06,0.17,Matches
819b3158,İlkay Gündoğan,de GER,MF,Manchester City,32-128,1990,22,18,1576,17.5,3,3,6,3,0,0,0,0,5.0,5.0,2.6,7.6,36,115,101,0.17,0.17,0.34,0.17,0.34,0.28,0.15,0.43,0.28,0.43,Matches
56d838f7,Darko Gyabi,eng ENG,FW,Leeds United,19-011,2004,1,0,8,0.1,0,0,0,0,0,0,0,0,0.1,0.1,0.0,0.1,0,2,0,0.00,0.00,0.00,0.00,0.00,0.72,0.00,0.72,0.72,0.72,Matches
1f44ac21,Erling Haaland,no NOR,FW,Manchester City,22-223,2000,24,23,1932,21.5,27,4,31,23,4,4,3,0,18.7,15.5,3.8,19.4,23,38,106,1.26,0.19,1.44,1.07,1.26,0.87,0.18,1.05,0.72,0.90,Matches
da011f18,Lewis Hall,eng ENG,"DF,MF",Chelsea,18-174,2004,5,4,304,3.4,0,0,0,0,0,0,1,0,0.5,0.5,0.3,0.7,10,9,19,0.00,0.00,0.00,0.00,0.00,0.14,0.08,0.22,0.14,0.22,Matches
8c3078cd,Luke Harris,wls WAL,"MF,FW",Fulham,17-332,2005,3,0,13,0.1,0,0,0,0,0,0,0,0,0.0,0.0,0.0,0.0,0,1,0,0.00,0.00,0.00,0.00,0.00,0.00,0.00,0.00,0.00,0.00,Matches
aa849a12,Jack Harrison,eng ENG,"FW,MF",Leeds United,26-101,1996,22,20,1575,17.5,1,5,6,1,0,0,2,0,2.8,2.8,3.1,5.9,65,65,157,0.06,0.29,0.34,0.06,0.34,0.16,0.18,0.33,0.16,0.33,Matches
fed7cb61,Kai Havertz,de GER,"FW,MF",Chelsea,23-263,1999,23,20,1708,19.0,5,1,6,5,0,0,4,0,6.2,6.2,2.2,8.4,37,53,143,0.26,0.05,0.32,0.26,0.32,0.32,0.12,0.44,0.32,0.44,Matches
4fd08daa,Jan Paul van Hecke,nl NED,DF,Brighton,22-266,2000,2,1,80,0.9,0,0,0,0,0,0,0,0,0.6,0.6,0.0,0.6,3,9,0,0.00,0.00,0.00,0.00,0.00,0.67,0.00,0.67,0.67,0.67,Matches
169fd162,Hwang Hee-chan,kr KOR,FW,Wolves,27-034,1996,17,9,690,7.7,0,1,1,0,0,0,1,0,0.4,0.4,1.0,1.5,16,19,35,0.00,0.13,0.13,0.00,0.13,0.06,0.13,0.19,0.06,0.19,Matches
e5a76dfe,Dean Henderson,eng ENG,GK,Nott'ham Forest,25-354,1997,18,18,1620,18.0,0,0,0,0,0,0,2,0,0.0,0.0,0.0,0.0,0,0,0,0.00,0.00,0.00,0.00,0.00,0.00,0.00,0.00,0.00,0.00,Matches
935e6b8f,Jordan Henderson,eng ENG,MF,Liverpool,32-257,1990,20,13,1146,12.7,0,0,0,0,0,0,2,0,0.6,0.6,1.1,1.7,22,100,30,0.00,0.00,0.00,0.00,0.00,0.05,0.09,0.14,0.05,0.14,Matches
76eca7e2,Wayne Hennessey,wls WAL,GK,Nott'ham Forest,36-036,1987,2,2,180,2.0,0,0,0,0,0,0,0,0,0.0,0.0,0.0,0.0,0,0,0,0.00,0.00,0.00,0.00,0.00,0.00,0.00,0.00,0.00,0.00,Matches
8a3c1dc7,Rico Henry,eng ENG,DF,Brentford,25-236,1997,22,22,1960,21.8,0,2,2,0,0,0,0,0,1.0,1.0,1.5,2.5,32,63,72,0.00,0.09,0.09,0.00,0.09,0.05,0.07,0.11,0.05,0.11,Matches
92e7e919,Son Heung-min,kr KOR,"MF,FW",Tottenham,30-236,1992,23,20,1763,19.6,5,3,8,5,0,0,1,0,5.4,5.4,3.5,8.9,59,47,129,0.26,0.15,0.41,0.26,0.41,0.28,0.18,0.46,0.28,0.46,Matches
1780bb4a,Aaron Hickey,sct SCO,DF,Brentford,20-264,2002,11,10,814,9.0,0,0,0,0,0,0,4,0,0.1,0.1,0.0,0.2,23,41,28,0.00,0.00,0.00,0.00,0.00,0.01,0.00,0.02,0.01,0.02,Matches
bd8a5d95,Joseph Hodge,ie IRL,MF,Wolves,20-168,2002,5,1,169,1.9,0,0,0,0,0,0,1,0,0.1,0.1,0.1,0.2,1,7,4,0.00,0.00,0.00,0.00,0.00,0.06,0.03,0.09,0.06,0.09,Matches
d79a8c87,Rob Holding,eng ENG,DF,Arsenal,27-162,1995,7,0,20,0.2,0,0,0,0,0,0,0,0,0.0,0.0,0.0,0.0,0,1,0,0.00,0.00,0.00,0.00,0.00,0.00,0.00,0.00,0.00,0.00,Matches
d0042ab9,Mason Holgate,eng ENG,DF,Everton,26-130,1996,4,3,320,3.6,0,0,0,0,0,0,1,0,0.3,0.3,0.3,0.6,4,9,2,0.00,0.00,0.00,0.00,0.00,0.08,0.08,0.16,0.08,0.16,Matches
a0666d3e,Will Hughes,eng ENG,MF,Crystal Palace,27-318,1995,16,3,376,4.2,0,0,0,0,0,0,4,0,0.1,0.1,0.0,0.2,5,13,9,0.00,0.00,0.00,0.00,0.00,0.03,0.01,0.04,0.03,0.04,Matches
bd9553e6,Omari Hutchinson,eng ENG,FW,Chelsea,19-122,2003,1,0,23,0.3,0,0,0,0,0,0,0,0,0.0,0.0,0.0,0.0,1,0,1,0.00,0.00,0.00,0.00,0.00,0.00,0.00,0.00,0.00,0.00,Matches
8b04d6c1,Pierre Højbjerg,dk DEN,MF,Tottenham,27-208,1995,24,24,2141,23.8,4,3,7,4,0,0,2,0,1.6,1.6,2.2,3.8,33,162,57,0.17,0.13,0.29,0.17,0.29,0.07,0.09,0.16,0.07,0.16,Matches
c92e1a31,Kelechi Iheanacho,ng NGA,FW,Leicester City,26-149,1996,18,5,578,6.4,3,4,7,3,0,0,0,0,3.1,3.1,2.8,5.9,18,14,52,0.47,0.62,1.09,0.47,1.09,0.49,0.44,0.93,0.49,0.93,Matches
07802f7f,Danny Ings,eng ENG,FW,West Ham,30-221,1992,5,1,155,1.7,2,0,2,2,0,0,0,0,2.0,2.0,0.2,2.1,2,4,12,1.16,0.00,1.16,1.16,1.16,1.14,0.11,1.24,1.14,1.24,Matches
07802f7f,Danny Ings,eng ENG,FW,Aston Villa,30-221,1992,18,8,824,9.2,6,0,6,4,2,2,3,0,5.3,3.8,1.2,5.0,15,12,46,0.66,0.00,0.66,0.44,0.44,0.59,0.13,0.71,0.41,0.54,Matches
8e92be30,Alexander Isak,se SWE,"FW,MF",Newcastle Utd,23-161,1999,7,5,437,4.9,3,0,3,2,1,1,0,0,3.6,2.8,0.5,3.3,10,10,34,0.62,0.00,0.62,0.41,0.41,0.74,0.11,0.85,0.57,0.69,Matches
6ca5ec4b,Alex Iwobi,ng NGA,"MF,FW",Everton,26-302,1996,24,24,2121,23.6,1,6,7,1,0,0,2,0,1.6,1.6,3.6,5.2,41,119,92,0.04,0.25,0.30,0.04,0.30,0.07,0.15,0.22,0.07,0.22,Matches
c931d9f9,Daniel James,wls WAL,FW,Leeds United,25-111,1997,4,2,198,2.2,0,0,0,0,0,0,0,0,0.3,0.3,0.3,0.6,6,3,9,0.00,0.00,0.00,0.00,0.00,0.12,0.15,0.27,0.12,0.27,Matches
c931d9f9,Daniel James,wls WAL,FW,Fulham,25-111,1997,12,3,360,4.0,1,0,1,1,0,0,0,0,1.3,1.3,0.3,1.6,15,12,27,0.25,0.00,0.25,0.25,0.25,0.33,0.08,0.41,0.33,0.41,Matches
1265a93a,Reece James,eng ENG,"DF,MF",Chelsea,23-083,1999,11,10,850,9.4,1,1,2,1,0,0,3,0,0.9,0.9,1.7,2.5,39,59,80,0.11,0.11,0.21,0.11,0.21,0.09,0.17,0.27,0.09,0.27,Matches
8449d35e,Vitaly Janelt,de GER,"MF,DF",Brentford,24-295,1998,23,15,1434,15.9,3,1,4,3,0,0,1,0,2.0,2.0,0.8,2.8,11,53,19,0.19,0.06,0.25,0.19,0.25,0.13,0.05,0.18,0.13,0.18,Matches
172e52d8,Pontus Jansson,se SWE,DF,Brentford,32-016,1991,7,6,515,5.7,0,0,0,0,0,0,0,0,0.0,0.0,0.0,0.0,1,13,0,0.00,0.00,0.00,0.00,0.00,0.00,0.00,0.00,0.00,0.00,Matches
0f134faf,Mathias Jensen,dk DEN,MF,Brentford,27-059,1996,23,23,1765,19.6,3,4,7,3,0,0,3,0,1.3,1.3,2.5,3.8,15,86,47,0.15,0.20,0.36,0.15,0.36,0.07,0.12,0.19,0.07,0.19,Matches
b66315ae,Gabriel Jesus,br BRA,FW,Arsenal,25-332,1997,14,14,1219,13.5,5,5,10,5,0,0,4,0,7.7,7.7,2.8,10.6,30,38,122,0.37,0.37,0.74,0.37,0.74,0.57,0.21,0.78,0.57,0.78,Matches
b561db50,Raúl Jiménez,mx MEX,FW,Wolves,31-300,1991,9,4,422,4.7,0,1,1,0,0,0,0,0,1.7,1.7,0.7,2.3,4,8,25,0.00,0.21,0.21,0.00,0.21,0.36,0.14,0.50,0.36,0.50,Matches
c17bfb65,Joelinton,br BRA,"MF,FW",Newcastle Utd,26-199,1996,21,20,1760,19.6,2,1,3,2,0,0,9,0,3.4,3.4,1.8,5.2,43,88,103,0.10,0.05,0.15,0.10,0.15,0.17,0.09,0.27,0.17,0.27,Matches
9319781b,Ben Johnson,eng ENG,DF,West Ham,23-036,2000,12,7,654,7.3,0,0,0,0,0,0,0,0,0.0,0.0,0.2,0.3,11,34,15,0.00,0.00,0.00,0.00,0.00,0.00,0.03,0.04,0.00,0.04,Matches
0cd31129,Brennan Johnson,wls WAL,"FW,MF",Nott'ham Forest,21-282,2001,24,22,1971,21.9,5,2,7,4,1,2,4,0,6.1,4.5,2.8,7.3,62,24,107,0.23,0.09,0.32,0.18,0.27,0.28,0.13,0.41,0.21,0.33,Matches
4fb9c88f,Curtis Jones,eng ENG,"MF,FW",Liverpool,22-030,2001,6,1,189,2.1,0,0,0,0,0,0,1,0,0.2,0.2,0.2,0.4,6,17,16,0.00,0.00,0.00,0.00,0.00,0.09,0.09,0.18,0.09,0.18,Matches
45db685d,Jorginho,it ITA,MF,Arsenal,31-071,1991,4,3,302,3.4,0,0,0,0,0,0,0,0,0.1,0.1,0.1,0.2,3,43,5,0.00,0.00,0.00,0.00,0.00,0.03,0.04,0.07,0.03,0.07,Matches
45db685d,Jorginho,it ITA,MF,Chelsea,31-071,1991,18,15,1279,14.2,2,0,2,0,2,2,4,0,1.7,0.1,0.4,0.5,13,80,10,0.14,0.00,0.14,0.00,0.00,0.12,0.03,0.14,0.01,0.03,Matches
178ae8f8,Diogo Jota,pt POR,"FW,MF",Liverpool,26-087,1996,7,3,319,3.5,0,1,1,0,0,0,1,0,1.8,1.8,0.8,2.6,12,10,31,0.00,0.28,0.28,0.00,0.28,0.51,0.24,0.75,0.51,0.75,Matches
570bb4b9,Hamed Junior Traorè,ci CIV,"FW,MF",Bournemouth,23-013,2000,4,4,305,3.4,0,0,0,0,0,0,0,0,0.2,0.2,0.8,1.0,13,17,14,0.00,0.00,0.00,0.00,0.00,0.06,0.22,0.28,0.06,0.28,Matches
fb614c44,James Justin,eng ENG,DF,Leicester City,25-006,1998,14,14,1252,13.9,0,0,0,0,0,0,0,0,0.3,0.3,0.3,0.6,20,47,50,0.00,0.00,0.00,0.00,0.00,0.02,0.02,0.05,0.02,0.05,Matches
0db5d2c8,Mathias Jørgensen,dk DEN,DF,Brentford,32-312,1990,13,8,745,8.3,0,0,0,0,0,0,1,0,0.5,0.5,0.1,0.5,1,22,1,0.00,0.00,0.00,0.00,0.00,0.06,0.01,0.06,0.06,0.06,Matches
15f24fe7,Sasa Kalajdzic,at AUT,FW,Wolves,25-237,1997,1,1,45,0.5,0,0,0,0,0,0,0,0,0.3,0.3,0.0,0.3,0,0,1,0.00,0.00,0.00,0.00,0.00,0.53,0.00,0.53,0.53,0.53,Matches
cc77354e,Boubacar Kamara,fr FRA,MF,Aston Villa,23-098,1999,18,17,1465,16.3,0,1,1,0,0,0,3,0,0.2,0.2,0.8,1.0,13,75,7,0.00,0.06,0.06,0.00,0.06,0.01,0.05,0.06,0.01,0.06,Matches
21a66f6a,Harry Kane,eng ENG,FW,Tottenham,29-216,1993,25,25,2235,24.8,18,2,20,16,2,3,4,0,13.5,11.1,4.2,15.3,40,123,137,0.72,0.08,0.81,0.64,0.72,0.54,0.17,0.71,0.45,0.62,Matches
b9fbae28,N'Golo Kanté,fr FRA,MF,Chelsea,31-337,1991,2,2,174,1.9,0,0,0,0,0,0,0,0,0.1,0.1,0.3,0.4,7,9,7,0.00,0.00,0.00,0.00,0.00,0.05,0.13,0.18,0.05,0.18,Matches
c5b7c315,Michael Keane,eng ENG,DF,Everton,30-049,1993,1,0,23,0.3,0,0,0,0,0,0,0,0,0.0,0.0,0.0,0.0,0,0,0,0.00,0.00,0.00,0.00,0.00,0.00,0.00,0.00,0.00,0.00,Matches
18b999f4,Neeskens Kebano,cd COD,FW,Fulham,30-356,1992,12,9,713,7.9,0,3,3,0,0,0,0,0,0.5,0.5,1.4,1.8,37,21,63,0.00,0.38,0.38,0.00,0.38,0.06,0.17,0.23,0.06,0.23,Matches
51dbeea9,Thilo Kehrer,de GER,DF,West Ham,26-161,1996,18,18,1575,17.5,0,0,0,0,0,0,4,0,0.4,0.4,0.2,0.6,12,39,20,0.00,0.00,0.00,0.00,0.00,0.02,0.01,0.04,0.02,0.04,Matches
f25c8e3a,Naby Keïta,gn GUI,MF,Liverpool,28-019,1995,8,3,293,3.3,0,0,0,0,0,0,1,0,0.6,0.6,0.7,1.4,5,15,21,0.00,0.00,0.00,0.00,0.00,0.20,0.22,0.42,0.20,0.42,Matches
f31def1e,Lloyd Kelly,eng ENG,DF,Bournemouth,24-146,1998,10,10,900,10.0,0,2,2,0,0,0,2,0,0.1,0.1,0.1,0.3,4,15,1,0.00,0.20,0.20,0.00,0.20,0.01,0.01,0.03,0.01,0.03,Matches
d0f72bf1,Max Kilman,eng ENG,DF,Wolves,25-282,1997,24,24,2160,24.0,0,0,0,0,0,0,3,0,1.0,1.0,0.0,1.0,20,85,1,0.00,0.00,0.00,0.00,0.00,0.04,0.00,0.04,0.04,0.04,Matches
282679b4,Mateusz Klich,pl POL,"MF,FW",Leeds United,32-261,1990,14,0,280,3.1,0,0,0,0,0,0,2,0,0.2,0.2,0.2,0.4,5,16,21,0.00,0.00,0.00,0.00,0.00,0.05,0.06,0.12,0.05,0.12,Matches
ea6bc03a,Robin Koch,de GER,DF,Leeds United,26-227,1996,23,23,2022,22.5,0,0,0,0,0,0,5,0,0.5,0.5,0.1,0.6,8,68,5,0.00,0.00,0.00,0.00,0.00,0.02,0.00,0.03,0.02,0.03,Matches
5ed9b537,Ibrahima Konaté,fr FRA,DF,Liverpool,23-280,1999,5,4,382,4.2,0,0,0,0,0,0,0,0,0.2,0.2,0.0,0.2,3,12,2,0.00,0.00,0.00,0.00,0.00,0.05,0.00,0.05,0.05,0.05,Matches
0313a347,Ezri Konsa,eng ENG,DF,Aston Villa,25-129,1997,24,23,2062,22.9,0,0,0,0,0,0,4,0,0.6,0.6,0.5,1.0,5,26,9,0.00,0.00,0.00,0.00,0.00,0.02,0.02,0.05,0.02,0.05,Matches
da974c7b,Kalidou Koulibaly,sn SEN,DF,Chelsea,31-254,1991,16,14,1250,13.9,2,0,2,2,0,0,6,1,0.8,0.8,0.4,1.2,9,60,4,0.14,0.00,0.14,0.14,0.14,0.06,0.03,0.08,0.06,0.08,Matches
8d3c902d,Cheikhou Kouyaté,sn SEN,"MF,DF",Nott'ham Forest,33-070,1989,12,9,704,7.8,1,0,1,1,0,0,2,0,0.3,0.3,0.6,1.0,6,16,8,0.13,0.00,0.13,0.13,0.13,0.04,0.08,0.12,0.04,0.12,Matches
79c0821a,Mateo Kovačić,hr CRO,MF,Chelsea,28-299,1994,16,8,925,10.3,0,1,1,0,0,0,4,0,0.5,0.5,1.2,1.7,24,86,12,0.00,0.10,0.10,0.00,0.10,0.05,0.11,0.16,0.05,0.16,Matches
77cf6852,Emil Krafth,se SWE,DF,Newcastle Utd,28-211,1994,1,0,1,0.0,0,0,0,0,0,0,0,0,0.0,0.0,0.0,0.0,0,0,0,0.00,0.00,0.00,0.00,0.00,0.00,0.00,0.00,0.00,0.00,Matches
df3cda47,Dejan Kulusevski,se SWE,"MF,FW",Tottenham,22-310,2000,17,15,1299,14.4,2,5,7,2,0,0,0,0,1.4,1.4,3.0,4.4,62,44,132,0.14,0.35,0.48,0.14,0.48,0.10,0.20,0.30,0.10,0.30,Matches
41e7ef1c,Layvin Kurzawa,fr FRA,DF,Fulham,30-178,1992,3,2,135,1.5,0,0,0,0,0,0,1,0,0.0,0.0,0.0,0.0,1,2,2,0.00,0.00,0.00,0.00,0.00,0.00,0.00,0.00,0.00,0.00,Matches
99813635,Adam Lallana,eng ENG,"MF,FW",Brighton,34-295,1988,16,12,722,8.0,2,1,3,2,0,0,0,0,0.9,0.9,1.0,1.9,10,33,43,0.25,0.12,0.37,0.25,0.37,0.11,0.12,0.23,0.11,0.23,Matches
f4e433d4,Tariq Lamptey,gh GHA,DF,Brighton,22-152,2000,19,2,438,4.9,0,0,0,0,0,0,1,0,0.2,0.2,0.2,0.4,27,24,57,0.00,0.00,0.00,0.00,0.00,0.04,0.04,0.08,0.04,0.08,Matches
26f6dca8,Manuel Lanzini,ar ARG,"MF,FW",West Ham,30-014,1993,6,1,134,1.5,0,0,0,0,0,0,0,0,0.1,0.1,0.0,0.1,2,12,4,0.00,0.00,0.00,0.00,0.00,0.04,0.00,0.04,0.04,0.04,Matches
119b9a8e,Aymeric Laporte,es ESP,DF,Manchester City,28-278,1994,7,6,556,6.2,0,0,0,0,0,0,0,0,0.5,0.5,0.2,0.7,17,46,8,0.00,0.00,0.00,0.00,0.00,0.08,0.03,0.11,0.08,0.11,Matches
cf7fb13a,Juan Larios,es ESP,DF,Southampton,19-048,2004,5,2,152,1.7,0,0,0,0,0,0,0,0,0.0,0.0,0.0,0.0,10,4,1,0.00,0.00,0.00,0.00,0.00,0.00,0.00,0.00,0.00,0.00,Matches
450ab6fc,Jamaal Lascelles,eng ENG,DF,Newcastle Utd,29-110,1993,4,1,107,1.2,0,0,0,0,0,0,3,0,0.1,0.1,0.0,0.1,0,1,0,0.00,0.00,0.00,0.00,0.00,0.06,0.00,0.06,0.06,0.06,Matches
ecad9aa5,Roméo Lavia,be BEL,MF,Southampton,19-054,2004,15,13,1069,11.9,1,0,1,1,0,0,6,0,0.2,0.2,0.2,0.4,6,47,9,0.08,0.00,0.08,0.08,0.08,0.02,0.02,0.04,0.02,0.04,Matches
0bdda685,Dexter Lembikisa,jm JAM,DF,Wolves,19-117,2003,1,0,23,0.3,0,0,0,0,0,0,0,0,0.0,0.0,0.0,0.0,2,3,3,0.00,0.00,0.00,0.00,0.00,0.00,0.00,0.00,0.00,0.00,Matches
2b471f99,Mario Lemina,ga GAB,MF,Wolves,29-181,1993,5,4,282,3.1,0,0,0,0,0,0,3,1,0.0,0.0,0.1,0.2,2,10,2,0.00,0.00,0.00,0.00,0.00,0.01,0.04,0.05,0.01,0.05,Matches
4f28a6ff,Clément Lenglet,fr FRA,DF,Tottenham,27-257,1995,15,13,1102,12.2,0,2,2,0,0,0,2,0,0.6,0.6,0.6,1.3,19,46,6,0.00,0.16,0.16,0.00,0.16,0.05,0.05,0.10,0.05,0.10,Matches
2628fd2b,Bernd Leno,de GER,GK,Fulham,30-362,1992,23,23,2070,23.0,0,0,0,0,0,0,2,0,0.0,0.0,0.0,0.0,0,0,0,0.00,0.00,0.00,0.00,0.00,0.00,0.00,0.00,0.00,0.00,Matches
9b5ce51a,Jefferson Lerma,co COL,"MF,DF",Bournemouth,28-127,1994,24,24,2108,23.4,3,0,3,3,0,0,3,0,1.6,1.6,0.6,2.1,13,79,18,0.13,0.00,0.13,0.13,0.13,0.07,0.02,0.09,0.07,0.09,Matches
efb9215a,Jamal Lewis,nir NIR,DF,Newcastle Utd,25-035,1998,1,0,8,0.1,0,0,0,0,0,0,0,0,0.0,0.0,0.0,0.0,0,1,1,0.00,0.00,0.00,0.00,0.00,0.00,0.00,0.00,0.00,0.00,Matches
b57e066e,Rico Lewis,eng ENG,"DF,MF",Manchester City,18-100,2004,10,6,543,6.0,0,0,0,0,0,0,1,0,0.1,0.1,0.8,1.0,19,31,14,0.00,0.00,0.00,0.00,0.00,0.02,0.14,0.16,0.02,0.16,Matches
41f08ac8,Keane Lewis-Potter,eng ENG,"FW,MF",Brentford,22-007,2001,10,3,321,3.6,0,1,1,0,0,0,0,0,0.5,0.5,1.2,1.7,8,6,39,0.00,0.28,0.28,0.00,0.28,0.14,0.35,0.49,0.14,0.49,Matches
f5deef4c,Victor Lindelöf,se SWE,DF,Manchester Utd,28-227,1994,9,5,542,6.0,0,0,0,0,0,0,0,0,0.0,0.0,0.0,0.0,1,17,0,0.00,0.00,0.00,0.00,0.00,0.00,0.00,0.00,0.00,0.00,Matches
810e3c74,Jesse Lingard,eng ENG,"FW,MF",Nott'ham Forest,30-076,1992,15,11,875,9.7,0,0,0,0,0,0,1,0,1.0,1.0,0.7,1.7,11,32,34,0.00,0.00,0.00,0.00,0.00,0.11,0.07,0.18,0.11,0.18,Matches
bba30585,Diego Llorente,es ESP,DF,Leeds United,29-197,1993,8,7,649,7.2,0,0,0,0,0,0,1,0,0.7,0.7,0.0,0.7,2,27,1,0.00,0.00,0.00,0.00,0.00,0.10,0.00,0.10,0.10,0.10,Matches
8f62b6ee,Hugo Lloris,fr FRA,GK,Tottenham,36-065,1986,21,21,1890,21.0,0,0,0,0,0,0,0,0,0.0,0.0,0.0,0.0,0,0,0,0.00,0.00,0.00,0.00,0.00,0.00,0.00,0.00,0.00,0.00,Matches
ed9f7cfe,Renan Lodi,br BRA,DF,Nott'ham Forest,24-327,1998,16,15,1253,13.9,0,0,0,0,0,0,2,0,0.7,0.7,0.5,1.2,18,20,42,0.00,0.00,0.00,0.00,0.00,0.05,0.04,0.09,0.05,0.09,Matches
e97fd090,Ruben Loftus-Cheek,eng ENG,"MF,DF",Chelsea,27-037,1996,16,14,1093,12.1,0,0,0,0,0,0,1,0,0.8,0.8,1.0,1.9,35,67,49,0.00,0.00,0.00,0.00,0.00,0.07,0.08,0.15,0.07,0.15,Matches
a2b105e0,Sean Longstaff,eng ENG,MF,Newcastle Utd,25-122,1997,23,19,1775,19.7,1,3,4,1,0,0,2,0,2.3,2.3,2.8,5.1,12,84,79,0.05,0.15,0.20,0.05,0.20,0.12,0.14,0.26,0.12,0.26,Matches
b2856bc0,Jamal Lowe,jm JAM,"MF,FW",Bournemouth,28-223,1994,2,0,12,0.1,0,0,0,0,0,0,0,0,0.0,0.0,0.0,0.0,0,1,0,0.00,0.00,0.00,0.00,0.00,0.00,0.00,0.00,0.00,0.00,Matches
6f7d826d,Douglas Luiz,br BRA,MF,Aston Villa,24-296,1998,23,19,1680,18.7,2,5,7,2,0,0,3,1,1.0,1.0,2.6,3.6,25,71,18,0.11,0.27,0.37,0.11,0.37,0.05,0.14,0.19,0.05,0.19,Matches
c6e8cf1f,Saša Lukić,rs SRB,MF,Fulham,26-200,1996,2,0,46,0.5,0,0,0,0,0,0,0,0,0.0,0.0,0.0,0.0,2,3,4,0.00,0.00,0.00,0.00,0.00,0.05,0.00,0.05,0.05,0.05,Matches
b5bf1770,Lyanco,br BRA,DF,Southampton,26-028,1997,14,7,698,7.8,0,0,0,0,0,0,4,0,0.3,0.3,0.1,0.3,5,20,2,0.00,0.00,0.00,0.00,0.00,0.03,0.01,0.04,0.03,0.04,Matches
83d074ff,Alexis Mac Allister,ar ARG,MF,Brighton,24-067,1998,19,18,1637,18.2,5,0,5,2,3,3,6,0,5.8,3.5,1.4,4.8,25,88,32,0.27,0.00,0.27,0.11,0.11,0.32,0.08,0.40,0.19,0.27,Matches
ee38d9c5,James Maddison,eng ENG,"MF,FW",Leicester City,26-098,1996,17,16,1363,15.1,9,5,14,9,0,0,6,0,4.0,4.0,3.3,7.3,36,93,91,0.59,0.33,0.92,0.59,0.92,0.26,0.22,0.48,0.26,0.48,Matches
bf34eebd,Noni Madueke,eng ENG,FW,Chelsea,20-356,2002,3,2,175,1.9,0,0,0,0,0,0,0,0,0.1,0.1,0.1,0.3,6,8,20,0.00,0.00,0.00,0.00,0.00,0.06,0.07,0.13,0.06,0.13,Matches
d8931174,Harry Maguire,eng ENG,DF,Manchester Utd,29-361,1993,10,5,481,5.3,0,0,0,0,0,0,3,0,0.3,0.3,0.3,0.6,5,14,2,0.00,0.00,0.00,0.00,0.00,0.06,0.06,0.12,0.06,0.12,Matches
892d5bb1,Riyad Mahrez,dz ALG,"FW,MF",Manchester City,32-008,1991,19,12,1061,11.8,5,4,9,4,1,1,2,0,4.6,3.9,3.3,7.2,38,52,152,0.42,0.34,0.76,0.34,0.68,0.39,0.28,0.68,0.33,0.61,Matches
c6220452,Kobbie Mainoo,eng ENG,MF,Manchester Utd,17-316,2005,1,0,11,0.1,0,0,0,0,0,0,0,0,0.0,0.0,0.0,0.0,2,1,1,0.00,0.00,0.00,0.00,0.00,0.00,0.00,0.00,0.00,0.00,Matches
e3a5814e,Ainsley Maitland-Niles,eng ENG,"DF,MF",Southampton,25-184,1997,13,8,813,9.0,0,0,0,0,0,0,3,0,0.0,0.0,0.4,0.4,8,33,10,0.00,0.00,0.00,0.00,0.00,0.00,0.05,0.05,0.00,0.05,Matches
6b6c793c,Tyrell Malacia,nl NED,DF,Manchester Utd,23-196,1999,14,10,905,10.1,0,0,0,0,0,0,3,0,0.2,0.2,0.1,0.3,14,28,20,0.00,0.00,0.00,0.00,0.00,0.02,0.01,0.03,0.02,0.03,Matches
a572e291,Orel Mangala,be BEL,MF,Nott'ham Forest,24-348,1998,15,10,712,7.9,0,0,0,0,0,0,1,0,0.3,0.3,0.1,0.4,10,25,6,0.00,0.00,0.00,0.00,0.00,0.04,0.01,0.05,0.04,0.05,Matches
758dd7f0,Javier Manquillo,es ESP,DF,Newcastle Utd,28-300,1994,1,0,11,0.1,0,0,0,0,0,0,0,0,0.0,0.0,0.0,0.0,2,1,1,0.00,0.00,0.00,0.00,0.00,0.00,0.00,0.00,0.00,0.00,Matches
3544641e,Sekou Mara,fr FRA,"FW,MF",Southampton,20-214,2002,16,3,387,4.3,0,1,1,0,0,0,1,0,0.8,0.8,0.5,1.3,3,6,21,0.00,0.23,0.23,0.00,0.23,0.18,0.12,0.31,0.18,0.31,Matches
bb5fbd2b,Solly March,eng ENG,"FW,DF",Brighton,28-224,1994,22,22,1897,21.1,5,4,9,5,0,0,2,0,5.1,5.1,4.9,10.0,73,94,247,0.24,0.19,0.43,0.24,0.43,0.24,0.23,0.47,0.24,0.47,Matches
4d960fc3,Emiliano Marcondes,dk DEN,MF,Bournemouth,27-357,1995,1,0,9,0.1,0,0,0,0,0,0,0,0,0.0,0.0,0.0,0.0,0,1,0,0.00,0.00,0.00,0.00,0.00,0.00,0.00,0.00,0.00,0.00,Matches
59878425,Marquinhos,br BRA,MF,Arsenal,19-328,2003,1,0,1,0.0,0,0,0,0,0,0,0,0,0.0,0.0,0.0,0.0,0,0,0,0.00,0.00,0.00,0.00,0.00,0.00,0.00,0.00,0.00,0.00,Matches
8b788c01,Anthony Martial,fr FRA,FW,Manchester Utd,27-086,1995,9,6,458,5.1,3,2,5,2,1,1,0,0,3.2,2.4,0.9,3.3,7,15,28,0.59,0.39,0.98,0.39,0.79,0.63,0.18,0.81,0.47,0.66,Matches
48a5a5d6,Martinelli,br BRA,FW,Arsenal,21-256,2001,24,23,1914,21.3,9,2,11,9,0,0,3,0,5.7,5.7,5.1,10.7,91,74,246,0.42,0.09,0.52,0.42,0.52,0.27,0.24,0.50,0.27,0.50,Matches
7956236f,Emiliano Martínez,ar ARG,GK,Aston Villa,30-180,1992,22,22,1924,21.4,0,0,0,0,0,0,5,0,0.0,0.0,0.3,0.3,0,0,0,0.00,0.00,0.00,0.00,0.00,0.00,0.01,0.01,0.00,0.01,Matches
bac46a10,Lisandro Martínez,ar ARG,DF,Manchester Utd,25-042,1998,22,19,1688,18.8,1,0,1,1,0,0,4,0,0.3,0.3,0.3,0.6,11,68,1,0.05,0.00,0.05,0.05,0.05,0.01,0.02,0.03,0.01,0.03,Matches
feb5d972,Pape Matar Sarr,sn SEN,MF,Tottenham,20-168,2002,5,1,138,1.5,0,0,0,0,0,0,1,0,0.0,0.0,0.0,0.1,1,11,0,0.00,0.00,0.00,0.00,0.00,0.02,0.02,0.03,0.02,0.03,Matches
50e6dc35,Jean-Philippe Mateta,fr FRA,FW,Crystal Palace,25-246,1997,20,6,660,7.3,1,0,1,1,0,0,2,0,2.4,2.4,0.6,3.1,6,5,33,0.14,0.00,0.14,0.14,0.14,0.33,0.08,0.42,0.33,0.42,Matches
b217ef29,Joël Matip,cm CMR,DF,Liverpool,31-205,1991,11,9,822,9.1,0,0,0,0,0,0,2,0,0.1,0.1,0.2,0.3,24,44,1,0.00,0.00,0.00,0.00,0.00,0.01,0.02,0.03,0.01,0.03,Matches
4bcf39f6,Neal Maupay,fr FRA,FW,Everton,26-199,1996,17,9,880,9.8,1,0,1,1,0,0,3,0,3.0,3.0,0.5,3.6,7,8,45,0.10,0.00,0.10,0.10,0.10,0.31,0.06,0.37,0.31,0.37,Matches
493924a7,Kevin Mbabu,ch SUI,"DF,FW",Fulham,27-316,1995,6,1,144,1.6,0,1,1,0,0,0,1,0,0.0,0.0,0.4,0.4,4,8,11,0.00,0.62,0.62,0.00,0.62,0.00,0.25,0.25,0.00,0.25,Matches
6afaebf2,Bryan Mbeumo,cm CMR,FW,Brentford,23-206,1999,23,23,1747,19.4,5,3,8,4,1,1,4,0,5.5,4.7,2.8,7.5,34,49,135,0.26,0.15,0.41,0.21,0.36,0.28,0.14,0.43,0.24,0.39,Matches
90f91999,John McGinn,sct SCO,MF,Aston Villa,28-134,1994,20,16,1434,15.9,0,2,2,0,0,0,4,0,1.3,1.3,1.5,2.9,11,68,36,0.00,0.13,0.13,0.00,0.13,0.08,0.10,0.18,0.08,0.18,Matches
4e5a4cbc,Scott McKenna,sct SCO,DF,Nott'ham Forest,26-109,1996,18,17,1462,16.2,0,0,0,0,0,0,4,0,0.1,0.1,0.8,0.9,5,33,1,0.00,0.00,0.00,0.00,0.00,0.00,0.05,0.05,0.00,0.05,Matches
01c3aff5,Weston McKennie,us USA,MF,Leeds United,24-185,1998,5,4,375,4.2,0,0,0,0,0,0,3,0,0.2,0.2,0.2,0.4,4,27,10,0.00,0.00,0.00,0.00,0.00,0.06,0.04,0.10,0.06,0.10,Matches
fc15fb84,Dwight McNeil,eng ENG,"FW,MF",Everton,23-099,1999,22,14,1238,13.8,2,2,4,2,0,0,3,0,1.0,1.0,3.0,3.9,36,39,79,0.15,0.15,0.29,0.15,0.29,0.07,0.21,0.29,0.07,0.29,Matches
d93c2511,Scott McTominay,sct SCO,MF,Manchester Utd,26-083,1996,16,7,785,8.7,0,0,0,0,0,0,5,0,0.8,0.8,0.2,1.0,8,22,15,0.00,0.00,0.00,0.00,0.00,0.09,0.03,0.11,0.09,0.11,Matches
8df7a2fb,Ben Mee,eng ENG,DF,Brentford,33-161,1989,22,22,1928,21.4,3,0,3,3,0,0,2,0,1.7,1.7,0.2,1.9,2,38,7,0.14,0.00,0.14,0.14,0.14,0.08,0.01,0.09,0.08,0.09,Matches
33887998,Edouard Mendy,sn SEN,GK,Chelsea,31-000,1992,9,8,765,8.5,0,0,0,0,0,0,1,0,0.0,0.0,0.0,0.0,0,0,0,0.00,0.00,0.00,0.00,0.00,0.00,0.00,0.00,0.00,0.00,Matches
1598599e,Nampalys Mendy,sn SEN,MF,Leicester City,30-251,1992,12,4,478,5.3,1,0,1,1,0,0,1,0,0.1,0.1,0.0,0.2,1,17,3,0.19,0.00,0.19,0.19,0.19,0.03,0.01,0.03,0.03,0.03,Matches
fed96827,Chris Mepham,wls WAL,DF,Bournemouth,25-116,1997,20,18,1659,18.4,0,0,0,0,0,0,6,0,0.3,0.3,0.2,0.5,1,28,0,0.00,0.00,0.00,0.00,0.00,0.02,0.01,0.03,0.02,0.03,Matches
6b625ac2,Illan Meslier,fr FRA,GK,Leeds United,22-364,2000,24,24,2160,24.0,0,0,0,0,0,0,2,0,0.0,0.0,0.0,0.0,0,0,0,0.00,0.00,0.00,0.00,0.00,0.00,0.00,0.00,0.00,0.00,Matches
10ec4169,Alexander Mighten,eng ENG,FW,Nott'ham Forest,20-324,2002,1,0,8,0.1,0,0,0,0,0,0,0,0,0.0,0.0,0.0,0.0,0,0,1,0.00,0.00,0.00,0.00,0.00,0.00,0.00,0.00,0.00,0.00,Matches
2ce2508a,Luka Milivojević,rs SRB,MF,Crystal Palace,31-328,1991,11,2,293,3.3,0,0,0,0,0,0,0,0,0.2,0.2,0.2,0.4,1,14,2,0.00,0.00,0.00,0.00,0.00,0.07,0.05,0.13,0.07,0.13,Matches
2f90f6b8,James Milner,eng ENG,"DF,MF",Liverpool,37-056,1986,17,6,679,7.5,0,1,1,0,0,0,1,0,0.4,0.4,0.8,1.2,15,50,57,0.00,0.13,0.13,0.00,0.13,0.05,0.10,0.15,0.05,0.15,Matches
6d5701f2,Yerry Mina,co COL,DF,Everton,28-159,1994,3,3,234,2.6,1,0,1,1,0,0,1,0,0.2,0.2,0.0,0.2,1,7,1,0.38,0.00,0.38,0.38,0.38,0.09,0.00,0.09,0.09,0.09,Matches
8397a50c,Tyrone Mings,eng ENG,DF,Aston Villa,29-353,1993,21,21,1890,21.0,0,1,1,0,0,0,4,0,0.0,0.0,0.6,0.6,10,58,6,0.00,0.05,0.05,0.00,0.05,0.00,0.03,0.03,0.00,0.03,Matches
5cbd1eb0,Tyrick Mitchell,eng ENG,DF,Crystal Palace,23-181,1999,22,20,1631,18.1,0,2,2,0,0,0,4,1,0.3,0.3,0.8,1.1,14,64,48,0.00,0.11,0.11,0.00,0.11,0.02,0.04,0.06,0.02,0.06,Matches
74618572,Kaoru Mitoma,jp JPN,"FW,MF",Brighton,25-285,1997,17,10,1020,11.3,5,1,6,5,0,0,0,0,2.1,2.1,2.7,4.8,63,44,118,0.44,0.09,0.53,0.44,0.53,0.19,0.24,0.43,0.19,0.43,Matches
3925dbd6,Aleksandar Mitrović,rs SRB,FW,Fulham,28-166,1994,19,19,1633,18.1,11,1,12,8,3,6,5,0,12.1,7.4,2.1,9.5,19,35,82,0.61,0.06,0.66,0.44,0.50,0.67,0.12,0.78,0.41,0.53,Matches
01ce9e70,Kieffer Moore,wls WAL,FW,Bournemouth,30-205,1992,20,12,1119,12.4,4,0,4,4,0,0,0,0,3.2,3.2,0.3,3.5,10,20,44,0.32,0.00,0.32,0.32,0.32,0.26,0.02,0.28,0.26,0.28,Matches
c4720845,Andrew Moran,ie IRL,FW,Brighton,19-137,2003,1,0,12,0.1,0,0,0,0,0,0,0,0,0.0,0.0,0.0,0.0,0,0,1,0.00,0.00,0.00,0.00,0.00,0.00,0.00,0.00,0.00,0.00,Matches
16e9d0ea,Álex Moreno,es ESP,DF,Aston Villa,29-266,1993,6,2,354,3.9,0,1,1,0,0,0,1,0,0.3,0.3,0.6,0.9,7,9,31,0.00,0.25,0.25,0.00,0.25,0.07,0.15,0.22,0.07,0.22,Matches
9674002f,Mason Mount,eng ENG,"MF,FW",Chelsea,24-050,1999,23,20,1631,18.1,3,2,5,3,0,0,4,0,1.9,1.9,2.9,4.9,47,97,113,0.17,0.11,0.28,0.17,0.28,0.11,0.16,0.27,0.11,0.27,Matches
2b622f01,Lucas Moura,br BRA,"MF,DF",Tottenham,30-200,1992,9,0,99,1.1,0,0,0,0,0,0,0,0,0.1,0.1,0.0,0.1,3,8,10,0.00,0.00,0.00,0.00,0.00,0.08,0.04,0.12,0.08,0.12,Matches
f5a00fa4,João Moutinho,pt POR,MF,Wolves,36-174,1986,22,17,1480,16.4,0,2,2,0,0,0,2,0,1.0,1.0,2.3,3.3,13,121,24,0.00,0.12,0.12,0.00,0.12,0.06,0.14,0.20,0.06,0.20,Matches
92868cb5,Divin Mubama,eng ENG,FW,West Ham,18-127,2004,1,0,4,0.0,0,0,0,0,0,0,0,0,0.0,0.0,0.0,0.0,0,0,0,0.00,0.00,0.00,0.00,0.00,0.00,0.00,0.00,0.00,0.00,Matches
049a888d,Mykhailo Mudryk,ua UKR,FW,Chelsea,22-055,2001,5,2,182,2.0,0,0,0,0,0,0,0,0,0.4,0.4,0.0,0.4,5,7,12,0.00,0.00,0.00,0.00,0.00,0.22,0.00,0.22,0.22,0.22,Matches
de112b84,Jacob Murphy,eng ENG,FW,Newcastle Utd,28-005,1995,23,5,584,6.5,1,1,2,1,0,0,0,0,0.8,0.8,0.7,1.5,34,25,56,0.15,0.15,0.31,0.15,0.31,0.12,0.10,0.23,0.12,0.23,Matches
1d5cab82,Enock Mwepu,zm ZAM,"FW,MF",Brighton,25-059,1998,6,2,213,2.4,0,1,1,0,0,0,0,0,0.2,0.2,0.5,0.7,5,6,17,0.00,0.42,0.42,0.00,0.42,0.09,0.20,0.29,0.09,0.29,Matches
30d4a2e5,Vitaliy Mykolenko,ua UKR,"DF,MF",Everton,23-276,1999,24,24,2048,22.8,0,0,0,0,0,0,3,0,0.4,0.4,1.2,1.6,29,85,55,0.00,0.00,0.00,0.00,0.00,0.02,0.05,0.07,0.02,0.07,Matches
ecada4fc,Keylor Navas,cr CRC,GK,Nott'ham Forest,36-076,1986,4,4,360,4.0,0,0,0,0,0,0,0,0,0.0,0.0,0.0,0.0,0,0,0,0.00,0.00,0.00,0.00,0.00,0.00,0.00,0.00,0.00,0.00,Matches
6b47c5db,Wilfred Ndidi,ng NGA,"MF,DF",Leicester City,26-075,1996,16,11,974,10.8,0,0,0,0,0,0,3,0,0.2,0.2,0.0,0.2,9,38,2,0.00,0.00,0.00,0.00,0.00,0.01,0.00,0.02,0.01,0.02,Matches
c5bdb6e3,Reiss Nelson,eng ENG,FW,Arsenal,23-081,1999,2,0,65,0.7,2,1,3,2,0,0,0,0,0.6,0.6,0.1,0.7,8,1,12,2.77,1.38,4.15,2.77,4.15,0.87,0.11,0.99,0.87,0.99,Matches
a9dc785c,Neto,br BRA,GK,Bournemouth,33-225,1989,14,14,1215,13.5,0,0,0,0,0,0,3,0,0.0,0.0,0.0,0.0,0,0,0,0.00,0.00,0.00,0.00,0.00,0.00,0.00,0.00,0.00,0.00,Matches
7ba2eaa9,Pedro Neto,pt POR,"FW,MF",Wolves,22-357,2000,8,8,599,6.7,0,0,0,0,0,0,1,0,0.7,0.7,1.2,1.9,26,18,79,0.00,0.00,0.00,0.00,0.00,0.10,0.18,0.28,0.10,0.28,Matches
44bfb6c5,Rúben Neves,pt POR,MF,Wolves,25-353,1997,23,23,2070,23.0,5,0,5,3,2,2,7,0,3.7,2.2,0.9,3.1,17,143,8,0.22,0.00,0.22,0.13,0.13,0.16,0.04,0.20,0.09,0.13,Matches
00242715,Moussa Niakhate,fr FRA,DF,Nott'ham Forest,26-358,1996,2,2,160,1.8,0,0,0,0,0,0,0,0,0.3,0.3,0.0,0.3,0,2,0,0.00,0.00,0.00,0.00,0.00,0.15,0.00,0.15,0.15,0.15,Matches
39769cff,Rasmus Nissen,dk DEN,DF,Leeds United,25-233,1997,15,13,1178,13.1,0,1,1,0,0,0,4,0,0.4,0.4,0.8,1.2,12,51,60,0.00,0.08,0.08,0.00,0.08,0.03,0.06,0.09,0.03,0.09,Matches
a53649b7,Eddie Nketiah,eng ENG,FW,Arsenal,23-275,1999,22,9,982,10.9,4,0,4,4,0,0,2,0,7.2,7.2,0.5,7.7,30,15,69,0.37,0.00,0.37,0.37,0.37,0.66,0.05,0.70,0.66,0.70,Matches
e6af02e0,Matheus Nunes,pt POR,MF,Wolves,24-186,1998,21,19,1543,17.1,0,1,1,0,0,0,1,0,2.1,2.1,1.8,3.9,42,55,85,0.00,0.06,0.06,0.00,0.06,0.12,0.11,0.23,0.12,0.23,Matches
4d77b365,Darwin Núñez,uy URU,FW,Liverpool,23-250,1999,17,13,1116,12.4,6,3,9,6,0,0,1,1,9.1,9.1,4.0,13.1,43,19,114,0.48,0.24,0.73,0.48,0.73,0.73,0.33,1.06,0.73,1.06,Matches
7f94982c,Ethan Nwaneri,eng ENG,FW,Arsenal,15-345,2007,1,0,1,0.0,0,0,0,0,0,0,0,0,0.0,0.0,0.0,0.0,0,0,0,0.00,0.00,0.00,0.00,0.00,0.00,0.00,0.00,0.00,0.00,Matches
df0a4c90,Christian Nørgaard,dk DEN,MF,Brentford,28-356,1994,13,12,1041,11.6,1,2,3,1,0,0,2,0,1.1,1.1,1.9,3.0,1,43,5,0.09,0.17,0.26,0.09,0.26,0.10,0.16,0.26,0.10,0.26,Matches
089667a5,Lewis O'Brien,eng ENG,MF,Nott'ham Forest,24-138,1998,13,6,584,6.5,1,0,1,1,0,0,2,0,0.3,0.3,0.2,0.5,13,21,3,0.15,0.00,0.15,0.15,0.15,0.05,0.03,0.08,0.05,0.08,Matches
74b2cd7e,Angelo Ogbonna,it ITA,DF,West Ham,34-282,1988,9,7,647,7.2,0,0,0,0,0,0,0,0,0.2,0.2,0.2,0.4,0,4,1,0.00,0.00,0.00,0.00,0.00,0.03,0.03,0.05,0.03,0.05,Matches
c4486bac,Michael Olise,fr FRA,"MF,FW",Crystal Palace,21-079,2001,23,17,1544,17.2,2,5,7,2,0,0,2,0,1.3,1.3,4.3,5.6,59,74,125,0.12,0.29,0.41,0.12,0.41,0.08,0.25,0.33,0.08,0.33,Matches
e7ee38c3,Robin Olsen,se SWE,GK,Aston Villa,33-052,1990,3,2,236,2.6,0,0,0,0,0,0,0,0,0.0,0.0,0.0,0.0,0,0,0,0.00,0.00,0.00,0.00,0.00,0.00,0.00,0.00,0.00,0.00,Matches
828657ff,Amadou Onana,be BEL,MF,Everton,21-197,2001,22,20,1716,19.1,1,1,2,1,0,0,7,0,2.3,2.3,1.8,4.1,22,48,32,0.05,0.05,0.10,0.05,0.10,0.12,0.09,0.21,0.12,0.21,Matches
6612cd8c,Josh Onomah,eng ENG,MF,Fulham,25-308,1997,2,0,15,0.2,0,0,0,0,0,0,0,0,0.0,0.0,0.0,0.0,1,0,0,0.00,0.00,0.00,0.00,0.00,0.00,0.00,0.00,0.00,0.00,Matches
c06d1086,Paul Onuachu,ng NGA,FW,Southampton,28-277,1994,4,3,238,2.6,0,0,0,0,0,0,0,0,0.3,0.3,0.1,0.4,1,5,16,0.00,0.00,0.00,0.00,0.00,0.11,0.03,0.14,0.11,0.14,Matches
2944f86f,Frank Onyeka,ng NGA,MF,Brentford,25-059,1998,12,4,442,4.9,0,1,1,0,0,0,0,0,0.4,0.4,0.5,0.9,3,15,10,0.00,0.20,0.20,0.00,0.20,0.07,0.11,0.18,0.07,0.18,Matches
ee950928,Mislav Oršić,hr CRO,MF,Southampton,30-062,1992,1,0,7,0.1,0,0,0,0,0,0,0,0,0.0,0.0,0.0,0.0,0,0,0,0.00,0.00,0.00,0.00,0.00,0.00,0.00,0.00,0.00,0.00,Matches
2f9e4435,Dango Ouattara,bf BFA,"MF,FW",Bournemouth,21-018,2002,5,5,405,4.5,0,2,2,0,0,0,1,0,1.0,1.0,1.0,2.1,15,6,28,0.00,0.44,0.44,0.00,0.44,0.23,0.23,0.46,0.23,0.46,Matches
38c7feef,Alex Oxlade-Chamberlain,eng ENG,"FW,MF",Liverpool,29-198,1993,8,4,314,3.5,1,0,1,1,0,0,0,0,1.3,1.3,0.9,2.2,11,12,24,0.29,0.00,0.29,0.29,0.29,0.37,0.25,0.62,0.37,0.62,Matches
d00d45ab,David Ozoh,,FW,Crystal Palace,17-274,2005,1,0,1,0.0,0,0,0,0,0,0,0,0,0.0,0.0,0.0,0.0,0,0,0,0.00,0.00,0.00,0.00,0.00,0.00,0.00,0.00,0.00,0.00,Matches
a78ff07f,João Palhinha,pt POR,MF,Fulham,27-235,1995,24,24,2135,23.7,3,0,3,3,0,0,10,0,2.2,2.2,0.3,2.4,4,73,14,0.13,0.00,0.13,0.13,0.13,0.09,0.01,0.10,0.09,0.10,Matches
dc7f8a28,Cole Palmer,eng ENG,"FW,MF",Manchester City,20-299,2002,9,0,119,1.3,0,0,0,0,0,0,1,0,0.1,0.1,0.2,0.3,9,7,18,0.00,0.00,0.00,0.00,0.00,0.05,0.14,0.19,0.05,0.19,Matches
e0bc6fdc,Emerson Palmieri,it ITA,DF,West Ham,28-210,1994,12,8,627,7.0,1,0,1,1,0,0,1,0,0.5,0.5,0.3,0.9,22,22,32,0.14,0.00,0.14,0.14,0.14,0.08,0.05,0.12,0.08,0.12,Matches
9b6f7fd5,Lucas Paquetá,br BRA,MF,West Ham,25-186,1997,16,15,1166,13.0,2,2,4,1,1,1,3,0,3.1,2.3,1.0,3.2,8,82,39,0.15,0.15,0.31,0.08,0.23,0.24,0.08,0.31,0.18,0.25,Matches
529f49ab,Thomas Partey,gh GHA,MF,Arsenal,29-261,1993,19,18,1546,17.2,2,0,2,2,0,0,2,0,1.6,1.6,0.9,2.6,16,135,17,0.12,0.00,0.12,0.12,0.12,0.09,0.05,0.15,0.09,0.15,Matches
230f0471,Nathan Patterson,sct SCO,"DF,MF",Everton,21-136,2001,13,11,988,11.0,0,0,0,0,0,0,3,0,0.5,0.5,0.4,0.9,13,20,42,0.00,0.00,0.00,0.00,0.00,0.04,0.03,0.08,0.04,0.08,Matches
a6b461e7,Ben Pearson,eng ENG,MF,Bournemouth,28-056,1995,7,3,286,3.2,0,0,0,0,0,0,1,0,0.0,0.0,0.0,0.0,2,5,4,0.00,0.00,0.00,0.00,0.00,0.01,0.00,0.01,0.01,0.01,Matches
ac7e7b1c,Facundo Pellistri,uy URU,FW,Manchester Utd,21-071,2001,1,0,32,0.4,0,0,0,0,0,0,0,0,0.0,0.0,0.0,0.0,0,0,2,0.00,0.00,0.00,0.00,0.00,0.00,0.00,0.00,0.00,0.00,Matches
6639e500,Andreas Pereira,br BRA,MF,Fulham,27-059,1996,25,25,2075,23.1,2,6,8,1,1,1,7,0,3.6,2.9,4.9,7.8,41,89,102,0.09,0.26,0.35,0.04,0.30,0.16,0.21,0.37,0.12,0.34,Matches
75a72a99,Ricardo Pereira,pt POR,"FW,MF",Leicester City,29-146,1993,2,0,9,0.1,0,0,0,0,0,0,0,0,0.0,0.0,0.0,0.0,0,0,1,0.00,0.00,0.00,0.00,0.00,0.00,0.00,0.00,0.00,0.00,Matches
819aa8e7,Ayoze Pérez,es ESP,"MF,FW",Leicester City,29-215,1993,8,3,382,4.2,0,1,1,0,0,0,0,0,1.1,1.1,1.5,2.6,17,20,43,0.00,0.24,0.24,0.00,0.24,0.27,0.35,0.62,0.27,0.62,Matches
6fe90922,Ivan Perišić,hr CRO,"DF,MF",Tottenham,34-027,1989,24,16,1433,15.9,0,5,5,0,0,0,4,0,1.7,1.7,3.9,5.6,60,43,124,0.00,0.31,0.31,0.00,0.31,0.10,0.24,0.35,0.10,0.35,Matches
6dfd8f05,Romain Perraud,fr FRA,DF,Southampton,25-160,1997,22,16,1339,14.9,2,2,4,2,0,0,3,0,1.1,1.1,1.5,2.6,22,40,86,0.13,0.13,0.27,0.13,0.27,0.08,0.10,0.18,0.08,0.18,Matches
53552942,Máximo Perrone,ar ARG,MF,Manchester City,20-053,2003,1,0,19,0.2,0,0,0,0,0,0,0,0,0.0,0.0,0.0,0.0,0,2,1,0.00,0.00,0.00,0.00,0.00,0.00,0.00,0.00,0.00,0.00,Matches
4f565d77,Kalvin Phillips,eng ENG,MF,Manchester City,27-089,1995,5,0,61,0.7,0,0,0,0,0,0,1,0,0.1,0.1,0.0,0.1,0,3,1,0.00,0.00,0.00,0.00,0.00,0.15,0.06,0.21,0.15,0.21,Matches
515ebe8d,Nathaniel Phillips,eng ENG,DF,Liverpool,25-345,1997,2,1,66,0.7,0,0,0,0,0,0,0,0,0.0,0.0,0.0,0.0,0,9,0,0.00,0.00,0.00,0.00,0.00,0.06,0.00,0.06,0.06,0.06,Matches
4806ec67,Jordan Pickford,eng ENG,GK,Everton,28-359,1994,23,23,2070,23.0,0,1,1,0,0,0,5,0,0.0,0.0,0.1,0.1,0,1,0,0.00,0.04,0.04,0.00,0.04,0.00,0.01,0.01,0.00,0.01,Matches
e541326e,Ethan Pinnock,jm JAM,DF,Brentford,29-276,1993,15,15,1350,15.0,0,0,0,0,0,0,0,0,1.0,1.0,0.6,1.7,1,26,9,0.00,0.00,0.00,0.00,0.00,0.07,0.04,0.11,0.07,0.11,Matches
7fcc71d8,Daniel Podence,pt POR,"FW,MF",Wolves,27-131,1995,23,16,1357,15.1,5,0,5,5,0,0,4,0,3.1,3.1,1.9,5.0,32,76,116,0.33,0.00,0.33,0.33,0.33,0.21,0.13,0.33,0.21,0.33,Matches
4b40d9ca,Nick Pope,eng ENG,GK,Newcastle Utd,30-316,1992,23,23,2001,22.2,0,0,0,0,0,0,3,1,0.0,0.0,0.0,0.0,0,1,0,0.00,0.00,0.00,0.00,0.00,0.00,0.00,0.00,0.00,0.00,Matches
27d0a506,Pedro Porro,es ESP,DF,Tottenham,23-169,1999,2,1,76,0.8,0,0,0,0,0,0,0,0,0.0,0.0,0.0,0.0,4,1,4,0.00,0.00,0.00,0.00,0.00,0.00,0.00,0.00,0.00,0.00,Matches
86695068,Dennis Praet,be BEL,"MF,FW",Leicester City,28-291,1994,14,5,469,5.2,1,0,1,1,0,0,1,0,0.6,0.6,0.0,0.6,11,11,26,0.19,0.00,0.19,0.19,0.19,0.11,0.00,0.11,0.11,0.11,Matches
b9403c99,Isaac Price,nir NIR,MF,Everton,19-156,2003,1,0,33,0.4,0,0,0,0,0,0,1,0,0.0,0.0,0.1,0.1,1,1,0,0.00,0.00,0.00,0.00,0.00,0.00,0.26,0.26,0.00,0.26,Matches
1bf33a9a,Christian Pulisic,us USA,"FW,DF",Chelsea,24-164,1998,16,6,609,6.8,1,1,2,1,0,0,1,0,1.3,1.3,0.5,1.8,28,16,56,0.15,0.15,0.30,0.15,0.30,0.19,0.08,0.27,0.19,0.27,Matches
466fb2c5,Aaron Ramsdale,eng ENG,GK,Arsenal,24-291,1998,24,24,2160,24.0,0,0,0,0,0,0,0,0,0.0,0.0,0.0,0.0,0,5,0,0.00,0.00,0.00,0.00,0.00,0.00,0.00,0.00,0.00,0.00,Matches
1544f145,Jacob Ramsey,eng ENG,MF,Aston Villa,21-277,2001,21,17,1430,15.9,2,2,4,2,0,0,4,0,1.4,1.4,1.6,3.0,46,60,61,0.13,0.13,0.25,0.13,0.25,0.09,0.10,0.19,0.09,0.19,Matches
a1d5bd30,Marcus Rashford,eng ENG,FW,Manchester Utd,25-121,1997,24,22,1952,21.7,14,3,17,14,0,0,2,0,9.7,9.7,2.5,12.2,53,54,163,0.65,0.14,0.78,0.65,0.78,0.45,0.12,0.56,0.45,0.56,Matches
98ea5115,David Raya,es ESP,GK,Brentford,27-167,1995,23,23,2070,23.0,0,0,0,0,0,0,1,0,0.0,0.0,0.1,0.1,0,10,0,0.00,0.00,0.00,0.00,0.00,0.00,0.01,0.01,0.00,0.01,Matches
28b40c9c,Tim Ream,us USA,DF,Fulham,35-147,1987,25,25,2247,25.0,1,0,1,1,0,0,2,0,0.3,0.3,0.0,0.3,19,91,1,0.04,0.00,0.04,0.04,0.04,0.01,0.00,0.01,0.01,0.01,Matches
ab651565,Nathan Redmond,eng ENG,DF,Southampton,28-360,1994,1,0,1,0.0,0,0,0,0,0,0,0,0,0.0,0.0,0.0,0.0,0,0,1,0.00,0.00,0.00,0.00,0.00,0.00,0.00,0.00,0.00,0.00,Matches
803ae100,Harrison Reed,eng ENG,MF,Fulham,28-033,1995,24,24,1950,21.7,2,1,3,2,0,0,5,0,1.3,1.3,1.9,3.3,20,65,59,0.09,0.05,0.14,0.09,0.14,0.06,0.09,0.15,0.06,0.15,Matches
0f7533cd,Bobby Reid,jm JAM,"FW,DF",Fulham,30-027,1993,24,24,1952,21.7,4,1,5,4,0,0,7,0,3.6,3.6,1.3,4.9,43,46,142,0.18,0.05,0.23,0.18,0.23,0.17,0.06,0.23,0.17,0.23,Matches
1c7012b8,Declan Rice,eng ENG,MF,West Ham,24-046,1999,24,24,2160,24.0,2,1,3,2,0,1,3,0,1.8,1.0,2.4,3.4,64,172,25,0.08,0.04,0.12,0.08,0.12,0.08,0.10,0.18,0.04,0.14,Matches
0a3d6d2b,Chris Richards,us USA,DF,Crystal Palace,22-338,2000,8,3,357,4.0,0,0,0,0,0,0,0,0,0.7,0.7,0.3,1.0,2,9,1,0.00,0.00,0.00,0.00,0.00,0.18,0.06,0.25,0.18,0.25,Matches
fa031b34,Richarlison,br BRA,"MF,FW",Tottenham,25-295,1997,16,7,658,7.3,0,2,2,0,0,0,2,0,2.1,2.1,1.4,3.5,19,20,50,0.00,0.27,0.27,0.00,0.27,0.28,0.19,0.48,0.28,0.48,Matches
7a1f2c08,Jaïro Riedewald,nl NED,"DF,FW",Crystal Palace,26-173,1996,4,0,49,0.5,0,0,0,0,0,0,0,0,0.0,0.0,0.0,0.0,1,0,1,0.00,0.00,0.00,0.00,0.00,0.00,0.00,0.00,0.00,0.00,Matches
71ef519e,Matt Ritchie,sct SCO,"MF,FW",Newcastle Utd,33-172,1989,3,0,24,0.3,0,0,0,0,0,0,0,0,0.0,0.0,0.0,0.0,0,0,2,0.00,0.00,0.00,0.00,0.00,0.00,0.00,0.00,0.00,0.00,Matches
2e4f5f03,Andrew Robertson,sct SCO,DF,Liverpool,28-355,1994,21,18,1592,17.7,0,5,5,0,0,0,2,0,1.0,1.0,3.8,4.8,46,95,139,0.00,0.28,0.28,0.00,0.28,0.05,0.21,0.27,0.05,0.27,Matches
289601e6,Antonee Robinson,us USA,DF,Fulham,25-205,1997,22,22,1918,21.3,0,1,1,0,0,0,6,0,0.0,0.0,0.9,1.0,71,77,84,0.00,0.05,0.05,0.00,0.05,0.00,0.04,0.04,0.00,0.04,Matches
da27e268,Marc Roca,es ESP,MF,Leeds United,26-095,1996,21,19,1466,16.3,1,1,2,1,0,0,4,0,0.9,0.9,0.9,1.8,16,115,16,0.06,0.06,0.12,0.06,0.12,0.06,0.06,0.11,0.06,0.11,Matches
17acc2ed,Marek Rodák,sk SVK,GK,Fulham,26-078,1996,2,2,180,2.0,0,0,0,0,0,0,0,0,0.0,0.0,0.0,0.0,0,0,0,0.00,0.00,0.00,0.00,0.00,0.00,0.00,0.00,0.00,0.00,Matches
6434f10d,Rodri,es ESP,MF,Manchester City,26-252,1996,24,24,2057,22.9,2,4,6,2,0,0,3,0,3.7,3.7,3.7,7.5,56,197,29,0.09,0.18,0.26,0.09,0.26,0.16,0.16,0.33,0.16,0.33,Matches
1fb1c435,Rodrigo,es ESP,"FW,MF",Leeds United,31-360,1991,18,17,1296,14.4,10,1,11,9,1,1,3,0,6.5,5.7,1.5,7.2,31,30,107,0.69,0.07,0.76,0.62,0.69,0.45,0.10,0.55,0.40,0.50,Matches
57c94db2,Mads Roerslev,dk DEN,DF,Brentford,23-250,1999,14,10,933,10.4,0,0,0,0,0,0,0,0,0.3,0.3,1.0,1.3,8,16,31,0.00,0.00,0.00,0.00,0.00,0.03,0.09,0.13,0.03,0.13,Matches
a3d94a58,Cristian Romero,ar ARG,DF,Tottenham,24-308,1998,16,15,1374,15.3,0,0,0,0,0,0,7,1,0.7,0.7,0.3,1.0,14,59,4,0.00,0.00,0.00,0.00,0.00,0.05,0.02,0.06,0.05,0.06,Matches
4b511457,Oriol Romeu,es ESP,MF,Southampton,31-158,1991,1,1,74,0.8,0,0,0,0,0,0,0,0,0.0,0.0,0.0,0.0,2,4,0,0.00,0.00,0.00,0.00,0.00,0.00,0.00,0.00,0.00,0.00,Matches
dea698d9,Cristiano Ronaldo,pt POR,FW,Manchester Utd,38-024,1985,10,4,525,5.8,1,0,1,1,0,0,2,0,1.9,1.9,0.4,2.3,9,12,33,0.17,0.00,0.17,0.17,0.17,0.32,0.07,0.40,0.32,0.40,Matches
1b804500,Connor Ronan,ie IRL,MF,Wolves,24-360,1998,1,0,1,0.0,0,0,0,0,0,0,0,0,0.0,0.0,0.0,0.0,0,0,1,0.00,0.00,0.00,0.00,0.00,0.00,0.00,0.00,0.00,0.00,Matches
b318a643,Salomón Rondón,ve VEN,FW,Everton,33-166,1989,7,1,109,1.2,0,0,0,0,0,0,0,0,0.8,0.8,0.2,1.0,0,1,7,0.00,0.00,0.00,0.00,0.00,0.66,0.13,0.79,0.66,0.79,Matches
10a10454,Joe Rothwell,eng ENG,"MF,DF",Bournemouth,28-049,1995,9,1,234,2.6,0,0,0,0,0,0,0,0,0.0,0.0,0.2,0.2,2,10,3,0.00,0.00,0.00,0.00,0.00,0.01,0.07,0.08,0.01,0.08,Matches
c64c01fc,Georginio Rutter,fr FRA,"FW,MF",Leeds United,20-315,2002,5,0,114,1.3,0,0,0,0,0,0,0,0,0.0,0.0,0.2,0.3,3,0,8,0.00,0.00,0.00,0.00,0.00,0.03,0.18,0.21,0.03,0.21,Matches
903b6e8b,José Sá,pt POR,GK,Wolves,30-043,1993,24,24,2160,24.0,0,0,0,0,0,0,0,0,0.0,0.0,0.0,0.0,0,0,0,0.00,0.00,0.00,0.00,0.00,0.00,0.00,0.00,0.00,0.00,Matches
e280527c,Marcel Sabitzer,at AUT,MF,Manchester Utd,28-349,1994,4,3,260,2.9,0,0,0,0,0,0,1,0,0.2,0.2,0.4,0.6,1,20,6,0.00,0.00,0.00,0.00,0.00,0.07,0.13,0.20,0.07,0.20,Matches
2b16cb1a,Allan Saint-Maximin,fr FRA,FW,Newcastle Utd,25-354,1997,15,7,726,8.1,1,3,4,1,0,0,1,0,1.2,1.2,1.9,3.2,56,42,77,0.12,0.37,0.50,0.12,0.50,0.15,0.24,0.39,0.15,0.39,Matches
bc7dc64d,Bukayo Saka,eng ENG,FW,Arsenal,21-177,2001,24,24,2071,23.0,9,8,17,7,2,2,5,0,7.6,6.2,5.5,11.7,111,64,331,0.39,0.35,0.74,0.30,0.65,0.33,0.24,0.57,0.27,0.51,Matches
e342ad68,Mohamed Salah,eg EGY,FW,Liverpool,30-259,1992,23,23,2045,22.7,8,5,13,8,0,0,0,0,10.4,10.4,4.7,15.1,63,77,238,0.35,0.22,0.57,0.35,0.57,0.46,0.21,0.67,0.46,0.67,Matches
972aeb2a,William Saliba,fr FRA,DF,Arsenal,21-342,2001,24,24,2145,23.8,2,1,3,2,0,0,4,0,0.9,0.9,0.9,1.8,8,77,1,0.08,0.04,0.13,0.08,0.13,0.04,0.04,0.07,0.04,0.07,Matches
0b33f6ad,Mohammed Salisu,gh GHA,DF,Southampton,23-318,1999,21,21,1889,21.0,0,1,1,0,0,0,5,0,1.4,1.4,0.6,2.1,5,80,4,0.00,0.05,0.05,0.00,0.05,0.07,0.03,0.10,0.07,0.10,Matches
1b4f1169,Albert Sambi Lokonga,be BEL,MF,Arsenal,23-130,1999,6,2,198,2.2,0,0,0,0,0,0,0,0,0.0,0.0,0.0,0.0,0,12,2,0.00,0.00,0.00,0.00,0.00,0.00,0.01,0.01,0.00,0.01,Matches
1b4f1169,Albert Sambi Lokonga,be BEL,MF,Crystal Palace,23-130,1999,4,2,206,2.3,0,0,0,0,0,0,1,0,0.0,0.0,0.0,0.0,0,8,1,0.00,0.00,0.00,0.00,0.00,0.00,0.00,0.00,0.00,0.00,Matches
da7b447d,Davinson Sánchez,co COL,DF,Tottenham,26-262,1996,13,6,573,6.4,0,0,0,0,0,0,1,0,0.3,0.3,0.1,0.4,4,25,3,0.00,0.00,0.00,0.00,0.00,0.05,0.01,0.06,0.05,0.06,Matches
6a713852,Robert Sánchez,es ESP,GK,Brighton,25-103,1997,22,22,1980,22.0,0,0,0,0,0,0,1,0,0.0,0.0,0.0,0.0,0,0,0,0.00,0.00,0.00,0.00,0.00,0.00,0.00,0.00,0.00,0.00,Matches
dbf053da,Jadon Sancho,eng ENG,"FW,MF",Manchester Utd,22-341,2000,13,11,851,9.5,4,1,5,4,0,0,0,0,2.5,2.5,1.6,4.1,39,36,79,0.42,0.11,0.53,0.42,0.53,0.27,0.17,0.43,0.27,0.43,Matches
6e7f1353,Morgan Sanson,fr FRA,MF,Aston Villa,28-195,1994,2,0,11,0.1,0,0,0,0,0,0,0,0,0.0,0.0,0.0,0.0,0,1,0,0.00,0.00,0.00,0.00,0.00,0.00,0.00,0.00,0.00,0.00,Matches
9744ff80,Pablo Sarabia,es ESP,"FW,MF",Wolves,30-294,1992,5,4,359,4.0,1,0,1,1,0,0,1,0,1.0,1.0,0.6,1.7,3,15,26,0.25,0.00,0.25,0.25,0.25,0.26,0.16,0.42,0.26,0.42,Matches
ac0d576d,Jeremy Sarmiento,ec ECU,MF,Brighton,20-258,2002,7,1,165,1.8,0,1,1,0,0,0,1,0,0.3,0.3,0.2,0.5,5,8,18,0.00,0.55,0.55,0.00,0.55,0.19,0.11,0.30,0.19,0.30,Matches
8790f988,Gianluca Scamacca,it ITA,FW,West Ham,24-059,1999,16,11,926,10.3,3,0,3,3,0,0,3,0,2.5,2.5,0.7,3.1,13,17,48,0.29,0.00,0.29,0.29,0.29,0.24,0.07,0.31,0.24,0.31,Matches
2964fd20,Gustavo Scarpa,br BRA,"MF,FW",Nott'ham Forest,29-055,1994,4,2,160,1.8,0,0,0,0,0,0,1,0,0.2,0.2,0.0,0.3,8,10,4,0.00,0.00,0.00,0.00,0.00,0.14,0.02,0.16,0.14,0.16,Matches
52afb588,Kevin Schade,de GER,"FW,MF",Brentford,21-094,2001,4,0,55,0.6,0,0,0,0,0,0,1,0,0.2,0.2,0.0,0.2,1,0,4,0.00,0.00,0.00,0.00,0.00,0.26,0.00,0.26,0.26,0.26,Matches
c8aa95da,Fabian Schär,ch SUI,DF,Newcastle Utd,31-071,1991,22,22,1963,21.8,1,0,1,1,0,0,4,0,3.0,3.0,1.0,4.0,20,94,17,0.05,0.00,0.05,0.05,0.05,0.14,0.05,0.18,0.14,0.18,Matches
3312f911,Jeffrey Schlupp,gh GHA,"MF,FW",Crystal Palace,30-068,1992,24,21,1790,19.9,1,0,1,1,0,0,5,0,1.5,1.5,0.6,2.2,23,66,44,0.05,0.00,0.05,0.05,0.05,0.08,0.03,0.11,0.08,0.11,Matches
d04b94db,Nélson Semedo,pt POR,DF,Wolves,29-105,1993,22,17,1452,16.1,0,1,1,0,0,0,5,1,0.1,0.1,0.6,0.7,33,64,83,0.00,0.06,0.06,0.00,0.06,0.00,0.04,0.04,0.00,0.04,Matches
efd2ec23,Antoine Semenyo,gh GHA,"FW,MF",Bournemouth,23-053,2000,3,1,135,1.5,0,0,0,0,0,0,0,0,0.2,0.2,0.0,0.2,3,4,6,0.00,0.00,0.00,0.00,0.00,0.11,0.03,0.14,0.11,0.14,Matches
35141f4c,Marcos Senesi,ar ARG,DF,Bournemouth,25-295,1997,20,19,1608,17.9,1,0,1,1,0,0,3,0,1.0,1.0,0.2,1.2,4,33,2,0.06,0.00,0.06,0.06,0.06,0.06,0.01,0.06,0.06,0.06,Matches
6aa3e78b,Ryan Sessegnon,eng ENG,DF,Tottenham,22-287,2000,17,9,813,9.0,2,0,2,2,0,0,4,0,1.6,1.6,1.1,2.7,24,22,64,0.22,0.00,0.22,0.22,0.22,0.18,0.12,0.30,0.18,0.30,Matches
9c94165b,Luke Shaw,eng ENG,DF,Manchester Utd,27-232,1995,20,19,1661,18.5,1,2,3,1,0,0,4,0,0.7,0.7,2.2,2.9,46,91,56,0.05,0.11,0.16,0.05,0.16,0.04,0.12,0.16,0.04,0.16,Matches
3727dd3c,Jonjo Shelvey,eng ENG,MF,Newcastle Utd,31-002,1992,3,0,37,0.4,0,0,0,0,0,0,0,0,0.0,0.0,0.0,0.0,0,3,0,0.00,0.00,0.00,0.00,0.00,0.00,0.00,0.00,0.00,0.00,Matches
3727dd3c,Jonjo Shelvey,eng ENG,MF,Nott'ham Forest,31-002,1992,3,2,172,1.9,0,0,0,0,0,0,0,0,0.0,0.0,0.2,0.2,1,11,0,0.00,0.00,0.00,0.00,0.00,0.00,0.13,0.13,0.00,0.13,Matches
3eb22ec9,Bernardo Silva,pt POR,"MF,FW",Manchester City,28-203,1994,23,19,1680,18.7,3,5,8,3,0,0,3,0,1.5,1.5,2.5,4.1,70,94,149,0.16,0.27,0.43,0.16,0.43,0.08,0.14,0.22,0.08,0.22,Matches
86e7deaf,Thiago Silva,br BRA,DF,Chelsea,38-160,1984,21,20,1812,20.1,0,2,2,0,0,0,1,0,1.0,1.0,0.4,1.4,4,82,1,0.00,0.10,0.10,0.00,0.10,0.05,0.02,0.07,0.05,0.07,Matches
26d3b5be,Ellis Simms,eng ENG,FW,Everton,22-055,2001,5,1,102,1.1,0,0,0,0,0,0,0,0,0.2,0.2,0.0,0.2,0,3,6,0.00,0.00,0.00,0.00,0.00,0.18,0.04,0.22,0.18,0.22,Matches
8e16dd48,Luis Sinisterra,co COL,FW,Leeds United,23-257,1999,12,8,537,6.0,2,0,2,2,0,0,3,1,1.8,1.8,0.2,2.1,18,21,52,0.34,0.00,0.34,0.34,0.34,0.31,0.04,0.34,0.31,0.34,Matches
6250083a,Oliver Skipp,eng ENG,MF,Tottenham,22-166,2000,10,5,377,4.2,1,0,1,1,0,0,3,0,0.2,0.2,0.3,0.4,7,15,14,0.24,0.00,0.24,0.24,0.24,0.04,0.07,0.10,0.04,0.10,Matches
20b104bc,Adam Smith,eng ENG,DF,Bournemouth,31-306,1991,23,23,1953,21.7,0,1,1,0,0,0,8,0,0.5,0.5,0.6,1.1,17,65,19,0.00,0.05,0.05,0.00,0.05,0.02,0.03,0.05,0.02,0.05,Matches
17695062,Emile Smith Rowe,eng ENG,"MF,FW",Arsenal,22-216,2000,5,0,52,0.6,0,0,0,0,0,0,0,0,0.1,0.1,0.3,0.4,0,2,3,0.00,0.00,0.00,0.00,0.00,0.16,0.49,0.65,0.16,0.65,Matches
839c14e1,Cédric Soares,pt POR,DF,Arsenal,31-182,1991,2,0,29,0.3,0,0,0,0,0,0,0,0,0.0,0.0,0.0,0.0,1,3,0,0.00,0.00,0.00,0.00,0.00,0.00,0.00,0.00,0.00,0.00,Matches
839c14e1,Cédric Soares,pt POR,DF,Fulham,31-182,1991,1,0,1,0.0,0,0,0,0,0,0,0,0,0.0,0.0,0.0,0.0,0,2,0,0.00,0.00,0.00,0.00,0.00,0.00,0.00,0.00,0.00,0.00,Matches
e77dc3b2,Dominic Solanke,eng ENG,"FW,MF",Bournemouth,25-168,1997,19,18,1611,17.9,3,4,7,3,0,0,1,0,4.0,4.0,2.0,6.0,28,25,90,0.17,0.22,0.39,0.17,0.39,0.23,0.11,0.34,0.23,0.34,Matches
886f9aac,Manor Solomon,il ISR,FW,Fulham,23-220,1999,7,0,133,1.5,3,0,3,3,0,0,0,0,0.4,0.4,0.0,0.4,5,10,11,2.03,0.00,2.03,2.03,2.03,0.26,0.02,0.28,0.26,0.28,Matches
6613c819,Tomáš Souček,cz CZE,MF,West Ham,28-002,1995,24,20,1835,20.4,1,1,2,1,0,0,1,0,2.8,2.8,0.9,3.7,9,65,33,0.05,0.05,0.10,0.05,0.10,0.14,0.05,0.18,0.14,0.18,Matches
ae59b359,Boubakary Soumaré,fr FRA,MF,Leicester City,24-002,1999,16,12,882,9.8,0,0,0,0,0,0,4,0,0.0,0.0,0.1,0.1,10,35,11,0.00,0.00,0.00,0.00,0.00,0.00,0.01,0.01,0.00,0.01,Matches
0a6cb1b1,Harry Souttar,au AUS,DF,Leicester City,24-130,1998,4,4,360,4.0,0,1,1,0,0,0,1,0,0.1,0.1,0.1,0.2,3,13,1,0.00,0.25,0.25,0.00,0.25,0.03,0.03,0.06,0.03,0.06,Matches
21166ff4,Çağlar Söyüncü,tr TUR,DF,Leicester City,26-282,1996,2,1,79,0.9,0,0,0,0,0,0,1,0,0.0,0.0,0.0,0.0,1,3,0,0.00,0.00,0.00,0.00,0.00,0.00,0.00,0.00,0.00,0.00,Matches
9bc9a519,Djed Spence,eng ENG,"FW,DF",Tottenham,22-204,2000,4,0,7,0.1,0,0,0,0,0,0,0,0,0.1,0.1,0.0,0.1,2,0,2,0.00,0.00,0.00,0.00,0.00,0.83,0.00,0.83,0.83,0.83,Matches
558807c0,Jack Stacey,eng ENG,DF,Bournemouth,26-329,1996,9,3,297,3.3,0,0,0,0,0,0,2,0,0.1,0.1,0.0,0.1,9,2,15,0.00,0.00,0.00,0.00,0.00,0.03,0.00,0.03,0.03,0.03,Matches
6992791d,Junior Stanislas,eng ENG,MF,Bournemouth,33-095,1989,4,0,61,0.7,0,0,0,0,0,0,0,0,0.0,0.0,0.1,0.2,0,4,5,0.00,0.00,0.00,0.00,0.00,0.05,0.19,0.25,0.05,0.25,Matches
b2626673,Jay Stansfield,eng ENG,FW,Fulham,20-097,2002,3,1,87,1.0,0,0,0,0,0,0,0,0,0.3,0.3,0.1,0.3,2,0,4,0.00,0.00,0.00,0.00,0.00,0.26,0.09,0.35,0.26,0.35,Matches
6adbc307,Jack Stephens,eng ENG,DF,Southampton,29-033,1994,2,0,46,0.5,0,0,0,0,0,0,0,0,0.0,0.0,0.0,0.0,3,3,0,0.00,0.00,0.00,0.00,0.00,0.00,0.00,0.00,0.00,0.00,Matches
6adbc307,Jack Stephens,eng ENG,DF,Bournemouth,29-033,1994,7,5,453,5.0,0,0,0,0,0,0,1,0,0.0,0.0,0.2,0.2,0,11,2,0.00,0.00,0.00,0.00,0.00,0.00,0.05,0.05,0.00,0.05,Matches
b400bde0,Raheem Sterling,eng ENG,"FW,MF",Chelsea,28-083,1994,18,15,1271,14.1,4,2,6,4,0,0,3,0,4.4,4.4,3.0,7.3,50,40,125,0.28,0.14,0.42,0.28,0.42,0.31,0.21,0.52,0.31,0.52,Matches
5eecec3d,John Stones,eng ENG,DF,Manchester City,28-277,1994,14,13,1181,13.1,0,2,2,0,0,0,1,0,0.6,0.6,1.3,1.9,21,75,18,0.00,0.15,0.15,0.00,0.15,0.04,0.10,0.14,0.04,0.14,Matches
f4d296e4,Pascal Struijk,nl NED,DF,Leeds United,23-202,1999,20,20,1677,18.6,2,1,3,2,0,0,4,0,1.2,1.2,2.3,3.6,22,100,45,0.11,0.05,0.16,0.11,0.16,0.07,0.12,0.19,0.07,0.19,Matches
a62f8bf1,Kamaldeen Sulemana,gh GHA,"FW,MF",Southampton,21-014,2002,4,3,255,2.8,0,0,0,0,0,0,0,0,0.5,0.5,0.2,0.7,6,8,19,0.00,0.00,0.00,0.00,0.00,0.16,0.09,0.25,0.16,0.25,Matches
df04eb4b,Crysencio Summerville,nl NED,FW,Leeds United,21-122,2001,17,7,853,9.5,4,1,5,4,0,0,2,0,2.2,2.2,0.8,3.0,35,27,55,0.42,0.11,0.53,0.42,0.53,0.24,0.08,0.32,0.24,0.32,Matches
b017b770,Sam Surridge,eng ENG,FW,Nott'ham Forest,24-216,1998,15,1,269,3.0,1,0,1,1,0,0,2,0,1.8,1.8,0.1,1.8,2,6,14,0.33,0.00,0.33,0.33,0.33,0.60,0.02,0.62,0.60,0.62,Matches
e9971f2d,Japhet Tanganga,eng ENG,DF,Tottenham,23-335,1999,2,2,141,1.6,0,0,0,0,0,0,0,0,0.0,0.0,0.0,0.0,1,5,2,0.00,0.00,0.00,0.00,0.00,0.00,0.00,0.00,0.00,0.00,Matches
e514ab62,Matt Targett,eng ENG,DF,Newcastle Utd,27-164,1995,10,4,426,4.7,0,0,0,0,0,0,0,0,0.0,0.0,0.3,0.3,2,31,12,0.00,0.00,0.00,0.00,0.00,0.00,0.07,0.07,0.00,0.07,Matches
15ea812b,James Tarkowski,eng ENG,DF,Everton,30-102,1992,24,24,2160,24.0,1,0,1,1,0,0,4,0,1.9,1.9,1.4,3.2,9,68,4,0.04,0.00,0.04,0.04,0.04,0.08,0.06,0.14,0.08,0.14,Matches
5c0da4a4,Marcus Tavernier,eng ENG,"MF,FW",Bournemouth,23-344,1999,17,16,1367,15.2,3,4,7,3,0,0,1,0,2.5,2.5,2.2,4.6,50,36,100,0.20,0.26,0.46,0.20,0.46,0.16,0.14,0.31,0.16,0.31,Matches
7120a04d,Tetê,br BRA,FW,Leicester City,23-014,2000,4,4,293,3.3,1,0,1,1,0,0,0,0,1.0,1.0,0.1,1.1,12,7,20,0.31,0.00,0.31,0.31,0.31,0.32,0.03,0.35,0.32,0.35,Matches
77d7c96f,Kenny Tete,nl NED,DF,Fulham,27-143,1995,19,18,1596,17.7,0,4,4,0,0,0,6,0,0.4,0.4,1.2,1.6,43,60,36,0.00,0.23,0.23,0.00,0.23,0.02,0.07,0.09,0.02,0.09,Matches
fc027d02,Luke Thomas,eng ENG,DF,Leicester City,21-264,2001,10,8,691,7.7,0,0,0,0,0,0,1,0,0.1,0.1,0.6,0.7,5,35,7,0.00,0.00,0.00,0.00,0.00,0.01,0.08,0.09,0.01,0.09,Matches
56f7a928,Youri Tielemans,be BEL,MF,Leicester City,25-298,1997,23,19,1708,19.0,3,1,4,2,1,2,3,0,2.3,0.7,3.7,4.4,27,143,48,0.16,0.05,0.21,0.11,0.16,0.12,0.19,0.31,0.04,0.23,Matches
fce2302c,Kieran Tierney,sct SCO,DF,Arsenal,25-269,1997,16,4,470,5.2,0,0,0,0,0,0,0,0,0.3,0.3,0.2,0.4,15,25,21,0.00,0.00,0.00,0.00,0.00,0.05,0.03,0.08,0.05,0.08,Matches
a105d46a,Harry Toffolo,eng ENG,DF,Nott'ham Forest,27-194,1995,12,6,639,7.1,0,0,0,0,0,0,0,0,0.2,0.2,0.7,0.9,8,21,35,0.00,0.00,0.00,0.00,0.00,0.03,0.10,0.13,0.03,0.13,Matches
b3af9be1,Takehiro Tomiyasu,jp JPN,DF,Arsenal,24-116,1998,19,5,607,6.7,0,1,1,0,0,0,2,0,0.2,0.2,0.6,0.8,9,47,16,0.00,0.15,0.15,0.00,0.15,0.03,0.09,0.12,0.03,0.12,Matches
e7ca0439,James Tomkins,eng ENG,DF,Crystal Palace,33-337,1989,4,2,247,2.7,1,0,1,1,0,0,2,1,0.9,0.9,0.0,0.9,1,1,1,0.36,0.00,0.36,0.36,0.36,0.32,0.00,0.32,0.32,0.32,Matches
e09f279b,Ivan Toney,eng ENG,FW,Brentford,26-350,1996,21,21,1879,20.9,14,3,17,10,4,4,8,0,12.4,9.3,3.1,12.4,5,49,108,0.67,0.14,0.81,0.48,0.62,0.59,0.15,0.74,0.44,0.59,Matches
9a28eba4,Adama Traoré,es ESP,"FW,MF",Wolves,27-035,1996,21,8,1007,11.2,1,1,2,1,0,0,0,0,1.1,1.1,2.4,3.5,58,27,105,0.09,0.09,0.18,0.09,0.18,0.10,0.22,0.31,0.10,0.31,Matches
999ceb5f,Boubacar Traoré,ml MLI,MF,Wolves,21-193,2001,8,4,384,4.3,0,1,1,0,0,0,2,0,0.1,0.1,0.2,0.2,4,8,2,0.00,0.23,0.23,0.00,0.23,0.02,0.04,0.06,0.02,0.06,Matches
fe558029,Mark Travers,ie IRL,GK,Bournemouth,23-287,1999,11,10,945,10.5,0,0,0,0,0,0,0,0,0.0,0.0,0.0,0.0,0,0,0,0.00,0.00,0.00,0.00,0.00,0.00,0.00,0.00,0.00,0.00,Matches
21512407,Kieran Trippier,eng ENG,DF,Newcastle Utd,32-163,1990,23,23,2017,22.4,1,4,5,1,0,0,5,0,0.5,0.5,7.3,7.8,21,144,99,0.04,0.18,0.22,0.04,0.22,0.02,0.32,0.35,0.02,0.35,Matches
38ceb24a,Leandro Trossard,be BEL,FW,Arsenal,28-087,1994,6,2,221,2.5,1,1,2,1,0,0,0,0,0.9,0.9,0.3,1.2,14,17,42,0.41,0.41,0.81,0.41,0.81,0.37,0.12,0.50,0.37,0.50,Matches
38ceb24a,Leandro Trossard,be BEL,"FW,MF",Brighton,28-087,1994,16,16,1315,14.6,7,2,9,7,0,0,1,0,4.4,4.4,2.1,6.5,40,67,118,0.48,0.14,0.62,0.48,0.62,0.30,0.14,0.45,0.30,0.45,Matches
f315ca93,Kostas Tsimikas,gr GRE,DF,Liverpool,26-293,1996,13,5,446,5.0,0,3,3,0,0,0,1,0,0.6,0.6,0.8,1.5,18,18,60,0.00,0.61,0.61,0.00,0.61,0.13,0.17,0.30,0.13,0.30,Matches
dd549382,Deniz Undav,de GER,"FW,MF",Brighton,26-225,1996,11,2,249,2.8,0,0,0,0,0,0,0,0,1.9,1.9,0.7,2.6,2,3,22,0.00,0.00,0.00,0.00,0.00,0.69,0.26,0.95,0.69,0.95,Matches
531a4aa8,Yan Valery,tn TUN,DF,Southampton,24-007,1999,1,1,45,0.5,0,0,0,0,0,0,0,0,0.0,0.0,0.0,0.0,0,0,0,0.00,0.00,0.00,0.00,0.00,0.00,0.00,0.00,0.00,0.00,Matches
e06683ca,Virgil van Dijk,nl NED,DF,Liverpool,31-236,1991,19,19,1665,18.5,2,0,2,2,0,0,1,0,1.1,1.1,0.2,1.2,8,76,4,0.11,0.00,0.11,0.11,0.11,0.06,0.01,0.07,0.06,0.07,Matches
9f8e9423,Raphaël Varane,fr FRA,DF,Manchester Utd,29-310,1993,17,15,1299,14.4,0,0,0,0,0,0,1,0,0.4,0.4,0.1,0.6,11,44,2,0.00,0.00,0.00,0.00,0.00,0.03,0.01,0.04,0.03,0.04,Matches
45963054,Jamie Vardy,eng ENG,FW,Leicester City,36-049,1987,24,11,1220,13.6,1,4,5,1,0,0,1,0,2.5,2.5,0.7,3.2,12,8,74,0.07,0.30,0.37,0.07,0.37,0.18,0.05,0.24,0.18,0.24,Matches
dad4b285,Joël Veltman,nl NED,DF,Brighton,31-045,1992,20,16,1463,16.3,0,1,1,0,0,0,2,0,0.7,0.7,0.5,1.1,33,115,24,0.00,0.06,0.06,0.00,0.06,0.04,0.03,0.07,0.04,0.07,Matches
6412cc03,Fabio Vieira,pt POR,MF,Arsenal,22-275,2000,14,1,294,3.3,1,2,3,1,0,0,0,0,0.3,0.3,2.1,2.4,4,17,22,0.31,0.61,0.92,0.31,0.92,0.10,0.65,0.75,0.10,0.75,Matches
08eb3b58,Matías Viña,uy URU,"MF,DF",Bournemouth,25-112,1997,2,0,16,0.2,0,0,0,0,0,0,0,0,0.0,0.0,0.0,0.0,0,1,1,0.00,0.00,0.00,0.00,0.00,0.00,0.00,0.00,0.00,0.00,Matches
b937e490,Rúben Vinagre,pt POR,"DF,MF",Everton,23-326,1999,2,0,26,0.3,0,0,0,0,0,0,0,0,0.0,0.0,0.0,0.0,2,0,1,0.00,0.00,0.00,0.00,0.00,0.00,0.00,0.00,0.00,0.00,Matches
8b529245,Carlos Vinícius,br BRA,FW,Fulham,27-341,1995,17,5,554,6.2,1,1,2,1,0,0,2,0,1.3,1.3,0.6,1.9,2,6,22,0.16,0.16,0.32,0.16,0.32,0.21,0.10,0.31,0.21,0.31,Matches
1ecb65be,Theo Walcott,eng ENG,"FW,MF",Southampton,33-350,1989,6,1,199,2.2,0,0,0,0,0,0,1,0,0.2,0.2,0.4,0.6,4,2,11,0.00,0.00,0.00,0.00,0.00,0.11,0.17,0.29,0.11,0.29,Matches
86dd77d1,Kyle Walker,eng ENG,DF,Manchester City,32-277,1990,15,13,1074,11.9,0,0,0,0,0,0,2,0,0.4,0.4,0.2,0.5,28,107,29,0.00,0.00,0.00,0.00,0.00,0.03,0.02,0.05,0.03,0.05,Matches
984a5a64,Kyle Walker-Peters,eng ENG,DF,Southampton,25-322,1997,17,16,1422,15.8,1,0,1,1,0,0,2,0,0.7,0.7,0.9,1.6,55,49,63,0.06,0.00,0.06,0.06,0.06,0.05,0.06,0.10,0.05,0.10,Matches
9e525177,Aaron Wan-Bissaka,eng ENG,DF,Manchester Utd,25-095,1997,10,7,649,7.2,0,0,0,0,0,0,0,0,0.0,0.0,0.7,0.7,17,23,25,0.00,0.00,0.00,0.00,0.00,0.00,0.09,0.10,0.00,0.10,Matches
d3ce0e89,Danny Ward,wls WAL,GK,Leicester City,29-252,1993,24,24,2160,24.0,0,0,0,0,0,0,0,0,0.0,0.0,0.0,0.0,0,0,0,0.00,0.00,0.00,0.00,0.00,0.00,0.00,0.00,0.00,0.00,Matches
8a7ff278,Joel Ward,eng ENG,DF,Crystal Palace,33-123,1989,16,14,1295,14.4,0,0,0,0,0,0,4,0,0.0,0.0,0.1,0.1,7,49,23,0.00,0.00,0.00,0.00,0.00,0.00,0.00,0.01,0.00,0.01,Matches
3515d404,James Ward-Prowse,eng ENG,MF,Southampton,28-120,1994,24,24,2160,24.0,6,2,8,6,0,1,4,0,2.8,1.8,4.5,6.3,13,124,37,0.25,0.08,0.33,0.25,0.33,0.12,0.19,0.30,0.08,0.26,Matches
aed3a70f,Ollie Watkins,eng ENG,FW,Aston Villa,27-061,1995,23,22,1885,20.9,8,4,12,7,1,1,1,0,8.2,7.4,2.4,9.8,33,30,116,0.38,0.19,0.57,0.33,0.53,0.39,0.11,0.51,0.35,0.47,Matches
c40b6180,Adam Webster,eng ENG,DF,Brighton,28-056,1995,17,15,1320,14.7,0,0,0,0,0,0,1,0,1.6,1.6,0.1,1.6,13,72,5,0.00,0.00,0.00,0.00,0.00,0.11,0.01,0.11,0.11,0.11,Matches
c4e87b8b,Wout Weghorst,nl NED,"FW,MF",Manchester Utd,30-206,1992,6,6,454,5.0,0,1,1,0,0,0,0,0,1.1,1.1,0.7,1.8,0,13,25,0.00,0.20,0.20,0.00,0.20,0.22,0.14,0.36,0.22,0.36,Matches
ce5143da,Danny Welbeck,eng ENG,FW,Brighton,32-095,1990,16,13,1142,12.7,1,2,3,1,0,0,0,0,4.9,4.9,2.5,7.4,15,21,76,0.08,0.16,0.24,0.08,0.24,0.38,0.20,0.58,0.38,0.58,Matches
35e413f1,Ben White,eng ENG,DF,Arsenal,25-144,1997,24,23,1859,20.7,0,2,2,0,0,0,4,0,0.3,0.3,1.4,1.7,44,167,79,0.00,0.10,0.10,0.00,0.10,0.02,0.07,0.08,0.02,0.08,Matches
4d90ce8c,Harvey White,eng ENG,MF,Tottenham,21-163,2001,1,0,5,0.1,0,0,0,0,0,0,0,0,0.0,0.0,0.0,0.0,0,0,1,0.00,0.00,0.00,0.00,0.00,0.00,0.00,0.00,0.00,0.00,Matches
dd323728,Neco Williams,wls WAL,DF,Nott'ham Forest,21-322,2001,23,14,1338,14.9,0,0,0,0,0,0,4,0,1.0,1.0,1.3,2.3,35,27,55,0.00,0.00,0.00,0.00,0.00,0.07,0.09,0.16,0.07,0.16,Matches
8b9ebd03,Willian,br BRA,FW,Fulham,34-204,1988,18,16,1377,15.3,3,2,5,3,0,0,1,0,2.5,2.5,2.5,5.0,58,70,83,0.20,0.13,0.33,0.20,0.33,0.16,0.17,0.33,0.16,0.33,Matches
a3b03921,Joe Willock,eng ENG,MF,Newcastle Utd,23-193,1999,22,20,1599,17.8,2,2,4,2,0,0,1,0,3.3,3.3,3.4,6.7,56,71,87,0.11,0.11,0.23,0.11,0.23,0.18,0.19,0.38,0.18,0.38,Matches
c596fcb0,Callum Wilson,eng ENG,FW,Newcastle Utd,31-002,1992,17,14,1155,12.8,7,3,10,6,1,1,3,0,8.3,7.5,1.5,9.0,20,14,78,0.55,0.23,0.78,0.47,0.70,0.65,0.12,0.77,0.59,0.71,Matches
c6dc9ecd,Harry Wilson,wls WAL,FW,Fulham,25-344,1997,16,4,422,4.7,0,0,0,0,0,0,1,0,1.1,1.1,0.1,1.2,8,16,38,0.00,0.00,0.00,0.00,0.00,0.22,0.03,0.25,0.22,0.25,Matches
2500cef9,Yoane Wissa,cd COD,FW,Brentford,26-179,1996,23,10,999,11.1,4,2,6,4,0,0,2,0,3.3,3.3,2.2,5.5,14,20,65,0.36,0.18,0.54,0.36,0.54,0.29,0.20,0.49,0.29,0.49,Matches
4b803b3c,Maximilian Wöber,at AUT,DF,Leeds United,25-025,1998,7,6,520,5.8,0,0,0,0,0,0,1,0,0.6,0.6,0.5,1.0,6,30,3,0.00,0.00,0.00,0.00,0.00,0.10,0.08,0.18,0.10,0.18,Matches
4e9a0555,Chris Wood,nz NZL,FW,Newcastle Utd,31-084,1991,18,4,446,5.0,2,0,2,1,1,1,0,0,1.8,1.0,0.3,1.3,1,4,23,0.40,0.00,0.40,0.20,0.20,0.37,0.06,0.43,0.21,0.27,Matches
4e9a0555,Chris Wood,nz NZL,FW,Nott'ham Forest,31-084,1991,5,4,296,3.3,1,0,1,1,0,0,0,0,0.9,0.9,0.1,1.0,0,2,12,0.30,0.00,0.30,0.30,0.30,0.27,0.04,0.30,0.27,0.30,Matches
a5212312,Joe Worrall,eng ENG,DF,Nott'ham Forest,26-050,1997,19,14,1431,15.9,0,0,0,0,0,0,6,0,0.2,0.2,0.5,0.7,4,42,1,0.00,0.00,0.00,0.00,0.00,0.01,0.03,0.04,0.01,0.04,Matches
e61b8aee,Granit Xhaka,ch SUI,MF,Arsenal,30-155,1992,24,24,2036,22.6,3,5,8,3,0,0,3,0,2.2,2.2,3.9,6.2,28,145,121,0.13,0.22,0.35,0.13,0.35,0.10,0.17,0.27,0.10,0.27,Matches
c1fe2a48,Ryan Yates,eng ENG,MF,Nott'ham Forest,25-100,1997,18,16,1392,15.5,0,1,1,0,0,0,4,0,2.2,2.2,1.1,3.3,8,36,20,0.00,0.06,0.06,0.00,0.06,0.14,0.07,0.21,0.14,0.21,Matches
be927d03,Ashley Young,eng ENG,DF,Aston Villa,37-235,1985,18,14,1267,14.1,1,0,1,1,0,0,3,0,0.2,0.2,0.8,1.0,17,67,28,0.07,0.00,0.07,0.07,0.07,0.01,0.05,0.07,0.01,0.07,Matches
b2bc3b1f,Wilfried Zaha,ci CIV,"FW,MF",Crystal Palace,30-111,1992,19,19,1661,18.5,6,2,8,6,0,2,3,0,5.1,3.3,2.4,5.7,54,45,171,0.33,0.11,0.43,0.33,0.43,0.27,0.13,0.40,0.18,0.31,Matches
384d58d9,Denis Zakaria,ch SUI,MF,Chelsea,26-101,1996,5,4,315,3.5,0,0,0,0,0,0,0,0,0.2,0.2,0.0,0.2,9,5,3,0.00,0.00,0.00,0.00,0.00,0.05,0.01,0.07,0.05,0.07,Matches
e8271ad9,Jordan Zemura,zw ZIM,DF,Bournemouth,23-107,1999,18,16,1391,15.5,0,1,1,0,0,0,1,0,0.4,0.4,1.9,2.2,39,45,48,0.00,0.06,0.06,0.00,0.06,0.03,0.12,0.15,0.03,0.15,Matches
51cf8561,Oleksandr Zinchenko,ua UKR,DF,Arsenal,26-076,1996,17,16,1349,15.0,1,1,2,1,0,0,2,0,1.1,1.1,1.0,2.1,51,148,47,0.07,0.07,0.13,0.07,0.13,0.07,0.07,0.14,0.07,0.14,Matches
6622454d,Hakim Ziyech,ma MAR,"FW,MF",Chelsea,29-347,1993,13,6,572,6.4,0,1,1,0,0,0,1,0,0.6,0.6,1.4,2.0,13,35,56,0.00,0.16,0.16,0.00,0.16,0.09,0.22,0.31,0.09,0.31,Matches
ce4246f5,Kurt Zouma,fr FRA,DF,West Ham,28-125,1994,15,15,1274,14.2,1,0,1,1,0,0,0,0,1.1,1.1,0.0,1.1,1,16,1,0.07,0.00,0.07,0.07,0.07,0.08,0.00,0.08,0.08,0.08,Matches
79300479,Martin Ødegaard,no NOR,MF,Arsenal,24-074,1998,23,23,1946,21.6,8,6,14,8,0,0,3,0,6.1,6.1,6.2,12.3,58,167,118,0.37,0.28,0.65,0.37,0.65,0.28,0.29,0.57,0.28,0.57,Matches
