id,CrdY,CrdR,2CrdY,Fls,Fld,Off,PKwon,PKcon,OG
8f5cdf66,0,0,0,2,1,0,0.0,0.0,0
f586779e,1,0,0,23,37,10,1.0,0.0,0
771a2cfe,0,0,0,0,0,0,0.0,0.0,0
b96b595c,3,0,0,9,9,1,0.0,0.0,0
26777636,1,0,0,3,1,0,0.0,0.0,0
f9c927de,3,0,0,12,14,5,1.0,1.0,0
0154d290,1,0,0,13,6,4,0.0,0.0,0
46fa7204,3,0,0,28,29,2,0.0,0.0,0
246d153b,5,0,0,13,13,1,0.0,1.0,0
d810c13b,3,0,0,15,9,0,0.0,0.0,0
fdf4b948,7,2,1,18,9,0,0.0,0.0,0
5294a83f,1,0,0,7,5,2,0.0,0.0,0
ab472696,1,0,0,7,4,2,0.0,0.0,0
bcc81786,3,0,0,23,2,1,0.0,0.0,0
2df7cc43,1,0,0,3,0,0,0.0,0.0,0
2df7cc43,7,0,0,13,6,0,0.0,1.0,0
10b9fa99,5,0,0,27,14,1,0.0,1.0,0
5a2cb25d,9,0,0,32,23,0,0.0,0.0,0
9f1893b9,1,0,0,25,22,4,0.0,0.0,0
38d9ce53,0,0,0,4,0,0,0.0,0.0,0
108fe016,1,0,0,6,11,0,0.0,0.0,0
8f68aa41,0,0,0,1,1,0,0.0,0.0,0
00459419,5,0,0,20,13,10,0.0,0.0,0
963a328b,1,0,0,11,23,0,0.0,0.0,0
a820e429,1,0,0,11,9,1,0.0,0.0,0
e26fcca3,1,0,0,11,9,0,0.0,0.0,0
a69cc629,3,0,0,16,6,1,0.0,1.0,0
0fdcef0e,2,0,0,5,4,0,0.0,0.0,0
649b01d8,1,0,0,0,2,0,0.0,0.0,1
3cd3b384,1,0,0,8,11,1,0.0,0.0,0
2200181e,1,0,0,4,8,0,0.0,0.0,0
dfd24c07,0,0,0,1,1,1,0.0,0.0,0
f42d6c13,1,0,0,6,6,3,0.0,0.0,0
f42d6c13,0,0,0,1,2,0,0.0,0.0,0
59bf127b,0,0,0,0,0,0,0.0,0.0,0
102e2599,1,0,0,10,14,0,0.0,0.0,0
f449640d,0,0,0,2,3,0,0.0,0.0,0
8a6de8c7,4,0,0,20,27,9,0.0,0.0,0
d44360be,5,0,0,35,33,0,0.0,0.0,0
01efac19,0,0,0,0,0,0,0.0,0.0,0
01efac19,3,0,0,8,10,1,0.0,1.0,0
32ebfe1e,0,0,0,0,2,0,0.0,0.0,0
6928979a,4,0,0,23,35,6,0.0,0.0,0
6caffe81,0,0,0,0,1,0,0.0,0.0,0
e5bf73f3,1,0,0,10,12,2,0.0,0.0,0
5a08ee41,5,0,0,21,8,0,0.0,0.0,0
80556f08,1,0,0,8,11,0,0.0,0.0,0
75b86fb3,2,0,0,14,14,1,0.0,0.0,0
1ac232b8,4,0,0,23,11,2,0.0,0.0,0
78e6bf2c,0,0,0,0,1,0,0.0,0.0,0
19e4eab9,7,0,0,22,20,4,0.0,0.0,1
e892c325,0,0,0,1,0,0,0.0,0.0,0
e3756e72,0,0,0,0,3,0,0.0,0.0,0
d705ba44,0,0,0,15,17,4,0.0,0.0,0
0000acda,0,0,0,1,1,0,0.0,0.0,0
0000acda,0,0,0,3,5,0,0.0,0.0,0
db092d3b,5,0,0,28,21,1,0.0,0.0,0
53a0e358,5,0,0,17,22,5,0.0,0.0,0
61b3978f,1,0,0,13,10,0,0.0,0.0,0
ed5c0319,1,0,0,26,18,5,0.0,0.0,0
b3a20f18,2,0,0,14,4,0,0.0,1.0,0
d65cf468,0,0,0,3,3,0,0.0,0.0,0
6fdac234,5,0,0,12,3,0,0.0,0.0,0
9e1577aa,0,0,0,16,23,1,0.0,0.0,0
204ac005,5,0,0,10,9,2,0.0,0.0,0
79370f8c,0,0,0,2,4,1,0.0,0.0,0
c69ef855,3,0,0,23,18,0,0.0,0.0,0
fe012aca,0,0,0,3,11,0,0.0,0.0,0
c83c203f,0,0,0,5,6,0,0.0,0.0,0
d995ed27,4,0,0,19,33,2,1.0,0.0,0
bf57eaab,1,0,0,15,26,7,0.0,0.0,0
0def2376,1,0,0,2,3,0,0.0,0.0,0
fb77bfef,1,0,0,3,0,1,0.0,0.0,0
52ec54d0,1,0,0,8,4,1,0.0,0.0,0
3d13d9e4,1,0,0,7,6,0,0.0,0.0,0
0d077b88,3,0,0,25,16,1,0.0,0.0,0
ae94a6c5,2,0,0,7,7,0,0.0,0.0,0
c609e90e,1,0,0,4,0,2,0.0,0.0,0
8bbe2df5,4,0,0,13,10,3,0.0,0.0,0
d4a2533d,0,0,0,0,1,0,0.0,0.0,0
5fd5ed86,5,0,0,20,8,1,0.0,1.0,0
edd81e2a,3,1,0,24,8,0,0.0,1.0,0
33b8d077,5,0,0,13,3,0,0.0,0.0,0
f3a9fa26,2,0,0,10,10,0,0.0,0.0,0
4ae67f27,6,0,0,40,19,0,0.0,0.0,0
ef6eef89,1,0,0,1,2,1,0.0,0.0,0
dd86e8e4,1,0,0,6,3,0,0.0,1.0,0
2146785a,4,0,0,10,9,1,1.0,1.0,0
ac7e640b,5,0,0,14,9,0,0.0,0.0,0
226008f1,4,0,0,22,16,0,0.0,0.0,0
cd0fa27b,2,0,0,34,22,1,0.0,0.0,0
13ea2544,1,0,0,9,5,0,0.0,0.0,0
91ff775f,1,0,0,10,25,1,0.0,0.0,0
247ed022,2,0,0,18,24,4,0.0,0.0,0
b6a1cdf9,2,0,0,11,6,4,1.0,0.0,0
356c9002,3,1,1,4,20,5,0.0,1.0,0
54e53b7e,4,0,0,28,32,7,0.0,0.0,0
5bd72174,0,0,0,5,24,11,0.0,0.0,0
5bd72174,1,0,0,9,15,10,0.0,0.0,0
f7e2af2c,0,0,0,1,1,0,0.0,0.0,0
b033f803,0,0,0,0,0,0,0.0,0.0,0
707b98f1,0,0,0,0,3,0,0.0,0.0,0
8d3cd59d,2,0,0,30,13,3,0.0,0.0,0
8ec56e62,1,0,0,0,2,0,0.0,0.0,0
3f5f38fb,5,0,0,15,5,0,0.0,0.0,0
ad92526f,1,0,0,10,7,0,0.0,0.0,0
0728bebe,1,0,0,5,1,0,0.0,0.0,0
ba3d3bea,4,0,0,11,18,0,0.0,0.0,0
4d1efb48,0,0,0,0,0,0,0.0,0.0,0
d9624b51,7,1,0,26,14,0,0.0,0.0,0
07f8bcc8,1,0,0,20,19,12,0.0,0.0,0
98a84572,0,0,0,3,5,0,1.0,0.0,0
31a62dc7,5,0,0,17,5,1,0.0,0.0,0
b0f7e36c,1,0,0,5,6,1,0.0,0.0,0
c316607a,2,0,0,12,4,0,0.0,0.0,1
b09a3ecc,0,0,0,4,8,3,0.0,0.0,0
039a4fb6,0,0,0,0,1,0,0.0,0.0,0
5de3866c,2,0,0,18,25,3,0.0,0.0,0
8b95acda,5,0,0,15,18,1,0.0,0.0,0
04df29a5,4,0,0,29,8,6,0.0,0.0,0
6499048c,1,0,0,12,13,0,0.0,0.0,0
8cabdc1e,0,0,0,0,2,0,0.0,0.0,0
8fef5412,0,0,0,0,1,1,0.0,0.0,0
22ae86f9,3,0,0,7,0,0,0.0,1.0,0
45b9b619,1,0,0,6,10,1,0.0,0.0,0
bfc359ed,0,0,0,0,0,0,0.0,0.0,0
85a44ecc,7,0,0,32,22,1,0.0,0.0,0
f554e29b,0,0,0,0,0,0,0.0,0.0,0
16657b95,4,0,0,34,15,2,0.0,0.0,0
22cd43d2,1,0,0,4,2,0,0.0,0.0,0
0ab1f153,3,1,0,15,20,0,0.0,0.0,0
5722eced,0,0,0,5,1,0,0.0,0.0,0
060606ec,2,0,0,6,9,1,0.0,0.0,0
44eb9093,1,0,0,6,3,0,0.0,0.0,0
f778fe3f,0,0,0,4,9,1,0.0,0.0,0
7ef972c3,5,0,0,19,1,0,0.0,0.0,0
94b2001f,3,0,0,24,12,0,0.0,0.0,0
96e0490d,3,0,0,16,13,3,0.0,0.0,0
16bb656a,5,1,0,27,7,0,0.0,0.0,0
2ef7c612,2,0,0,13,9,1,0.0,0.0,0
60e3603d,0,0,0,1,1,0,0.0,0.0,0
ae4e2852,0,0,0,3,8,0,0.0,0.0,0
e74f0e59,1,0,0,4,5,2,0.0,0.0,1
f4797849,3,0,0,10,2,0,0.0,0.0,0
854ee61a,2,0,0,8,6,3,0.0,0.0,0
0e0d6c53,0,0,0,0,0,0,0.0,0.0,0
e3cceee6,5,0,0,13,11,1,0.0,0.0,0
dc3fa3b5,0,0,0,0,1,0,0.0,0.0,0
d97f2e8d,3,0,0,20,20,2,0.0,0.0,0
d97f2e8d,1,0,0,1,7,0,0.0,0.0,0
2990c466,0,0,0,0,0,0,0.0,0.0,0
dcb38abe,2,0,0,26,11,19,0.0,0.0,0
5976f83e,0,0,0,6,4,0,0.0,1.0,0
d7d32194,2,0,0,9,3,7,0.0,1.0,0
39583cfd,1,0,0,8,11,8,0.0,0.0,0
ef94dc2f,0,0,0,0,0,0,0.0,0.0,0
1fca9171,4,0,0,25,16,7,1.0,0.0,0
4e0c8d66,0,0,0,0,0,0,0.0,0.0,0
230a2fac,2,0,0,21,22,4,0.0,0.0,0
19cda00b,0,1,0,4,11,4,0.0,0.0,0
244bc2c8,1,0,0,17,25,8,0.0,0.0,0
407feb71,2,0,0,18,28,2,0.0,0.0,0
970b8574,0,0,0,10,23,4,0.0,1.0,0
933d3b51,2,0,0,19,2,1,0.0,2.0,0
6eee05f1,1,0,0,4,3,0,0.0,0.0,0
b5f7d10b,5,1,1,22,21,0,0.0,1.0,0
2f69d881,1,0,0,14,7,2,0.0,0.0,0
20b3a502,7,0,0,35,22,1,0.0,1.0,0
22051fbe,3,1,1,4,4,0,0.0,0.0,0
085e71a7,1,0,0,0,5,0,0.0,0.0,0
79ca3e23,1,0,0,5,12,0,0.0,0.0,0
481c9ece,4,0,0,22,26,2,1.0,0.0,1
528492ea,2,0,0,13,3,0,0.0,0.0,0
e0921a4f,3,0,0,9,37,4,2.0,0.0,0
3bb7f478,3,0,0,22,21,8,0.0,0.0,0
dbfa4f16,1,0,0,2,1,0,0.0,0.0,0
9ba7b4fa,3,0,0,9,4,1,0.0,0.0,0
6af30900,0,0,0,6,10,1,0.0,0.0,0
a9202def,2,0,0,17,22,0,0.0,1.0,0
76b2817e,5,0,0,21,10,1,0.0,0.0,0
f503ea63,4,1,1,16,15,0,0.0,0.0,0
c20892ee,0,0,0,0,0,1,0.0,0.0,0
c55967eb,3,0,0,6,3,0,0.0,0.0,0
cf007308,2,0,0,12,8,3,0.0,0.0,0
0fee6bda,2,0,0,14,9,0,0.0,0.0,0
3f79a1c8,0,1,0,6,5,0,0.0,0.0,0
5cf5c9ad,3,1,1,4,6,0,0.0,0.0,0
366be751,1,0,0,8,12,1,1.0,0.0,0
9f5a610b,1,0,0,1,2,0,0.0,1.0,0
aae9d04a,4,0,0,6,1,1,0.0,0.0,0
4e358a2d,2,1,0,11,6,0,0.0,3.0,0
06b08c45,2,0,0,10,4,0,0.0,0.0,0
ee64a822,3,0,0,27,27,2,0.0,0.0,0
d0dbca9f,3,0,0,12,7,0,0.0,1.0,0
d0dbca9f,2,0,0,6,3,0,0.0,0.0,0
eb76987d,0,0,0,0,3,0,0.0,0.0,0
e288d4b3,0,0,0,1,0,0,0.0,0.0,0
2a7d27c1,3,0,0,29,41,0,0.0,0.0,0
c235e803,2,0,0,8,1,0,0.0,0.0,0
8f866fe8,5,0,0,26,45,10,1.0,0.0,0
3b387cc7,0,0,0,1,0,0,0.0,0.0,0
ce30bfc8,1,0,0,7,8,0,0.0,0.0,0
8dfed6e9,0,0,0,5,5,0,0.0,0.0,0
dd403465,0,0,0,1,0,0,0.0,0.0,0
c74d63ac,4,1,1,11,11,2,0.0,0.0,0
18dd3219,2,0,0,6,8,0,0.0,0.0,0
822ed0ec,3,0,0,14,21,1,1.0,1.0,0
71dc23da,2,0,0,10,5,1,0.0,1.0,0
9c435456,0,0,0,1,1,0,0.0,0.0,0
548bd0de,1,0,0,3,0,0,0.0,0.0,0
16ceb862,6,1,1,27,16,13,0.0,0.0,0
f0f7f62f,0,0,0,0,0,0,0.0,0.0,0
f025eade,5,0,0,28,37,1,0.0,0.0,1
2374aaca,2,0,0,9,27,3,0.0,0.0,0
2d970560,1,0,0,8,0,1,0.0,0.0,0
6cc97b6a,2,0,0,12,6,0,0.0,0.0,0
49136c42,0,0,0,0,0,0,0.0,0.0,0
f1f1f238,3,0,0,17,10,0,0.0,0.0,0
f9758dae,5,0,0,24,20,17,0.0,0.0,0
0be276c6,3,0,0,13,3,0,0.0,1.0,0
9250bcff,0,0,0,9,4,10,0.0,0.0,0
fa449bba,2,0,0,18,8,1,0.0,0.0,0
74419746,0,0,0,0,0,0,0.0,0.0,0
65fd099c,1,0,0,7,0,0,0.0,0.0,0
3b333ac3,7,0,0,19,3,1,0.0,0.0,0
d7918b13,7,0,0,28,7,2,0.0,0.0,0
ffed43e3,1,0,0,2,1,0,0.0,0.0,0
a2d9f138,2,0,0,5,19,0,0.0,0.0,0
9ef42479,4,0,0,27,16,9,0.0,0.0,0
d4c9725f,5,0,0,14,44,0,0.0,0.0,1
12806697,8,0,0,42,12,0,0.0,0.0,0
d4456fb3,6,1,0,38,25,0,0.0,0.0,0
c2357b65,4,0,0,22,16,2,0.0,0.0,0
b85bf253,4,0,0,11,4,0,0.0,0.0,0
d8800a46,0,0,0,1,4,0,1.0,0.0,0
1f2d714c,0,0,0,7,2,0,0.0,0.0,0
2f3452eb,2,0,0,9,6,2,0.0,0.0,0
491a433d,1,0,0,12,19,3,2.0,0.0,0
82efe6fa,7,0,0,30,40,0,1.0,0.0,1
4cde5509,0,0,0,1,0,0,0.0,0.0,0
a4e85758,8,1,1,20,8,0,0.0,0.0,0
42eaa028,2,0,0,19,15,3,0.0,0.0,0
bb376bed,1,0,0,9,9,0,0.0,0.0,0
bb376bed,0,0,0,2,5,0,1.0,0.0,0
ba492306,1,0,0,4,1,0,0.0,0.0,0
a47c6309,1,0,0,5,0,0,0.0,0.0,0
a47c6309,0,0,0,0,1,0,0.0,0.0,0
4431aed2,3,0,0,15,17,11,2.0,0.0,0
6b635f5c,3,0,0,16,10,0,0.0,0.0,1
89976232,4,0,0,25,31,1,1.0,0.0,0
8c65eb5f,0,0,0,1,0,0,0.0,0.0,0
4a537185,0,0,0,0,1,0,0.0,0.0,0
79083382,2,0,0,5,1,0,0.0,0.0,0
dc765618,0,0,0,2,1,0,0.0,0.0,0
4d8cd038,2,0,0,17,7,8,0.0,0.0,0
570bb4b9,1,0,0,9,2,1,0.0,0.0,0
f95f49d2,1,0,0,11,17,4,0.0,0.0,0
85f7d1be,2,0,0,17,14,0,0.0,1.0,0
8b66d9cc,1,0,0,9,6,7,0.0,0.0,0
9f84febe,0,0,0,2,0,1,0.0,0.0,0
7ae36711,1,0,0,3,1,0,0.0,0.0,0
2a82aa85,3,0,0,10,14,0,0.0,0.0,0
3d50bcdb,4,0,0,11,14,8,0.0,0.0,0
dc3e663e,3,0,0,16,5,0,0.0,0.0,0
8b8a56ce,4,0,0,7,1,0,0.0,0.0,0
a26fb8aa,5,0,0,30,19,1,0.0,0.0,0
b1cd37e6,2,0,0,26,6,1,0.0,0.0,0
58e933d2,3,0,0,26,48,3,1.0,0.0,0
9d60028d,1,0,0,7,7,1,0.0,0.0,0
b804c280,0,0,0,2,0,0,0.0,0.0,0
b4101c2e,0,0,0,2,0,0,0.0,0.0,0
817c6964,5,0,0,9,10,0,0.0,0.0,0
a40819d9,1,0,0,2,2,0,0.0,0.0,0
dea88efd,0,0,0,9,26,5,2.0,0.0,0
0a483542,0,0,0,2,5,0,0.0,0.0,0
0a483542,3,0,0,9,13,0,1.0,0.0,0
c283ddef,1,0,0,10,16,0,0.0,0.0,0
c283ddef,0,0,0,6,8,1,0.0,0.0,0
09538fdb,1,0,0,22,19,13,0.0,0.0,0
2d22cea7,7,1,1,12,31,4,1.0,0.0,0
016ff750,4,0,0,11,3,1,0.0,1.0,0
93088fbb,1,0,0,0,0,0,0.0,0.0,0
5128bde4,0,0,0,6,2,8,0.0,0.0,0
02caf6e0,5,0,0,9,28,0,0.0,0.0,0
20730eae,7,1,1,14,19,9,0.0,0.0,0
7d3cbc67,11,0,0,34,29,4,0.0,0.0,0
d023d70f,6,0,0,32,11,4,0.0,0.0,0
a3695ac2,0,0,0,2,1,0,0.0,0.0,0
bba30585,0,0,0,0,0,0,0.0,0.0,0
e1cbb531,1,0,0,15,42,0,0.0,0.0,0
a8a874f1,5,0,0,26,23,0,0.0,0.0,0
c8ad0857,3,0,0,23,5,1,0.0,1.0,0
7c104bb7,2,0,0,16,29,10,1.0,0.0,0
20094685,7,0,0,17,9,0,0.0,0.0,0
5fa57166,0,0,0,2,2,0,0.0,0.0,0
966eea58,2,0,0,23,16,1,0.0,0.0,0
a69e4806,3,0,0,21,24,3,0.0,0.0,0
80490d7f,6,0,0,19,13,0,0.0,3.0,0
921f6058,0,0,0,4,4,0,0.0,0.0,1
5eae500a,1,0,0,4,1,7,0.0,0.0,0
c6e8cf1f,4,0,0,26,10,0,0.0,0.0,0
997fff07,3,2,1,12,15,0,0.0,0.0,0
5efc5389,3,0,0,11,9,1,0.0,0.0,0
957e4c87,1,0,0,12,10,0,0.0,1.0,0
cce9f582,4,1,0,12,3,0,0.0,0.0,0
fcb38f57,0,0,0,0,1,0,0.0,0.0,0
22bfb57e,2,0,0,9,13,0,0.0,0.0,0
2bffcbf2,1,0,0,1,0,0,0.0,0.0,0
801831fe,0,0,0,5,8,0,0.0,0.0,0
4c8845f7,2,0,0,8,3,0,0.0,0.0,0
4c8845f7,2,0,0,12,6,1,0.0,0.0,0
48d5bd33,2,0,0,10,11,0,0.0,0.0,0
5aa53281,4,0,0,27,19,2,0.0,0.0,0
c7259b83,5,0,0,19,11,1,0.0,0.0,0
f794b426,0,0,0,0,0,0,0.0,0.0,0
91d0fabf,0,0,0,2,0,1,0.0,0.0,0
8650af85,5,0,0,17,24,0,0.0,2.0,0
aa54ec6f,3,0,0,14,8,0,0.0,0.0,0
7fac99d4,5,0,0,23,13,0,0.0,1.0,0
cdf65d12,5,0,0,16,5,0,0.0,0.0,1
ea468ea8,0,0,0,1,2,0,0.0,0.0,0
f7036e1c,2,0,0,35,46,8,1.0,0.0,0
3ec3c1c9,3,0,0,13,20,1,0.0,0.0,0
d4535821,4,0,0,15,11,1,0.0,0.0,0
de0f152c,1,0,0,5,1,0,0.0,0.0,0
eb7822d7,2,0,0,14,9,1,0.0,0.0,0
3318286e,0,1,0,1,0,0,0.0,0.0,0
eb0ec070,2,0,0,16,8,5,0.0,0.0,0
01c3aff5,0,0,0,13,7,3,0.0,0.0,0
563a68ad,5,0,0,16,16,0,0.0,0.0,0
5cec2c74,5,0,0,17,22,0,0.0,0.0,0
9413b19f,0,0,0,0,0,0,0.0,0.0,0
c730da00,0,0,0,0,1,0,0.0,0.0,0
f49c4ae9,1,0,0,18,19,1,0.0,0.0,0
b2561711,0,0,0,1,1,0,0.0,0.0,0
bee704fc,2,0,0,28,13,0,0.0,0.0,1
85613cf0,3,1,1,12,17,3,0.0,0.0,0
4e6dbac4,7,0,0,24,53,1,0.0,0.0,0
9fa26bc2,2,0,0,0,4,0,0.0,0.0,0
e0f8151c,4,0,0,18,5,0,0.0,0.0,0
a9aa0d1d,0,0,0,5,19,0,1.0,0.0,0
34693494,1,0,0,16,15,1,1.0,0.0,0
dd0daf32,3,0,0,18,18,0,0.0,0.0,0
54ab971f,1,0,0,4,3,0,0.0,0.0,0
ca73910d,1,0,0,8,4,4,0.0,0.0,0
c1d95617,0,0,0,0,4,0,0.0,0.0,0
ff579c7e,0,0,0,3,3,0,0.0,0.0,0
efc9e31f,1,0,0,14,20,11,1.0,0.0,0
a0aee24e,0,0,0,1,0,0,0.0,0.0,0
1295552e,0,0,0,0,0,0,0.0,0.0,0
eb2fe5b6,2,2,1,9,9,2,1.0,0.0,0
b233e8e4,3,0,0,11,15,0,0.0,0.0,1
d183e9d6,2,0,0,6,4,1,0.0,2.0,0
a111cf41,1,0,0,0,5,0,0.0,0.0,1
c459a650,3,1,0,15,10,2,0.0,0.0,0
599d91d0,1,0,0,6,1,0,0.0,0.0,0
5cdddffa,3,0,0,9,17,0,0.0,1.0,0
b1236c63,2,0,0,4,1,2,0.0,0.0,0
2b8360f1,1,0,0,5,7,2,0.0,0.0,0
b136c945,1,0,0,9,5,0,0.0,1.0,0
cf961d8d,7,1,0,12,13,0,0.0,0.0,0
e33f36d5,1,0,0,4,2,0,0.0,0.0,0
e33f36d5,2,0,0,11,3,0,0.0,1.0,0
a4948e67,4,0,0,40,24,8,0.0,0.0,0
ba1e04b3,2,0,0,13,6,0,0.0,0.0,0
1e9bde92,0,0,0,0,0,0,0.0,0.0,0
d125f22f,4,0,0,14,27,7,3.0,1.0,0
8ec109e6,3,0,0,13,7,0,0.0,0.0,0
41c12f75,1,0,0,8,11,0,0.0,0.0,0
e9c0c1b2,1,0,0,0,0,0,0.0,0.0,0
43a166b4,1,0,0,8,13,4,0.0,0.0,0
e14ec482,3,1,0,23,32,11,0.0,0.0,0
8c90fd7a,2,0,0,29,24,22,1.0,1.0,0
ea02beaf,1,0,0,6,5,1,0.0,0.0,0
ed90babd,0,0,0,0,0,0,0.0,0.0,0
8daee720,0,0,0,0,0,0,0.0,0.0,0
3d6cee81,0,0,0,1,1,0,0.0,0.0,0
dff153a4,2,0,0,10,7,0,0.0,1.0,0
0967845b,5,1,0,18,46,0,0.0,1.0,0
e599253a,2,0,0,17,12,1,0.0,0.0,0
f7223718,0,0,0,2,3,0,0.0,0.0,0
79b0d6a0,1,0,0,1,0,0,0.0,1.0,0
3ca7254a,1,0,0,12,25,3,1.0,0.0,0
f058ed1f,0,0,0,0,1,0,0.0,0.0,0
a44d3a3c,2,0,0,9,13,3,0.0,0.0,0
4a5a45c7,2,0,0,15,38,5,0.0,0.0,0
7afb1573,4,0,0,15,7,0,0.0,0.0,0
75f2c59f,4,0,0,17,29,2,0.0,0.0,0
f7c491f1,4,1,0,16,4,0,0.0,0.0,1
4c62d0c8,0,0,0,0,1,0,0.0,0.0,0
780e3631,3,0,0,23,34,1,0.0,0.0,0
03f946ed,1,0,0,14,17,5,1.0,0.0,0
149c5f5d,1,0,0,13,6,1,0.0,0.0,0
17f3620a,3,0,0,22,26,15,0.0,0.0,0
1cadaf34,0,0,0,2,3,4,0.0,0.0,0
1cadaf34,0,0,0,2,0,1,0.0,0.0,0
f71ad8cb,6,0,0,23,11,3,0.0,0.0,0
08aa9cd1,2,0,0,12,18,5,1.0,0.0,0
caec77da,3,0,0,17,3,0,0.0,0.0,0
2c38b327,0,0,0,0,6,1,0.0,0.0,0
55a1cac2,2,0,0,24,4,0,0.0,0.0,0
867239d3,0,0,0,0,1,0,0.0,0.0,0
5e861944,1,0,0,10,18,1,0.0,0.0,0
2a6cd437,2,0,0,15,0,0,0.0,0.0,0
7f609bfc,1,0,0,22,11,1,0.0,0.0,0
277da414,0,0,0,0,1,0,0.0,0.0,0
62437b4f,1,0,0,7,1,0,0.0,0.0,0
88f53b75,0,0,0,0,0,0,0.0,0.0,0
ee4f2f3b,2,0,0,3,9,5,0.0,0.0,0
1b9c7401,0,0,0,10,8,0,0.0,0.0,0
8794e251,4,0,0,24,30,2,0.0,0.0,0
0630eb63,1,0,0,16,8,9,0.0,0.0,0
023937a9,1,1,0,4,7,0,0.0,0.0,0
67f649be,0,0,0,0,1,0,0.0,0.0,0
ce1a6c7e,0,0,0,0,0,0,0.0,0.0,0
8c63fae5,0,0,0,2,2,2,0.0,0.0,0
539230cf,0,0,0,2,0,0,0.0,0.0,0
d9ebed1c,1,0,0,6,10,0,0.0,0.0,0
6e058f06,1,0,0,5,5,1,0.0,0.0,0
6e058f06,0,0,0,0,0,0,0.0,0.0,0
536cebe5,4,0,0,13,8,5,0.0,0.0,0
6213fd82,4,0,0,24,9,2,0.0,1.0,0
4bd00a50,0,0,0,4,2,0,0.0,0.0,0
f61c7c4e,0,0,0,0,1,0,0.0,0.0,0
9823be92,5,0,0,14,35,0,0.0,0.0,0
f1cfc209,4,1,0,32,16,0,0.0,0.0,0
1d4e63b6,0,0,0,1,2,0,0.0,0.0,0
7f78ad23,1,0,0,17,7,0,0.0,0.0,0
10e7f486,5,0,0,15,22,0,0.0,0.0,0
3ead85f9,1,0,0,19,13,1,0.0,0.0,0
ca6edaa0,0,0,0,3,6,0,0.0,0.0,0
2a1beb34,5,0,0,24,15,0,0.0,0.0,0
e58cbfd5,3,1,0,17,13,0,0.0,0.0,0
e58cbfd5,1,0,0,1,1,0,0.0,0.0,0
4b3e1a38,1,0,0,8,9,1,0.0,0.0,0
a378a02a,4,1,0,11,8,0,0.0,1.0,0
14b8fcdf,0,0,0,4,0,1,0.0,0.0,0
ae9898c5,1,0,0,5,4,0,0.0,0.0,0
0b5a292a,2,1,0,16,27,0,0.0,0.0,0
4830e0af,4,0,0,26,33,0,0.0,0.0,0
ee251371,1,0,0,17,12,0,0.0,1.0,0
da5a981b,1,0,0,3,3,0,0.0,0.0,0
217c93a1,0,0,0,14,7,0,0.0,0.0,0
24eb7ed6,2,0,0,6,9,0,0.0,0.0,0
0a447501,4,0,0,22,15,7,0.0,0.0,0
4295f19c,0,0,0,0,0,0,0.0,0.0,0
0d82903c,4,1,0,21,21,1,1.0,0.0,0
7eb97a8e,2,0,0,7,10,4,2.0,0.0,0
3bb7af3b,3,0,0,8,15,4,0.0,0.0,0
86383d0e,3,0,0,14,21,4,0.0,0.0,0
1e9aa637,5,0,0,36,4,4,0.0,0.0,0
2cfae697,2,0,0,14,17,1,0.0,0.0,1
e613313c,4,0,0,24,3,0,0.0,0.0,0
16463a79,0,0,0,4,14,6,0.0,0.0,0
3cb132e6,0,0,0,0,0,0,0.0,0.0,0
b6baba31,0,0,0,1,0,0,0.0,0.0,0
b70bde8f,5,0,0,12,37,1,1.0,0.0,0
343f753a,3,0,0,1,2,0,0.0,1.0,0
dd7febd8,6,0,0,29,31,3,0.0,1.0,0
d3aaad90,2,0,0,14,8,3,0.0,0.0,0
57469b2d,1,0,0,6,2,2,0.0,0.0,0
57469b2d,0,0,0,1,2,2,0.0,0.0,0
0d422df7,0,0,0,0,2,0,0.0,0.0,0
343c0d52,1,0,0,4,4,1,0.0,0.0,0
8b609c34,3,0,0,25,21,0,0.0,0.0,0
b35a7399,1,0,0,2,4,0,0.0,0.0,0
ab4449d6,3,0,0,0,6,0,0.0,0.0,0
30f5ffa9,5,1,1,35,14,1,0.0,0.0,1
b6964eb6,5,0,0,15,12,0,0.0,0.0,0
78f13530,0,0,0,1,5,0,0.0,0.0,0
28f66c2e,1,0,0,2,2,0,0.0,1.0,0
28f66c2e,2,0,0,14,18,2,1.0,0.0,0
9d4c45d6,1,0,0,17,30,2,0.0,0.0,0
50841bef,2,0,0,14,6,0,0.0,2.0,0
94816803,1,0,0,3,11,3,0.0,0.0,0
c13ddd3e,0,0,0,3,5,0,0.0,0.0,0
7b075c75,5,1,1,16,7,0,0.0,0.0,0
3626daea,0,0,0,7,7,0,0.0,0.0,0
ac4003af,0,0,0,0,1,0,0.0,0.0,0
13b44b02,3,0,0,8,14,0,0.0,0.0,0
674cfc5a,3,0,0,32,45,0,0.0,1.0,0
2cb9486d,0,0,0,4,1,2,0.0,0.0,0
f573a8bf,3,0,0,27,62,10,0.0,0.0,0
230c3f3a,3,0,0,7,3,1,0.0,0.0,0
01b8a2b2,0,0,0,0,0,0,0.0,0.0,0
eb3022c3,1,0,0,1,0,0,0.0,0.0,0
8da74c05,2,0,0,20,19,1,0.0,0.0,0
b056e3da,0,0,0,0,3,0,0.0,0.0,0
5cbb5ad6,0,0,0,4,12,0,0.0,0.0,0
e1b0a70d,1,0,0,1,0,0,0.0,1.0,0
3ef0a2d7,0,0,0,0,9,2,0.0,0.0,0
2b9fdeea,0,0,0,2,4,0,0.0,0.0,0
ff5ea0bf,2,0,0,3,1,0,0.0,0.0,0
76ff8d0d,4,0,0,15,20,0,0.0,0.0,0
a96e5dc0,2,0,0,5,8,0,0.0,1.0,0
c56dc39e,4,0,0,17,13,1,0.0,0.0,0
7edfbb8a,2,0,0,17,18,0,0.0,0.0,0
0db169ae,6,0,0,22,20,3,0.0,0.0,0
7ed4921e,0,0,0,2,0,0,0.0,0.0,0
0588a092,1,0,0,11,6,0,0.0,0.0,0
26c54058,0,0,0,5,1,0,0.0,0.0,0
7cd520e8,4,0,0,27,35,3,0.0,1.0,0
3eed9821,4,0,0,14,17,0,0.0,0.0,0
71005acd,1,0,0,8,6,0,0.0,0.0,0
ec52b661,2,0,0,17,22,2,0.0,0.0,0
c414df9d,1,0,0,8,6,0,0.0,0.0,0
5eaed77a,5,0,0,14,10,0,0.0,0.0,0
44ac04e9,4,0,0,20,9,2,0.0,0.0,0
ab1ca213,4,0,0,12,7,0,0.0,0.0,1
983ff2c7,0,0,0,3,7,0,0.0,0.0,0
d3298c99,1,0,0,2,11,1,0.0,0.0,0
0375723e,2,0,0,7,9,1,0.0,0.0,0
33ecf462,5,0,0,14,13,2,0.0,0.0,0
77d6fd4d,3,0,0,0,6,0,0.0,0.0,0
75e60d75,0,0,0,0,0,0,0.0,0.0,0
75e60d75,3,0,0,21,9,0,0.0,0.0,0
ec5dae45,1,0,0,3,1,0,0.0,0.0,0
ec5dae45,0,0,0,1,0,0,0.0,0.0,0
a14d0ab0,0,0,0,0,0,0,0.0,0.0,0
c7069d87,4,0,0,19,24,1,0.0,1.0,0
bdc74a8f,2,0,0,17,18,0,0.0,1.0,0
08eb3b58,0,0,0,4,1,0,0.0,0.0,0
79443529,0,0,0,12,16,14,1.0,0.0,0
aa8e289e,1,0,0,21,22,12,0.0,0.0,0
b3ef6517,0,0,0,1,1,0,0.0,0.0,0
be2706c0,2,0,0,14,6,0,0.0,0.0,0
72f87f25,0,0,0,6,5,0,0.0,0.0,0
f052fb01,0,0,0,0,0,0,0.0,0.0,0
f86cd5df,0,0,0,2,2,0,0.0,0.0,0
d0d8dd44,2,0,0,10,7,0,0.0,1.0,0
26db8853,4,0,0,25,26,0,0.0,1.0,0
217875a4,0,0,0,0,0,0,0.0,0.0,0
eb58eef0,0,0,0,1,2,0,0.0,0.0,0
2f7acede,0,0,0,7,5,1,0.0,0.0,0
1bfe5ac9,0,0,0,1,0,0,0.0,0.0,0
ee9040b4,2,0,0,7,4,0,0.0,0.0,0
d85c238b,5,0,0,34,65,3,0.0,1.0,0
384d58d9,0,0,0,0,0,0,0.0,0.0,0
45191c29,2,0,0,10,25,1,0.0,0.0,0
6bb2c084,2,0,0,22,29,2,1.0,0.0,0
5e834dce,2,0,0,9,10,2,1.0,0.0,0
9907b1c8,4,0,0,22,32,4,0.0,0.0,0
3b12b11f,0,0,0,1,1,0,0.0,0.0,0
3b12b11f,0,0,0,0,0,0,0.0,0.0,0
d3de9af0,1,0,0,7,18,4,1.0,0.0,0
7fe90ccd,3,0,0,7,4,1,0.0,0.0,0
58a2e9f6,0,0,0,0,0,0,0.0,0.0,0
d19ef4ef,1,0,0,5,1,1,0.0,0.0,0
a5296e55,2,0,0,11,23,2,0.0,0.0,0
acf7e795,0,0,0,4,2,0,0.0,0.0,0
028e70b9,1,0,0,3,4,1,0.0,0.0,0
cc1a0c57,0,0,0,0,0,0,0.0,0.0,0
82598b71,1,0,0,4,0,0,0.0,0.0,0
82598b71,2,0,0,6,5,0,0.0,0.0,0
54f6afe3,0,0,0,0,0,0,0.0,0.0,0
4e1d5e59,0,0,0,1,0,0,0.0,0.0,0
4e1d5e59,0,0,0,0,0,0,0.0,0.0,0
405f6586,3,0,0,15,14,3,0.0,0.0,0
eccbe56a,7,0,0,24,36,0,0.0,0.0,0
