id,Gls,Sh,SoT,G/Sh,G/SoT,Dist,FK,PK,PKatt,xG,npxG,G-xG,np:G-xG
5bc43860,1,31,5,0.03,0.2,18.8,2,0,0,2.7,2.7,-1.7,-1.7
f2bf1b0f,4,36,13,0.11,0.31,14.5,0,0,0,4.6,4.6,-0.6,-0.6
2b09d998,0,2,0,0.0,0.0,29.4,0,0,0,0.0,0.0,0.0,0.0
c81d773d,1,4,2,0.25,0.5,16.4,0,0,0,0.2,0.2,0.8,0.8
288e1e13,0,5,0,0.0,0.0,8.9,0,0,0,0.8,0.8,-0.8,-0.8
a6c58494,0,2,0,0.0,0.0,16.6,0,0,0,0.1,0.1,-0.1,-0.1
9b398aea,1,10,5,0.1,0.2,14.1,0,0,0,0.7,0.7,0.3,0.3
a8c0acb7,0,1,0,0.0,0.0,6.0,0,0,0,0.0,0.0,0.0,0.0
89ac64a6,0,12,2,0.0,0.0,15.9,0,0,0,1.0,1.0,-1.0,-1.0
eaeca114,0,7,1,0.0,0.0,11.4,0,0,0,1.0,1.0,-1.0,-1.0
b827d5b3,1,2,1,0.5,1.0,8.0,0,0,0,0.3,0.3,0.7,0.7
77e84962,0,9,1,0.0,0.0,25.2,0,0,0,0.4,0.4,-0.4,-0.4
4abac767,1,4,1,0.25,1.0,20.1,0,0,0,0.2,0.2,0.8,0.8
cd1acf9d,1,23,4,0.04,0.25,22.4,4,0,0,1.5,1.5,-0.5,-0.5
7a2e46a8,0,0,0,0.0,0.0,0.0,0,0,0,0.0,0.0,0.0,0.0
cea4ee8f,0,0,0,0.0,0.0,0.0,0,0,0,0.0,0.0,0.0,0.0
862a1c15,10,49,16,0.2,0.63,16.8,0,0,0,6.0,6.0,4.0,4.0
15ab5a2b,5,25,10,0.2,0.5,14.4,0,0,0,3.2,3.2,1.8,1.8
1a4ef233,0,3,2,0.0,0.0,25.2,0,0,0,0.1,0.1,-0.1,-0.1
e34fc66d,1,13,7,0.08,0.14,10.6,0,0,0,1.2,1.2,-0.2,-0.2
de31038e,0,4,1,0.0,0.0,12.0,0,0,0,0.5,0.5,-0.5,-0.5
e4238fb1,3,18,10,0.17,0.3,19.8,2,0,0,1.5,1.5,1.5,1.5
ac05f970,3,25,9,0.12,0.33,13.4,0,0,0,3.4,3.4,-0.4,-0.4
99127249,3,33,14,0.09,0.21,20.4,0,0,0,2.7,2.7,0.3,0.3
05e8ca6d,0,0,0,0.0,0.0,0.0,0,0,0,0.0,0.0,0.0,0.0
2f965a72,0,0,0,0.0,0.0,0.0,0,0,0,0.0,0.0,0.0,0.0
328f7d51,2,13,8,0.15,0.25,10.7,0,0,0,1.4,1.4,0.6,0.6
68c720b5,1,20,10,0.05,0.1,16.4,0,0,0,1.8,1.8,-0.8,-0.8
97333cf5,1,16,3,0.06,0.33,19.1,0,0,0,1.3,1.3,-0.3,-0.3
28d596a0,0,0,0,0.0,0.0,0.0,0,0,0,0.0,0.0,0.0,0.0
d5dd5f1f,1,10,5,0.1,0.2,15.3,0,0,0,0.7,0.7,0.3,0.3
9fec8860,0,2,1,0.0,0.0,12.7,0,0,0,0.1,0.1,-0.1,-0.1
5c2b4f07,1,6,2,0.17,0.5,13.6,0,0,0,0.6,0.6,0.4,0.4
e5478b87,4,19,8,0.21,0.5,11.9,0,0,0,4.5,4.5,-0.5,-0.5
5dbefa9d,0,1,0,0.0,0.0,4.2,0,0,0,0.1,0.1,-0.1,-0.1
da052c14,1,13,6,0.08,0.17,15.1,0,0,0,1.4,1.4,-0.4,-0.4
420d7c7d,0,11,2,0.0,0.0,15.9,0,0,0,0.9,0.9,-0.9,-0.9
53cad200,0,7,1,0.0,0.0,18.7,0,0,0,0.3,0.3,-0.3,-0.3
06df8256,0,4,1,0.0,0.0,7.8,0,0,0,0.6,0.6,-0.6,-0.6
3a233281,4,38,13,0.11,0.31,17.3,2,0,0,4.5,4.5,-0.5,-0.5
32e8417f,1,4,2,0.25,0.5,22.2,0,0,0,0.6,0.6,0.4,0.4
93feac6e,1,27,12,0.04,0.08,14.3,0,0,1,5.3,4.5,-4.3,-3.5
2886c9b5,0,2,1,0.0,0.0,16.9,0,0,0,0.2,0.2,-0.2,-0.2
3ea50f67,8,49,24,0.16,0.33,16.1,0,0,0,6.3,6.3,1.7,1.7
c91441dc,0,0,0,0.0,0.0,0.0,0,0,0,0.0,0.0,0.0,0.0
30db8574,0,0,0,0.0,0.0,0.0,0,0,0,0.0,0.0,0.0,0.0
4115ce4e,0,5,0,0.0,0.0,12.2,0,0,0,0.3,0.3,-0.3,-0.3
4115ce4e,0,0,0,0.0,0.0,0.0,0,0,0,0.0,0.0,0.0,0.0
50dc94ce,0,2,0,0.0,0.0,10.1,0,0,0,0.1,0.1,-0.1,-0.1
7b4de647,0,0,0,0.0,0.0,0.0,0,0,0,0.0,0.0,0.0,0.0
a39d11bc,0,11,1,0.0,0.0,16.1,0,0,0,0.8,0.8,-0.8,-0.8
5a04fd92,3,41,12,0.02,0.08,22.0,4,2,2,3.9,2.3,-0.9,-1.3
3b8674e6,5,15,9,0.33,0.56,15.8,0,0,0,2.2,2.2,2.8,2.8
505486d6,0,1,0,0.0,0.0,10.7,0,0,0,0.1,0.1,-0.1,-0.1
87966294,0,0,0,0.0,0.0,0.0,0,0,0,0.0,0.0,0.0,0.0
de40e38c,0,0,0,0.0,0.0,0.0,0,0,0,0.0,0.0,0.0,0.0
d328a254,4,21,11,0.19,0.36,19.9,3,0,0,1.7,1.7,2.3,2.3
6c203af0,0,5,0,0.0,0.0,26.2,0,0,0,0.2,0.2,-0.2,-0.2
a4ac4b8f,0,1,0,0.0,0.0,22.1,0,0,0,0.0,0.0,0.0,0.0
ccce7025,0,12,4,0.0,0.0,12.0,0,0,0,1.0,1.0,-1.0,-1.0
79c84d1c,4,52,11,0.06,0.27,16.1,1,1,2,6.7,5.7,-2.7,-2.7
c07b7c5c,0,0,0,0.0,0.0,0.0,0,0,0,0.0,0.0,0.0,0.0
97220da2,1,6,5,0.17,0.2,11.0,0,0,0,0.8,0.8,0.2,0.2
a2081c6b,0,0,0,0.0,0.0,0.0,0,0,0,0.0,0.0,0.0,0.0
7b5ab7f2,0,2,1,0.0,0.0,19.4,0,0,0,0.1,0.1,-0.1,-0.1
66b76d44,4,31,7,0.13,0.57,16.8,1,0,0,3.8,3.8,0.2,0.2
bfc3b3a0,0,4,1,0.0,0.0,18.5,0,0,0,0.2,0.2,-0.2,-0.2
468a7a91,0,1,0,0.0,0.0,22.4,0,0,0,0.0,0.0,0.0,0.0
b2d31e83,0,12,3,0.0,0.0,11.5,0,0,0,1.1,1.1,-1.1,-1.1
85322440,0,0,0,0.0,0.0,0.0,0,0,0,0.0,0.0,0.0,0.0
16264a81,1,15,5,0.07,0.2,23.6,0,0,0,1.0,1.0,0.0,0.0
a8748947,0,11,0,0.0,0.0,20.3,0,0,0,0.6,0.6,-0.6,-0.6
94f8d10c,0,3,1,0.0,0.0,10.6,0,0,0,0.3,0.3,-0.3,-0.3
59e6e5bf,1,16,4,0.06,0.25,10.7,0,0,0,2.9,2.9,-1.9,-1.9
6f711f67,0,2,0,0.0,0.0,11.3,0,0,0,0.1,0.1,-0.1,-0.1
bd6351cd,2,17,3,0.12,0.67,22.7,0,0,0,0.8,0.8,1.2,1.2
4506aec5,0,1,1,0.0,0.0,10.8,0,0,0,0.1,0.1,-0.1,-0.1
1137759d,0,1,0,0.0,0.0,16.1,0,0,0,0.1,0.1,-0.1,-0.1
b4a014b1,0,4,0,0.0,0.0,15.7,0,0,0,0.4,0.4,-0.4,-0.4
966e28d0,2,11,4,0.18,0.5,11.5,0,0,0,1.1,1.1,0.9,0.9
4d224fe8,2,17,5,0.12,0.4,22.5,0,0,0,2.1,2.1,-0.1,-0.1
2389cdc2,0,7,1,0.0,0.0,26.9,0,0,0,0.2,0.2,-0.2,-0.2
197640fd,1,11,3,0.09,0.33,8.8,0,0,0,1.7,1.7,-0.7,-0.7
e28868f3,0,8,1,0.0,0.0,22.1,0,0,0,0.3,0.3,-0.3,-0.3
9cfbad36,0,8,6,0.0,0.0,24.4,0,0,0,0.5,0.5,-0.5,-0.5
422862ea,0,1,1,0.0,0.0,10.1,0,0,0,0.1,0.1,-0.1,-0.1
5515376c,0,5,1,0.0,0.0,11.1,0,0,0,0.4,0.4,-0.4,-0.4
dc6f5bdd,0,1,0,0.0,0.0,29.2,0,0,0,0.0,0.0,0.0,0.0
d2424d1b,1,5,1,0.2,1.0,19.3,0,0,0,0.4,0.4,0.6,0.6
26ce2263,1,17,5,0.06,0.2,14.1,0,0,0,1.6,1.6,-0.6,-0.6
b2f9c73e,0,4,1,0.0,0.0,16.4,0,0,0,0.3,0.3,-0.3,-0.3
73341ace,0,0,0,0.0,0.0,0.0,0,0,0,0.0,0.0,0.0,0.0
0442183b,0,0,0,0.0,0.0,0.0,0,0,0,0.0,0.0,0.0,0.0
2928dca2,1,4,2,0.25,0.5,8.5,0,0,0,0.8,0.8,0.2,0.2
963a9201,0,0,0,0.0,0.0,0.0,0,0,0,0.0,0.0,0.0,0.0
0420d84f,1,4,1,0.25,1.0,17.3,0,0,0,0.3,0.3,0.7,0.7
a8c19eb8,0,1,0,0.0,0.0,13.1,0,0,0,0.0,0.0,0.0,0.0
700783e7,0,1,0,0.0,0.0,8.1,0,0,0,0.2,0.2,-0.2,-0.2
2afc7272,0,5,0,0.0,0.0,28.0,1,0,0,0.2,0.2,-0.2,-0.2
3e5e4e63,0,3,0,0.0,0.0,14.2,0,0,0,0.1,0.1,-0.1,-0.1
dc64b8b3,1,9,2,0.11,0.5,8.9,0,0,0,1.0,1.0,0.0,0.0
beb391dd,0,4,1,0.0,0.0,9.8,0,0,0,0.5,0.5,-0.5,-0.5
a190d597,0,21,7,0.0,0.0,11.7,0,0,0,2.2,2.2,-2.2,-2.2
fdf3cb77,0,5,0,0.0,0.0,24.3,0,0,0,0.3,0.3,-0.3,-0.3
0ef89a37,1,21,8,0.05,0.13,21.6,2,0,0,1.4,1.4,-0.4,-0.4
a5ca9127,0,0,0,0.0,0.0,0.0,0,0,0,0.0,0.0,0.0,0.0
4f974391,0,7,1,0.0,0.0,22.8,3,0,0,0.3,0.3,-0.3,-0.3
1daec722,0,6,0,0.0,0.0,17.7,0,0,0,0.4,0.4,-0.4,-0.4
dc62b55d,0,13,2,0.0,0.0,17.9,0,0,0,0.9,0.9,-0.9,-0.9
ca45605e,3,19,11,0.16,0.27,14.9,0,0,0,2.4,2.4,0.6,0.6
d9565625,0,16,4,0.0,0.0,19.2,0,0,0,1.7,1.7,-1.7,-1.7
215f3907,0,4,3,0.0,0.0,17.3,0,0,0,0.5,0.5,-0.5,-0.5
a816dbfb,0,1,0,0.0,0.0,31.9,0,0,0,0.0,0.0,0.0,0.0
f08490a6,0,0,0,0.0,0.0,0.0,0,0,0,0.0,0.0,0.0,0.0
60344e4f,3,13,5,0.23,0.6,21.3,0,0,0,0.9,0.9,2.1,2.1
44781702,2,11,4,0.18,0.5,16.2,0,0,0,0.9,0.9,1.1,1.1
9228b07c,0,8,1,0.0,0.0,17.3,0,0,0,0.7,0.7,-0.7,-0.7
3e9e06cb,0,6,1,0.0,0.0,15.1,0,0,0,0.5,0.5,-0.5,-0.5
3e9e06cb,1,5,2,0.2,0.5,10.0,0,0,0,0.4,0.4,0.6,0.6
e46012d4,4,55,18,0.07,0.22,23.8,6,0,0,3.9,3.9,0.1,0.1
11f54bd5,0,2,2,0.0,0.0,16.6,0,0,0,0.2,0.2,-0.2,-0.2
5a7301ae,0,1,0,0.0,0.0,23.2,0,0,0,0.0,0.0,0.0,0.0
5a7301ae,0,3,2,0.0,0.0,16.7,0,0,0,0.7,0.7,-0.7,-0.7
2c44a35d,1,11,2,0.09,0.5,14.1,2,0,0,0.9,0.9,0.1,0.1
9d8cf204,0,1,0,0.0,0.0,31.9,0,0,0,0.0,0.0,0.0,0.0
5c74c0f5,2,17,4,0.12,0.5,21.3,0,0,0,1.6,1.6,0.4,0.4
11ff3d56,0,6,0,0.0,0.0,28.4,0,0,0,0.2,0.2,-0.2,-0.2
31c69ef1,0,9,2,0.0,0.0,9.2,0,0,0,1.2,1.2,-1.2,-1.2
4a1a9578,3,16,7,0.19,0.43,13.3,0,0,0,1.7,1.7,1.3,1.3
ac861941,2,15,4,0.13,0.5,12.3,2,0,0,1.1,1.1,0.9,0.9
1b84dbe1,1,7,3,0.14,0.33,20.3,3,0,0,0.3,0.3,0.7,0.7
a712ca2b,1,3,2,0.33,0.5,12.3,0,0,0,0.3,0.3,0.7,0.7
254147d4,0,3,2,0.0,0.0,13.8,0,0,0,0.2,0.2,-0.2,-0.2
733f1a7d,0,0,0,0.0,0.0,0.0,0,0,0,0.0,0.0,0.0,0.0
d557d734,1,10,2,0.1,0.5,12.1,0,0,0,0.8,0.8,0.2,0.2
67ac5bb8,2,21,6,0.1,0.33,13.9,0,0,0,3.3,3.3,-1.3,-1.3
02b29014,0,6,1,0.0,0.0,11.8,0,0,0,0.6,0.6,-0.6,-0.6
ce4f40c7,0,24,5,0.0,0.0,26.1,0,0,0,0.8,0.8,-0.8,-0.8
69fdb896,0,2,0,0.0,0.0,14.7,0,0,0,0.2,0.2,-0.2,-0.2
e0d1510a,0,0,0,0.0,0.0,0.0,0,0,0,0.0,0.0,0.0,0.0
3a949a25,0,0,0,0.0,0.0,0.0,0,0,0,0.0,0.0,0.0,0.0
7314bba4,0,0,0,0.0,0.0,0.0,0,0,0,0.0,0.0,0.0,0.0
282f75f3,0,11,1,0.0,0.0,10.8,0,0,0,0.9,0.9,-0.9,-0.9
414184f7,0,3,1,0.0,0.0,23.4,0,0,0,0.1,0.1,-0.1,-0.1
fa9fa773,0,0,0,0.0,0.0,0.0,0,0,0,0.0,0.0,0.0,0.0
3bb7b8b4,0,0,0,0.0,0.0,0.0,0,0,0,0.0,0.0,0.0,0.0
0562b7f1,3,26,10,0.12,0.3,12.5,0,0,0,2.8,2.8,0.2,0.2
007414dd,0,8,3,0.0,0.0,16.5,0,0,0,0.9,0.9,-0.9,-0.9
2fba6108,0,10,4,0.0,0.0,13.8,0,0,0,0.7,0.7,-0.7,-0.7
c8387671,1,22,7,0.05,0.14,19.5,0,0,0,1.1,1.1,-0.1,-0.1
47a34c4f,0,0,0,0.0,0.0,0.0,0,0,0,0.0,0.0,0.0,0.0
68dc0dac,0,29,7,0.0,0.0,16.3,0,0,0,2.6,2.6,-2.6,-2.6
df8b52a5,2,15,6,0.13,0.33,16.1,0,0,0,1.5,1.5,0.5,0.5
980522ec,1,23,8,0.04,0.13,19.1,3,0,0,2.7,2.7,-1.7,-1.7
d38fdf53,0,9,0,0.0,0.0,21.9,0,0,0,0.3,0.3,-0.3,-0.3
f8fcd2a5,0,1,1,0.0,0.0,3.8,0,0,0,0.2,0.2,-0.2,-0.2
ae4fc6a4,4,40,11,0.1,0.36,22.6,9,0,0,3.2,3.2,0.8,0.8
9328b835,0,0,0,0.0,0.0,0.0,0,0,0,0.0,0.0,0.0,0.0
7f3b388c,0,8,3,0.0,0.0,18.3,0,0,0,0.3,0.3,-0.3,-0.3
9c221d14,0,4,1,0.0,0.0,15.5,0,0,0,0.3,0.3,-0.3,-0.3
51a3c4c8,0,2,1,0.0,0.0,12.4,0,0,0,0.1,0.1,-0.1,-0.1
8aafd64f,1,15,8,0.07,0.13,19.7,2,0,0,1.9,1.9,-0.9,-0.9
4596da74,3,12,7,0.25,0.43,16.2,0,0,0,1.7,1.7,1.3,1.3
507c7bdf,5,50,17,0.08,0.24,21.1,3,1,1,5.1,4.3,-0.1,-0.3
5ff4ab71,0,4,0,0.0,0.0,25.5,0,0,0,0.2,0.2,-0.2,-0.2
6ad43f9a,0,0,0,0.0,0.0,0.0,0,0,0,0.0,0.0,0.0,0.0
4c370d81,7,33,20,0.21,0.35,12.7,0,0,0,4.2,4.2,2.8,2.8
24f59bb2,1,1,1,1.0,1.0,10.9,0,0,0,0.1,0.1,0.9,0.9
ed1e53f3,8,31,16,0.26,0.5,14.6,0,0,0,4.2,4.2,3.8,3.8
e82900ef,0,3,1,0.0,0.0,19.1,0,0,0,0.2,0.2,-0.2,-0.2
132a82f1,0,2,1,0.0,0.0,10.1,0,0,0,0.1,0.1,-0.1,-0.1
132a82f1,0,1,0,0.0,0.0,31.8,0,0,0,0.0,0.0,0.0,0.0
82927de4,1,17,5,0.06,0.2,23.9,0,0,0,0.8,0.8,0.2,0.2
9f1938ab,0,0,0,0.0,0.0,0.0,0,0,0,0.0,0.0,0.0,0.0
c3e39f12,0,0,0,0.0,0.0,0.0,0,0,0,0.0,0.0,0.0,0.0
6722d4f0,0,0,0,0.0,0.0,0.0,0,0,0,0.0,0.0,0.0,0.0
d56543a0,0,6,1,0.0,0.0,16.6,0,0,0,0.3,0.3,-0.3,-0.3
b853e0ad,2,23,5,0.09,0.4,19.7,0,0,0,1.8,1.8,0.2,0.2
c067631c,0,0,0,0.0,0.0,0.0,0,0,0,0.0,0.0,0.0,0.0
98d2c2c4,0,6,1,0.0,0.0,22.3,0,0,0,0.3,0.3,-0.3,-0.3
1971591f,2,15,4,0.13,0.5,12.8,0,0,0,2.9,2.9,-0.9,-0.9
c2731c10,1,14,6,0.07,0.17,19.1,0,0,0,1.1,1.1,-0.1,-0.1
72c812f3,0,3,1,0.0,0.0,27.1,0,0,0,0.1,0.1,-0.1,-0.1
7aa8adfe,2,15,6,0.13,0.33,16.1,0,0,0,1.8,1.8,0.2,0.2
4e015693,0,2,1,0.0,0.0,22.4,0,0,0,0.1,0.1,-0.1,-0.1
7ba6d84e,0,0,0,0.0,0.0,0.0,0,0,0,0.0,0.0,0.0,0.0
01962d0d,0,10,2,0.0,0.0,23.5,1,0,0,0.8,0.8,-0.8,-0.8
f7b1d4e0,0,1,1,0.0,0.0,19.2,0,0,0,0.0,0.0,0.0,0.0
32f60ed8,0,3,1,0.0,0.0,11.5,0,0,0,0.7,0.7,-0.7,-0.7
32f60ed8,2,40,11,0.05,0.18,19.3,3,0,0,3.4,3.4,-1.4,-1.4
df10e27c,0,2,0,0.0,0.0,17.1,0,0,0,0.2,0.2,-0.2,-0.2
75fdd638,2,17,7,0.12,0.29,18.6,0,0,0,1.4,1.4,0.6,0.6
9f7c837d,0,3,0,0.0,0.0,8.1,0,0,0,1.1,1.1,-1.1,-1.1
8b57ad2c,1,2,1,0.5,1.0,18.9,0,0,0,0.2,0.2,0.8,0.8
f0caab96,0,0,0,0.0,0.0,0.0,0,0,0,0.0,0.0,0.0,0.0
7a11550b,0,4,0,0.0,0.0,23.1,0,0,0,0.1,0.1,-0.1,-0.1
01e5f06e,0,4,0,0.0,0.0,19.5,0,0,0,0.3,0.3,-0.3,-0.3
2bd83368,0,3,0,0.0,0.0,17.0,0,0,0,0.3,0.3,-0.3,-0.3
2bd83368,3,26,16,0.12,0.19,16.6,1,0,0,3.3,3.3,-0.3,-0.3
4468ec10,3,38,15,0.05,0.13,20.3,5,1,1,3.8,3.0,-0.8,-1.0
b0b4fd3e,3,25,6,0.12,0.5,14.4,0,0,0,3.1,3.1,-0.1,-0.1
f3354c07,1,11,2,0.09,0.5,24.3,5,0,0,0.6,0.6,0.4,0.4
8aec0537,6,21,10,0.29,0.6,16.0,0,0,0,3.3,3.3,2.7,2.7
ab13a5aa,0,0,0,0.0,0.0,0.0,0,0,0,0.0,0.0,0.0,0.0
e6bc67d7,1,19,6,0.05,0.17,18.4,1,0,0,1.2,1.2,-0.2,-0.2
d0706b27,0,8,4,0.0,0.0,9.5,0,0,0,0.6,0.6,-0.6,-0.6
82518f62,3,14,5,0.21,0.6,22.1,0,0,0,0.9,0.9,2.1,2.1
819b3158,3,38,13,0.08,0.23,18.7,3,0,0,5.0,5.0,-2.0,-2.0
56d838f7,0,1,0,0.0,0.0,17.8,0,0,0,0.1,0.1,-0.1,-0.1
1f44ac21,27,79,39,0.29,0.59,12.2,0,4,4,18.7,15.5,8.3,7.5
da011f18,0,5,2,0.0,0.0,13.3,0,0,0,0.5,0.5,-0.5,-0.5
8c3078cd,0,0,0,0.0,0.0,0.0,0,0,0,0.0,0.0,0.0,0.0
aa849a12,1,21,7,0.05,0.14,19.0,1,0,0,2.8,2.8,-1.8,-1.8
fed7cb61,5,41,17,0.12,0.29,11.7,0,0,0,6.2,6.2,-1.2,-1.2
4fd08daa,0,2,0,0.0,0.0,16.3,0,0,0,0.6,0.6,-0.6,-0.6
169fd162,0,6,3,0.0,0.0,20.3,0,0,0,0.4,0.4,-0.4,-0.4
e5a76dfe,0,0,0,0.0,0.0,0.0,0,0,0,0.0,0.0,0.0,0.0
935e6b8f,0,13,4,0.0,0.0,23.4,0,0,0,0.6,0.6,-0.6,-0.6
76eca7e2,0,0,0,0.0,0.0,0.0,0,0,0,0.0,0.0,0.0,0.0
8a3c1dc7,0,10,2,0.0,0.0,18.8,0,0,0,1.0,1.0,-1.0,-1.0
92e7e919,5,52,26,0.1,0.19,18.8,5,0,0,5.4,5.4,-0.4,-0.4
1780bb4a,0,5,2,0.0,0.0,20.2,0,0,0,0.1,0.1,-0.1,-0.1
bd8a5d95,0,1,0,0.0,0.0,12.7,0,0,0,0.1,0.1,-0.1,-0.1
d79a8c87,0,0,0,0.0,0.0,0.0,0,0,0,0.0,0.0,0.0,0.0
d0042ab9,0,3,0,0.0,0.0,14.0,0,0,0,0.3,0.3,-0.3,-0.3
a0666d3e,0,2,2,0.0,0.0,14.3,0,0,0,0.1,0.1,-0.1,-0.1
bd9553e6,0,0,0,0.0,0.0,0.0,0,0,0,0.0,0.0,0.0,0.0
8b04d6c1,4,26,8,0.15,0.5,21.7,0,0,0,1.6,1.6,2.4,2.4
c92e1a31,3,22,7,0.14,0.43,16.9,0,0,0,3.1,3.1,-0.1,-0.1
07802f7f,2,6,2,0.33,1.0,8.5,0,0,0,2.0,2.0,0.0,0.0
07802f7f,6,25,12,0.16,0.33,15.5,0,2,2,5.3,3.8,0.7,0.2
8e92be30,3,12,8,0.17,0.25,14.3,0,1,1,3.6,2.8,-0.6,-0.8
6ca5ec4b,1,22,7,0.05,0.14,21.4,0,0,0,1.6,1.6,-0.6,-0.6
c931d9f9,0,3,1,0.0,0.0,17.6,0,0,0,0.3,0.3,-0.3,-0.3
c931d9f9,1,10,2,0.1,0.5,13.5,0,0,0,1.3,1.3,-0.3,-0.3
1265a93a,1,11,4,0.09,0.25,22.1,2,0,0,0.9,0.9,0.1,0.1
8449d35e,3,10,5,0.3,0.6,13.5,0,0,0,2.0,2.0,1.0,1.0
172e52d8,0,1,0,0.0,0.0,15.4,0,0,0,0.0,0.0,0.0,0.0
0f134faf,3,14,4,0.21,0.75,23.5,2,0,0,1.3,1.3,1.7,1.7
b66315ae,5,50,20,0.1,0.25,10.9,0,0,0,7.7,7.7,-2.7,-2.7
b561db50,0,13,4,0.0,0.0,14.7,0,0,0,1.7,1.7,-1.7,-1.7
c17bfb65,2,33,12,0.06,0.17,14.6,0,0,0,3.4,3.4,-1.4,-1.4
9319781b,0,1,0,0.0,0.0,25.9,0,0,0,0.0,0.0,0.0,0.0
0cd31129,5,35,16,0.11,0.25,17.0,0,1,2,6.1,4.5,-1.1,-0.5
4fb9c88f,0,4,1,0.0,0.0,17.1,0,0,0,0.2,0.2,-0.2,-0.2
45db685d,0,2,0,0.0,0.0,21.8,0,0,0,0.1,0.1,-0.1,-0.1
45db685d,2,3,1,0.0,0.0,34.1,0,2,2,1.7,0.1,0.3,-0.1
178ae8f8,0,11,2,0.0,0.0,10.1,0,0,0,1.8,1.8,-1.8,-1.8
570bb4b9,0,3,0,0.0,0.0,22.8,1,0,0,0.2,0.2,-0.2,-0.2
fb614c44,0,5,0,0.0,0.0,23.4,0,0,0,0.3,0.3,-0.3,-0.3
0db5d2c8,0,3,1,0.0,0.0,8.5,0,0,0,0.5,0.5,-0.5,-0.5
15f24fe7,0,1,0,0.0,0.0,4.4,0,0,0,0.3,0.3,-0.3,-0.3
cc77354e,0,4,1,0.0,0.0,29.7,0,0,0,0.2,0.2,-0.2,-0.2
21a66f6a,18,86,37,0.19,0.43,15.8,2,2,3,13.5,11.1,4.5,4.9
b9fbae28,0,2,1,0.0,0.0,21.9,0,0,0,0.1,0.1,-0.1,-0.1
c5b7c315,0,0,0,0.0,0.0,0.0,0,0,0,0.0,0.0,0.0,0.0
18b999f4,0,9,2,0.0,0.0,15.2,0,0,0,0.5,0.5,-0.5,-0.5
51dbeea9,0,7,1,0.0,0.0,19.7,0,0,0,0.4,0.4,-0.4,-0.4
f25c8e3a,0,10,0,0.0,0.0,20.6,0,0,0,0.6,0.6,-0.6,-0.6
f31def1e,0,2,0,0.0,0.0,8.7,0,0,0,0.1,0.1,-0.1,-0.1
d0f72bf1,0,9,0,0.0,0.0,8.8,0,0,0,1.0,1.0,-1.0,-1.0
282679b4,0,4,1,0.0,0.0,21.7,0,0,0,0.2,0.2,-0.2,-0.2
ea6bc03a,0,7,1,0.0,0.0,11.4,0,0,0,0.5,0.5,-0.5,-0.5
5ed9b537,0,3,1,0.0,0.0,9.6,0,0,0,0.2,0.2,-0.2,-0.2
0313a347,0,4,0,0.0,0.0,8.0,0,0,0,0.6,0.6,-0.6,-0.6
da974c7b,2,9,4,0.22,0.5,12.5,0,0,0,0.8,0.8,1.2,1.2
8d3c902d,1,5,5,0.2,0.2,17.1,0,0,0,0.3,0.3,0.7,0.7
79c0821a,0,13,0,0.0,0.0,25.5,0,0,0,0.5,0.5,-0.5,-0.5
77cf6852,0,0,0,0.0,0.0,0.0,0,0,0,0.0,0.0,0.0,0.0
df3cda47,2,23,7,0.09,0.29,17.4,0,0,0,1.4,1.4,0.6,0.6
41e7ef1c,0,0,0,0.0,0.0,0.0,0,0,0,0.0,0.0,0.0,0.0
99813635,2,8,5,0.25,0.4,13.3,0,0,0,0.9,0.9,1.1,1.1
f4e433d4,0,5,0,0.0,0.0,20.1,0,0,0,0.2,0.2,-0.2,-0.2
26f6dca8,0,2,0,0.0,0.0,31.0,0,0,0,0.1,0.1,-0.1,-0.1
119b9a8e,0,9,1,0.0,0.0,15.3,0,0,0,0.5,0.5,-0.5,-0.5
cf7fb13a,0,0,0,0.0,0.0,0.0,0,0,0,0.0,0.0,0.0,0.0
450ab6fc,0,1,0,0.0,0.0,8.5,0,0,0,0.1,0.1,-0.1,-0.1
ecad9aa5,1,5,2,0.2,0.5,25.7,0,0,0,0.2,0.2,0.8,0.8
0bdda685,0,0,0,0.0,0.0,0.0,0,0,0,0.0,0.0,0.0,0.0
2b471f99,0,2,0,0.0,0.0,31.2,0,0,0,0.0,0.0,0.0,0.0
4f28a6ff,0,8,0,0.0,0.0,17.9,0,0,0,0.6,0.6,-0.6,-0.6
2628fd2b,0,0,0,0.0,0.0,0.0,0,0,0,0.0,0.0,0.0,0.0
9b5ce51a,3,20,4,0.15,0.75,16.1,0,0,0,1.6,1.6,1.4,1.4
efb9215a,0,0,0,0.0,0.0,0.0,0,0,0,0.0,0.0,0.0,0.0
b57e066e,0,3,1,0.0,0.0,19.8,0,0,0,0.1,0.1,-0.1,-0.1
41f08ac8,0,7,2,0.0,0.0,14.1,0,0,0,0.5,0.5,-0.5,-0.5
f5deef4c,0,0,0,0.0,0.0,0.0,0,0,0,0.0,0.0,0.0,0.0
810e3c74,0,10,2,0.0,0.0,19.3,0,0,0,1.0,1.0,-1.0,-1.0
bba30585,0,6,0,0.0,0.0,12.5,0,0,0,0.7,0.7,-0.7,-0.7
8f62b6ee,0,0,0,0.0,0.0,0.0,0,0,0,0.0,0.0,0.0,0.0
ed9f7cfe,0,10,0,0.0,0.0,20.7,2,0,0,0.7,0.7,-0.7,-0.7
e97fd090,0,9,2,0.0,0.0,18.6,0,0,0,0.8,0.8,-0.8,-0.8
a2b105e0,1,20,6,0.05,0.17,16.1,0,0,0,2.3,2.3,-1.3,-1.3
b2856bc0,0,0,0,0.0,0.0,0.0,0,0,0,0.0,0.0,0.0,0.0
6f7d826d,2,20,6,0.1,0.33,27.2,3,0,0,1.0,1.0,1.0,1.0
c6e8cf1f,0,1,0,0.0,0.0,28.7,0,0,0,0.0,0.0,0.0,0.0
b5bf1770,0,8,3,0.0,0.0,21.4,0,0,0,0.3,0.3,-0.3,-0.3
83d074ff,5,39,16,0.05,0.13,24.1,7,3,3,5.8,3.5,-0.8,-1.5
ee38d9c5,9,51,16,0.18,0.56,20.8,8,0,0,4.0,4.0,5.0,5.0
bf34eebd,0,3,2,0.0,0.0,18.4,0,0,0,0.1,0.1,-0.1,-0.1
d8931174,0,2,0,0.0,0.0,7.2,0,0,0,0.3,0.3,-0.3,-0.3
892d5bb1,5,27,9,0.15,0.44,16.8,3,1,1,4.6,3.9,0.4,0.1
c6220452,0,0,0,0.0,0.0,0.0,0,0,0,0.0,0.0,0.0,0.0
e3a5814e,0,0,0,0.0,0.0,0.0,0,0,0,0.0,0.0,0.0,0.0
6b6c793c,0,3,1,0.0,0.0,20.7,0,0,0,0.2,0.2,-0.2,-0.2
a572e291,0,6,1,0.0,0.0,21.6,0,0,0,0.3,0.3,-0.3,-0.3
758dd7f0,0,0,0,0.0,0.0,0.0,0,0,0,0.0,0.0,0.0,0.0
3544641e,0,14,2,0.0,0.0,15.6,0,0,0,0.8,0.8,-0.8,-0.8
bb5fbd2b,5,50,19,0.1,0.26,16.5,1,0,0,5.1,5.1,-0.1,-0.1
4d960fc3,0,0,0,0.0,0.0,0.0,0,0,0,0.0,0.0,0.0,0.0
59878425,0,0,0,0.0,0.0,0.0,0,0,0,0.0,0.0,0.0,0.0
8b788c01,3,11,5,0.18,0.4,12.9,0,1,1,3.2,2.4,-0.2,-0.4
48a5a5d6,9,55,20,0.16,0.45,16.3,2,0,0,5.7,5.7,3.3,3.3
7956236f,0,0,0,0.0,0.0,0.0,0,0,0,0.0,0.0,0.0,0.0
bac46a10,1,6,1,0.17,1.0,15.0,0,0,0,0.3,0.3,0.7,0.7
feb5d972,0,1,0,0.0,0.0,28.0,0,0,0,0.0,0.0,0.0,0.0
50e6dc35,1,23,6,0.04,0.17,12.5,0,0,0,2.4,2.4,-1.4,-1.4
b217ef29,0,1,1,0.0,0.0,10.5,0,0,0,0.1,0.1,-0.1,-0.1
4bcf39f6,1,22,9,0.05,0.11,14.5,0,0,0,3.0,3.0,-2.0,-2.0
493924a7,0,0,0,0.0,0.0,0.0,0,0,0,0.0,0.0,0.0,0.0
6afaebf2,5,37,17,0.11,0.24,17.6,0,1,1,5.5,4.7,-0.5,-0.7
90f91999,0,23,6,0.0,0.0,24.1,0,0,0,1.3,1.3,-1.3,-1.3
4e5a4cbc,0,2,0,0.0,0.0,8.2,0,0,0,0.1,0.1,-0.1,-0.1
01c3aff5,0,2,0,0.0,0.0,11.5,0,0,0,0.2,0.2,-0.2,-0.2
fc15fb84,2,18,2,0.11,1.0,18.8,1,0,0,1.0,1.0,1.0,1.0
d93c2511,0,7,3,0.0,0.0,14.2,0,0,0,0.8,0.8,-0.8,-0.8
8df7a2fb,3,15,4,0.2,0.75,9.5,0,0,0,1.7,1.7,1.3,1.3
33887998,0,0,0,0.0,0.0,0.0,0,0,0,0.0,0.0,0.0,0.0
1598599e,1,2,1,0.5,1.0,21.1,0,0,0,0.1,0.1,0.9,0.9
fed96827,0,6,2,0.0,0.0,11.8,0,0,0,0.3,0.3,-0.3,-0.3
6b625ac2,0,0,0,0.0,0.0,0.0,0,0,0,0.0,0.0,0.0,0.0
10ec4169,0,0,0,0.0,0.0,0.0,0,0,0,0.0,0.0,0.0,0.0
2ce2508a,0,5,0,0.0,0.0,25.4,1,0,0,0.2,0.2,-0.2,-0.2
2f90f6b8,0,6,1,0.0,0.0,16.2,0,0,0,0.4,0.4,-0.4,-0.4
6d5701f2,1,3,2,0.33,0.5,12.4,0,0,0,0.2,0.2,0.8,0.8
8397a50c,0,1,0,0.0,0.0,19.1,0,0,0,0.0,0.0,0.0,0.0
5cbd1eb0,0,3,1,0.0,0.0,11.3,0,0,0,0.3,0.3,-0.3,-0.3
74618572,5,19,11,0.26,0.45,12.3,0,0,0,2.1,2.1,2.9,2.9
3925dbd6,11,76,24,0.11,0.33,15.1,0,3,6,12.1,7.4,-1.1,0.6
01ce9e70,4,17,6,0.24,0.67,11.0,0,0,0,3.2,3.2,0.8,0.8
c4720845,0,0,0,0.0,0.0,0.0,0,0,0,0.0,0.0,0.0,0.0
16e9d0ea,0,6,1,0.0,0.0,19.1,0,0,0,0.3,0.3,-0.3,-0.3
9674002f,3,32,9,0.09,0.33,19.5,2,0,0,1.9,1.9,1.1,1.1
2b622f01,0,1,0,0.0,0.0,11.9,0,0,0,0.1,0.1,-0.1,-0.1
f5a00fa4,0,13,1,0.0,0.0,19.7,3,0,0,1.0,1.0,-1.0,-1.0
92868cb5,0,0,0,0.0,0.0,0.0,0,0,0,0.0,0.0,0.0,0.0
049a888d,0,3,0,0.0,0.0,18.3,0,0,0,0.4,0.4,-0.4,-0.4
de112b84,1,12,5,0.08,0.2,17.5,0,0,0,0.8,0.8,0.2,0.2
1d5cab82,0,2,1,0.0,0.0,16.7,0,0,0,0.2,0.2,-0.2,-0.2
30d4a2e5,0,8,3,0.0,0.0,22.1,0,0,0,0.4,0.4,-0.4,-0.4
ecada4fc,0,0,0,0.0,0.0,0.0,0,0,0,0.0,0.0,0.0,0.0
6b47c5db,0,5,2,0.0,0.0,23.6,0,0,0,0.2,0.2,-0.2,-0.2
c5bdb6e3,2,3,3,0.67,0.67,9.5,0,0,0,0.6,0.6,1.4,1.4
a9dc785c,0,0,0,0.0,0.0,0.0,0,0,0,0.0,0.0,0.0,0.0
7ba2eaa9,0,11,2,0.0,0.0,20.7,0,0,0,0.7,0.7,-0.7,-0.7
44bfb6c5,5,43,9,0.07,0.33,26.7,8,2,2,3.7,2.2,1.3,0.8
00242715,0,3,2,0.0,0.0,8.5,0,0,0,0.3,0.3,-0.3,-0.3
39769cff,0,7,1,0.0,0.0,14.7,0,0,0,0.4,0.4,-0.4,-0.4
a53649b7,4,39,13,0.1,0.31,11.5,0,0,0,7.2,7.2,-3.2,-3.2
e6af02e0,0,23,6,0.0,0.0,17.8,0,0,0,2.1,2.1,-2.1,-2.1
4d77b365,6,68,28,0.09,0.21,15.5,0,0,0,9.1,9.1,-3.1,-3.1
7f94982c,0,0,0,0.0,0.0,0.0,0,0,0,0.0,0.0,0.0,0.0
df0a4c90,1,13,7,0.08,0.14,12.6,0,0,0,1.1,1.1,-0.1,-0.1
089667a5,1,7,2,0.14,0.5,23.8,0,0,0,0.3,0.3,0.7,0.7
74b2cd7e,0,2,0,0.0,0.0,14.2,0,0,0,0.2,0.2,-0.2,-0.2
c4486bac,2,25,6,0.08,0.33,21.6,2,0,0,1.3,1.3,0.7,0.7
e7ee38c3,0,0,0,0.0,0.0,0.0,0,0,0,0.0,0.0,0.0,0.0
828657ff,1,24,4,0.04,0.25,15.6,0,0,0,2.3,2.3,-1.3,-1.3
6612cd8c,0,0,0,0.0,0.0,0.0,0,0,0,0.0,0.0,0.0,0.0
c06d1086,0,5,3,0.0,0.0,15.5,0,0,0,0.3,0.3,-0.3,-0.3
2944f86f,0,3,1,0.0,0.0,10.9,0,0,0,0.4,0.4,-0.4,-0.4
ee950928,0,0,0,0.0,0.0,0.0,0,0,0,0.0,0.0,0.0,0.0
2f9e4435,0,11,2,0.0,0.0,12.3,0,0,0,1.0,1.0,-1.0,-1.0
38c7feef,1,7,3,0.14,0.33,16.3,0,0,0,1.3,1.3,-0.3,-0.3
d00d45ab,0,0,0,0.0,0.0,0.0,0,0,0,0.0,0.0,0.0,0.0
a78ff07f,3,30,8,0.1,0.38,17.3,0,0,0,2.2,2.2,0.8,0.8
dc7f8a28,0,2,0,0.0,0.0,13.8,0,0,0,0.1,0.1,-0.1,-0.1
e0bc6fdc,1,7,3,0.14,0.33,14.4,0,0,0,0.5,0.5,0.5,0.5
9b6f7fd5,2,34,8,0.03,0.13,19.3,0,1,1,3.1,2.3,-1.1,-1.3
529f49ab,2,22,3,0.09,0.67,20.7,0,0,0,1.6,1.6,0.4,0.4
230f0471,0,8,1,0.0,0.0,18.2,0,0,0,0.5,0.5,-0.5,-0.5
a6b461e7,0,2,1,0.0,0.0,25.2,0,0,0,0.0,0.0,0.0,0.0
ac7e7b1c,0,0,0,0.0,0.0,0.0,0,0,0,0.0,0.0,0.0,0.0
6639e500,2,33,13,0.03,0.08,22.8,10,1,1,3.6,2.9,-1.6,-1.9
75a72a99,0,0,0,0.0,0.0,0.0,0,0,0,0.0,0.0,0.0,0.0
819aa8e7,0,8,2,0.0,0.0,15.9,0,0,0,1.1,1.1,-1.1,-1.1
6fe90922,0,15,3,0.0,0.0,13.5,1,0,0,1.7,1.7,-1.7,-1.7
6dfd8f05,2,24,4,0.08,0.5,21.8,0,0,0,1.1,1.1,0.9,0.9
53552942,0,0,0,0.0,0.0,0.0,0,0,0,0.0,0.0,0.0,0.0
4f565d77,0,2,0,0.0,0.0,22.0,0,0,0,0.1,0.1,-0.1,-0.1
515ebe8d,0,1,0,0.0,0.0,10.8,0,0,0,0.0,0.0,0.0,0.0
4806ec67,0,0,0,0.0,0.0,0.0,0,0,0,0.0,0.0,0.0,0.0
e541326e,0,7,3,0.0,0.0,8.6,0,0,0,1.0,1.0,-1.0,-1.0
7fcc71d8,5,33,13,0.15,0.38,16.7,0,0,0,3.1,3.1,1.9,1.9
4b40d9ca,0,0,0,0.0,0.0,0.0,0,0,0,0.0,0.0,0.0,0.0
27d0a506,0,0,0,0.0,0.0,0.0,0,0,0,0.0,0.0,0.0,0.0
86695068,1,3,1,0.33,1.0,14.8,0,0,0,0.6,0.6,0.4,0.4
b9403c99,0,0,0,0.0,0.0,0.0,0,0,0,0.0,0.0,0.0,0.0
1bf33a9a,1,15,4,0.07,0.25,16.8,0,0,0,1.3,1.3,-0.3,-0.3
466fb2c5,0,0,0,0.0,0.0,0.0,0,0,0,0.0,0.0,0.0,0.0
1544f145,2,13,7,0.15,0.29,19.6,0,0,0,1.4,1.4,0.6,0.6
a1d5bd30,14,66,30,0.21,0.47,15.7,4,0,0,9.7,9.7,4.3,4.3
98ea5115,0,0,0,0.0,0.0,0.0,0,0,0,0.0,0.0,0.0,0.0
28b40c9c,1,3,2,0.33,0.5,9.8,0,0,0,0.3,0.3,0.7,0.7
ab651565,0,0,0,0.0,0.0,0.0,0,0,0,0.0,0.0,0.0,0.0
803ae100,2,16,4,0.13,0.5,20.5,0,0,0,1.3,1.3,0.7,0.7
0f7533cd,4,26,9,0.15,0.44,13.3,0,0,0,3.6,3.6,0.4,0.4
1c7012b8,2,26,5,0.08,0.4,24.8,0,0,1,1.8,1.0,0.2,1.0
0a3d6d2b,0,4,0,0.0,0.0,9.1,0,0,0,0.7,0.7,-0.7,-0.7
fa031b34,0,18,7,0.0,0.0,13.9,0,0,0,2.1,2.1,-2.1,-2.1
7a1f2c08,0,0,0,0.0,0.0,0.0,0,0,0,0.0,0.0,0.0,0.0
71ef519e,0,0,0,0.0,0.0,0.0,0,0,0,0.0,0.0,0.0,0.0
2e4f5f03,0,9,1,0.0,0.0,14.5,0,0,0,1.0,1.0,-1.0,-1.0
289601e6,0,1,0,0.0,0.0,27.8,0,0,0,0.0,0.0,0.0,0.0
da27e268,1,16,6,0.06,0.17,21.8,1,0,0,0.9,0.9,0.1,0.1
17acc2ed,0,0,0,0.0,0.0,0.0,0,0,0,0.0,0.0,0.0,0.0
6434f10d,2,39,10,0.05,0.2,17.2,0,0,0,3.7,3.7,-1.7,-1.7
1fb1c435,10,52,19,0.17,0.47,16.4,2,1,1,6.5,5.7,3.5,3.3
57c94db2,0,3,0,0.0,0.0,14.8,0,0,0,0.3,0.3,-0.3,-0.3
a3d94a58,0,7,2,0.0,0.0,14.6,0,0,0,0.7,0.7,-0.7,-0.7
4b511457,0,0,0,0.0,0.0,0.0,0,0,0,0.0,0.0,0.0,0.0
dea698d9,1,25,6,0.04,0.17,17.7,1,0,0,1.9,1.9,-0.9,-0.9
1b804500,0,0,0,0.0,0.0,0.0,0,0,0,0.0,0.0,0.0,0.0
b318a643,0,4,1,0.0,0.0,19.3,0,0,0,0.8,0.8,-0.8,-0.8
10a10454,0,1,1,0.0,0.0,29.6,1,0,0,0.0,0.0,0.0,0.0
c64c01fc,0,1,0,0.0,0.0,21.7,0,0,0,0.0,0.0,0.0,0.0
903b6e8b,0,0,0,0.0,0.0,0.0,0,0,0,0.0,0.0,0.0,0.0
e280527c,0,3,1,0.0,0.0,22.1,0,0,0,0.2,0.2,-0.2,-0.2
2b16cb1a,1,20,7,0.05,0.14,17.1,0,0,0,1.2,1.2,-0.2,-0.2
bc7dc64d,9,57,17,0.12,0.41,16.3,0,2,2,7.6,6.2,1.4,0.8
e342ad68,8,73,29,0.11,0.28,15.0,2,0,0,10.4,10.4,-2.4,-2.4
972aeb2a,2,5,3,0.4,0.67,10.4,0,0,0,0.9,0.9,1.1,1.1
0b33f6ad,0,16,4,0.0,0.0,12.1,0,0,0,1.4,1.4,-1.4,-1.4
1b4f1169,0,0,0,0.0,0.0,0.0,0,0,0,0.0,0.0,0.0,0.0
1b4f1169,0,0,0,0.0,0.0,0.0,0,0,0,0.0,0.0,0.0,0.0
da7b447d,0,4,2,0.0,0.0,13.0,0,0,0,0.3,0.3,-0.3,-0.3
6a713852,0,0,0,0.0,0.0,0.0,0,0,0,0.0,0.0,0.0,0.0
dbf053da,4,11,6,0.36,0.67,14.4,0,0,0,2.5,2.5,1.5,1.5
6e7f1353,0,0,0,0.0,0.0,0.0,0,0,0,0.0,0.0,0.0,0.0
9744ff80,1,9,3,0.11,0.33,12.8,0,0,0,1.0,1.0,0.0,0.0
ac0d576d,0,5,2,0.0,0.0,20.5,0,0,0,0.3,0.3,-0.3,-0.3
8790f988,3,30,10,0.1,0.3,18.7,1,0,0,2.5,2.5,0.5,0.5
2964fd20,0,6,1,0.0,0.0,25.6,0,0,0,0.2,0.2,-0.2,-0.2
52afb588,0,2,0,0.0,0.0,12.8,0,0,0,0.2,0.2,-0.2,-0.2
c8aa95da,1,35,9,0.03,0.11,14.3,2,0,0,3.0,3.0,-2.0,-2.0
3312f911,1,18,6,0.06,0.17,17.8,0,0,0,1.5,1.5,-0.5,-0.5
d04b94db,0,3,0,0.0,0.0,23.8,0,0,0,0.1,0.1,-0.1,-0.1
efd2ec23,0,1,0,0.0,0.0,18.6,0,0,0,0.2,0.2,-0.2,-0.2
35141f4c,1,3,1,0.33,1.0,5.3,0,0,0,1.0,1.0,0.0,0.0
6aa3e78b,2,18,6,0.11,0.33,14.6,0,0,0,1.6,1.6,0.4,0.4
9c94165b,1,9,4,0.11,0.25,18.7,1,0,0,0.7,0.7,0.3,0.3
3727dd3c,0,0,0,0.0,0.0,0.0,0,0,0,0.0,0.0,0.0,0.0
3727dd3c,0,0,0,0.0,0.0,0.0,0,0,0,0.0,0.0,0.0,0.0
3eb22ec9,3,20,6,0.15,0.5,18.5,0,0,0,1.5,1.5,1.5,1.5
86e7deaf,0,10,1,0.0,0.0,11.9,0,0,0,1.0,1.0,-1.0,-1.0
26d3b5be,0,2,0,0.0,0.0,14.4,0,0,0,0.2,0.2,-0.2,-0.2
8e16dd48,2,13,5,0.15,0.4,17.3,0,0,0,1.8,1.8,0.2,0.2
6250083a,1,3,2,0.33,0.5,19.4,0,0,0,0.2,0.2,0.8,0.8
20b104bc,0,4,1,0.0,0.0,14.0,0,0,0,0.5,0.5,-0.5,-0.5
17695062,0,2,1,0.0,0.0,17.5,0,0,0,0.1,0.1,-0.1,-0.1
839c14e1,0,0,0,0.0,0.0,0.0,0,0,0,0.0,0.0,0.0,0.0
839c14e1,0,0,0,0.0,0.0,0.0,0,0,0,0.0,0.0,0.0,0.0
e77dc3b2,3,42,16,0.07,0.19,13.9,0,0,0,4.0,4.0,-1.0,-1.0
886f9aac,3,4,4,0.75,0.75,18.8,0,0,0,0.4,0.4,2.6,2.6
6613c819,1,21,6,0.05,0.17,11.1,0,0,0,2.8,2.8,-1.8,-1.8
ae59b359,0,1,0,0.0,0.0,28.0,0,0,0,0.0,0.0,0.0,0.0
0a6cb1b1,0,2,0,0.0,0.0,10.6,0,0,0,0.1,0.1,-0.1,-0.1
21166ff4,0,0,0,0.0,0.0,0.0,0,0,0,0.0,0.0,0.0,0.0
9bc9a519,0,1,0,0.0,0.0,8.9,0,0,0,0.1,0.1,-0.1,-0.1
558807c0,0,1,0,0.0,0.0,16.0,0,0,0,0.1,0.1,-0.1,-0.1
6992791d,0,1,0,0.0,0.0,24.5,0,0,0,0.0,0.0,0.0,0.0
b2626673,0,2,0,0.0,0.0,13.9,0,0,0,0.3,0.3,-0.3,-0.3
6adbc307,0,0,0,0.0,0.0,0.0,0,0,0,0.0,0.0,0.0,0.0
6adbc307,0,0,0,0.0,0.0,0.0,0,0,0,0.0,0.0,0.0,0.0
b400bde0,4,26,11,0.15,0.36,12.1,0,0,0,4.4,4.4,-0.4,-0.4
5eecec3d,0,7,1,0.0,0.0,13.0,0,0,0,0.6,0.6,-0.6,-0.6
f4d296e4,2,13,6,0.15,0.33,12.3,0,0,0,1.2,1.2,0.8,0.8
a62f8bf1,0,9,2,0.0,0.0,21.3,0,0,0,0.5,0.5,-0.5,-0.5
df04eb4b,4,20,8,0.2,0.5,15.1,0,0,0,2.2,2.2,1.8,1.8
b017b770,1,9,2,0.11,0.5,11.6,0,0,0,1.8,1.8,-0.8,-0.8
e9971f2d,0,0,0,0.0,0.0,0.0,0,0,0,0.0,0.0,0.0,0.0
e514ab62,0,1,0,0.0,0.0,25.8,0,0,0,0.0,0.0,0.0,0.0
15ea812b,1,20,7,0.05,0.14,8.8,0,0,0,1.9,1.9,-0.9,-0.9
5c0da4a4,3,27,10,0.11,0.3,16.8,2,0,0,2.5,2.5,0.5,0.5
7120a04d,1,8,1,0.13,1.0,19.6,0,0,0,1.0,1.0,0.0,0.0
77d7c96f,0,9,3,0.0,0.0,19.3,0,0,0,0.4,0.4,-0.4,-0.4
fc027d02,0,2,0,0.0,0.0,11.5,0,0,0,0.1,0.1,-0.1,-0.1
56f7a928,3,22,7,0.09,0.29,27.6,1,1,2,2.3,0.7,0.7,1.3
fce2302c,0,5,2,0.0,0.0,25.2,0,0,0,0.3,0.3,-0.3,-0.3
a105d46a,0,4,1,0.0,0.0,17.3,0,0,0,0.2,0.2,-0.2,-0.2
b3af9be1,0,2,0,0.0,0.0,12.4,0,0,0,0.2,0.2,-0.2,-0.2
e7ca0439,1,2,1,0.5,1.0,14.2,0,0,0,0.9,0.9,0.1,0.1
e09f279b,14,58,22,0.17,0.45,15.0,5,4,4,12.4,9.3,1.6,0.7
9a28eba4,1,14,4,0.07,0.25,14.8,0,0,0,1.1,1.1,-0.1,-0.1
999ceb5f,0,3,0,0.0,0.0,29.3,0,0,0,0.1,0.1,-0.1,-0.1
fe558029,0,0,0,0.0,0.0,0.0,0,0,0,0.0,0.0,0.0,0.0
21512407,1,8,2,0.13,0.5,28.1,8,0,0,0.5,0.5,0.5,0.5
38ceb24a,1,6,2,0.17,0.5,16.3,0,0,0,0.9,0.9,0.1,0.1
38ceb24a,7,38,17,0.18,0.41,15.0,0,0,0,4.4,4.4,2.6,2.6
f315ca93,0,7,2,0.0,0.0,15.5,0,0,0,0.6,0.6,-0.6,-0.6
dd549382,0,13,4,0.0,0.0,10.5,0,0,0,1.9,1.9,-1.9,-1.9
531a4aa8,0,0,0,0.0,0.0,0.0,0,0,0,0.0,0.0,0.0,0.0
e06683ca,2,18,5,0.11,0.4,12.6,0,0,0,1.1,1.1,0.9,0.9
9f8e9423,0,5,2,0.0,0.0,9.4,0,0,0,0.4,0.4,-0.4,-0.4
45963054,1,16,7,0.06,0.14,12.5,0,0,0,2.5,2.5,-1.5,-1.5
dad4b285,0,6,1,0.0,0.0,14.9,0,0,0,0.7,0.7,-0.7,-0.7
6412cc03,1,7,2,0.14,0.5,21.7,0,0,0,0.3,0.3,0.7,0.7
08eb3b58,0,0,0,0.0,0.0,0.0,0,0,0,0.0,0.0,0.0,0.0
b937e490,0,0,0,0.0,0.0,0.0,0,0,0,0.0,0.0,0.0,0.0
8b529245,1,10,6,0.1,0.17,11.5,0,0,0,1.3,1.3,-0.3,-0.3
1ecb65be,0,4,1,0.0,0.0,21.6,0,0,0,0.2,0.2,-0.2,-0.2
86dd77d1,0,3,1,0.0,0.0,24.7,0,0,0,0.4,0.4,-0.4,-0.4
984a5a64,1,6,2,0.17,0.5,15.6,0,0,0,0.7,0.7,0.3,0.3
9e525177,0,1,0,0.0,0.0,25.9,0,0,0,0.0,0.0,0.0,0.0
d3ce0e89,0,0,0,0.0,0.0,0.0,0,0,0,0.0,0.0,0.0,0.0
8a7ff278,0,1,0,0.0,0.0,16.3,0,0,0,0.0,0.0,0.0,0.0
3515d404,6,26,11,0.23,0.55,25.9,10,0,1,2.8,1.8,3.2,4.2
aed3a70f,8,48,25,0.15,0.28,12.2,0,1,1,8.2,7.4,-0.2,-0.4
c40b6180,0,15,1,0.0,0.0,11.3,0,0,0,1.6,1.6,-1.6,-1.6
c4e87b8b,0,7,2,0.0,0.0,13.0,0,0,0,1.1,1.1,-1.1,-1.1
ce5143da,1,32,12,0.03,0.08,12.9,0,0,0,4.9,4.9,-3.9,-3.9
35e413f1,0,6,0,0.0,0.0,21.1,0,0,0,0.3,0.3,-0.3,-0.3
4d90ce8c,0,0,0,0.0,0.0,0.0,0,0,0,0.0,0.0,0.0,0.0
dd323728,0,21,5,0.0,0.0,22.0,2,0,0,1.0,1.0,-1.0,-1.0
8b9ebd03,3,24,11,0.13,0.27,16.4,0,0,0,2.5,2.5,0.5,0.5
a3b03921,2,32,9,0.06,0.22,17.6,0,0,0,3.3,3.3,-1.3,-1.3
c596fcb0,7,42,18,0.14,0.33,12.3,0,1,1,8.3,7.5,-1.3,-1.5
c6dc9ecd,0,8,1,0.0,0.0,15.1,0,0,0,1.1,1.1,-1.1,-1.1
2500cef9,4,21,8,0.19,0.5,14.5,0,0,0,3.3,3.3,0.7,0.7
4b803b3c,0,7,1,0.0,0.0,14.5,1,0,0,0.6,0.6,-0.6,-0.6
4e9a0555,2,8,3,0.13,0.33,14.7,0,1,1,1.8,1.0,0.2,0.0
4e9a0555,1,2,1,0.5,1.0,7.4,0,0,0,0.9,0.9,0.1,0.1
a5212312,0,4,0,0.0,0.0,15.1,0,0,0,0.2,0.2,-0.2,-0.2
e61b8aee,3,26,5,0.12,0.6,19.1,3,0,0,2.2,2.2,0.8,0.8
c1fe2a48,0,25,5,0.0,0.0,16.9,0,0,0,2.2,2.2,-2.2,-2.2
be927d03,1,8,2,0.13,0.5,27.2,0,0,0,0.2,0.2,0.8,0.8
b2bc3b1f,6,39,16,0.15,0.38,17.6,0,0,2,5.1,3.3,0.9,2.7
384d58d9,0,2,0,0.0,0.0,16.9,0,0,0,0.2,0.2,-0.2,-0.2
e8271ad9,0,4,0,0.0,0.0,12.9,0,0,0,0.4,0.4,-0.4,-0.4
51cf8561,1,19,6,0.05,0.17,22.2,0,0,0,1.1,1.1,-0.1,-0.1
6622454d,0,13,2,0.0,0.0,20.9,0,0,0,0.6,0.6,-0.6,-0.6
ce4246f5,1,11,3,0.09,0.33,10.8,0,0,0,1.1,1.1,-0.1,-0.1
79300479,8,57,16,0.14,0.5,19.2,6,0,0,6.1,6.1,1.9,1.9
