id,Player,Nation,Pos,Squad,Age,Born,90s,GA,PKA,FK,CK,OG,PSxG,PSxG/SoT,PSxG+/-,/90,Cmp,Att,Cmp%,Att.1,Thr,Launch%,AvgLen,Att.2,Launch%.1,AvgLen.1,Opp,Stp,Stp%,#OPA,#OPA/90,AvgDist,Matches
be6faae0,Álvaro Aceves,es ESP,GK,Valladolid,19-218,2003,0.1,0,0,0,0,0,0.1,0.04,+0.1,+0.91,1,2,50.0,7,3,28.6,26.0,1,0.0,24.0,1,0,0.0,2,13.85,33.0,Matches
a2c1a8d3,Julen Agirrezabala,es ESP,GK,Athletic Club,22-065,2000,1.5,1,0,0,0,0,2.5,0.42,+1.5,+1.03,7,20,35.0,43,6,23.3,29.3,13,76.9,58.1,18,1,5.6,2,1.33,24.0,Matches
9f0ea33f,Sergio Asenjo,es ESP,GK,Valladolid,33-246,1989,6.0,10,0,0,0,0,8.0,0.51,-2.0,-0.33,32,91,35.2,149,23,34.2,34.5,58,69.0,51.8,85,2,2.4,13,2.17,18.1,Matches
e4346678,Édgar Badía,es ESP,GK,Elche,31-017,1992,23.0,48,7,0,4,1,55.3,0.33,+8.3,+0.36,133,297,44.8,469,102,40.1,36.2,179,60.9,45.0,339,17,5.0,5,0.22,10.6,Matches
f6798fc3,Yassine Bounou,ma MAR,GK,Sevilla,31-330,1991,20.5,30,2,0,3,2,31.0,0.32,+3.0,+0.15,91,255,35.7,667,78,28.2,31.3,138,48.6,41.0,270,18,6.7,35,1.71,18.0,Matches
10072610,Claudio Bravo,cl CHI,GK,Betis,39-322,1983,5.0,5,1,0,0,0,4.6,0.25,-0.4,-0.08,25,81,30.9,111,18,45.9,37.3,39,76.9,53.9,79,1,1.3,4,0.80,14.5,Matches
688b96e3,Juan Carlos,es ESP,GK,Girona,35-040,1988,10.0,18,2,2,1,0,16.7,0.35,-1.3,-0.13,23,64,35.9,278,51,17.6,28.7,62,24.2,30.3,120,6,5.0,21,2.10,16.9,Matches
1840e36d,Thibaut Courtois,be BEL,GK,Real Madrid,30-294,1992,17.0,15,4,0,1,0,14.0,0.18,-1.0,-0.06,52,128,40.6,528,103,19.7,28.2,79,30.4,33.5,199,19,9.5,21,1.24,14.7,Matches
fc70e345,Stole Dimitrievski,mk MKD,GK,Rayo Vallecano,29-066,1993,22.0,22,3,0,3,2,24.7,0.28,+4.7,+0.21,84,308,27.3,486,122,43.4,38.3,176,55.1,45.0,309,17,5.5,33,1.50,16.3,Matches
ac295d9e,Marko Dmitrović,rs SRB,GK,Sevilla,31-036,1992,2.5,3,0,0,0,0,2.6,0.20,-0.4,-0.17,15,40,37.5,81,13,37.0,37.4,18,55.6,51.0,35,6,17.1,3,1.20,11.1,Matches
a01c3d54,Aitor Fernández,es ESP,GK,Osasuna,31-302,1991,12.0,10,0,0,0,0,11.7,0.27,+1.7,+0.14,103,246,41.9,357,63,50.7,41.0,94,69.1,51.5,176,10,5.7,19,1.58,14.7,Matches
f127d782,Álvaro Fernández,es ESP,GK,Espanyol,24-322,1998,11.0,18,0,0,4,1,15.2,0.31,-1.8,-0.16,105,221,47.5,253,37,55.7,42.5,103,77.7,54.8,153,5,3.3,15,1.36,16.3,Matches
dabb2827,Fernando,es ESP,GK,Almería,32-264,1990,22.0,38,2,1,2,1,40.0,0.30,+3.0,+0.14,109,325,33.5,616,125,37.2,36.5,192,50.0,42.1,348,20,5.7,17,0.77,13.7,Matches
63d17038,Paulo Gazzaniga,ar ARG,GK,Girona,31-058,1992,13.0,17,1,0,2,0,20.7,0.34,+3.7,+0.29,78,187,41.7,372,67,31.5,32.8,119,58.8,47.1,233,18,7.7,18,1.38,15.4,Matches
3f034750,Ivo Grbić,hr CRO,GK,Atlético Madrid,27-042,1996,2.3,2,1,0,1,0,2.7,0.19,+0.7,+0.31,12,55,21.8,64,8,51.6,40.3,23,95.7,67.0,43,7,16.3,0,0.00,5.5,Matches
a4995f48,Sergio Herrera,es ESP,GK,Osasuna,29-269,1993,11.0,13,1,1,2,0,11.2,0.24,-1.8,-0.17,98,232,42.2,308,34,58.1,43.9,86,61.6,48.1,134,6,4.5,15,1.36,18.6,Matches
0107757e,Filip Jörgensen,dk DEN,GK,Villarreal,20-319,2002,1.0,1,0,0,0,0,0.7,0.25,-0.3,-0.26,0,4,0.0,28,5,14.3,23.3,7,0.0,13.3,13,1,7.7,0,0.00,8.7,Matches
2fa2a875,Benjamin Lecomte,fr FRA,GK,Espanyol,31-309,1991,10.0,14,0,0,2,1,10.4,0.26,-2.6,-0.26,72,160,45.0,192,25,57.3,43.1,80,62.5,47.0,146,4,2.7,11,1.10,15.3,Matches
6c4776b1,Jeremías Ledesma,ar ARG,GK,Cádiz,30-016,1993,23.0,35,5,1,4,0,31.2,0.20,-3.8,-0.17,155,511,30.3,561,97,59.4,45.1,200,89.0,64.3,403,28,6.9,11,0.48,9.7,Matches
73683fa9,Diego López,es ESP,GK,Rayo Vallecano,41-118,1981,1.0,3,0,0,2,0,1.0,0.26,-2.0,-1.95,2,8,25.0,21,5,28.6,30.3,8,25.0,35.3,12,0,0.0,2,2.00,17.0,Matches
3061e1ec,Andriy Lunin,ua UKR,GK,Real Madrid,24-018,1999,6.0,3,0,0,0,1,2.9,0.22,+0.9,+0.15,13,24,54.2,163,32,8.0,22.9,29,37.9,37.8,46,1,2.2,8,1.33,20.8,Matches
d4b73232,Giorgi Mamardashvili,ge GEO,GK,Valencia,22-153,2000,23.0,27,2,0,4,2,26.7,0.26,+1.7,+0.08,92,262,35.1,562,100,33.6,32.2,132,55.3,44.6,283,19,6.7,26,1.13,15.7,Matches
853b7c48,Agustín Marchesín,ar ARG,GK,Celta Vigo,34-350,1988,19.0,29,2,1,4,1,20.7,0.24,-7.3,-0.38,103,267,38.6,500,75,39.8,35.3,131,51.9,42.9,253,14,5.5,25,1.32,18.1,Matches
8fae77ea,Jordi Masip,es ESP,GK,Valladolid,34-057,1989,16.9,23,3,0,0,0,28.7,0.28,+5.7,+0.34,76,228,33.3,470,82,31.5,34.2,151,53.0,42.6,257,10,3.9,8,0.47,13.3,Matches
ee8508c0,Jan Oblak,si SVN,GK,Atlético Madrid,30-053,1993,20.7,16,1,1,1,0,17.8,0.27,+1.8,+0.09,89,292,30.5,436,84,41.1,35.9,173,65.3,48.6,276,15,5.4,16,0.77,16.6,Matches
97852360,Fernando Pacheco,es ESP,GK,Espanyol,30-287,1992,2.0,1,0,0,0,0,1.5,0.16,+0.5,+0.23,20,52,38.5,62,11,53.2,39.8,22,86.4,58.4,40,0,0.0,1,0.50,13.7,Matches
97852360,Fernando Pacheco,es ESP,GK,Almería,30-287,1992,1.0,2,0,0,1,0,1.6,0.32,-0.4,-0.42,3,12,25.0,26,8,42.3,40.2,4,25.0,36.0,16,1,6.3,2,2.00,14.5,Matches
58ad9383,Predrag Rajković,rs SRB,GK,Mallorca,27-121,1995,23.0,24,5,0,2,0,25.3,0.25,+1.3,+0.06,190,453,41.9,569,90,55.4,42.2,213,64.8,48.5,372,14,3.8,16,0.70,12.8,Matches
e358587b,Pepe Reina,es ESP,GK,Villarreal,40-182,1982,8.0,12,3,0,1,0,13.1,0.29,+1.1,+0.13,20,65,30.8,263,28,18.6,27.1,38,42.1,36.4,111,4,3.6,7,0.88,17.5,Matches
374ee424,Álex Remiro,es ESP,GK,Real Sociedad,27-342,1995,23.0,23,0,1,2,2,19.4,0.22,-1.6,-0.07,155,359,43.2,682,86,39.0,35.6,143,65.0,52.3,298,7,2.3,24,1.04,15.7,Matches
625c144a,Gerónimo Rulli,ar ARG,GK,Villarreal,30-285,1992,14.0,10,0,0,1,0,12.5,0.23,+2.5,+0.18,50,119,42.0,451,70,19.3,28.8,92,34.8,37.9,215,20,9.3,21,1.50,15.5,Matches
ea83bfa6,Rui Silva,pt POR,GK,Betis,29-022,1994,18.0,20,1,1,4,0,20.9,0.29,+0.9,+0.05,112,296,37.8,474,70,40.9,35.8,155,65.8,48.9,249,13,5.2,28,1.56,16.9,Matches
5dcf3e90,Unai Simón,es ESP,GK,Athletic Club,25-263,1997,21.5,25,1,0,0,2,21.0,0.28,-2.0,-0.09,85,228,37.3,511,115,29.7,33.0,130,58.5,46.5,261,13,5.0,31,1.44,18.7,Matches
8f8c6934,David Soria,es ESP,GK,Getafe,29-331,1993,23.0,30,2,0,4,2,27.2,0.22,-0.8,-0.04,224,483,46.4,468,73,68.2,46.6,191,85.9,56.5,366,19,5.2,30,1.30,14.9,Matches
6f51e382,Marc-André ter Stegen,de GER,GK,Barcelona,30-305,1992,23.0,8,2,0,1,1,12.2,0.20,+5.2,+0.23,89,195,45.6,749,99,20.3,28.2,118,36.4,36.5,228,9,3.9,21,0.91,15.8,Matches
cde52ef5,Iván Villar,es ESP,GK,Celta Vigo,25-235,1997,4.0,5,1,0,1,0,4.7,0.26,-0.3,-0.06,21,62,33.9,95,19,46.3,36.9,24,75.0,51.7,43,1,2.3,3,0.75,15.5,Matches
