id,Att,Live,Dead,FK,TB,Sw,Crs,TI,CK,In,Out,Str,Cmp,Off,Blocks
5f09991f,74.0,66.0,8.0,1.0,0.0,0.0,4,6.0,1.0,0.0,1.0,0.0,62.0,0.0,1.0
0e46fa2f,23.0,20.0,3.0,0.0,0.0,0.0,2,0.0,0.0,0.0,0.0,0.0,18.0,0.0,1.0
8bc373ea,213.0,203.0,10.0,8.0,0.0,1.0,0,1.0,0.0,0.0,0.0,0.0,168.0,0.0,1.0
f586779e,106.0,97.0,9.0,0.0,0.0,3.0,1,1.0,0.0,0.0,0.0,0.0,75.0,0.0,5.0
47aaf574,74.0,59.0,15.0,0.0,0.0,0.0,0,0.0,0.0,0.0,0.0,0.0,58.0,0.0,2.0
81442ecb,103.0,80.0,23.0,2.0,0.0,0.0,9,18.0,3.0,0.0,3.0,0.0,80.0,0.0,1.0
82e12fe7,10.0,10.0,0.0,0.0,0.0,0.0,0,0.0,0.0,0.0,0.0,0.0,6.0,0.0,0.0
65d62814,83.0,63.0,19.0,6.0,0.0,0.0,0,0.0,0.0,0.0,0.0,0.0,67.0,1.0,0.0
4dcec659,110.0,101.0,9.0,1.0,1.0,0.0,10,7.0,1.0,0.0,0.0,0.0,81.0,0.0,2.0
dcfb17f4,50.0,44.0,6.0,0.0,0.0,0.0,4,1.0,5.0,1.0,1.0,1.0,38.0,0.0,1.0
4b00cd47,232.0,225.0,6.0,5.0,0.0,0.0,0,1.0,0.0,0.0,0.0,0.0,173.0,1.0,1.0
3dd738a1,86.0,71.0,13.0,2.0,0.0,1.0,5,11.0,0.0,0.0,0.0,0.0,75.0,2.0,2.0
9c4f39b3,77.0,70.0,7.0,1.0,0.0,1.0,5,3.0,0.0,0.0,0.0,0.0,55.0,0.0,2.0
2b1c4abd,41.0,38.0,3.0,0.0,0.0,0.0,1,0.0,0.0,0.0,0.0,0.0,30.0,0.0,1.0
b625b241,21.0,20.0,0.0,0.0,0.0,0.0,2,0.0,0.0,0.0,0.0,0.0,14.0,1.0,0.0
31f5b89b,216.0,216.0,0.0,0.0,0.0,1.0,0,0.0,0.0,0.0,0.0,0.0,200.0,0.0,2.0
4601e194,51.0,48.0,3.0,0.0,0.0,0.0,3,3.0,0.0,0.0,0.0,0.0,37.0,0.0,4.0
5294a83f,302.0,276.0,25.0,4.0,3.0,0.0,16,1.0,13.0,5.0,6.0,0.0,250.0,1.0,6.0
9e17ccff,44.0,30.0,14.0,4.0,0.0,2.0,0,0.0,0.0,0.0,0.0,0.0,24.0,0.0,0.0
cd6a1a59,305.0,294.0,11.0,11.0,1.0,4.0,0,0.0,0.0,0.0,0.0,0.0,259.0,0.0,2.0
f8405304,18.0,17.0,1.0,0.0,0.0,0.0,0,0.0,0.0,0.0,0.0,0.0,15.0,0.0,0.0
1a7fcf39,241.0,202.0,39.0,4.0,0.0,1.0,13,35.0,0.0,0.0,0.0,0.0,201.0,0.0,4.0
5c46e908,147.0,122.0,24.0,8.0,0.0,0.0,1,16.0,0.0,0.0,0.0,0.0,104.0,1.0,2.0
bdf8165d,263.0,252.0,7.0,3.0,1.0,4.0,3,4.0,0.0,0.0,0.0,0.0,226.0,4.0,3.0
f4290206,56.0,55.0,1.0,1.0,0.0,0.0,0,0.0,0.0,0.0,0.0,0.0,51.0,0.0,0.0
0afff3b7,94.0,86.0,7.0,3.0,0.0,1.0,3,4.0,0.0,0.0,0.0,0.0,67.0,1.0,3.0
8b3ab7ad,162.0,158.0,4.0,4.0,0.0,1.0,0,0.0,0.0,0.0,0.0,0.0,145.0,0.0,1.0
555d5edd,65.0,58.0,7.0,2.0,0.0,0.0,4,3.0,2.0,1.0,0.0,0.0,54.0,0.0,4.0
7fdb872a,39.0,38.0,1.0,1.0,0.0,0.0,0,0.0,0.0,0.0,0.0,0.0,35.0,0.0,0.0
9f1893b9,201.0,197.0,3.0,0.0,0.0,2.0,10,1.0,1.0,0.0,1.0,0.0,152.0,1.0,10.0
b5f66351,205.0,146.0,58.0,7.0,0.0,3.0,11,45.0,6.0,2.0,3.0,0.0,134.0,1.0,6.0
8382b207,21.0,21.0,0.0,0.0,0.0,0.0,1,0.0,0.0,0.0,0.0,0.0,16.0,0.0,0.0
4f9f721c,32.0,29.0,3.0,0.0,0.0,0.0,4,2.0,1.0,0.0,0.0,0.0,19.0,0.0,0.0
40dc75f0,1.0,1.0,0.0,0.0,0.0,0.0,0,0.0,0.0,0.0,0.0,0.0,1.0,0.0,0.0
e0b113a7,128.0,126.0,2.0,2.0,0.0,0.0,0,0.0,0.0,0.0,0.0,0.0,108.0,0.0,3.0
4e3f5992,60.0,58.0,1.0,0.0,0.0,0.0,3,0.0,1.0,1.0,0.0,0.0,47.0,1.0,0.0
2a70dcc9,59.0,47.0,12.0,1.0,0.0,0.0,3,11.0,0.0,0.0,0.0,0.0,52.0,0.0,0.0
4a7078f9,232.0,183.0,47.0,8.0,0.0,0.0,7,39.0,0.0,0.0,0.0,0.0,192.0,2.0,4.0
50cddd19,46.0,41.0,4.0,0.0,0.0,0.0,0,0.0,0.0,0.0,0.0,0.0,33.0,1.0,0.0
108fe016,121.0,121.0,0.0,0.0,0.0,0.0,0,0.0,0.0,0.0,0.0,0.0,114.0,0.0,0.0
99127249,187.0,177.0,8.0,4.0,1.0,0.0,11,4.0,0.0,0.0,0.0,0.0,146.0,2.0,3.0
feb5d3ab,159.0,119.0,40.0,3.0,0.0,0.0,8,37.0,0.0,0.0,0.0,0.0,116.0,0.0,5.0
c63f6e46,67.0,65.0,2.0,0.0,0.0,0.0,0,0.0,0.0,0.0,0.0,0.0,46.0,0.0,2.0
7e6b3664,11.0,11.0,0.0,0.0,0.0,0.0,0,0.0,0.0,0.0,0.0,0.0,10.0,0.0,0.0
f28876e5,38.0,32.0,6.0,0.0,0.0,0.0,0,6.0,0.0,0.0,0.0,0.0,32.0,0.0,1.0
f47a530a,104.0,102.0,2.0,2.0,1.0,2.0,0,0.0,0.0,0.0,0.0,0.0,86.0,0.0,0.0
2bef2bca,86.0,77.0,9.0,2.0,0.0,4.0,1,7.0,0.0,0.0,0.0,0.0,70.0,0.0,0.0
184ad240,74.0,66.0,8.0,0.0,0.0,0.0,5,7.0,1.0,1.0,0.0,0.0,57.0,0.0,0.0
31b7d437,24.0,21.0,3.0,1.0,1.0,0.0,0,1.0,1.0,0.0,0.0,0.0,15.0,0.0,0.0
b026bbf6,158.0,129.0,29.0,1.0,0.0,0.0,7,28.0,0.0,0.0,0.0,0.0,119.0,0.0,3.0
8f5bfaac,95.0,86.0,9.0,3.0,0.0,0.0,3,0.0,2.0,1.0,1.0,0.0,77.0,0.0,0.0
dbd1b101,44.0,28.0,16.0,6.0,0.0,0.0,0,0.0,0.0,0.0,0.0,0.0,25.0,0.0,0.0
e65a7469,24.0,23.0,1.0,0.0,0.0,0.0,0,1.0,0.0,0.0,0.0,0.0,19.0,0.0,1.0
dd95af65,6.0,4.0,2.0,0.0,0.0,0.0,0,2.0,0.0,0.0,0.0,0.0,5.0,0.0,0.0
8e34b9f5,196.0,187.0,8.0,8.0,0.0,1.0,1,0.0,0.0,0.0,0.0,0.0,166.0,1.0,1.0
10549b49,4.0,4.0,0.0,0.0,0.0,0.0,0,0.0,0.0,0.0,0.0,0.0,1.0,0.0,0.0
85f476cc,34.0,33.0,1.0,1.0,0.0,0.0,0,0.0,0.0,0.0,0.0,0.0,30.0,0.0,0.0
60c07b31,112.0,109.0,3.0,2.0,0.0,2.0,0,0.0,0.0,0.0,0.0,0.0,102.0,0.0,0.0
75229233,23.0,21.0,2.0,2.0,0.0,0.0,0,0.0,0.0,0.0,0.0,0.0,14.0,0.0,0.0
114bbdee,8.0,7.0,1.0,0.0,0.0,0.0,0,0.0,0.0,0.0,0.0,0.0,7.0,0.0,0.0
06df8256,291.0,282.0,9.0,9.0,0.0,4.0,1,0.0,0.0,0.0,0.0,0.0,246.0,0.0,0.0
d7abc42e,193.0,178.0,15.0,4.0,0.0,2.0,12,5.0,6.0,2.0,3.0,0.0,151.0,0.0,0.0
dead55e5,370.0,337.0,32.0,9.0,0.0,4.0,34,3.0,18.0,12.0,5.0,0.0,309.0,1.0,5.0
0caa2fd4,90.0,87.0,3.0,0.0,0.0,0.0,7,2.0,0.0,0.0,0.0,0.0,74.0,0.0,2.0
a8567629,79.0,68.0,11.0,0.0,0.0,0.0,7,11.0,0.0,0.0,0.0,0.0,64.0,0.0,0.0
5ccc9672,59.0,50.0,9.0,1.0,0.0,1.0,4,8.0,0.0,0.0,0.0,0.0,43.0,0.0,2.0
be47b750,38.0,34.0,4.0,0.0,0.0,0.0,1,0.0,0.0,0.0,0.0,0.0,24.0,0.0,0.0
cac2537b,121.0,113.0,7.0,2.0,0.0,2.0,4,0.0,4.0,0.0,2.0,0.0,100.0,1.0,3.0
3098c0df,53.0,51.0,2.0,0.0,0.0,0.0,3,1.0,0.0,0.0,0.0,0.0,35.0,0.0,4.0
200e89e1,6.0,6.0,0.0,0.0,0.0,0.0,0,0.0,0.0,0.0,0.0,0.0,4.0,0.0,0.0
b742cc0d,439.0,424.0,14.0,8.0,1.0,8.0,2,6.0,0.0,0.0,0.0,0.0,379.0,1.0,4.0
80556f08,91.0,87.0,4.0,0.0,0.0,0.0,4,0.0,1.0,1.0,0.0,0.0,72.0,0.0,2.0
a36524bf,215.0,209.0,5.0,1.0,0.0,1.0,1,3.0,0.0,0.0,0.0,0.0,194.0,1.0,0.0
2973d8ff,65.0,62.0,2.0,0.0,0.0,0.0,1,0.0,0.0,0.0,0.0,0.0,43.0,1.0,5.0
072e68ed,176.0,123.0,50.0,20.0,0.0,2.0,0,0.0,0.0,0.0,0.0,0.0,124.0,3.0,0.0
a74ea18d,131.0,96.0,34.0,0.0,0.0,0.0,4,34.0,0.0,0.0,0.0,0.0,95.0,1.0,4.0
8eb55dbb,179.0,171.0,6.0,2.0,2.0,3.0,40,1.0,1.0,0.0,1.0,0.0,99.0,2.0,9.0
50dc94ce,25.0,24.0,1.0,0.0,0.0,0.0,1,0.0,0.0,0.0,0.0,0.0,19.0,0.0,1.0
30ae134d,92.0,90.0,1.0,0.0,1.0,0.0,2,0.0,0.0,0.0,0.0,0.0,57.0,1.0,1.0
71115017,406.0,326.0,79.0,13.0,2.0,6.0,9,66.0,0.0,0.0,0.0,0.0,316.0,1.0,15.0
f874dd44,53.0,47.0,6.0,1.0,0.0,0.0,2,5.0,0.0,0.0,0.0,0.0,44.0,0.0,1.0
c678ddd7,221.0,216.0,5.0,5.0,0.0,1.0,0,0.0,0.0,0.0,0.0,0.0,199.0,0.0,1.0
d705ba44,104.0,100.0,4.0,0.0,0.0,1.0,3,0.0,0.0,0.0,0.0,0.0,68.0,0.0,6.0
3bd65247,61.0,60.0,1.0,0.0,0.0,0.0,2,1.0,0.0,0.0,0.0,0.0,48.0,0.0,3.0
942b4f90,152.0,136.0,14.0,0.0,3.0,1.0,4,0.0,0.0,0.0,0.0,0.0,111.0,2.0,6.0
8a2248b4,197.0,127.0,70.0,12.0,0.0,1.0,0,0.0,0.0,0.0,0.0,0.0,126.0,0.0,0.0
e4114f5d,276.0,250.0,26.0,10.0,0.0,2.0,18,0.0,16.0,5.0,11.0,0.0,230.0,0.0,3.0
713c144a,142.0,138.0,4.0,1.0,0.0,4.0,12,1.0,2.0,2.0,0.0,0.0,105.0,0.0,5.0
a29b1131,73.0,67.0,5.0,1.0,0.0,0.0,5,3.0,1.0,0.0,0.0,0.0,61.0,1.0,0.0
17370b95,70.0,65.0,5.0,3.0,0.0,0.0,1,0.0,0.0,0.0,0.0,0.0,50.0,0.0,2.0
7ca9f0f0,157.0,148.0,8.0,8.0,1.0,5.0,3,0.0,0.0,0.0,0.0,0.0,125.0,1.0,2.0
11c0fa9d,58.0,55.0,3.0,0.0,0.0,1.0,0,0.0,0.0,0.0,0.0,0.0,37.0,0.0,4.0
a0b730dc,102.0,98.0,2.0,2.0,3.0,2.0,1,0.0,0.0,0.0,0.0,0.0,75.0,2.0,1.0
1c59240b,126.0,109.0,17.0,8.0,1.0,1.0,16,0.0,9.0,8.0,1.0,0.0,96.0,0.0,1.0
53d93280,230.0,179.0,49.0,5.0,0.0,0.0,0,0.0,0.0,0.0,0.0,0.0,177.0,2.0,0.0
4c6e2ab5,0.0,0.0,0.0,0.0,0.0,0.0,0,0.0,0.0,0.0,0.0,0.0,0.0,0.0,0.0
6191093d,284.0,250.0,32.0,9.0,2.0,3.0,28,4.0,10.0,7.0,2.0,0.0,217.0,2.0,6.0
5b479568,32.0,28.0,4.0,0.0,0.0,0.0,1,1.0,0.0,0.0,0.0,0.0,25.0,0.0,0.0
9c2b4382,23.0,21.0,2.0,0.0,1.0,0.0,1,0.0,0.0,0.0,0.0,0.0,17.0,0.0,2.0
7713c72a,150.0,145.0,3.0,3.0,0.0,1.0,0,0.0,0.0,0.0,0.0,0.0,141.0,2.0,0.0
415568b5,92.0,88.0,4.0,4.0,0.0,1.0,0,0.0,0.0,0.0,0.0,0.0,81.0,0.0,0.0
b146275b,113.0,108.0,5.0,0.0,2.0,1.0,5,2.0,0.0,0.0,0.0,0.0,75.0,0.0,5.0
52ec54d0,10.0,9.0,1.0,1.0,0.0,0.0,0,0.0,0.0,0.0,0.0,0.0,9.0,0.0,0.0
f893dba4,257.0,191.0,61.0,1.0,0.0,0.0,17,60.0,0.0,0.0,0.0,0.0,183.0,5.0,11.0
ae05689a,222.0,167.0,54.0,15.0,3.0,4.0,24,4.0,30.0,9.0,2.0,0.0,152.0,1.0,7.0
9d7d5334,11.0,11.0,0.0,0.0,0.0,0.0,0,0.0,0.0,0.0,0.0,0.0,8.0,0.0,0.0
5e8936be,205.0,145.0,60.0,17.0,0.0,1.0,0,0.0,0.0,0.0,0.0,0.0,142.0,0.0,0.0
1443ca7d,48.0,46.0,2.0,2.0,0.0,0.0,1,0.0,0.0,0.0,0.0,0.0,41.0,0.0,1.0
2cb77ec6,190.0,132.0,57.0,6.0,0.0,0.0,2,45.0,0.0,0.0,0.0,0.0,148.0,1.0,7.0
1c07b06e,226.0,220.0,6.0,6.0,1.0,6.0,0,0.0,0.0,0.0,0.0,0.0,189.0,0.0,1.0
541127d5,77.0,72.0,5.0,2.0,0.0,0.0,5,0.0,3.0,1.0,2.0,0.0,51.0,0.0,3.0
f6798fc3,41.0,33.0,8.0,3.0,0.0,0.0,0,0.0,0.0,0.0,0.0,0.0,31.0,0.0,0.0
20e73fac,297.0,261.0,36.0,6.0,3.0,1.0,41,1.0,28.0,8.0,15.0,0.0,208.0,0.0,12.0
ae94a6c5,37.0,36.0,1.0,1.0,0.0,0.0,0,0.0,0.0,0.0,0.0,0.0,33.0,0.0,0.0
ea39a081,39.0,38.0,1.0,0.0,0.0,0.0,3,0.0,1.0,1.0,0.0,0.0,28.0,0.0,3.0
1e064bfb,80.0,55.0,25.0,5.0,0.0,0.0,0,0.0,0.0,0.0,0.0,0.0,62.0,0.0,0.0
6e2c94ad,70.0,65.0,5.0,1.0,0.0,1.0,1,0.0,0.0,0.0,0.0,0.0,51.0,0.0,3.0
c1949191,144.0,143.0,1.0,0.0,1.0,0.0,0,0.0,0.0,0.0,0.0,0.0,120.0,0.0,0.0
10072610,142.0,96.0,45.0,20.0,0.0,0.0,0,0.0,0.0,0.0,0.0,0.0,90.0,1.0,0.0
6115fddd,255.0,184.0,70.0,11.0,0.0,0.0,0,0.0,0.0,0.0,0.0,0.0,186.0,1.0,1.0
5fd5ed86,128.0,117.0,11.0,4.0,0.0,0.0,1,0.0,0.0,0.0,0.0,0.0,120.0,0.0,0.0
4c184730,10.0,9.0,0.0,0.0,0.0,0.0,0,0.0,0.0,0.0,0.0,0.0,5.0,1.0,1.0
582beb9d,188.0,162.0,26.0,0.0,0.0,0.0,9,26.0,0.0,0.0,0.0,0.0,144.0,0.0,10.0
7b5ab7f2,58.0,57.0,1.0,0.0,2.0,0.0,4,1.0,0.0,0.0,0.0,0.0,46.0,0.0,2.0
eab85789,116.0,110.0,4.0,1.0,1.0,0.0,15,2.0,0.0,0.0,0.0,0.0,78.0,2.0,9.0
e0b5ac38,15.0,14.0,1.0,0.0,0.0,0.0,0,1.0,0.0,0.0,0.0,0.0,15.0,0.0,0.0
44f050bc,27.0,24.0,3.0,3.0,0.0,0.0,0,0.0,0.0,0.0,0.0,0.0,18.0,0.0,2.0
f8766ef9,330.0,315.0,14.0,10.0,0.0,2.0,0,2.0,0.0,0.0,0.0,0.0,291.0,1.0,0.0
eb2b33aa,0.0,0.0,0.0,0.0,0.0,0.0,0,0.0,0.0,0.0,0.0,0.0,0.0,0.0,0.0
5ab0ea87,52.0,50.0,2.0,1.0,0.0,0.0,1,1.0,0.0,0.0,0.0,0.0,40.0,0.0,1.0
8e456005,52.0,49.0,3.0,1.0,0.0,0.0,5,1.0,0.0,0.0,0.0,0.0,31.0,0.0,2.0
b8814868,118.0,106.0,11.0,0.0,1.0,0.0,4,0.0,0.0,0.0,0.0,0.0,89.0,1.0,4.0
f63a8347,200.0,128.0,71.0,21.0,0.0,0.0,0,0.0,0.0,0.0,0.0,0.0,114.0,1.0,0.0
13ea2544,144.0,142.0,2.0,2.0,0.0,2.0,5,0.0,0.0,0.0,0.0,0.0,123.0,0.0,2.0
489e80e3,340.0,328.0,10.0,10.0,0.0,8.0,1,0.0,0.0,0.0,0.0,0.0,290.0,2.0,6.0
a6de370d,380.0,352.0,26.0,10.0,2.0,9.0,14,5.0,8.0,1.0,5.0,0.0,324.0,2.0,5.0
b6a1cdf9,53.0,49.0,4.0,1.0,0.0,0.0,2,0.0,0.0,0.0,0.0,0.0,40.0,0.0,2.0
6885cc44,51.0,49.0,2.0,1.0,0.0,0.0,1,1.0,0.0,0.0,0.0,0.0,35.0,0.0,1.0
dee86451,158.0,157.0,1.0,1.0,1.0,1.0,0,0.0,0.0,0.0,0.0,0.0,142.0,0.0,1.0
3f5f38fb,85.0,82.0,3.0,2.0,0.0,1.0,0,1.0,0.0,0.0,0.0,0.0,78.0,0.0,0.0
4d224fe8,456.0,447.0,8.0,6.0,5.0,5.0,3,2.0,0.0,0.0,0.0,0.0,361.0,1.0,11.0
f54d2149,172.0,167.0,5.0,5.0,1.0,3.0,0,0.0,0.0,0.0,0.0,0.0,142.0,0.0,1.0
e0f3a1f6,262.0,251.0,11.0,9.0,0.0,1.0,7,2.0,0.0,0.0,0.0,0.0,231.0,0.0,2.0
37d0048f,148.0,143.0,4.0,3.0,0.0,1.0,0,1.0,0.0,0.0,0.0,0.0,124.0,1.0,4.0
ba3d3bea,301.0,286.0,13.0,9.0,1.0,3.0,3,0.0,4.0,0.0,3.0,0.0,267.0,2.0,2.0
350ad032,84.0,77.0,7.0,0.0,0.0,1.0,5,7.0,0.0,0.0,0.0,0.0,60.0,0.0,3.0
2edbd8d5,30.0,9.0,20.0,5.0,0.0,0.0,0,0.0,0.0,0.0,0.0,0.0,9.0,1.0,0.0
31a62dc7,69.0,51.0,18.0,2.0,0.0,0.0,3,16.0,0.0,0.0,0.0,0.0,54.0,0.0,2.0
3c6bbbab,105.0,97.0,8.0,1.0,0.0,0.0,9,7.0,0.0,0.0,0.0,0.0,83.0,0.0,2.0
254b831b,96.0,95.0,1.0,1.0,0.0,0.0,0,0.0,0.0,0.0,0.0,0.0,79.0,0.0,0.0
e63c5181,163.0,157.0,5.0,5.0,2.0,1.0,2,0.0,0.0,0.0,0.0,0.0,122.0,1.0,8.0
890f108d,3.0,2.0,1.0,0.0,0.0,0.0,0,0.0,0.0,0.0,0.0,0.0,1.0,0.0,0.0
b0f7e36c,39.0,36.0,3.0,1.0,0.0,0.0,6,1.0,1.0,1.0,0.0,0.0,29.0,0.0,1.0
b7b27de0,60.0,56.0,4.0,0.0,1.0,0.0,2,1.0,0.0,0.0,0.0,0.0,46.0,0.0,1.0
68a26d51,347.0,338.0,8.0,5.0,0.0,8.0,1,1.0,0.0,0.0,0.0,0.0,304.0,1.0,5.0
1cb49278,74.0,72.0,2.0,2.0,0.0,1.0,0,0.0,0.0,0.0,0.0,0.0,63.0,0.0,2.0
6e2e6e4e,0.0,0.0,0.0,0.0,0.0,0.0,0,0.0,0.0,0.0,0.0,0.0,0.0,0.0,0.0
770ebf00,286.0,246.0,40.0,18.0,2.0,5.0,22,2.0,15.0,8.0,6.0,0.0,221.0,0.0,7.0
7cd78926,251.0,188.0,62.0,7.0,0.0,2.0,5,55.0,0.0,0.0,0.0,0.0,205.0,1.0,2.0
5fcb90ac,9.0,6.0,3.0,0.0,0.0,0.0,0,3.0,0.0,0.0,0.0,0.0,7.0,0.0,0.0
1fbbfbde,147.0,144.0,2.0,2.0,0.0,1.0,0,0.0,0.0,0.0,0.0,0.0,122.0,1.0,1.0
3010aefb,54.0,52.0,2.0,1.0,0.0,0.0,3,0.0,1.0,0.0,0.0,0.0,46.0,0.0,2.0
5ef3d210,9.0,9.0,0.0,0.0,0.0,0.0,1,0.0,0.0,0.0,0.0,0.0,8.0,0.0,0.0
0e7ccfc4,152.0,107.0,44.0,0.0,0.0,1.0,24,35.0,9.0,0.0,9.0,0.0,99.0,1.0,2.0
9980269a,10.0,10.0,0.0,0.0,0.0,0.0,0,0.0,0.0,0.0,0.0,0.0,6.0,0.0,0.0
720ebb4e,0.0,0.0,0.0,0.0,0.0,0.0,0,0.0,0.0,0.0,0.0,0.0,0.0,0.0,0.0
922dfade,209.0,199.0,9.0,7.0,0.0,0.0,4,0.0,0.0,0.0,0.0,0.0,185.0,1.0,3.0
16657b95,364.0,348.0,13.0,13.0,1.0,4.0,1,0.0,0.0,0.0,0.0,0.0,298.0,3.0,11.0
0ab1f153,47.0,43.0,4.0,2.0,0.0,0.0,5,2.0,0.0,0.0,0.0,0.0,41.0,0.0,0.0
235a646b,204.0,165.0,39.0,2.0,0.0,1.0,11,37.0,0.0,0.0,0.0,0.0,153.0,0.0,8.0
a04e2dd2,68.0,41.0,26.0,8.0,0.0,0.0,0,0.0,0.0,0.0,0.0,0.0,42.0,1.0,0.0
d9565625,355.0,303.0,51.0,6.0,1.0,10.0,8,45.0,0.0,0.0,0.0,0.0,301.0,1.0,6.0
563cbac0,336.0,313.0,23.0,12.0,0.0,4.0,0,10.0,0.0,0.0,0.0,0.0,262.0,0.0,3.0
94b2001f,156.0,153.0,3.0,1.0,0.0,0.0,0,1.0,0.0,0.0,0.0,0.0,149.0,0.0,0.0
ccd38335,91.0,83.0,8.0,0.0,1.0,1.0,1,0.0,0.0,0.0,0.0,0.0,66.0,0.0,2.0
da7f2781,267.0,206.0,59.0,5.0,0.0,1.0,10,54.0,0.0,0.0,0.0,0.0,188.0,2.0,4.0
ae4e2852,102.0,90.0,12.0,1.0,0.0,1.0,4,11.0,0.0,0.0,0.0,0.0,87.0,0.0,0.0
bc6e544a,92.0,74.0,18.0,0.0,0.0,0.0,7,18.0,0.0,0.0,0.0,0.0,63.0,0.0,1.0
d99830de,32.0,27.0,5.0,1.0,0.0,0.0,0,1.0,3.0,0.0,0.0,0.0,25.0,0.0,1.0
d33c706e,11.0,9.0,2.0,0.0,0.0,0.0,0,0.0,0.0,0.0,0.0,0.0,6.0,0.0,0.0
5832ebfe,205.0,200.0,5.0,2.0,0.0,1.0,1,3.0,0.0,0.0,0.0,0.0,182.0,0.0,1.0
13c8e5f6,59.0,46.0,13.0,5.0,0.0,0.0,14,1.0,7.0,4.0,2.0,0.0,35.0,0.0,4.0
19cda00b,135.0,124.0,11.0,4.0,5.0,1.0,7,2.0,5.0,3.0,1.0,0.0,114.0,0.0,5.0
aeed5c06,26.0,26.0,0.0,0.0,1.0,0.0,1,0.0,0.0,0.0,0.0,0.0,19.0,0.0,1.0
d4822868,4.0,4.0,0.0,0.0,0.0,0.0,0,0.0,0.0,0.0,0.0,0.0,4.0,0.0,0.0
8104e41e,240.0,232.0,7.0,0.0,0.0,1.0,12,7.0,0.0,0.0,0.0,0.0,177.0,1.0,5.0
a9107589,139.0,87.0,52.0,14.0,0.0,0.0,0,0.0,0.0,0.0,0.0,0.0,101.0,0.0,0.0
4030c7ae,205.0,129.0,76.0,20.0,0.0,1.0,0,0.0,0.0,0.0,0.0,0.0,151.0,0.0,0.0
34a0f5ff,131.0,123.0,8.0,1.0,1.0,2.0,11,0.0,5.0,3.0,0.0,0.0,101.0,0.0,0.0
37143438,28.0,24.0,4.0,0.0,0.0,0.0,1,4.0,0.0,0.0,0.0,0.0,20.0,0.0,0.0
1581e8db,141.0,133.0,7.0,5.0,0.0,1.0,3,1.0,0.0,0.0,0.0,0.0,105.0,1.0,3.0
ad82197c,511.0,482.0,29.0,15.0,0.0,10.0,9,14.0,0.0,0.0,0.0,0.0,426.0,0.0,5.0
d6f866ba,87.0,86.0,1.0,1.0,1.0,1.0,1,0.0,0.0,0.0,0.0,0.0,69.0,0.0,3.0
45c29ae7,34.0,34.0,0.0,0.0,0.0,1.0,3,0.0,0.0,0.0,0.0,0.0,20.0,0.0,0.0
77ac1d89,104.0,104.0,0.0,0.0,1.0,0.0,6,0.0,0.0,0.0,0.0,0.0,75.0,0.0,3.0
ac295d9e,43.0,32.0,11.0,6.0,0.0,0.0,0,0.0,0.0,0.0,0.0,0.0,19.0,0.0,0.0
d01bbb6f,150.0,149.0,1.0,0.0,0.0,4.0,3,1.0,0.0,0.0,0.0,0.0,117.0,0.0,5.0
f67c9d29,239.0,230.0,9.0,8.0,0.0,2.0,1,1.0,0.0,0.0,0.0,0.0,200.0,0.0,5.0
fffea3e5,90.0,89.0,1.0,0.0,1.0,1.0,10,1.0,0.0,0.0,0.0,0.0,68.0,0.0,5.0
67ac5bb8,302.0,290.0,11.0,5.0,2.0,2.0,0,4.0,0.0,0.0,0.0,0.0,260.0,1.0,1.0
9e7483ff,83.0,76.0,7.0,3.0,1.0,1.0,8,0.0,2.0,2.0,0.0,0.0,61.0,0.0,0.0
6fd8a334,226.0,216.0,10.0,9.0,0.0,0.0,0,1.0,0.0,0.0,0.0,0.0,205.0,0.0,0.0
c6486b01,126.0,106.0,20.0,8.0,0.0,2.0,9,4.0,3.0,3.0,0.0,0.0,100.0,0.0,4.0
510c6a3f,41.0,29.0,12.0,3.0,0.0,0.0,0,0.0,0.0,0.0,0.0,0.0,35.0,0.0,0.0
8c5506ec,171.0,136.0,33.0,4.0,0.0,0.0,14,29.0,0.0,0.0,0.0,0.0,116.0,2.0,6.0
e0921a4f,170.0,147.0,23.0,8.0,1.0,5.0,20,0.0,15.0,5.0,8.0,0.0,136.0,0.0,5.0
0b243559,21.0,14.0,7.0,0.0,0.0,0.0,0,7.0,0.0,0.0,0.0,0.0,13.0,0.0,1.0
756959aa,107.0,99.0,8.0,4.0,0.0,1.0,0,1.0,0.0,0.0,0.0,0.0,87.0,0.0,2.0
29e298a8,118.0,93.0,25.0,2.0,0.0,0.0,5,22.0,1.0,0.0,1.0,0.0,83.0,0.0,3.0
7f8fb807,18.0,16.0,2.0,0.0,0.0,0.0,1,0.0,0.0,0.0,0.0,0.0,17.0,0.0,0.0
57760e66,53.0,49.0,4.0,0.0,0.0,0.0,6,0.0,4.0,4.0,0.0,0.0,42.0,0.0,2.0
beb882a8,167.0,165.0,2.0,2.0,1.0,1.0,0,0.0,0.0,0.0,0.0,0.0,146.0,0.0,5.0
2fba6108,29.0,28.0,1.0,0.0,1.0,0.0,1,1.0,0.0,0.0,0.0,0.0,20.0,0.0,0.0
47a34c4f,30.0,28.0,2.0,2.0,0.0,0.0,0,0.0,0.0,0.0,0.0,0.0,29.0,0.0,0.0
f7dc2ae5,426.0,391.0,35.0,11.0,0.0,5.0,4,24.0,0.0,0.0,0.0,0.0,367.0,0.0,1.0
0b4f388a,66.0,63.0,3.0,0.0,0.0,0.0,1,0.0,0.0,0.0,0.0,0.0,46.0,0.0,4.0
a0c590b9,21.0,21.0,0.0,0.0,0.0,0.0,0,0.0,0.0,0.0,0.0,0.0,12.0,0.0,1.0
04e17fd5,39.0,37.0,2.0,0.0,0.0,0.0,0,0.0,0.0,0.0,0.0,0.0,32.0,0.0,1.0
3fba18d3,49.0,42.0,7.0,1.0,1.0,0.0,3,6.0,0.0,0.0,0.0,0.0,37.0,0.0,2.0
c75f04f4,1.0,1.0,0.0,0.0,0.0,0.0,0,0.0,0.0,0.0,0.0,0.0,1.0,0.0,0.0
ea770abf,268.0,245.0,22.0,6.0,0.0,1.0,4,16.0,0.0,0.0,0.0,0.0,214.0,1.0,4.0
1469d291,13.0,9.0,4.0,2.0,0.0,0.0,0,2.0,0.0,0.0,0.0,0.0,9.0,0.0,0.0
8eeb8ba4,315.0,273.0,42.0,4.0,0.0,3.0,15,38.0,0.0,0.0,0.0,0.0,266.0,0.0,3.0
980522ec,385.0,350.0,34.0,11.0,2.0,6.0,27,3.0,20.0,8.0,7.0,1.0,317.0,1.0,7.0
12dcbdcc,83.0,70.0,13.0,2.0,0.0,2.0,2,11.0,0.0,0.0,0.0,0.0,68.0,0.0,2.0
d7354a36,32.0,31.0,1.0,1.0,0.0,0.0,0,0.0,0.0,0.0,0.0,0.0,29.0,0.0,0.0
16322a52,61.0,47.0,14.0,0.0,0.0,0.0,1,0.0,0.0,0.0,0.0,0.0,47.0,0.0,0.0
4352d221,232.0,186.0,43.0,22.0,0.0,7.0,19,2.0,12.0,4.0,5.0,0.0,177.0,3.0,5.0
54bb5c3f,71.0,38.0,33.0,5.0,0.0,0.0,0,0.0,0.0,0.0,0.0,0.0,25.0,0.0,0.0
f5e7fdf9,250.0,200.0,49.0,7.0,0.0,1.0,8,42.0,0.0,0.0,0.0,0.0,184.0,1.0,8.0
bc7b4580,61.0,44.0,17.0,1.0,0.0,0.0,1,16.0,0.0,0.0,0.0,0.0,41.0,0.0,1.0
366be751,87.0,85.0,2.0,2.0,1.0,0.0,3,0.0,0.0,0.0,0.0,0.0,79.0,0.0,0.0
b396a0b1,96.0,92.0,3.0,0.0,0.0,1.0,16,1.0,2.0,0.0,1.0,0.0,54.0,1.0,7.0
0ba976e4,17.0,16.0,1.0,1.0,0.0,0.0,1,0.0,0.0,0.0,0.0,0.0,10.0,0.0,1.0
4c1e579e,4.0,4.0,0.0,0.0,0.0,0.0,0,0.0,0.0,0.0,0.0,0.0,3.0,0.0,0.0
bece776f,75.0,67.0,6.0,2.0,0.0,0.0,1,1.0,3.0,0.0,1.0,0.0,62.0,2.0,1.0
15d0c248,200.0,196.0,4.0,4.0,0.0,4.0,0,0.0,0.0,0.0,0.0,0.0,178.0,0.0,0.0
507c7bdf,374.0,337.0,35.0,6.0,2.0,8.0,30,10.0,17.0,4.0,7.0,0.0,298.0,2.0,10.0
ef491564,20.0,20.0,0.0,0.0,0.0,0.0,0,0.0,0.0,0.0,0.0,0.0,18.0,0.0,0.0
e08647d6,31.0,31.0,0.0,0.0,0.0,0.0,2,0.0,0.0,0.0,0.0,0.0,20.0,0.0,2.0
d9d43555,7.0,7.0,0.0,0.0,0.0,0.0,0,0.0,0.0,0.0,0.0,0.0,5.0,0.0,1.0
41f32541,99.0,95.0,4.0,2.0,0.0,0.0,0,1.0,0.0,0.0,0.0,0.0,90.0,0.0,1.0
a92ab7be,218.0,172.0,46.0,9.0,0.0,3.0,0,0.0,0.0,0.0,0.0,0.0,163.0,0.0,0.0
822d51d7,400.0,389.0,8.0,7.0,4.0,3.0,6,0.0,0.0,0.0,0.0,0.0,322.0,3.0,10.0
f620b04f,25.0,20.0,4.0,0.0,0.0,1.0,0,0.0,0.0,0.0,0.0,0.0,17.0,1.0,0.0
9a794238,45.0,43.0,2.0,0.0,0.0,0.0,5,2.0,0.0,0.0,0.0,0.0,34.0,0.0,2.0
b853e0ad,188.0,185.0,3.0,2.0,1.0,1.0,6,1.0,0.0,0.0,0.0,0.0,155.0,0.0,8.0
74f2e748,84.0,71.0,13.0,1.0,0.0,0.0,1,12.0,0.0,0.0,0.0,0.0,70.0,0.0,1.0
f360f047,6.0,6.0,0.0,0.0,0.0,0.0,1,0.0,0.0,0.0,0.0,0.0,2.0,0.0,0.0
1971591f,114.0,94.0,19.0,7.0,0.0,0.0,12,2.0,10.0,1.0,3.0,0.0,88.0,1.0,3.0
3da8cba0,25.0,21.0,4.0,1.0,0.0,1.0,0,3.0,0.0,0.0,0.0,0.0,17.0,0.0,1.0
23c63b7f,61.0,60.0,1.0,0.0,0.0,0.0,6,0.0,0.0,0.0,0.0,0.0,45.0,0.0,0.0
a372a9f2,257.0,244.0,13.0,12.0,0.0,1.0,2,1.0,0.0,0.0,0.0,0.0,222.0,0.0,3.0
7aa8adfe,77.0,77.0,0.0,0.0,0.0,0.0,5,0.0,0.0,0.0,0.0,0.0,61.0,0.0,4.0
62f7c156,107.0,102.0,4.0,4.0,0.0,2.0,0,0.0,0.0,0.0,0.0,0.0,82.0,1.0,0.0
19cae58d,42.0,40.0,2.0,0.0,0.0,0.0,1,0.0,0.0,0.0,0.0,0.0,32.0,0.0,1.0
0683f364,200.0,157.0,43.0,2.0,0.0,0.0,19,40.0,1.0,0.0,0.0,0.0,133.0,0.0,7.0
6bd603db,141.0,137.0,4.0,4.0,0.0,4.0,0,0.0,0.0,0.0,0.0,0.0,117.0,0.0,5.0
7ba6d84e,238.0,187.0,50.0,7.0,0.0,0.0,0,0.0,0.0,0.0,0.0,0.0,186.0,1.0,0.0
242e1043,189.0,173.0,16.0,4.0,0.0,1.0,2,12.0,0.0,0.0,0.0,0.0,149.0,0.0,4.0
ffa90327,78.0,76.0,1.0,0.0,2.0,0.0,3,0.0,0.0,0.0,0.0,0.0,58.0,1.0,2.0
7242b495,71.0,53.0,17.0,3.0,0.0,0.0,9,10.0,4.0,2.0,0.0,0.0,51.0,1.0,1.0
d0a0858e,54.0,54.0,0.0,0.0,0.0,0.0,0,0.0,0.0,0.0,0.0,0.0,39.0,0.0,0.0
9c435456,331.0,320.0,9.0,8.0,0.0,5.0,0,0.0,0.0,0.0,0.0,0.0,305.0,2.0,2.0
37337aea,34.0,28.0,6.0,0.0,0.0,0.0,0,1.0,0.0,0.0,0.0,0.0,22.0,0.0,1.0
f521b80a,300.0,297.0,3.0,3.0,1.0,6.0,1,0.0,0.0,0.0,0.0,0.0,268.0,0.0,1.0
3befc2b6,278.0,273.0,5.0,5.0,0.0,3.0,0,0.0,0.0,0.0,0.0,0.0,221.0,0.0,1.0
c0a38fb2,0.0,0.0,0.0,0.0,0.0,0.0,0,0.0,0.0,0.0,0.0,0.0,0.0,0.0,0.0
ab57e591,21.0,21.0,0.0,0.0,0.0,0.0,0,0.0,0.0,0.0,0.0,0.0,18.0,0.0,0.0
50c1ff86,119.0,92.0,26.0,1.0,0.0,0.0,7,25.0,0.0,0.0,0.0,0.0,88.0,1.0,2.0
51ffa295,75.0,63.0,11.0,5.0,1.0,2.0,11,0.0,5.0,0.0,3.0,0.0,54.0,1.0,1.0
3708e9fa,264.0,232.0,29.0,5.0,0.0,1.0,35,5.0,19.0,9.0,7.0,0.0,191.0,3.0,6.0
8dcf77c0,43.0,40.0,3.0,0.0,0.0,0.0,0,3.0,0.0,0.0,0.0,0.0,27.0,0.0,5.0
4c2e9442,35.0,33.0,2.0,0.0,0.0,0.0,0,0.0,0.0,0.0,0.0,0.0,28.0,0.0,1.0
5c78cb9e,8.0,8.0,0.0,0.0,0.0,0.0,0,0.0,0.0,0.0,0.0,0.0,7.0,0.0,0.0
c275947b,100.0,92.0,7.0,4.0,2.0,1.0,3,1.0,2.0,2.0,0.0,0.0,80.0,1.0,2.0
49d028db,178.0,177.0,1.0,1.0,1.0,1.0,0,0.0,0.0,0.0,0.0,0.0,166.0,0.0,0.0
7cc5bd9c,4.0,4.0,0.0,0.0,0.0,0.0,0,0.0,0.0,0.0,0.0,0.0,2.0,0.0,0.0
c4f5eb61,24.0,23.0,1.0,1.0,0.0,0.0,0,0.0,0.0,0.0,0.0,0.0,19.0,0.0,1.0
4e4b59a4,4.0,4.0,0.0,0.0,0.0,1.0,0,0.0,0.0,0.0,0.0,0.0,4.0,0.0,0.0
9c74fa25,187.0,181.0,5.0,3.0,0.0,2.0,3,2.0,0.0,0.0,0.0,0.0,133.0,1.0,5.0
6f5f82c0,70.0,53.0,17.0,1.0,0.0,0.0,4,16.0,0.0,0.0,0.0,0.0,57.0,0.0,2.0
aad56ca3,149.0,139.0,10.0,1.0,1.0,0.0,5,0.0,2.0,0.0,1.0,0.0,108.0,0.0,4.0
3cd7820a,111.0,109.0,2.0,2.0,0.0,0.0,1,0.0,0.0,0.0,0.0,0.0,95.0,0.0,1.0
8e235926,48.0,46.0,2.0,1.0,1.0,0.0,1,0.0,0.0,0.0,0.0,0.0,35.0,0.0,1.0
54e4866f,308.0,278.0,29.0,11.0,2.0,3.0,26,4.0,13.0,10.0,3.0,0.0,245.0,1.0,1.0
37998008,11.0,6.0,5.0,1.0,0.0,0.0,0,0.0,0.0,0.0,0.0,0.0,2.0,0.0,0.0
0da5076f,124.0,111.0,13.0,2.0,1.0,0.0,13,4.0,7.0,2.0,5.0,0.0,86.0,0.0,5.0
5db7ba90,0.0,0.0,0.0,0.0,0.0,0.0,1,0.0,0.0,0.0,0.0,0.0,0.0,0.0,0.0
ef322658,200.0,190.0,9.0,8.0,1.0,3.0,1,1.0,0.0,0.0,0.0,0.0,172.0,1.0,1.0
0076ab7f,46.0,43.0,3.0,1.0,0.0,0.0,0,1.0,0.0,0.0,0.0,0.0,37.0,0.0,1.0
bb598858,65.0,47.0,18.0,2.0,0.0,0.0,5,16.0,0.0,0.0,0.0,0.0,44.0,0.0,5.0
58a3a572,206.0,164.0,42.0,2.0,0.0,1.0,15,39.0,1.0,1.0,0.0,0.0,158.0,0.0,7.0
1707d9c6,25.0,25.0,0.0,0.0,0.0,0.0,0,0.0,0.0,0.0,0.0,0.0,25.0,0.0,0.0
b73f17f8,85.0,83.0,2.0,0.0,0.0,0.0,9,0.0,0.0,0.0,0.0,0.0,53.0,0.0,4.0
8e48dc61,266.0,262.0,4.0,4.0,0.0,0.0,1,0.0,0.0,0.0,0.0,0.0,229.0,0.0,1.0
3741ca58,93.0,82.0,11.0,3.0,0.0,1.0,7,0.0,7.0,3.0,2.0,0.0,76.0,0.0,3.0
8593f88c,351.0,274.0,77.0,7.0,0.0,5.0,44,57.0,13.0,9.0,3.0,0.0,265.0,0.0,11.0
44400941,199.0,176.0,21.0,15.0,1.0,0.0,12,0.0,6.0,2.0,2.0,0.0,170.0,2.0,3.0
c7842dab,166.0,158.0,6.0,6.0,0.0,1.0,1,0.0,0.0,0.0,0.0,0.0,144.0,2.0,2.0
a6979b0f,86.0,73.0,13.0,4.0,0.0,2.0,12,2.0,7.0,2.0,3.0,0.0,60.0,0.0,5.0
70dcf94d,144.0,143.0,1.0,0.0,2.0,0.0,2,0.0,0.0,0.0,0.0,0.0,112.0,0.0,2.0
82cfae2a,305.0,287.0,17.0,13.0,0.0,0.0,1,4.0,0.0,0.0,0.0,0.0,261.0,1.0,0.0
7673e4bc,4.0,2.0,2.0,0.0,0.0,0.0,1,0.0,1.0,1.0,0.0,0.0,2.0,0.0,0.0
60831426,266.0,200.0,65.0,16.0,0.0,0.0,0,0.0,0.0,0.0,0.0,0.0,206.0,1.0,0.0
02b952ce,66.0,65.0,1.0,1.0,0.0,1.0,0,0.0,0.0,0.0,0.0,0.0,55.0,0.0,1.0
e6ad16b2,359.0,332.0,23.0,13.0,0.0,4.0,7,3.0,3.0,1.0,1.0,0.0,314.0,4.0,4.0
4fac8f81,425.0,411.0,14.0,11.0,0.0,4.0,0,2.0,0.0,0.0,0.0,0.0,366.0,0.0,3.0
f24ea523,66.0,63.0,2.0,0.0,0.0,0.0,2,0.0,0.0,0.0,0.0,0.0,40.0,1.0,1.0
bfc5768b,58.0,55.0,3.0,1.0,1.0,0.0,1,2.0,0.0,0.0,0.0,0.0,39.0,0.0,3.0
39e1138f,101.0,89.0,11.0,1.0,0.0,2.0,2,10.0,0.0,0.0,0.0,0.0,80.0,1.0,2.0
f0f64209,1.0,1.0,0.0,0.0,0.0,0.0,0,0.0,0.0,0.0,0.0,0.0,1.0,0.0,0.0
6b658db0,0.0,0.0,0.0,0.0,0.0,0.0,0,0.0,0.0,0.0,0.0,0.0,0.0,0.0,0.0
10161491,240.0,157.0,83.0,19.0,0.0,0.0,0,0.0,0.0,0.0,0.0,0.0,168.0,0.0,0.0
50871bcc,16.0,15.0,0.0,0.0,0.0,0.0,0,0.0,0.0,0.0,0.0,0.0,12.0,1.0,0.0
2dc925d5,11.0,11.0,0.0,0.0,0.0,0.0,0,0.0,0.0,0.0,0.0,0.0,6.0,0.0,0.0
fa066690,251.0,238.0,13.0,13.0,0.0,1.0,0,0.0,0.0,0.0,0.0,0.0,219.0,0.0,2.0
8059806f,114.0,113.0,1.0,0.0,1.0,1.0,5,1.0,0.0,0.0,0.0,0.0,86.0,0.0,5.0
fa94d227,9.0,9.0,0.0,0.0,0.0,0.0,0,0.0,0.0,0.0,0.0,0.0,7.0,0.0,0.0
90b70194,139.0,128.0,11.0,4.0,1.0,0.0,3,7.0,0.0,0.0,0.0,0.0,113.0,0.0,2.0
3642b47f,112.0,102.0,10.0,0.0,1.0,1.0,1,10.0,0.0,0.0,0.0,0.0,75.0,0.0,0.0
0c7a48f8,169.0,153.0,16.0,5.0,0.0,2.0,0,11.0,0.0,0.0,0.0,0.0,137.0,0.0,4.0
5521f419,32.0,28.0,4.0,0.0,0.0,0.0,0,0.0,0.0,0.0,0.0,0.0,24.0,0.0,0.0
2116f524,7.0,5.0,2.0,0.0,0.0,0.0,0,2.0,0.0,0.0,0.0,0.0,4.0,0.0,0.0
9a71e978,90.0,84.0,6.0,0.0,0.0,2.0,3,6.0,0.0,0.0,0.0,0.0,68.0,0.0,2.0
5d8e331f,334.0,327.0,7.0,3.0,1.0,1.0,2,0.0,0.0,0.0,0.0,0.0,295.0,0.0,1.0
d79a8c87,404.0,400.0,4.0,1.0,1.0,4.0,0,1.0,0.0,0.0,0.0,0.0,360.0,0.0,1.0
ca618d23,15.0,14.0,1.0,0.0,0.0,0.0,0,0.0,0.0,0.0,0.0,0.0,11.0,0.0,1.0
16839b27,56.0,56.0,0.0,0.0,0.0,1.0,0,0.0,0.0,0.0,0.0,0.0,46.0,0.0,1.0
951f1739,232.0,212.0,20.0,10.0,1.0,4.0,12,3.0,7.0,3.0,2.0,0.0,196.0,0.0,3.0
6603fed7,213.0,198.0,14.0,4.0,1.0,0.0,11,6.0,3.0,2.0,0.0,0.0,171.0,1.0,4.0
62de9d42,209.0,185.0,23.0,9.0,0.0,1.0,27,0.0,12.0,6.0,3.0,0.0,160.0,1.0,2.0
d5efd527,260.0,245.0,15.0,8.0,0.0,0.0,0,7.0,0.0,0.0,0.0,0.0,224.0,0.0,2.0
73b1d487,169.0,147.0,19.0,8.0,2.0,1.0,13,4.0,7.0,5.0,0.0,0.0,122.0,3.0,6.0
ad3389d5,66.0,48.0,18.0,4.0,0.0,1.0,0,0.0,0.0,0.0,0.0,0.0,52.0,0.0,0.0
15f3ec41,4.0,3.0,1.0,0.0,0.0,0.0,0,0.0,1.0,0.0,0.0,0.0,4.0,0.0,0.0
f2c1300a,219.0,215.0,4.0,3.0,0.0,1.0,0,1.0,0.0,0.0,0.0,0.0,204.0,0.0,0.0
e09436fb,4.0,4.0,0.0,0.0,0.0,0.0,0,0.0,0.0,0.0,0.0,0.0,2.0,0.0,0.0
4f5a953e,266.0,260.0,5.0,5.0,0.0,2.0,0,0.0,0.0,0.0,0.0,0.0,226.0,1.0,0.0
2f3452eb,451.0,373.0,77.0,11.0,0.0,5.0,6,66.0,0.0,0.0,0.0,0.0,379.0,1.0,7.0
952afd27,508.0,495.0,13.0,7.0,0.0,3.0,0,1.0,0.0,0.0,0.0,0.0,475.0,0.0,0.0
82efe6fa,324.0,314.0,10.0,5.0,0.0,5.0,1,5.0,0.0,0.0,0.0,0.0,292.0,0.0,1.0
34caa4b3,82.0,78.0,4.0,0.0,0.0,1.0,1,3.0,1.0,1.0,0.0,0.0,72.0,0.0,0.0
75645f0e,39.0,38.0,1.0,0.0,0.0,0.0,0,0.0,0.0,0.0,0.0,0.0,35.0,0.0,0.0
d5161564,1.0,1.0,0.0,0.0,0.0,0.0,0,0.0,0.0,0.0,0.0,0.0,1.0,0.0,0.0
ba492306,2.0,2.0,0.0,0.0,0.0,0.0,0,0.0,0.0,0.0,0.0,0.0,2.0,0.0,0.0
5ce0b5ba,141.0,139.0,2.0,2.0,0.0,2.0,1,0.0,0.0,0.0,0.0,0.0,127.0,0.0,3.0
4431aed2,97.0,94.0,3.0,0.0,0.0,1.0,0,0.0,0.0,0.0,0.0,0.0,72.0,0.0,4.0
92fa5d28,53.0,52.0,1.0,0.0,0.0,0.0,0,1.0,0.0,0.0,0.0,0.0,43.0,0.0,0.0
33651873,82.0,79.0,3.0,2.0,0.0,2.0,0,1.0,0.0,0.0,0.0,0.0,72.0,0.0,0.0
85c76f0a,17.0,17.0,0.0,0.0,0.0,0.0,0,0.0,0.0,0.0,0.0,0.0,13.0,0.0,0.0
f512a009,89.0,89.0,0.0,0.0,2.0,0.0,2,0.0,0.0,0.0,0.0,0.0,60.0,0.0,3.0
3d3ac5b8,44.0,39.0,5.0,1.0,0.0,1.0,3,4.0,0.0,0.0,0.0,0.0,28.0,0.0,0.0
5715bb71,164.0,151.0,13.0,3.0,1.0,1.0,19,7.0,3.0,2.0,1.0,0.0,108.0,0.0,5.0
4c82730b,118.0,110.0,7.0,2.0,0.0,0.0,6,5.0,0.0,0.0,0.0,0.0,88.0,1.0,6.0
a93b6f4e,207.0,203.0,2.0,2.0,0.0,1.0,5,0.0,0.0,0.0,0.0,0.0,165.0,2.0,3.0
08452314,155.0,145.0,8.0,2.0,0.0,4.0,10,5.0,1.0,0.0,1.0,0.0,110.0,2.0,4.0
a0415710,50.0,49.0,1.0,0.0,0.0,0.0,7,1.0,0.0,0.0,0.0,0.0,32.0,0.0,0.0
9866afec,205.0,193.0,11.0,10.0,1.0,5.0,3,1.0,0.0,0.0,0.0,0.0,176.0,1.0,2.0
2c5f04ba,13.0,8.0,5.0,1.0,0.0,0.0,4,0.0,3.0,1.0,2.0,0.0,11.0,0.0,0.0
53e442e2,42.0,42.0,0.0,0.0,0.0,0.0,2,0.0,0.0,0.0,0.0,0.0,30.0,0.0,1.0
706a337d,0.0,0.0,0.0,0.0,0.0,0.0,1,0.0,0.0,0.0,0.0,0.0,0.0,0.0,0.0
b66315ae,73.0,70.0,3.0,0.0,1.0,1.0,3,1.0,0.0,0.0,0.0,0.0,59.0,0.0,6.0
4c5b14d2,180.0,170.0,10.0,1.0,1.0,2.0,6,1.0,8.0,0.0,3.0,0.0,166.0,0.0,2.0
1bacc518,94.0,83.0,10.0,6.0,0.0,0.0,5,2.0,2.0,2.0,0.0,0.0,76.0,1.0,6.0
abb3bb95,76.0,73.0,2.0,0.0,0.0,0.0,1,0.0,0.0,0.0,0.0,0.0,44.0,1.0,2.0
2a0c8ba4,117.0,112.0,5.0,4.0,1.0,1.0,0,0.0,0.0,0.0,0.0,0.0,97.0,0.0,4.0
d87e2cae,154.0,148.0,6.0,0.0,0.0,3.0,1,0.0,0.0,0.0,0.0,0.0,127.0,0.0,3.0
84399660,1.0,1.0,0.0,0.0,0.0,0.0,0,0.0,0.0,0.0,0.0,0.0,0.0,0.0,0.0
72c01cfb,112.0,104.0,7.0,4.0,0.0,1.0,0,2.0,0.0,0.0,0.0,0.0,96.0,1.0,1.0
a29e5244,24.0,19.0,5.0,0.0,0.0,0.0,4,4.0,1.0,0.0,1.0,0.0,16.0,0.0,0.0
6358cb11,151.0,128.0,22.0,2.0,0.0,1.0,7,20.0,0.0,0.0,0.0,0.0,99.0,1.0,0.0
0a084b35,81.0,43.0,38.0,6.0,1.0,0.0,16,24.0,8.0,6.0,2.0,0.0,46.0,0.0,3.0
d29202c2,59.0,58.0,1.0,0.0,0.0,1.0,0,0.0,0.0,0.0,0.0,0.0,41.0,0.0,0.0
390eb94b,92.0,86.0,4.0,1.0,0.0,1.0,2,1.0,2.0,0.0,0.0,0.0,73.0,2.0,2.0
32f3d97e,46.0,46.0,0.0,0.0,0.0,0.0,0,0.0,0.0,0.0,0.0,0.0,41.0,0.0,0.0
66c52a77,170.0,133.0,37.0,1.0,0.0,0.0,10,36.0,0.0,0.0,0.0,0.0,124.0,0.0,3.0
d2800f47,130.0,112.0,17.0,3.0,0.0,3.0,10,3.0,10.0,5.0,0.0,0.0,95.0,1.0,6.0
d9ac09e2,49.0,43.0,6.0,0.0,1.0,0.0,4,1.0,0.0,0.0,0.0,0.0,27.0,0.0,5.0
bf4c41f9,78.0,71.0,6.0,0.0,0.0,0.0,5,0.0,0.0,0.0,0.0,0.0,62.0,1.0,3.0
f38a247a,61.0,61.0,0.0,0.0,0.0,0.0,0,0.0,0.0,0.0,0.0,0.0,54.0,0.0,1.0
4047c976,51.0,49.0,2.0,0.0,0.0,1.0,4,0.0,0.0,0.0,0.0,0.0,30.0,0.0,2.0
0f6e3474,258.0,247.0,10.0,6.0,0.0,4.0,0,4.0,0.0,0.0,0.0,0.0,209.0,1.0,4.0
53342701,340.0,284.0,56.0,9.0,1.0,5.0,1,43.0,0.0,0.0,0.0,0.0,297.0,0.0,1.0
af50141d,379.0,338.0,40.0,23.0,0.0,7.0,30,4.0,13.0,4.0,7.0,0.0,312.0,1.0,10.0
4123bc9a,107.0,94.0,13.0,4.0,0.0,2.0,10,3.0,6.0,4.0,2.0,0.0,81.0,0.0,1.0
1bd5735a,44.0,29.0,15.0,1.0,0.0,0.0,7,14.0,0.0,0.0,0.0,0.0,28.0,0.0,1.0
211589b8,34.0,33.0,1.0,0.0,0.0,0.0,1,0.0,0.0,0.0,0.0,0.0,27.0,0.0,1.0
9f84febe,82.0,66.0,16.0,0.0,0.0,1.0,5,16.0,0.0,0.0,0.0,0.0,67.0,0.0,3.0
d5127c3f,133.0,119.0,14.0,2.0,0.0,3.0,7,5.0,2.0,1.0,1.0,0.0,95.0,0.0,3.0
35bd124a,187.0,182.0,4.0,4.0,0.0,3.0,0,0.0,0.0,0.0,0.0,0.0,159.0,1.0,2.0
3d50bcdb,6.0,5.0,1.0,0.0,0.0,0.0,0,0.0,0.0,0.0,0.0,0.0,6.0,0.0,0.0
dc52c72f,117.0,77.0,40.0,6.0,0.0,0.0,3,34.0,0.0,0.0,0.0,0.0,84.0,0.0,3.0
d2c580ce,102.0,98.0,3.0,3.0,0.0,3.0,1,0.0,0.0,0.0,0.0,0.0,80.0,1.0,0.0
136958ad,3.0,3.0,0.0,0.0,0.0,0.0,0,0.0,0.0,0.0,0.0,0.0,3.0,0.0,0.0
05e19d6a,76.0,76.0,0.0,0.0,0.0,0.0,0,0.0,0.0,0.0,0.0,0.0,67.0,0.0,1.0
59e4b92e,247.0,242.0,1.0,0.0,2.0,4.0,3,0.0,0.0,0.0,0.0,0.0,195.0,4.0,5.0
b956af7d,95.0,84.0,9.0,0.0,0.0,0.0,0,1.0,0.0,0.0,0.0,0.0,51.0,2.0,3.0
718a3a5c,171.0,163.0,7.0,7.0,0.0,3.0,0,0.0,0.0,0.0,0.0,0.0,129.0,1.0,1.0
43458538,23.0,23.0,0.0,0.0,0.0,0.0,1,0.0,0.0,0.0,0.0,0.0,15.0,0.0,1.0
fc9b373e,85.0,85.0,0.0,0.0,1.0,0.0,0,0.0,0.0,0.0,0.0,0.0,70.0,0.0,1.0
ff711ca2,114.0,86.0,28.0,2.0,0.0,2.0,4,25.0,1.0,0.0,1.0,0.0,83.0,0.0,6.0
2b0852db,14.0,14.0,0.0,0.0,0.0,0.0,0,0.0,0.0,0.0,0.0,0.0,9.0,0.0,1.0
15fd5593,29.0,28.0,0.0,0.0,0.0,0.0,0,0.0,0.0,0.0,0.0,0.0,21.0,1.0,0.0
6bd5cd5d,437.0,421.0,15.0,15.0,0.0,0.0,2,0.0,0.0,0.0,0.0,0.0,352.0,1.0,4.0
988dfee2,221.0,209.0,12.0,9.0,1.0,0.0,0,0.0,0.0,0.0,0.0,0.0,181.0,0.0,0.0
ec48abb1,51.0,33.0,17.0,1.0,0.0,2.0,4,16.0,0.0,0.0,0.0,0.0,30.0,1.0,1.0
ff74841d,51.0,37.0,13.0,1.0,0.0,0.0,0,0.0,0.0,0.0,0.0,0.0,36.0,1.0,0.0
6747869d,5.0,5.0,0.0,0.0,0.0,0.0,0,0.0,0.0,0.0,0.0,0.0,2.0,0.0,0.0
9bf914b4,320.0,289.0,30.0,15.0,2.0,4.0,18,6.0,8.0,3.0,3.0,0.0,240.0,1.0,6.0
aee634bf,87.0,66.0,21.0,0.0,0.0,1.0,4,21.0,0.0,0.0,0.0,0.0,67.0,0.0,3.0
0f816ae5,24.0,24.0,0.0,0.0,0.0,0.0,0,0.0,0.0,0.0,0.0,0.0,22.0,0.0,0.0
1f3afdcb,12.0,9.0,3.0,0.0,0.0,0.0,0,3.0,0.0,0.0,0.0,0.0,12.0,0.0,0.0
b1cd37e6,68.0,62.0,6.0,1.0,0.0,0.0,14,4.0,1.0,0.0,1.0,0.0,56.0,0.0,2.0
4d1666ff,119.0,104.0,15.0,2.0,0.0,0.0,5,13.0,0.0,0.0,0.0,0.0,91.0,0.0,4.0
bc08556f,24.0,22.0,1.0,1.0,0.0,0.0,0,0.0,0.0,0.0,0.0,0.0,21.0,1.0,0.0
b79d8e93,2.0,2.0,0.0,0.0,0.0,0.0,0,0.0,0.0,0.0,0.0,0.0,2.0,0.0,0.0
60713cb3,168.0,104.0,64.0,14.0,0.0,0.0,0,0.0,0.0,0.0,0.0,0.0,87.0,0.0,0.0
50385760,197.0,138.0,58.0,5.0,0.0,1.0,14,53.0,0.0,0.0,0.0,0.0,125.0,1.0,5.0
2249e65b,55.0,51.0,4.0,0.0,0.0,1.0,1,0.0,0.0,0.0,0.0,0.0,45.0,0.0,0.0
3543ef90,0.0,0.0,0.0,0.0,0.0,0.0,0,0.0,0.0,0.0,0.0,0.0,0.0,0.0,0.0
1ac58ba6,158.0,152.0,5.0,5.0,0.0,7.0,0,0.0,0.0,0.0,0.0,0.0,132.0,1.0,1.0
47420f02,22.0,21.0,1.0,0.0,0.0,0.0,0,1.0,0.0,0.0,0.0,0.0,19.0,0.0,0.0
2a29eb9b,171.0,152.0,19.0,1.0,0.0,1.0,7,18.0,0.0,0.0,0.0,0.0,126.0,0.0,3.0
16aa3654,137.0,132.0,5.0,2.0,0.0,1.0,12,1.0,2.0,1.0,0.0,0.0,95.0,0.0,3.0
a40819d9,2.0,2.0,0.0,0.0,0.0,0.0,0,0.0,0.0,0.0,0.0,0.0,2.0,0.0,0.0
9ceb7642,253.0,234.0,16.0,10.0,1.0,9.0,8,4.0,2.0,1.0,1.0,0.0,208.0,3.0,4.0
6d86d9cd,89.0,81.0,6.0,0.0,0.0,1.0,1,2.0,0.0,0.0,0.0,0.0,64.0,2.0,2.0
9f115e20,97.0,96.0,1.0,1.0,0.0,0.0,0,0.0,0.0,0.0,0.0,0.0,76.0,0.0,1.0
2770726a,75.0,75.0,0.0,0.0,0.0,1.0,0,0.0,0.0,0.0,0.0,0.0,59.0,0.0,1.0
ef83dfcc,125.0,93.0,32.0,1.0,0.0,0.0,5,31.0,0.0,0.0,0.0,0.0,91.0,0.0,3.0
4e7db402,233.0,158.0,74.0,12.0,0.0,0.0,0,0.0,0.0,0.0,0.0,0.0,155.0,1.0,0.0
651fa4db,13.0,13.0,0.0,0.0,0.0,0.0,2,0.0,0.0,0.0,0.0,0.0,10.0,0.0,0.0
22798128,191.0,176.0,15.0,7.0,1.0,0.0,10,1.0,7.0,2.0,2.0,0.0,155.0,0.0,7.0
22798128,30.0,30.0,0.0,0.0,0.0,0.0,2,0.0,0.0,0.0,0.0,0.0,22.0,0.0,0.0
bf12926c,39.0,34.0,5.0,1.0,0.0,0.0,3,0.0,3.0,3.0,0.0,0.0,31.0,0.0,0.0
abe66106,11.0,9.0,2.0,1.0,0.0,0.0,0,0.0,1.0,0.0,0.0,0.0,10.0,0.0,0.0
8614496d,173.0,159.0,13.0,11.0,0.0,5.0,0,2.0,0.0,0.0,0.0,0.0,140.0,1.0,5.0
8cd49575,4.0,4.0,0.0,0.0,0.0,0.0,0,0.0,0.0,0.0,0.0,0.0,1.0,0.0,0.0
8b5504e1,236.0,217.0,17.0,1.0,0.0,1.0,16,15.0,1.0,0.0,0.0,0.0,184.0,2.0,6.0
00c9a283,168.0,162.0,4.0,3.0,1.0,1.0,2,1.0,0.0,0.0,0.0,0.0,133.0,2.0,2.0
02caf6e0,94.0,79.0,15.0,1.0,0.0,0.0,2,14.0,0.0,0.0,0.0,0.0,79.0,0.0,4.0
9a64e67e,143.0,139.0,4.0,4.0,0.0,0.0,0,0.0,0.0,0.0,0.0,0.0,129.0,0.0,0.0
56dd5e10,182.0,141.0,38.0,5.0,2.0,1.0,9,32.0,1.0,0.0,0.0,0.0,130.0,3.0,5.0
d2ddff2d,81.0,75.0,6.0,3.0,1.0,1.0,4,0.0,3.0,1.0,2.0,0.0,73.0,0.0,2.0
c4987edc,288.0,261.0,26.0,16.0,0.0,2.0,0,0.0,0.0,0.0,0.0,0.0,219.0,1.0,2.0
8d78e732,35.0,32.0,3.0,0.0,0.0,1.0,0,0.0,0.0,0.0,0.0,0.0,27.0,0.0,1.0
13fe7b69,7.0,7.0,0.0,0.0,0.0,0.0,1,0.0,0.0,0.0,0.0,0.0,4.0,0.0,0.0
0c09c984,264.0,250.0,12.0,6.0,0.0,0.0,2,5.0,1.0,0.0,0.0,0.0,213.0,2.0,4.0
302527b2,342.0,330.0,12.0,6.0,0.0,8.0,1,1.0,0.0,0.0,0.0,0.0,306.0,0.0,3.0
27504df8,217.0,176.0,40.0,9.0,1.0,2.0,19,25.0,4.0,2.0,2.0,0.0,173.0,1.0,3.0
f5deef4c,335.0,322.0,13.0,6.0,0.0,1.0,0,5.0,0.0,0.0,0.0,0.0,317.0,0.0,1.0
f99360b9,332.0,311.0,21.0,13.0,1.0,1.0,8,1.0,5.0,4.0,0.0,0.0,285.0,0.0,1.0
5e42afa3,76.0,73.0,3.0,1.0,0.0,0.0,1,1.0,0.0,0.0,0.0,0.0,58.0,0.0,4.0
a8a874f1,114.0,113.0,1.0,1.0,0.0,2.0,0,0.0,0.0,0.0,0.0,0.0,99.0,0.0,0.0
37f341f0,450.0,442.0,8.0,4.0,0.0,2.0,0,1.0,0.0,0.0,0.0,0.0,411.0,0.0,2.0
975eda74,38.0,34.0,3.0,0.0,0.0,0.0,2,0.0,2.0,0.0,1.0,0.0,30.0,1.0,1.0
184ea16a,1.0,1.0,0.0,0.0,0.0,0.0,0,0.0,0.0,0.0,0.0,0.0,1.0,0.0,0.0
8df5b30f,50.0,42.0,8.0,1.0,0.0,0.0,0,1.0,0.0,0.0,0.0,0.0,33.0,0.0,3.0
9b3ab988,260.0,207.0,53.0,2.0,0.0,3.0,7,51.0,0.0,0.0,0.0,0.0,194.0,0.0,9.0
939bc634,296.0,196.0,99.0,28.0,0.0,2.0,0,0.0,0.0,0.0,0.0,0.0,199.0,1.0,0.0
a99138af,46.0,45.0,1.0,0.0,0.0,1.0,0,1.0,0.0,0.0,0.0,0.0,42.0,0.0,1.0
83c06f3a,1.0,1.0,0.0,0.0,0.0,0.0,0,0.0,0.0,0.0,0.0,0.0,0.0,0.0,0.0
0ed60738,307.0,287.0,20.0,11.0,0.0,4.0,10,1.0,8.0,6.0,0.0,0.0,245.0,0.0,4.0
d4133fa1,150.0,144.0,6.0,6.0,2.0,2.0,1,0.0,0.0,0.0,0.0,0.0,121.0,0.0,2.0
bf34eebd,30.0,26.0,4.0,0.0,0.0,0.0,4,0.0,3.0,1.0,0.0,0.0,24.0,0.0,1.0
d8931174,119.0,115.0,4.0,4.0,0.0,3.0,0,0.0,0.0,0.0,0.0,0.0,105.0,0.0,1.0
d4808594,10.0,10.0,0.0,0.0,0.0,0.0,0,0.0,0.0,0.0,0.0,0.0,5.0,0.0,0.0
fc46aab1,293.0,261.0,32.0,11.0,1.0,2.0,29,2.0,19.0,6.0,8.0,0.0,240.0,0.0,4.0
6b6c793c,367.0,318.0,49.0,5.0,1.0,1.0,8,44.0,0.0,0.0,0.0,0.0,331.0,0.0,4.0
42f8775b,64.0,62.0,0.0,0.0,1.0,1.0,1,0.0,0.0,0.0,0.0,0.0,46.0,2.0,1.0
5aa53281,354.0,341.0,11.0,9.0,0.0,3.0,3,2.0,0.0,0.0,0.0,0.0,294.0,2.0,3.0
1d2d5cc8,234.0,173.0,61.0,21.0,0.0,0.0,0,0.0,0.0,0.0,0.0,0.0,169.0,0.0,0.0
c707411f,29.0,29.0,0.0,0.0,0.0,0.0,0,0.0,0.0,0.0,0.0,0.0,27.0,0.0,0.0
603116a7,44.0,38.0,5.0,3.0,0.0,2.0,3,2.0,0.0,0.0,0.0,0.0,33.0,1.0,1.0
8d7323e8,132.0,112.0,15.0,1.0,0.0,5.0,5,1.0,3.0,2.0,0.0,0.0,91.0,5.0,7.0
a83c19cf,51.0,50.0,1.0,0.0,1.0,1.0,3,0.0,1.0,0.0,0.0,0.0,40.0,0.0,3.0
d9764034,191.0,185.0,6.0,5.0,0.0,0.0,0,0.0,0.0,0.0,0.0,0.0,169.0,0.0,1.0
59878425,77.0,74.0,3.0,0.0,1.0,1.0,8,2.0,1.0,0.0,0.0,0.0,58.0,0.0,3.0
04964f4f,20.0,20.0,0.0,0.0,0.0,0.0,2,0.0,0.0,0.0,0.0,0.0,12.0,0.0,0.0
8b788c01,14.0,14.0,0.0,0.0,1.0,0.0,0,0.0,0.0,0.0,0.0,0.0,11.0,0.0,0.0
48a5a5d6,150.0,130.0,20.0,5.0,1.0,1.0,11,4.0,11.0,7.0,0.0,0.0,124.0,0.0,4.0
52061089,183.0,180.0,3.0,3.0,0.0,2.0,0,0.0,0.0,0.0,0.0,0.0,149.0,0.0,0.0
bac46a10,491.0,468.0,20.0,8.0,5.0,6.0,0,3.0,0.0,0.0,0.0,0.0,418.0,3.0,1.0
3ef0fa48,14.0,14.0,0.0,0.0,0.0,0.0,1,0.0,0.0,0.0,0.0,0.0,13.0,0.0,0.0
d4535821,250.0,217.0,32.0,4.0,0.0,0.0,3,28.0,0.0,0.0,0.0,0.0,231.0,1.0,1.0
9d689a5b,74.0,72.0,1.0,0.0,1.0,0.0,1,0.0,0.0,0.0,0.0,0.0,54.0,1.0,5.0
15944afd,46.0,46.0,0.0,0.0,0.0,1.0,0,0.0,0.0,0.0,0.0,0.0,39.0,0.0,0.0
ef3909cd,223.0,154.0,69.0,25.0,0.0,0.0,0,0.0,0.0,0.0,0.0,0.0,171.0,0.0,0.0
eb7822d7,380.0,364.0,15.0,14.0,1.0,2.0,4,1.0,0.0,0.0,0.0,0.0,337.0,1.0,4.0
cf1ef7ec,57.0,47.0,10.0,2.0,0.0,0.0,1,8.0,0.0,0.0,0.0,0.0,44.0,0.0,3.0
d8bffa70,157.0,113.0,44.0,6.0,1.0,0.0,7,38.0,0.0,0.0,0.0,0.0,108.0,0.0,4.0
1adcf39e,188.0,166.0,20.0,4.0,0.0,1.0,2,0.0,1.0,0.0,1.0,0.0,165.0,2.0,1.0
826e8b63,228.0,195.0,32.0,5.0,0.0,1.0,11,27.0,0.0,0.0,0.0,0.0,182.0,1.0,3.0
f9de9c23,0.0,0.0,0.0,0.0,0.0,0.0,0,0.0,0.0,0.0,0.0,0.0,0.0,0.0,0.0
d93c2511,87.0,86.0,1.0,0.0,0.0,1.0,1,1.0,0.0,0.0,0.0,0.0,72.0,0.0,0.0
97e2aa67,61.0,58.0,2.0,0.0,1.0,1.0,2,0.0,2.0,0.0,1.0,0.0,50.0,1.0,1.0
89c63f8c,122.0,119.0,3.0,3.0,1.0,0.0,0,0.0,0.0,0.0,0.0,0.0,102.0,0.0,0.0
e66e4ddc,22.0,19.0,3.0,3.0,0.0,0.0,0,0.0,0.0,0.0,0.0,0.0,15.0,0.0,0.0
70c52749,283.0,217.0,63.0,9.0,0.0,0.0,10,54.0,0.0,0.0,0.0,0.0,230.0,3.0,5.0
c9e39d91,241.0,211.0,29.0,6.0,1.0,5.0,28,3.0,20.0,5.0,10.0,0.0,188.0,1.0,2.0
de89f3c3,19.0,15.0,3.0,2.0,0.0,0.0,2,0.0,1.0,0.0,0.0,1.0,12.0,1.0,0.0
d080ed5e,209.0,205.0,3.0,3.0,1.0,2.0,3,0.0,0.0,0.0,0.0,0.0,153.0,1.0,11.0
0bfca6a1,245.0,193.0,51.0,6.0,0.0,2.0,29,31.0,14.0,6.0,6.0,0.0,179.0,1.0,5.0
ef2ad14e,95.0,94.0,1.0,0.0,0.0,0.0,0,1.0,0.0,0.0,0.0,0.0,87.0,0.0,0.0
1e274a0a,38.0,37.0,1.0,0.0,0.0,0.0,1,1.0,0.0,0.0,0.0,0.0,24.0,0.0,3.0
c54638ba,5.0,4.0,1.0,0.0,0.0,0.0,0,1.0,0.0,0.0,0.0,0.0,3.0,0.0,1.0
903b3b77,231.0,224.0,7.0,6.0,0.0,2.0,0,1.0,0.0,0.0,0.0,0.0,177.0,0.0,2.0
37aa57c0,300.0,287.0,12.0,12.0,0.0,10.0,0,0.0,0.0,0.0,0.0,0.0,244.0,1.0,1.0
4e6dbac4,239.0,233.0,4.0,1.0,1.0,3.0,8,3.0,0.0,0.0,0.0,0.0,165.0,2.0,9.0
746b64a7,238.0,222.0,13.0,12.0,0.0,3.0,1,1.0,0.0,0.0,0.0,0.0,181.0,3.0,3.0
f833a830,77.0,72.0,5.0,0.0,0.0,2.0,5,1.0,3.0,2.0,1.0,0.0,55.0,0.0,3.0
bbf5c11b,1.0,0.0,1.0,0.0,0.0,0.0,0,0.0,0.0,0.0,0.0,0.0,1.0,0.0,0.0
ead61f73,301.0,268.0,30.0,3.0,0.0,0.0,18,24.0,3.0,0.0,3.0,0.0,229.0,3.0,8.0
232b3da4,66.0,64.0,1.0,0.0,0.0,1.0,3,1.0,0.0,0.0,0.0,0.0,45.0,1.0,2.0
8a56c04c,84.0,81.0,3.0,1.0,1.0,2.0,2,0.0,0.0,0.0,0.0,0.0,53.0,0.0,6.0
bf80db4d,280.0,268.0,11.0,11.0,2.0,3.0,0,0.0,0.0,0.0,0.0,0.0,233.0,1.0,4.0
a55ba2f8,151.0,151.0,0.0,0.0,0.0,0.0,0,0.0,0.0,0.0,0.0,0.0,139.0,0.0,1.0
595e6f3e,109.0,100.0,8.0,1.0,0.0,0.0,2,1.0,0.0,0.0,0.0,0.0,68.0,1.0,3.0
b62878a5,42.0,42.0,0.0,0.0,0.0,0.0,2,0.0,0.0,0.0,0.0,0.0,31.0,0.0,1.0
00844823,44.0,40.0,3.0,3.0,0.0,0.0,0,0.0,0.0,0.0,0.0,0.0,35.0,1.0,2.0
7e82a78f,50.0,43.0,7.0,4.0,0.0,0.0,6,0.0,3.0,1.0,2.0,0.0,41.0,0.0,1.0
374d5158,14.0,11.0,3.0,0.0,0.0,0.0,0,3.0,0.0,0.0,0.0,0.0,11.0,0.0,0.0
0c3f7197,75.0,72.0,2.0,0.0,0.0,0.0,4,2.0,0.0,0.0,0.0,0.0,55.0,1.0,3.0
16e9d0ea,46.0,37.0,8.0,1.0,0.0,0.0,2,7.0,0.0,0.0,0.0,0.0,35.0,1.0,1.0
99351886,212.0,151.0,61.0,24.0,0.0,1.0,0,0.0,0.0,0.0,0.0,0.0,153.0,0.0,0.0
a650c75b,26.0,26.0,0.0,0.0,0.0,2.0,0,0.0,0.0,0.0,0.0,0.0,22.0,0.0,0.0
1774c547,4.0,4.0,0.0,0.0,0.0,0.0,0,0.0,0.0,0.0,0.0,0.0,2.0,0.0,0.0
af0c835b,286.0,279.0,6.0,5.0,0.0,3.0,5,0.0,1.0,0.0,0.0,0.0,247.0,1.0,4.0
0959184b,103.0,98.0,4.0,0.0,0.0,0.0,4,4.0,0.0,0.0,0.0,0.0,78.0,1.0,3.0
228b0d9d,39.0,29.0,10.0,1.0,0.0,0.0,4,9.0,0.0,0.0,0.0,0.0,29.0,0.0,1.0
1d438d6c,12.0,11.0,1.0,1.0,0.0,0.0,2,0.0,0.0,0.0,0.0,0.0,8.0,0.0,0.0
808035bd,288.0,285.0,2.0,2.0,0.0,0.0,1,0.0,0.0,0.0,0.0,0.0,230.0,1.0,0.0
6445d6fe,29.0,29.0,0.0,0.0,0.0,0.0,1,0.0,0.0,0.0,0.0,0.0,22.0,0.0,1.0
15317e60,0.0,0.0,0.0,0.0,0.0,0.0,0,0.0,0.0,0.0,0.0,0.0,0.0,0.0,0.0
2ff76adc,330.0,263.0,66.0,9.0,0.0,1.0,15,57.0,0.0,0.0,0.0,0.0,270.0,1.0,6.0
3e9bd29d,115.0,102.0,11.0,0.0,0.0,0.0,8,11.0,0.0,0.0,0.0,0.0,91.0,2.0,2.0
d4aa40b8,22.0,12.0,9.0,2.0,0.0,0.0,5,1.0,4.0,1.0,3.0,0.0,15.0,1.0,1.0
f32a988d,17.0,12.0,5.0,3.0,0.0,0.0,4,0.0,2.0,1.0,1.0,0.0,8.0,0.0,0.0
c997b942,92.0,90.0,2.0,1.0,0.0,0.0,6,0.0,1.0,0.0,1.0,0.0,69.0,0.0,2.0
3f10bd22,111.0,94.0,17.0,1.0,0.0,1.0,6,15.0,1.0,0.0,0.0,0.0,92.0,0.0,6.0
ed45a7d7,13.0,13.0,0.0,0.0,0.0,0.0,0,0.0,0.0,0.0,0.0,0.0,11.0,0.0,0.0
244a31b9,351.0,328.0,22.0,9.0,0.0,8.0,1,13.0,0.0,0.0,0.0,0.0,306.0,1.0,2.0
c5bdb6e3,69.0,60.0,8.0,1.0,0.0,0.0,10,0.0,7.0,6.0,0.0,0.0,53.0,1.0,3.0
0880e10b,79.0,53.0,26.0,3.0,0.0,0.0,0,0.0,0.0,0.0,0.0,0.0,56.0,0.0,0.0
36a79857,84.0,73.0,11.0,1.0,3.0,0.0,11,2.0,8.0,3.0,3.0,0.0,55.0,0.0,3.0
8eef18aa,37.0,36.0,0.0,0.0,0.0,0.0,0,0.0,0.0,0.0,0.0,0.0,32.0,1.0,2.0
5853ac44,83.0,81.0,2.0,1.0,0.0,1.0,0,1.0,0.0,0.0,0.0,0.0,77.0,0.0,0.0
06e5b0e4,83.0,80.0,3.0,3.0,0.0,1.0,1,0.0,0.0,0.0,0.0,0.0,65.0,0.0,0.0
f40dd3c7,209.0,200.0,9.0,0.0,0.0,0.0,12,9.0,0.0,0.0,0.0,0.0,143.0,0.0,7.0
30fab1ee,37.0,37.0,0.0,0.0,0.0,0.0,0,0.0,0.0,0.0,0.0,0.0,30.0,0.0,1.0
a7d48b00,35.0,34.0,1.0,0.0,1.0,0.0,1,1.0,0.0,0.0,0.0,0.0,18.0,0.0,4.0
a53649b7,144.0,136.0,8.0,0.0,0.0,0.0,2,1.0,0.0,0.0,0.0,0.0,113.0,0.0,1.0
b91a6912,75.0,70.0,4.0,2.0,0.0,0.0,0,2.0,0.0,0.0,0.0,0.0,64.0,1.0,3.0
56bcde74,67.0,66.0,1.0,1.0,0.0,2.0,0,0.0,0.0,0.0,0.0,0.0,47.0,0.0,1.0
afb0c500,271.0,192.0,79.0,12.0,0.0,1.0,0,0.0,0.0,0.0,0.0,0.0,210.0,0.0,0.0
2ffa6348,254.0,249.0,4.0,3.0,1.0,7.0,0,0.0,0.0,0.0,0.0,0.0,233.0,1.0,0.0
a08b974a,38.0,37.0,1.0,0.0,0.0,0.0,0,1.0,0.0,0.0,0.0,0.0,30.0,0.0,0.0
ca607d59,46.0,44.0,2.0,0.0,0.0,1.0,3,0.0,0.0,0.0,0.0,0.0,35.0,0.0,2.0
2bc17985,81.0,72.0,8.0,1.0,1.0,1.0,10,0.0,6.0,0.0,3.0,1.0,48.0,1.0,1.0
743ffce1,47.0,40.0,7.0,0.0,0.0,0.0,1,0.0,0.0,0.0,0.0,0.0,29.0,0.0,0.0
a8fbae1d,384.0,372.0,11.0,11.0,0.0,5.0,0,0.0,0.0,0.0,0.0,0.0,332.0,1.0,2.0
2b53f7a5,279.0,258.0,20.0,5.0,4.0,2.0,14,2.0,13.0,0.0,8.0,0.0,208.0,1.0,5.0
fa73ccc7,234.0,223.0,10.0,5.0,0.0,3.0,0,1.0,1.0,0.0,0.0,0.0,190.0,1.0,7.0
2f72f79e,149.0,132.0,16.0,3.0,0.0,1.0,10,12.0,1.0,0.0,1.0,0.0,115.0,1.0,4.0
095ec83c,28.0,27.0,1.0,0.0,0.0,0.0,1,0.0,0.0,0.0,0.0,0.0,20.0,0.0,2.0
4534a352,174.0,170.0,4.0,4.0,0.0,2.0,0,0.0,0.0,0.0,0.0,0.0,159.0,0.0,0.0
6456e745,140.0,137.0,2.0,0.0,0.0,0.0,2,2.0,0.0,0.0,0.0,0.0,120.0,1.0,2.0
c0347e9b,51.0,48.0,3.0,0.0,0.0,0.0,0,3.0,0.0,0.0,0.0,0.0,46.0,0.0,0.0
5333d7de,9.0,7.0,2.0,2.0,0.0,1.0,0,0.0,0.0,0.0,0.0,0.0,5.0,0.0,0.0
03b6afa9,251.0,193.0,58.0,12.0,0.0,0.0,5,46.0,0.0,0.0,0.0,0.0,213.0,0.0,4.0
6578600f,43.0,40.0,3.0,0.0,0.0,0.0,4,2.0,0.0,0.0,0.0,0.0,31.0,0.0,2.0
2f88752d,105.0,105.0,0.0,0.0,1.0,1.0,1,0.0,0.0,0.0,0.0,0.0,84.0,0.0,1.0
a8f41212,60.0,51.0,8.0,2.0,2.0,1.0,3,0.0,4.0,2.0,0.0,0.0,39.0,1.0,4.0
44150beb,387.0,383.0,2.0,2.0,0.0,1.0,0,0.0,0.0,0.0,0.0,0.0,342.0,2.0,0.0
be855308,243.0,191.0,51.0,6.0,0.0,1.0,0,0.0,0.0,0.0,0.0,0.0,202.0,1.0,0.0
089c7323,24.0,24.0,0.0,0.0,0.0,0.0,1,0.0,0.0,0.0,0.0,0.0,20.0,0.0,0.0
e82adcab,200.0,198.0,1.0,1.0,1.0,1.0,0,0.0,0.0,0.0,0.0,0.0,167.0,1.0,3.0
779847d6,267.0,258.0,9.0,4.0,0.0,1.0,2,5.0,0.0,0.0,0.0,0.0,221.0,0.0,6.0
16ea3bb1,130.0,121.0,7.0,6.0,0.0,0.0,0,1.0,0.0,0.0,0.0,0.0,98.0,2.0,0.0
1e8dbb59,15.0,15.0,0.0,0.0,0.0,0.0,0,0.0,0.0,0.0,0.0,0.0,12.0,0.0,0.0
b682dcf6,28.0,25.0,3.0,3.0,0.0,0.0,0,0.0,0.0,0.0,0.0,0.0,17.0,0.0,0.0
e1bbb68d,77.0,72.0,5.0,4.0,3.0,0.0,2,1.0,0.0,0.0,0.0,0.0,60.0,0.0,1.0
dff153a4,70.0,67.0,3.0,1.0,0.0,0.0,2,0.0,2.0,2.0,0.0,0.0,63.0,0.0,1.0
52522325,8.0,7.0,1.0,0.0,0.0,0.0,2,0.0,1.0,1.0,0.0,0.0,6.0,0.0,0.0
529f49ab,65.0,63.0,2.0,2.0,0.0,2.0,0,0.0,0.0,0.0,0.0,0.0,58.0,0.0,1.0
4c5039bd,88.0,51.0,36.0,6.0,0.0,0.0,0,0.0,0.0,0.0,0.0,0.0,49.0,1.0,0.0
1da13ab9,162.0,122.0,40.0,8.0,0.0,1.0,12,27.0,5.0,2.0,2.0,0.0,115.0,0.0,3.0
f7223718,191.0,177.0,13.0,9.0,0.0,8.0,0,0.0,0.0,0.0,0.0,0.0,168.0,1.0,1.0
79b0d6a0,169.0,122.0,47.0,11.0,0.0,0.0,0,0.0,0.0,0.0,0.0,0.0,139.0,0.0,0.0
a62c16d0,24.0,22.0,2.0,0.0,0.0,1.0,0,0.0,0.0,0.0,0.0,0.0,14.0,0.0,0.0
f3fa599d,340.0,282.0,56.0,4.0,0.0,2.0,14,51.0,1.0,1.0,0.0,0.0,265.0,2.0,6.0
25146df0,64.0,61.0,3.0,2.0,0.0,1.0,2,0.0,0.0,0.0,0.0,0.0,57.0,0.0,0.0
596cc50e,198.0,166.0,32.0,4.0,0.0,2.0,5,28.0,0.0,0.0,0.0,0.0,172.0,0.0,3.0
0d9b2d31,21.0,20.0,1.0,0.0,0.0,0.0,1,0.0,1.0,1.0,0.0,0.0,14.0,0.0,3.0
8b0d9f35,125.0,116.0,9.0,9.0,1.0,0.0,0,0.0,0.0,0.0,0.0,0.0,110.0,0.0,0.0
3ca7254a,138.0,136.0,2.0,0.0,1.0,0.0,12,2.0,0.0,0.0,0.0,0.0,113.0,0.0,4.0
81255c03,39.0,36.0,3.0,0.0,0.0,1.0,2,1.0,0.0,0.0,0.0,0.0,25.0,0.0,1.0
b684a484,45.0,45.0,0.0,0.0,2.0,0.0,0,0.0,0.0,0.0,0.0,0.0,22.0,0.0,0.0
4a5a45c7,264.0,213.0,50.0,9.0,3.0,3.0,48,2.0,37.0,14.0,22.0,0.0,187.0,1.0,11.0
9d9e69df,67.0,61.0,5.0,3.0,1.0,0.0,5,2.0,0.0,0.0,0.0,0.0,45.0,1.0,0.0
7af31216,183.0,168.0,15.0,2.0,0.0,6.0,0,13.0,0.0,0.0,0.0,0.0,151.0,0.0,0.0
eda8506a,146.0,134.0,10.0,9.0,0.0,2.0,3,1.0,0.0,0.0,0.0,0.0,116.0,2.0,1.0
b7de5bad,114.0,100.0,14.0,1.0,0.0,0.0,10,13.0,0.0,0.0,0.0,0.0,87.0,0.0,4.0
a5549ec1,93.0,91.0,2.0,2.0,0.0,0.0,0,0.0,0.0,0.0,0.0,0.0,76.0,0.0,1.0
ec61b68f,73.0,62.0,11.0,1.0,0.0,0.0,2,6.0,4.0,1.0,1.0,0.0,51.0,0.0,1.0
a2f2d806,55.0,45.0,10.0,1.0,1.0,0.0,3,0.0,0.0,0.0,0.0,0.0,35.0,0.0,3.0
f93e6e94,79.0,77.0,2.0,0.0,0.0,1.0,1,0.0,0.0,0.0,0.0,0.0,58.0,0.0,1.0
6db16dda,5.0,5.0,0.0,0.0,0.0,0.0,0,0.0,0.0,0.0,0.0,0.0,4.0,0.0,0.0
8c725b43,133.0,132.0,1.0,1.0,0.0,0.0,0,0.0,0.0,0.0,0.0,0.0,122.0,0.0,0.0
af686bed,259.0,247.0,12.0,11.0,0.0,2.0,0,1.0,0.0,0.0,0.0,0.0,230.0,0.0,3.0
10f1cd17,147.0,122.0,24.0,0.0,0.0,1.0,5,24.0,0.0,0.0,0.0,0.0,111.0,1.0,1.0
00b86f5e,204.0,127.0,76.0,21.0,0.0,0.0,0,0.0,0.0,0.0,0.0,0.0,134.0,1.0,0.0
4760b2f2,57.0,55.0,2.0,2.0,0.0,0.0,0,0.0,0.0,0.0,0.0,0.0,51.0,0.0,0.0
29b61deb,99.0,99.0,0.0,0.0,0.0,0.0,0,0.0,0.0,0.0,0.0,0.0,74.0,0.0,1.0
67f0703d,97.0,87.0,8.0,5.0,0.0,0.0,0,0.0,0.0,0.0,0.0,0.0,82.0,2.0,0.0
6637e6a7,199.0,196.0,3.0,2.0,3.0,1.0,5,1.0,0.0,0.0,0.0,0.0,138.0,0.0,5.0
277da414,249.0,184.0,64.0,17.0,0.0,3.0,0,0.0,0.0,0.0,0.0,0.0,209.0,1.0,1.0
d03380ec,54.0,44.0,9.0,0.0,0.0,0.0,3,9.0,0.0,0.0,0.0,0.0,29.0,1.0,1.0
c68b1b13,30.0,24.0,6.0,0.0,0.0,0.0,4,5.0,1.0,1.0,0.0,0.0,21.0,0.0,2.0
185a2732,41.0,40.0,1.0,0.0,0.0,0.0,3,0.0,1.0,1.0,0.0,0.0,31.0,0.0,0.0
9c2e7413,3.0,3.0,0.0,0.0,0.0,0.0,0,0.0,0.0,0.0,0.0,0.0,1.0,0.0,0.0
8794e251,120.0,119.0,1.0,0.0,1.0,0.0,0,1.0,0.0,0.0,0.0,0.0,110.0,0.0,0.0
faed84db,117.0,115.0,2.0,2.0,0.0,3.0,0,0.0,0.0,0.0,0.0,0.0,103.0,0.0,0.0
30e03a25,165.0,158.0,7.0,7.0,0.0,4.0,2,0.0,0.0,0.0,0.0,0.0,116.0,0.0,5.0
53de807a,65.0,61.0,4.0,0.0,0.0,0.0,0,4.0,0.0,0.0,0.0,0.0,56.0,0.0,0.0
cbeed9e6,9.0,8.0,1.0,0.0,0.0,0.0,0,0.0,0.0,0.0,0.0,0.0,6.0,0.0,0.0
67b054d1,258.0,220.0,34.0,9.0,0.0,5.0,0,25.0,0.0,0.0,0.0,0.0,203.0,4.0,6.0
e150254d,60.0,58.0,2.0,0.0,0.0,1.0,2,1.0,1.0,0.0,0.0,0.0,40.0,0.0,3.0
89f951b5,128.0,109.0,19.0,9.0,0.0,6.0,8,0.0,10.0,1.0,2.0,0.0,103.0,0.0,2.0
7483d9f9,408.0,393.0,14.0,13.0,0.0,4.0,0,0.0,0.0,0.0,0.0,0.0,341.0,1.0,2.0
466fb2c5,68.0,53.0,15.0,7.0,0.0,0.0,0,0.0,0.0,0.0,0.0,0.0,45.0,0.0,0.0
3423f250,68.0,58.0,10.0,3.0,0.0,2.0,8,2.0,5.0,3.0,0.0,0.0,43.0,0.0,4.0
9937ce4a,127.0,117.0,10.0,0.0,0.0,0.0,3,4.0,0.0,0.0,0.0,0.0,87.0,0.0,4.0
a1d5bd30,146.0,138.0,8.0,0.0,3.0,2.0,4,3.0,0.0,0.0,0.0,0.0,114.0,0.0,5.0
6c249ea7,161.0,126.0,35.0,5.0,0.0,1.0,6,30.0,0.0,0.0,0.0,0.0,122.0,0.0,5.0
92d6bdc9,1.0,1.0,0.0,0.0,0.0,0.0,0,0.0,0.0,0.0,0.0,0.0,1.0,0.0,0.0
ae1159bf,71.0,70.0,1.0,0.0,0.0,2.0,0,1.0,0.0,0.0,0.0,0.0,69.0,0.0,0.0
374ee424,207.0,167.0,40.0,16.0,0.0,0.0,0,0.0,0.0,0.0,0.0,0.0,164.0,0.0,0.0
c5cbbcff,122.0,109.0,12.0,2.0,0.0,0.0,2,10.0,0.0,0.0,0.0,0.0,106.0,1.0,1.0
4bd00a50,166.0,151.0,15.0,3.0,0.0,1.0,0,12.0,0.0,0.0,0.0,0.0,148.0,0.0,1.0
ba6d9ff6,105.0,103.0,1.0,0.0,0.0,0.0,6,1.0,0.0,0.0,0.0,0.0,75.0,1.0,3.0
d9ba39fc,280.0,231.0,48.0,3.0,1.0,1.0,16,45.0,0.0,0.0,0.0,0.0,229.0,1.0,5.0
572498c7,70.0,58.0,10.0,1.0,1.0,0.0,2,9.0,0.0,0.0,0.0,0.0,51.0,2.0,1.0
6ff91a3a,37.0,36.0,1.0,1.0,0.0,1.0,0,0.0,0.0,0.0,0.0,0.0,30.0,0.0,0.0
335fa267,64.0,63.0,1.0,0.0,0.0,1.0,0,0.0,0.0,0.0,0.0,0.0,52.0,0.0,3.0
4dedd469,254.0,206.0,48.0,3.0,0.0,0.0,17,43.0,2.0,0.0,1.0,0.0,183.0,0.0,6.0
8d62d31a,234.0,226.0,7.0,6.0,0.0,1.0,0,1.0,0.0,0.0,0.0,0.0,200.0,1.0,0.0
85bed4ee,221.0,215.0,6.0,3.0,0.0,2.0,9,3.0,0.0,0.0,0.0,0.0,191.0,0.0,5.0
2ab7149e,50.0,50.0,0.0,0.0,0.0,0.0,0,0.0,0.0,0.0,0.0,0.0,45.0,0.0,0.0
149895bf,30.0,30.0,0.0,0.0,1.0,0.0,3,0.0,0.0,0.0,0.0,0.0,21.0,0.0,1.0
34e393f2,152.0,148.0,4.0,4.0,0.0,2.0,1,0.0,0.0,0.0,0.0,0.0,139.0,0.0,0.0
55e81c76,72.0,71.0,0.0,0.0,0.0,0.0,0,0.0,0.0,0.0,0.0,0.0,66.0,1.0,0.0
ac4961c8,56.0,52.0,4.0,0.0,0.0,0.0,8,4.0,0.0,0.0,0.0,0.0,39.0,0.0,4.0
3ead85f9,288.0,279.0,9.0,8.0,1.0,3.0,0,0.0,0.0,0.0,0.0,0.0,265.0,0.0,1.0
fef20ac5,50.0,48.0,2.0,2.0,0.0,0.0,0,0.0,0.0,0.0,0.0,0.0,44.0,0.0,1.0
ca6edaa0,20.0,19.0,1.0,0.0,0.0,0.0,0,1.0,0.0,0.0,0.0,0.0,18.0,0.0,1.0
dea698d9,178.0,170.0,7.0,0.0,0.0,3.0,5,1.0,0.0,0.0,0.0,0.0,149.0,1.0,5.0
81069528,199.0,153.0,45.0,6.0,1.0,0.0,10,39.0,0.0,0.0,0.0,0.0,142.0,1.0,6.0
a81dba8c,108.0,93.0,15.0,3.0,1.0,0.0,13,1.0,10.0,4.0,3.0,0.0,89.0,0.0,7.0
13203c45,39.0,28.0,10.0,0.0,0.0,0.0,6,10.0,0.0,0.0,0.0,0.0,28.0,1.0,2.0
a55d8df5,373.0,317.0,56.0,8.0,1.0,5.0,7,48.0,0.0,0.0,0.0,0.0,304.0,0.0,6.0
6cbf8d0d,98.0,94.0,4.0,0.0,1.0,1.0,2,2.0,0.0,0.0,0.0,0.0,69.0,0.0,4.0
b3dc6eca,149.0,148.0,1.0,1.0,0.0,1.0,0,0.0,0.0,0.0,0.0,0.0,139.0,0.0,1.0
625c144a,57.0,42.0,15.0,5.0,0.0,0.0,0,0.0,0.0,0.0,0.0,0.0,47.0,0.0,0.0
009a4f60,180.0,127.0,49.0,3.0,2.0,0.0,18,46.0,0.0,0.0,0.0,0.0,117.0,4.0,8.0
a70b8345,285.0,209.0,76.0,28.0,0.0,0.0,0,0.0,0.0,0.0,0.0,0.0,190.0,0.0,0.0
fbbb9269,27.0,27.0,0.0,0.0,0.0,0.0,2,0.0,0.0,0.0,0.0,0.0,24.0,0.0,0.0
686cbe7d,8.0,7.0,1.0,0.0,0.0,0.0,0,0.0,0.0,0.0,0.0,0.0,6.0,0.0,1.0
595ccab1,229.0,180.0,48.0,4.0,0.0,0.0,0,0.0,0.0,0.0,0.0,0.0,174.0,1.0,0.0
3ec9f005,126.0,124.0,2.0,1.0,0.0,1.0,5,1.0,0.0,0.0,0.0,0.0,107.0,0.0,1.0
bc7dc64d,107.0,96.0,11.0,1.0,0.0,0.0,17,2.0,8.0,7.0,0.0,0.0,86.0,0.0,2.0
cad3fd4d,22.0,22.0,0.0,0.0,0.0,0.0,2,0.0,0.0,0.0,0.0,0.0,19.0,0.0,1.0
972aeb2a,193.0,189.0,4.0,4.0,0.0,2.0,0,0.0,0.0,0.0,0.0,0.0,176.0,0.0,0.0
218e344d,111.0,108.0,3.0,3.0,0.0,0.0,2,0.0,0.0,0.0,0.0,0.0,94.0,0.0,4.0
bf075f6b,11.0,11.0,0.0,0.0,0.0,0.0,2,0.0,0.0,0.0,0.0,0.0,5.0,0.0,1.0
f6af14b0,143.0,134.0,8.0,7.0,0.0,0.0,1,1.0,0.0,0.0,0.0,0.0,110.0,1.0,4.0
4736039a,17.0,16.0,1.0,0.0,0.0,0.0,3,0.0,0.0,0.0,0.0,0.0,13.0,0.0,1.0
1b4f1169,324.0,309.0,15.0,14.0,4.0,1.0,0,1.0,0.0,0.0,0.0,0.0,298.0,0.0,1.0
5d873dfb,412.0,353.0,59.0,8.0,0.0,0.0,13,51.0,0.0,0.0,0.0,0.0,346.0,0.0,8.0
dbf053da,151.0,146.0,5.0,0.0,0.0,0.0,2,5.0,0.0,0.0,0.0,0.0,131.0,0.0,1.0
0d82903c,189.0,174.0,15.0,4.0,0.0,2.0,2,11.0,0.0,0.0,0.0,0.0,171.0,0.0,1.0
bced0375,263.0,256.0,6.0,4.0,1.0,4.0,0,2.0,0.0,0.0,0.0,0.0,220.0,1.0,5.0
466824fb,75.0,73.0,0.0,0.0,1.0,1.0,1,0.0,0.0,0.0,0.0,0.0,55.0,2.0,3.0
90d7dda6,85.0,81.0,2.0,2.0,0.0,1.0,0,0.0,0.0,0.0,0.0,0.0,69.0,2.0,1.0
5e22e2a4,144.0,141.0,3.0,3.0,0.0,2.0,0,0.0,0.0,0.0,0.0,0.0,125.0,0.0,2.0
086d7db3,12.0,12.0,0.0,0.0,0.0,0.0,0,0.0,0.0,0.0,0.0,0.0,6.0,0.0,0.0
a6ee4f55,119.0,107.0,11.0,0.0,0.0,0.0,12,10.0,1.0,0.0,1.0,0.0,95.0,1.0,1.0
04f661ea,15.0,12.0,3.0,2.0,0.0,0.0,3,0.0,1.0,1.0,0.0,0.0,13.0,0.0,0.0
33591ff0,50.0,35.0,15.0,4.0,0.0,1.0,6,1.0,4.0,1.0,3.0,0.0,29.0,0.0,3.0
4315f30d,197.0,195.0,2.0,2.0,0.0,0.0,0,0.0,0.0,0.0,0.0,0.0,177.0,0.0,2.0
fe6e7156,21.0,21.0,0.0,0.0,0.0,1.0,1,0.0,0.0,0.0,0.0,0.0,20.0,0.0,0.0
52afb588,43.0,43.0,0.0,0.0,0.0,0.0,2,0.0,0.0,0.0,0.0,0.0,25.0,0.0,4.0
049751d7,88.0,85.0,3.0,0.0,0.0,0.0,1,1.0,0.0,0.0,0.0,0.0,71.0,0.0,2.0
5d4f7d61,19.0,18.0,1.0,0.0,0.0,0.0,0,0.0,0.0,0.0,0.0,0.0,15.0,0.0,1.0
f6bdc830,43.0,39.0,3.0,1.0,0.0,3.0,0,0.0,0.0,0.0,0.0,0.0,36.0,1.0,0.0
1c341b14,29.0,23.0,5.0,0.0,0.0,0.0,3,5.0,0.0,0.0,0.0,0.0,15.0,1.0,0.0
28c6e925,88.0,84.0,4.0,2.0,0.0,1.0,4,0.0,2.0,1.0,1.0,0.0,67.0,0.0,4.0
57d9707f,30.0,29.0,1.0,0.0,0.0,0.0,1,1.0,0.0,0.0,0.0,0.0,22.0,0.0,1.0
830a34ec,5.0,5.0,0.0,0.0,0.0,0.0,2,0.0,0.0,0.0,0.0,0.0,1.0,0.0,0.0
4db2157a,233.0,213.0,19.0,4.0,0.0,1.0,18,0.0,15.0,9.0,5.0,0.0,189.0,1.0,3.0
7a2cf111,437.0,355.0,77.0,11.0,0.0,0.0,29,58.0,8.0,0.0,2.0,0.0,328.0,5.0,5.0
03e7a498,44.0,38.0,6.0,1.0,0.0,0.0,0,5.0,0.0,0.0,0.0,0.0,37.0,0.0,1.0
3260690c,2.0,2.0,0.0,0.0,0.0,0.0,0,0.0,0.0,0.0,0.0,0.0,1.0,0.0,0.0
d3aaad90,158.0,127.0,31.0,4.0,1.0,1.0,11,26.0,1.0,1.0,0.0,0.0,119.0,0.0,5.0
17e3e467,20.0,18.0,2.0,1.0,0.0,0.0,0,0.0,1.0,0.0,0.0,0.0,14.0,0.0,2.0
9c94165b,287.0,229.0,57.0,7.0,1.0,1.0,16,38.0,6.0,2.0,2.0,0.0,233.0,1.0,7.0
a81ed730,174.0,157.0,17.0,13.0,1.0,0.0,5,0.0,4.0,1.0,0.0,0.0,151.0,0.0,1.0
14a04bea,102.0,101.0,0.0,0.0,0.0,1.0,3,0.0,0.0,0.0,0.0,0.0,66.0,1.0,5.0
57469b2d,10.0,8.0,2.0,0.0,0.0,0.0,1,0.0,0.0,0.0,0.0,0.0,5.0,0.0,1.0
b9392438,131.0,125.0,5.0,5.0,0.0,1.0,1,0.0,0.0,0.0,0.0,0.0,108.0,1.0,0.0
b69dfb42,197.0,130.0,67.0,19.0,0.0,0.0,0,1.0,0.0,0.0,0.0,0.0,153.0,0.0,0.0
03998238,13.0,11.0,2.0,0.0,0.0,0.0,1,0.0,0.0,0.0,0.0,0.0,7.0,0.0,0.0
313254a3,199.0,153.0,45.0,4.0,0.0,1.0,10,41.0,0.0,0.0,0.0,0.0,133.0,1.0,2.0
0eb83e1a,109.0,85.0,24.0,6.0,0.0,0.0,18,0.0,12.0,4.0,5.0,0.0,82.0,0.0,4.0
30af8b93,537.0,412.0,123.0,14.0,0.0,6.0,67,80.0,29.0,13.0,14.0,0.0,394.0,2.0,9.0
e2716bd0,106.0,105.0,1.0,1.0,1.0,0.0,2,0.0,0.0,0.0,0.0,0.0,88.0,0.0,6.0
e7aa9d7c,15.0,15.0,0.0,0.0,0.0,0.0,2,0.0,0.0,0.0,0.0,0.0,8.0,0.0,2.0
ea83bfa6,28.0,22.0,6.0,0.0,0.0,0.0,0,0.0,0.0,0.0,0.0,0.0,27.0,0.0,0.0
5f3eaaf5,140.0,125.0,15.0,2.0,0.0,0.0,25,4.0,8.0,4.0,2.0,0.0,93.0,0.0,7.0
da4d670f,179.0,172.0,7.0,0.0,2.0,0.0,6,0.0,0.0,0.0,0.0,0.0,142.0,0.0,3.0
f91fa277,1.0,1.0,0.0,0.0,0.0,0.0,0,0.0,0.0,0.0,0.0,0.0,1.0,0.0,0.0
36a6f28d,164.0,159.0,5.0,5.0,0.0,0.0,0,0.0,0.0,0.0,0.0,0.0,150.0,0.0,6.0
c6cf860f,24.0,23.0,1.0,0.0,0.0,0.0,0,1.0,0.0,0.0,0.0,0.0,14.0,0.0,0.0
2acd49b9,197.0,193.0,4.0,3.0,2.0,2.0,3,1.0,0.0,0.0,0.0,0.0,158.0,0.0,4.0
fd9c4805,111.0,103.0,8.0,2.0,0.0,5.0,3,3.0,2.0,1.0,1.0,0.0,92.0,0.0,3.0
65857fdf,15.0,12.0,2.0,0.0,0.0,0.0,0,2.0,0.0,0.0,0.0,0.0,11.0,1.0,0.0
b6964eb6,326.0,313.0,12.0,9.0,0.0,0.0,1,3.0,0.0,0.0,0.0,0.0,293.0,1.0,0.0
839c14e1,3.0,3.0,0.0,0.0,0.0,0.0,1,0.0,0.0,0.0,0.0,0.0,2.0,0.0,0.0
59671448,164.0,123.0,40.0,0.0,0.0,1.0,6,40.0,0.0,0.0,0.0,0.0,132.0,1.0,6.0
5fa714d5,111.0,93.0,18.0,0.0,0.0,0.0,7,18.0,0.0,0.0,0.0,0.0,91.0,0.0,1.0
78f13530,162.0,148.0,14.0,2.0,0.0,3.0,19,6.0,6.0,3.0,0.0,0.0,111.0,0.0,7.0
0670ee51,110.0,105.0,5.0,5.0,0.0,1.0,1,0.0,0.0,0.0,0.0,0.0,102.0,0.0,0.0
c13ddd3e,9.0,7.0,2.0,0.0,0.0,0.0,0,2.0,0.0,0.0,0.0,0.0,8.0,0.0,1.0
9bc9a519,133.0,116.0,17.0,2.0,0.0,1.0,6,15.0,0.0,0.0,0.0,0.0,108.0,0.0,4.0
3626daea,233.0,182.0,50.0,5.0,0.0,3.0,14,45.0,0.0,0.0,0.0,0.0,176.0,1.0,8.0
cf8ef0a1,96.0,93.0,3.0,0.0,0.0,0.0,8,3.0,0.0,0.0,0.0,0.0,73.0,0.0,2.0
90339309,163.0,160.0,3.0,3.0,0.0,0.0,2,0.0,0.0,0.0,0.0,0.0,155.0,0.0,1.0
ee3519f5,88.0,82.0,6.0,6.0,0.0,0.0,0,0.0,0.0,0.0,0.0,0.0,68.0,0.0,2.0
f91e81c9,337.0,296.0,41.0,4.0,0.0,0.0,9,37.0,0.0,0.0,0.0,0.0,293.0,0.0,7.0
1e1378e1,88.0,82.0,5.0,3.0,0.0,0.0,4,0.0,0.0,0.0,0.0,0.0,66.0,1.0,2.0
a793f5a8,156.0,151.0,4.0,0.0,0.0,4.0,6,0.0,4.0,1.0,3.0,0.0,140.0,1.0,3.0
a62f8bf1,49.0,49.0,0.0,0.0,0.0,2.0,3,0.0,0.0,0.0,0.0,0.0,34.0,0.0,4.0
4e219ad2,28.0,28.0,0.0,0.0,0.0,0.0,2,0.0,0.0,0.0,0.0,0.0,25.0,0.0,1.0
9614b550,273.0,265.0,6.0,5.0,0.0,2.0,0,1.0,0.0,0.0,0.0,0.0,216.0,2.0,2.0
bcf5058a,29.0,19.0,10.0,2.0,0.0,0.0,0,0.0,0.0,0.0,0.0,0.0,24.0,0.0,0.0
c71e97ba,322.0,307.0,11.0,11.0,4.0,3.0,1,0.0,0.0,0.0,0.0,0.0,264.0,4.0,6.0
4d0be953,74.0,68.0,6.0,0.0,0.0,0.0,0,6.0,0.0,0.0,0.0,0.0,58.0,0.0,1.0
3d62c18b,223.0,210.0,11.0,8.0,1.0,1.0,0,1.0,0.0,0.0,0.0,0.0,183.0,2.0,3.0
50ff205b,390.0,368.0,21.0,21.0,1.0,11.0,3,0.0,0.0,0.0,0.0,0.0,329.0,1.0,2.0
01b8a2b2,43.0,33.0,10.0,1.0,0.0,0.0,0,0.0,0.0,0.0,0.0,0.0,33.0,0.0,0.0
bb718263,108.0,95.0,12.0,3.0,0.0,1.0,17,0.0,9.0,2.0,4.0,0.0,72.0,1.0,6.0
e92cd3f7,85.0,80.0,5.0,0.0,1.0,1.0,1,0.0,0.0,0.0,0.0,0.0,62.0,0.0,3.0
2475dcc6,86.0,72.0,14.0,4.0,0.0,0.0,12,1.0,4.0,0.0,4.0,0.0,58.0,0.0,4.0
bd142efb,145.0,143.0,2.0,2.0,0.0,1.0,0,0.0,0.0,0.0,0.0,0.0,132.0,0.0,0.0
31139973,19.0,14.0,5.0,0.0,0.0,0.0,0,0.0,0.0,0.0,0.0,0.0,14.0,0.0,0.0
a0f9b535,260.0,243.0,13.0,11.0,0.0,4.0,2,2.0,0.0,0.0,0.0,0.0,235.0,4.0,4.0
031ebd52,20.0,19.0,0.0,0.0,0.0,1.0,1,0.0,0.0,0.0,0.0,0.0,15.0,1.0,0.0
90def3ab,20.0,18.0,2.0,2.0,0.0,0.0,1,0.0,0.0,0.0,0.0,0.0,17.0,0.0,1.0
a73c8f95,156.0,151.0,5.0,4.0,0.0,2.0,0,1.0,0.0,0.0,0.0,0.0,130.0,0.0,0.0
ad9b2747,166.0,159.0,7.0,2.0,0.0,1.0,2,5.0,0.0,0.0,0.0,0.0,144.0,0.0,1.0
7bf8ad6c,140.0,136.0,3.0,0.0,3.0,2.0,12,3.0,0.0,0.0,0.0,0.0,86.0,1.0,6.0
e73c9bb2,54.0,54.0,0.0,0.0,0.0,1.0,0,0.0,0.0,0.0,0.0,0.0,50.0,0.0,1.0
2ca35213,102.0,96.0,6.0,4.0,0.0,0.0,0,2.0,0.0,0.0,0.0,0.0,81.0,0.0,1.0
6f51e382,90.0,74.0,16.0,2.0,0.0,0.0,0,0.0,0.0,0.0,0.0,0.0,84.0,0.0,0.0
bd2f622a,17.0,14.0,3.0,0.0,0.0,0.0,1,3.0,0.0,0.0,0.0,0.0,13.0,0.0,2.0
5148dcc5,163.0,159.0,1.0,0.0,1.0,1.0,6,0.0,0.0,0.0,0.0,0.0,114.0,3.0,8.0
efc33b33,0.0,0.0,0.0,0.0,0.0,0.0,0,0.0,0.0,0.0,0.0,0.0,0.0,0.0,0.0
5c26ca51,424.0,368.0,53.0,29.0,2.0,14.0,27,5.0,11.0,8.0,0.0,0.0,316.0,3.0,13.0
82e9b1bb,249.0,235.0,14.0,2.0,0.0,3.0,2,10.0,0.0,0.0,0.0,0.0,228.0,0.0,1.0
df8d6029,248.0,238.0,9.0,8.0,0.0,2.0,0,1.0,0.0,0.0,0.0,0.0,210.0,1.0,1.0
dc45ac24,69.0,57.0,11.0,0.0,1.0,0.0,1,0.0,0.0,0.0,0.0,0.0,46.0,1.0,5.0
1d2c3e5e,142.0,139.0,2.0,1.0,0.0,1.0,5,1.0,0.0,0.0,0.0,0.0,111.0,1.0,3.0
d1b49282,60.0,58.0,2.0,0.0,0.0,0.0,2,0.0,0.0,0.0,0.0,0.0,31.0,0.0,2.0
fce2302c,370.0,319.0,48.0,3.0,1.0,5.0,18,45.0,0.0,0.0,0.0,0.0,302.0,3.0,5.0
6e44569a,129.0,125.0,2.0,1.0,0.0,0.0,2,1.0,0.0,0.0,0.0,0.0,102.0,2.0,3.0
41034650,209.0,201.0,8.0,7.0,0.0,0.0,1,1.0,0.0,0.0,0.0,0.0,194.0,0.0,1.0
803e7aca,201.0,191.0,10.0,8.0,0.0,2.0,1,2.0,0.0,0.0,0.0,0.0,177.0,0.0,3.0
a919be14,31.0,27.0,4.0,0.0,1.0,0.0,0,0.0,0.0,0.0,0.0,0.0,24.0,0.0,0.0
2794a536,17.0,15.0,2.0,0.0,0.0,0.0,0,2.0,0.0,0.0,0.0,0.0,12.0,0.0,2.0
de4fe7a2,55.0,53.0,2.0,0.0,1.0,1.0,1,0.0,0.0,0.0,0.0,0.0,39.0,0.0,0.0
5ceba7fc,52.0,50.0,2.0,0.0,0.0,0.0,0,2.0,0.0,0.0,0.0,0.0,38.0,0.0,3.0
b3af9be1,293.0,258.0,33.0,1.0,0.0,4.0,4,32.0,0.0,0.0,0.0,0.0,256.0,2.0,2.0
6aafdc27,247.0,223.0,24.0,24.0,0.0,1.0,0,0.0,0.0,0.0,0.0,0.0,201.0,0.0,1.0
7c106fcf,18.0,18.0,0.0,0.0,0.0,0.0,3,0.0,0.0,0.0,0.0,0.0,15.0,0.0,1.0
ed1cc44a,380.0,369.0,10.0,10.0,0.0,2.0,1,0.0,0.0,0.0,0.0,0.0,323.0,1.0,3.0
9e1035f8,13.0,8.0,5.0,3.0,0.0,0.0,7,0.0,2.0,1.0,1.0,0.0,8.0,0.0,0.0
58a9a4d9,74.0,73.0,1.0,1.0,0.0,1.0,3,0.0,0.0,0.0,0.0,0.0,56.0,0.0,5.0
f9edc384,153.0,137.0,14.0,0.0,2.0,1.0,7,12.0,0.0,0.0,0.0,0.0,102.0,2.0,3.0
de488e56,41.0,35.0,6.0,0.0,0.0,0.0,1,6.0,0.0,0.0,0.0,0.0,30.0,0.0,0.0
a4b1028a,151.0,116.0,33.0,5.0,0.0,0.0,2,28.0,0.0,0.0,0.0,0.0,124.0,2.0,2.0
9d21da85,444.0,442.0,2.0,2.0,1.0,1.0,0,0.0,0.0,0.0,0.0,0.0,399.0,0.0,0.0
3ae14ed1,196.0,193.0,2.0,2.0,1.0,0.0,7,0.0,0.0,0.0,0.0,0.0,167.0,1.0,5.0
5d4e9f31,65.0,62.0,3.0,0.0,0.0,0.0,0,0.0,0.0,0.0,0.0,0.0,53.0,0.0,1.0
056d2d95,280.0,195.0,82.0,9.0,1.0,0.0,46,52.0,21.0,12.0,9.0,0.0,191.0,3.0,4.0
77e39b04,23.0,22.0,1.0,1.0,0.0,0.0,0,0.0,0.0,0.0,0.0,0.0,17.0,0.0,1.0
41f0b196,88.0,76.0,12.0,3.0,0.0,0.0,0,0.0,0.0,0.0,0.0,0.0,67.0,0.0,0.0
5d0e0a1f,223.0,180.0,42.0,4.0,0.0,0.0,11,38.0,0.0,0.0,0.0,0.0,167.0,1.0,6.0
f7e87032,212.0,188.0,24.0,10.0,1.0,0.0,25,0.0,14.0,6.0,1.0,0.0,143.0,0.0,8.0
3fa66cb2,20.0,16.0,4.0,0.0,0.0,0.0,1,4.0,0.0,0.0,0.0,0.0,17.0,0.0,0.0
4a51ba65,134.0,106.0,27.0,10.0,0.0,1.0,0,0.0,0.0,0.0,0.0,0.0,98.0,1.0,0.0
068f4dec,66.0,62.0,3.0,0.0,0.0,5.0,2,0.0,3.0,1.0,0.0,0.0,53.0,1.0,0.0
3b996663,153.0,125.0,27.0,7.0,0.0,0.0,6,20.0,0.0,0.0,0.0,0.0,123.0,1.0,4.0
9052e98c,74.0,55.0,19.0,9.0,0.0,0.0,0,0.0,0.0,0.0,0.0,0.0,51.0,0.0,0.0
c9817014,118.0,116.0,1.0,1.0,0.0,1.0,2,0.0,0.0,0.0,0.0,0.0,102.0,1.0,1.0
1df4a109,209.0,203.0,5.0,5.0,0.0,2.0,0,0.0,0.0,0.0,0.0,0.0,178.0,1.0,2.0
a2d873dd,58.0,46.0,12.0,0.0,0.0,2.0,2,0.0,0.0,0.0,0.0,0.0,37.0,0.0,3.0
1a799243,119.0,92.0,27.0,2.0,0.0,0.0,8,25.0,0.0,0.0,0.0,0.0,89.0,0.0,3.0
bf25cb29,18.0,18.0,0.0,0.0,0.0,1.0,0,0.0,0.0,0.0,0.0,0.0,15.0,0.0,0.0
cfd68aa7,134.0,78.0,56.0,5.0,0.0,0.0,0,0.0,0.0,0.0,0.0,0.0,83.0,0.0,0.0
63567ebc,228.0,225.0,3.0,3.0,0.0,3.0,3,0.0,0.0,0.0,0.0,0.0,179.0,0.0,2.0
7b456af7,71.0,46.0,25.0,5.0,0.0,0.0,0,0.0,0.0,0.0,0.0,0.0,54.0,0.0,1.0
7a4cea18,14.0,13.0,1.0,1.0,0.0,0.0,0,0.0,0.0,0.0,0.0,0.0,11.0,0.0,1.0
fb485406,60.0,57.0,3.0,1.0,0.0,2.0,3,1.0,0.0,0.0,0.0,0.0,45.0,0.0,6.0
2bf50b37,12.0,11.0,1.0,0.0,0.0,0.0,1,1.0,0.0,0.0,0.0,0.0,6.0,0.0,1.0
cf9bdd43,266.0,224.0,42.0,8.0,0.0,2.0,1,34.0,0.0,0.0,0.0,0.0,229.0,0.0,2.0
7287ea6b,30.0,27.0,3.0,0.0,0.0,1.0,0,0.0,0.0,0.0,0.0,0.0,22.0,0.0,1.0
ee45fd85,241.0,204.0,37.0,1.0,0.0,6.0,15,36.0,0.0,0.0,0.0,0.0,178.0,0.0,5.0
d682f554,76.0,75.0,1.0,0.0,1.0,1.0,13,1.0,0.0,0.0,0.0,0.0,47.0,0.0,5.0
9f8e9423,164.0,158.0,6.0,6.0,0.0,1.0,0,0.0,0.0,0.0,0.0,0.0,143.0,0.0,0.0
44ac04e9,146.0,145.0,1.0,1.0,1.0,0.0,1,0.0,0.0,0.0,0.0,0.0,121.0,0.0,5.0
173eb3cd,152.0,151.0,1.0,1.0,2.0,1.0,1,0.0,0.0,0.0,0.0,0.0,117.0,0.0,2.0
18fae4ac,376.0,355.0,18.0,8.0,1.0,7.0,15,2.0,7.0,2.0,4.0,0.0,295.0,3.0,8.0
7cb9de24,373.0,358.0,15.0,13.0,0.0,6.0,2,0.0,0.0,0.0,0.0,0.0,323.0,0.0,0.0
e8ef59da,20.0,18.0,2.0,0.0,0.0,0.0,0,0.0,0.0,0.0,0.0,0.0,15.0,0.0,1.0
24baba9d,223.0,157.0,64.0,2.0,0.0,3.0,18,62.0,0.0,0.0,0.0,0.0,161.0,2.0,8.0
aa982b0f,176.0,172.0,4.0,0.0,2.0,1.0,5,4.0,0.0,0.0,0.0,0.0,145.0,0.0,5.0
731302dc,72.0,59.0,13.0,7.0,0.0,0.0,14,0.0,3.0,3.0,0.0,0.0,54.0,0.0,3.0
6412cc03,212.0,193.0,18.0,8.0,3.0,2.0,25,0.0,10.0,6.0,3.0,0.0,179.0,1.0,2.0
08eb3b58,155.0,144.0,11.0,4.0,0.0,4.0,4,7.0,0.0,0.0,0.0,0.0,127.0,0.0,9.0
74d4cec6,89.0,82.0,5.0,0.0,1.0,2.0,7,0.0,0.0,0.0,0.0,0.0,50.0,2.0,6.0
e4d5e2ae,22.0,22.0,0.0,0.0,0.0,0.0,1,0.0,0.0,0.0,0.0,0.0,12.0,0.0,2.0
d46d048f,99.0,75.0,22.0,3.0,0.0,0.0,2,19.0,0.0,0.0,0.0,0.0,76.0,2.0,4.0
0412b9cd,21.0,17.0,4.0,0.0,0.0,0.0,0,0.0,0.0,0.0,0.0,0.0,16.0,0.0,1.0
79443529,25.0,23.0,2.0,0.0,1.0,0.0,0,0.0,0.0,0.0,0.0,0.0,16.0,0.0,2.0
64f69877,63.0,61.0,0.0,0.0,0.0,0.0,4,0.0,0.0,0.0,0.0,0.0,39.0,2.0,5.0
72f87f25,38.0,37.0,0.0,0.0,0.0,0.0,3,0.0,0.0,0.0,0.0,0.0,24.0,1.0,2.0
d2795011,95.0,81.0,13.0,3.0,1.0,2.0,5,10.0,0.0,0.0,0.0,0.0,71.0,1.0,3.0
46a8347f,155.0,131.0,24.0,5.0,0.0,3.0,4,19.0,0.0,0.0,0.0,0.0,125.0,0.0,2.0
e3d3fbeb,44.0,41.0,3.0,3.0,0.0,0.0,0,0.0,0.0,0.0,0.0,0.0,34.0,0.0,0.0
7d7660da,58.0,55.0,3.0,0.0,0.0,0.0,8,3.0,0.0,0.0,0.0,0.0,31.0,0.0,5.0
9e525177,82.0,70.0,12.0,0.0,0.0,0.0,5,12.0,0.0,0.0,0.0,0.0,62.0,0.0,4.0
c4e87b8b,20.0,20.0,0.0,0.0,0.0,0.0,0,0.0,0.0,0.0,0.0,0.0,11.0,0.0,2.0
dd676a97,52.0,49.0,3.0,2.0,0.0,0.0,4,1.0,0.0,0.0,0.0,0.0,35.0,0.0,1.0
c1851bfd,306.0,267.0,39.0,5.0,0.0,2.0,1,34.0,0.0,0.0,0.0,0.0,268.0,0.0,1.0
35e413f1,142.0,123.0,19.0,5.0,2.0,1.0,1,14.0,0.0,0.0,0.0,0.0,123.0,0.0,2.0
4876c9ab,45.0,44.0,1.0,0.0,0.0,0.0,0,1.0,0.0,0.0,0.0,0.0,38.0,0.0,0.0
eb58eef0,9.0,8.0,1.0,1.0,0.0,0.0,0,0.0,0.0,0.0,0.0,0.0,8.0,0.0,1.0
83300259,23.0,19.0,4.0,0.0,0.0,0.0,1,4.0,0.0,0.0,0.0,0.0,21.0,0.0,0.0
0362c29e,236.0,188.0,47.0,3.0,0.0,3.0,5,44.0,0.0,0.0,0.0,0.0,185.0,1.0,5.0
e7fcf289,146.0,139.0,6.0,2.0,3.0,0.0,3,0.0,1.0,1.0,0.0,0.0,124.0,1.0,5.0
3f30f12a,252.0,217.0,35.0,2.0,0.0,3.0,13,30.0,3.0,0.0,2.0,0.0,204.0,0.0,6.0
6190474d,93.0,92.0,1.0,0.0,0.0,0.0,2,1.0,0.0,0.0,0.0,0.0,72.0,0.0,2.0
b003239d,34.0,33.0,1.0,1.0,0.0,0.0,0,0.0,0.0,0.0,0.0,0.0,32.0,0.0,0.0
7b9ecf02,214.0,200.0,14.0,12.0,0.0,2.0,0,1.0,0.0,0.0,0.0,0.0,177.0,0.0,1.0
e61b8aee,256.0,249.0,7.0,4.0,1.0,1.0,6,3.0,0.0,0.0,0.0,0.0,221.0,0.0,3.0
6510079f,72.0,68.0,4.0,0.0,0.0,1.0,4,0.0,3.0,2.0,0.0,0.0,55.0,0.0,2.0
f5c8b425,66.0,63.0,3.0,0.0,0.0,0.0,1,1.0,0.0,0.0,0.0,0.0,54.0,0.0,0.0
ca3478f9,6.0,6.0,0.0,0.0,0.0,0.0,0,0.0,0.0,0.0,0.0,0.0,4.0,0.0,0.0
6c5af908,186.0,179.0,7.0,4.0,2.0,2.0,0,3.0,0.0,0.0,0.0,0.0,159.0,0.0,1.0
f50a668a,137.0,127.0,10.0,10.0,0.0,2.0,0,0.0,0.0,0.0,0.0,0.0,110.0,0.0,2.0
88968486,334.0,318.0,16.0,16.0,0.0,4.0,0,0.0,0.0,0.0,0.0,0.0,277.0,0.0,5.0
d85c238b,177.0,165.0,11.0,2.0,1.0,2.0,15,3.0,6.0,3.0,3.0,0.0,139.0,1.0,6.0
47dbe004,113.0,102.0,11.0,0.0,0.0,0.0,2,3.0,0.0,0.0,0.0,0.0,72.0,0.0,5.0
38fc10d2,11.0,10.0,1.0,0.0,0.0,0.0,1,1.0,0.0,0.0,0.0,0.0,7.0,0.0,0.0
83e4643e,38.0,36.0,1.0,1.0,0.0,0.0,0,0.0,0.0,0.0,0.0,0.0,36.0,1.0,0.0
45191c29,322.0,243.0,78.0,8.0,0.0,1.0,30,69.0,1.0,1.0,0.0,0.0,222.0,1.0,13.0
9907b1c8,47.0,45.0,2.0,0.0,0.0,1.0,1,2.0,0.0,0.0,0.0,0.0,34.0,0.0,1.0
eca2b6b8,34.0,31.0,3.0,0.0,0.0,0.0,4,0.0,2.0,2.0,0.0,0.0,23.0,0.0,2.0
51cf8561,21.0,19.0,2.0,1.0,0.0,0.0,0,1.0,0.0,0.0,0.0,0.0,16.0,0.0,0.0
4a1abff3,297.0,285.0,8.0,0.0,0.0,1.0,4,5.0,3.0,0.0,0.0,0.0,230.0,4.0,6.0
5c7845f6,158.0,156.0,2.0,2.0,0.0,2.0,0,0.0,0.0,0.0,0.0,0.0,141.0,0.0,1.0
3ee0dd59,91.0,89.0,2.0,2.0,0.0,0.0,0,0.0,0.0,0.0,0.0,0.0,73.0,0.0,0.0
adfbe1f5,73.0,72.0,1.0,0.0,2.0,2.0,1,1.0,0.0,0.0,0.0,0.0,55.0,0.0,5.0
5529a99a,6.0,6.0,0.0,0.0,0.0,0.0,0,0.0,0.0,0.0,0.0,0.0,4.0,0.0,0.0
79300479,125.0,117.0,8.0,3.0,3.0,0.0,4,2.0,3.0,2.0,0.0,0.0,107.0,0.0,0.0
37557ec4,32.0,31.0,1.0,1.0,0.0,0.0,0,0.0,0.0,0.0,0.0,0.0,31.0,0.0,0.0
