id,MP,Min,90s,Starts,Compl,Subs,unSub,PPM,onG,onGA,+/-,On-Off,onxG,onxGA,xG+/-,On-Off.1,MinGK,MPGK,StartsGK,90sGK
004d185e,17,900,10.0,10,3,7,4,0.29,7,19.0,-12.0,0.26,8.1,20.3,-12.2,0.09,0,0,0,0.0
0076ab7f,20,1694,18.8,19,18,1,1,1.15,20,28.0,-8.0,-0.66,21.5,29.1,-7.6,-0.13,0,0,0,0.0
00b28772,14,830,9.2,11,2,3,7,1.21,9,12.0,-3.0,0.18,5.0,10.3,-5.3,-0.33,0,0,0,0.0
00eba9c9,2,54,0.6,0,0,2,2,0.5,0,1.0,-1.0,-0.95,0.2,1.1,-1.0,-0.9,0,0,0,0.0
0107757e,1,90,1.0,1,1,0,11,0.0,0,1.0,-1.0,-1.18,0.8,1.0,-0.2,-0.27,90,1,1,1.0
014aa7bd,21,1178,13.1,12,8,9,2,1.14,11,20.0,-9.0,0.12,11.8,23.0,-11.1,-0.33,0,0,0,0.0
01a49bd2,6,314,3.5,4,2,2,1,0.67,5,5.0,0.0,1.59,5.6,10.1,-4.5,-0.01,0,0,0,0.0
01eb744d,22,922,10.2,9,1,13,1,1.77,14,7.0,7.0,0.13,18.8,11.5,7.4,0.7,0,0,0,0.0
022c1bf7,0,0,0.0,0,0,0,8,0.0,0,0.0,0.0,0.0,0.0,0.0,0.0,0.0,0,0,0,0.0
02319ad7,7,43,0.5,0,0,7,15,1.25,3,3.0,0.0,0.44,0.4,0.9,-0.5,-0.78,0,0,0,0.0
02c15616,16,1227,13.6,15,9,1,1,1.63,15,8.0,7.0,-0.23,20.5,13.0,7.5,0.54,0,0,0,0.0
02d2c436,21,1889,21.0,21,20,0,1,1.14,17,33.0,-16.0,-0.27,18.0,33.3,-15.3,-0.2,0,0,0,0.0
02ef8778,5,134,1.5,1,0,4,1,1.0,0,0.0,0.0,-0.19,2.2,1.0,1.2,0.85,0,0,0,0.0
02f00dd1,0,0,0.0,0,0,0,2,0.0,0,0.0,0.0,0.0,0.0,0.0,0.0,0.0,0,0,0,0.0
03049c8c,11,330,3.7,3,0,8,2,1.0,3,7.0,-4.0,-1.04,4.3,4.0,0.3,0.18,0,0,0,0.0
031e0283,0,0,0.0,0,0,0,1,0.0,0,0.0,0.0,0.0,0.0,0.0,0.0,0.0,0,0,0,0.0
036bba5f,18,1142,12.7,13,4,5,0,1.39,12,15.0,-3.0,1.12,11.0,18.8,-7.9,0.2,0,0,0,0.0
04965583,18,871,9.7,10,1,8,0,1.28,13,15.0,-2.0,0.02,11.7,10.4,1.3,0.36,0,0,0,0.0
04e17fd5,19,846,9.4,9,2,10,3,1.21,13,12.0,1.0,0.69,13.2,13.7,-0.5,0.55,0,0,0,0.0
04e531b6,2,29,0.3,0,0,2,14,1.5,0,0.0,0.0,-1.63,0.6,0.9,-0.3,-2.02,0,0,0,0.0
05439de2,19,1545,17.2,17,14,2,0,2.32,40,15.0,25.0,0.77,37.7,17.9,19.8,-0.29,0,0,0,0.0
056269d7,18,1144,12.7,12,8,6,4,1.17,12,19.0,-7.0,-0.45,16.0,14.1,1.9,0.19,0,0,0,0.0
05e19d6a,15,520,5.8,4,0,11,5,2.47,10,2.0,8.0,-0.3,11.0,5.9,5.0,-0.44,0,0,0,0.0
068f4dec,6,106,1.2,1,0,5,13,1.5,1,2.0,-1.0,-1.31,0.9,2.3,-1.4,-1.71,0,0,0,0.0
06efa9dc,23,2059,22.9,23,22,0,0,1.09,27,40.0,-13.0,-8.75,27.0,37.4,-10.5,-5.46,0,0,0,0.0
070a3904,23,2043,22.7,23,20,0,0,1.17,29,32.0,-3.0,6.53,26.9,28.2,-1.3,1.65,0,0,0,0.0
075fe5a3,20,1755,19.5,19,19,1,3,1.15,24,35.0,-11.0,-0.28,23.5,29.8,-6.3,0.68,0,0,0,0.0
0959c2a2,23,1776,19.7,20,13,3,0,2.26,39,16.0,23.0,-0.67,39.4,17.6,21.8,-0.87,0,0,0,0.0
0a0cc13c,20,999,11.1,12,2,8,1,1.2,11,14.0,-3.0,0.91,9.9,17.7,-7.8,0.01,0,0,0,0.0
0a69de7b,6,368,4.1,4,2,2,10,1.0,6,5.0,1.0,0.67,4.3,7.2,-2.9,-0.4,0,0,0,0.0
0abc51f2,6,356,4.0,4,3,2,17,1.17,2,4.0,-2.0,-0.77,3.6,6.2,-2.6,-0.92,0,0,0,0.0
0ae4e09a,17,951,10.6,12,1,5,6,2.22,6,17.0,-11.0,0.31,7.9,17.9,-10.0,0.52,0,0,0,0.0
0b2c8585,17,836,9.3,10,3,7,5,0.24,7,19.0,-12.0,0.09,5.8,21.1,-15.3,-0.7,0,0,0,0.0
0ba976e4,21,863,9.6,8,1,13,1,2.67,21,2.0,19.0,0.64,18.4,7.5,10.9,-0.12,0,0,0,0.0
0bc4e720,7,206,2.3,2,0,5,11,0.86,8,5.0,3.0,1.41,5.7,2.5,3.2,1.42,0,0,0,0.0
0cadc46d,21,1824,20.3,21,11,0,0,1.48,20,20.0,0.0,1.1,17.5,23.0,-5.5,0.12,0,0,0,0.0
0d9b2d31,21,1629,18.1,18,11,3,0,2.67,39,6.0,33.0,1.01,38.0,13.3,24.7,0.77,0,0,0,0.0
0da6a13e,16,942,10.5,12,0,4,5,1.25,9,12.0,-3.0,0.83,9.2,12.8,-3.7,0.66,0,0,0,0.0
0e4fef6e,22,1658,18.4,21,12,1,0,1.45,16,16.0,0.0,0.22,20.8,19.4,1.5,0.4,0,0,0,0.0
0e5ddc7c,7,76,0.8,0,0,7,9,0.43,2,1.0,1.0,1.46,2.5,1.4,1.2,1.51,0,0,0,0.0
0f26ffd7,18,1362,15.1,17,8,1,3,1.56,14,14.0,0.0,0.38,13.1,15.4,-2.3,0.4,0,0,0,0.0
10072610,5,450,5.0,5,5,0,14,1.6,6,5.0,1.0,-0.13,9.3,6.6,2.6,0.32,450,5,5,5.0
106c142c,7,185,2.1,2,0,5,15,1.0,1,3.0,-2.0,-1.07,2.6,3.5,-0.9,-0.52,0,0,0,0.0
114bbdee,6,448,5.0,5,4,1,0,2.0,8,5.0,3.0,1.16,8.2,5.2,3.1,1.27,0,0,0,0.0
117cd0a8,0,0,0.0,0,0,0,7,0.0,0,0.0,0.0,0.0,0.0,0.0,0.0,0.0,0,0,0,0.0
11b9265b,12,748,8.3,9,2,3,3,1.75,7,9.0,-2.0,-0.58,10.6,9.3,1.4,0.1,0,0,0,0.0
11fd2b75,20,1727,19.2,20,17,0,0,0.45,15,38.0,-23.0,0.9,17.5,37.9,-20.3,1.3,0,0,0,0.0
12421a7c,0,0,0.0,0,0,0,3,0.0,0,0.0,0.0,0.0,0.0,0.0,0.0,0.0,0,0,0,0.0
129af0db,23,1266,14.1,16,2,7,0,1.83,22,6.0,16.0,1.36,18.6,11.6,7.0,0.43,0,0,0,0.0
12c50af5,4,222,2.5,2,0,2,0,1.75,4,3.0,1.0,0.7,2.8,2.9,-0.1,0.05,0,0,0,0.0
130a7a3f,17,1022,11.4,14,3,3,1,1.06,12,11.0,1.0,0.17,12.1,12.1,0.0,-0.07,0,0,0,0.0
132ac341,9,684,7.6,8,7,1,12,1.11,5,7.0,-2.0,-0.33,5.8,10.6,-4.8,-0.94,0,0,0,0.0
133faa84,4,360,4.0,4,4,0,1,1.0,3,5.0,-2.0,-0.24,2.9,6.1,-3.2,-0.51,0,0,0,0.0
13619663,0,0,0.0,0,0,0,15,0.0,0,0.0,0.0,0.0,0.0,0.0,0.0,0.0,0,0,0,0.0
139560df,5,92,1.0,1,0,4,14,0.8,2,2.0,0.0,0.23,0.9,1.6,-0.7,-0.61,0,0,0,0.0
13e0eb29,8,240,2.7,1,0,7,4,1.13,5,5.0,0.0,-0.05,3.9,4.4,-0.5,-0.32,0,0,0,0.0
14d5b7ac,1,1,0.0,0,0,1,5,3.0,0,0.0,0.0,0.43,0.0,0.0,0.0,-3.6,0,0,0,0.0
1545cf15,12,739,8.2,9,3,3,9,1.17,9,22.0,-13.0,-1.65,9.4,17.0,-7.6,-0.78,0,0,0,0.0
15937e17,18,1382,15.4,15,13,3,3,1.22,20,16.0,4.0,0.78,21.3,18.6,2.7,0.43,0,0,0,0.0
15d0c248,13,942,10.5,12,7,1,1,1.69,16,14.0,2.0,-0.21,17.2,13.3,3.9,0.17,0,0,0,0.0
162efffd,17,1023,11.4,13,2,4,3,1.82,12,11.0,1.0,-1.03,13.3,12.8,0.5,-0.57,0,0,0,0.0
1633fc8a,11,885,9.8,10,8,1,4,1.18,19,17.0,2.0,0.28,11.3,13.5,-2.2,-0.59,0,0,0,0.0
1657f448,6,246,2.7,2,1,4,2,0.83,2,5.0,-3.0,0.28,2.0,7.1,-5.1,-0.66,0,0,0,0.0
16aa3654,20,1492,16.6,18,3,2,2,1.95,27,16.0,11.0,0.97,20.1,13.2,6.9,-0.11,0,0,0,0.0
16e9d0ea,15,1350,15.0,15,15,0,1,1.8,19,13.0,6.0,0.28,18.9,17.7,1.2,-0.58,0,0,0,0.0
175ece4c,1,21,0.2,0,0,1,1,1.0,0,0.0,0.0,0.04,0.4,0.1,0.3,1.48,0,0,0,0.0
18017beb,1,17,0.2,0,0,1,15,0.0,0,1.0,-1.0,-4.59,0.0,0.0,0.0,0.47,0,0,0,0.0
1840e36d,17,1530,17.0,17,17,0,1,2.29,35,15.0,20.0,-0.32,36.2,16.0,20.2,-0.15,1530,17,17,17.0
184fe4b2,1,34,0.4,0,0,1,22,0.0,0,0.0,0.0,0.35,0.2,0.1,0.1,0.26,0,0,0,0.0
18abe173,23,2053,22.8,23,22,0,0,1.17,26,34.0,-8.0,-0.35,27.1,25.7,1.4,-0.66,0,0,0,0.0
18b896d6,20,1406,15.6,15,15,5,1,2.3,28,10.0,18.0,-0.34,31.2,12.4,18.8,-0.08,0,0,0,0.0
192c89a6,5,220,2.4,2,2,3,13,0.8,2,2.0,0.0,0.15,4.1,1.1,3.0,1.68,0,0,0,0.0
1944818c,14,684,7.6,7,3,7,3,0.93,10,9.0,1.0,0.13,8.6,8.6,-0.1,-0.17,0,0,0,0.0
19709006,22,1257,14.0,14,7,8,0,1.23,15,22.0,-7.0,-0.39,14.4,16.2,-1.8,-0.49,0,0,0,0.0
19b776e9,19,1284,14.3,14,8,5,1,1.16,11,16.0,-5.0,1.02,12.3,19.9,-7.6,0.47,0,0,0,0.0
19c36442,16,1245,13.8,15,10,1,1,0.94,10,13.0,-3.0,0.55,8.4,14.5,-6.1,-0.15,0,0,0,0.0
19cae58d,23,1538,17.1,18,9,5,0,2.57,34,3.0,31.0,0.8,32.5,14.2,18.3,-0.49,0,0,0,0.0
1a67863f,0,0,0.0,0,0,0,10,0.0,0,0.0,0.0,0.0,0.0,0.0,0.0,0.0,0,0,0,0.0
1bacc518,21,1556,17.3,17,12,4,1,2.52,37,8.0,29.0,0.28,35.9,12.0,23.9,0.73,0,0,0,0.0
1bda5842,20,959,10.7,9,4,11,1,0.95,9,14.0,-5.0,-0.06,9.0,15.4,-6.4,-0.41,0,0,0,0.0
1c2c55fc,10,471,5.2,6,3,4,6,0.6,3,9.0,-6.0,0.26,2.9,8.5,-5.6,0.26,0,0,0,0.0
1cb065ef,0,0,0.0,0,0,0,2,0.0,0,0.0,0.0,0.0,0.0,0.0,0.0,0.0,0,0,0,0.0
1cb49278,13,993,11.0,12,9,1,4,2.46,17,5.0,12.0,-1.0,16.8,10.6,6.2,-1.24,0,0,0,0.0
1d1691ad,1,23,0.3,0,0,1,17,3.0,1,0.0,1.0,2.68,0.8,0.1,0.7,1.5,0,0,0,0.0
1e465e70,1,10,0.1,0,0,1,0,3.0,0,0.0,0.0,-1.27,0.6,0.0,0.6,3.94,0,0,0,0.0
1f079188,11,653,7.3,7,2,4,0,1.27,8,9.0,-1.0,-0.14,9.0,8.8,0.1,0.03,0,0,0,0.0
1fc474ae,9,611,6.8,6,4,3,13,2.0,11,5.0,6.0,1.44,7.4,6.6,0.8,0.58,0,0,0,0.0
1fda2b14,2,15,0.2,0,0,2,3,0.0,0,1.0,-1.0,-5.52,0.3,0.7,-0.4,-1.93,0,0,0,0.0
1fe67e86,1,45,0.5,0,0,1,14,0.0,1,2.0,-1.0,-2.36,0.5,0.6,-0.2,-0.8,0,0,0,0.0
200e89e1,10,404,4.5,5,0,5,3,2.0,6,2.0,4.0,0.62,5.7,3.8,1.9,-0.03,0,0,0,0.0
20b73779,0,0,0.0,0,0,0,14,0.0,0,0.0,0.0,0.0,0.0,0.0,0.0,0.0,0,0,0,0.0
211589b8,6,93,1.0,0,0,6,11,1.0,0,3.0,-3.0,-3.45,1.5,1.8,-0.3,-0.8,0,0,0,0.0
220c11f1,18,678,7.5,5,2,13,1,1.44,16,9.0,7.0,1.32,13.6,10.3,3.3,0.48,0,0,0,0.0
22721b88,4,193,2.1,1,0,3,12,1.0,2,2.0,0.0,0.48,0.6,1.4,-0.7,0.04,0,0,0,0.0
228b0d9d,12,784,8.7,9,7,3,6,1.67,12,12.0,0.0,-0.63,11.7,8.5,3.2,-0.13,0,0,0,0.0
23610943,19,1644,18.3,19,16,0,1,1.84,27,14.0,13.0,0.5,25.3,20.4,4.9,-0.32,0,0,0,0.0
237a3851,22,1532,17.0,18,8,4,1,0.95,9,29.0,-20.0,-1.68,14.6,28.1,-13.5,-0.33,0,0,0,0.0
23cbf863,0,0,0.0,0,0,0,1,0.0,0,0.0,0.0,0.0,0.0,0.0,0.0,0.0,0,0,0,0.0
240d3a0b,14,663,7.4,8,1,6,6,1.5,13,9.0,4.0,0.35,9.6,6.9,2.7,-0.14,0,0,0,0.0
2475cf9b,13,851,9.5,8,7,5,8,1.0,10,15.0,-5.0,-0.01,12.7,17.6,-4.9,-0.15,0,0,0,0.0
24f916a9,0,0,0.0,0,0,0,1,0.0,0,0.0,0.0,0.0,0.0,0.0,0.0,0.0,0,0,0,0.0
253a06b9,20,1261,14.0,17,1,3,1,1.55,16,11.0,5.0,1.02,16.7,12.9,3.8,0.69,0,0,0,0.0
255f7a08,0,0,0.0,0,0,0,10,0.0,0,0.0,0.0,0.0,0.0,0.0,0.0,0.0,0,0,0,0.0
2683eda7,22,1376,15.3,15,2,7,0,1.18,19,20.0,-1.0,0.45,20.8,19.5,1.3,0.49,0,0,0,0.0
274ab13c,22,1979,22.0,22,21,0,0,1.5,27,23.0,4.0,0.18,26.5,25.6,0.9,1.27,0,0,0,0.0
2784f898,19,1488,16.5,17,15,2,1,2.26,35,13.0,22.0,0.25,35.9,16.2,19.7,-0.13,0,0,0,0.0
283c7121,19,941,10.5,11,0,8,4,1.05,12,19.0,-7.0,-0.83,11.7,14.8,-3.1,-0.39,0,0,0,0.0
28e957d7,6,405,4.5,5,4,1,0,1.83,6,6.0,0.0,0.27,5.5,4.5,1.0,0.39,0,0,0,0.0
2946f9a1,14,748,8.3,8,6,6,8,2.29,14,2.0,12.0,0.29,16.9,4.5,12.4,0.42,0,0,0,0.0
29d0f2ac,10,769,8.5,7,7,3,9,0.4,4,11.0,-7.0,-0.13,6.9,13.7,-6.8,-0.14,0,0,0,0.0
2a0c8ba4,17,1172,13.0,14,8,3,4,1.18,12,19.0,-7.0,-0.54,15.3,21.4,-6.1,-0.2,0,0,0,0.0
2a295d33,23,1939,21.5,23,15,0,0,1.0,27,23.0,4.0,2.93,27.2,24.4,2.8,1.56,0,0,0,0.0
2ae30661,5,145,1.6,2,0,3,4,1.2,1,0.0,1.0,0.48,2.2,1.6,0.5,0.37,0,0,0,0.0
2ae958ab,0,0,0.0,0,0,0,1,0.0,0,0.0,0.0,0.0,0.0,0.0,0.0,0.0,0,0,0,0.0
2bea832e,11,123,1.4,0,0,11,10,0.64,2,0.0,2.0,2.02,1.8,2.6,-0.8,-0.21,0,0,0,0.0
2bed3eab,13,899,10.0,11,7,2,10,2.38,22,5.0,17.0,0.16,19.7,8.0,11.7,-0.06,0,0,0,0.0
2bef2bca,12,973,10.8,11,9,1,2,2.58,24,2.0,22.0,0.8,25.2,8.0,17.1,0.73,0,0,0,0.0
2c56a792,13,595,6.6,6,1,7,0,1.23,13,8.0,5.0,1.06,11.4,8.0,3.4,0.68,0,0,0,0.0
2dce876a,15,958,10.7,10,3,5,5,2.0,11,18.0,-7.0,0.43,11.600000000000001,21.1,-9.6,-0.08,0,0,0,0.0
2dd7e29d,3,100,1.1,1,0,2,4,0.0,0,2.0,-2.0,-1.94,1.3,1.7,-0.4,-0.53,0,0,0,0.0
2e3995cd,18,1119,12.4,15,2,3,1,1.17,10,17.0,-7.0,0.38,10.2,19.2,-9.0,-0.03,0,0,0,0.0
2e766f5e,0,0,0.0,0,0,0,1,0.0,0,0.0,0.0,0.0,0.0,0.0,0.0,0.0,0,0,0,0.0
2ef08833,0,0,0.0,0,0,0,4,0.0,0,0.0,0.0,0.0,0.0,0.0,0.0,0.0,0,0,0,0.0
2fa2a875,10,899,10.0,10,9,0,4,0.8,10,14.0,-4.0,-0.32,11.2,11.2,0.0,0.13,899,10,10,10.0
2fbe6af0,1,11,0.1,0,0,1,0,0.0,0,0.0,0.0,0.31,0.0,0.0,0.0,0.4,0,0,0,0.0
30061f53,0,0,0.0,0,0,0,10,0.0,0,0.0,0.0,0.0,0.0,0.0,0.0,0.0,0,0,0,0.0
3061e1ec,6,540,6.0,6,6,0,17,2.17,12,3.0,9.0,0.32,12.4,4.4,8.0,0.15,540,6,6,6.0
30670b0e,0,0,0.0,0,0,0,21,1.0,1,1.0,0.0,0.0,0.0,0.0,0.0,0.0,0,0,0,0.0
31f5b89b,6,238,2.6,2,1,4,10,2.0,1,4.0,-3.0,-1.63,2.0,3.7,-1.8,-1.07,0,0,0,0.0
32974271,17,675,7.5,10,0,7,2,2.79,4,7.0,-3.0,1.73,4.8,10.9,-6.0,0.58,0,0,0,0.0
335039a2,19,1205,13.4,14,6,5,0,0.47,11,31.0,-20.0,-0.35,13.3,25.4,-12.1,0.98,0,0,0,0.0
3353737a,4,87,1.0,0,0,4,6,1.0,1,0.0,1.0,0.44,3.0,1.4,1.6,1.35,0,0,0,0.0
335fa267,14,709,7.9,7,3,7,4,2.29,14,5.0,9.0,-0.71,13.2,7.8,5.4,-0.78,0,0,0,0.0
3376a776,10,664,7.4,9,5,1,3,1.1,9,11.0,-2.0,0.05,9.1,9.4,-0.3,0.51,0,0,0,0.0
33a61a52,18,1426,15.8,17,11,1,5,0.44,13,33.0,-20.0,0.27,14.6,33.3,-18.7,0.3,0,0,0,0.0
33d2c795,0,0,0.0,0,0,0,20,0.0,0,0.0,0.0,0.0,0.0,0.0,0.0,0.0,0,0,0,0.0
3409de86,10,321,3.6,2,1,8,5,0.2,2,7.0,-5.0,-0.06,3.6,10.5,-6.9,-0.78,0,0,0,0.0
3423f250,22,1101,12.2,12,1,10,1,2.55,22,2.0,20.0,0.06,26.3,9.7,16.6,0.33,0,0,0,0.0
34269bdf,17,792,8.8,9,2,8,5,1.18,5,17.0,-12.0,-1.65,9.2,11.2,-2.0,-0.48,0,0,0,0.0
34e393f2,19,1567,17.4,18,13,1,1,1.74,24,17.0,7.0,0.4,25.6,21.4,4.2,-0.16,0,0,0,0.0
3521abfe,2,18,0.2,0,0,2,21,3.0,0,0.0,0.0,0.35,0.2,0.0,0.1,0.62,0,0,0,0.0
35440884,0,0,0.0,0,0,0,1,0.0,0,0.0,0.0,0.0,0.0,0.0,0.0,0.0,0,0,0,0.0
35a6e5c7,22,1285,14.3,15,2,7,0,1.23,18,17.0,1.0,1.1,17.5,15.2,2.3,0.25,0,0,0,0.0
35d4f151,11,460,5.1,4,1,7,1,0.91,6,12.0,-6.0,-1.23,5.6,7.4,-1.8,-0.35,0,0,0,0.0
35f6db55,18,1076,12.0,15,0,3,0,1.39,19,17.0,2.0,1.43,13.9,15.7,-1.8,0.59,0,0,0,0.0
360d70f8,5,52,0.6,0,0,5,9,0.2,0,2.0,-2.0,-3.42,1.0,1.3,-0.3,-0.23,0,0,0,0.0
3672b352,0,0,0.0,0,0,0,3,0.0,0,0.0,0.0,0.0,0.0,0.0,0.0,0.0,0,0,0,0.0
3701906c,10,334,3.7,4,0,6,13,1.7,5,2.0,3.0,1.02,3.0,4.0,-1.0,-0.33,0,0,0,0.0
374d5158,15,870,9.7,10,5,5,5,1.13,8,15.0,-7.0,-0.72,11.1,15.5,-4.4,-0.13,0,0,0,0.0
374ee424,23,2070,23.0,23,23,0,0,1.87,32,23.0,9.0,0.0,30.0,19.7,10.3,0.0,2070,23,23,23.0
379dc075,15,747,8.3,6,1,9,1,1.07,5,13.0,-8.0,-0.35,6.1,14.6,-8.5,-0.5,0,0,0,0.0
37e103f8,17,721,8.0,6,2,11,4,1.12,7,10.0,-3.0,-0.57,10.1,9.1,1.0,0.14,0,0,0,0.0
37f1cf47,3,21,0.2,0,0,3,17,2.0,1,0.0,1.0,4.02,1.1,0.3,0.9,3.31,0,0,0,0.0
37f827ec,18,1390,15.4,17,11,1,4,0.44,14,34.0,-20.0,0.16,14.8,32.2,-17.3,0.46,0,0,0,0.0
381dbcfc,2,101,1.1,1,1,1,14,1.5,1,3.0,-2.0,-1.1,1.5,3.6,-2.2,-1.28,0,0,0,0.0
3828f130,0,0,0.0,0,0,0,5,0.0,0,0.0,0.0,0.0,0.0,0.0,0.0,0.0,0,0,0,0.0
38699c72,21,1192,13.2,12,5,9,0,1.05,9,16.0,-7.0,0.5,10.8,18.6,-7.8,0.29,0,0,0,0.0
38b0cf42,1,17,0.2,0,0,1,7,3.0,0,0.0,0.0,0.13,0.0,0.2,-0.2,-0.54,0,0,0,0.0
3902e91b,15,1084,12.0,14,1,1,1,1.2,19,15.0,4.0,1.79,15.5,17.3,-1.8,0.59,0,0,0,0.0
39352da2,12,322,3.6,1,0,11,11,0.5,3,6.0,-3.0,-0.38,4.1,5.8,-1.7,-0.05,0,0,0,0.0
3a58d075,0,0,0.0,0,0,0,2,0.0,0,0.0,0.0,0.0,0.0,0.0,0.0,0.0,0,0,0,0.0
3a9c4b7b,13,891,9.9,10,7,3,2,1.54,9,10.0,-1.0,-0.1,11.7,7.8,3.9,0.69,0,0,0,0.0
3aa4a3be,2,15,0.2,0,0,2,15,3.0,0,0.0,0.0,-0.31,0.3,0.0,0.3,1.49,0,0,0,0.0
3aa74860,1,17,0.2,0,0,1,1,3.0,0,0.0,0.0,0.35,0.2,0.0,0.1,0.66,0,0,0,0.0
3c16d927,18,1034,11.5,11,8,7,1,1.33,14,15.0,-1.0,0.87,15.0,18.1,-3.1,0.32,0,0,0,0.0
3ca6106c,8,194,2.2,2,0,6,10,2.0,4,2.0,2.0,1.41,2.2,1.0,1.2,0.54,0,0,0,0.0
3cefcaef,14,1127,12.5,14,6,0,3,2.29,25,14.0,11.0,-0.84,25.0,13.8,11.3,-0.72,0,0,0,0.0
3d79a68c,5,63,0.7,0,0,5,15,0.2,0,1.0,-1.0,-1.47,0.6,1.7,-1.1,-1.63,0,0,0,0.0
3d7e48ce,18,775,8.6,8,1,10,1,1.11,5,13.0,-8.0,-0.3,7.8,14.0,-6.2,-0.02,0,0,0,0.0
3d99999d,3,65,0.7,0,0,3,2,1.33,0,0.0,0.0,-0.4,0.8,1.0,-0.2,-0.79,0,0,0,0.0
3e42f707,20,1759,19.5,20,17,0,0,1.55,20,20.0,0.0,0.29,21.9,19.5,2.5,0.85,0,0,0,0.0
3e93f8cf,17,710,7.9,8,3,9,5,1.29,9,16.0,-7.0,-0.56,8.0,14.0,-5.9,-0.49,0,0,0,0.0
3ecc11d8,20,1715,19.1,20,15,0,1,1.4,25,20.0,5.0,-0.24,22.7,15.2,7.6,-0.39,0,0,0,0.0
3ee0dd59,22,1871,20.8,21,20,1,0,1.82,29,23.0,6.0,-1.07,26.5,18.3,8.2,-0.58,0,0,0,0.0
3f034750,4,208,2.3,2,2,2,19,2.0,5,2.0,3.0,0.77,2.1,4.4,-2.3,-1.46,208,4,2,2.3
3f10bd22,19,1199,13.3,13,6,6,3,1.21,17,16.0,1.0,0.9,15.1,18.8,-3.8,0.23,0,0,0,0.0
3f79a1c8,5,361,4.0,4,2,1,0,1.8,4,6.0,-2.0,0.29,3.6,4.7,-1.0,0.54,0,0,0,0.0
3fc45c73,9,810,9.0,9,9,0,3,1.56,16,13.0,3.0,0.05,13.3,7.2,6.1,0.36,0,0,0,0.0
405f267a,12,276,3.1,3,0,9,7,1.67,3,5.0,-2.0,-0.95,3.4,5.7,-2.3,-0.83,0,0,0,0.0
4112ace5,6,141,1.6,0,0,6,17,1.5,2,4.0,-2.0,-1.7,2.0,1.4,0.6,-0.05,0,0,0,0.0
41b3069f,18,1223,13.6,15,6,3,4,1.11,12,20.0,-8.0,-0.91,12.7,17.3,-4.6,-0.64,0,0,0,0.0
41f32541,15,1144,12.7,14,8,1,1,1.27,19,16.0,3.0,1.21,16.5,18.3,-1.8,0.54,0,0,0,0.0
41fb0f4e,10,275,3.1,2,1,8,3,0.3,2,8.0,-6.0,-0.71,2.9,7.8,-4.9,-0.37,0,0,0,0.0
4242011c,13,842,9.4,10,7,3,8,1.08,11,18.0,-7.0,-1.33,13.5,14.5,-1.1,-0.38,0,0,0,0.0
42593c71,0,0,0.0,0,0,0,1,0.0,0,0.0,0.0,0.0,0.0,0.0,0.0,0.0,0,0,0,0.0
42a028c5,0,0,0.0,0,0,0,1,0.0,0,0.0,0.0,0.0,0.0,0.0,0.0,0.0,0,0,0,0.0
436a9dd0,8,307,3.4,4,0,4,5,1.38,6,5.0,1.0,-0.01,6.0,2.2,3.7,0.74,0,0,0,0.0
44150beb,9,678,7.5,7,7,2,9,2.11,12,9.0,3.0,0.01,10.7,6.6,4.1,0.14,0,0,0,0.0
44330c36,0,0,0.0,0,0,0,1,0.0,0,0.0,0.0,0.0,0.0,0.0,0.0,0.0,0,0,0,0.0
447601de,0,0,0.0,0,0,0,2,0.0,0,0.0,0.0,0.0,0.0,0.0,0.0,0.0,0,0,0,0.0
44e07fac,3,51,0.6,0,0,3,1,1.0,0,1.0,-1.0,-1.05,1.2,0.8,0.4,1.49,0,0,0,0.0
44e8521b,2,12,0.1,0,0,2,6,2.0,1,0.0,1.0,7.37,0.8,0.3,0.5,3.66,0,0,0,0.0
455c26a4,2,20,0.2,0,0,2,5,1.5,0,0.0,0.0,-1.62,0.6,0.9,-0.3,-2.36,0,0,0,0.0
45736cec,8,391,4.3,5,0,3,3,1.75,5,3.0,2.0,-0.18,5.8,3.8,2.1,0.17,0,0,0,0.0
45af8a54,18,667,7.4,7,2,11,5,2.06,16,5.0,11.0,0.33,20.7,5.8,14.9,1.14,0,0,0,0.0
45e17712,17,845,9.4,8,7,9,6,1.06,6,12.0,-6.0,-1.08,9.1,14.1,-5.0,-0.95,0,0,0,0.0
4601e194,16,999,11.1,10,4,6,6,2.38,17,4.0,13.0,-0.85,20.8,7.8,13.0,-0.06,0,0,0,0.0
4737cebe,2,47,0.5,1,0,1,12,0.0,0,0.0,0.0,0.31,0.0,0.4,-0.4,-0.35,0,0,0,0.0
475a738b,1,36,0.4,0,0,1,2,0.0,0,2.0,-2.0,-4.34,1.0,0.1,0.9,2.98,0,0,0,0.0
47c609d5,17,1068,11.9,12,0,5,3,1.24,20,18.0,2.0,1.43,15.6,15.2,0.4,0.96,0,0,0,0.0
485e4939,5,148,1.6,1,0,4,10,0.8,1,4.0,-3.0,-1.17,1.4,2.7,-1.3,-0.07,0,0,0,0.0
4958bfb2,18,1240,13.8,14,4,4,1,2.33,30,12.0,18.0,0.11,29.5,11.4,18.0,0.2,0,0,0,0.0
49a6ecbb,2,17,0.2,0,0,2,1,2.0,2,1.0,1.0,4.07,0.6,0.0,0.6,1.93,0,0,0,0.0
49d028db,17,1146,12.7,12,11,5,4,1.76,16,10.0,6.0,0.37,17.4,17.1,0.3,-0.58,0,0,0,0.0
49dbab27,22,1756,19.5,21,6,1,0,1.55,26,21.0,5.0,0.54,21.5,22.4,-0.8,-0.2,0,0,0,0.0
4a478107,22,851,9.5,7,2,15,1,1.41,13,9.0,4.0,0.5,12.8,12.0,0.8,-0.03,0,0,0,0.0
4a5f2032,0,0,0.0,0,0,0,10,0.0,0,0.0,0.0,0.0,0.0,0.0,0.0,0.0,0,0,0,0.0
4a633cfe,17,1361,15.1,16,12,1,4,1.59,16,17.0,-1.0,-0.07,18.6,13.9,4.7,0.91,0,0,0,0.0
4ac7608e,13,823,9.1,7,4,6,8,0.38,7,19.0,-12.0,0.06,8.0,21.5,-13.5,-0.33,0,0,0,0.0
4accb7e0,21,935,10.4,8,3,13,2,1.43,11,11.0,0.0,0.08,11.0,12.5,-1.5,-0.27,0,0,0,0.0
4acd733a,16,595,6.6,5,1,11,3,1.25,9,8.0,1.0,0.15,10.8,11.3,-0.5,-0.27,0,0,0,0.0
4b511457,19,1710,19.0,19,19,0,0,1.37,31,30.0,1.0,0.05,29.0,25.3,3.8,0.5,0,0,0,0.0
4bd414c1,20,1789,19.9,20,19,0,1,1.5,24,21.0,3.0,0.15,28.4,24.8,3.7,0.64,0,0,0,0.0
4c2e9442,3,108,1.2,0,0,3,0,1.0,0,1.0,-1.0,-0.88,0.8,1.0,-0.1,-0.16,0,0,0,0.0
4c3a6744,16,788,8.8,7,1,9,1,0.88,15,13.0,2.0,0.37,15.6,12.5,3.0,0.51,0,0,0,0.0
4c5b14d2,10,267,3.0,1,0,9,8,1.1,7,2.0,5.0,1.59,8.6,3.3,5.3,1.73,0,0,0,0.0
4cee5954,15,1116,12.4,12,9,3,7,0.93,9,22.0,-13.0,-0.67,10.9,20.8,-10.0,-0.21,0,0,0,0.0
4d1666ff,15,1211,13.5,14,11,1,2,2.67,28,4.0,24.0,0.42,26.5,10.5,16.0,-0.03,0,0,0,0.0
4d224fe8,1,8,0.1,0,0,1,0,3.0,0,0.0,0.0,-1.27,0.0,0.3,-0.3,-4.7,0,0,0,0.0
4dbd0916,16,696,7.7,9,0,7,1,1.81,14,3.0,11.0,1.23,10.4,5.7,4.7,0.42,0,0,0,0.0
4df0dff8,0,0,0.0,0,0,0,17,0.0,0,0.0,0.0,0.0,0.0,0.0,0.0,0.0,0,0,0,0.0
4e219ad2,12,440,4.9,3,1,9,9,1.5,10,6.0,4.0,1.43,9.8,4.7,5.1,1.82,0,0,0,0.0
4e9bcf57,0,0,0.0,0,0,0,6,0.0,0,0.0,0.0,0.0,0.0,0.0,0.0,0.0,0,0,0,0.0
4eae5bc4,0,0,0.0,0,0,0,23,0.0,0,0.0,0.0,0.0,0.0,0.0,0.0,0.0,0,0,0,0.0
4f255115,18,1113,12.4,13,7,5,1,2.28,27,16.0,11.0,-0.8,25.0,13.0,12.0,-0.55,0,0,0,0.0
506daeac,3,158,1.8,2,0,1,9,0.0,1,6.0,-5.0,-2.28,0.6,3.4,-2.8,-0.93,0,0,0,0.0
507d7569,0,0,0.0,0,0,0,1,0.0,0,0.0,0.0,0.0,0.0,0.0,0.0,0.0,0,0,0,0.0
50cbc806,0,0,0.0,0,0,0,1,0.0,0,0.0,0.0,0.0,0.0,0.0,0.0,0.0,0,0,0,0.0
5132b92c,10,577,6.4,7,5,3,7,1.5,7,6.0,1.0,1.24,6.4,9.2,-2.7,0.39,0,0,0,0.0
518f2234,21,1175,13.1,11,6,10,0,1.57,15,13.0,2.0,0.05,20.8,17.8,3.0,0.31,0,0,0,0.0
51a3c4c8,3,194,2.2,2,2,1,11,0.33,1,3.0,-2.0,-1.7,2.4,2.3,0.0,-0.35,0,0,0,0.0
527f063d,14,945,10.5,14,3,0,0,0.71,11,11.0,0.0,0.0,12.4,13.7,-1.2,-0.28,0,0,0,0.0
532e1e4f,20,1800,20.0,20,20,0,1,1.55,24,19.0,5.0,0.92,28.5,24.2,4.3,0.91,0,0,0,0.0
540ec57b,22,1331,14.8,17,3,5,1,1.5,16,18.0,-2.0,-0.74,19.8,19.1,0.8,-0.13,0,0,0,0.0
5487adcd,4,193,2.1,2,2,2,15,1.25,4,3.0,1.0,0.32,2.9,3.4,-0.4,-0.22,0,0,0,0.0
5496cc91,1,45,0.5,1,0,0,0,0.0,0,1.0,-1.0,-1.29,0.2,0.4,-0.2,0.36,0,0,0,0.0
54bcdeb0,19,1144,12.7,12,4,7,0,1.16,12,15.0,-3.0,1.12,14.2,20.2,-6.0,0.53,0,0,0,0.0
55126f3b,19,1372,15.2,16,7,3,0,1.95,20,10.0,10.0,0.14,20.3,14.4,5.9,0.17,0,0,0,0.0
555f3a0b,11,802,8.9,9,8,2,10,2.0,14,4.0,10.0,0.84,13.0,9.3,3.7,0.13,0,0,0,0.0
55634fb8,9,486,5.4,6,3,3,9,1.11,5,11.0,-6.0,-0.77,6.1,10.5,-4.5,-0.52,0,0,0,0.0
56545648,2,54,0.6,0,0,2,1,3.0,1,0.0,1.0,1.4,2.2,0.3,1.9,2.96,0,0,0,0.0
57be54ec,5,97,1.1,1,0,4,13,1.6,2,0.0,2.0,1.63,3.0,0.7,2.3,1.76,0,0,0,0.0
5853ac44,15,1090,12.1,13,9,2,3,1.13,12,18.0,-6.0,-0.4,13.2,17.4,-4.2,0.06,0,0,0,0.0
58591b42,0,0,0.0,0,0,0,1,0.0,0,0.0,0.0,0.0,0.0,0.0,0.0,0.0,0,0,0,0.0
58a9a4d9,21,1582,17.6,21,5,0,2,1.19,22,20.0,2.0,1.77,20.8,21.9,-1.1,1.33,0,0,0,0.0
58ad9383,23,2070,23.0,23,23,0,0,1.35,21,24.0,-3.0,0.0,19.8,26.4,-6.6,0.0,2070,23,23,23.0
58afe001,10,826,9.2,10,5,0,0,0.9,9,18.0,-9.0,-0.91,8.2,12.5,-4.3,-0.15,0,0,0,0.0
58bc7d18,0,0,0.0,0,0,0,22,0.0,0,0.0,0.0,0.0,0.0,0.0,0.0,0.0,0,0,0,0.0
592f3158,20,1467,16.3,17,6,3,0,1.5,19,14.0,5.0,0.46,19.0,17.2,1.7,0.41,0,0,0,0.0
59b7d823,17,1178,13.1,12,8,5,6,1.53,25,12.0,13.0,1.6,21.9,10.3,11.6,0.98,0,0,0,0.0
5a626448,23,1841,20.5,22,12,1,0,1.43,18,19.0,-1.0,-0.05,20.7,20.1,0.6,0.27,0,0,0,0.0
5ab0ea87,19,1377,15.3,17,9,2,2,2.47,25,6.0,19.0,-1.1,27.4,12.6,14.8,-0.69,0,0,0,0.0
5acc4a10,18,1442,16.0,17,9,1,0,1.39,16,17.0,-1.0,-0.64,21.9,19.0,2.9,0.27,0,0,0,0.0
5ae499d0,21,1322,14.7,15,1,6,0,1.43,23,11.0,12.0,1.78,19.1,15.9,3.2,0.65,0,0,0,0.0
5b28b2f6,15,439,4.9,3,0,12,6,0.27,5,11.0,-6.0,0.15,3.5,16.3,-12.8,-1.71,0,0,0,0.0
5b93209a,10,169,1.9,0,0,10,10,1.0,6,3.0,3.0,-1.18,3.1999999999999997,1.6,1.6,2.59,0,0,0,0.0
5c4dc0ff,6,57,0.6,0,0,6,12,1.33,1,0.0,1.0,0.33,3.6,0.3,3.3,4.11,0,0,0,0.0
5c7845f6,19,1527,17.0,17,15,2,3,1.79,21,16.0,5.0,-0.37,21.8,14.0,7.8,0.04,0,0,0,0.0
5c96b017,19,715,7.9,6,0,13,2,1.32,6,5.0,1.0,0.26,9.4,7.8,1.6,0.31,0,0,0,0.0
5ca20b7a,10,639,7.1,7,5,3,0,0.7,3,17.0,-14.0,-1.78,4.3,13.7,-9.4,-0.9,0,0,0,0.0
5ccc9672,20,1390,15.4,17,10,3,3,2.75,31,5.0,26.0,0.23,31.6,13.2,18.4,-0.03,0,0,0,0.0
5ce0b5ba,15,663,7.4,8,2,7,8,2.0,10,4.0,6.0,0.62,8.1,6.1,2.0,-0.26,0,0,0,0.0
5cec2487,3,183,2.0,3,0,0,17,1.33,1,2.0,-1.0,-0.87,1.9,1.9,0.0,-0.33,0,0,0,0.0
5d133e96,1,8,0.1,0,0,1,12,3.0,0,0.0,0.0,-0.04,0.0,0.1,-0.1,-1.3,0,0,0,0.0
5db04597,21,1740,19.3,20,18,1,0,1.19,17,23.0,-6.0,-1.13,16.1,24.0,-7.8,-0.81,0,0,0,0.0
5dcf3e90,22,1935,21.5,22,21,0,1,1.45,32,25.0,7.0,0.33,28.1,18.2,9.9,-0.06,1935,22,22,21.5
5dfc6ad5,19,1290,14.3,14,12,5,3,1.84,26,14.0,12.0,0.61,22.5,16.3,6.2,0.27,0,0,0,0.0
5e1028e5,22,1346,15.0,16,4,6,0,1.09,14,26.0,-12.0,-1.3,16.8,16.2,0.7,-0.06,0,0,0,0.0
5e95c000,3,150,1.7,2,1,1,9,0.0,1,3.0,-2.0,0.16,0.8,5.0,-4.2,-1.31,0,0,0,0.0
5eebbfdf,4,83,0.9,1,0,3,1,0.0,0,3.0,-3.0,-2.62,0.5,2.1,-1.6,-1.09,0,0,0,0.0
5f21b94c,4,67,0.7,0,0,4,13,0.0,0,0.0,0.0,-0.04,1.1,0.3,0.7,0.89,0,0,0,0.0
5fa714d5,8,332,3.7,3,1,5,3,1.75,7,5.0,2.0,0.18,4.9,3.2,1.7,0.03,0,0,0,0.0
60232207,0,0,0.0,0,0,0,1,0.0,0,0.0,0.0,0.0,0.0,0.0,0.0,0.0,0,0,0,0.0
6025fab1,22,1263,14.0,14,3,8,0,2.32,33,12.0,21.0,0.6,27.1,13.9,13.2,-0.74,0,0,0,0.0
60359288,20,1656,18.4,20,14,0,1,1.2,14,26.0,-12.0,0.43,16.2,29.3,-13.1,-0.01,0,0,0,0.0
608f2092,15,836,9.3,8,7,7,8,1.25,7,17.0,-10.0,-1.47,8.5,16.6,-8.1,-1.01,0,0,0,0.0
6091cf45,1,15,0.2,0,0,1,2,0.0,0,1.0,-1.0,-5.3,0.0,0.8,-0.8,-4.11,0,0,0,0.0
60abea75,13,1033,11.5,11,10,2,6,1.69,19,18.0,1.0,1.22,16.5,16.0,0.5,0.95,0,0,0,0.0
60bd361e,0,0,0.0,0,0,0,2,0.0,0,0.0,0.0,0.0,0.0,0.0,0.0,0.0,0,0,0,0.0
623d5294,0,0,0.0,0,0,0,2,0.0,0,0.0,0.0,0.0,0.0,0.0,0.0,0.0,0,0,0,0.0
625c144a,14,1260,14.0,14,14,0,1,1.5,15,10.0,5.0,0.58,17.2,14.6,2.6,0.23,1260,14,14,14.0
6265208f,20,1730,19.2,19,19,1,0,1.15,23,29.0,-6.0,-0.58,22.0,24.4,-2.4,-0.27,0,0,0,0.0
629081bd,1,10,0.1,0,0,1,6,3.0,0,1.0,-1.0,-8.74,0.0,0.0,0.0,0.0,0,0,0,0.0
636eae97,20,750,8.3,9,0,11,2,1.33,13,12.0,1.0,-1.59,14.8,10.0,4.800000000000001,0.21,0,0,0,0.0
63b0ca6b,14,556,6.2,7,1,7,5,0.79,6,12.0,-6.0,-0.32,6.8,12.7,-5.9,-0.33,0,0,0,0.0
63c5e56b,8,103,1.1,0,0,8,11,1.88,3,1.0,2.0,1.66,2.8,1.3,1.4,1.33,0,0,0,0.0
63d17038,13,1170,13.0,13,13,0,7,1.69,22,17.0,5.0,0.78,19.2,17.0,2.2,0.13,1170,13,13,13.0
63f04c6c,13,866,9.6,10,7,3,1,1.85,13,3.0,10.0,1.56,15.1,10.0,5.2,0.75,0,0,0,0.0
64035864,0,0,0.0,0,0,0,5,0.0,0,0.0,0.0,0.0,0.0,0.0,0.0,0.0,0,0,0,0.0
647d39d2,2,33,0.4,0,0,2,6,3.0,0,0.0,0.0,0.75,0.1,0.2,-0.1,0.48,0,0,0,0.0
64ba07c0,3,74,0.8,1,0,2,1,2.33,1,1.0,0.0,0.23,0.8,0.9,-0.1,-0.05,0,0,0,0.0
64e8ed6d,23,1876,20.8,23,9,0,0,0.96,18,29.0,-11.0,-0.99,17.0,23.1,-6.1,0.95,0,0,0,0.0
65154df0,22,1416,15.7,16,3,6,0,1.36,23,25.0,-2.0,-0.54,20.0,21.8,-1.8,-0.7,0,0,0,0.0
66116290,19,484,5.4,3,1,16,2,1.26,4,5.0,-1.0,-0.47,6.1,6.8,-0.7,-0.16,0,0,0,0.0
661e2822,1,25,0.3,0,0,1,5,1.0,1,0.0,1.0,4.39,0.5,1.0,-0.4,-0.89,0,0,0,0.0
6652cf96,19,1485,16.5,18,10,1,0,1.32,19,20.0,-1.0,0.55,19.7,19.9,-0.2,0.24,0,0,0,0.0
686cbe7d,5,322,3.6,4,1,1,0,1.83,5,3.0,2.0,1.75,4.0,5.7,-1.7,-1.38,0,0,0,0.0
688b96e3,10,900,10.0,10,10,0,13,0.8,14,18.0,-4.0,-0.78,13.3,12.9,0.3,-0.13,900,10,10,10.0
697295b1,18,1323,14.7,16,11,2,2,0.28,6,30.0,-24.0,-0.79,10.5,27.8,-17.4,0.26,0,0,0,0.0
69c5633e,0,0,0.0,0,0,0,1,0.0,0,0.0,0.0,0.0,0.0,0.0,0.0,0.0,0,0,0,0.0
69cbc8b6,21,1737,19.3,20,18,1,0,1.14,25,31.0,-6.0,-0.58,22.9,24.1,-1.1,0.12,0,0,0,0.0
6a82a394,0,0,0.0,0,0,0,5,0.0,0,0.0,0.0,0.0,0.0,0.0,0.0,0.0,0,0,0,0.0
6a8a7af8,21,1796,20.0,21,11,0,0,1.19,24,27.0,-3.0,0.51,21.9,23.9,-2.0,-0.18,0,0,0,0.0
6a99e0b1,21,1664,18.5,20,8,1,0,1.38,24,21.0,3.0,-0.72,24.4,14.6,9.8,0.34,0,0,0,0.0
6ae4bd6f,0,0,0.0,0,0,0,3,0.0,0,0.0,0.0,0.0,0.0,0.0,0.0,0.0,0,0,0,0.0
6b21b7b5,8,324,3.6,3,1,5,1,1.5,3,5.0,-2.0,-0.71,3.8,5.4,-1.6,-0.66,0,0,0,0.0
6b5ea2f4,16,593,6.6,6,1,10,7,1.31,8,10.0,-2.0,-0.85,7.1,4.7,2.4,-0.13,0,0,0,0.0
6c4776b1,23,2070,23.0,23,23,0,0,1.09,18,35.0,-17.0,0.0,19.9,36.2,-16.3,0.0,2070,23,23,23.0
6c5b85cf,0,0,0.0,0,0,0,5,0.0,0,0.0,0.0,0.0,0.0,0.0,0.0,0.0,0,0,0,0.0
6c7762c3,12,901,10.0,10,6,2,2,1.67,14,11.0,3.0,0.3,13.3,14.8,-1.5,-0.43,0,0,0,0.0
6c811eb7,21,1543,17.1,20,7,1,0,0.86,12,21.0,-9.0,-0.35,13.1,17.4,-4.2,0.52,0,0,0,0.0
6ce1f46f,18,1281,14.2,15,7,3,1,2.22,27,11.0,16.0,-0.36,26.8,13.8,13.0,-0.83,0,0,0,0.0
6db116ec,4,36,0.4,0,0,4,5,0.5,0,1.0,-1.0,-2.19,0.5,0.7,-0.2,-0.63,0,0,0,0.0
6e4df551,13,670,7.4,6,4,7,0,0.85,5,10.0,-5.0,-0.54,10.3,13.5,-3.2,-0.08,0,0,0,0.0
6eaed4eb,21,1758,19.5,21,18,0,1,1.57,24,22.0,2.0,-0.47,22.9,25.5,-2.6,-0.79,0,0,0,0.0
6f392eb8,0,0,0.0,0,0,0,2,0.0,0,0.0,0.0,0.0,0.0,0.0,0.0,0.0,0,0,0,0.0
6f4c734d,12,323,3.6,2,0,10,4,1.17,5,6.0,-1.0,0.55,3.7,7.1,-3.3,-0.26,0,0,0,0.0
6f51e382,23,2070,23.0,23,23,0,0,2.57,45,8.0,37.0,0.0,46.4,18.8,27.6,0.0,2070,23,23,23.0
6f5f82c0,13,738,8.2,8,3,5,4,1.77,9,10.0,-1.0,-0.8,11.5,7.4,4.1,0.08,0,0,0,0.0
70107d4d,18,818,9.1,10,0,8,4,1.0,4,11.0,-7.0,-0.05,7.9,11.0,-3.1,0.61,0,0,0,0.0
7016332f,0,0,0.0,0,0,0,1,0.0,0,0.0,0.0,0.0,0.0,0.0,0.0,0.0,0,0,0,0.0
70d74ece,14,1213,13.5,14,11,0,0,2.36,28,9.0,19.0,0.36,28.8,13.2,15.7,-0.16,0,0,0,0.0
70f8e0bd,22,1336,14.8,17,1,5,0,1.27,15,14.0,1.0,0.56,11.1,17.6,-6.5,-0.43,0,0,0,0.0
7106f0a0,1,6,0.1,0,0,1,20,3.0,0,0.0,0.0,-0.17,0.0,0.1,-0.1,-1.76,0,0,0,0.0
7111d552,22,1936,21.5,22,16,0,0,2.23,39,18.0,21.0,-4.4,41.2,18.8,22.4,-2.92,0,0,0,0.0
7155e3e1,4,352,3.9,4,3,0,0,1.0,5,7.0,-2.0,-0.25,4.8,5.1,-0.3,0.37,0,0,0,0.0
7226539b,23,2057,22.9,23,21,0,0,1.48,29,25.0,4.0,0.18,27.1,27.7,-0.7,-2.51,0,0,0,0.0
72a84002,16,1094,12.2,14,8,2,5,1.19,11,16.0,-5.0,0.7,10.8,16.8,-6.0,0.47,0,0,0,0.0
73683fa9,1,90,1.0,1,1,0,18,0.0,1,3.0,-2.0,-2.27,0.8,1.2,-0.3,-0.34,90,1,1,1.0
7378ea1b,0,0,0.0,0,0,0,11,0.0,0,0.0,0.0,0.0,0.0,0.0,0.0,0.0,0,0,0,0.0
73df4173,0,0,0.0,0,0,0,1,0.0,0,0.0,0.0,0.0,0.0,0.0,0.0,0.0,0,0,0,0.0
7460ca0d,23,2025,22.5,23,19,0,0,1.48,26,23.0,3.0,0.13,30.7,28.9,1.8,-0.87,0,0,0,0.0
75197d23,0,0,0.0,0,0,0,1,0.0,0,0.0,0.0,0.0,0.0,0.0,0.0,0.0,0,0,0,0.0
755da865,0,0,0.0,0,0,0,1,0.0,0,0.0,0.0,0.0,0.0,0.0,0.0,0.0,0,0,0,0.0
75645f0e,21,1525,16.9,19,5,2,0,1.76,27,17.0,10.0,1.09,26.8,19.2,7.6,0.64,0,0,0,0.0
759d8dd7,9,389,4.3,4,2,5,14,0.89,0,10.0,-10.0,-1.94,4.0,8.5,-4.5,-0.4,0,0,0,0.0
76c2a023,19,1200,13.3,13,11,6,4,1.16,9,28.0,-19.0,-2.15,14.2,27.5,-13.3,-1.35,0,0,0,0.0
79f2a5f5,1,1,0.0,0,0,1,16,3.0,0,0.0,0.0,-0.17,0.0,0.2,-0.2,-13.79,0,0,0,0.0
7b5ab7f2,4,219,2.4,2,1,2,0,1.0,2,5.0,-3.0,-1.04,3.5,3.8,-0.3,0.3,0,0,0,0.0
7b9c2d84,23,1122,12.5,11,6,12,0,2.26,28,7.0,21.0,0.92,30.5,9.4,21.1,1.02,0,0,0,0.0
7c363088,18,1064,11.8,12,2,6,1,1.56,15,12.0,3.0,0.61,16.3,11.8,4.5,0.78,0,0,0,0.0
7c388b20,23,1521,16.9,16,6,7,0,1.04,12,23.0,-11.0,0.33,16.7,25.1,-8.4,0.8,0,0,0,0.0
7c4243d4,18,1145,12.7,14,2,4,4,1.0,10,13.0,-3.0,1.13,12.3,17.7,-5.4,0.63,0,0,0,0.0
7d08063d,7,276,3.1,2,0,5,4,1.29,7,4.0,3.0,1.28,3.9,3.0,0.9,0.66,0,0,0,0.0
7dcf86f6,23,1932,21.5,21,21,2,0,1.17,25,34.0,-9.0,-1.07,26.4,24.9,1.4,0.0,0,0,0,0.0
7e28d6f7,0,0,0.0,0,0,0,1,0.0,0,0.0,0.0,0.0,0.0,0.0,0.0,0.0,0,0,0,0.0
7e84906e,0,0,0.0,0,0,0,5,0.0,0,0.0,0.0,0.0,0.0,0.0,0.0,0.0,0,0,0,0.0
7e98cff1,21,1558,17.3,18,9,3,0,1.14,20,25.0,-5.0,-1.34,22.2,19.3,2.9,0.23,0,0,0,0.0
7f271d74,5,88,1.0,0,0,5,13,1.8,3,2.0,1.0,1.3,1.4,2.0,-0.7,-0.62,0,0,0,0.0
7f6080fe,0,0,0.0,0,0,0,9,0.0,0,0.0,0.0,0.0,0.0,0.0,0.0,0.0,0,0,0,0.0
7f638fc5,0,0,0.0,0,0,0,2,0.0,0,0.0,0.0,0.0,0.0,0.0,0.0,0.0,0,0,0,0.0
7f9c5d2d,6,362,4.0,5,2,1,1,1.5,7,8.0,-1.0,-0.67,8.1,8.0,0.1,-0.31,0,0,0,0.0
7fc46615,0,0,0.0,0,0,0,1,0.0,0,0.0,0.0,0.0,0.0,0.0,0.0,0.0,0,0,0,0.0
80211dc5,2,66,0.7,1,0,1,2,0.0,0,1.0,-1.0,-0.65,0.7,1.9,-1.2,-0.93,0,0,0,0.0
8059806f,21,1250,13.9,15,1,6,0,1.62,7,14.0,-7.0,-2.04,14.0,19.0,-5.0,-1.62,0,0,0,0.0
805a2a11,1,30,0.3,0,0,1,0,3.0,1,0.0,1.0,2.91,1.8,0.2,1.6,4.77,0,0,0,0.0
808d48f3,19,1657,18.4,19,14,0,1,1.58,18,19.0,-1.0,0.38,14.3,21.8,-7.5,-0.62,0,0,0,0.0
81442ecb,18,1120,12.4,13,7,5,0,1.22,15,19.0,-4.0,-0.04,15.4,19.2,-3.8,0.17,0,0,0,0.0
819aa8e7,4,205,2.3,2,0,2,0,2.25,6,3.0,3.0,1.12,6.6,3.0,3.6,1.45,0,0,0,0.0
81d5c497,3,22,0.2,0,0,3,2,0.0,0,0.0,0.0,-0.13,0.3,0.1,0.2,0.72,0,0,0,0.0
81f0781e,13,924,10.3,11,7,2,1,2.0,12,7.0,5.0,0.64,16.1,14.1,2.0,0.18,0,0,0,0.0
8249ff06,0,0,0.0,0,0,0,1,0.0,0,0.0,0.0,0.0,0.0,0.0,0.0,0.0,0,0,0,0.0
82cfae2a,0,0,0.0,0,0,0,4,0.0,0,0.0,0.0,0.0,0.0,0.0,0.0,0.0,0,0,0,0.0
84399660,12,673,7.5,8,3,4,0,2.08,16,14.0,2.0,-0.05,14.9,12.4,2.6,0.09,0,0,0,0.0
8455ad90,22,1695,18.8,20,7,2,0,1.27,19,21.0,-2.0,0.13,17.2,21.0,-3.9,0.45,0,0,0,0.0
84a85b48,1,5,0.1,0,0,1,1,0.0,0,0.0,0.0,-0.13,0.0,0.0,0.0,-0.7,0,0,0,0.0
852ddfb8,13,812,9.0,8,5,5,9,1.23,10,11.0,-1.0,0.53,10.1,12.1,-2.1,0.25,0,0,0,0.0
853b7c48,19,1710,19.0,19,19,0,0,1.05,18,29.0,-11.0,-1.33,21.2,19.7,1.6,0.09,1710,19,19,19.0
857cb4f3,0,0,0.0,0,0,0,2,0.0,0,0.0,0.0,0.0,0.0,0.0,0.0,0.0,0,0,0,0.0
85bed4ee,16,902,10.0,12,1,4,6,1.81,13,11.0,2.0,-0.19,14.5,11.6,3.0,0.03,0,0,0,0.0
85dace26,9,536,6.0,8,2,1,6,0.33,4,15.0,-11.0,-0.67,4.2,11.4,-7.2,0.09,0,0,0,0.0
8696bc90,15,451,5.0,1,0,14,3,1.07,7,4.0,3.0,1.32,7.1,7.4,-0.2,0.43,0,0,0,0.0
86ff856b,9,255,2.8,2,0,7,11,0.33,3,4.0,-1.0,0.19,3.7,4.4,-0.7,0.2,0,0,0,0.0
873619c6,23,1668,18.5,20,3,3,0,1.48,27,21.0,6.0,0.77,23.5,21.7,1.8,0.57,0,0,0,0.0
873ce3a2,1,33,0.4,0,0,1,1,0.0,2,1.0,1.0,4.14,0.1,1.1,-1.0,-1.44,0,0,0,0.0
87b498b0,0,0,0.0,0,0,0,23,0.0,0,0.0,0.0,0.0,0.0,0.0,0.0,0.0,0,0,0,0.0
88050721,22,869,9.7,9,1,13,1,1.55,12,13.0,-1.0,-0.48,12.5,11.9,0.6,0.13,0,0,0,0.0
881ef58c,1,5,0.1,0,0,1,6,1.0,0,0.0,0.0,1.35,0.0,0.1,-0.1,-0.17,0,0,0,0.0
89151b16,8,375,4.2,4,2,4,5,1.25,5,7.0,-2.0,0.32,3.4,9.2,-5.9,-0.85,0,0,0,0.0
89b1ce31,0,0,0.0,0,0,0,1,0.0,0,0.0,0.0,0.0,0.0,0.0,0.0,0.0,0,0,0,0.0
89f951b5,18,990,11.0,12,6,6,3,1.17,11,14.0,-3.0,0.06,10.9,17.9,-7.1,-0.5,0,0,0,0.0
8a52eeb5,0,0,0.0,0,0,0,2,0.0,0,0.0,0.0,0.0,0.0,0.0,0.0,0.0,0,0,0,0.0
8aae94b9,7,537,6.0,6,5,1,6,1.14,4,10.0,-6.0,-0.36,6.4,8.8,-2.4,0.43,0,0,0,0.0
8aafd64f,14,650,7.2,7,1,7,1,1.86,11,8.0,3.0,-0.28,9.0,8.6,0.4,-0.41,0,0,0,0.0
8ac501f5,20,1191,13.2,14,7,6,2,0.9,7,16.0,-9.0,0.14,10.8,19.6,-8.8,0.1,0,0,0,0.0
8b298f56,15,608,6.8,6,1,9,7,1.6,7,8.0,-1.0,-0.02,5.2,10.8,-5.6,-0.77,0,0,0,0.0
8c3c640c,9,424,4.7,4,2,5,0,1.89,5,3.0,2.0,0.04,6.0,4.0,2.0,-0.04,0,0,0,0.0
8c725b43,19,1521,16.9,17,13,2,1,1.74,26,19.0,7.0,0.41,28.3,21.8,6.4,0.37,0,0,0,0.0
8cfc2f69,10,243,2.7,1,0,9,10,0.8,1,2.0,-1.0,-0.27,3.2,2.9,0.3,0.45,0,0,0,0.0
8d78e732,20,1587,17.6,19,13,1,0,2.5,38,8.0,30.0,0.4,39.2,12.4,26.8,1.37,0,0,0,0.0
8d8bbf13,0,0,0.0,0,0,0,3,0.0,0,0.0,0.0,0.0,0.0,0.0,0.0,0.0,0,0,0,0.0
8e010ff4,15,364,4.0,2,0,13,8,0.73,4,7.0,-3.0,-0.27,5.3,7.4,-2.1,-0.1,0,0,0,0.0
8e088e04,16,654,7.3,6,0,10,7,1.06,10,8.0,2.0,0.4,9.0,9.0,0.0,-0.05,0,0,0,0.0
8e48dc61,5,135,1.5,1,0,4,11,2.6,2,0.0,2.0,1.01,2.8,1.2,1.6,0.65,0,0,0,0.0
8e613398,0,0,0.0,0,0,0,4,0.0,0,0.0,0.0,0.0,0.0,0.0,0.0,0.0,0,0,0,0.0
8e92be30,2,152,1.7,2,0,0,0,1.5,2,3.0,-1.0,-1.06,1.7,2.0,-0.2,-0.64,0,0,0,0.0
8f29e08b,0,0,0.0,0,0,0,17,0.0,0,0.0,0.0,0.0,0.0,0.0,0.0,0.0,0,0,0,0.0
8f3565b3,18,1019,11.3,13,1,5,5,1.44,11,10.0,1.0,0.26,12.4,10.4,2.0,0.35,0,0,0,0.0
8f5e92a6,20,1366,15.2,14,9,6,0,2.25,32,11.0,21.0,0.36,34.9,11.5,23.3,0.91,0,0,0,0.0
8f696594,6,185,2.1,2,0,4,8,5.5,6,0.0,6.0,3.63,5.3,1.1,4.2,2.33,0,0,0,0.0
8f8c6934,23,2070,23.0,23,23,0,0,0.96,20,30.0,-10.0,0.0,18.5,27.3,-8.8,0.0,2070,23,23,23.0
8fae77ea,17,1517,16.9,17,16,0,5,1.18,13,23.0,-10.0,0.55,15.3,29.1,-13.9,-0.43,1517,17,17,16.9
90162357,2,39,0.4,0,0,2,20,2.0,0,1.0,-1.0,-2.53,1.9,0.5,1.5,3.48,0,0,0,0.0
90bbd822,21,1744,19.4,20,10,1,0,1.48,22,21.0,1.0,-0.78,21.9,23.0,-1.1,-0.28,0,0,0,0.0
9109185e,0,0,0.0,0,0,0,17,0.0,0,0.0,0.0,0.0,0.0,0.0,0.0,0.0,0,0,0,0.0
912668ea,0,0,0.0,0,0,0,2,0.0,0,0.0,0.0,0.0,0.0,0.0,0.0,0.0,0,0,0,0.0
91f7631f,19,1483,16.5,17,11,2,0,1.58,17,15.0,2.0,0.89,15.6,16.1,-0.5,0.91,0,0,0,0.0
922da988,5,165,1.8,1,0,4,8,0.0,1,6.0,-5.0,-2.16,0.9,5.2,-4.3,-1.76,0,0,0,0.0
924ff27e,0,0,0.0,0,0,0,18,0.0,0,0.0,0.0,0.0,0.0,0.0,0.0,0.0,0,0,0,0.0
93090f69,22,1935,21.5,22,21,0,0,1.0,20,29.0,-9.0,0.25,17.7,26.2,-8.5,-0.19,0,0,0,0.0
93551864,0,0,0.0,0,0,0,1,0.0,0,0.0,0.0,0.0,0.0,0.0,0.0,0.0,0,0,0,0.0
937c6ae6,1,7,0.1,0,0,1,5,1.0,0,1.0,-1.0,-12.68,0.1,0.2,-0.1,-1.18,0,0,0,0.0
958d67bb,0,0,0.0,0,0,0,8,0.0,0,0.0,0.0,0.0,0.0,0.0,0.0,0.0,0,0,0,0.0
9602ef3b,0,0,0.0,0,0,0,8,0.0,0,0.0,0.0,0.0,0.0,0.0,0.0,0.0,0,0,0,0.0
962e54cb,13,401,4.5,4,0,9,6,0.92,5,5.0,0.0,0.43,5.7,5.0,0.7,0.11,0,0,0,0.0
963829d0,13,408,4.5,4,0,9,3,1.46,5,4.0,1.0,0.11,5.1,7.0,-1.9,-0.64,0,0,0,0.0
968a1c2f,16,507,5.6,3,0,13,7,1.19,2,9.0,-7.0,-2.05,5.2,4.6,0.6,-0.48,0,0,0,0.0
974322dc,19,1366,15.2,14,11,5,2,0.89,11,23.0,-12.0,-1.05,10.4,17.5,-7.1,-0.26,0,0,0,0.0
97852360,3,270,3.0,3,3,0,12,3.0,4,3.0,1.0,0.83,3.5,3.3,0.2,0.65,270,3,3,3.0
9939e168,23,1472,16.4,15,10,8,0,1.43,11,20.0,-9.0,-1.75,16.3,19.5,-3.3,-0.69,0,0,0,0.0
99ea2ddd,4,223,2.5,2,1,2,4,0.0,0,7.0,-7.0,-2.34,1.2,5.4,-4.2,-1.11,0,0,0,0.0
9a0408b6,21,967,10.7,9,6,12,2,1.57,8,16.0,-8.0,-1.72,10.6,16.1,-5.5,-0.93,0,0,0,0.0
9a26fa06,1,90,1.0,1,1,0,2,1.0,0,0.0,0.0,-0.32,0.5,0.4,0.0,-0.27,0,0,0,0.0
9a64e67e,20,1626,18.1,18,17,2,0,1.85,22,15.0,7.0,-0.02,22.3,15.1,7.2,-0.23,0,0,0,0.0
9a76c2e9,12,507,5.6,6,1,6,7,1.83,14,10.0,4.0,0.88,9.5,8.9,0.7,0.01,0,0,0,0.0
9a93efc9,7,510,5.7,4,4,3,14,1.14,6,6.0,0.0,0.0,8.1,7.8,0.3,0.02,0,0,0,0.0
9ad74b4d,0,0,0.0,0,0,0,21,0.0,0,0.0,0.0,0.0,0.0,0.0,0.0,0.0,0,0,0,0.0
9c36ed83,14,791,8.8,8,1,6,1,1.5,12,6.0,6.0,0.89,12.2,10.4,1.8,0.17,0,0,0,0.0
9cdc85e5,0,0,0.0,0,0,0,1,0.0,0,0.0,0.0,0.0,0.0,0.0,0.0,0.0,0,0,0,0.0
9d33c71a,0,0,0.0,0,0,0,2,0.0,0,0.0,0.0,0.0,0.0,0.0,0.0,0.0,0,0,0,0.0
9e1035f8,20,835,9.3,8,3,12,1,2.6,14,6.0,8.0,-1.25,19.5,9.5,10.0,-0.21,0,0,0,0.0
9f0ea33f,6,540,6.0,6,6,0,9,0.67,3,10.0,-7.0,-0.58,5.3,7.8,-2.5,0.39,540,6,6,6.0
9f323c71,23,1786,19.8,21,15,2,0,1.39,30,22.0,8.0,0.72,25.7,16.8,8.9,-0.09,0,0,0,0.0
9f979eb2,0,0,0.0,0,0,0,3,0.0,0,0.0,0.0,0.0,0.0,0.0,0.0,0.0,0,0,0,0.0
9fec8860,1,71,0.8,1,0,0,3,0.0,0,2.0,-2.0,-2.49,0.2,2.0,-1.8,-2.1,0,0,0,0.0
a01c3d54,12,1080,12.0,12,12,0,11,1.58,12,10.0,2.0,0.44,11.4,13.7,-2.3,-0.4,1080,12,12,12.0
a0255c67,6,186,2.1,2,0,4,13,2.0,3,4.0,-1.0,-0.63,1.9000000000000001,2.9000000000000004,-1.0,-0.85,0,0,0,0.0
a08b974a,9,392,4.4,3,1,6,0,1.22,9,8.0,1.0,0.66,7.2,5.2,2.0,1.03,0,0,0,0.0
a0b4bb3e,12,799,8.9,10,4,2,0,0.83,9,14.0,-5.0,-0.42,8.3,15.4,-7.1,-0.69,0,0,0,0.0
a10361d2,23,2011,22.3,23,18,0,0,1.3,36,33.0,3.0,3.19,31.9,27.3,4.6,3.35,0,0,0,0.0
a21417e2,7,531,5.9,6,3,1,1,1.29,6,7.0,-1.0,-0.17,5.1,8.2,-3.1,-0.7,0,0,0,0.0
a254bbe0,18,639,7.1,7,0,11,5,1.22,3,9.0,-6.0,-1.03,6.2,7.1,-0.9,0.23,0,0,0,0.0
a2b1bca6,0,0,0.0,0,0,0,6,0.0,0,0.0,0.0,0.0,0.0,0.0,0.0,0.0,0,0,0,0.0
a2c1a8d3,2,135,1.5,1,1,1,17,0.0,1,1.0,0.0,-0.33,2.2,1.4,0.8,0.06,135,2,1,1.5
a2d9cf74,0,0,0.0,0,0,0,1,0.0,0,0.0,0.0,0.0,0.0,0.0,0.0,0.0,0,0,0,0.0
a300ac7e,14,628,7.0,5,2,9,1,0.79,7,14.0,-7.0,-0.38,6.5,14.9,-8.5,-0.72,0,0,0,0.0
a30a31ee,0,0,0.0,0,0,0,8,0.0,0,0.0,0.0,0.0,0.0,0.0,0.0,0.0,0,0,0,0.0
a39bb753,3,99,1.1,1,0,2,17,3.0,3,1.0,2.0,0.59,2.6,0.6,2.0,0.6,0,0,0,0.0
a3e4bf46,22,1907,21.2,22,16,0,0,1.09,25,31.0,-6.0,-0.84,25.0,26.6,-1.6,0.03,0,0,0,0.0
a45eac1f,4,154,1.7,1,0,3,0,1.75,4,2.0,2.0,1.64,3.0,3.9,-0.9,-0.64,0,0,0,0.0
a461f098,1,5,0.1,0,0,1,1,1.0,0,0.0,0.0,-0.31,0.2,0.0,0.2,3.31,0,0,0,0.0
a4971d84,20,1716,19.1,20,17,0,0,0.75,14,26.0,-12.0,-1.14,14.6,21.7,-7.1,0.06,0,0,0,0.0
a4995f48,11,990,11.0,11,11,0,10,1.27,10,13.0,-3.0,-0.44,13.7,11.4,2.3,0.4,990,11,11,11.0
a4b00319,23,1990,22.1,22,21,1,0,1.17,26,32.0,-6.0,1.98,26.7,24.7,2.0,0.64,0,0,0,0.0
a55d8df5,18,917,10.2,9,6,9,5,1.56,14,7.0,7.0,0.69,15.8,12.7,3.0,0.03,0,0,0,0.0
a56da3ba,18,1443,16.0,16,15,2,4,1.44,15,18.0,-3.0,-0.47,18.0,18.0,0.0,0.01,0,0,0,0.0
a6103274,13,216,2.4,1,0,12,4,2.4,2,6.0,-4.0,-2.55,4.1000000000000005,6.1,-2.0,-0.66,0,0,0,0.0
a62b4888,13,301,3.3,2,0,11,10,1.15,2,8.0,-6.0,-1.59,2.9,4.7,-1.8,-0.17,0,0,0,0.0
a6951bf8,16,748,8.3,9,1,7,1,1.38,10,6.0,4.0,0.55,11.0,11.0,0.0,-0.16,0,0,0,0.0
a6de370d,19,1500,16.7,17,11,2,0,1.63,22,20.0,2.0,-0.67,22.4,23.1,-0.7,-1.17,0,0,0,0.0
a83c19cf,9,342,3.8,3,0,6,4,1.56,2,3.0,-1.0,-0.78,6.0,2.9,3.0,0.42,0,0,0,0.0
a8981944,22,1652,18.4,21,4,1,0,1.14,25,29.0,-4.0,1.5,21.5,26.8,-5.3,0.69,0,0,0,0.0
a8f21b9f,22,1120,12.4,12,3,10,1,1.09,14,15.0,-1.0,0.58,14.0,14.9,-0.9,-0.3,0,0,0,0.0
a98f3cbf,0,0,0.0,0,0,0,3,0.0,0,0.0,0.0,0.0,0.0,0.0,0.0,0.0,0,0,0,0.0
a9aff11a,0,0,0.0,0,0,0,2,0.0,0,0.0,0.0,0.0,0.0,0.0,0.0,0.0,0,0,0,0.0
aa677a35,21,1331,14.8,15,9,6,0,1.19,12,19.0,-7.0,0.74,14.1,22.0,-7.9,0.49,0,0,0,0.0
aad53e64,13,535,5.9,6,0,7,10,1.38,9,8.0,1.0,0.29,5.5,7.1,-1.6,-0.36,0,0,0,0.0
ab7bf91d,16,1355,15.1,15,15,1,3,1.38,21,13.0,8.0,0.66,19.7,13.0,6.7,-0.06,0,0,0,0.0
abe66106,20,1272,14.1,13,6,7,1,0.9,12,24.0,-12.0,-1.41,14.6,25.7,-11.0,-1.04,0,0,0,0.0
ac295d9e,3,225,2.5,2,2,1,18,0.67,1,3.0,-2.0,-0.56,2.4,3.6,-1.2,-0.1,225,3,2,2.5
ac454a4f,21,1514,16.8,17,8,4,0,0.38,12,37.0,-25.0,-0.51,15.8,37.3,-21.4,0.0,0,0,0,0.0
ac8b2421,17,1345,14.9,16,11,1,2,0.47,11,32.0,-21.0,-0.16,12.9,32.9,-19.9,-0.17,0,0,0,0.0
acc1aefa,16,842,9.4,9,3,7,7,0.94,11,11.0,0.0,0.73,9.1,11.0,-1.9,0.29,0,0,0,0.0
ad6df2d5,0,0,0.0,0,0,0,4,0.0,0,0.0,0.0,0.0,0.0,0.0,0.0,0.0,0,0,0,0.0
adfc9123,6,384,4.3,4,3,2,7,3.0,9,1.0,8.0,0.33,11.4,3.7,7.8,0.77,0,0,0,0.0
ae48c5cb,11,590,6.6,6,1,5,6,1.82,10,11.0,-1.0,-0.27,9.9,7.8,2.1,0.3,0,0,0,0.0
ae852b7d,1,11,0.1,0,0,1,11,0.5,2,1.0,1.0,8.75,0.7,0.1,0.6,5.46,0,0,0,0.0
ae86d473,16,436,4.8,3,0,13,3,0.81,9,7.0,2.0,0.52,7.3,7.6,-0.3,-0.12,0,0,0,0.0
af34f10d,2,53,0.6,0,0,2,2,1.5,0,0.0,0.0,-0.04,0.2,0.3,-0.1,-0.26,0,0,0,0.0
afdc14d7,22,1724,19.2,21,7,1,0,1.45,30,19.0,11.0,1.61,25.0,16.2,8.8,-0.01,0,0,0,0.0
b05e2dbd,18,1540,17.1,18,13,0,0,0.78,18,22.0,-4.0,-0.91,21.8,23.1,-1.3,-0.42,0,0,0,0.0
b0616e3d,11,790,8.8,10,6,1,7,1.27,6,8.0,-2.0,0.83,8.0,12.5,-4.5,0.32,0,0,0,0.0
b0fce72c,22,1665,18.5,18,15,4,0,1.32,22,19.0,3.0,-0.73,22.7,16.1,6.6,-0.55,0,0,0,0.0
b151a3f2,1,1,0.0,0,0,1,3,1.0,0,0.0,0.0,-0.17,0.0,0.0,0.0,0.01,0,0,0,0.0
b19db005,18,1100,12.2,14,3,4,0,2.61,25,5.0,20.0,0.06,23.5,9.8,13.7,-0.17,0,0,0,0.0
b2cd9dff,0,0,0.0,0,0,0,1,0.0,0,0.0,0.0,0.0,0.0,0.0,0.0,0.0,0,0,0,0.0
b3b9b8b8,1,2,0.0,0,0,1,2,3.0,0,0.0,0.0,-1.61,0.0,0.1,0.0,-2.74,0,0,0,0.0
b3dc6eca,8,462,5.1,4,4,4,12,2.0,7,7.0,0.0,-0.39,9.6,6.4,3.1,0.43,0,0,0,0.0
b3f62bfc,2,6,0.1,0,0,2,1,1.5,1,0.0,1.0,14.91,1.6,0.1,1.5,22.45,0,0,0,0.0
b418dbd4,22,617,6.9,4,0,18,1,1.32,10,8.0,2.0,-0.02,10.6,6.9,3.7,0.12,0,0,0,0.0
b51b1b9c,20,1536,17.1,19,8,1,0,0.95,19,20.0,-1.0,-0.23,21.5,20.8,0.6,0.02,0,0,0,0.0
b6e50615,14,1126,12.5,13,11,1,1,0.93,9,16.0,-7.0,-1.89,12.3,11.5,0.8,-0.87,0,0,0,0.0
b75ac54b,3,145,1.6,2,0,1,13,1.0,0,2.0,-2.0,-1.19,0.7,2.2,-1.5,-0.67,0,0,0,0.0
b7c04927,12,883,9.8,10,8,2,2,0.92,5,19.0,-14.0,-1.2,8.9,17.8,-8.9,-0.35,0,0,0,0.0
b7ca5c51,14,875,9.7,11,7,3,5,1.0,10,17.0,-7.0,-1.25,11.5,14.1,-2.6,-0.52,0,0,0,0.0
b7d7f3bf,10,76,0.8,0,0,10,9,2.2,1,1.0,0.0,-0.32,1.2,0.7,0.4,0.13,0,0,0,0.0
b857bd29,22,1980,22.0,22,22,0,0,1.27,19,24.0,-5.0,-2.23,19.4,25.9,-6.5,-0.22,0,0,0,0.0
b85bf253,4,307,3.4,3,2,1,0,1.0,2,3.0,-1.0,0.52,2.9,5.1,-2.2,0.06,0,0,0,0.0
b86a64b2,16,1315,14.6,14,13,2,5,1.25,12,20.0,-8.0,0.53,14.7,19.5,-4.7,1.05,0,0,0,0.0
b8a642fc,22,1214,13.5,13,4,9,1,1.55,17,17.0,0.0,-0.32,18.3,17.7,0.6,-0.13,0,0,0,0.0
b906757a,8,237,2.6,2,2,6,15,1.5,4,5.0,-1.0,-0.77,4.0,2.8,1.2,0.0,0,0,0,0.0
b907d169,1,15,0.2,0,0,1,1,0.0,0,0.0,0.0,1.36,0.0,0.4,-0.4,-0.97,0,0,0,0.0
ba5004e1,14,901,10.0,12,7,2,5,1.29,10,10.0,0.0,0.77,9.2,9.6,-0.4,0.61,0,0,0,0.0
bb08bce9,11,900,10.0,10,9,1,6,0.82,8,10.0,-2.0,0.42,9.2,11.2,-2.0,0.32,0,0,0,0.0
bbc19252,5,69,0.8,0,0,5,9,1.8,0,2.0,-2.0,-1.93,0.7,2.1,-1.5,-1.23,0,0,0,0.0
bbf5c11b,15,809,9.0,10,4,5,8,1.0,10,14.0,-4.0,-0.23,12.0,13.7,-1.7,0.31,0,0,0,0.0
bc49fd34,0,0,0.0,0,0,0,1,0.0,0,0.0,0.0,0.0,0.0,0.0,0.0,0.0,0,0,0,0.0
bc6f5f06,17,1353,15.0,14,12,3,3,0.88,22,24.0,-2.0,0.24,18.9,19.0,-0.1,0.2,0,0,0,0.0
bdb624a3,23,1575,17.5,21,2,2,0,1.39,26,18.0,8.0,0.64,21.5,15.8,5.7,-0.57,0,0,0,0.0
bdc74a8f,7,207,2.3,2,0,5,0,0.71,1,2.0,-1.0,0.0,2.6,2.8,-0.2,0.34,0,0,0,0.0
be170419,21,1890,21.0,21,21,0,1,1.29,25,29.0,-4.0,1.81,23.6,23.2,0.3,-0.57,0,0,0,0.0
be6faae0,1,13,0.1,0,0,1,10,0.0,0,0.0,0.0,0.74,0.3,0.2,0.1,1.51,13,1,0,0.1
bece776f,15,961,10.7,12,5,3,0,1.73,19,10.0,9.0,1.01,19.9,10.1,9.8,1.19,0,0,0,0.0
bed68338,16,682,7.6,9,0,7,0,1.25,6,6.0,0.0,0.06,7.0,9.3,-2.3,-0.45,0,0,0,0.0
bfd381b3,17,995,11.1,12,4,5,4,1.41,8,12.0,-4.0,-0.45,9.9,10.7,-0.8,0.42,0,0,0,0.0
c05dfb74,20,1264,14.0,15,4,5,1,1.45,26,12.0,14.0,1.78,21.1,11.6,9.5,0.54,0,0,0,0.0
c0617e2b,16,760,8.4,10,1,6,3,2.44,10,3.0,7.0,-0.68,15.7,4.6,11.1,0.13,0,0,0,0.0
c0b1a6da,0,0,0.0,0,0,0,23,0.0,0,0.0,0.0,0.0,0.0,0.0,0.0,0.0,0,0,0,0.0
c14bc029,19,617,6.9,7,1,12,3,2.16,12,7.0,5.0,0.17,7.9,9.3,-1.4,-0.76,0,0,0,0.0
c20bdcd7,22,1857,20.6,22,18,0,1,1.77,29,17.0,12.0,-0.26,27.5,22.1,5.4,-0.68,0,0,0,0.0
c2111b45,0,0,0.0,0,0,0,21,0.0,0,0.0,0.0,0.0,0.0,0.0,0.0,0.0,0,0,0,0.0
c25f14a7,0,0,0.0,0,0,0,19,0.0,0,0.0,0.0,0.0,0.0,0.0,0.0,0.0,0,0,0,0.0
c3e66ffe,19,1531,17.0,18,13,1,3,1.21,28,29.0,-1.0,-0.39,24.4,23.1,1.2,-0.15,0,0,0,0.0
c487901c,1,10,0.1,0,0,1,0,0.0,0,0.0,0.0,0.0,0.0,0.4,-0.4,-3.99,0,0,0,0.0
c4b888df,16,1237,13.7,14,9,2,2,1.31,11,11.0,0.0,1.84,13.9,17.8,-3.9,1.06,0,0,0,0.0
c4f5eb61,0,0,0.0,0,0,0,16,0.0,0,0.0,0.0,0.0,0.0,0.0,0.0,0.0,0,0,0,0.0
c5642098,0,0,0.0,0,0,0,5,0.0,0,0.0,0.0,0.0,0.0,0.0,0.0,0.0,0,0,0,0.0
c78b352d,17,1410,15.7,16,12,1,0,1.29,23,17.0,6.0,1.2,22.0,16.0,6.0,1.11,0,0,0,0.0
c7b0a5ce,0,0,0.0,0,0,0,1,0.0,0,0.0,0.0,0.0,0.0,0.0,0.0,0.0,0,0,0,0.0
c81b26e2,0,0,0.0,0,0,0,4,0.0,0,0.0,0.0,0.0,0.0,0.0,0.0,0.0,0,0,0,0.0
c93231dc,3,210,2.3,3,1,0,3,0.33,2,5.0,-3.0,-0.61,1.6,4.4,-2.9,-0.57,0,0,0,0.0
c997b942,16,342,3.8,1,0,15,7,2.0,0,6.0,-6.0,-2.36,5.3,5.0,0.3,-0.45,0,0,0,0.0
c9cb972b,0,0,0.0,0,0,0,4,0.0,0,0.0,0.0,0.0,0.0,0.0,0.0,0.0,0,0,0,0.0
c9e39d91,22,1675,18.6,20,8,2,0,1.82,30,19.0,11.0,1.05,24.4,15.0,9.4,0.31,0,0,0,0.0
cb574619,16,1293,14.4,16,9,0,4,1.19,17,23.0,-6.0,-0.19,18.8,16.0,2.9,0.36,0,0,0,0.0
cba84991,0,0,0.0,0,0,0,22,0.0,0,0.0,0.0,0.0,0.0,0.0,0.0,0.0,0,0,0,0.0
cc1c5035,0,0,0.0,0,0,0,23,0.0,0,0.0,0.0,0.0,0.0,0.0,0.0,0.0,0,0,0,0.0
cc2dd8a5,5,174,1.9,1,0,4,3,1.4,5,2.0,3.0,1.36,3.4,1.6,1.8,0.72,0,0,0,0.0
cc83b74d,4,197,2.2,2,1,2,7,0.5,2,2.0,0.0,0.34,1.7,4.1,-2.4,-0.78,0,0,0,0.0
cc9256ef,21,1099,12.2,12,2,9,2,1.05,10,21.0,-11.0,-0.81,14.0,24.2,-10.2,-0.88,0,0,0,0.0
ccb491d0,0,0,0.0,0,0,0,22,0.0,0,0.0,0.0,0.0,0.0,0.0,0.0,0.0,0,0,0,0.0
ccbbe661,22,918,10.2,8,1,14,0,0.36,11,16.0,-5.0,1.54,11.6,23.6,-12.0,0.18,0,0,0,0.0
cce181df,16,962,10.7,10,6,6,5,1.94,11,9.0,2.0,-0.79,14.1,12.2,1.9,-0.29,0,0,0,0.0
cde52ef5,4,360,4.0,4,4,0,19,1.75,8,5.0,3.0,1.33,6.0,6.1,0.0,-0.09,360,4,4,4.0
ce8039aa,17,476,5.3,7,0,10,6,1.12,6,9.0,-3.0,-0.45,4.9,7.4,-2.5,-0.51,0,0,0,0.0
cee88597,23,2025,22.5,23,21,0,0,1.48,29,24.0,5.0,2.22,25.6,27.5,-1.9,-3.12,0,0,0,0.0
d080ed5e,19,1423,15.8,16,10,3,0,1.89,23,20.0,3.0,-0.64,21.3,13.7,7.6,0.09,0,0,0,0.0
d1b060e2,16,187,2.1,1,0,15,7,1.44,2,4.0,-2.0,-0.91,1.8,2.9,-1.1,-0.25,0,0,0,0.0
d2110326,16,1331,14.8,16,13,0,3,1.06,18,15.0,3.0,0.57,18.2,17.0,1.2,0.13,0,0,0,0.0
d2f94ed9,0,0,0.0,0,0,0,1,0.0,0,0.0,0.0,0.0,0.0,0.0,0.0,0.0,0,0,0,0.0
d38fdf53,0,0,0.0,0,0,0,1,0.0,0,0.0,0.0,0.0,0.0,0.0,0.0,0.0,0,0,0,0.0
d4808594,2,65,0.7,0,0,2,2,0.5,0,2.0,-2.0,-3.26,0.5,1.5,-1.0,-1.89,0,0,0,0.0
d49f3e6b,21,1422,15.8,17,7,4,0,0.38,12,32.0,-20.0,0.26,14.4,29.1,-14.6,1.12,0,0,0,0.0
d4b73232,23,2070,23.0,23,23,0,0,1.0,27,27.0,0.0,0.0,29.3,28.6,0.7,0.0,2070,23,23,23.0
d54f823c,0,0,0.0,0,0,0,1,0.0,0,0.0,0.0,0.0,0.0,0.0,0.0,0.0,0,0,0,0.0
d557d734,0,0,0.0,0,0,0,4,0.0,0,0.0,0.0,0.0,0.0,0.0,0.0,0.0,0,0,0,0.0
d58f4c7a,0,0,0.0,0,0,0,4,0.0,0,0.0,0.0,0.0,0.0,0.0,0.0,0.0,0,0,0,0.0
d5dd5f1f,1,9,0.1,0,0,1,2,1.0,0,0.0,0.0,-1.62,0.4,0.1,0.3,1.68,0,0,0,0.0
d61759ec,3,42,0.5,0,0,3,5,1.33,0,2.0,-2.0,-3.62,1.1,1.1,0.0,0.67,0,0,0,0.0
d637fc22,14,677,7.5,8,2,6,7,1.5,5,7.0,-2.0,-0.2,4.3,11.2,-6.9,-0.93,0,0,0,0.0
d709cd5c,0,0,0.0,0,0,0,2,0.0,0,0.0,0.0,0.0,0.0,0.0,0.0,0.0,0,0,0,0.0
d70a000f,0,0,0.0,0,0,0,1,0.0,0,0.0,0.0,0.0,0.0,0.0,0.0,0.0,0,0,0,0.0
d733aa38,2,11,0.1,0,0,2,13,3.0,0,0.0,0.0,0.04,0.6,0.1,0.5,4.25,0,0,0,0.0
d7553721,8,521,5.8,8,1,0,1,1.13,2,3.0,-1.0,-0.41,6.6,5.1,1.5,0.22,0,0,0,0.0
d854c9d0,0,0,0.0,0,0,0,4,0.0,0,0.0,0.0,0.0,0.0,0.0,0.0,0.0,0,0,0,0.0
d8712bf9,4,60,0.7,0,0,4,13,0.25,1,1.0,0.0,-0.18,1.0,0.1,1.0,1.51,0,0,0,0.0
d87e2cae,17,363,4.0,2,1,15,3,1.65,4,4.0,0.0,-0.37,6.2,6.0,0.2,-0.27,0,0,0,0.0
d9235a45,0,0,0.0,0,0,0,3,0.0,0,0.0,0.0,0.0,0.0,0.0,0.0,0.0,0,0,0,0.0
d9ba39fc,16,1286,14.3,14,11,2,3,1.88,20,11.0,9.0,0.63,18.3,11.2,7.1,0.13,0,0,0,0.0
da76bab4,22,1662,18.5,21,5,1,0,1.23,25,28.0,-3.0,-1.04,22.2,21.7,0.6,-0.4,0,0,0,0.0
dabb2827,22,1980,22.0,22,22,0,1,1.14,27,38.0,-11.0,0.5,26.7,36.6,-9.9,-0.45,1980,22,22,22.0
db001fa9,22,1862,20.7,21,19,1,0,1.14,18,30.0,-12.0,1.58,17.7,31.3,-13.6,0.54,0,0,0,0.0
db8f0eba,19,881,9.8,10,0,9,1,2.17,14,21.0,-7.0,2.28,12.8,15.0,-2.2,2.42,0,0,0,0.0
dc1c2fce,22,1463,16.3,17,7,5,1,1.32,24,21.0,3.0,-0.41,20.6,14.4,6.3,-0.27,0,0,0,0.0
dc1ce4f5,3,145,1.6,1,1,2,18,2.0,0,2.0,-2.0,-1.33,1.7,1.6,0.1,0.02,0,0,0,0.0
dc233f9d,0,0,0.0,0,0,0,1,0.0,0,0.0,0.0,0.0,0.0,0.0,0.0,0.0,0,0,0,0.0
dc62b55d,11,377,4.2,2,0,9,2,1.82,10,6.0,4.0,0.42,8.1,5.9,2.2,0.23,0,0,0,0.0
de39485a,21,1175,13.1,12,2,9,1,1.81,13,14.0,-1.0,-1.58,17.5,17.4,0.1,-0.76,0,0,0,0.0
de903ae2,0,0,0.0,0,0,0,9,0.0,0,0.0,0.0,0.0,0.0,0.0,0.0,0.0,0,0,0,0.0
dee86451,20,1526,17.0,19,11,1,0,1.85,24,11.0,13.0,1.76,27.3,16.4,10.9,1.4,0,0,0,0.0
df69b544,23,1510,16.8,16,9,7,0,1.83,23,14.0,9.0,-0.27,25.0,17.5,7.5,0.43,0,0,0,0.0
e08647d6,13,286,3.2,4,0,9,2,1.62,1,4.0,-3.0,-1.55,2.4,3.0,-0.6,-0.73,0,0,0,0.0
e0979e74,1,24,0.3,0,0,1,1,0.0,0,0.0,0.0,-0.13,0.4,0.6,-0.3,-1.06,0,0,0,0.0
e19c989c,0,0,0.0,0,0,0,3,0.0,0,0.0,0.0,0.0,0.0,0.0,0.0,0.0,0,0,0,0.0
e1e75690,3,41,0.5,0,0,3,7,3.0,0,0.0,0.0,-0.4,1.0,0.5,0.5,0.67,0,0,0,0.0
e2716bd0,16,1115,12.4,15,0,1,1,2.31,26,13.0,13.0,1.43,18.7,8.0,10.6,0.89,0,0,0,0.0
e2dcc60e,1,10,0.1,0,0,1,2,0.0,0,0.0,0.0,0.44,0.1,0.3,-0.3,-1.91,0,0,0,0.0
e358587b,8,720,8.0,8,8,0,11,1.63,11,12.0,-1.0,-0.39,13.5,13.7,-0.2,-0.19,720,8,8,8.0
e4346678,23,2070,23.0,23,23,0,0,0.39,17,48.0,-31.0,0.0,20.1,49.5,-29.3,0.0,2070,23,23,23.0
e4738e91,13,347,3.9,2,0,11,8,0.62,1,6.0,-5.0,-0.93,3.7,6.2,-2.5,-0.28,0,0,0,0.0
e5d01ecf,14,893,9.9,10,5,4,5,1.14,6,11.0,-5.0,-1.12,11.8,12.0,-0.2,-0.21,0,0,0,0.0
e6697917,20,1426,15.8,16,8,4,1,1.0,19,19.0,0.0,0.0,21.2,21.5,-0.3,-0.17,0,0,0,0.0
e6777e6b,14,1041,11.6,11,10,3,9,1.14,9,14.0,-5.0,0.01,6.6,13.5,-6.9,-0.42,0,0,0,0.0
e6e7c819,0,0,0.0,0,0,0,1,0.0,0,0.0,0.0,0.0,0.0,0.0,0.0,0.0,0,0,0,0.0
e73c9bb2,15,850,9.4,8,5,7,1,0.8,9,14.0,-5.0,-0.38,8.2,15.8,-7.6,-0.73,0,0,0,0.0
e778654a,16,776,8.6,10,2,6,1,1.19,10,15.0,-5.0,-1.0,10.2,12.8,-2.6,-0.66,0,0,0,0.0
e7af9060,5,258,2.9,2,2,3,0,1.4,3,5.0,-2.0,0.05,3.9,5.4,-1.5,0.2,0,0,0,0.0
e7d2a50b,1,12,0.1,0,0,1,1,3.0,0,0.0,0.0,-0.31,0.3,0.0,0.3,2.22,0,0,0,0.0
e7f4603c,5,290,3.2,4,0,1,4,1.8,10,6.0,4.0,1.39,5.7,5.3,0.5,0.04,0,0,0,0.0
e897d8ba,23,666,7.4,4,1,19,0,1.43,6,10.0,-4.0,-0.73,8.8,12.0,-3.2,-0.65,0,0,0,0.0
e9241b40,14,574,6.4,6,0,8,6,1.57,10,5.0,5.0,1.57,8.3,6.5,1.8,0.31,0,0,0,0.0
e92cd3f7,19,1534,17.0,19,7,0,0,1.95,27,14.0,13.0,1.43,22.2,12.9,9.3,0.38,0,0,0,0.0
e96b2583,1,3,0.0,0,0,1,2,1.0,1,0.0,1.0,30.26,0.8,0.0,0.8,23.76,0,0,0,0.0
ea610f00,4,17,0.2,0,0,4,7,0.75,0,1.0,-1.0,-5.12,0.1,0.9,-0.8,-4.22,0,0,0,0.0
ea83bfa6,18,1620,18.0,18,18,0,4,1.78,26,20.0,6.0,0.13,26.2,22.4,3.8,-0.32,1620,18,18,18.0
ead61f73,7,362,4.0,3,2,4,16,1.86,6,4.0,2.0,0.23,8.9,3.4,5.5,1.32,0,0,0,0.0
eafa6953,0,0,0.0,0,0,0,3,0.0,0,0.0,0.0,0.0,0.0,0.0,0.0,0.0,0,0,0,0.0
eb82b6f1,13,629,7.0,7,0,6,1,0.46,5,15.0,-10.0,-0.12,6.3,15.1,-8.8,0.03,0,0,0,0.0
ec1a731e,11,851,9.5,9,8,2,1,0.91,7,19.0,-12.0,-0.9,6.4,17.7,-11.3,-0.82,0,0,0,0.0
ed4e911a,0,0,0.0,0,0,0,2,0.0,0,0.0,0.0,0.0,0.0,0.0,0.0,0.0,0,0,0,0.0
ed5c5fa3,23,1829,20.3,21,13,2,0,1.17,23,31.0,-8.0,-0.39,24.8,22.7,2.1,0.32,0,0,0,0.0
ed6ea4d9,4,312,3.5,4,2,0,0,1.75,3,2.0,1.0,1.21,4.1,4.7,-0.6,0.64,0,0,0,0.0
ed9f7cfe,0,0,0.0,0,0,0,2,0.0,0,0.0,0.0,0.0,0.0,0.0,0.0,0.0,0,0,0,0.0
edc98fac,22,1967,21.9,22,21,0,0,1.36,36,33.0,3.0,1.88,31.3,27.1,4.2,1.67,0,0,0,0.0
ee45d138,4,142,1.6,1,1,3,0,1.75,1,0.0,1.0,0.91,1.3,1.9,-0.7,-0.38,0,0,0,0.0
ee8508c0,21,1862,20.7,21,19,0,0,1.81,27,16.0,11.0,-0.77,30.1,20.2,9.9,1.46,1862,21,21,20.7
ee923664,4,90,1.0,1,0,3,19,2.0,0,0.0,0.0,0.36,1.0,0.4,0.6,0.53,0,0,0,0.0
eeba07f8,8,488,5.4,6,2,2,0,1.0,7,13.0,-6.0,-0.77,7.4,9.6,-2.2,0.04,0,0,0,0.0
ef322658,15,781,8.7,9,4,6,6,1.6,14,16.0,-2.0,-0.86,12.5,14.9,-2.5,-0.91,0,0,0,0.0
ef6a4afe,0,0,0.0,0,0,0,1,0.0,0,0.0,0.0,0.0,0.0,0.0,0.0,0.0,0,0,0,0.0
ef96e7bf,0,0,0.0,0,0,0,4,0.0,0,0.0,0.0,0.0,0.0,0.0,0.0,0.0,0,0,0,0.0
efecd633,19,1018,11.3,13,2,6,0,1.16,8,14.0,-6.0,0.41,9.0,17.0,-8.0,0.0,0,0,0,0.0
f03f284b,11,932,10.4,11,8,0,5,1.55,15,13.0,2.0,0.27,13.6,11.4,2.1,0.18,0,0,0,0.0
f08490a6,10,479,5.3,6,2,4,2,1.4,4,7.0,-3.0,-0.9,5.6,6.0,-0.5,-0.24,0,0,0,0.0
f0da930c,14,1163,12.9,12,12,2,3,2.0,16,8.0,8.0,0.02,18.2,12.9,5.3,0.18,0,0,0,0.0
f0f4671c,0,0,0.0,0,0,0,13,0.0,0,0.0,0.0,0.0,0.0,0.0,0.0,0.0,0,0,0,0.0
f0f499ea,0,0,0.0,0,0,0,1,0.0,0,0.0,0.0,0.0,0.0,0.0,0.0,0.0,0,0,0,0.0
f0fe87dc,0,0,0.0,0,0,0,9,0.0,0,0.0,0.0,0.0,0.0,0.0,0.0,0.0,0,0,0,0.0
f1124008,0,0,0.0,0,0,0,3,0.0,0,0.0,0.0,0.0,0.0,0.0,0.0,0.0,0,0,0,0.0
f127d782,11,990,11.0,11,11,0,9,1.18,16,18.0,-2.0,0.07,13.4,15.3,-1.8,-0.17,990,11,11,11.0
f188f017,0,0,0.0,0,0,0,3,0.0,0,0.0,0.0,0.0,0.0,0.0,0.0,0.0,0,0,0,0.0
f2099034,0,0,0.0,0,0,0,2,0.0,0,0.0,0.0,0.0,0.0,0.0,0.0,0.0,0,0,0,0.0
f25b010f,1,90,1.0,1,1,0,4,0.0,1,2.0,-1.0,0.36,1.1,0.9,0.3,1.64,0,0,0,0.0
f2c6ac01,19,1666,18.5,19,16,0,2,1.32,15,19.0,-4.0,-0.44,15.1,20.8,-5.7,-0.12,0,0,0,0.0
f35430a4,10,666,7.4,7,6,3,8,1.5,7,10.0,-3.0,-0.41,4.5,10.5,-5.9,-0.76,0,0,0,0.0
f36016a5,10,293,3.3,3,0,7,8,3.13,3,4.0,-1.0,0.03,3.8,3.8,-0.10000000000000009,0.46,0,0,0,0.0
f3b1d9a2,15,516,5.7,3,1,12,2,1.33,4,3.0,1.0,0.41,6.1,5.3,0.8,0.56,0,0,0,0.0
f4290206,13,644,7.2,6,5,7,6,2.62,13,2.0,11.0,-0.1,15.3,6.5,8.8,0.05,0,0,0,0.0
f4c69aa6,15,673,7.5,7,2,8,1,1.07,6,9.0,-3.0,-0.59,9.1,9.3,-0.3,-0.1,0,0,0,0.0
f553b2b3,19,1143,12.7,14,3,5,0,1.16,16,21.0,-5.0,-0.1,15.7,11.1,4.5,0.65,0,0,0,0.0
f6798fc3,21,1845,20.5,21,20,0,1,1.09,25,31.0,-6.0,0.11,24.4,31.9,-7.5,0.1,1845,21,21,20.5
f6ac68c1,15,1313,14.6,15,12,0,0,1.67,18,12.0,6.0,-0.54,17.6,15.5,2.1,-0.51,0,0,0,0.0
f6f6b6e8,14,742,8.2,8,6,6,4,1.14,4,14.0,-10.0,-0.74,6.7,16.0,-9.3,-0.54,0,0,0,0.0
f7c12fbf,19,1252,13.9,15,8,4,3,1.11,18,17.0,1.0,0.18,15.3,15.7,-0.4,-0.15,0,0,0,0.0
f7dc2ae5,16,1028,11.4,12,6,4,2,2.25,20,10.0,10.0,0.96,15.6,9.3,6.3,0.21,0,0,0,0.0
f7e87032,4,184,2.0,2,0,2,2,2.25,7,1.0,6.0,3.17,4.6,1.9,2.7,1.33,0,0,0,0.0
f8405304,8,317,3.5,3,0,5,1,2.0,5,4.0,1.0,-0.13,5.6,2.7,2.9,0.44,0,0,0,0.0
f874dd44,3,143,1.6,1,1,2,8,3.0,4,0.0,4.0,0.98,5.4,0.6,4.7,1.91,0,0,0,0.0
f8eca1b6,23,2001,22.2,23,12,0,0,0.96,18,29.0,-11.0,-1.8,17.8,25.8,-8.0,0.61,0,0,0,0.0
f9358b61,1,1,0.0,0,0,1,1,1.0,0,0.0,0.0,0.3,0.0,0.0,0.0,0.38,0,0,0,0.0
f9a225f5,2,43,0.5,0,0,2,1,1.5,0,2.0,-2.0,-3.74,0.4,0.6,-0.3,-0.15,0,0,0,0.0
faed84db,0,0,0.0,0,0,0,3,0.0,0,0.0,0.0,0.0,0.0,0.0,0.0,0.0,0,0,0,0.0
fb938d24,1,62,0.7,1,0,0,0,0.0,1,1.0,0.0,0.31,0.7,0.6,0.2,0.63,0,0,0,0.0
fbbb9269,15,1086,12.1,12,8,3,3,1.47,18,16.0,2.0,-0.29,19.1,15.8,3.3,-0.02,0,0,0,0.0
fbd6378b,9,441,4.9,5,4,4,14,1.78,7,3.0,4.0,0.87,7.0,5.5,1.5,0.26,0,0,0,0.0
fc076f78,2,25,0.3,0,0,2,3,0.5,1,0.0,1.0,3.86,1.0,0.3,0.7,2.88,0,0,0,0.0
fc647b34,21,1363,15.1,18,1,3,0,1.43,21,19.0,2.0,-0.12,16.1,18.7,-2.6,-0.47,0,0,0,0.0
fc70e345,22,1980,22.0,22,22,0,1,1.55,28,22.0,6.0,2.27,26.7,26.7,0.0,0.34,1980,22,22,22.0
fc8b614b,6,75,0.8,1,0,5,12,1.5,1,2.0,-1.0,-1.43,0.7,2.0,-1.3,-1.65,0,0,0,0.0
fd01216a,0,0,0.0,0,0,0,6,0.0,0,0.0,0.0,0.0,0.0,0.0,0.0,0.0,0,0,0,0.0
fd47b4f2,22,1895,21.1,22,19,0,0,1.09,26,37.0,-11.0,-0.01,23.1,34.4,-11.4,-1.32,0,0,0,0.0
fd51b456,11,434,4.8,4,1,7,6,2.27,12,4.0,8.0,0.5,11.7,4.4,7.3,0.36,0,0,0,0.0
fd771f95,18,1454,16.2,18,6,0,0,1.22,21,20.0,1.0,0.94,19.0,19.7,-0.7,0.12,0,0,0,0.0
fdd26d71,9,523,5.8,7,2,2,6,1.0,6,13.0,-7.0,-1.03,3.7,8.0,-4.3,-0.49,0,0,0,0.0
fe05804b,3,137,1.5,1,0,2,9,0.67,0,3.0,-3.0,-1.32,0.8,2.5,-1.7,-0.47,0,0,0,0.0
fe641c1a,8,309,3.4,2,0,6,6,0.25,2,7.0,-5.0,-1.35,2.9,8.1,-5.2,-1.33,0,0,0,0.0
fea23125,0,0,0.0,0,0,0,12,0.0,0,0.0,0.0,0.0,0.0,0.0,0.0,0.0,0,0,0,0.0
fed17f5a,3,242,2.7,3,2,0,0,1.0,1,2.0,-1.0,-0.42,2.7,2.6,0.1,-0.01,0,0,0,0.0
ff800ed8,9,566,6.3,7,3,2,8,0.22,5,15.0,-10.0,-0.33,4.7,11.1,-6.4,0.35,0,0,0,0.0
ffacd3d5,18,1034,11.5,10,9,8,5,1.28,10,10.0,0.0,0.09,11.3,13.4,-2.2,-0.38,0,0,0,0.0
