id,SCA,PassLive,PassDead,TO,Sh,Fld,Def,GCA,PassLive.1,PassDead.1,TO.1,Sh.1,Fld.1,Def.1,Matches
32c2d95f,29.0,23.0,0.0,0.0,4.0,0.0,2.0,4.0,3.0,0.0,0.0,1.0,0.0,0.0,Matches
7978cbf0,29.0,27.0,0.0,0.0,1.0,0.0,1.0,0.0,0.0,0.0,0.0,0.0,0.0,0.0,Matches
82464ce3,41.0,36.0,0.0,2.0,2.0,0.0,1.0,0.0,0.0,0.0,0.0,0.0,0.0,0.0,Matches
31626657,19.0,15.0,2.0,0.0,1.0,0.0,1.0,1.0,1.0,0.0,0.0,0.0,0.0,0.0,Matches
0e46fa2f,7.0,5.0,0.0,1.0,0.0,1.0,0.0,1.0,0.0,0.0,0.0,0.0,1.0,0.0,Matches
0e46fa2f,7.0,2.0,0.0,0.0,3.0,1.0,1.0,2.0,0.0,0.0,0.0,0.0,1.0,1.0,Matches
c2a6033c,47.0,29.0,0.0,3.0,6.0,8.0,1.0,5.0,3.0,0.0,1.0,0.0,1.0,0.0,Matches
1e93fc5d,1.0,1.0,0.0,0.0,0.0,0.0,0.0,0.0,0.0,0.0,0.0,0.0,0.0,0.0,Matches
7587446d,2.0,2.0,0.0,0.0,0.0,0.0,0.0,0.0,0.0,0.0,0.0,0.0,0.0,0.0,Matches
75f1ed80,21.0,17.0,1.0,0.0,3.0,0.0,0.0,3.0,2.0,0.0,0.0,1.0,0.0,0.0,Matches
8bc8829a,11.0,11.0,0.0,0.0,0.0,0.0,0.0,0.0,0.0,0.0,0.0,0.0,0.0,0.0,Matches
3dd738a1,8.0,6.0,1.0,0.0,1.0,0.0,0.0,2.0,2.0,0.0,0.0,0.0,0.0,0.0,Matches
22396615,0.0,0.0,0.0,0.0,0.0,0.0,0.0,0.0,0.0,0.0,0.0,0.0,0.0,0.0,Matches
48b28bfd,13.0,9.0,0.0,0.0,0.0,1.0,3.0,1.0,1.0,0.0,0.0,0.0,0.0,0.0,Matches
462475ed,22.0,20.0,0.0,0.0,2.0,0.0,0.0,2.0,1.0,0.0,0.0,1.0,0.0,0.0,Matches
b625b241,5.0,5.0,0.0,0.0,0.0,0.0,0.0,0.0,0.0,0.0,0.0,0.0,0.0,0.0,Matches
9e17ccff,0.0,0.0,0.0,0.0,0.0,0.0,0.0,0.0,0.0,0.0,0.0,0.0,0.0,0.0,Matches
1956b948,31.0,25.0,1.0,3.0,1.0,1.0,0.0,1.0,0.0,0.0,0.0,1.0,0.0,0.0,Matches
0a63446f,15.0,11.0,1.0,1.0,1.0,0.0,1.0,0.0,0.0,0.0,0.0,0.0,0.0,0.0,Matches
9260926b,3.0,3.0,0.0,0.0,0.0,0.0,0.0,0.0,0.0,0.0,0.0,0.0,0.0,0.0,Matches
ae11ba3d,0.0,0.0,0.0,0.0,0.0,0.0,0.0,0.0,0.0,0.0,0.0,0.0,0.0,0.0,Matches
ef9c1c95,57.0,53.0,0.0,0.0,2.0,1.0,1.0,6.0,5.0,0.0,0.0,0.0,1.0,0.0,Matches
af3ddb2e,29.0,24.0,0.0,1.0,2.0,2.0,0.0,3.0,1.0,0.0,0.0,2.0,0.0,0.0,Matches
a5db0bec,8.0,7.0,0.0,0.0,1.0,0.0,0.0,2.0,2.0,0.0,0.0,0.0,0.0,0.0,Matches
b94b8be1,4.0,3.0,0.0,0.0,1.0,0.0,0.0,0.0,0.0,0.0,0.0,0.0,0.0,0.0,Matches
feb5d3ab,11.0,8.0,1.0,2.0,0.0,0.0,0.0,1.0,1.0,0.0,0.0,0.0,0.0,0.0,Matches
c5e6c017,3.0,2.0,1.0,0.0,0.0,0.0,0.0,0.0,0.0,0.0,0.0,0.0,0.0,0.0,Matches
508a9011,1.0,1.0,0.0,0.0,0.0,0.0,0.0,0.0,0.0,0.0,0.0,0.0,0.0,0.0,Matches
b026bbf6,3.0,3.0,0.0,0.0,0.0,0.0,0.0,1.0,1.0,0.0,0.0,0.0,0.0,0.0,Matches
6a827d8e,26.0,19.0,0.0,3.0,2.0,2.0,0.0,2.0,1.0,0.0,1.0,0.0,0.0,0.0,Matches
6b5edd5d,0.0,0.0,0.0,0.0,0.0,0.0,0.0,0.0,0.0,0.0,0.0,0.0,0.0,0.0,Matches
7dfbba27,52.0,33.0,12.0,3.0,3.0,0.0,1.0,7.0,3.0,2.0,0.0,2.0,0.0,0.0,Matches
a94d93be,3.0,1.0,1.0,0.0,1.0,0.0,0.0,1.0,0.0,0.0,0.0,1.0,0.0,0.0,Matches
114bbdee,1.0,0.0,0.0,0.0,1.0,0.0,0.0,1.0,0.0,0.0,0.0,1.0,0.0,0.0,Matches
06df8256,4.0,2.0,0.0,0.0,2.0,0.0,0.0,0.0,0.0,0.0,0.0,0.0,0.0,0.0,Matches
a1232f4e,2.0,2.0,0.0,0.0,0.0,0.0,0.0,0.0,0.0,0.0,0.0,0.0,0.0,0.0,Matches
5065d67d,0.0,0.0,0.0,0.0,0.0,0.0,0.0,0.0,0.0,0.0,0.0,0.0,0.0,0.0,Matches
7e3e825e,2.0,2.0,0.0,0.0,0.0,0.0,0.0,0.0,0.0,0.0,0.0,0.0,0.0,0.0,Matches
0af4dcf0,2.0,2.0,0.0,0.0,0.0,0.0,0.0,1.0,1.0,0.0,0.0,0.0,0.0,0.0,Matches
3975195f,30.0,22.0,2.0,2.0,1.0,3.0,0.0,3.0,1.0,0.0,1.0,0.0,1.0,0.0,Matches
a1390d2f,9.0,6.0,0.0,1.0,1.0,0.0,1.0,0.0,0.0,0.0,0.0,0.0,0.0,0.0,Matches
7c3ed041,6.0,5.0,0.0,0.0,1.0,0.0,0.0,1.0,1.0,0.0,0.0,0.0,0.0,0.0,Matches
31822f8c,47.0,28.0,0.0,8.0,6.0,5.0,0.0,7.0,3.0,0.0,2.0,0.0,2.0,0.0,Matches
7fecbcdb,5.0,4.0,0.0,0.0,0.0,0.0,1.0,0.0,0.0,0.0,0.0,0.0,0.0,0.0,Matches
b2bd0f6c,78.0,66.0,2.0,2.0,6.0,2.0,0.0,11.0,8.0,0.0,0.0,3.0,0.0,0.0,Matches
a0d55a09,7.0,5.0,0.0,1.0,1.0,0.0,0.0,1.0,1.0,0.0,0.0,0.0,0.0,0.0,Matches
1ddbc7ca,17.0,16.0,1.0,0.0,0.0,0.0,0.0,0.0,0.0,0.0,0.0,0.0,0.0,0.0,Matches
3a24769f,25.0,14.0,5.0,4.0,2.0,0.0,0.0,3.0,2.0,0.0,1.0,0.0,0.0,0.0,Matches
e3844ecb,17.0,12.0,5.0,0.0,0.0,0.0,0.0,1.0,1.0,0.0,0.0,0.0,0.0,0.0,Matches
20e0dd86,34.0,21.0,1.0,3.0,1.0,4.0,4.0,2.0,1.0,0.0,0.0,0.0,0.0,1.0,Matches
5e6355f8,2.0,2.0,0.0,0.0,0.0,0.0,0.0,0.0,0.0,0.0,0.0,0.0,0.0,0.0,Matches
4a5e83ad,5.0,3.0,0.0,0.0,0.0,2.0,0.0,0.0,0.0,0.0,0.0,0.0,0.0,0.0,Matches
5680bf3f,9.0,7.0,0.0,1.0,0.0,1.0,0.0,3.0,1.0,0.0,1.0,0.0,1.0,0.0,Matches
1a248246,40.0,20.0,9.0,2.0,4.0,5.0,0.0,10.0,5.0,0.0,2.0,1.0,2.0,0.0,Matches
1a248246,15.0,8.0,6.0,0.0,0.0,1.0,0.0,2.0,0.0,2.0,0.0,0.0,0.0,0.0,Matches
2b1bed19,31.0,26.0,0.0,0.0,0.0,3.0,2.0,1.0,0.0,0.0,0.0,0.0,1.0,0.0,Matches
10f0fdd3,63.0,43.0,13.0,2.0,1.0,4.0,0.0,7.0,6.0,0.0,0.0,1.0,0.0,0.0,Matches
c678ddd7,0.0,0.0,0.0,0.0,0.0,0.0,0.0,0.0,0.0,0.0,0.0,0.0,0.0,0.0,Matches
3bd65247,16.0,13.0,0.0,2.0,0.0,1.0,0.0,1.0,1.0,0.0,0.0,0.0,0.0,0.0,Matches
1f6298f2,0.0,0.0,0.0,0.0,0.0,0.0,0.0,0.0,0.0,0.0,0.0,0.0,0.0,0.0,Matches
942b4f90,34.0,24.0,0.0,3.0,3.0,2.0,2.0,8.0,5.0,0.0,0.0,2.0,0.0,1.0,Matches
3189f61a,50.0,31.0,13.0,4.0,1.0,1.0,0.0,4.0,2.0,2.0,0.0,0.0,0.0,0.0,Matches
e4114f5d,2.0,2.0,0.0,0.0,0.0,0.0,0.0,0.0,0.0,0.0,0.0,0.0,0.0,0.0,Matches
0b2c9aec,24.0,16.0,2.0,2.0,2.0,1.0,1.0,3.0,1.0,0.0,0.0,1.0,1.0,0.0,Matches
3916b09c,11.0,10.0,1.0,0.0,0.0,0.0,0.0,1.0,1.0,0.0,0.0,0.0,0.0,0.0,Matches
28dabd43,0.0,0.0,0.0,0.0,0.0,0.0,0.0,0.0,0.0,0.0,0.0,0.0,0.0,0.0,Matches
433dc9a2,26.0,24.0,0.0,2.0,0.0,0.0,0.0,4.0,4.0,0.0,0.0,0.0,0.0,0.0,Matches
03e91055,0.0,0.0,0.0,0.0,0.0,0.0,0.0,0.0,0.0,0.0,0.0,0.0,0.0,0.0,Matches
47c609d5,2.0,2.0,0.0,0.0,0.0,0.0,0.0,0.0,0.0,0.0,0.0,0.0,0.0,0.0,Matches
a3e1d20d,0.0,0.0,0.0,0.0,0.0,0.0,0.0,0.0,0.0,0.0,0.0,0.0,0.0,0.0,Matches
636247ca,9.0,6.0,0.0,0.0,0.0,3.0,0.0,2.0,1.0,0.0,0.0,0.0,1.0,0.0,Matches
3d214e5f,3.0,3.0,0.0,0.0,0.0,0.0,0.0,0.0,0.0,0.0,0.0,0.0,0.0,0.0,Matches
967f34d3,1.0,1.0,0.0,0.0,0.0,0.0,0.0,0.0,0.0,0.0,0.0,0.0,0.0,0.0,Matches
6191093d,87.0,58.0,11.0,9.0,8.0,1.0,0.0,4.0,3.0,0.0,0.0,1.0,0.0,0.0,Matches
3cdfc63e,5.0,5.0,0.0,0.0,0.0,0.0,0.0,1.0,1.0,0.0,0.0,0.0,0.0,0.0,Matches
6a9e4913,0.0,0.0,0.0,0.0,0.0,0.0,0.0,0.0,0.0,0.0,0.0,0.0,0.0,0.0,Matches
5b479568,5.0,5.0,0.0,0.0,0.0,0.0,0.0,0.0,0.0,0.0,0.0,0.0,0.0,0.0,Matches
2db2fd7b,2.0,2.0,0.0,0.0,0.0,0.0,0.0,0.0,0.0,0.0,0.0,0.0,0.0,0.0,Matches
7d937aa1,2.0,2.0,0.0,0.0,0.0,0.0,0.0,0.0,0.0,0.0,0.0,0.0,0.0,0.0,Matches
f6496133,9.0,9.0,0.0,0.0,0.0,0.0,0.0,1.0,1.0,0.0,0.0,0.0,0.0,0.0,Matches
9f936061,53.0,48.0,1.0,3.0,1.0,0.0,0.0,0.0,0.0,0.0,0.0,0.0,0.0,0.0,Matches
c03b7266,0.0,0.0,0.0,0.0,0.0,0.0,0.0,0.0,0.0,0.0,0.0,0.0,0.0,0.0,Matches
65fcf987,8.0,4.0,0.0,0.0,1.0,3.0,0.0,1.0,0.0,0.0,0.0,1.0,0.0,0.0,Matches
0400dd2f,9.0,7.0,1.0,1.0,0.0,0.0,0.0,3.0,3.0,0.0,0.0,0.0,0.0,0.0,Matches
f9d5908e,24.0,20.0,0.0,1.0,0.0,1.0,2.0,2.0,2.0,0.0,0.0,0.0,0.0,0.0,Matches
4fb18ca4,1.0,1.0,0.0,0.0,0.0,0.0,0.0,0.0,0.0,0.0,0.0,0.0,0.0,0.0,Matches
b0c71810,52.0,38.0,3.0,4.0,1.0,6.0,0.0,6.0,3.0,1.0,0.0,0.0,2.0,0.0,Matches
62e02107,2.0,1.0,0.0,1.0,0.0,0.0,0.0,0.0,0.0,0.0,0.0,0.0,0.0,0.0,Matches
20e73fac,106.0,66.0,29.0,3.0,6.0,1.0,1.0,11.0,10.0,0.0,0.0,1.0,0.0,0.0,Matches
02bcaf8e,18.0,15.0,2.0,0.0,0.0,1.0,0.0,2.0,2.0,0.0,0.0,0.0,0.0,0.0,Matches
5b146df3,21.0,18.0,1.0,0.0,1.0,1.0,0.0,1.0,0.0,1.0,0.0,0.0,0.0,0.0,Matches
b088d5d3,25.0,20.0,1.0,3.0,0.0,0.0,1.0,2.0,2.0,0.0,0.0,0.0,0.0,0.0,Matches
af69e7f0,1.0,1.0,0.0,0.0,0.0,0.0,0.0,0.0,0.0,0.0,0.0,0.0,0.0,0.0,Matches
3b676989,0.0,0.0,0.0,0.0,0.0,0.0,0.0,0.0,0.0,0.0,0.0,0.0,0.0,0.0,Matches
7b082ec2,13.0,12.0,0.0,0.0,0.0,0.0,1.0,1.0,1.0,0.0,0.0,0.0,0.0,0.0,Matches
db87a2c4,0.0,0.0,0.0,0.0,0.0,0.0,0.0,0.0,0.0,0.0,0.0,0.0,0.0,0.0,Matches
148e136f,109.0,83.0,18.0,1.0,3.0,3.0,1.0,9.0,8.0,1.0,0.0,0.0,0.0,0.0,Matches
46359159,31.0,23.0,7.0,0.0,0.0,0.0,1.0,1.0,1.0,0.0,0.0,0.0,0.0,0.0,Matches
928a4a61,32.0,25.0,0.0,2.0,1.0,1.0,3.0,3.0,2.0,0.0,1.0,0.0,0.0,0.0,Matches
94f8d10c,0.0,0.0,0.0,0.0,0.0,0.0,0.0,0.0,0.0,0.0,0.0,0.0,0.0,0.0,Matches
8577e60a,25.0,17.0,0.0,3.0,2.0,1.0,2.0,0.0,0.0,0.0,0.0,0.0,0.0,0.0,Matches
489e80e3,33.0,30.0,0.0,1.0,1.0,1.0,0.0,7.0,6.0,0.0,0.0,1.0,0.0,0.0,Matches
5a6b06cd,2.0,1.0,0.0,0.0,1.0,0.0,0.0,0.0,0.0,0.0,0.0,0.0,0.0,0.0,Matches
7d3dfdfd,1.0,1.0,0.0,0.0,0.0,0.0,0.0,0.0,0.0,0.0,0.0,0.0,0.0,0.0,Matches
9f4a940f,3.0,3.0,0.0,0.0,0.0,0.0,0.0,0.0,0.0,0.0,0.0,0.0,0.0,0.0,Matches
79b2399c,18.0,12.0,5.0,0.0,1.0,0.0,0.0,2.0,1.0,1.0,0.0,0.0,0.0,0.0,Matches
f81ef10d,71.0,53.0,6.0,6.0,3.0,2.0,1.0,10.0,7.0,0.0,1.0,1.0,0.0,1.0,Matches
5e080f73,3.0,2.0,0.0,0.0,1.0,0.0,0.0,0.0,0.0,0.0,0.0,0.0,0.0,0.0,Matches
e3e32fbb,4.0,3.0,0.0,0.0,0.0,0.0,1.0,0.0,0.0,0.0,0.0,0.0,0.0,0.0,Matches
8608f269,0.0,0.0,0.0,0.0,0.0,0.0,0.0,0.0,0.0,0.0,0.0,0.0,0.0,0.0,Matches
e0f3a1f6,10.0,8.0,0.0,1.0,0.0,0.0,1.0,0.0,0.0,0.0,0.0,0.0,0.0,0.0,Matches
4db5915d,16.0,6.0,2.0,4.0,3.0,1.0,0.0,2.0,0.0,1.0,0.0,1.0,0.0,0.0,Matches
c92c24f0,8.0,8.0,0.0,0.0,0.0,0.0,0.0,0.0,0.0,0.0,0.0,0.0,0.0,0.0,Matches
3c6bbbab,16.0,12.0,2.0,1.0,0.0,1.0,0.0,2.0,2.0,0.0,0.0,0.0,0.0,0.0,Matches
f5dfc256,0.0,0.0,0.0,0.0,0.0,0.0,0.0,0.0,0.0,0.0,0.0,0.0,0.0,0.0,Matches
5d9577aa,1.0,1.0,0.0,0.0,0.0,0.0,0.0,0.0,0.0,0.0,0.0,0.0,0.0,0.0,Matches
2180c761,0.0,0.0,0.0,0.0,0.0,0.0,0.0,0.0,0.0,0.0,0.0,0.0,0.0,0.0,Matches
357103bd,39.0,34.0,0.0,1.0,4.0,0.0,0.0,6.0,4.0,0.0,0.0,2.0,0.0,0.0,Matches
18ebca4b,9.0,8.0,0.0,0.0,0.0,1.0,0.0,0.0,0.0,0.0,0.0,0.0,0.0,0.0,Matches
16aa7d4c,17.0,15.0,1.0,0.0,1.0,0.0,0.0,1.0,1.0,0.0,0.0,0.0,0.0,0.0,Matches
279ddf6a,32.0,24.0,3.0,2.0,1.0,0.0,2.0,3.0,2.0,0.0,0.0,1.0,0.0,0.0,Matches
b34c63a5,80.0,44.0,21.0,11.0,3.0,1.0,0.0,8.0,5.0,1.0,1.0,1.0,0.0,0.0,Matches
9d498560,1.0,1.0,0.0,0.0,0.0,0.0,0.0,0.0,0.0,0.0,0.0,0.0,0.0,0.0,Matches
b3d76d84,3.0,3.0,0.0,0.0,0.0,0.0,0.0,0.0,0.0,0.0,0.0,0.0,0.0,0.0,Matches
68a26d51,45.0,42.0,0.0,2.0,0.0,0.0,1.0,3.0,3.0,0.0,0.0,0.0,0.0,0.0,Matches
7909ffa4,22.0,18.0,1.0,1.0,0.0,1.0,1.0,4.0,4.0,0.0,0.0,0.0,0.0,0.0,Matches
7495aba7,8.0,8.0,0.0,0.0,0.0,0.0,0.0,0.0,0.0,0.0,0.0,0.0,0.0,0.0,Matches
ff4d0258,0.0,0.0,0.0,0.0,0.0,0.0,0.0,0.0,0.0,0.0,0.0,0.0,0.0,0.0,Matches
741418c3,3.0,3.0,0.0,0.0,0.0,0.0,0.0,0.0,0.0,0.0,0.0,0.0,0.0,0.0,Matches
741418c3,13.0,8.0,1.0,1.0,2.0,0.0,1.0,2.0,2.0,0.0,0.0,0.0,0.0,0.0,Matches
5219ab4a,69.0,50.0,2.0,4.0,10.0,0.0,3.0,12.0,9.0,0.0,0.0,2.0,0.0,1.0,Matches
3010aefb,9.0,9.0,0.0,0.0,0.0,0.0,0.0,0.0,0.0,0.0,0.0,0.0,0.0,0.0,Matches
c4065f40,3.0,2.0,0.0,0.0,1.0,0.0,0.0,1.0,0.0,0.0,0.0,1.0,0.0,0.0,Matches
cfa49cc1,16.0,14.0,1.0,0.0,0.0,1.0,0.0,1.0,1.0,0.0,0.0,0.0,0.0,0.0,Matches
0e7ccfc4,14.0,11.0,1.0,1.0,0.0,0.0,1.0,4.0,4.0,0.0,0.0,0.0,0.0,0.0,Matches
59948ef7,57.0,46.0,0.0,6.0,3.0,1.0,1.0,7.0,6.0,0.0,1.0,0.0,0.0,0.0,Matches
bfb2056e,0.0,0.0,0.0,0.0,0.0,0.0,0.0,0.0,0.0,0.0,0.0,0.0,0.0,0.0,Matches
909222de,34.0,21.0,0.0,6.0,4.0,3.0,0.0,3.0,2.0,0.0,1.0,0.0,0.0,0.0,Matches
2434f24a,4.0,2.0,2.0,0.0,0.0,0.0,0.0,0.0,0.0,0.0,0.0,0.0,0.0,0.0,Matches
ef8ae23b,20.0,18.0,1.0,1.0,0.0,0.0,0.0,1.0,1.0,0.0,0.0,0.0,0.0,0.0,Matches
8f325097,18.0,15.0,0.0,1.0,1.0,1.0,0.0,2.0,2.0,0.0,0.0,0.0,0.0,0.0,Matches
1ec7e1c5,1.0,1.0,0.0,0.0,0.0,0.0,0.0,0.0,0.0,0.0,0.0,0.0,0.0,0.0,Matches
29c02c9f,18.0,15.0,2.0,0.0,0.0,1.0,0.0,2.0,2.0,0.0,0.0,0.0,0.0,0.0,Matches
b70afb45,30.0,24.0,0.0,1.0,4.0,1.0,0.0,3.0,2.0,0.0,0.0,1.0,0.0,0.0,Matches
7ef972c3,1.0,1.0,0.0,0.0,0.0,0.0,0.0,0.0,0.0,0.0,0.0,0.0,0.0,0.0,Matches
6e33125f,31.0,29.0,0.0,1.0,0.0,1.0,0.0,4.0,4.0,0.0,0.0,0.0,0.0,0.0,Matches
fd2bc67d,14.0,12.0,0.0,0.0,2.0,0.0,0.0,2.0,2.0,0.0,0.0,0.0,0.0,0.0,Matches
5069b796,5.0,3.0,1.0,0.0,0.0,1.0,0.0,2.0,1.0,0.0,0.0,0.0,1.0,0.0,Matches
ce50fd99,72.0,50.0,0.0,3.0,11.0,6.0,2.0,11.0,7.0,0.0,0.0,2.0,2.0,0.0,Matches
5fdcb075,11.0,10.0,1.0,0.0,0.0,0.0,0.0,1.0,1.0,0.0,0.0,0.0,0.0,0.0,Matches
4ca4f601,35.0,28.0,0.0,4.0,1.0,2.0,0.0,6.0,4.0,0.0,1.0,1.0,0.0,0.0,Matches
0be95d34,35.0,21.0,8.0,1.0,3.0,1.0,1.0,8.0,4.0,2.0,1.0,0.0,1.0,0.0,Matches
8332db56,14.0,12.0,0.0,1.0,0.0,0.0,1.0,3.0,3.0,0.0,0.0,0.0,0.0,0.0,Matches
e4448c8c,2.0,0.0,1.0,0.0,1.0,0.0,0.0,0.0,0.0,0.0,0.0,0.0,0.0,0.0,Matches
d33c706e,21.0,19.0,0.0,0.0,2.0,0.0,0.0,2.0,2.0,0.0,0.0,0.0,0.0,0.0,Matches
d33c706e,8.0,5.0,0.0,0.0,2.0,1.0,0.0,0.0,0.0,0.0,0.0,0.0,0.0,0.0,Matches
7304f3b1,7.0,4.0,2.0,0.0,0.0,1.0,0.0,0.0,0.0,0.0,0.0,0.0,0.0,0.0,Matches
e7986081,11.0,9.0,0.0,1.0,0.0,0.0,1.0,2.0,2.0,0.0,0.0,0.0,0.0,0.0,Matches
11f54bd5,5.0,3.0,0.0,2.0,0.0,0.0,0.0,0.0,0.0,0.0,0.0,0.0,0.0,0.0,Matches
99d660b2,114.0,65.0,40.0,0.0,8.0,1.0,0.0,18.0,13.0,3.0,0.0,2.0,0.0,0.0,Matches
477e50ce,0.0,0.0,0.0,0.0,0.0,0.0,0.0,0.0,0.0,0.0,0.0,0.0,0.0,0.0,Matches
1d5c96f8,34.0,28.0,1.0,2.0,3.0,0.0,0.0,5.0,5.0,0.0,0.0,0.0,0.0,0.0,Matches
1bfb6fef,29.0,24.0,1.0,0.0,2.0,1.0,1.0,0.0,0.0,0.0,0.0,0.0,0.0,0.0,Matches
d8c19a60,0.0,0.0,0.0,0.0,0.0,0.0,0.0,0.0,0.0,0.0,0.0,0.0,0.0,0.0,Matches
fb55f63a,1.0,1.0,0.0,0.0,0.0,0.0,0.0,0.0,0.0,0.0,0.0,0.0,0.0,0.0,Matches
6605d143,32.0,23.0,0.0,2.0,4.0,3.0,0.0,2.0,0.0,0.0,1.0,1.0,0.0,0.0,Matches
b3244eeb,12.0,9.0,2.0,0.0,1.0,0.0,0.0,0.0,0.0,0.0,0.0,0.0,0.0,0.0,Matches
6d0fe035,19.0,12.0,0.0,3.0,1.0,3.0,0.0,1.0,0.0,0.0,0.0,0.0,1.0,0.0,Matches
698f11e3,15.0,14.0,0.0,0.0,0.0,1.0,0.0,3.0,3.0,0.0,0.0,0.0,0.0,0.0,Matches
29939a1d,30.0,16.0,2.0,4.0,2.0,5.0,1.0,5.0,1.0,0.0,2.0,0.0,1.0,1.0,Matches
8104e41e,54.0,34.0,1.0,6.0,6.0,5.0,2.0,7.0,2.0,0.0,0.0,1.0,3.0,1.0,Matches
f41a69e6,4.0,3.0,1.0,0.0,0.0,0.0,0.0,0.0,0.0,0.0,0.0,0.0,0.0,0.0,Matches
40774c6b,6.0,2.0,0.0,0.0,0.0,3.0,1.0,1.0,0.0,0.0,0.0,0.0,1.0,0.0,Matches
40774c6b,5.0,5.0,0.0,0.0,0.0,0.0,0.0,0.0,0.0,0.0,0.0,0.0,0.0,0.0,Matches
92b56413,8.0,6.0,1.0,1.0,0.0,0.0,0.0,0.0,0.0,0.0,0.0,0.0,0.0,0.0,Matches
6de23ab0,8.0,7.0,1.0,0.0,0.0,0.0,0.0,1.0,0.0,1.0,0.0,0.0,0.0,0.0,Matches
4be0b467,10.0,7.0,0.0,2.0,1.0,0.0,0.0,0.0,0.0,0.0,0.0,0.0,0.0,0.0,Matches
37143438,0.0,0.0,0.0,0.0,0.0,0.0,0.0,0.0,0.0,0.0,0.0,0.0,0.0,0.0,Matches
19053e31,38.0,28.0,6.0,1.0,1.0,2.0,0.0,7.0,5.0,1.0,0.0,1.0,0.0,0.0,Matches
19053e31,7.0,4.0,2.0,1.0,0.0,0.0,0.0,2.0,1.0,1.0,0.0,0.0,0.0,0.0,Matches
eedea60b,3.0,2.0,1.0,0.0,0.0,0.0,0.0,1.0,1.0,0.0,0.0,0.0,0.0,0.0,Matches
ad82197c,20.0,18.0,0.0,0.0,1.0,0.0,1.0,5.0,5.0,0.0,0.0,0.0,0.0,0.0,Matches
b2336681,10.0,8.0,0.0,0.0,1.0,1.0,0.0,3.0,2.0,0.0,0.0,0.0,1.0,0.0,Matches
43e7a164,15.0,14.0,1.0,0.0,0.0,0.0,0.0,3.0,3.0,0.0,0.0,0.0,0.0,0.0,Matches
627b570a,0.0,0.0,0.0,0.0,0.0,0.0,0.0,0.0,0.0,0.0,0.0,0.0,0.0,0.0,Matches
1bd5bdc4,0.0,0.0,0.0,0.0,0.0,0.0,0.0,0.0,0.0,0.0,0.0,0.0,0.0,0.0,Matches
fffea3e5,33.0,21.0,0.0,10.0,1.0,0.0,1.0,2.0,0.0,0.0,2.0,0.0,0.0,0.0,Matches
836dc4a8,0.0,0.0,0.0,0.0,0.0,0.0,0.0,0.0,0.0,0.0,0.0,0.0,0.0,0.0,Matches
1b5b32d2,0.0,0.0,0.0,0.0,0.0,0.0,0.0,0.0,0.0,0.0,0.0,0.0,0.0,0.0,Matches
08f5afaa,1.0,1.0,0.0,0.0,0.0,0.0,0.0,0.0,0.0,0.0,0.0,0.0,0.0,0.0,Matches
a1dbfcb1,5.0,4.0,0.0,0.0,1.0,0.0,0.0,0.0,0.0,0.0,0.0,0.0,0.0,0.0,Matches
dff0c299,6.0,6.0,0.0,0.0,0.0,0.0,0.0,0.0,0.0,0.0,0.0,0.0,0.0,0.0,Matches
92d90c8f,10.0,9.0,0.0,0.0,1.0,0.0,0.0,1.0,1.0,0.0,0.0,0.0,0.0,0.0,Matches
9e7483ff,24.0,15.0,2.0,3.0,1.0,2.0,1.0,1.0,1.0,0.0,0.0,0.0,0.0,0.0,Matches
b4ef3fb5,0.0,0.0,0.0,0.0,0.0,0.0,0.0,0.0,0.0,0.0,0.0,0.0,0.0,0.0,Matches
0512a60a,10.0,8.0,0.0,1.0,1.0,0.0,0.0,1.0,1.0,0.0,0.0,0.0,0.0,0.0,Matches
9226aa22,36.0,30.0,0.0,2.0,2.0,1.0,1.0,3.0,3.0,0.0,0.0,0.0,0.0,0.0,Matches
9daeac61,24.0,19.0,0.0,2.0,0.0,2.0,1.0,0.0,0.0,0.0,0.0,0.0,0.0,0.0,Matches
6d7ede84,5.0,4.0,0.0,0.0,0.0,1.0,0.0,1.0,1.0,0.0,0.0,0.0,0.0,0.0,Matches
0e12089d,0.0,0.0,0.0,0.0,0.0,0.0,0.0,0.0,0.0,0.0,0.0,0.0,0.0,0.0,Matches
0cbc8baa,26.0,20.0,3.0,0.0,0.0,3.0,0.0,1.0,0.0,0.0,0.0,0.0,1.0,0.0,Matches
5b92d896,16.0,13.0,0.0,0.0,0.0,3.0,0.0,5.0,5.0,0.0,0.0,0.0,0.0,0.0,Matches
104b4ad3,9.0,6.0,0.0,0.0,0.0,2.0,1.0,0.0,0.0,0.0,0.0,0.0,0.0,0.0,Matches
0d7b6576,30.0,17.0,0.0,1.0,5.0,6.0,1.0,5.0,1.0,0.0,0.0,3.0,1.0,0.0,Matches
0b4f388a,57.0,39.0,0.0,5.0,6.0,6.0,1.0,8.0,4.0,0.0,1.0,2.0,1.0,0.0,Matches
1a066e69,7.0,5.0,1.0,0.0,1.0,0.0,0.0,0.0,0.0,0.0,0.0,0.0,0.0,0.0,Matches
bc7b4580,10.0,10.0,0.0,0.0,0.0,0.0,0.0,1.0,1.0,0.0,0.0,0.0,0.0,0.0,Matches
83f03b07,14.0,7.0,0.0,3.0,0.0,3.0,1.0,2.0,1.0,0.0,1.0,0.0,0.0,0.0,Matches
9c221d14,3.0,3.0,0.0,0.0,0.0,0.0,0.0,2.0,2.0,0.0,0.0,0.0,0.0,0.0,Matches
745ca0a3,12.0,7.0,0.0,2.0,2.0,1.0,0.0,1.0,1.0,0.0,0.0,0.0,0.0,0.0,Matches
745ca0a3,13.0,10.0,3.0,0.0,0.0,0.0,0.0,1.0,0.0,1.0,0.0,0.0,0.0,0.0,Matches
faf00ab8,10.0,8.0,0.0,1.0,1.0,0.0,0.0,4.0,3.0,0.0,0.0,1.0,0.0,0.0,Matches
4b792f35,0.0,0.0,0.0,0.0,0.0,0.0,0.0,0.0,0.0,0.0,0.0,0.0,0.0,0.0,Matches
375622c5,39.0,36.0,0.0,0.0,1.0,2.0,0.0,5.0,5.0,0.0,0.0,0.0,0.0,0.0,Matches
50ac8941,3.0,2.0,1.0,0.0,0.0,0.0,0.0,1.0,1.0,0.0,0.0,0.0,0.0,0.0,Matches
caef7840,57.0,40.0,8.0,1.0,6.0,0.0,2.0,8.0,7.0,0.0,0.0,1.0,0.0,0.0,Matches
5313ed43,67.0,59.0,0.0,2.0,1.0,3.0,2.0,8.0,6.0,0.0,1.0,0.0,1.0,0.0,Matches
9d420dad,2.0,2.0,0.0,0.0,0.0,0.0,0.0,1.0,1.0,0.0,0.0,0.0,0.0,0.0,Matches
822d51d7,47.0,41.0,0.0,5.0,0.0,1.0,0.0,6.0,5.0,0.0,0.0,0.0,1.0,0.0,Matches
90eb507d,19.0,17.0,0.0,0.0,0.0,1.0,1.0,0.0,0.0,0.0,0.0,0.0,0.0,0.0,Matches
90f87966,11.0,9.0,0.0,0.0,2.0,0.0,0.0,1.0,0.0,0.0,0.0,1.0,0.0,0.0,Matches
574aa9ec,0.0,0.0,0.0,0.0,0.0,0.0,0.0,0.0,0.0,0.0,0.0,0.0,0.0,0.0,Matches
00a8d210,86.0,47.0,34.0,1.0,1.0,1.0,2.0,9.0,5.0,4.0,0.0,0.0,0.0,0.0,Matches
4b96c347,7.0,5.0,2.0,0.0,0.0,0.0,0.0,0.0,0.0,0.0,0.0,0.0,0.0,0.0,Matches
db3164e1,1.0,1.0,0.0,0.0,0.0,0.0,0.0,0.0,0.0,0.0,0.0,0.0,0.0,0.0,Matches
42276181,47.0,35.0,0.0,1.0,8.0,3.0,0.0,3.0,0.0,0.0,0.0,2.0,1.0,0.0,Matches
23c63b7f,21.0,13.0,0.0,0.0,4.0,3.0,1.0,6.0,4.0,0.0,0.0,0.0,1.0,1.0,Matches
23c63b7f,0.0,0.0,0.0,0.0,0.0,0.0,0.0,0.0,0.0,0.0,0.0,0.0,0.0,0.0,Matches
868eaba0,44.0,29.0,13.0,0.0,2.0,0.0,0.0,7.0,3.0,4.0,0.0,0.0,0.0,0.0,Matches
badcdcae,6.0,4.0,0.0,0.0,1.0,0.0,1.0,1.0,1.0,0.0,0.0,0.0,0.0,0.0,Matches
ea0ff634,13.0,10.0,0.0,0.0,2.0,1.0,0.0,3.0,1.0,0.0,0.0,1.0,1.0,0.0,Matches
8827bf46,12.0,9.0,0.0,1.0,0.0,2.0,0.0,1.0,1.0,0.0,0.0,0.0,0.0,0.0,Matches
5b3cfa12,0.0,0.0,0.0,0.0,0.0,0.0,0.0,0.0,0.0,0.0,0.0,0.0,0.0,0.0,Matches
c5adc293,12.0,5.0,6.0,0.0,0.0,1.0,0.0,1.0,1.0,0.0,0.0,0.0,0.0,0.0,Matches
41eebdf5,14.0,13.0,0.0,0.0,1.0,0.0,0.0,4.0,4.0,0.0,0.0,0.0,0.0,0.0,Matches
3befc2b6,22.0,19.0,1.0,0.0,2.0,0.0,0.0,5.0,3.0,1.0,0.0,1.0,0.0,0.0,Matches
3708e9fa,87.0,54.0,20.0,6.0,3.0,3.0,1.0,11.0,8.0,1.0,2.0,0.0,0.0,0.0,Matches
1961b2aa,30.0,28.0,1.0,0.0,1.0,0.0,0.0,4.0,4.0,0.0,0.0,0.0,0.0,0.0,Matches
645a3363,60.0,38.0,9.0,6.0,0.0,7.0,0.0,10.0,7.0,1.0,1.0,0.0,1.0,0.0,Matches
b8c1de25,7.0,7.0,0.0,0.0,0.0,0.0,0.0,0.0,0.0,0.0,0.0,0.0,0.0,0.0,Matches
a9d4c241,3.0,3.0,0.0,0.0,0.0,0.0,0.0,0.0,0.0,0.0,0.0,0.0,0.0,0.0,Matches
aad56ca3,7.0,4.0,1.0,0.0,1.0,1.0,0.0,1.0,0.0,0.0,0.0,0.0,1.0,0.0,Matches
aad56ca3,60.0,45.0,0.0,5.0,8.0,1.0,1.0,6.0,5.0,0.0,1.0,0.0,0.0,0.0,Matches
06c48679,31.0,25.0,0.0,2.0,0.0,2.0,2.0,5.0,5.0,0.0,0.0,0.0,0.0,0.0,Matches
49136c42,9.0,5.0,2.0,0.0,2.0,0.0,0.0,1.0,1.0,0.0,0.0,0.0,0.0,0.0,Matches
4a987ffa,0.0,0.0,0.0,0.0,0.0,0.0,0.0,0.0,0.0,0.0,0.0,0.0,0.0,0.0,Matches
d5d22a58,5.0,4.0,0.0,1.0,0.0,0.0,0.0,0.0,0.0,0.0,0.0,0.0,0.0,0.0,Matches
f6857b4f,0.0,0.0,0.0,0.0,0.0,0.0,0.0,0.0,0.0,0.0,0.0,0.0,0.0,0.0,Matches
5ea8ef20,46.0,36.0,1.0,3.0,1.0,2.0,3.0,7.0,5.0,0.0,0.0,0.0,1.0,1.0,Matches
b73f17f8,24.0,14.0,0.0,5.0,3.0,2.0,0.0,4.0,3.0,0.0,1.0,0.0,0.0,0.0,Matches
7155e3e1,10.0,10.0,0.0,0.0,0.0,0.0,0.0,1.0,1.0,0.0,0.0,0.0,0.0,0.0,Matches
5d8d7454,12.0,7.0,3.0,0.0,0.0,0.0,2.0,0.0,0.0,0.0,0.0,0.0,0.0,0.0,Matches
923f4dda,2.0,2.0,0.0,0.0,0.0,0.0,0.0,0.0,0.0,0.0,0.0,0.0,0.0,0.0,Matches
7091324a,0.0,0.0,0.0,0.0,0.0,0.0,0.0,0.0,0.0,0.0,0.0,0.0,0.0,0.0,Matches
d56b9520,46.0,38.0,2.0,4.0,0.0,2.0,0.0,2.0,2.0,0.0,0.0,0.0,0.0,0.0,Matches
576817b7,6.0,6.0,0.0,0.0,0.0,0.0,0.0,0.0,0.0,0.0,0.0,0.0,0.0,0.0,Matches
5167c97e,13.0,10.0,0.0,1.0,0.0,1.0,1.0,2.0,0.0,0.0,0.0,0.0,1.0,1.0,Matches
e42d61c7,58.0,51.0,1.0,2.0,2.0,0.0,2.0,8.0,5.0,0.0,1.0,1.0,0.0,1.0,Matches
a94571f6,0.0,0.0,0.0,0.0,0.0,0.0,0.0,0.0,0.0,0.0,0.0,0.0,0.0,0.0,Matches
0b4d8274,32.0,16.0,7.0,2.0,3.0,4.0,0.0,5.0,3.0,0.0,0.0,1.0,1.0,0.0,Matches
52cd0e88,0.0,0.0,0.0,0.0,0.0,0.0,0.0,0.0,0.0,0.0,0.0,0.0,0.0,0.0,Matches
e7d59f4f,30.0,23.0,3.0,3.0,0.0,1.0,0.0,2.0,2.0,0.0,0.0,0.0,0.0,0.0,Matches
07ace8c3,2.0,2.0,0.0,0.0,0.0,0.0,0.0,0.0,0.0,0.0,0.0,0.0,0.0,0.0,Matches
563fcd6b,31.0,23.0,5.0,1.0,1.0,0.0,1.0,0.0,0.0,0.0,0.0,0.0,0.0,0.0,Matches
f28474a4,2.0,1.0,0.0,0.0,0.0,1.0,0.0,0.0,0.0,0.0,0.0,0.0,0.0,0.0,Matches
3681cfff,6.0,4.0,1.0,0.0,1.0,0.0,0.0,0.0,0.0,0.0,0.0,0.0,0.0,0.0,Matches
61b77d0a,7.0,4.0,0.0,0.0,0.0,1.0,2.0,0.0,0.0,0.0,0.0,0.0,0.0,0.0,Matches
db7849ca,84.0,51.0,23.0,2.0,6.0,2.0,0.0,7.0,4.0,2.0,0.0,1.0,0.0,0.0,Matches
00891164,8.0,7.0,0.0,0.0,1.0,0.0,0.0,1.0,0.0,0.0,0.0,1.0,0.0,0.0,Matches
910e3cad,0.0,0.0,0.0,0.0,0.0,0.0,0.0,0.0,0.0,0.0,0.0,0.0,0.0,0.0,Matches
d14229f3,35.0,27.0,1.0,0.0,3.0,4.0,0.0,4.0,3.0,0.0,0.0,0.0,1.0,0.0,Matches
fb0ee44e,35.0,21.0,0.0,0.0,1.0,12.0,1.0,2.0,1.0,0.0,0.0,0.0,1.0,0.0,Matches
c9f49454,6.0,3.0,0.0,0.0,1.0,0.0,2.0,0.0,0.0,0.0,0.0,0.0,0.0,0.0,Matches
546bb36e,14.0,12.0,0.0,0.0,1.0,0.0,1.0,4.0,4.0,0.0,0.0,0.0,0.0,0.0,Matches
cf182add,37.0,34.0,0.0,0.0,1.0,1.0,1.0,5.0,4.0,0.0,0.0,0.0,1.0,0.0,Matches
dbd3a428,83.0,59.0,8.0,9.0,3.0,3.0,1.0,9.0,7.0,1.0,1.0,0.0,0.0,0.0,Matches
a0415710,20.0,15.0,2.0,1.0,2.0,0.0,0.0,2.0,2.0,0.0,0.0,0.0,0.0,0.0,Matches
96f4ebc0,2.0,2.0,0.0,0.0,0.0,0.0,0.0,0.0,0.0,0.0,0.0,0.0,0.0,0.0,Matches
eeba07f8,8.0,6.0,0.0,1.0,1.0,0.0,0.0,2.0,1.0,0.0,0.0,1.0,0.0,0.0,Matches
300ec91c,1.0,1.0,0.0,0.0,0.0,0.0,0.0,0.0,0.0,0.0,0.0,0.0,0.0,0.0,Matches
5cb215fc,7.0,4.0,1.0,1.0,0.0,1.0,0.0,0.0,0.0,0.0,0.0,0.0,0.0,0.0,Matches
45cce300,0.0,0.0,0.0,0.0,0.0,0.0,0.0,0.0,0.0,0.0,0.0,0.0,0.0,0.0,Matches
5b4bc323,18.0,14.0,0.0,2.0,1.0,1.0,0.0,3.0,1.0,0.0,1.0,0.0,1.0,0.0,Matches
56ae428b,11.0,8.0,1.0,0.0,1.0,1.0,0.0,1.0,0.0,0.0,0.0,0.0,1.0,0.0,Matches
f323d995,13.0,12.0,0.0,0.0,1.0,0.0,0.0,1.0,1.0,0.0,0.0,0.0,0.0,0.0,Matches
c066d1a5,19.0,18.0,1.0,0.0,0.0,0.0,0.0,1.0,1.0,0.0,0.0,0.0,0.0,0.0,Matches
32f3d97e,3.0,2.0,1.0,0.0,0.0,0.0,0.0,0.0,0.0,0.0,0.0,0.0,0.0,0.0,Matches
5b1bf5e3,0.0,0.0,0.0,0.0,0.0,0.0,0.0,0.0,0.0,0.0,0.0,0.0,0.0,0.0,Matches
bf4c41f9,21.0,14.0,0.0,0.0,5.0,1.0,1.0,3.0,2.0,0.0,0.0,1.0,0.0,0.0,Matches
dd211559,33.0,27.0,1.0,3.0,1.0,1.0,0.0,3.0,3.0,0.0,0.0,0.0,0.0,0.0,Matches
a426a912,1.0,1.0,0.0,0.0,0.0,0.0,0.0,0.0,0.0,0.0,0.0,0.0,0.0,0.0,Matches
3814120d,0.0,0.0,0.0,0.0,0.0,0.0,0.0,0.0,0.0,0.0,0.0,0.0,0.0,0.0,Matches
c5908bc4,4.0,1.0,1.0,0.0,1.0,1.0,0.0,1.0,0.0,0.0,0.0,1.0,0.0,0.0,Matches
c43a8336,3.0,2.0,0.0,1.0,0.0,0.0,0.0,0.0,0.0,0.0,0.0,0.0,0.0,0.0,Matches
c9f2f83a,2.0,2.0,0.0,0.0,0.0,0.0,0.0,0.0,0.0,0.0,0.0,0.0,0.0,0.0,Matches
796b1c41,49.0,28.0,10.0,2.0,5.0,4.0,0.0,5.0,2.0,0.0,1.0,2.0,0.0,0.0,Matches
2677a1de,26.0,12.0,4.0,2.0,4.0,3.0,1.0,6.0,2.0,0.0,0.0,3.0,1.0,0.0,Matches
3670aa71,0.0,0.0,0.0,0.0,0.0,0.0,0.0,0.0,0.0,0.0,0.0,0.0,0.0,0.0,Matches
aef6e670,2.0,2.0,0.0,0.0,0.0,0.0,0.0,0.0,0.0,0.0,0.0,0.0,0.0,0.0,Matches
3935e52e,19.0,17.0,0.0,1.0,1.0,0.0,0.0,3.0,1.0,0.0,1.0,1.0,0.0,0.0,Matches
1361e5bc,2.0,1.0,1.0,0.0,0.0,0.0,0.0,0.0,0.0,0.0,0.0,0.0,0.0,0.0,Matches
04bb2b06,24.0,20.0,0.0,2.0,2.0,0.0,0.0,1.0,1.0,0.0,0.0,0.0,0.0,0.0,Matches
e6eadfb8,3.0,1.0,0.0,0.0,1.0,0.0,1.0,0.0,0.0,0.0,0.0,0.0,0.0,0.0,Matches
86a2ba20,43.0,39.0,0.0,2.0,1.0,1.0,0.0,4.0,4.0,0.0,0.0,0.0,0.0,0.0,Matches
562a4799,4.0,4.0,0.0,0.0,0.0,0.0,0.0,0.0,0.0,0.0,0.0,0.0,0.0,0.0,Matches
c385bf49,9.0,6.0,1.0,1.0,1.0,0.0,0.0,2.0,1.0,1.0,0.0,0.0,0.0,0.0,Matches
397ba086,19.0,9.0,0.0,5.0,3.0,2.0,0.0,5.0,2.0,0.0,2.0,1.0,0.0,0.0,Matches
c90f380c,1.0,1.0,0.0,0.0,0.0,0.0,0.0,0.0,0.0,0.0,0.0,0.0,0.0,0.0,Matches
7cdda3bf,40.0,32.0,2.0,3.0,3.0,0.0,0.0,5.0,3.0,0.0,1.0,1.0,0.0,0.0,Matches
7cdda3bf,10.0,6.0,0.0,1.0,3.0,0.0,0.0,1.0,0.0,0.0,0.0,1.0,0.0,0.0,Matches
9dbb75ca,79.0,58.0,1.0,6.0,5.0,8.0,1.0,7.0,6.0,0.0,0.0,0.0,1.0,0.0,Matches
eb0db257,10.0,4.0,4.0,0.0,1.0,1.0,0.0,0.0,0.0,0.0,0.0,0.0,0.0,0.0,Matches
4e7db402,4.0,3.0,1.0,0.0,0.0,0.0,0.0,0.0,0.0,0.0,0.0,0.0,0.0,0.0,Matches
770d7eb8,17.0,3.0,13.0,0.0,0.0,1.0,0.0,1.0,1.0,0.0,0.0,0.0,0.0,0.0,Matches
01870104,21.0,10.0,0.0,4.0,4.0,2.0,1.0,1.0,0.0,0.0,0.0,1.0,0.0,0.0,Matches
f066022d,9.0,8.0,1.0,0.0,0.0,0.0,0.0,0.0,0.0,0.0,0.0,0.0,0.0,0.0,Matches
0ed063d6,24.0,16.0,0.0,1.0,2.0,4.0,1.0,0.0,0.0,0.0,0.0,0.0,0.0,0.0,Matches
2d22cea7,19.0,13.0,0.0,2.0,2.0,2.0,0.0,2.0,1.0,0.0,0.0,0.0,1.0,0.0,Matches
afe39ca8,14.0,11.0,1.0,1.0,1.0,0.0,0.0,3.0,2.0,0.0,1.0,0.0,0.0,0.0,Matches
547a72ad,7.0,4.0,1.0,0.0,1.0,1.0,0.0,0.0,0.0,0.0,0.0,0.0,0.0,0.0,Matches
88c4d190,25.0,13.0,0.0,2.0,4.0,3.0,3.0,2.0,1.0,0.0,0.0,1.0,0.0,0.0,Matches
6f806d99,92.0,58.0,22.0,3.0,4.0,4.0,1.0,11.0,5.0,5.0,0.0,1.0,0.0,0.0,Matches
2321ea6e,28.0,23.0,3.0,0.0,1.0,0.0,1.0,2.0,2.0,0.0,0.0,0.0,0.0,0.0,Matches
321a71a7,17.0,12.0,0.0,2.0,0.0,1.0,2.0,3.0,1.0,0.0,0.0,0.0,1.0,1.0,Matches
5bf26efc,0.0,0.0,0.0,0.0,0.0,0.0,0.0,0.0,0.0,0.0,0.0,0.0,0.0,0.0,Matches
2fa2a875,1.0,1.0,0.0,0.0,0.0,0.0,0.0,0.0,0.0,0.0,0.0,0.0,0.0,0.0,Matches
f5044e54,29.0,22.0,1.0,0.0,3.0,0.0,3.0,2.0,1.0,0.0,0.0,0.0,0.0,1.0,Matches
8ca9415f,2.0,1.0,0.0,1.0,0.0,0.0,0.0,0.0,0.0,0.0,0.0,0.0,0.0,0.0,Matches
2b471f99,12.0,11.0,0.0,0.0,0.0,0.0,1.0,1.0,1.0,0.0,0.0,0.0,0.0,0.0,Matches
1e52971c,24.0,18.0,0.0,0.0,2.0,3.0,1.0,3.0,2.0,0.0,0.0,0.0,1.0,0.0,Matches
1e7aea56,4.0,4.0,0.0,0.0,0.0,0.0,0.0,0.0,0.0,0.0,0.0,0.0,0.0,0.0,Matches
fcc84a07,20.0,15.0,0.0,1.0,2.0,1.0,1.0,6.0,6.0,0.0,0.0,0.0,0.0,0.0,Matches
17e25e72,3.0,0.0,0.0,1.0,1.0,1.0,0.0,0.0,0.0,0.0,0.0,0.0,0.0,0.0,Matches
f7691f63,35.0,23.0,10.0,0.0,1.0,0.0,1.0,1.0,1.0,0.0,0.0,0.0,0.0,0.0,Matches
fd78b105,0.0,0.0,0.0,0.0,0.0,0.0,0.0,0.0,0.0,0.0,0.0,0.0,0.0,0.0,Matches
40221fa7,21.0,18.0,0.0,1.0,0.0,1.0,1.0,0.0,0.0,0.0,0.0,0.0,0.0,0.0,Matches
40221fa7,0.0,0.0,0.0,0.0,0.0,0.0,0.0,0.0,0.0,0.0,0.0,0.0,0.0,0.0,Matches
f00de885,0.0,0.0,0.0,0.0,0.0,0.0,0.0,0.0,0.0,0.0,0.0,0.0,0.0,0.0,Matches
7c2965bb,67.0,32.0,21.0,5.0,8.0,1.0,0.0,7.0,3.0,2.0,0.0,2.0,0.0,0.0,Matches
20b9f052,3.0,1.0,2.0,0.0,0.0,0.0,0.0,1.0,0.0,1.0,0.0,0.0,0.0,0.0,Matches
64c14d49,26.0,18.0,2.0,0.0,3.0,3.0,0.0,4.0,2.0,0.0,0.0,0.0,2.0,0.0,Matches
fc4cf6a7,38.0,30.0,2.0,1.0,1.0,2.0,2.0,2.0,2.0,0.0,0.0,0.0,0.0,0.0,Matches
1a2935f6,7.0,4.0,0.0,0.0,3.0,0.0,0.0,0.0,0.0,0.0,0.0,0.0,0.0,0.0,Matches
a99138af,5.0,4.0,0.0,0.0,1.0,0.0,0.0,0.0,0.0,0.0,0.0,0.0,0.0,0.0,Matches
5b9512c5,14.0,14.0,0.0,0.0,0.0,0.0,0.0,2.0,2.0,0.0,0.0,0.0,0.0,0.0,Matches
e05082d1,23.0,15.0,4.0,0.0,0.0,4.0,0.0,1.0,1.0,0.0,0.0,0.0,0.0,0.0,Matches
b3f8bdef,29.0,20.0,2.0,0.0,0.0,5.0,2.0,4.0,1.0,2.0,0.0,0.0,0.0,1.0,Matches
dfc5d4fa,0.0,0.0,0.0,0.0,0.0,0.0,0.0,0.0,0.0,0.0,0.0,0.0,0.0,0.0,Matches
d4d35152,28.0,23.0,0.0,2.0,2.0,0.0,1.0,4.0,2.0,0.0,0.0,1.0,0.0,1.0,Matches
caa7aaea,39.0,31.0,0.0,1.0,1.0,2.0,4.0,3.0,3.0,0.0,0.0,0.0,0.0,0.0,Matches
fc46aab1,46.0,28.0,7.0,1.0,4.0,5.0,1.0,4.0,2.0,2.0,0.0,0.0,0.0,0.0,Matches
22bfb57e,8.0,5.0,0.0,1.0,1.0,1.0,0.0,0.0,0.0,0.0,0.0,0.0,0.0,0.0,Matches
654f49ca,2.0,1.0,0.0,0.0,0.0,1.0,0.0,1.0,0.0,0.0,0.0,0.0,1.0,0.0,Matches
48d5bd33,32.0,16.0,6.0,2.0,3.0,5.0,0.0,2.0,1.0,0.0,0.0,1.0,0.0,0.0,Matches
0f86995c,0.0,0.0,0.0,0.0,0.0,0.0,0.0,0.0,0.0,0.0,0.0,0.0,0.0,0.0,Matches
1d2d5cc8,5.0,5.0,0.0,0.0,0.0,0.0,0.0,2.0,2.0,0.0,0.0,0.0,0.0,0.0,Matches
c801616a,36.0,14.0,20.0,0.0,1.0,1.0,0.0,1.0,1.0,0.0,0.0,0.0,0.0,0.0,Matches
c4173f1a,0.0,0.0,0.0,0.0,0.0,0.0,0.0,0.0,0.0,0.0,0.0,0.0,0.0,0.0,Matches
706a60e1,2.0,1.0,0.0,0.0,1.0,0.0,0.0,0.0,0.0,0.0,0.0,0.0,0.0,0.0,Matches
e54a9890,39.0,28.0,5.0,3.0,2.0,0.0,1.0,5.0,5.0,0.0,0.0,0.0,0.0,0.0,Matches
740f00ac,41.0,33.0,0.0,2.0,3.0,3.0,0.0,8.0,7.0,0.0,0.0,0.0,1.0,0.0,Matches
d9764034,7.0,6.0,0.0,0.0,1.0,0.0,0.0,2.0,1.0,0.0,0.0,1.0,0.0,0.0,Matches
d5f2f82b,12.0,9.0,1.0,0.0,2.0,0.0,0.0,1.0,1.0,0.0,0.0,0.0,0.0,0.0,Matches
468fdbad,3.0,3.0,0.0,0.0,0.0,0.0,0.0,0.0,0.0,0.0,0.0,0.0,0.0,0.0,Matches
3ef0fa48,15.0,11.0,0.0,1.0,2.0,1.0,0.0,1.0,1.0,0.0,0.0,0.0,0.0,0.0,Matches
eba1e557,11.0,9.0,0.0,1.0,0.0,1.0,0.0,1.0,0.0,0.0,0.0,0.0,1.0,0.0,Matches
6ea05ca7,1.0,1.0,0.0,0.0,0.0,0.0,0.0,0.0,0.0,0.0,0.0,0.0,0.0,0.0,Matches
15944afd,4.0,4.0,0.0,0.0,0.0,0.0,0.0,0.0,0.0,0.0,0.0,0.0,0.0,0.0,Matches
cf1ef7ec,0.0,0.0,0.0,0.0,0.0,0.0,0.0,0.0,0.0,0.0,0.0,0.0,0.0,0.0,Matches
cf1ef7ec,4.0,3.0,0.0,1.0,0.0,0.0,0.0,3.0,2.0,0.0,1.0,0.0,0.0,0.0,Matches
70d4c949,0.0,0.0,0.0,0.0,0.0,0.0,0.0,0.0,0.0,0.0,0.0,0.0,0.0,0.0,Matches
a17a94d6,40.0,39.0,0.0,0.0,0.0,0.0,1.0,2.0,2.0,0.0,0.0,0.0,0.0,0.0,Matches
87d31635,4.0,2.0,1.0,0.0,0.0,1.0,0.0,0.0,0.0,0.0,0.0,0.0,0.0,0.0,Matches
30144daa,16.0,8.0,0.0,3.0,3.0,2.0,0.0,2.0,1.0,0.0,1.0,0.0,0.0,0.0,Matches
2c70d915,0.0,0.0,0.0,0.0,0.0,0.0,0.0,0.0,0.0,0.0,0.0,0.0,0.0,0.0,Matches
b20cc590,2.0,0.0,0.0,0.0,0.0,1.0,1.0,0.0,0.0,0.0,0.0,0.0,0.0,0.0,Matches
42fd9c7f,77.0,56.0,2.0,9.0,7.0,3.0,0.0,12.0,7.0,0.0,2.0,1.0,2.0,0.0,Matches
e76cb9cc,27.0,23.0,0.0,0.0,3.0,1.0,0.0,1.0,1.0,0.0,0.0,0.0,0.0,0.0,Matches
890bc029,1.0,0.0,1.0,0.0,0.0,0.0,0.0,0.0,0.0,0.0,0.0,0.0,0.0,0.0,Matches
46750e9c,1.0,1.0,0.0,0.0,0.0,0.0,0.0,0.0,0.0,0.0,0.0,0.0,0.0,0.0,Matches
6f5ec8bb,34.0,32.0,1.0,0.0,1.0,0.0,0.0,4.0,3.0,0.0,0.0,1.0,0.0,0.0,Matches
04ac78d2,1.0,0.0,0.0,0.0,1.0,0.0,0.0,0.0,0.0,0.0,0.0,0.0,0.0,0.0,Matches
d21e361a,8.0,4.0,1.0,1.0,0.0,2.0,0.0,1.0,1.0,0.0,0.0,0.0,0.0,0.0,Matches
70c52749,8.0,7.0,1.0,0.0,0.0,0.0,0.0,2.0,2.0,0.0,0.0,0.0,0.0,0.0,Matches
f20e4cc9,28.0,25.0,0.0,1.0,1.0,0.0,1.0,5.0,5.0,0.0,0.0,0.0,0.0,0.0,Matches
c6e5d20f,21.0,20.0,0.0,0.0,1.0,0.0,0.0,1.0,1.0,0.0,0.0,0.0,0.0,0.0,Matches
3322e296,8.0,5.0,1.0,0.0,2.0,0.0,0.0,2.0,1.0,0.0,0.0,1.0,0.0,0.0,Matches
9f0f4b49,5.0,3.0,0.0,0.0,0.0,2.0,0.0,0.0,0.0,0.0,0.0,0.0,0.0,0.0,Matches
e472a6f6,27.0,24.0,0.0,2.0,1.0,0.0,0.0,0.0,0.0,0.0,0.0,0.0,0.0,0.0,Matches
9bdd8118,30.0,27.0,2.0,0.0,0.0,1.0,0.0,0.0,0.0,0.0,0.0,0.0,0.0,0.0,Matches
0bfca6a1,42.0,19.0,17.0,2.0,2.0,2.0,0.0,2.0,1.0,1.0,0.0,0.0,0.0,0.0,Matches
d70ce98e,123.0,82.0,13.0,10.0,8.0,8.0,2.0,25.0,19.0,0.0,3.0,1.0,2.0,0.0,Matches
85613cf0,0.0,0.0,0.0,0.0,0.0,0.0,0.0,0.0,0.0,0.0,0.0,0.0,0.0,0.0,Matches
f833a830,16.0,11.0,1.0,0.0,1.0,2.0,1.0,4.0,2.0,1.0,0.0,0.0,1.0,0.0,Matches
065dc209,9.0,7.0,0.0,1.0,1.0,0.0,0.0,2.0,2.0,0.0,0.0,0.0,0.0,0.0,Matches
065dc209,26.0,19.0,0.0,6.0,0.0,1.0,0.0,4.0,2.0,0.0,2.0,0.0,0.0,0.0,Matches
595e6f3e,26.0,17.0,0.0,2.0,4.0,3.0,0.0,4.0,3.0,0.0,0.0,0.0,1.0,0.0,Matches
7e82a78f,18.0,11.0,3.0,0.0,2.0,2.0,0.0,0.0,0.0,0.0,0.0,0.0,0.0,0.0,Matches
8499c713,0.0,0.0,0.0,0.0,0.0,0.0,0.0,0.0,0.0,0.0,0.0,0.0,0.0,0.0,Matches
3eaf8817,2.0,1.0,0.0,0.0,0.0,1.0,0.0,1.0,1.0,0.0,0.0,0.0,0.0,0.0,Matches
19ba6c6d,12.0,7.0,0.0,0.0,4.0,0.0,1.0,1.0,0.0,0.0,0.0,1.0,0.0,0.0,Matches
71d10572,18.0,9.0,0.0,2.0,3.0,4.0,0.0,0.0,0.0,0.0,0.0,0.0,0.0,0.0,Matches
af0c835b,28.0,26.0,0.0,1.0,0.0,1.0,0.0,2.0,2.0,0.0,0.0,0.0,0.0,0.0,Matches
ac73ec79,16.0,14.0,0.0,1.0,1.0,0.0,0.0,4.0,4.0,0.0,0.0,0.0,0.0,0.0,Matches
2acf0cd7,42.0,31.0,0.0,2.0,3.0,5.0,1.0,1.0,1.0,0.0,0.0,0.0,0.0,0.0,Matches
dc29b608,0.0,0.0,0.0,0.0,0.0,0.0,0.0,0.0,0.0,0.0,0.0,0.0,0.0,0.0,Matches
e110ea4b,3.0,2.0,0.0,1.0,0.0,0.0,0.0,0.0,0.0,0.0,0.0,0.0,0.0,0.0,Matches
65c55288,4.0,3.0,0.0,0.0,1.0,0.0,0.0,1.0,1.0,0.0,0.0,0.0,0.0,0.0,Matches
87e9c7cd,16.0,13.0,0.0,0.0,1.0,2.0,0.0,2.0,2.0,0.0,0.0,0.0,0.0,0.0,Matches
69384e5d,105.0,75.0,12.0,2.0,6.0,10.0,0.0,16.0,11.0,3.0,0.0,1.0,1.0,0.0,Matches
46faabfa,5.0,3.0,0.0,0.0,0.0,2.0,0.0,0.0,0.0,0.0,0.0,0.0,0.0,0.0,Matches
2054d037,13.0,8.0,0.0,0.0,3.0,2.0,0.0,0.0,0.0,0.0,0.0,0.0,0.0,0.0,Matches
3f319bb9,9.0,8.0,0.0,0.0,1.0,0.0,0.0,3.0,3.0,0.0,0.0,0.0,0.0,0.0,Matches
7b9a9e25,29.0,17.0,1.0,0.0,6.0,4.0,1.0,4.0,4.0,0.0,0.0,0.0,0.0,0.0,Matches
374fbf7d,39.0,22.0,11.0,0.0,4.0,2.0,0.0,1.0,1.0,0.0,0.0,0.0,0.0,0.0,Matches
afb0c500,8.0,6.0,2.0,0.0,0.0,0.0,0.0,1.0,1.0,0.0,0.0,0.0,0.0,0.0,Matches
6043997c,9.0,7.0,1.0,0.0,1.0,0.0,0.0,2.0,2.0,0.0,0.0,0.0,0.0,0.0,Matches
35516eac,38.0,32.0,0.0,3.0,1.0,1.0,1.0,7.0,6.0,0.0,0.0,1.0,0.0,0.0,Matches
6993927b,11.0,9.0,2.0,0.0,0.0,0.0,0.0,3.0,3.0,0.0,0.0,0.0,0.0,0.0,Matches
4534a352,2.0,2.0,0.0,0.0,0.0,0.0,0.0,0.0,0.0,0.0,0.0,0.0,0.0,0.0,Matches
c631f952,1.0,1.0,0.0,0.0,0.0,0.0,0.0,0.0,0.0,0.0,0.0,0.0,0.0,0.0,Matches
ff4df82e,12.0,10.0,0.0,0.0,0.0,2.0,0.0,1.0,1.0,0.0,0.0,0.0,0.0,0.0,Matches
b5bb8188,6.0,5.0,0.0,0.0,1.0,0.0,0.0,0.0,0.0,0.0,0.0,0.0,0.0,0.0,Matches
8652a85c,34.0,20.0,0.0,3.0,5.0,6.0,0.0,2.0,1.0,0.0,1.0,0.0,0.0,0.0,Matches
2f9e4435,63.0,31.0,1.0,12.0,5.0,11.0,3.0,15.0,6.0,0.0,4.0,1.0,3.0,1.0,Matches
6b4436ba,1.0,1.0,0.0,0.0,0.0,0.0,0.0,0.0,0.0,0.0,0.0,0.0,0.0,0.0,Matches
83299cc0,3.0,0.0,0.0,2.0,1.0,0.0,0.0,2.0,0.0,0.0,2.0,0.0,0.0,0.0,Matches
83299cc0,43.0,34.0,1.0,4.0,3.0,1.0,0.0,3.0,2.0,0.0,0.0,1.0,0.0,0.0,Matches
ed90babd,46.0,28.0,11.0,3.0,3.0,1.0,0.0,5.0,3.0,1.0,0.0,1.0,0.0,0.0,Matches
cd9b37a3,0.0,0.0,0.0,0.0,0.0,0.0,0.0,0.0,0.0,0.0,0.0,0.0,0.0,0.0,Matches
779847d6,2.0,1.0,0.0,0.0,0.0,0.0,1.0,0.0,0.0,0.0,0.0,0.0,0.0,0.0,Matches
e5c1e0ca,15.0,12.0,1.0,0.0,0.0,0.0,2.0,1.0,1.0,0.0,0.0,0.0,0.0,0.0,Matches
9b6f7fd5,9.0,5.0,0.0,1.0,1.0,0.0,2.0,1.0,0.0,0.0,0.0,1.0,0.0,0.0,Matches
dff153a4,4.0,4.0,0.0,0.0,0.0,0.0,0.0,1.0,1.0,0.0,0.0,0.0,0.0,0.0,Matches
58ae47b2,44.0,31.0,8.0,3.0,1.0,1.0,0.0,5.0,2.0,2.0,0.0,0.0,1.0,0.0,Matches
f8ce97ca,2.0,1.0,0.0,1.0,0.0,0.0,0.0,0.0,0.0,0.0,0.0,0.0,0.0,0.0,Matches
0810b6df,2.0,1.0,1.0,0.0,0.0,0.0,0.0,0.0,0.0,0.0,0.0,0.0,0.0,0.0,Matches
57e3f0c7,41.0,23.0,9.0,1.0,4.0,4.0,0.0,6.0,0.0,2.0,1.0,1.0,2.0,0.0,Matches
5c42e7ce,0.0,0.0,0.0,0.0,0.0,0.0,0.0,0.0,0.0,0.0,0.0,0.0,0.0,0.0,Matches
8fd9996f,16.0,13.0,0.0,0.0,2.0,0.0,1.0,1.0,1.0,0.0,0.0,0.0,0.0,0.0,Matches
8846a40f,22.0,15.0,1.0,2.0,1.0,3.0,0.0,3.0,2.0,0.0,0.0,0.0,1.0,0.0,Matches
10dd88f9,28.0,18.0,3.0,5.0,1.0,1.0,0.0,3.0,2.0,1.0,0.0,0.0,0.0,0.0,Matches
49070d66,8.0,7.0,0.0,0.0,1.0,0.0,0.0,0.0,0.0,0.0,0.0,0.0,0.0,0.0,Matches
64ba07c0,15.0,8.0,3.0,1.0,1.0,1.0,1.0,1.0,1.0,0.0,0.0,0.0,0.0,0.0,Matches
e546b2e3,44.0,39.0,1.0,2.0,0.0,2.0,0.0,4.0,4.0,0.0,0.0,0.0,0.0,0.0,Matches
be98f358,9.0,8.0,0.0,0.0,0.0,0.0,1.0,2.0,1.0,0.0,0.0,0.0,0.0,1.0,Matches
7d704e92,8.0,7.0,0.0,0.0,1.0,0.0,0.0,0.0,0.0,0.0,0.0,0.0,0.0,0.0,Matches
51c30111,26.0,18.0,2.0,1.0,1.0,4.0,0.0,1.0,1.0,0.0,0.0,0.0,0.0,0.0,Matches
7be7c08b,1.0,1.0,0.0,0.0,0.0,0.0,0.0,0.0,0.0,0.0,0.0,0.0,0.0,0.0,Matches
1b729a98,0.0,0.0,0.0,0.0,0.0,0.0,0.0,0.0,0.0,0.0,0.0,0.0,0.0,0.0,Matches
67f649be,1.0,1.0,0.0,0.0,0.0,0.0,0.0,0.0,0.0,0.0,0.0,0.0,0.0,0.0,Matches
8dbff17c,6.0,4.0,0.0,0.0,1.0,0.0,1.0,0.0,0.0,0.0,0.0,0.0,0.0,0.0,Matches
08511d65,14.0,11.0,0.0,0.0,2.0,1.0,0.0,1.0,1.0,0.0,0.0,0.0,0.0,0.0,Matches
ef619b0b,41.0,24.0,11.0,0.0,5.0,1.0,0.0,4.0,2.0,1.0,0.0,0.0,1.0,0.0,Matches
79a793b7,1.0,1.0,0.0,0.0,0.0,0.0,0.0,0.0,0.0,0.0,0.0,0.0,0.0,0.0,Matches
25749008,24.0,17.0,0.0,2.0,3.0,2.0,0.0,2.0,1.0,0.0,0.0,1.0,0.0,0.0,Matches
40ef7347,45.0,36.0,0.0,2.0,5.0,1.0,1.0,2.0,2.0,0.0,0.0,0.0,0.0,0.0,Matches
fb3236a7,21.0,19.0,0.0,1.0,1.0,0.0,0.0,1.0,1.0,0.0,0.0,0.0,0.0,0.0,Matches
d504b3e1,2.0,2.0,0.0,0.0,0.0,0.0,0.0,0.0,0.0,0.0,0.0,0.0,0.0,0.0,Matches
d504b3e1,20.0,16.0,1.0,1.0,1.0,0.0,1.0,2.0,2.0,0.0,0.0,0.0,0.0,0.0,Matches
102c9665,4.0,4.0,0.0,0.0,0.0,0.0,0.0,0.0,0.0,0.0,0.0,0.0,0.0,0.0,Matches
7f41ee30,1.0,1.0,0.0,0.0,0.0,0.0,0.0,0.0,0.0,0.0,0.0,0.0,0.0,0.0,Matches
beae3a73,34.0,23.0,0.0,2.0,5.0,4.0,0.0,7.0,2.0,0.0,1.0,2.0,2.0,0.0,Matches
8d62d31a,3.0,3.0,0.0,0.0,0.0,0.0,0.0,0.0,0.0,0.0,0.0,0.0,0.0,0.0,Matches
ed45c4a5,45.0,41.0,0.0,1.0,1.0,0.0,2.0,1.0,1.0,0.0,0.0,0.0,0.0,0.0,Matches
1a6b7ea4,23.0,22.0,0.0,0.0,0.0,1.0,0.0,1.0,1.0,0.0,0.0,0.0,0.0,0.0,Matches
9b545925,9.0,6.0,0.0,0.0,2.0,0.0,1.0,1.0,0.0,0.0,0.0,1.0,0.0,0.0,Matches
90a9cc01,0.0,0.0,0.0,0.0,0.0,0.0,0.0,0.0,0.0,0.0,0.0,0.0,0.0,0.0,Matches
c0c7ff58,19.0,17.0,0.0,1.0,1.0,0.0,0.0,2.0,2.0,0.0,0.0,0.0,0.0,0.0,Matches
8299e363,1.0,1.0,0.0,0.0,0.0,0.0,0.0,0.0,0.0,0.0,0.0,0.0,0.0,0.0,Matches
6388e356,20.0,18.0,1.0,1.0,0.0,0.0,0.0,2.0,2.0,0.0,0.0,0.0,0.0,0.0,Matches
90fcf472,20.0,10.0,0.0,7.0,3.0,0.0,0.0,3.0,0.0,0.0,2.0,1.0,0.0,0.0,Matches
93c942fb,7.0,6.0,1.0,0.0,0.0,0.0,0.0,1.0,1.0,0.0,0.0,0.0,0.0,0.0,Matches
c9151d66,64.0,50.0,8.0,1.0,3.0,2.0,0.0,3.0,3.0,0.0,0.0,0.0,0.0,0.0,Matches
87935cf3,3.0,1.0,0.0,0.0,1.0,0.0,1.0,0.0,0.0,0.0,0.0,0.0,0.0,0.0,Matches
cad3fd4d,3.0,3.0,0.0,0.0,0.0,0.0,0.0,0.0,0.0,0.0,0.0,0.0,0.0,0.0,Matches
bc7cc472,24.0,15.0,0.0,4.0,3.0,2.0,0.0,1.0,1.0,0.0,0.0,0.0,0.0,0.0,Matches
c3725db2,13.0,9.0,0.0,0.0,2.0,1.0,1.0,3.0,2.0,0.0,0.0,0.0,1.0,0.0,Matches
fb14aa28,46.0,28.0,0.0,8.0,5.0,4.0,1.0,7.0,3.0,0.0,2.0,0.0,2.0,0.0,Matches
60d90c55,1.0,1.0,0.0,0.0,0.0,0.0,0.0,0.0,0.0,0.0,0.0,0.0,0.0,0.0,Matches
032f894e,12.0,10.0,1.0,0.0,1.0,0.0,0.0,1.0,0.0,0.0,0.0,1.0,0.0,0.0,Matches
2c0f8e9e,72.0,54.0,1.0,3.0,7.0,6.0,1.0,5.0,3.0,0.0,0.0,1.0,1.0,0.0,Matches
6e7f1353,10.0,7.0,0.0,0.0,1.0,1.0,1.0,1.0,1.0,0.0,0.0,0.0,0.0,0.0,Matches
5e22e2a4,29.0,27.0,0.0,0.0,2.0,0.0,0.0,0.0,0.0,0.0,0.0,0.0,0.0,0.0,Matches
9744ff80,19.0,12.0,6.0,0.0,0.0,1.0,0.0,1.0,1.0,0.0,0.0,0.0,0.0,0.0,Matches
f527a32c,43.0,30.0,8.0,0.0,4.0,1.0,0.0,3.0,3.0,0.0,0.0,0.0,0.0,0.0,Matches
d5326924,2.0,1.0,0.0,0.0,0.0,1.0,0.0,0.0,0.0,0.0,0.0,0.0,0.0,0.0,Matches
4315f30d,3.0,3.0,0.0,0.0,0.0,0.0,0.0,0.0,0.0,0.0,0.0,0.0,0.0,0.0,Matches
6bde367b,88.0,46.0,26.0,7.0,0.0,9.0,0.0,5.0,2.0,2.0,0.0,0.0,1.0,0.0,Matches
53af52f3,10.0,7.0,3.0,0.0,0.0,0.0,0.0,1.0,0.0,1.0,0.0,0.0,0.0,0.0,Matches
cea59f02,19.0,12.0,0.0,1.0,1.0,4.0,1.0,0.0,0.0,0.0,0.0,0.0,0.0,0.0,Matches
834b5c4c,2.0,1.0,1.0,0.0,0.0,0.0,0.0,0.0,0.0,0.0,0.0,0.0,0.0,0.0,Matches
1d383c10,1.0,1.0,0.0,0.0,0.0,0.0,0.0,0.0,0.0,0.0,0.0,0.0,0.0,0.0,Matches
9c2b1f11,1.0,1.0,0.0,0.0,0.0,0.0,0.0,0.0,0.0,0.0,0.0,0.0,0.0,0.0,Matches
92ffb8f9,2.0,1.0,1.0,0.0,0.0,0.0,0.0,0.0,0.0,0.0,0.0,0.0,0.0,0.0,Matches
30af8b93,61.0,44.0,13.0,2.0,1.0,0.0,1.0,11.0,7.0,4.0,0.0,0.0,0.0,0.0,Matches
fdbde523,25.0,15.0,0.0,1.0,3.0,6.0,0.0,5.0,1.0,0.0,1.0,0.0,3.0,0.0,Matches
5f3eaaf5,58.0,39.0,9.0,5.0,4.0,1.0,0.0,2.0,2.0,0.0,0.0,0.0,0.0,0.0,Matches
5e5249c8,42.0,30.0,0.0,3.0,5.0,4.0,0.0,5.0,3.0,0.0,0.0,0.0,2.0,0.0,Matches
0f8418aa,13.0,10.0,0.0,0.0,2.0,1.0,0.0,1.0,1.0,0.0,0.0,0.0,0.0,0.0,Matches
2acd49b9,26.0,24.0,0.0,0.0,2.0,0.0,0.0,1.0,1.0,0.0,0.0,0.0,0.0,0.0,Matches
d7547531,3.0,3.0,0.0,0.0,0.0,0.0,0.0,1.0,1.0,0.0,0.0,0.0,0.0,0.0,Matches
ffec9769,23.0,22.0,0.0,0.0,1.0,0.0,0.0,3.0,3.0,0.0,0.0,0.0,0.0,0.0,Matches
2ccd89a3,5.0,2.0,0.0,0.0,0.0,1.0,2.0,1.0,0.0,0.0,0.0,0.0,0.0,1.0,Matches
fed17f5a,23.0,17.0,1.0,0.0,1.0,4.0,0.0,7.0,6.0,0.0,0.0,0.0,1.0,0.0,Matches
f19f32b1,0.0,0.0,0.0,0.0,0.0,0.0,0.0,0.0,0.0,0.0,0.0,0.0,0.0,0.0,Matches
7a42d0df,98.0,79.0,0.0,2.0,13.0,3.0,1.0,13.0,11.0,0.0,0.0,1.0,1.0,0.0,Matches
86a49468,3.0,2.0,0.0,1.0,0.0,0.0,0.0,1.0,0.0,0.0,1.0,0.0,0.0,0.0,Matches
4e0afc5d,5.0,5.0,0.0,0.0,0.0,0.0,0.0,0.0,0.0,0.0,0.0,0.0,0.0,0.0,Matches
a45a5d95,4.0,3.0,0.0,0.0,0.0,1.0,0.0,0.0,0.0,0.0,0.0,0.0,0.0,0.0,Matches
9bc9a519,5.0,3.0,0.0,2.0,0.0,0.0,0.0,0.0,0.0,0.0,0.0,0.0,0.0,0.0,Matches
a08985b8,37.0,34.0,0.0,1.0,0.0,2.0,0.0,5.0,3.0,0.0,1.0,0.0,1.0,0.0,Matches
8f7e6783,9.0,8.0,0.0,1.0,0.0,0.0,0.0,1.0,1.0,0.0,0.0,0.0,0.0,0.0,Matches
39b326ed,8.0,7.0,1.0,0.0,0.0,0.0,0.0,1.0,1.0,0.0,0.0,0.0,0.0,0.0,Matches
a62f8bf1,13.0,9.0,0.0,3.0,1.0,0.0,0.0,0.0,0.0,0.0,0.0,0.0,0.0,0.0,Matches
b99bec05,17.0,15.0,1.0,1.0,0.0,0.0,0.0,0.0,0.0,0.0,0.0,0.0,0.0,0.0,Matches
b99bec05,30.0,20.0,5.0,2.0,1.0,2.0,0.0,5.0,2.0,2.0,0.0,0.0,1.0,0.0,Matches
f0661424,48.0,38.0,4.0,0.0,3.0,2.0,1.0,5.0,4.0,1.0,0.0,0.0,0.0,0.0,Matches
95192fe4,2.0,2.0,0.0,0.0,0.0,0.0,0.0,0.0,0.0,0.0,0.0,0.0,0.0,0.0,Matches
a0f9b535,48.0,37.0,0.0,6.0,1.0,0.0,4.0,6.0,4.0,0.0,2.0,0.0,0.0,0.0,Matches
a4a44eb0,7.0,7.0,0.0,0.0,0.0,0.0,0.0,1.0,1.0,0.0,0.0,0.0,0.0,0.0,Matches
ed39121c,45.0,35.0,9.0,0.0,1.0,0.0,0.0,4.0,3.0,1.0,0.0,0.0,0.0,0.0,Matches
a65c844b,49.0,36.0,0.0,5.0,7.0,1.0,0.0,5.0,0.0,0.0,2.0,3.0,0.0,0.0,Matches
7f783431,20.0,17.0,0.0,1.0,0.0,1.0,1.0,2.0,2.0,0.0,0.0,0.0,0.0,0.0,Matches
5148dcc5,56.0,43.0,0.0,3.0,8.0,1.0,1.0,9.0,6.0,0.0,1.0,1.0,1.0,0.0,Matches
7120a04d,30.0,20.0,4.0,2.0,3.0,1.0,0.0,7.0,4.0,0.0,1.0,1.0,1.0,0.0,Matches
df8d6029,18.0,17.0,0.0,0.0,0.0,0.0,1.0,2.0,2.0,0.0,0.0,0.0,0.0,0.0,Matches
f4bc42b1,20.0,17.0,0.0,2.0,1.0,0.0,0.0,1.0,1.0,0.0,0.0,0.0,0.0,0.0,Matches
c76b7567,38.0,32.0,1.0,2.0,2.0,0.0,1.0,3.0,2.0,0.0,0.0,1.0,0.0,0.0,Matches
c76b7567,12.0,10.0,1.0,0.0,1.0,0.0,0.0,1.0,1.0,0.0,0.0,0.0,0.0,0.0,Matches
7d9397f8,48.0,33.0,0.0,6.0,6.0,2.0,1.0,7.0,5.0,0.0,1.0,1.0,0.0,0.0,Matches
ca6f4846,2.0,1.0,0.0,0.0,0.0,1.0,0.0,0.0,0.0,0.0,0.0,0.0,0.0,0.0,Matches
88f130ed,14.0,12.0,0.0,1.0,1.0,0.0,0.0,1.0,1.0,0.0,0.0,0.0,0.0,0.0,Matches
5ceba7fc,9.0,7.0,0.0,0.0,2.0,0.0,0.0,2.0,1.0,0.0,0.0,1.0,0.0,0.0,Matches
5ceba7fc,47.0,39.0,0.0,4.0,3.0,1.0,0.0,2.0,2.0,0.0,0.0,0.0,0.0,0.0,Matches
652d4c37,46.0,39.0,3.0,0.0,1.0,3.0,0.0,5.0,5.0,0.0,0.0,0.0,0.0,0.0,Matches
a4b798a9,22.0,18.0,1.0,0.0,0.0,1.0,2.0,1.0,1.0,0.0,0.0,0.0,0.0,0.0,Matches
01fd01e8,1.0,1.0,0.0,0.0,0.0,0.0,0.0,0.0,0.0,0.0,0.0,0.0,0.0,0.0,Matches
01fd01e8,8.0,7.0,0.0,0.0,1.0,0.0,0.0,0.0,0.0,0.0,0.0,0.0,0.0,0.0,Matches
4e47507a,1.0,1.0,0.0,0.0,0.0,0.0,0.0,0.0,0.0,0.0,0.0,0.0,0.0,0.0,Matches
de488e56,2.0,2.0,0.0,0.0,0.0,0.0,0.0,0.0,0.0,0.0,0.0,0.0,0.0,0.0,Matches
a4b1028a,40.0,36.0,0.0,0.0,3.0,0.0,1.0,7.0,7.0,0.0,0.0,0.0,0.0,0.0,Matches
5d0e0a1f,45.0,36.0,1.0,3.0,3.0,2.0,0.0,8.0,7.0,1.0,0.0,0.0,0.0,0.0,Matches
906baf89,1.0,1.0,0.0,0.0,0.0,0.0,0.0,0.0,0.0,0.0,0.0,0.0,0.0,0.0,Matches
8a53d24b,6.0,4.0,0.0,1.0,0.0,1.0,0.0,1.0,1.0,0.0,0.0,0.0,0.0,0.0,Matches
1df4a109,5.0,4.0,0.0,0.0,0.0,0.0,1.0,1.0,1.0,0.0,0.0,0.0,0.0,0.0,Matches
1880614f,60.0,37.0,13.0,3.0,5.0,1.0,1.0,6.0,4.0,1.0,0.0,1.0,0.0,0.0,Matches
d75f3980,4.0,4.0,0.0,0.0,0.0,0.0,0.0,1.0,1.0,0.0,0.0,0.0,0.0,0.0,Matches
531a4aa8,23.0,16.0,1.0,3.0,0.0,3.0,0.0,0.0,0.0,0.0,0.0,0.0,0.0,0.0,Matches
ee45fd85,32.0,28.0,2.0,1.0,0.0,0.0,1.0,5.0,5.0,0.0,0.0,0.0,0.0,0.0,Matches
4a56052c,53.0,35.0,8.0,2.0,4.0,0.0,4.0,7.0,2.0,2.0,1.0,1.0,0.0,1.0,Matches
1467af0d,37.0,36.0,0.0,1.0,0.0,0.0,0.0,7.0,7.0,0.0,0.0,0.0,0.0,0.0,Matches
d60cf08d,2.0,2.0,0.0,0.0,0.0,0.0,0.0,0.0,0.0,0.0,0.0,0.0,0.0,0.0,Matches
b2791a55,6.0,5.0,0.0,0.0,1.0,0.0,0.0,0.0,0.0,0.0,0.0,0.0,0.0,0.0,Matches
01becd60,8.0,4.0,0.0,0.0,3.0,1.0,0.0,1.0,0.0,0.0,0.0,1.0,0.0,0.0,Matches
75438a9a,2.0,2.0,0.0,0.0,0.0,0.0,0.0,1.0,1.0,0.0,0.0,0.0,0.0,0.0,Matches
74d4cec6,2.0,1.0,0.0,0.0,1.0,0.0,0.0,0.0,0.0,0.0,0.0,0.0,0.0,0.0,Matches
3b029691,38.0,34.0,0.0,0.0,1.0,2.0,1.0,7.0,6.0,0.0,0.0,0.0,1.0,0.0,Matches
64f69877,9.0,8.0,0.0,0.0,0.0,1.0,0.0,3.0,2.0,0.0,0.0,0.0,1.0,0.0,Matches
8eec784d,29.0,24.0,0.0,1.0,3.0,1.0,0.0,3.0,2.0,0.0,0.0,1.0,0.0,0.0,Matches
3ecc8c5f,15.0,11.0,0.0,1.0,3.0,0.0,0.0,2.0,0.0,0.0,0.0,2.0,0.0,0.0,Matches
b003239d,4.0,2.0,0.0,0.0,1.0,1.0,0.0,2.0,1.0,0.0,0.0,0.0,1.0,0.0,Matches
b003239d,0.0,0.0,0.0,0.0,0.0,0.0,0.0,0.0,0.0,0.0,0.0,0.0,0.0,0.0,Matches
f3600c02,8.0,6.0,1.0,0.0,0.0,1.0,0.0,1.0,0.0,0.0,0.0,0.0,1.0,0.0,Matches
f5c8b425,11.0,10.0,1.0,0.0,0.0,0.0,0.0,1.0,1.0,0.0,0.0,0.0,0.0,0.0,Matches
061266cd,5.0,5.0,0.0,0.0,0.0,0.0,0.0,0.0,0.0,0.0,0.0,0.0,0.0,0.0,Matches
6763f716,4.0,3.0,0.0,0.0,1.0,0.0,0.0,0.0,0.0,0.0,0.0,0.0,0.0,0.0,Matches
1a85bcdb,27.0,23.0,0.0,1.0,1.0,2.0,0.0,0.0,0.0,0.0,0.0,0.0,0.0,0.0,Matches
6b9960cf,3.0,2.0,0.0,0.0,1.0,0.0,0.0,1.0,1.0,0.0,0.0,0.0,0.0,0.0,Matches
72d4922b,4.0,4.0,0.0,0.0,0.0,0.0,0.0,0.0,0.0,0.0,0.0,0.0,0.0,0.0,Matches
0ff630d0,13.0,8.0,2.0,2.0,0.0,0.0,1.0,0.0,0.0,0.0,0.0,0.0,0.0,0.0,Matches
0ff630d0,7.0,6.0,0.0,0.0,0.0,1.0,0.0,0.0,0.0,0.0,0.0,0.0,0.0,0.0,Matches
c8c02ac7,4.0,2.0,1.0,0.0,0.0,1.0,0.0,0.0,0.0,0.0,0.0,0.0,0.0,0.0,Matches
095e4199,44.0,28.0,7.0,6.0,2.0,1.0,0.0,5.0,5.0,0.0,0.0,0.0,0.0,0.0,Matches
fb4c5b6e,0.0,0.0,0.0,0.0,0.0,0.0,0.0,0.0,0.0,0.0,0.0,0.0,0.0,0.0,Matches
34a88e3e,44.0,27.0,7.0,3.0,3.0,2.0,2.0,6.0,3.0,1.0,0.0,1.0,1.0,0.0,Matches
aefa3050,0.0,0.0,0.0,0.0,0.0,0.0,0.0,0.0,0.0,0.0,0.0,0.0,0.0,0.0,Matches
