id,MP,Min,90s,Starts,Compl,Subs,unSub,PPM,onG,onGA,+/-,On-Off,onxG,onxGA,xG+/-,On-Off.1,MinGK,MPGK,StartsGK,90sGK
00369a0f,0,0,0.0,0,0,0,1,0.0,0,0.0,0.0,0.0,0.0,0.0,0.0,0.0,0,0,0,0.0
0076ab7f,1,90,1.0,1,1,0,0,3.0,3,0.0,3.0,5.0,0.9,0.9,0.0,1.01,0,0,0,0.0
00844823,1,90,1.0,1,1,0,0,2.0,0,2.0,-2.0,-0.8,0.6,1.8,-1.2,-0.32,0,0,0,0.0
00899db5,0,0,0.0,0,0,0,3,3.0,0,0.0,0.0,0.0,0.0,0.0,0.0,0.0,0,0,0,0.0
009a4f60,6,455,5.1,5,4,1,0,2.0,4,1.0,3.0,0.25,5.9,2.3,3.6,0.68,0,0,0,0.0
00b86f5e,6,540,6.0,6,6,0,0,1.33,7,10.0,-3.0,0.0,4.6,8.9,-4.2,0.0,540,6,6,6.0
00c9a283,5,360,4.0,4,2,1,1,1.11,1,8.0,-7.0,-1.25,1.8,6.1,-4.2,-0.24,0,0,0,0.0
00d4e7b3,0,0,0.0,0,0,0,5,0.0,0,0.0,0.0,0.0,0.0,0.0,0.0,0.0,0,0,0,0.0
00f0482f,0,0,0.0,0,0,0,1,0.0,0,0.0,0.0,0.0,0.0,0.0,0.0,0.0,0,0,0,0.0
01b8a2b2,2,180,2.0,2,2,0,0,2.0,4,1.0,3.0,0.0,4.2,1.1,3.2,0.0,180,2,2,2.0
02b952ce,2,135,1.5,1,1,1,1,0.33,1,5.0,-4.0,-1.11,0.6,3.6,-3.0,-0.64,0,0,0,0.0
02caf6e0,3,134,1.5,2,0,1,1,0.67,1,0.0,1.0,1.34,2.5,1.2,1.4,1.27,0,0,0,0.0
031ebd52,2,32,0.4,0,0,2,4,1.67,0,1.0,-1.0,-1.04,0.2,1.5,-1.3,-2.43,0,0,0,0.0
0362c29e,5,450,5.0,5,5,0,0,1.43,6,8.0,-2.0,-1.4,4.2,7.2,-3.0,-0.92,0,0,0,0.0
038bbb55,0,0,0.0,0,0,0,3,0.0,0,0.0,0.0,0.0,0.0,0.0,0.0,0.0,0,0,0,0.0
03998238,2,55,0.6,0,0,2,0,2.0,1,1.0,0.0,0.0,0.3,1.1,-0.9,-2.55,0,0,0,0.0
03b6afa9,5,362,4.0,4,3,1,1,2.25,9,5.0,4.0,-0.02,7.3,4.0,3.3,-0.18,0,0,0,0.0
03e7a498,1,74,0.8,1,0,0,5,0.0,0,2.0,-2.0,-1.85,0.7,1.6,-0.9,-0.41,0,0,0,0.0
0412b9cd,4,106,1.2,1,0,3,1,0.75,0,3.0,-3.0,-1.93,0.5,2.2,-1.7,-0.49,0,0,0,0.0
04914da4,0,0,0.0,0,0,0,6,0.0,0,0.0,0.0,0.0,0.0,0.0,0.0,0.0,0,0,0,0.0
04964f4f,2,68,0.8,0,0,2,3,1.0,2,0.0,2.0,3.22,0.8,0.5,0.4,1.1,0,0,0,0.0
049751d7,5,215,2.4,2,0,3,0,1.8,1,0.0,1.0,-0.12,2.6,1.2,1.4,0.16,0,0,0,0.0
04e17fd5,2,128,1.4,2,0,0,0,1.5,3,0.0,3.0,5.57,1.3,1.1,0.2,2.19,0,0,0,0.0
04e531b6,0,0,0.0,0,0,0,2,0.0,0,0.0,0.0,0.0,0.0,0.0,0.0,0.0,0,0,0,0.0
04eb7d82,0,0,0.0,0,0,0,1,0.0,0,0.0,0.0,0.0,0.0,0.0,0.0,0.0,0,0,0,0.0
04f661ea,1,45,0.5,0,0,1,2,0.0,0,2.0,-2.0,-2.73,0.1,0.8,-0.6,-0.73,0,0,0,0.0
056d2d95,7,456,5.1,5,4,2,0,2.14,4,2.0,2.0,-0.29,5.7,2.5,3.3,0.49,0,0,0,0.0
05e19d6a,2,156,1.7,2,1,0,0,0.5,2,4.0,-2.0,-4.9,2.0,3.1,-1.1,-1.71,0,0,0,0.0
0670ee51,2,180,2.0,2,2,0,0,1.5,1,2.0,-1.0,0.0,2.1,3.0,-0.9,0.0,0,0,0,0.0
0683f364,5,441,4.9,5,4,0,0,1.4,2,8.0,-6.0,-1.22,4.9,4.6,0.4,0.86,0,0,0,0.0
068f4dec,5,138,1.5,1,1,4,1,3.0,4,0.0,4.0,1.71,2.7,0.6,2.1,0.55,0,0,0,0.0
06df8256,5,450,5.0,5,5,0,0,2.0,9,4.0,5.0,2.2,8.6,3.6,5.0,1.35,0,0,0,0.0
06e5b0e4,2,180,2.0,2,2,0,0,1.67,2,5.0,-3.0,-0.25,0.9,2.9,-1.9,0.01,0,0,0,0.0
072d24ca,0,0,0.0,0,0,0,6,0.0,0,0.0,0.0,0.0,0.0,0.0,0.0,0.0,0,0,0,0.0
072e68ed,6,540,6.0,6,6,0,0,2.33,13,7.0,6.0,0.0,10.6,5.4,5.2,0.0,540,6,6,6.0
072f0bf6,0,0,0.0,0,0,0,8,0.0,0,0.0,0.0,0.0,0.0,0.0,0.0,0.0,0,0,0,0.0
07af2284,0,0,0.0,0,0,0,1,0.0,0,0.0,0.0,0.0,0.0,0.0,0.0,0.0,0,0,0,0.0
0810b6df,0,0,0.0,0,0,0,2,0.0,0,0.0,0.0,0.0,0.0,0.0,0.0,0.0,0,0,0,0.0
08452314,5,295,3.3,3,0,2,1,1.0,9,5.0,4.0,1.22,6.8,3.0,3.8,1.49,0,0,0,0.0
086d7db3,3,23,0.3,0,0,3,3,0.75,0,0.0,0.0,1.91,0.4,0.5,-0.1,-0.12,0,0,0,0.0
0880e10b,2,180,2.0,2,2,0,2,0.5,3,4.0,-1.0,0.75,0.9,2.2,-1.3,-0.12,180,2,2,2.0
088ca1bd,0,0,0.0,0,0,0,2,0.0,0,0.0,0.0,0.0,0.0,0.0,0.0,0.0,0,0,0,0.0
089c7323,2,76,0.8,1,0,1,4,1.5,2,0.0,2.0,1.98,2.0,1.1,0.9,0.69,0,0,0,0.0
08eb3b58,4,245,2.7,3,2,1,2,2.5,5,2.0,3.0,0.72,6.0,1.4,4.6,0.76,0,0,0,0.0
0940a7e0,0,0,0.0,0,0,0,5,0.0,0,0.0,0.0,0.0,0.0,0.0,0.0,0.0,0,0,0,0.0
0959184b,6,317,3.5,4,1,2,0,0.67,3,6.0,-3.0,-0.04,3.3,6.3,-3.0,-0.16,0,0,0,0.0
095ec83c,6,159,1.8,1,0,5,0,1.1,0,3.0,-3.0,0.19,1.2,4.9,-3.7,-0.84,0,0,0,0.0
0a084b35,2,179,2.0,2,1,0,0,2.0,3,1.0,2.0,0.67,2.4,2.1,0.4,-0.37,0,0,0,0.0
0ab1f153,2,45,0.5,0,0,2,0,2.0,1,0.0,1.0,0.67,1.3,0.3,1.1,0.81,0,0,0,0.0
0afff3b7,5,376,4.2,5,1,0,0,1.56,6,5.0,1.0,2.43,3.4,4.5,-1.1,1.47,0,0,0,0.0
0b243559,3,41,0.5,0,0,3,2,1.33,2,0.0,2.0,4.66,1.5,0.7,0.8,2.68,0,0,0,0.0
0b4f388a,8,294,3.3,3,0,5,0,1.63,7,6.0,1.0,0.31,6.0,2.8,3.2,0.96,0,0,0,0.0
0ba976e4,2,40,0.4,0,0,2,0,0.5,1,0.0,1.0,3.54,0.4,0.2,0.2,1.19,0,0,0,0.0
0be3255b,0,0,0.0,0,0,0,2,0.0,0,0.0,0.0,0.0,0.0,0.0,0.0,0.0,0,0,0,0.0
0bfca6a1,4,360,4.0,4,4,0,2,1.5,4,8.0,-4.0,0.0,4.8,5.7,-0.9,0.79,0,0,0,0.0
0c09c984,5,350,3.9,5,2,0,0,0.0,2,7.0,-5.0,0.14,1.6,4.6,-3.0,0.6,0,0,0,0.0
0c3f7197,4,152,1.7,1,0,3,2,2.14,4,0.0,4.0,1.9,2.9,0.8,2.1,0.54,0,0,0,0.0
0c7a48f8,2,210,2.3,2,2,0,0,1.5,5,5.0,0.0,0.0,3.8,2.4,1.4,0.7,0,0,0,0.0
0caa2fd4,4,245,2.7,2,2,2,4,3.0,5,2.0,3.0,-0.22,4.2,2.3,1.9,0.94,0,0,0,0.0
0d82903c,2,180,2.0,2,2,0,0,2.0,4,1.0,3.0,0.0,4.2,1.1,3.2,0.0,0,0,0,0.0
0d9b2d31,1,40,0.4,1,0,0,0,1.0,0,0.0,0.0,0.64,0.5,1.1,-0.5,-0.94,0,0,0,0.0
0da5076f,6,376,4.2,3,2,3,0,0.67,3,7.0,-4.0,-0.41,3.6,7.3,-3.7,-0.31,0,0,0,0.0
0e46fa2f,4,141,1.6,2,0,2,2,2.0,3,2.0,1.0,0.34,2.1,2.2,-0.1,-0.72,0,0,0,0.0
0e7ccfc4,6,358,4.0,4,3,2,2,1.17,3,8.0,-5.0,-0.51,4.9,6.8,-1.9,0.28,0,0,0,0.0
0eb83e1a,6,392,4.4,5,0,1,0,0.75,2,8.0,-6.0,0.45,2.7,9.3,-6.6,-0.17,0,0,0,0.0
0ed60738,6,540,6.0,6,6,0,0,2.17,11,7.0,4.0,0.0,6.7,5.0,1.6,0.0,0,0,0,0.0
0f6e3474,6,540,6.0,6,6,0,0,1.13,5,16.0,-11.0,0.0,7.0,10.0,-3.0,0.0,0,0,0,0.0
0f816ae5,2,19,0.2,0,0,2,4,0.0,1,0.0,1.0,5.77,0.8,0.3,0.5,3.13,0,0,0,0.0
10072610,5,450,5.0,5,5,0,1,2.6,9,4.0,5.0,-2.0,5.1,4.8,0.3,-2.15,450,5,5,5.0
10161491,6,540,6.0,6,6,0,0,1.1,2,13.0,-11.0,0.0,4.1,13.0,-8.9,0.0,540,6,6,6.0
10549b49,1,6,0.1,0,0,1,1,3.0,0,0.0,0.0,0.0,0.0,0.1,-0.1,0.0,0,0,0,0.0
108fe016,3,142,1.6,2,0,1,3,1.0,1,3.0,-2.0,-1.27,1.8,1.5,0.4,0.36,0,0,0,0.0
10f1cd17,5,296,3.3,3,3,2,0,0.56,2,7.0,-5.0,-0.04,3.7,5.5,-1.8,0.17,0,0,0,0.0
110338ae,0,0,0.0,0,0,0,7,0.0,0,0.0,0.0,0.0,0.0,0.0,0.0,0.0,0,0,0,0.0
114bbdee,1,16,0.2,1,0,0,0,3.0,0,0.0,0.0,-0.55,0.0,0.1,-0.1,-0.04,0,0,0,0.0
11c0fa9d,5,252,2.8,3,1,2,0,0.2,2,5.0,-3.0,-0.13,1.9,4.0,-2.1,-0.3,0,0,0,0.0
12dcbdcc,2,109,1.2,2,0,0,0,2.0,1,0.0,1.0,-2.98,3.3,0.0,3.2,1.81,0,0,0,0.0
13203c45,2,178,2.0,2,0,0,0,2.0,3,1.0,2.0,0.68,2.4,2.1,0.3,-0.38,0,0,0,0.0
136958ad,1,9,0.1,0,0,1,1,1.0,1,0.0,1.0,10.45,0.1,0.0,0.0,0.0,0,0,0,0.0
13c8e5f6,4,243,2.7,3,0,1,2,1.4,2,5.0,-3.0,-1.72,2.2,3.5,-1.2,-0.18,0,0,0,0.0
13ea2544,6,220,2.4,2,0,4,2,1.67,5,4.0,1.0,-0.31,5.4,1.6,3.8,0.53,0,0,0,0.0
13fe7b69,5,27,0.3,0,0,5,3,1.8,0,0.0,0.0,-0.52,0.2,0.3,-0.1,-0.73,0,0,0,0.0
1443ca7d,2,101,1.1,1,1,1,4,0.0,0,6.0,-6.0,-5.35,0.4,1.4,-1.0,-1.01,0,0,0,0.0
144b35b6,0,0,0.0,0,0,0,3,0.0,0,0.0,0.0,0.0,0.0,0.0,0.0,0.0,0,0,0,0.0
1469d291,1,15,0.2,0,0,1,5,3.0,0,0.0,0.0,-0.34,0.0,0.2,-0.2,-0.72,0,0,0,0.0
149895bf,4,131,1.5,2,0,2,1,0.6,1,0.0,1.0,2.89,3.1,0.9,2.2,2.82,0,0,0,0.0
14a04bea,6,304,3.4,3,1,3,0,1.33,6,4.0,2.0,-0.17,4.1,3.4,0.7,-0.69,0,0,0,0.0
14b8fcdf,0,0,0.0,0,0,0,2,0.0,0,0.0,0.0,0.0,0.0,0.0,0.0,0.0,0,0,0,0.0
15317e60,1,45,0.5,0,0,1,0,1.5,0,1.0,-1.0,-1.64,0.0,0.0,0.0,0.0,0,0,0,0.0
1581e8db,6,521,5.8,6,5,0,0,1.0,4,9.0,-5.0,3.87,3.8,8.8,-5.0,7.62,0,0,0,0.0
15944afd,3,77,0.9,0,0,3,5,2.0,4,0.0,4.0,5.08,1.2,0.7,0.4,0.42,0,0,0,0.0
15d0c248,4,296,3.3,3,2,1,0,2.5,7,3.0,4.0,-0.26,3.5,3.4,0.1,-0.88,0,0,0,0.0
15f3ec41,1,3,0.0,0,0,1,1,0.0,0,1.0,-1.0,-30.43,0.3,0.1,0.2,6.92,0,0,0,0.0
15fd5593,2,79,0.9,1,0,1,0,0.5,1,3.0,-2.0,-2.28,1.6,1.2,0.4,1.27,0,0,0,0.0
1612a1dc,0,0,0.0,0,0,0,1,0.0,0,0.0,0.0,0.0,0.0,0.0,0.0,0.0,0,0,0,0.0
16322a52,6,423,4.7,5,0,1,0,0.67,4,8.0,-4.0,-0.08,3.6,8.6,-5.0,-1.28,0,0,0,0.0
16657b95,8,614,6.8,7,3,1,0,1.63,11,5.0,6.0,1.73,12.1,4.6,7.5,-0.52,0,0,0,0.0
16839b27,3,129,1.4,1,0,2,2,1.5,1,4.0,-3.0,-0.34,1.3,2.4,-1.1,-0.36,0,0,0,0.0
16aa3654,5,271,3.0,3,1,2,0,3.0,7,1.0,6.0,1.32,5.6,1.3,4.3,1.02,0,0,0,0.0
16e9d0ea,4,72,0.8,0,0,4,2,2.5,2,0.0,2.0,1.35,0.4,0.7,-0.3,-0.88,0,0,0,0.0
16ea3bb1,5,300,3.3,3,3,2,1,0.86,2,7.0,-5.0,0.0,1.5,8.4,-6.9,-1.37,0,0,0,0.0
1707d9c6,1,24,0.3,0,0,1,0,3.0,1,0.0,1.0,2.53,1.2,0.1,1.1,3.78,0,0,0,0.0
17370b95,1,90,1.0,1,1,0,1,0.0,0,2.0,-2.0,-3.0,1.3,1.7,-0.4,0.13,0,0,0,0.0
173eb3cd,6,366,4.1,4,2,2,0,1.63,7,6.0,1.0,1.28,5.1,5.8,-0.8,0.81,0,0,0,0.0
1774c547,1,19,0.2,0,0,1,3,3.0,0,0.0,0.0,0.35,0.2,0.1,0.1,0.63,0,0,0,0.0
17e3e467,1,66,0.7,1,0,0,0,0.0,1,1.0,0.0,1.14,0.4,0.9,-0.6,-0.18,0,0,0,0.0
184ad240,2,128,1.4,2,0,0,0,2.0,2,0.0,2.0,-2.06,3.3,0.4,3.0,0.47,0,0,0,0.0
184ea16a,1,9,0.1,0,0,1,3,1.5,0,1.0,-1.0,-8.81,0.0,0.8,-0.8,-7.2,0,0,0,0.0
185a2732,4,97,1.1,0,0,4,2,2.5,1,0.0,1.0,0.32,1.8,1.5,0.3,-0.04,0,0,0,0.0
18dd3219,0,0,0.0,0,0,0,2,0.0,0,0.0,0.0,0.0,0.0,0.0,0.0,0.0,0,0,0,0.0
18fae4ac,8,615,6.8,8,4,0,0,2.0,15,6.0,9.0,0.46,8.8,8.1,0.7,0.13,0,0,0,0.0
1971591f,5,368,4.1,5,2,0,1,2.0,11,2.0,9.0,1.95,5.0,6.3,-1.3,-0.84,0,0,0,0.0
19cae58d,1,90,1.0,1,1,0,0,1.0,2,2.0,0.0,1.0,1.2,2.1,-0.8,-0.79,0,0,0,0.0
19cda00b,2,153,1.7,2,0,0,0,2.0,4,1.0,3.0,1.76,3.9,0.8,3.1,1.73,0,0,0,0.0
1a799243,2,180,2.0,2,2,0,0,1.5,1,2.0,-1.0,0.0,2.1,3.0,-0.9,0.0,0,0,0,0.0
1a7fcf39,6,317,3.5,3,1,3,0,2.5,8,2.0,6.0,1.7,6.0,2.4,3.6,0.37,0,0,0,0.0
1ac58ba6,3,250,2.8,3,2,0,1,1.71,2,9.0,-7.0,-1.28,3.0,5.6,-2.6,-0.8,0,0,0,0.0
1adcf39e,2,210,2.3,2,2,0,0,2.0,3,3.0,0.0,0.0,2.4,4.1,-1.7,-0.86,0,0,0,0.0
1b4f1169,6,475,5.3,6,3,0,0,2.5,7,2.0,5.0,0.95,11.0,3.9,7.1,0.16,0,0,0,0.0
1bacc518,2,180,2.0,2,2,0,0,0.5,3,4.0,-1.0,0.0,2.4,3.3,-0.9,0.0,0,0,0,0.0
1bd5735a,4,63,0.7,0,0,4,2,0.0,0,1.0,-1.0,-0.49,0.2,0.6,-0.4,0.01,0,0,0,0.0
1c07b06e,5,368,4.1,5,2,0,1,0.43,1,6.0,-5.0,0.87,2.4,4.3,-1.9,0.52,0,0,0,0.0
1c341b14,2,46,0.5,0,0,2,4,1.5,1,1.0,0.0,1.09,0.5,0.8,-0.3,-0.57,0,0,0,0.0
1c59240b,5,392,4.4,5,2,0,0,0.4,2,7.0,-5.0,1.28,4.1,6.2,-2.1,0.53,0,0,0,0.0
1cb49278,2,114,1.3,1,1,1,0,0.5,2,2.0,0.0,1.36,1.6,1.4,0.2,1.7,0,0,0,0.0
1d2c3e5e,5,348,3.9,5,1,0,0,2.0,9,7.0,2.0,-0.42,3.9,3.1,0.8,-0.18,0,0,0,0.0
1d2d5cc8,7,621,6.9,7,6,0,1,1.71,13,8.0,5.0,2.12,11.4,6.6,4.8,1.07,621,7,7,6.9
1d438d6c,1,17,0.2,0,0,1,1,2.0,0,0.0,0.0,1.89,0.0,0.5,-0.5,-1.26,0,0,0,0.0
1da13ab9,4,257,2.9,3,1,1,1,1.4,2,3.0,-1.0,-0.35,3.0,3.9,-0.9,0.28,0,0,0,0.0
1df4a109,7,501,5.6,5,3,2,0,1.43,10,9.0,1.0,-0.54,9.0,5.4,3.6,0.48,0,0,0,0.0
1e064bfb,2,180,2.0,2,2,0,1,0.0,1,3.0,-2.0,0.0,1.6,2.0,-0.4,0.56,180,2,2,2.0
1e1378e1,2,126,1.4,1,0,1,0,1.5,0,0.0,0.0,1.67,1.4,1.5,0.0,1.42,0,0,0,0.0
1e274a0a,4,124,1.4,1,0,3,1,1.75,2,0.0,2.0,1.15,1.9,0.2,1.7,0.96,0,0,0,0.0
1e8dbb59,2,36,0.4,0,0,2,4,1.5,1,1.0,0.0,0.36,0.4,0.4,0.0,-0.08,0,0,0,0.0
1e93fc5d,0,0,0.0,0,0,0,3,0.0,0,0.0,0.0,0.0,0.0,0.0,0.0,0.0,0,0,0,0.0
1f2c7b55,0,0,0.0,0,0,0,1,0.0,0,0.0,0.0,0.0,0.0,0.0,0.0,0.0,0,0,0,0.0
1f3afdcb,1,23,0.3,0,0,1,1,0.0,0,2.0,-2.0,-8.79,0.4,0.3,0.1,-0.23,0,0,0,0.0
1f994616,0,0,0.0,0,0,0,2,0.0,0,0.0,0.0,0.0,0.0,0.0,0.0,0.0,0,0,0,0.0
1fbbfbde,2,180,2.0,2,2,0,0,2.0,5,1.0,4.0,0.0,4.5,0.6,3.9,0.0,0,0,0,0.0
200e89e1,1,13,0.1,0,0,1,0,3.0,0,0.0,0.0,-1.37,0.0,0.1,-0.1,-1.75,0,0,0,0.0
20e73fac,7,511,5.7,6,2,1,0,1.71,10,6.0,4.0,1.08,8.0,5.9,2.1,-0.43,0,0,0,0.0
211589b8,4,184,2.0,2,0,2,2,3.0,5,0.0,5.0,1.69,3.4,0.2,3.3,1.02,0,0,0,0.0
2116f524,1,7,0.1,0,0,1,5,3.0,1,0.0,1.0,14.88,0.4,0.0,0.4,6.25,0,0,0,0.0
218e344d,6,300,3.3,3,2,3,0,1.0,1,6.0,-5.0,-1.13,1.4,6.5,-5.1,-1.18,0,0,0,0.0
22364711,0,0,0.0,0,0,0,1,0.0,0,0.0,0.0,0.0,0.0,0.0,0.0,0.0,0,0,0,0.0
2249e65b,4,156,1.7,2,0,2,2,1.0,1,5.0,-4.0,-0.67,1.6,3.9,-2.4,-1.21,0,0,0,0.0
22768e08,0,0,0.0,0,0,0,1,0.0,0,0.0,0.0,0.0,0.0,0.0,0.0,0.0,0,0,0,0.0
22798128,7,505,5.6,6,4,1,0,3.43,5,7.0,-2.0,-1.6,4.0,7.8,-3.6999999999999997,-2.05,0,0,0,0.0
228b0d9d,1,90,1.0,1,1,0,3,3.0,1,0.0,1.0,-0.4,1.1,0.8,0.2,-0.86,0,0,0,0.0
232b3da4,5,282,3.1,4,1,1,1,1.2,7,5.0,2.0,2.03,5.1,4.1,1.1,0.67,0,0,0,0.0
235a646b,6,312,3.5,4,1,2,0,1.33,3,2.0,1.0,-0.9,3.7,2.8,0.9,-0.54,0,0,0,0.0
23c63b7f,6,283,3.1,3,0,3,0,1.5,2,4.0,-2.0,0.6,3.2,4.1,-0.9,0.57,0,0,0,0.0
242e1043,4,360,4.0,4,4,0,0,1.25,5,5.0,0.0,-2.0,5.0,3.2,1.8,-0.07,0,0,0,0.0
244a31b9,6,540,6.0,6,6,0,0,1.38,8,9.0,-1.0,0.0,6.2,8.3,-2.1,0.0,0,0,0,0.0
2475dcc6,2,180,2.0,2,2,0,0,0.5,1,3.0,-2.0,0.0,2.1,2.6,-0.5,0.0,0,0,0,0.0
24baba9d,6,533,5.9,6,3,0,0,1.33,8,4.0,4.0,0.68,8.7,5.6,3.1,1.29,0,0,0,0.0
25146df0,1,90,1.0,1,1,0,0,3.0,1,0.0,1.0,3.0,0.8,1.3,-0.5,-0.13,0,0,0,0.0
254b831b,2,180,2.0,2,2,0,4,0.0,1,4.0,-3.0,-0.25,1.5,3.3,-1.7,0.17,0,0,0,0.0
25ab9c9c,0,0,0.0,0,0,0,1,0.0,0,0.0,0.0,0.0,0.0,0.0,0.0,0.0,0,0,0,0.0
2745b2d6,0,0,0.0,0,0,0,5,0.0,0,0.0,0.0,0.0,0.0,0.0,0.0,0.0,0,0,0,0.0
27504df8,6,375,4.2,5,0,1,0,2.33,7,6.0,1.0,-2.49,5.6,4.6,1.0,-2.1,0,0,0,0.0
2770726a,4,224,2.5,3,0,1,0,2.5,5,1.0,4.0,-0.1,3.4,3.2,0.2,-0.6,0,0,0,0.0
277da414,6,540,6.0,6,6,0,0,1.33,9,11.0,-2.0,0.0,8.5,8.7,-0.2,0.0,540,6,6,6.0
2794a536,1,37,0.4,0,0,1,4,0.0,0,1.0,-1.0,-0.64,0.1,1.7,-1.6,-2.69,0,0,0,0.0
283699b4,0,0,0.0,0,0,0,6,0.0,0,0.0,0.0,0.0,0.0,0.0,0.0,0.0,0,0,0,0.0
28c6e925,2,163,1.8,2,1,0,0,1.5,1,2.0,-1.0,-0.55,2.0,2.9,-0.9,-0.47,0,0,0,0.0
2973d8ff,6,289,3.2,3,0,3,0,2.33,9,2.0,7.0,2.54,6.7,2.9,3.9,0.71,0,0,0,0.0
29b61deb,6,291,3.2,3,2,3,0,0.83,5,6.0,-1.0,0.41,2.1,5.2,-3.1,-0.55,0,0,0,0.0
29e298a8,6,265,2.9,2,2,4,2,0.83,8,6.0,2.0,1.07,4.2,4.2,-0.1,1.15,0,0,0,0.0
2a0c8ba4,2,180,2.0,2,2,0,0,1.5,3,2.0,1.0,0.0,1.6,2.6,-1.0,0.0,0,0,0,0.0
2a29eb9b,5,247,2.7,2,2,3,1,2.2,5,2.0,3.0,-1.06,3.8,5.0,-1.2,-1.58,0,0,0,0.0
2a4f46ab,0,0,0.0,0,0,0,3,0.0,0,0.0,0.0,0.0,0.0,0.0,0.0,0.0,0,0,0,0.0
2a70dcc9,1,90,1.0,1,1,0,3,0.0,0,2.0,-2.0,-0.6,0.7,1.1,-0.4,0.33,0,0,0,0.0
2ab7149e,1,90,1.0,1,1,0,5,3.0,2,0.0,2.0,2.0,1.8,0.6,1.2,1.29,0,0,0,0.0
2acd49b9,8,428,4.8,5,2,3,0,1.25,5,7.0,-2.0,1.43,4.3,6.3,-2.0,0.5,0,0,0,0.0
2b0852db,1,45,0.5,1,0,0,1,0.0,0,2.0,-2.0,-4.67,0.5,1.5,-1.0,-2.14,0,0,0,0.0
2b1c4abd,5,303,3.4,4,0,1,0,1.6,1,4.0,-3.0,0.25,2.5,4.3,-1.8,-1.03,0,0,0,0.0
2b53f7a5,6,536,6.0,6,5,0,0,1.14,7,9.0,-2.0,-22.84,5.8,8.3,-2.5,-7.94,0,0,0,0.0
2bc17985,6,388,4.3,4,1,2,0,0.86,3,7.0,-4.0,3.22,4.5,6.9,-2.4,-0.23,0,0,0,0.0
2bed3eab,0,0,0.0,0,0,0,2,0.0,0,0.0,0.0,0.0,0.0,0.0,0.0,0.0,0,0,0,0.0
2bef2bca,2,171,1.9,2,1,0,0,0.5,3,4.0,-1.0,-0.53,2.4,3.3,-0.9,-0.45,0,0,0,0.0
2bf50b37,1,17,0.2,0,0,1,1,0.0,0,0.0,0.0,0.55,0.1,0.1,0.0,0.47,0,0,0,0.0
2c5f04ba,3,37,0.4,0,0,3,1,1.33,2,0.0,2.0,6.3,0.7,0.0,0.7,1.92,0,0,0,0.0
2ca35213,3,193,2.1,3,2,0,0,1.5,0,4.0,-4.0,-0.05,1.0,4.1,-3.2,0.03,0,0,0,0.0
2cb77ec6,5,416,4.6,4,3,1,1,2.17,7,8.0,-1.0,-0.22,5.3,7.6,-2.3,-0.17,0,0,0,0.0
2d3d7c0d,0,0,0.0,0,0,0,1,0.0,0,0.0,0.0,0.0,0.0,0.0,0.0,0.0,0,0,0,0.0
2dc925d5,2,70,0.8,1,0,1,0,0.5,0,1.0,-1.0,-1.42,0.1,1.6,-1.5,-1.32,0,0,0,0.0
2edbd8d5,1,90,1.0,1,1,0,4,0.67,0,3.0,-3.0,-2.4,0.2,2.2,-2.1,-1.28,90,1,1,1.0
2ef08833,0,0,0.0,0,0,0,2,0.0,0,0.0,0.0,0.0,0.0,0.0,0.0,0.0,0,0,0,0.0
2f18d0b8,0,0,0.0,0,0,0,6,0.0,0,0.0,0.0,0.0,0.0,0.0,0.0,0.0,0,0,0,0.0
2f3452eb,6,540,6.0,6,6,0,0,1.33,9,11.0,-2.0,0.0,8.5,8.7,-0.2,0.0,0,0,0,0.0
2f72f79e,4,350,3.9,4,2,0,0,0.67,2,6.0,-4.0,0.87,1.7,4.9,-3.3,0.39,0,0,0,0.0
2f88752d,5,273,3.0,3,1,2,1,1.67,3,6.0,-3.0,1.71,4.0,4.0,0.0,1.0,0,0,0,0.0
2fba6108,2,80,0.9,1,0,1,6,1.5,0,1.0,-1.0,-2.39,0.7,1.1,-0.4,-1.99,0,0,0,0.0
2ff76adc,7,541,6.0,6,6,1,1,1.86,15,3.0,12.0,3.0,7.8,7.7,0.1,-0.27,0,0,0,0.0
2ffa6348,6,344,3.8,5,2,1,2,1.67,10,2.0,8.0,1.61,5.0,5.1,-0.1,-0.19,0,0,0,0.0
3010aefb,5,122,1.4,1,0,4,3,1.4,3,3.0,0.0,1.2,1.8,1.8,0.0,0.79,0,0,0,0.0
302527b2,5,436,4.8,5,4,0,1,2.6,11,2.0,9.0,0.99,7.9,5.9,1.9,-0.14,0,0,0,0.0
30670b0e,0,0,0.0,0,0,0,2,0.0,0,0.0,0.0,0.0,0.0,0.0,0.0,0.0,0,0,0,0.0
3098c0df,4,187,2.1,3,0,1,2,1.0,1,5.0,-4.0,-0.65,1.2,4.1,-2.9,0.11,0,0,0,0.0
30a55c70,0,0,0.0,0,0,0,1,0.0,0,0.0,0.0,0.0,0.0,0.0,0.0,0.0,0,0,0,0.0
30ae134d,8,281,3.1,3,0,5,0,2.0,5,2.0,3.0,0.76,4.4,2.7,1.6,0.09,0,0,0,0.0
30af8b93,8,742,8.2,8,7,0,0,1.63,14,13.0,1.0,0.12,11.9,8.2,3.6,0.04,0,0,0,0.0
30e03a25,6,540,6.0,6,6,0,0,1.0,4,10.0,-6.0,0.0,3.8,9.9,-6.1,0.0,0,0,0,0.0
30fab1ee,3,55,0.6,0,0,3,0,1.0,1,0.0,1.0,2.19,0.5,0.4,0.1,0.14,0,0,0,0.0
31139973,1,90,1.0,1,1,0,5,0.0,2,3.0,-1.0,-1.6,1.5,2.1,-0.6,-0.21,90,1,1,1.0
313254a3,5,361,4.0,4,3,1,1,2.2,9,2.0,7.0,0.24,6.5,3.9,2.6,0.65,0,0,0,0.0
31a62dc7,3,115,1.3,2,0,1,3,0.0,0,1.0,-1.0,-1.68,1.3,0.6,0.7,-0.77,0,0,0,0.0
31b7d437,2,69,0.8,0,0,2,0,0.5,1,4.0,-3.0,-4.33,0.6,1.3,-0.7,-0.13,0,0,0,0.0
31f5b89b,5,356,4.0,5,2,0,1,2.6,7,2.0,5.0,-0.2,5.6,2.9,2.6,0.73,0,0,0,0.0
3260690c,1,17,0.2,0,0,1,1,0.0,0,0.0,0.0,0.55,0.1,0.1,0.0,0.47,0,0,0,0.0
32f3d97e,4,109,1.2,1,0,3,1,1.5,3,3.0,0.0,1.18,3.4,2.8,0.5,1.27,0,0,0,0.0
3318286e,0,0,0.0,0,0,0,6,0.0,0,0.0,0.0,0.0,0.0,0.0,0.0,0.0,0,0,0,0.0
33591ff0,4,128,1.4,1,1,3,0,0.5,1,6.0,-5.0,-3.3,0.8,1.6,-0.8,-0.65,0,0,0,0.0
335fa267,2,119,1.3,1,0,1,0,0.5,3,3.0,0.0,1.48,1.9,1.9,0.0,1.25,0,0,0,0.0
33651873,2,103,1.1,1,1,1,0,2.0,5,0.0,5.0,5.54,2.9,0.5,2.4,0.46,0,0,0,0.0
3392603d,0,0,0.0,0,0,0,2,0.0,0,0.0,0.0,0.0,0.0,0.0,0.0,0.0,0,0,0,0.0
3423f250,2,156,1.7,2,0,0,0,0.5,3,4.0,-1.0,-0.58,2.1,3.2,-1.0,-1.23,0,0,0,0.0
34551ef5,0,0,0.0,0,0,0,6,0.0,0,0.0,0.0,0.0,0.0,0.0,0.0,0.0,0,0,0,0.0
34a0f5ff,6,418,4.6,5,3,1,0,1.33,9,6.0,3.0,-0.09,5.2,4.3,0.9,-1.17,0,0,0,0.0
34c3b935,0,0,0.0,0,0,0,2,0.0,0,0.0,0.0,0.0,0.0,0.0,0.0,0.0,0,0,0,0.0
34caa4b3,3,142,1.6,2,1,1,0,1.33,8,0.0,8.0,5.97,2.8,0.9,1.9,0.98,0,0,0,0.0
34e393f2,5,226,2.5,2,1,3,0,2.6,4,2.0,2.0,-0.92,1.6,2.8,-1.2,-1.53,0,0,0,0.0
350ad032,4,277,3.1,3,1,1,0,1.25,2,6.0,-4.0,0.07,1.4,4.8,-3.5,-0.29,0,0,0,0.0
3543ef90,1,3,0.0,0,0,1,5,0.0,0,1.0,-1.0,-29.16,0.0,0.4,-0.4,-12.26,0,0,0,0.0
35bd124a,4,290,3.2,3,3,1,0,0.75,3,7.0,-4.0,1.28,4.0,4.4,-0.4,0.8,0,0,0,0.0
35ccba69,0,0,0.0,0,0,0,5,0.0,0,0.0,0.0,0.0,0.0,0.0,0.0,0.0,0,0,0,0.0
35e413f1,5,194,2.2,2,0,3,1,2.4,3,0.0,3.0,0.87,4.2,1.2,3.0,0.1,0,0,0,0.0
3626daea,6,362,4.0,3,2,3,1,1.67,8,5.0,3.0,0.24,8.1,3.5,4.6,-0.06,0,0,0,0.0
3642b47f,4,279,3.1,4,0,0,1,2.0,2,2.0,0.0,2.07,4.1,3.8,0.3,0.36,0,0,0,0.0
366be751,2,152,1.7,2,1,0,0,2.0,4,1.0,3.0,1.78,3.8,1.0,2.7,0.31,0,0,0,0.0
36a6f28d,4,285,3.2,3,2,1,2,2.25,5,4.0,1.0,-0.04,3.0,3.4,-0.4,0.64,0,0,0,0.0
36a79857,6,336,3.7,4,0,2,0,1.63,4,7.0,-3.0,-1.69,3.7,5.8,-2.0,-0.25,0,0,0,0.0
3708e9fa,8,606,6.7,8,1,0,0,1.63,10,11.0,-1.0,-1.4,9.1,7.0,2.1,-0.79,0,0,0,0.0
37143438,1,60,0.7,0,0,1,0,0.0,1,0.0,1.0,1.5,0.6,0.5,0.1,-0.15,0,0,0,0.0
3724baa1,0,0,0.0,0,0,0,6,0.0,0,0.0,0.0,0.0,0.0,0.0,0.0,0.0,0,0,0,0.0
37337aea,6,177,2.0,1,0,5,0,1.33,7,4.0,3.0,1.28,4.5,2.3,2.2,0.96,0,0,0,0.0
3741ca58,4,147,1.6,2,0,2,2,2.43,5,1.0,4.0,1.99,3.0,1.6,1.4,-0.01,0,0,0,0.0
374d5158,2,33,0.4,0,0,2,0,1.5,0,1.0,-1.0,-3.95,0.2,0.9,-0.7,-1.83,0,0,0,0.0
374ee424,6,540,6.0,6,6,0,0,2.5,10,2.0,8.0,0.0,8.2,2.6,5.6,0.0,540,6,6,6.0
37557ec4,1,42,0.5,0,0,1,1,1.0,1,1.0,0.0,0.0,0.2,1.1,-0.9,-6.65,0,0,0,0.0
37998008,1,45,0.5,0,0,1,7,3.0,0,0.0,0.0,-0.53,0.3,0.3,0.1,-0.32,45,1,0,0.5
37aa57c0,6,540,6.0,6,6,0,0,1.5,7,10.0,-3.0,0.0,4.6,8.9,-4.2,0.0,0,0,0,0.0
37d0048f,5,263,2.9,3,1,2,1,1.8,3,3.0,0.0,-0.65,2.8,3.7,-0.9,-0.95,0,0,0,0.0
37f341f0,6,421,4.7,5,2,1,0,0.67,4,8.0,-4.0,-0.1,4.0,7.8,-3.8,-0.15,0,0,0,0.0
38fc10d2,1,28,0.3,0,0,1,4,1.5,0,1.0,-1.0,-1.81,0.6,0.7,-0.1,1.26,0,0,0,0.0
390eb94b,6,385,4.3,4,1,2,0,0.17,3,6.0,-3.0,1.04,2.7,4.3,-1.6,0.77,0,0,0,0.0
3944e3b5,0,0,0.0,0,0,0,3,0.0,0,0.0,0.0,0.0,0.0,0.0,0.0,0.0,0,0,0,0.0
394be156,0,0,0.0,0,0,0,2,0.0,0,0.0,0.0,0.0,0.0,0.0,0.0,0.0,0,0,0,0.0
39e1138f,3,171,1.9,1,1,2,2,2.0,5,4.0,1.0,-0.21,3.5,3.1,0.4,-0.41,0,0,0,0.0
3a949a25,0,0,0.0,0,0,0,5,0.0,0,0.0,0.0,0.0,0.0,0.0,0.0,0.0,0,0,0,0.0
3ae14ed1,6,453,5.0,5,3,1,0,1.5,8,9.0,-1.0,-3.3,5.2,6.9,-1.7,0.63,0,0,0,0.0
3b996663,3,256,2.8,3,2,0,3,0.33,3,6.0,-3.0,-0.1,1.5,3.7,-2.3,-0.41,0,0,0,0.0
3bd65247,3,123,1.4,1,0,2,1,2.0,3,5.0,-2.0,-1.89,1.7,3.1,-1.4,-1.76,0,0,0,0.0
3befc2b6,7,539,6.0,6,4,1,1,1.0,5,12.0,-7.0,-0.67,4.8,9.9,-5.1,-0.93,0,0,0,0.0
3c6bbbab,2,180,2.0,2,2,0,0,0.5,1,4.0,-3.0,-0.67,1.1,4.2,-3.2,-1.27,0,0,0,0.0
3ca7254a,5,277,3.1,3,1,2,0,1.0,3,6.0,-3.0,-1.32,3.6,3.9,-0.3,-0.17,0,0,0,0.0
3cd7820a,2,180,2.0,2,2,0,0,1.5,1,2.0,-1.0,0.0,2.1,3.0,-0.9,0.0,0,0,0,0.0
3d3ac5b8,2,97,1.1,1,1,1,4,1.0,2,2.0,0.0,1.22,1.3,2.0,-0.8,-0.79,0,0,0,0.0
3d50bcdb,2,68,0.8,1,0,1,0,2.0,2,0.0,2.0,1.84,2.0,0.2,1.8,1.24,0,0,0,0.0
3d62c18b,5,381,4.2,4,4,1,1,0.2,4,7.0,-3.0,0.99,2.0,4.2,-2.1,0.27,0,0,0,0.0
3da8cba0,1,90,1.0,1,1,0,4,0.0,1,2.0,-1.0,0.4,0.7,1.8,-1.2,-0.23,0,0,0,0.0
3dd738a1,2,124,1.4,1,0,1,2,1.5,2,3.0,-1.0,-1.01,1.4,1.4,0.1,-0.5,0,0,0,0.0
3e9bd29d,2,210,2.3,2,2,0,0,2.0,3,3.0,0.0,0.0,2.4,4.1,-1.7,-0.86,0,0,0,0.0
3ead85f9,4,342,3.8,4,3,0,2,1.75,7,7.0,0.0,0.91,5.4,5.2,0.2,0.23,0,0,0,0.0
3ec9f005,3,240,2.7,3,1,0,1,1.33,5,5.0,0.0,-1.87,3.4,2.6,0.7,0.29,0,0,0,0.0
3ee0dd59,2,180,2.0,2,2,0,4,1.5,1,1.0,0.0,-2.0,2.1,1.5,0.6,-0.96,0,0,0,0.0
3ef0fa48,1,31,0.3,0,0,1,7,0.0,0,1.0,-1.0,-3.15,0.3,0.2,0.1,-0.17,0,0,0,0.0
3f10bd22,2,168,1.9,2,1,0,0,1.5,3,1.0,2.0,8.57,1.5,2.2,-0.6,2.47,0,0,0,0.0
3f30f12a,5,406,4.5,5,1,0,1,0.8,4,9.0,-5.0,-3.79,3.8,7.5,-3.7,-1.86,0,0,0,0.0
3f5f38fb,2,99,1.1,1,1,1,3,1.5,0,1.0,-1.0,-0.71,0.9,1.2,-0.2,-0.21,0,0,0,0.0
3fa66cb2,1,45,0.5,1,0,0,3,3.0,1,0.0,1.0,1.82,0.4,0.8,-0.4,-0.38,0,0,0,0.0
3fba18d3,3,107,1.2,1,1,2,3,2.0,3,3.0,0.0,0.62,0.8,0.8,0.1,0.95,0,0,0,0.0
4030c7ae,6,540,6.0,6,6,0,0,1.86,8,9.0,-1.0,0.0,6.2,8.9,-2.7,0.0,540,6,6,6.0
403f5d20,0,0,0.0,0,0,0,2,0.0,0,0.0,0.0,0.0,0.0,0.0,0.0,0.0,0,0,0,0.0
4047c976,4,189,2.1,2,1,2,1,0.25,0,3.0,-3.0,0.11,1.1,2.2,-1.1,0.14,0,0,0,0.0
40a5ecd5,0,0,0.0,0,0,0,4,3.0,0,0.0,0.0,0.0,0.0,0.0,0.0,0.0,0,0,0,0.0
40dc75f0,1,1,0.0,0,0,1,5,1.0,0,0.0,0.0,0.5,0.0,0.0,0.0,-3.79,0,0,0,0.0
41034650,2,180,2.0,2,2,0,0,0.5,1,3.0,-2.0,0.0,2.1,2.6,-0.5,0.0,0,0,0,0.0
4123bc9a,4,174,1.9,1,0,3,1,0.75,1,3.0,-2.0,-1.03,1.7,2.3,-0.6,-0.52,0,0,0,0.0
415568b5,2,210,2.3,2,2,0,0,2.0,3,3.0,0.0,0.0,2.4,4.1,-1.7,-0.86,0,0,0,0.0
41f0b196,2,210,2.3,2,2,0,0,2.0,3,3.0,0.0,0.0,2.4,4.1,-1.7,-0.86,210,2,2,2.3
41f32541,2,164,1.8,1,1,1,0,1.5,3,2.0,1.0,0.55,1.6,2.5,-0.9,0.04,0,0,0,0.0
423a125c,0,0,0.0,0,0,0,2,0.0,0,0.0,0.0,0.0,0.0,0.0,0.0,0.0,0,0,0,0.0
42f8775b,5,313,3.5,4,1,1,1,1.67,3,6.0,-3.0,-0.86,2.5,4.8,-2.4,0.04,0,0,0,0.0
4315f30d,3,290,3.2,3,2,0,4,0.0,2,8.0,-6.0,-3.23,3.9,3.3,0.6,-0.4,0,0,0,0.0
43458538,2,133,1.5,2,0,0,1,2.33,2,3.0,-1.0,-2.22,1.4,2.0,-0.6,-1.66,0,0,0,0.0
4352d221,6,512,5.7,6,4,0,0,1.33,11,8.0,3.0,1.83,5.9,8.5,-2.6,1.0,0,0,0,0.0
43c3e523,0,0,0.0,0,0,0,6,0.0,0,0.0,0.0,0.0,0.0,0.0,0.0,0.0,0,0,0,0.0
43ec1e80,0,0,0.0,0,0,0,6,0.0,0,0.0,0.0,0.0,0.0,0.0,0.0,0.0,0,0,0,0.0
44150beb,5,450,5.0,5,5,0,1,2.4,8,1.0,7.0,0.4,7.1,2.4,4.7,0.07,0,0,0,0.0
4431aed2,4,312,3.5,4,1,0,0,1.25,7,7.0,0.0,0.79,5.2,5.8,-0.6,-0.3,0,0,0,0.0
44400941,6,447,5.0,5,2,1,0,1.5,6,9.0,-3.0,-0.6,4.2,5.5,-1.2,2.66,0,0,0,0.0
44ac04e9,6,241,2.7,2,0,4,0,1.33,6,5.0,1.0,1.28,4.3,3.8,0.5,0.42,0,0,0,0.0
44f050bc,1,90,1.0,1,1,0,4,0.0,1,2.0,-1.0,0.0,0.5,1.4,-0.9,-0.35,0,0,0,0.0
45191c29,7,560,6.2,6,5,1,0,1.43,9,7.0,2.0,-1.37,9.8,4.6,5.2,-1.58,0,0,0,0.0
4534a352,2,210,2.3,2,2,0,0,0.5,3,3.0,0.0,-0.5,4.1,2.4,1.7,0.47,0,0,0,0.0
455c26a4,0,0,0.0,0,0,0,1,0.0,0,0.0,0.0,0.0,0.0,0.0,0.0,0.0,0,0,0,0.0
45c29ae7,5,137,1.5,1,0,4,1,1.8,2,2.0,0.0,-0.45,3.0,2.0,1.1,0.7,0,0,0,0.0
45dbd203,0,0,0.0,0,0,0,2,0.0,0,0.0,0.0,0.0,0.0,0.0,0.0,0.0,0,0,0,0.0
4601e194,1,66,0.7,1,0,0,1,1.0,1,2.0,-1.0,-1.36,0.8,1.9,-1.1,-1.7,0,0,0,0.0
4658e309,0,0,0.0,0,0,0,8,0.0,0,0.0,0.0,0.0,0.0,0.0,0.0,0.0,0,0,0,0.0
466824fb,4,266,3.0,3,1,1,0,1.63,2,5.0,-3.0,-1.02,2.5,4.6,-2.1,-0.01,0,0,0,0.0
466fb2c5,2,180,2.0,2,2,0,4,1.5,1,2.0,-1.0,-2.0,3.0,1.2,1.8,-0.64,180,2,2,2.0
46a8347f,4,295,3.3,3,2,1,0,0.25,0,8.0,-8.0,-2.07,1.8,5.3,-3.5,-0.98,0,0,0,0.0
4736039a,6,117,1.3,1,0,5,0,0.67,1,2.0,-1.0,0.08,2.1,1.8,0.3,1.28,0,0,0,0.0
47420f02,1,76,0.8,1,0,0,0,3.0,2,1.0,1.0,1.86,1.9,1.6,0.2,1.58,0,0,0,0.0
4760b2f2,1,90,1.0,1,1,0,5,1.0,1,1.0,0.0,0.2,1.6,1.7,-0.1,0.3,0,0,0,0.0
47681787,0,0,0.0,0,0,0,1,0.0,0,0.0,0.0,0.0,0.0,0.0,0.0,0.0,0,0,0,0.0
477e50ce,0,0,0.0,0,0,0,7,0.0,0,0.0,0.0,0.0,0.0,0.0,0.0,0.0,0,0,0,0.0
47a34c4f,1,61,0.7,1,0,0,0,3.0,1,0.0,1.0,0.72,1.3,0.2,1.1,0.3,0,0,0,0.0
47aaf574,6,440,4.9,5,2,1,0,1.1,2,11.0,-9.0,-0.04,3.3,9.5,-6.2,1.18,0,0,0,0.0
47dbe004,6,539,6.0,6,5,0,0,1.67,8,9.0,-1.0,-0.17,6.2,8.7,-2.5,21.1,0,0,0,0.0
47fd5136,0,0,0.0,0,0,0,2,0.0,0,0.0,0.0,0.0,0.0,0.0,0.0,0.0,0,0,0,0.0
4876c9ab,4,57,0.6,0,0,4,2,1.75,3,1.0,2.0,2.79,2.3,1.2,1.1,1.43,0,0,0,0.0
489e80e3,8,647,7.2,8,4,0,0,1.63,10,12.0,-2.0,-2.9,9.9,7.3,2.7,-0.66,0,0,0,0.0
48a5a5d6,5,284,3.2,3,2,2,1,2.4,4,3.0,1.0,-1.09,6.4,2.5,3.9,-0.19,0,0,0,0.0
49d028db,3,270,3.0,3,3,0,3,3.0,7,2.0,5.0,0.67,4.2,2.3,1.9,0.45,0,0,0,0.0
4a1abff3,6,539,6.0,6,5,0,0,1.33,9,5.0,4.0,0.67,9.0,5.9,3.1,4.1,0,0,0,0.0
4a51ba65,4,360,4.0,4,4,0,0,3.0,7,1.0,6.0,2.0,9.0,2.9,6.2,0.64,360,4,4,4.0
4a5a45c7,7,564,6.3,7,2,0,0,1.86,12,5.0,7.0,2.27,12.1,4.5,7.6,0.16,0,0,0,0.0
4a7078f9,5,444,4.9,5,4,0,0,1.43,4,7.0,-3.0,-0.61,3.8,7.0,-3.2,0.3,0,0,0,0.0
4b00cd47,6,484,5.4,5,4,1,0,1.33,4,6.0,-2.0,6.06,5.9,5.6,0.2,1.24,0,0,0,0.0
4b520f96,0,0,0.0,0,0,0,2,0.0,0,0.0,0.0,0.0,0.0,0.0,0.0,0.0,0,0,0,0.0
4b5d4efe,0,0,0.0,0,0,0,1,0.0,0,0.0,0.0,0.0,0.0,0.0,0.0,0.0,0,0,0,0.0
4bd00a50,4,234,2.6,3,2,1,0,0.25,1,7.0,-6.0,-1.43,1.2,3.8,-2.6,-0.67,0,0,0,0.0
4c184730,2,72,0.8,0,0,2,0,0.5,0,0.0,0.0,1.67,0.7,0.8,-0.1,0.11,0,0,0,0.0
4c1e579e,1,13,0.1,0,0,1,1,3.0,0,0.0,0.0,-0.64,0.1,0.0,0.1,-0.49,0,0,0,0.0
4c2e9442,3,160,1.8,3,1,0,0,1.0,3,3.0,0.0,-0.47,2.3,2.3,0.0,0.62,0,0,0,0.0
4c5039bd,2,180,2.0,2,2,0,2,1.0,1,1.0,0.0,2.25,2.3,1.9,0.3,1.18,180,2,2,2.0
4c5b14d2,5,283,3.1,5,0,0,0,2.6,6,3.0,3.0,-0.8,3.1,3.8,-0.7,-1.38,0,0,0,0.0
4c62d0c8,0,0,0.0,0,0,0,1,0.0,0,0.0,0.0,0.0,0.0,0.0,0.0,0.0,0,0,0,0.0
4c6e2ab5,1,2,0.0,0,0,1,1,3.0,0,1.0,-1.0,-46.38,0.0,0.2,-0.2,-20.8,0,0,0,0.0
4c82730b,4,300,3.3,3,3,1,1,1.5,7,7.0,0.0,0.75,5.6,4.1,1.5,0.97,0,0,0,0.0
4d0be953,3,93,1.0,1,1,2,3,1.33,1,1.0,0.0,-0.81,0.7,0.8,0.0,-0.35,0,0,0,0.0
4d1666ff,2,180,2.0,2,2,0,0,0.5,3,4.0,-1.0,0.0,2.4,3.3,-0.9,0.0,0,0,0,0.0
4d224fe8,8,627,7.0,7,4,1,0,2.38,8,5.0,3.0,-4.41,12.2,5.7,6.5,-2.64,0,0,0,0.0
4db2157a,6,468,5.2,5,4,1,0,1.5,5,12.0,-7.0,3.65,6.3,8.3,-1.9,0.91,0,0,0,0.0
4dcec659,6,279,3.1,2,2,4,0,2.17,7,5.0,2.0,-0.04,3.0,3.5,-0.5,-0.89,0,0,0,0.0
4dea2f2c,0,0,0.0,0,0,0,1,0.0,0,0.0,0.0,0.0,0.0,0.0,0.0,0.0,0,0,0,0.0
4dedd469,6,534,5.9,6,5,0,0,1.0,9,10.0,-1.0,14.83,7.6,7.3,0.4,3.36,0,0,0,0.0
4df0dff8,0,0,0.0,0,0,0,5,0.0,0,0.0,0.0,0.0,0.0,0.0,0.0,0.0,0,0,0,0.0
4e219ad2,2,52,0.6,0,0,2,0,1.5,0,2.0,-2.0,-5.57,0.3,1.5,-1.1,-2.19,0,0,0,0.0
4e3f5992,2,88,1.0,1,0,1,3,0.0,0,1.0,-1.0,-0.03,0.6,0.4,0.3,1.01,0,0,0,0.0
4e4b59a4,1,2,0.0,0,0,1,4,0.0,0,1.0,-1.0,-45.5,0.0,0.4,-0.4,-16.92,0,0,0,0.0
4e6dbac4,6,333,3.7,3,2,3,0,1.33,4,6.0,-2.0,-0.54,4.0,4.8,-0.9,-0.52,0,0,0,0.0
4e7db402,8,720,8.0,8,8,0,0,1.25,7,15.0,-8.0,0.0,7.6,12.6,-5.0,0.0,720,8,8,8.0
4ee36b23,0,0,0.0,0,0,0,1,0.0,0,0.0,0.0,0.0,0.0,0.0,0.0,0.0,0,0,0,0.0
4f5a953e,4,360,4.0,4,4,0,1,1.75,7,2.0,5.0,1.75,5.7,3.7,2.0,-0.02,0,0,0,0.0
4f9f721c,4,119,1.3,2,0,2,4,1.75,1,1.0,0.0,0.0,0.8,3.4,-2.6,-1.45,0,0,0,0.0
4fac8f81,6,540,6.0,6,6,0,0,1.33,13,9.0,4.0,0.0,9.0,6.2,2.8,0.0,0,0,0,0.0
50385760,6,463,5.1,5,4,1,0,1.0,4,8.0,-4.0,1.56,3.5,8.4,-4.9,0.4,0,0,0,0.0
507c7bdf,8,645,7.2,7,6,1,0,2.38,12,5.0,7.0,-0.22,14.4,5.4,9.1,0.03,0,0,0,0.0
50871bcc,1,29,0.3,0,0,1,0,0.0,0,0.0,0.0,-1.3,0.5,0.2,0.3,0.85,0,0,0,0.0
50c1ff86,3,270,3.0,3,3,0,3,1.0,6,7.0,-1.0,0.0,4.8,4.1,0.8,0.47,0,0,0,0.0
50cddd19,5,196,2.2,2,0,3,1,0.0,1,4.0,-3.0,0.19,0.8,3.1,-2.3,0.64,0,0,0,0.0
50dc94ce,2,69,0.8,1,0,1,0,3.0,2,0.0,2.0,1.78,1.8,0.6,1.2,0.31,0,0,0,0.0
50ff205b,6,540,6.0,6,6,0,0,2.4,13,7.0,6.0,0.0,10.6,5.4,5.2,0.0,0,0,0,0.0
510c6a3f,1,90,1.0,1,1,0,7,3.0,2,1.0,1.0,-0.29,1.6,1.0,0.6,0.54,90,1,1,1.0
5148dcc5,6,387,4.3,5,0,1,0,2.0,9,4.0,5.0,1.66,6.0,3.3,2.6,0.21,0,0,0,0.0
51cf8561,1,22,0.2,0,0,1,1,3.0,0,0.0,0.0,-0.87,0.2,0.2,0.0,-1.39,0,0,0,0.0
51ffa295,5,176,2.0,2,0,3,0,2.0,4,2.0,2.0,1.76,2.0,3.0,-1.0,-0.09,0,0,0,0.0
52061089,7,496,5.5,6,2,1,0,1.29,10,7.0,3.0,1.75,4.8,7.1,-2.3,1.08,0,0,0,0.0
5216036b,0,0,0.0,0,0,0,1,0.0,0,0.0,0.0,0.0,0.0,0.0,0.0,0.0,0,0,0,0.0
52522325,1,15,0.2,0,0,1,5,1.0,2,0.0,2.0,13.37,0.5,0.0,0.5,3.52,0,0,0,0.0
5294a83f,4,307,3.4,4,2,0,2,1.25,6,7.0,-1.0,0.09,5.6,5.6,0.1,0.12,0,0,0,0.0
529f49ab,4,94,1.0,0,0,4,1,2.25,1,1.0,0.0,-1.01,1.4,0.5,0.9,-0.5,0,0,0,0.0
52a7bc6d,0,0,0.0,0,0,0,1,0.0,0,0.0,0.0,0.0,0.0,0.0,0.0,0.0,0,0,0,0.0
52afb588,4,125,1.4,1,0,3,1,2.5,4,0.0,4.0,1.58,2.0,2.4,-0.4,-0.95,0,0,0,0.0
52ec54d0,1,9,0.1,0,0,1,1,3.0,0,0.0,0.0,-1.58,0.0,0.2,-0.2,-4.18,0,0,0,0.0
52f805f7,0,0,0.0,0,0,0,3,0.0,0,0.0,0.0,0.0,0.0,0.0,0.0,0.0,0,0,0,0.0
5333d7de,2,58,0.6,0,0,2,4,1.5,0,2.0,-2.0,-2.36,0.2,0.4,-0.2,-0.22,0,0,0,0.0
53342701,6,513,5.7,6,4,0,0,2.17,9,7.0,2.0,-6.32,5.9,4.9,1.0,-2.06,0,0,0,0.0
53d93280,6,540,6.0,6,6,0,0,1.33,13,9.0,4.0,0.0,9.0,6.2,2.8,0.0,540,6,6,6.0
53de807a,2,67,0.7,1,0,1,4,1.5,0,4.0,-4.0,-5.75,0.9,2.7,-1.8,-2.84,0,0,0,0.0
53e442e2,5,161,1.8,2,0,3,2,1.0,2,3.0,-1.0,-0.72,1.5,5.0,-3.5,-1.56,0,0,0,0.0
541127d5,6,246,2.7,2,0,4,0,0.63,0,5.0,-5.0,0.01,1.6,5.2,-3.6,0.3,0,0,0,0.0
54b4dc4e,0,0,0.0,0,0,0,2,0.0,0,0.0,0.0,0.0,0.0,0.0,0.0,0.0,0,0,0,0.0
54b6eed9,0,0,0.0,0,0,0,5,0.0,0,0.0,0.0,0.0,0.0,0.0,0.0,0.0,0,0,0,0.0
54bb5c3f,3,225,2.5,3,2,0,0,1.2,3,6.0,-3.0,0.51,1.7,4.6,-2.9,0.55,225,3,3,2.5
54e4866f,6,389,4.3,5,1,1,0,2.33,9,3.0,6.0,-1.0,7.4,3.8,3.6,1.45,0,0,0,0.0
54e59c58,0,0,0.0,0,0,0,8,0.0,0,0.0,0.0,0.0,0.0,0.0,0.0,0.0,0,0,0,0.0
55168bb4,0,0,0.0,0,0,0,4,0.0,0,0.0,0.0,0.0,0.0,0.0,0.0,0.0,0,0,0,0.0
5521f419,2,156,1.7,2,0,0,0,1.5,5,3.0,2.0,4.49,3.1,1.7,1.4,0.81,0,0,0,0.0
5529a99a,1,16,0.2,0,0,1,5,0.0,1,0.0,1.0,6.66,0.4,0.0,0.4,2.99,0,0,0,0.0
555d5edd,2,114,1.3,1,0,1,0,1.5,2,2.0,0.0,0.0,1.5,0.7,0.9,0.57,0,0,0,0.0
55a480e4,0,0,0.0,0,0,0,6,0.0,0,0.0,0.0,0.0,0.0,0.0,0.0,0.0,0,0,0,0.0
55d360a3,0,0,0.0,0,0,0,2,0.0,0,0.0,0.0,0.0,0.0,0.0,0.0,0.0,0,0,0,0.0
55e81c76,3,98,1.1,1,0,2,2,2.0,1,0.0,1.0,0.31,1.0,0.5,0.5,0.26,0,0,0,0.0
56117926,0,0,0.0,0,0,0,6,3.0,0,0.0,0.0,0.0,0.0,0.0,0.0,0.0,0,0,0,0.0
563cbac0,7,570,6.3,7,5,0,0,0.86,10,12.0,-2.0,-1.52,5.8,11.6,-5.8,-0.81,0,0,0,0.0
56bcde74,2,180,2.0,2,2,0,3,1.0,1,1.0,0.0,2.25,2.3,1.9,0.3,1.18,0,0,0,0.0
56dd5e10,4,332,3.7,4,3,0,2,1.0,2,8.0,-6.0,-0.33,2.8,6.6,-3.7,1.18,0,0,0,0.0
56f99ec7,0,0,0.0,0,0,0,5,1.5,2,1.0,1.0,0.0,0.0,0.0,0.0,0.0,0,0,0,0.0
5715bb71,8,689,7.7,8,5,0,0,1.13,13,11.0,2.0,6.07,7.2,11.5,-4.2,4.46,0,0,0,0.0
572498c7,3,206,2.3,2,1,1,1,0.25,2,6.0,-4.0,-0.67,1.3,3.4,-2.1,0.1,0,0,0,0.0
57469b2d,2,37,0.4,0,0,2,4,1.5,1,2.0,-1.0,-3.22,0.8,0.8,0.0,-1.25,0,0,0,0.0
57760e66,2,154,1.7,2,1,0,0,2.0,3,1.0,2.0,-5.75,4.3,0.6,3.8,1.8,0,0,0,0.0
57d9707f,3,131,1.5,1,1,2,2,0.0,1,2.0,-1.0,0.85,1.4,2.2,-0.8,0.58,0,0,0,0.0
582beb9d,6,495,5.5,6,5,0,0,1.1,2,12.0,-10.0,0.18,3.7,12.1,-8.4,-0.52,0,0,0,0.0
5832ebfe,4,341,3.8,4,3,0,2,1.5,9,7.0,2.0,0.53,3.5,6.6,-3.1,-1.02,0,0,0,0.0
5853ac44,2,180,2.0,2,2,0,0,1.5,3,2.0,1.0,0.0,1.6,2.6,-1.0,0.0,0,0,0,0.0
58630379,0,0,0.0,0,0,0,1,0.0,0,0.0,0.0,0.0,0.0,0.0,0.0,0.0,0,0,0,0.0
58a3a572,6,485,5.4,6,4,0,0,1.33,3,16.0,-13.0,-5.69,5.3,9.8,-4.4,-3.23,0,0,0,0.0
58a9a4d9,2,136,1.5,2,0,0,0,1.5,3,0.0,3.0,6.08,1.4,1.1,0.2,2.71,0,0,0,0.0
591dbf13,0,0,0.0,0,0,0,1,0.0,0,0.0,0.0,0.0,0.0,0.0,0.0,0.0,0,0,0,0.0
595ccab1,6,540,6.0,6,6,0,0,1.33,9,5.0,4.0,0.0,9.0,5.9,3.0,0.0,540,6,6,6.0
595e6f3e,8,619,6.9,7,4,1,0,1.25,7,13.0,-6.0,0.91,6.0,10.2,-4.2,0.13,0,0,0,0.0
59671448,6,465,5.2,6,3,0,0,0.89,2,11.0,-9.0,0.66,3.8,10.9,-7.0,0.91,0,0,0,0.0
596cc50e,5,319,3.5,3,3,2,1,1.0,10,8.0,2.0,-0.25,6.1,4.9,1.2,-0.34,0,0,0,0.0
59878425,3,146,1.6,2,0,1,2,3.0,4,1.0,3.0,1.39,4.3,1.5,2.8,0.55,0,0,0,0.0
599d32fa,0,0,0.0,0,0,0,2,0.0,0,0.0,0.0,0.0,0.0,0.0,0.0,0.0,0,0,0,0.0
59e4b92e,8,720,8.0,8,8,0,0,2.0,7,3.0,4.0,0.0,8.9,5.2,3.7,0.0,0,0,0,0.0
5a5d394c,0,0,0.0,0,0,0,6,2.0,0,0.0,0.0,0.0,0.0,0.0,0.0,0.0,0,0,0,0.0
5aa1a2a7,0,0,0.0,0,0,0,2,0.0,0,0.0,0.0,0.0,0.0,0.0,0.0,0.0,0,0,0,0.0
5aa53281,7,614,6.8,7,6,0,0,1.43,9,6.0,3.0,-1.26,11.1,4.6,6.5,-1.53,0,0,0,0.0
5ab0ea87,1,90,1.0,1,1,0,0,0.0,1,2.0,-1.0,-1.0,1.2,1.2,0.0,0.79,0,0,0,0.0
5b479568,4,118,1.3,0,0,4,2,0.75,1,2.0,-1.0,-1.05,2.1,0.7,1.4,1.09,0,0,0,0.0
5c26ca51,6,512,5.7,6,4,0,0,2.17,11,7.0,4.0,0.7,5.9,4.6,1.3,-0.71,0,0,0,0.0
5c46e908,4,316,3.5,4,1,0,2,1.88,2,9.0,-7.0,-0.39,4.3,5.4,-1.1,0.44,0,0,0,0.0
5c6eed81,0,0,0.0,0,0,0,1,3.0,0,0.0,0.0,0.0,0.0,0.0,0.0,0.0,0,0,0,0.0
5c7845f6,3,189,2.1,2,2,1,2,2.0,4,1.0,3.0,0.15,2.4,0.5,1.8,-0.09,0,0,0,0.0
5c78cb9e,1,7,0.1,0,0,1,3,0.0,0,0.0,0.0,0.17,0.3,0.1,0.2,2.33,0,0,0,0.0
5ccc9672,2,114,1.3,1,1,1,0,0.5,2,2.0,0.0,1.36,1.6,1.4,0.2,1.7,0,0,0,0.0
5ce0b5ba,3,167,1.9,2,0,1,3,3.0,3,1.0,2.0,-0.37,1.9,0.2,1.7,-0.02,0,0,0,0.0
5ceba7fc,2,172,1.9,2,0,0,0,0.5,2,2.0,0.0,-0.47,3.1,2.2,0.9,-0.08,0,0,0,0.0
5d0e0a1f,8,426,4.7,4,3,4,0,1.63,8,8.0,0.0,-0.83,6.4,6.0,0.4,-0.96,0,0,0,0.0
5d4e9f31,4,226,2.5,3,0,1,0,1.5,3,2.0,1.0,1.54,2.4,3.9,-1.5,0.16,0,0,0,0.0
5d4f7d61,2,54,0.6,0,0,2,0,1.5,0,2.0,-2.0,-4.49,0.6,0.6,0.0,-0.68,0,0,0,0.0
5d873dfb,6,537,6.0,6,5,0,0,0.67,5,10.0,-5.0,-0.84,5.3,10.1,-4.8,-3.68,0,0,0,0.0
5d8e331f,5,446,5.0,5,4,0,1,2.6,11,2.0,9.0,0.86,7.8,5.7,2.1,-0.06,0,0,0,0.0
5db7ba90,4,130,1.4,1,1,3,2,1.17,3,0.0,3.0,2.95,0.0,0.0,0.0,0.0,0,0,0,0.0
5e22e2a4,3,199,2.2,2,1,1,0,1.33,3,1.0,2.0,0.74,3.0,1.5,1.4,0.18,0,0,0,0.0
5e42afa3,5,203,2.3,1,1,4,0,1.6,2,5.0,-3.0,-0.53,1.4,2.2,-0.8,-0.41,0,0,0,0.0
5e8936be,6,540,6.0,6,6,0,0,1.0,9,11.0,-2.0,0.0,7.6,7.5,0.1,0.0,540,6,6,6.0
5ef3d210,1,7,0.1,0,0,1,1,0.0,0,0.0,0.0,1.04,0.2,0.3,0.0,-0.12,0,0,0,0.0
5f09991f,2,134,1.5,2,0,0,0,1.5,0,3.0,-3.0,-4.01,1.1,1.4,-0.2,-0.29,0,0,0,0.0
5f3eaaf5,8,393,4.4,5,0,3,0,1.25,2,8.0,-6.0,-0.82,1.9,7.4,-5.5,-1.39,0,0,0,0.0
5fa714d5,3,149,1.7,2,0,1,1,3.0,3,1.0,2.0,-0.17,1.5,0.6,0.9,-0.56,0,0,0,0.0
5fcb90ac,1,15,0.2,1,0,0,0,2.0,1,0.0,1.0,6.34,0.4,0.0,0.4,3.03,0,0,0,0.0
5fd5ed86,2,180,2.0,2,2,0,0,2.0,4,1.0,3.0,0.0,4.2,1.1,3.2,0.0,0,0,0,0.0
603116a7,3,84,0.9,0,0,3,0,0.33,0,5.0,-5.0,-4.57,0.2,2.7,-2.5,-2.44,0,0,0,0.0
60713cb3,5,450,5.0,5,5,0,1,1.2,4,7.0,-3.0,2.4,3.6,7.6,-4.0,1.28,450,5,5,5.0
60831426,6,540,6.0,6,6,0,0,0.67,5,10.0,-5.0,0.0,5.7,10.4,-4.7,0.0,540,6,6,6.0
60c07b31,2,179,2.0,2,1,0,1,0.8,1,4.0,-3.0,-0.01,2.5,3.5,-1.1,0.14,0,0,0,0.0
60fd5334,0,0,0.0,0,0,0,3,0.0,0,0.0,0.0,0.0,0.0,0.0,0.0,0.0,0,0,0,0.0
6115fddd,6,540,6.0,6,6,0,0,1.5,5,16.0,-11.0,0.0,7.0,10.0,-3.0,0.0,540,6,6,6.0
6190474d,5,253,2.8,2,1,3,1,2.2,7,2.0,5.0,0.21,5.3,2.2,3.2,1.31,0,0,0,0.0
6191093d,8,675,7.5,7,7,1,0,1.25,7,15.0,-8.0,-1.07,7.3,12.0,-4.7,-0.03,0,0,0,0.0
62122118,0,0,0.0,0,0,0,3,0.0,0,0.0,0.0,0.0,0.0,0.0,0.0,0.0,0,0,0,0.0
625c144a,2,180,2.0,2,2,0,0,0.5,1,3.0,-2.0,0.0,2.1,2.6,-0.5,0.0,180,2,2,2.0
629081bd,0,0,0.0,0,0,0,1,0.0,0,0.0,0.0,0.0,0.0,0.0,0.0,0.0,0,0,0,0.0
62de9d42,6,428,4.8,5,2,1,0,1.33,3,8.0,-5.0,-0.25,5.2,4.6,0.5,0.99,0,0,0,0.0
62f7c156,3,270,3.0,3,3,0,5,1.33,3,5.0,-2.0,-1.07,1.9,5.3,-3.4,-0.64,0,0,0,0.0
63567ebc,6,496,5.5,6,4,0,0,1.1,2,11.0,-9.0,2.46,3.9,11.1,-7.2,2.28,0,0,0,0.0
6358cb11,5,391,4.3,5,3,0,0,1.2,4,4.0,0.0,3.62,3.7,5.2,-1.6,2.36,0,0,0,0.0
639ea276,0,0,0.0,0,0,0,5,2.0,0,0.0,0.0,0.0,0.0,0.0,0.0,0.0,0,0,0,0.0
6412cc03,6,476,5.3,6,3,0,0,2.5,7,3.0,4.0,-0.65,10.9,3.7,7.2,0.3,0,0,0,0.0
6445d6fe,4,70,0.8,0,0,4,2,1.5,1,2.0,-1.0,-1.09,0.3,0.9,-0.6,-0.89,0,0,0,0.0
6456e745,6,219,2.4,2,0,4,0,1.5,4,3.0,1.0,0.13,2.5,3.0,-0.6,0.34,0,0,0,0.0
64f69877,5,239,2.7,2,0,3,1,1.4,5,4.0,1.0,0.38,3.6,2.2,1.4,0.13,0,0,0,0.0
6510079f,2,94,1.0,1,0,1,0,2.33,2,2.0,0.0,-1.21,1.0,1.9,-0.9,-2.09,0,0,0,0.0
651fa4db,2,21,0.2,0,0,2,4,1.5,0,1.0,-1.0,-4.81,0.2,0.2,0.0,0.5,0,0,0,0.0
6578600f,3,186,2.1,2,0,1,0,1.0,3,2.0,1.0,2.26,1.8,2.7,-0.9,0.9,0,0,0,0.0
65857fdf,2,31,0.3,0,0,2,4,0.0,0,0.0,0.0,-0.52,0.2,0.0,0.2,0.05,0,0,0,0.0
65d62814,2,180,2.0,2,2,0,0,2.0,5,1.0,4.0,0.0,4.5,0.6,3.9,0.0,180,2,2,2.0
6603fed7,6,504,5.6,6,3,0,0,1.67,9,4.0,5.0,8.39,6.7,5.2,1.5,1.52,0,0,0,0.0
6637e6a7,6,533,5.9,6,5,0,0,1.33,4,10.0,-6.0,-1.01,6.2,6.6,-0.4,1.36,0,0,0,0.0
66c52a77,4,289,3.2,3,3,1,2,3.0,7,2.0,5.0,1.2,6.8,2.1,4.7,1.3,0,0,0,0.0
6747869d,2,16,0.2,0,0,2,0,1.5,1,0.0,1.0,6.72,0.2,0.0,0.2,1.6,0,0,0,0.0
67ac5bb8,5,377,4.2,4,4,1,1,2.4,7,1.0,6.0,1.98,10.3,2.8,7.5,1.57,0,0,0,0.0
67b054d1,5,449,5.0,5,4,0,0,1.22,1,11.0,-10.0,-1.02,3.6,11.3,-7.7,-0.32,0,0,0,0.0
67f0703d,2,179,2.0,2,1,0,2,0.0,1,4.0,-3.0,-0.76,1.6,3.1,-1.5,-0.22,0,0,0,0.0
686cbe7d,1,45,0.5,1,0,0,0,3.0,0,0.0,0.0,-1.45,0.1,0.2,-0.1,-1.3,0,0,0,0.0
6885cc44,2,172,1.9,2,1,0,0,1.5,1,2.0,-1.0,-0.52,2.0,2.9,-0.9,-0.7,0,0,0,0.0
68a26d51,8,467,5.2,6,1,2,0,1.25,6,10.0,-4.0,0.65,4.7,7.4,-2.7,0.31,0,0,0,0.0
69a351c7,0,0,0.0,0,0,0,2,0.0,0,0.0,0.0,0.0,0.0,0.0,0.0,0.0,0,0,0,0.0
69bff230,0,0,0.0,0,0,0,1,0.0,0,0.0,0.0,0.0,0.0,0.0,0.0,0.0,0,0,0,0.0
6aafdc27,6,540,6.0,6,6,0,0,1.13,7,10.0,-3.0,0.0,4.6,8.9,-4.2,0.0,0,0,0,0.0
6b658db0,1,19,0.2,0,0,1,2,0.0,0,1.0,-1.0,-3.87,0.0,1.1,-1.1,-7.62,0,0,0,0.0
6b6c793c,6,456,5.1,6,3,0,2,2.17,7,4.0,3.0,-1.11,11.1,3.2,7.9,0.83,0,0,0,0.0
6bd5cd5d,8,711,7.9,8,7,0,0,2.0,7,3.0,4.0,0.51,8.9,5.2,3.7,0.06,0,0,0,0.0
6bd603db,4,231,2.6,3,1,1,1,1.5,6,5.0,1.0,0.1,2.2,4.5,-2.3,-0.77,0,0,0,0.0
6c249ea7,5,367,4.1,3,3,2,1,0.67,1,7.0,-6.0,0.09,1.9,6.3,-4.4,-1.43,0,0,0,0.0
6c5af908,3,270,3.0,3,3,0,2,2.33,6,3.0,3.0,0.0,6.4,3.3,3.1,0.34,0,0,0,0.0
6caffe81,0,0,0.0,0,0,0,1,0.0,0,0.0,0.0,0.0,0.0,0.0,0.0,0.0,0,0,0,0.0
6cbf8d0d,6,423,4.7,5,2,1,0,1.67,8,5.0,3.0,1.41,5.2,4.7,0.6,-0.25,0,0,0,0.0
6d86d9cd,6,530,5.9,6,3,0,0,1.33,9,5.0,4.0,0.68,8.9,5.9,3.0,0.6,0,0,0,0.0
6db16dda,1,14,0.2,0,0,1,0,3.0,0,0.0,0.0,0.0,0.1,0.1,0.0,0.81,0,0,0,0.0
6e2c94ad,5,235,2.6,2,1,3,1,1.2,7,3.0,4.0,2.12,2.7,4.0,-1.2,-0.06,0,0,0,0.0
6e2e6e4e,1,1,0.0,0,0,1,0,3.0,0,0.0,0.0,0.0,0.0,0.0,0.0,0.75,0,0,0,0.0
6e44569a,7,436,4.8,5,3,2,1,2.14,9,5.0,4.0,-1.08,6.4,5.5,0.9,0.27,0,0,0,0.0
6f51e382,2,180,2.0,2,2,0,0,0.5,3,4.0,-1.0,0.0,2.4,3.3,-0.9,0.0,180,2,2,2.0
6f5f82c0,3,156,1.7,2,0,1,2,2.0,2,1.0,1.0,-1.06,2.1,1.4,0.7,-0.75,0,0,0,0.0
6fa3c28e,0,0,0.0,0,0,0,7,0.0,0,0.0,0.0,0.0,0.0,0.0,0.0,0.0,0,0,0,0.0
6fd8a334,5,421,4.7,5,3,0,0,1.2,8,7.0,1.0,2.48,6.0,6.1,-0.1,-0.17,0,0,0,0.0
6ff91a3a,3,92,1.0,1,0,2,5,1.33,3,2.0,1.0,1.12,1.4,1.5,-0.1,0.73,0,0,0,0.0
701942fd,0,0,0.0,0,0,0,4,0.0,0,0.0,0.0,0.0,0.0,0.0,0.0,0.0,0,0,0,0.0
706a337d,2,69,0.8,0,0,2,0,0.5,1,4.0,-3.0,-4.33,0.0,0.0,0.0,0.0,0,0,0,0.0
70c52749,7,446,5.0,5,4,2,1,1.71,8,6.0,2.0,0.11,8.0,4.3,3.6,0.62,0,0,0,0.0
70dcf94d,7,556,6.2,7,1,0,0,2.14,6,3.0,3.0,-0.06,6.9,4.6,2.3,-0.36,0,0,0,0.0
71115017,6,505,5.6,6,5,0,0,1.0,3,10.0,-7.0,1.32,3.0,8.3,-5.3,0.57,0,0,0,0.0
713c144a,2,180,2.0,2,2,0,0,0.5,1,3.0,-2.0,0.0,2.1,2.6,-0.5,0.0,0,0,0,0.0
718a3a5c,6,533,5.9,6,5,0,0,1.0,4,10.0,-6.0,-1.01,3.8,9.8,-6.0,-0.37,0,0,0,0.0
720ebb4e,1,2,0.0,0,0,1,2,0.0,0,0.0,0.0,1.0,0.0,0.4,-0.4,-17.3,0,0,0,0.0
7242b495,5,110,1.2,1,1,4,3,2.0,0,1.0,-1.0,-1.56,0.8,0.9,-0.1,-0.66,0,0,0,0.0
7287ea6b,5,217,2.4,2,1,3,0,0.2,2,6.0,-4.0,-1.1,1.3,2.8,-1.5,-0.09,0,0,0,0.0
72befc76,0,0,0.0,0,0,0,2,0.0,0,0.0,0.0,0.0,0.0,0.0,0.0,0.0,0,0,0,0.0
72c01cfb,5,196,2.2,1,1,4,3,1.0,3,2.0,1.0,0.63,2.1,3.7,-1.6,0.03,0,0,0,0.0
72f87f25,3,127,1.4,1,0,2,5,2.0,5,2.0,3.0,1.82,4.4,1.0,3.3,1.47,0,0,0,0.0
731302dc,6,364,4.0,5,0,1,0,1.33,3,6.0,-3.0,0.79,4.9,3.5,1.4,1.37,0,0,0,0.0
73b1d487,6,410,4.6,6,2,0,0,1.1,2,9.0,-7.0,1.23,3.1,8.7,-5.6,1.1,0,0,0,0.0
743ffce1,6,286,3.2,3,0,3,0,1.33,3,5.0,-2.0,-0.28,2.5,6.0,-3.5,-0.85,0,0,0,0.0
746b64a7,5,370,4.1,4,4,1,0,0.6,4,8.0,-4.0,-2.03,4.3,4.9,-0.6,-0.51,0,0,0,0.0
74733221,0,0,0.0,0,0,0,8,0.0,0,0.0,0.0,0.0,0.0,0.0,0.0,0.0,0,0,0,0.0
7483d9f9,7,584,6.5,6,5,1,1,2.14,15,6.0,9.0,0.73,8.2,8.5,-0.4,-0.76,0,0,0,0.0
749c882c,0,0,0.0,0,0,0,1,0.0,0,0.0,0.0,0.0,0.0,0.0,0.0,0.0,0,0,0,0.0
74d4cec6,5,403,4.5,5,2,0,1,1.4,6,4.0,2.0,0.45,4.7,4.8,-0.1,-0.75,0,0,0,0.0
74e92ec8,0,0,0.0,0,0,0,1,0.0,0,0.0,0.0,0.0,0.0,0.0,0.0,0.0,0,0,0,0.0
74f2e748,2,189,2.1,2,0,0,0,1.5,5,4.0,1.0,4.76,3.5,2.2,1.2,-0.08,0,0,0,0.0
75229233,1,90,1.0,1,1,0,1,2.0,1,2.0,-1.0,0.6,0.2,1.1,-0.9,0.7,0,0,0,0.0
75645f0e,4,90,1.0,0,0,4,2,2.5,2,0.0,2.0,0.8,2.0,0.5,1.5,1.28,0,0,0,0.0
756959aa,4,262,2.9,4,0,0,0,1.5,2,10.0,-8.0,-1.78,3.7,5.4,-1.7,-0.18,0,0,0,0.0
760fd987,0,0,0.0,0,0,0,2,0.0,0,0.0,0.0,0.0,0.0,0.0,0.0,0.0,0,0,0,0.0
7673e4bc,1,5,0.1,0,0,1,5,0.0,0,1.0,-1.0,-17.33,0.0,0.4,-0.4,-9.22,0,0,0,0.0
770ebf00,5,450,5.0,5,5,0,0,0.88,1,8.0,-7.0,-0.4,2.9,8.1,-5.2,-0.33,0,0,0,0.0
7713c72a,2,210,2.3,2,2,0,0,2.0,3,3.0,0.0,0.0,2.4,4.1,-1.7,-0.86,0,0,0,0.0
779847d6,7,537,6.0,7,4,0,1,1.0,5,10.0,-5.0,0.64,5.6,7.1,-1.5,1.49,0,0,0,0.0
77ac1d89,6,224,2.5,2,0,4,0,1.5,5,0.0,5.0,2.86,2.4,2.4,0.0,0.75,0,0,0,0.0
77e39b04,2,52,0.6,0,0,2,0,2.0,3,1.0,2.0,2.06,1.2,0.3,0.9,-0.51,0,0,0,0.0
78f13530,5,348,3.9,4,2,1,0,0.6,3,6.0,-3.0,0.16,3.9,6.3,-2.5,0.39,0,0,0,0.0
79194648,0,0,0.0,0,0,0,6,0.0,0,0.0,0.0,0.0,0.0,0.0,0.0,0.0,0,0,0,0.0
79300479,6,222,2.5,2,0,4,0,2.5,3,1.0,2.0,-0.04,4.2,2.0,2.2,-0.74,0,0,0,0.0
79443529,2,112,1.2,1,0,1,0,2.0,2,1.0,1.0,-1.84,2.2,0.8,1.4,-1.24,0,0,0,0.0
79b0d6a0,7,630,7.0,7,7,0,1,1.86,12,6.0,6.0,1.86,13.7,4.5,9.1,0.95,630,7,7,7.0
7a04d899,0,0,0.0,0,0,0,3,0.0,0,0.0,0.0,0.0,0.0,0.0,0.0,0.0,0,0,0,0.0
7a2cf111,6,520,5.8,6,3,0,0,1.67,9,7.0,2.0,0.35,6.8,6.1,0.6,-1.73,0,0,0,0.0
7a4cea18,3,48,0.5,0,0,3,1,0.83,0,2.0,-2.0,-2.47,0.2,1.2,-1.0,-1.3,0,0,0,0.0
7aa8adfe,6,215,2.4,2,0,4,2,2.17,4,0.0,4.0,0.96,2.8,1.4,1.4,-0.93,0,0,0,0.0
7af31216,6,349,3.9,3,2,3,0,0.63,2,9.0,-7.0,0.08,3.4,8.0,-4.7,0.83,0,0,0,0.0
7b456af7,2,180,2.0,2,2,0,0,0.67,1,5.0,-4.0,-0.75,0.6,3.3,-2.6,-1.03,180,2,2,2.0
7b5ab7f2,2,130,1.4,2,0,0,0,1.5,1,1.0,0.0,-1.8,1.2,1.4,-0.2,1.27,0,0,0,0.0
7b9ecf02,6,495,5.5,6,5,0,0,1.33,4,8.0,-4.0,3.27,6.1,6.3,-0.2,0.51,0,0,0,0.0
7ba6d84e,8,720,8.0,8,8,0,0,2.38,14,6.0,8.0,0.0,16.4,6.3,10.1,0.0,720,8,8,8.0
7bf8ad6c,6,463,5.1,6,2,0,0,1.38,7,8.0,-1.0,-0.19,5.0,7.6,-2.6,-1.13,0,0,0,0.0
7c041bb2,0,0,0.0,0,0,0,4,0.0,0,0.0,0.0,0.0,0.0,0.0,0.0,0.0,0,0,0,0.0
7c106fcf,1,78,0.9,1,0,0,1,1.0,0,1.0,-1.0,-1.84,0.2,1.3,-1.1,-0.81,0,0,0,0.0
7c36ba90,0,0,0.0,0,0,0,5,0.0,0,0.0,0.0,0.0,0.0,0.0,0.0,0.0,0,0,0,0.0
7ca9f0f0,5,328,3.6,4,0,1,0,2.17,6,6.0,0.0,0.42,5.1,5.4,-0.3,0.96,0,0,0,0.0
7cb9de24,6,539,6.0,6,5,0,0,1.38,8,9.0,-1.0,-0.17,6.2,8.3,-2.1,-0.35,0,0,0,0.0
7cc5bd9c,3,15,0.2,0,0,3,3,1.5,0,1.0,-1.0,-5.66,0.0,1.4,-1.4,-8.01,0,0,0,0.0
7cd78926,5,446,5.0,5,4,0,1,1.43,7,8.0,-1.0,-0.2,4.6,6.6,-2.0,-0.3,0,0,0,0.0
7d7660da,6,192,2.1,1,0,5,0,1.33,3,6.0,-3.0,-3.22,2.2,3.8,-1.5,-1.85,0,0,0,0.0
7e6b3664,1,45,0.5,0,0,1,2,0.0,0,3.0,-3.0,-4.55,0.1,1.8,-1.7,-2.13,0,0,0,0.0
7e82a78f,2,87,1.0,1,0,1,0,0.5,0,2.0,-2.0,-1.22,0.2,2.4,-2.2,-1.88,0,0,0,0.0
7f8fb807,3,87,1.0,1,0,2,1,2.0,1,1.0,0.0,-0.79,0.9,0.3,0.6,0.41,0,0,0,0.0
7fdb872a,2,35,0.4,0,0,2,4,2.0,0,1.0,-1.0,-1.86,0.6,0.6,0.0,0.94,0,0,0,0.0
803e7aca,6,497,5.5,6,2,0,0,1.33,11,9.0,2.0,-3.82,7.7,5.7,2.0,-1.3,0,0,0,0.0
80556f08,4,199,2.2,3,0,1,2,1.75,2,4.0,-2.0,-0.9,3.1,3.3,-0.1,-0.05,0,0,0,0.0
8059806f,6,378,4.2,3,0,3,0,2.67,10,3.0,7.0,1.11,5.6,3.1,2.5,0.59,0,0,0,0.0
808035bd,6,540,6.0,6,6,0,0,1.33,9,5.0,4.0,0.0,9.0,5.9,3.0,0.0,0,0,0,0.0
8104e41e,8,551,6.1,6,2,2,0,1.63,12,11.0,1.0,0.16,8.9,7.1,1.8,-0.63,0,0,0,0.0
81069528,5,402,4.5,5,3,0,1,1.33,6,8.0,-2.0,0.2,4.0,7.5,-3.5,-0.36,0,0,0,0.0
81255c03,5,247,2.7,3,0,2,1,2.2,4,5.0,-1.0,-2.51,3.7,2.5,1.2,-0.8,0,0,0,0.0
81442ecb,2,159,1.8,2,1,0,0,1.5,3,2.0,1.0,0.57,1.5,2.1,-0.6,1.2,0,0,0,0.0
822d51d7,8,708,7.9,8,6,0,0,1.63,13,13.0,0.0,-2.14,11.0,7.9,3.0,-0.6,0,0,0,0.0
826e8b63,5,400,4.4,5,3,0,0,2.0,13,1.0,12.0,3.26,5.8,5.6,0.2,-0.09,0,0,0,0.0
82cfae2a,6,540,6.0,6,6,0,0,0.78,3,11.0,-8.0,0.0,3.3,9.2,-5.9,0.0,0,0,0,0.0
82e12fe7,2,104,1.2,1,0,1,0,1.5,1,2.0,-1.0,-0.87,1.6,2.2,-0.6,-0.2,0,0,0,0.0
82e9b1bb,7,369,4.1,3,3,4,1,1.86,5,7.0,-2.0,-3.56,5.0,4.3,0.7,0.17,0,0,0,0.0
82efe6fa,7,585,6.5,7,6,0,0,1.43,8,7.0,1.0,-2.51,11.4,4.9,6.5,-0.97,0,0,0,0.0
830a34ec,1,45,0.5,1,0,0,0,0.0,0,1.0,-1.0,-2.13,0.0,1.7,-1.7,-2.73,0,0,0,0.0
83300259,1,45,0.5,1,0,0,1,1.0,0,0.0,0.0,1.33,0.0,0.6,-0.6,-1.16,0,0,0,0.0
8382b207,3,74,0.8,1,0,2,0,2.0,0,0.0,0.0,-0.77,0.7,1.1,-0.4,-1.15,0,0,0,0.0
839c14e1,1,3,0.0,0,0,1,4,3.0,0,0.0,0.0,-0.84,0.2,0.0,0.2,4.28,0,0,0,0.0
83c06f3a,1,11,0.1,0,0,1,1,0.0,0,0.0,0.0,1.07,0.2,0.4,-0.1,-0.92,0,0,0,0.0
83e4643e,2,48,0.5,0,0,2,3,2.2,2,0.0,2.0,3.02,0.8,0.0,0.8,0.71,0,0,0,0.0
84399660,1,5,0.1,1,0,0,0,3.0,0,0.0,0.0,-1.35,0.0,0.0,0.0,-0.42,0,0,0,0.0
8593f88c,6,495,5.5,6,5,0,0,2.33,13,2.0,11.0,4.0,9.2,6.2,3.1,1.56,0,0,0,0.0
85bed4ee,6,405,4.5,3,3,3,0,2.67,8,2.0,6.0,0.0,6.5,3.5,3.1,1.07,0,0,0,0.0
85c76f0a,1,32,0.4,0,0,1,3,3.0,0,1.0,-1.0,-3.34,0.8,0.5,0.3,0.64,0,0,0,0.0
85f476cc,3,37,0.4,0,0,3,3,1.33,0,0.0,0.0,-0.72,0.7,0.4,0.3,0.48,0,0,0,0.0
85f61a89,0,0,0.0,0,0,0,6,0.0,0,0.0,0.0,0.0,0.0,0.0,0.0,0.0,0,0,0,0.0
8614496d,5,401,4.5,4,4,1,0,0.0,3,10.0,-7.0,-0.28,2.4,10.7,-8.3,-1.53,0,0,0,0.0
871961e8,0,0,0.0,0,0,0,2,0.0,0,0.0,0.0,0.0,0.0,0.0,0.0,0.0,0,0,0,0.0
8794e251,2,180,2.0,2,2,0,0,2.0,4,1.0,3.0,0.0,4.2,1.1,3.2,0.0,0,0,0,0.0
88968486,5,427,4.7,5,4,0,0,0.2,4,9.0,-5.0,-0.26,3.1,5.6,-2.5,0.3,0,0,0,0.0
890f108d,1,13,0.1,0,0,1,1,1.0,1,0.0,1.0,5.31,1.0,0.1,0.9,4.78,0,0,0,0.0
89c63f8c,2,151,1.7,2,1,0,2,0.5,1,3.0,-2.0,-2.58,2.8,2.0,0.8,-0.01,0,0,0,0.0
89f951b5,2,180,2.0,2,2,0,0,1.5,3,2.0,1.0,0.0,1.6,2.6,-1.0,0.0,0,0,0,0.0
8a2248b4,7,630,7.0,7,7,0,1,1.86,15,6.0,9.0,0.29,8.7,8.6,0.1,-0.54,630,7,7,7.0
8a56c04c,5,366,4.1,4,2,1,1,1.43,4,4.0,0.0,0.52,3.7,4.6,-1.0,0.65,0,0,0,0.0
8b0d9f35,4,192,2.1,2,1,2,0,1.0,1,4.0,-3.0,-1.92,1.5,3.6,-2.1,-0.99,0,0,0,0.0
8b3ab7ad,2,179,2.0,2,1,0,0,0.5,1,3.0,-2.0,-1.01,2.1,2.6,-0.5,-0.24,0,0,0,0.0
8b5504e1,6,379,4.2,4,2,2,0,2.17,8,3.0,5.0,1.75,5.0,3.0,2.0,0.68,0,0,0,0.0
8b788c01,1,30,0.3,0,0,1,0,3.0,2,1.0,1.0,2.09,1.7,0.8,0.9,1.52,0,0,0,0.0
8bc373ea,4,293,3.3,3,2,1,1,0.5,1,9.0,-8.0,-2.09,1.8,5.8,-4.0,-1.33,0,0,0,0.0
8c1de7b4,0,0,0.0,0,0,0,1,0.0,0,0.0,0.0,0.0,0.0,0.0,0.0,0.0,0,0,0,0.0
8c5506ec,4,303,3.4,4,2,0,0,0.0,1,5.0,-4.0,-0.43,2.0,4.3,-2.3,-0.23,0,0,0,0.0
8c725b43,4,289,3.2,3,3,1,2,2.5,5,3.0,2.0,-1.53,3.7,3.5,0.3,-0.72,0,0,0,0.0
8cd49575,1,28,0.3,0,0,1,1,0.0,0,2.0,-2.0,-5.73,0.0,0.3,-0.3,-0.8,0,0,0,0.0
8d62d31a,5,450,5.0,5,5,0,3,1.8,10,8.0,2.0,0.1,6.8,5.6,1.2,-0.64,0,0,0,0.0
8d7323e8,6,258,2.9,2,0,4,0,1.5,2,9.0,-7.0,-1.17,3.4,4.6,-1.1,0.18,0,0,0,0.0
8d78e732,2,180,2.0,2,2,0,0,0.5,3,4.0,-1.0,0.0,2.4,3.3,-0.9,0.0,0,0,0,0.0
8dcf77c0,5,185,2.1,2,0,3,1,1.4,5,5.0,0.0,-0.51,2.6,2.1,0.5,0.08,0,0,0,0.0
8df5b30f,6,206,2.3,2,0,4,0,1.5,3,5.0,-2.0,-0.6,1.5,3.6,-2.0,-0.31,0,0,0,0.0
8e0e6432,0,0,0.0,0,0,0,3,0.0,0,0.0,0.0,0.0,0.0,0.0,0.0,0.0,0,0,0,0.0
8e1430a2,0,0,0.0,0,0,0,1,0.0,0,0.0,0.0,0.0,0.0,0.0,0.0,0.0,0,0,0,0.0
8e235926,5,196,2.2,3,0,2,1,2.6,6,1.0,5.0,0.99,3.4,3.5,-0.1,-0.76,0,0,0,0.0
8e34b9f5,4,273,3.0,3,3,1,2,2.5,7,4.0,3.0,-0.02,6.1,2.6,3.5,0.57,0,0,0,0.0
8e456005,3,216,2.4,2,1,1,3,0.8,0,6.0,-6.0,-1.94,1.6,4.3,-2.7,-0.24,0,0,0,0.0
8e48dc61,5,378,4.2,4,4,1,1,2.4,9,1.0,8.0,1.9,6.3,1.1,5.2,1.05,0,0,0,0.0
8eb55dbb,8,691,7.7,8,1,0,0,2.0,7,3.0,4.0,0.52,8.8,4.8,3.9,1.16,0,0,0,0.0
8eeb8ba4,6,480,5.3,5,4,1,0,1.5,10,6.0,4.0,3.75,5.4,6.8,-1.4,1.57,0,0,0,0.0
8eef18aa,1,75,0.8,1,0,0,3,1.0,3,3.0,0.0,-0.39,1.5,0.9,0.6,0.67,0,0,0,0.0
8f5bfaac,5,328,3.6,4,0,1,0,1.14,3,7.0,-4.0,-0.25,2.5,5.7,-3.2,0.32,0,0,0,0.0
90339309,2,180,2.0,2,2,0,0,2.0,5,1.0,4.0,0.0,4.5,0.6,3.9,0.0,0,0,0,0.0
903b3b77,6,504,5.6,6,4,0,0,0.75,2,11.0,-9.0,-1.61,3.3,11.5,-8.2,-0.05,0,0,0,0.0
9052e98c,2,180,2.0,2,2,0,4,0.0,0,5.0,-5.0,-1.5,1.9,3.4,-1.5,-0.15,180,2,2,2.0
90b70194,5,279,3.1,4,1,1,0,1.0,2,5.0,-3.0,1.79,2.7,5.5,-2.8,1.21,0,0,0,0.0
90d7dda6,4,232,2.6,4,0,0,1,0.75,4,3.0,1.0,1.26,3.2,3.7,-0.5,-0.4,0,0,0,0.0
90def3ab,2,19,0.2,0,0,2,0,2.0,2,0.0,2.0,8.36,1.0,0.1,1.0,3.35,0,0,0,0.0
922dfade,5,367,4.1,4,3,1,1,2.56,9,4.0,5.0,0.71,7.7,2.6,5.1,1.2,0,0,0,0.0
92d6bdc9,1,1,0.0,0,0,1,0,0.0,0,0.0,0.0,0.17,0.0,0.0,0.0,0.45,0,0,0,0.0
92fa5d28,3,113,1.3,1,1,2,3,0.8,1,3.0,-2.0,-0.12,2.2,2.9,-0.6,0.16,0,0,0,0.0
9321b8ed,0,0,0.0,0,0,0,2,0.0,0,0.0,0.0,0.0,0.0,0.0,0.0,0.0,0,0,0,0.0
939bc634,8,720,8.0,8,8,0,0,1.13,13,13.0,0.0,0.0,7.3,13.3,-6.0,0.0,720,8,8,8.0
93c7658d,0,0,0.0,0,0,0,6,0.0,0,0.0,0.0,0.0,0.0,0.0,0.0,0.0,0,0,0,0.0
942b4f90,8,522,5.8,7,1,1,0,1.63,10,8.0,2.0,0.74,8.1,5.9,2.2,-0.29,0,0,0,0.0
9440e587,0,0,0.0,0,0,0,2,0.0,0,0.0,0.0,0.0,0.0,0.0,0.0,0.0,0,0,0,0.0
94b2001f,2,171,1.9,2,1,0,0,2.0,4,1.0,3.0,1.58,4.2,0.8,3.4,4.18,0,0,0,0.0
951f1739,5,252,2.8,3,0,2,1,1.4,7,3.0,4.0,2.05,4.2,2.6,1.6,0.74,0,0,0,0.0
952afd27,6,451,5.0,5,4,1,0,0.67,5,7.0,-2.0,2.63,5.3,7.3,-2.0,2.31,0,0,0,0.0
953597a1,0,0,0.0,0,0,0,2,0.0,0,0.0,0.0,0.0,0.0,0.0,0.0,0.0,0,0,0,0.0
9614b550,6,493,5.5,6,4,0,0,1.33,10,8.0,2.0,1.16,5.7,8.5,-2.8,0.72,0,0,0,0.0
972aeb2a,2,180,2.0,2,2,0,4,1.5,1,2.0,-1.0,-2.0,2.1,1.4,0.8,-1.43,0,0,0,0.0
975eda74,4,189,2.1,2,1,2,2,0.0,2,4.0,-2.0,0.84,1.4,3.7,-2.4,0.5,0,0,0,0.0
97e2aa67,3,127,1.4,1,0,2,2,1.33,1,1.0,0.0,-0.44,0.9,1.6,-0.7,-0.88,0,0,0,0.0
980522ec,6,418,4.6,5,3,1,0,2.5,10,2.0,8.0,1.72,8.8,2.7,6.1,0.12,0,0,0,0.0
9866afec,5,302,3.4,3,0,2,0,1.0,4,4.0,0.0,-1.51,3.7,3.3,0.4,-0.84,0,0,0,0.0
988dfee2,5,450,5.0,5,5,0,0,1.71,7,8.0,-1.0,-0.2,5.5,7.9,-2.4,-0.17,0,0,0,0.0
9892485e,0,0,0.0,0,0,0,1,0.0,0,0.0,0.0,0.0,0.0,0.0,0.0,0.0,0,0,0,0.0
99047b00,0,0,0.0,0,0,0,8,0.0,0,0.0,0.0,0.0,0.0,0.0,0.0,0.0,0,0,0,0.0
9907b1c8,3,209,2.3,2,0,1,0,2.0,7,2.0,5.0,2.15,6.5,1.2,5.3,1.54,0,0,0,0.0
99127249,6,381,4.2,5,0,1,0,2.5,7,2.0,5.0,0.38,8.8,2.6,6.2,0.43,0,0,0,0.0
99351886,6,540,6.0,6,6,0,0,2.17,11,7.0,4.0,0.0,6.7,5.0,1.6,0.0,540,6,6,6.0
9937ce4a,6,492,5.5,6,2,0,0,1.0,4,8.0,-4.0,3.02,3.7,8.1,-4.4,2.78,0,0,0,0.0
9980269a,2,35,0.4,0,0,2,2,0.0,1,1.0,0.0,0.36,0.3,0.4,-0.2,-0.48,0,0,0,0.0
9a26fa06,0,0,0.0,0,0,0,2,0.0,0,0.0,0.0,0.0,0.0,0.0,0.0,0.0,0,0,0,0.0
9a64e67e,2,180,2.0,2,2,0,1,1.5,3,1.0,2.0,-0.5,3.3,0.9,2.4,0.43,0,0,0,0.0
9a71e978,2,112,1.2,1,0,1,4,3.0,2,1.0,1.0,-0.53,1.8,1.3,0.5,0.33,0,0,0,0.0
9a794238,3,76,0.8,1,0,2,3,3.0,3,2.0,1.0,0.6,1.9,0.5,1.5,1.72,0,0,0,0.0
9b23574b,0,0,0.0,0,0,0,1,0.0,0,0.0,0.0,0.0,0.0,0.0,0.0,0.0,0,0,0,0.0
9b3ab988,5,369,4.1,5,3,0,1,1.6,8,5.0,3.0,0.21,5.5,3.1,2.4,0.41,0,0,0,0.0
9b5849b8,0,0,0.0,0,0,0,2,0.0,0,0.0,0.0,0.0,0.0,0.0,0.0,0.0,0,0,0,0.0
9bc9a519,2,210,2.3,2,2,0,0,0.5,3,3.0,0.0,-0.5,4.1,2.4,1.7,0.47,0,0,0,0.0
9bf914b4,6,498,5.5,6,4,0,0,1.33,12,8.0,4.0,0.72,8.7,5.3,3.4,1.88,0,0,0,0.0
9c2b4382,4,104,1.2,2,0,2,1,2.0,2,3.0,-1.0,-0.87,0.9,2.8,-1.9,-1.53,0,0,0,0.0
9c2e7413,2,4,0.0,0,0,2,4,2.0,1,0.0,1.0,22.0,0.3,0.2,0.0,-0.39,0,0,0,0.0
9c435456,5,424,4.7,5,3,0,1,1.6,9,10.0,-1.0,0.56,7.3,7.4,-0.1,0.03,0,0,0,0.0
9c4f39b3,6,478,5.3,6,1,0,0,1.33,4,15.0,-11.0,-2.07,6.0,9.0,-3.0,-0.57,0,0,0,0.0
9c74fa25,5,380,4.2,5,2,0,0,1.0,2,8.0,-6.0,-1.42,5.1,5.5,-0.4,-0.06,0,0,0,0.0
9c94165b,7,396,4.4,3,3,4,0,2.71,11,4.0,7.0,1.31,8.5,4.4,4.1,-0.71,0,0,0,0.0
9cdc85e5,0,0,0.0,0,0,0,1,0.0,0,0.0,0.0,0.0,0.0,0.0,0.0,0.0,0,0,0,0.0
9ceb7642,6,388,4.3,4,2,2,0,0.6,1,7.0,-6.0,0.38,2.4,5.6,-3.2,-0.41,0,0,0,0.0
9d21da85,6,540,6.0,6,6,0,0,1.33,13,9.0,4.0,0.0,9.0,6.2,2.8,0.0,0,0,0,0.0
9d33c71a,0,0,0.0,0,0,0,1,0.0,0,0.0,0.0,0.0,0.0,0.0,0.0,0.0,0,0,0,0.0
9d689a5b,4,232,2.6,3,0,1,1,0.57,2,7.0,-5.0,-0.77,2.8,5.5,-2.7,-0.73,0,0,0,0.0
9d7d5334,2,19,0.2,0,0,2,1,3.0,0,0.0,0.0,-0.35,0.6,0.2,0.4,1.83,0,0,0,0.0
9d9e69df,5,295,3.3,3,1,2,0,0.6,2,6.0,-4.0,-0.85,2.8,6.2,-3.4,-0.56,0,0,0,0.0
9e1035f8,2,29,0.3,0,0,2,0,0.5,0,1.0,-1.0,-3.1,0.3,0.4,-0.1,0.11,0,0,0,0.0
9e17ccff,2,129,1.4,1,1,1,6,1.0,1,3.0,-2.0,-2.12,1.0,1.6,-0.6,-1.11,129,2,1,1.4
9e525177,2,156,1.7,2,1,0,2,2.0,3,3.0,0.0,-1.28,2.9,2.4,0.5,-1.23,0,0,0,0.0
9e7483ff,7,220,2.4,1,0,6,0,1.43,3,5.0,-2.0,-1.67,3.8,2.2,1.6,0.31,0,0,0,0.0
9f115e20,5,419,4.7,5,3,0,0,1.14,4,6.0,-2.0,2.55,3.6,6.7,-3.1,1.52,0,0,0,0.0
9f1893b9,6,437,4.9,5,4,1,0,1.33,8,10.0,-2.0,-0.41,6.4,7.6,-1.2,-1.15,0,0,0,0.0
9f84febe,3,145,1.6,2,1,1,2,3.0,3,1.0,2.0,0.77,3.9,0.8,3.1,0.89,0,0,0,0.0
9f8e9423,3,270,3.0,3,3,0,2,2.33,6,3.0,3.0,0.0,4.8,2.7,2.1,-0.9,0,0,0,0.0
a0415710,6,103,1.1,0,0,6,2,1.5,4,1.0,3.0,2.9,2.0,0.9,1.1,0.99,0,0,0,0.0
a04e2dd2,2,180,2.0,2,2,0,4,1.4,3,5.0,-2.0,0.5,1.0,2.9,-1.9,0.07,180,2,2,2.0
a04e47f0,0,0,0.0,0,0,0,1,0.0,0,0.0,0.0,0.0,0.0,0.0,0.0,0.0,0,0,0,0.0
a08b974a,2,68,0.8,0,0,2,0,1.5,2,2.0,0.0,-0.8,0.4,1.7,-1.3,-2.02,0,0,0,0.0
a0b730dc,4,199,2.2,2,2,2,1,1.0,1,4.0,-3.0,0.23,2.1,3.8,-1.7,1.07,0,0,0,0.0
a0c590b9,5,211,2.3,3,0,2,0,1.4,2,3.0,-1.0,0.94,3.5,3.4,0.1,0.22,0,0,0,0.0
a0f9b535,7,428,4.8,4,4,3,1,1.86,9,8.0,1.0,-0.35,6.2,5.3,0.9,-0.65,0,0,0,0.0
a18c2d65,0,0,0.0,0,0,0,1,0.0,0,0.0,0.0,0.0,0.0,0.0,0.0,0.0,0,0,0,0.0
a1c63a01,0,0,0.0,0,0,0,3,0.0,0,0.0,0.0,0.0,0.0,0.0,0.0,0.0,0,0,0,0.0
a1d5bd30,6,390,4.3,3,2,3,0,2.67,10,4.0,6.0,0.84,11.2,3.8,7.4,0.99,0,0,0,0.0
a29b1131,2,153,1.7,2,0,0,0,0.5,1,3.0,-2.0,-1.18,1.6,2.2,-0.5,-0.54,0,0,0,0.0
a29e5244,3,52,0.6,0,0,3,1,2.0,2,0.0,2.0,2.38,1.4,0.2,1.2,2.18,0,0,0,0.0
a2d873dd,6,397,4.4,5,2,1,0,0.33,1,8.0,-7.0,-0.33,2.6,6.0,-3.4,-0.53,0,0,0,0.0
a2f2d806,6,463,5.1,6,3,0,0,1.0,8,9.0,-1.0,0.97,7.1,6.2,0.9,1.11,0,0,0,0.0
a2f5d76e,0,0,0.0,0,0,0,1,0.0,0,0.0,0.0,0.0,0.0,0.0,0.0,0.0,0,0,0,0.0
a36524bf,2,180,2.0,2,2,0,0,0.5,1,3.0,-2.0,0.0,2.1,2.6,-0.5,0.0,0,0,0,0.0
a372a9f2,5,397,4.4,5,1,0,1,1.4,8,3.0,5.0,1.76,7.1,4.6,2.5,0.23,0,0,0,0.0
a3d524cb,0,0,0.0,0,0,0,8,0.0,0,0.0,0.0,0.0,0.0,0.0,0.0,0.0,0,0,0,0.0
a40819d9,1,7,0.1,0,0,1,4,3.0,0,0.0,0.0,-0.63,0.1,0.0,0.1,0.22,0,0,0,0.0
a4b1028a,3,262,2.9,3,2,0,1,1.67,7,5.0,2.0,0.5,4.3,3.0,1.3,-0.08,0,0,0,0.0
a53649b7,6,518,5.8,6,4,0,0,2.5,7,3.0,4.0,-3.4,11.0,3.6,7.4,-0.88,0,0,0,0.0
a5549ec1,2,146,1.6,2,1,0,0,2.2,2,3.0,-1.0,-2.22,1.7,1.9,-0.2,-1.39,0,0,0,0.0
a55ba2f8,3,173,1.9,2,1,1,1,0.0,1,4.0,-3.0,-1.07,1.5,5.1,-3.6,-1.62,0,0,0,0.0
a55d8df5,6,540,6.0,6,6,0,0,2.67,12,4.0,8.0,0.0,7.9,5.4,2.5,0.0,0,0,0,0.0
a62c16d0,2,167,1.9,2,1,0,0,2.0,4,1.0,3.0,-5.31,3.5,0.6,3.0,-4.78,0,0,0,0.0
a62f8bf1,4,185,2.1,2,1,2,0,2.0,4,3.0,1.0,0.17,3.1,1.9,1.2,0.11,0,0,0,0.0
a650c75b,1,52,0.6,1,0,0,0,3.0,2,0.0,2.0,2.06,1.8,0.1,1.6,1.22,0,0,0,0.0
a6979b0f,4,279,3.1,3,0,1,0,1.88,5,4.0,1.0,1.7,2.3,2.3,-0.1,1.41,0,0,0,0.0
a6de370d,6,419,4.7,4,2,2,0,2.67,9,4.0,5.0,-1.16,5.6,4.4,1.2,-0.77,0,0,0,0.0
a6de6361,0,0,0.0,0,0,0,7,0.0,0,0.0,0.0,0.0,0.0,0.0,0.0,0.0,0,0,0,0.0
a6ee4f55,2,116,1.3,1,1,1,0,2.0,3,1.0,2.0,-1.26,2.8,0.3,2.5,-0.01,0,0,0,0.0
a70b8345,8,675,7.5,8,7,0,0,2.0,7,3.0,4.0,0.53,8.6,5.0,3.6,0.32,675,8,8,7.5
a73c8f95,2,210,2.3,2,2,0,0,1.5,5,5.0,0.0,0.0,3.8,2.4,1.4,0.7,0,0,0,0.0
a74ea18d,5,230,2.6,2,0,3,1,1.0,6,3.0,3.0,0.88,5.3,3.2,2.1,0.54,0,0,0,0.0
a793f5a8,2,210,2.3,2,2,0,0,2.0,3,3.0,0.0,0.0,2.4,4.1,-1.7,-0.86,0,0,0,0.0
a7d48b00,5,132,1.5,1,0,4,1,2.0,4,1.0,3.0,1.82,2.0,1.4,0.6,0.2,0,0,0,0.0
a81dba8c,4,248,2.8,3,0,1,0,2.5,6,2.0,4.0,0.84,6.4,1.8,4.6,1.48,0,0,0,0.0
a81ed730,6,334,3.7,4,1,2,0,0.17,3,9.0,-6.0,-1.62,1.9,5.2,-3.3,-0.78,0,0,0,0.0
a83c19cf,2,102,1.1,1,0,1,1,1.5,1,1.0,0.0,-1.64,0.8,1.0,-0.2,-1.32,0,0,0,0.0
a8567629,1,120,1.3,1,1,0,1,3.0,3,2.0,1.0,1.75,2.2,1.8,0.3,-0.46,0,0,0,0.0
a865a3ec,0,0,0.0,0,0,0,4,0.0,0,0.0,0.0,0.0,0.0,0.0,0.0,0.0,0,0,0,0.0
a8a874f1,2,118,1.3,1,1,1,0,2.0,3,0.0,3.0,2.29,3.3,0.5,2.8,1.57,0,0,0,0.0
a8f41212,4,159,1.8,2,0,2,1,1.75,2,1.0,1.0,-0.14,3.5,1.2,2.3,1.12,0,0,0,0.0
a8fbae1d,6,465,5.2,5,5,1,0,1.67,6,4.0,2.0,0.39,5.9,5.5,0.4,-0.67,0,0,0,0.0
a9107589,4,360,4.0,4,4,0,2,0.6,0,6.0,-6.0,-0.5,2.2,6.2,-4.0,-0.07,360,4,4,4.0
a9142dc3,0,0,0.0,0,0,0,2,0.0,0,0.0,0.0,0.0,0.0,0.0,0.0,0.0,0,0,0,0.0
a919be14,5,190,2.1,2,0,3,1,1.14,3,2.0,1.0,0.99,2.9,2.0,1.0,1.26,0,0,0,0.0
a92ab7be,5,450,5.0,5,5,0,1,2.6,12,2.0,10.0,2.0,8.4,5.9,2.5,0.4,450,5,5,5.0
a93b6f4e,3,270,3.0,3,3,0,5,1.0,1,2.0,-1.0,-1.33,2.7,1.9,0.8,-0.31,0,0,0,0.0
a968014d,0,0,0.0,0,0,0,5,0.0,0,0.0,0.0,0.0,0.0,0.0,0.0,0.0,0,0,0,0.0
a99138af,3,68,0.8,0,0,3,3,2.33,1,1.0,0.0,-0.13,2.0,0.5,1.5,1.73,0,0,0,0.0
a9a6fc08,0,0,0.0,0,0,0,6,0.0,0,0.0,0.0,0.0,0.0,0.0,0.0,0.0,0,0,0,0.0
aa81d8f8,0,0,0.0,0,0,0,6,0.0,0,0.0,0.0,0.0,0.0,0.0,0.0,0.0,0,0,0,0.0
aa982b0f,6,506,5.6,6,4,0,0,0.67,4,9.0,-5.0,-0.89,4.9,9.1,-4.2,0.59,0,0,0,0.0
aaab4602,0,0,0.0,0,0,0,2,0.0,0,0.0,0.0,0.0,0.0,0.0,0.0,0.0,0,0,0,0.0
aad56ca3,7,452,5.0,5,1,2,0,1.43,9,8.0,1.0,-0.4,8.2,5.1,3.1,0.34,0,0,0,0.0
ab57e591,2,26,0.3,0,0,2,0,1.5,1,0.0,1.0,4.63,0.3,0.1,0.2,1.18,0,0,0,0.0
ab708880,0,0,0.0,0,0,0,1,0.0,0,0.0,0.0,0.0,0.0,0.0,0.0,0.0,0,0,0,0.0
abb3bb95,5,256,2.8,3,1,2,0,1.8,5,3.0,2.0,-0.85,3.4,2.7,0.8,0.29,0,0,0,0.0
abe66106,1,21,0.2,0,0,1,0,3.0,0,0.0,0.0,-0.57,0.1,0.5,-0.4,-1.22,0,0,0,0.0
ac295d9e,1,90,1.0,1,1,0,1,0.0,0,2.0,-2.0,-5.0,0.7,1.7,-1.0,-1.01,90,1,1,1.0
ac4961c8,6,259,2.9,3,1,3,0,1.5,3,9.0,-6.0,-0.48,3.6,4.0,-0.5,0.65,0,0,0,0.0
ac7e7b1c,0,0,0.0,0,0,0,6,0.0,0,0.0,0.0,0.0,0.0,0.0,0.0,0.0,0,0,0,0.0
ad3389d5,2,210,2.3,2,2,0,0,1.5,5,5.0,0.0,0.0,3.8,2.4,1.4,0.7,210,2,2,2.3
ad82197c,8,750,8.3,8,8,0,0,1.63,14,13.0,1.0,0.0,12.0,8.2,3.8,0.48,0,0,0,0.0
ad9b2747,2,180,2.0,2,2,0,0,0.5,1,3.0,-2.0,0.0,2.1,2.6,-0.5,0.0,0,0,0,0.0
adfbe1f5,2,201,2.2,2,1,0,0,2.0,2,3.0,-1.0,-10.45,2.3,4.1,-1.8,-1.24,0,0,0,0.0
ae05689a,6,511,5.7,6,5,0,0,1.33,9,5.0,4.0,0.7,8.8,5.9,2.8,-0.12,0,0,0,0.0
ae1159bf,1,77,0.9,1,0,0,1,1.0,0,1.0,-1.0,-5.54,1.6,0.1,1.4,-0.46,0,0,0,0.0
ae4e2852,2,135,1.5,2,0,0,0,2.0,3,1.0,2.0,-0.67,2.9,0.8,2.1,-0.81,0,0,0,0.0
ae94a6c5,5,77,0.9,0,0,5,3,2.0,2,1.0,1.0,0.61,1.2,0.6,0.6,-0.48,0,0,0,0.0
aee634bf,2,210,2.3,2,2,0,0,2.0,3,3.0,0.0,0.0,2.4,4.1,-1.7,-0.86,0,0,0,0.0
aeed5c06,2,73,0.8,1,0,1,0,1.5,1,1.0,0.0,0.0,1.0,0.3,0.6,0.54,0,0,0,0.0
af0c835b,8,528,5.9,6,2,2,0,1.25,3,11.0,-8.0,-1.36,5.4,10.0,-4.6,-0.57,0,0,0,0.0
af50141d,6,493,5.5,6,2,0,0,1.0,8,10.0,-2.0,-0.37,7.0,6.8,0.2,0.17,0,0,0,0.0
af686bed,6,498,5.5,6,3,0,0,1.38,8,8.0,0.0,2.14,5.8,8.2,-2.4,-0.96,0,0,0,0.0
af8ccfb1,0,0,0.0,0,0,0,4,0.0,0,0.0,0.0,0.0,0.0,0.0,0.0,0.0,0,0,0,0.0
afb0c500,8,750,8.3,8,8,0,0,1.63,14,13.0,1.0,0.0,12.0,8.2,3.8,0.48,750,8,8,8.3
afe0ed2e,0,0,0.0,0,0,0,3,0.0,0,0.0,0.0,0.0,0.0,0.0,0.0,0.0,0,0,0,0.0
b003239d,1,90,1.0,1,1,0,7,3.0,1,0.0,1.0,0.73,1.4,0.2,1.2,0.84,0,0,0,0.0
b026bbf6,5,299,3.3,3,3,2,1,2.2,5,4.0,1.0,-0.1,4.0,2.6,1.4,-0.13,0,0,0,0.0
b04411af,0,0,0.0,0,0,0,2,0.0,0,0.0,0.0,0.0,0.0,0.0,0.0,0.0,0,0,0,0.0
b063635e,0,0,0.0,0,0,0,1,0.0,0,0.0,0.0,0.0,0.0,0.0,0.0,0.0,0,0,0,0.0
b0f7e36c,1,90,1.0,1,1,0,0,1.0,1,1.0,0.0,-3.0,1.3,0.6,0.8,-1.58,0,0,0,0.0
b146275b,6,430,4.8,5,1,1,0,2.17,11,6.0,5.0,1.86,5.7,3.9,1.8,0.54,0,0,0,0.0
b1cd37e6,2,109,1.2,1,0,1,0,2.0,3,0.0,3.0,2.48,3.3,0.3,3.0,2.29,0,0,0,0.0
b2abe13d,0,0,0.0,0,0,0,2,0.0,0,0.0,0.0,0.0,0.0,0.0,0.0,0.0,0,0,0,0.0
b396a0b1,4,351,3.9,4,2,0,1,1.38,5,7.0,-2.0,-0.04,3.3,7.0,-3.6,-0.64,0,0,0,0.0
b3af9be1,6,364,4.0,4,2,2,0,2.5,6,3.0,3.0,-0.28,8.9,3.3,5.7,0.22,0,0,0,0.0
b3c67ed0,0,0,0.0,0,0,0,5,0.0,0,0.0,0.0,0.0,0.0,0.0,0.0,0.0,0,0,0,0.0
b3dc6eca,3,225,2.5,3,2,0,2,3.0,5,0.0,5.0,1.14,4.3,1.6,2.7,1.17,0,0,0,0.0
b4a98bb4,0,0,0.0,0,0,0,8,0.0,0,0.0,0.0,0.0,0.0,0.0,0.0,0.0,0,0,0,0.0
b4ef3fb5,0,0,0.0,0,0,0,8,0.0,0,0.0,0.0,0.0,0.0,0.0,0.0,0.0,0,0,0,0.0
b5f66351,5,375,4.2,5,2,0,1,1.0,5,6.0,-1.0,-0.5,2.5,6.8,-4.3,-0.61,0,0,0,0.0
b625b241,1,45,0.5,0,0,1,7,0.0,0,1.0,-1.0,-2.26,1.1,0.1,1.0,1.6,0,0,0,0.0
b62878a5,2,180,2.0,2,2,0,0,0.5,1,3.0,-2.0,0.0,2.1,2.6,-0.5,0.0,0,0,0,0.0
b66315ae,5,209,2.3,2,0,3,0,2.4,3,0.0,3.0,0.75,5.1,1.1,4.1,0.69,0,0,0,0.0
b682dcf6,1,90,1.0,1,1,0,4,1.0,0,0.0,0.0,1.8,0.2,0.5,-0.3,0.44,0,0,0,0.0
b684a484,6,338,3.8,4,1,2,1,2.17,1,1.0,0.0,-0.94,3.6,2.3,1.3,-0.23,0,0,0,0.0
b6964eb6,8,675,7.5,7,7,1,0,1.63,13,8.0,5.0,0.67,14.0,5.1,8.8,-0.11,0,0,0,0.0
b69dfb42,6,540,6.0,6,6,0,0,1.33,4,10.0,-6.0,0.0,6.2,6.7,-0.5,0.0,540,6,6,6.0
b6a1cdf9,6,224,2.5,2,0,4,0,1.33,2,6.0,-4.0,-2.18,2.8,4.0,-1.2,-0.76,0,0,0,0.0
b73f17f8,8,386,4.3,4,2,4,0,1.25,4,9.0,-5.0,-0.36,5.9,6.4,-0.5,1.1,0,0,0,0.0
b742cc0d,6,540,6.0,6,6,0,0,1.5,11,9.0,2.0,0.0,6.0,8.6,-2.6,0.0,0,0,0,0.0
b79d8e93,2,10,0.1,0,0,2,1,1.0,0,0.0,0.0,0.17,0.1,0.1,0.0,0.24,0,0,0,0.0
b7b27de0,8,252,2.8,2,0,6,0,1.13,4,5.0,-1.0,-0.55,2.1,3.6,-1.5,0.33,0,0,0,0.0
b7bf9318,0,0,0.0,0,0,0,4,0.0,0,0.0,0.0,0.0,0.0,0.0,0.0,0.0,0,0,0,0.0
b7de5bad,2,135,1.5,1,1,1,2,2.0,2,3.0,-1.0,-1.33,2.8,1.5,1.3,0.95,0,0,0,0.0
b83e17f9,0,0,0.0,0,0,0,3,0.0,0,0.0,0.0,0.0,0.0,0.0,0.0,0.0,0,0,0,0.0
b853e0ad,6,364,4.0,4,3,2,2,2.17,5,5.0,0.0,-2.02,9.3,4.0,5.3,0.08,0,0,0,0.0
b8814868,6,504,5.6,6,4,0,0,0.17,3,11.0,-8.0,-6.43,3.1,7.0,-3.9,-1.59,0,0,0,0.0
b91a6912,6,106,1.2,0,0,6,0,1.17,2,2.0,0.0,0.21,1.8,1.3,0.4,0.9,0,0,0,0.0
b9392438,4,281,3.1,4,0,0,2,1.83,5,4.0,1.0,1.02,3.3,3.5,-0.2,0.58,0,0,0,0.0
b956af7d,6,435,4.8,5,4,1,0,1.0,3,8.0,-5.0,1.54,2.8,7.1,-4.3,0.42,0,0,0,0.0
ba3d3bea,6,366,4.1,4,2,2,0,1.33,7,7.0,0.0,1.03,6.3,6.8,-0.4,-0.24,0,0,0,0.0
ba492306,1,9,0.1,0,0,1,1,3.0,0,0.0,0.0,-1.58,0.0,0.2,-0.2,-4.47,0,0,0,0.0
ba6d9ff6,6,326,3.6,3,2,3,0,1.14,6,5.0,1.0,1.12,4.4,5.4,-1.0,0.18,0,0,0,0.0
bac46a10,7,539,6.0,6,4,1,0,2.57,10,4.0,6.0,0.01,12.5,4.9,7.6,0.03,0,0,0,0.0
bb598858,4,186,2.1,2,2,2,2,1.33,1,6.0,-5.0,-2.17,0.7,5.3,-4.6,-1.87,0,0,0,0.0
bb718263,5,369,4.1,5,2,0,0,1.0,5,6.0,-1.0,-2.88,5.1,3.8,1.3,-0.45,0,0,0,0.0
bba30585,0,0,0.0,0,0,0,2,0.0,0,0.0,0.0,0.0,0.0,0.0,0.0,0.0,0,0,0,0.0
bbf5c11b,1,5,0.1,0,0,1,1,0.0,0,1.0,-1.0,-19.03,0.1,0.4,-0.3,-5.59,0,0,0,0.0
bc08556f,2,29,0.3,0,0,2,1,0.0,0,0.0,0.0,1.59,0.4,0.1,0.2,2.35,0,0,0,0.0
bc62d898,0,0,0.0,0,0,0,2,0.0,0,0.0,0.0,0.0,0.0,0.0,0.0,0.0,0,0,0,0.0
bc6e544a,2,163,1.8,2,1,0,0,1.5,1,2.0,-1.0,-0.55,2.0,2.9,-0.9,-0.47,0,0,0,0.0
bc7b4580,2,94,1.0,2,1,0,2,1.5,0,3.0,-3.0,-2.15,0.7,1.9,-1.2,-0.59,0,0,0,0.0
bc7dc64d,6,260,2.9,2,0,4,0,2.5,3,1.0,2.0,-0.27,5.3,1.7,3.5,-0.19,0,0,0,0.0
bced0375,6,512,5.7,6,5,0,1,1.67,12,6.0,6.0,-0.68,6.4,7.8,-1.4,-1.12,0,0,0,0.0
bceda5ff,0,0,0.0,0,0,0,2,0.0,0,0.0,0.0,0.0,0.0,0.0,0.0,0.0,0,0,0,0.0
bcf5058a,1,90,1.0,1,1,0,7,0.0,1,2.0,-1.0,-1.86,1.3,1.0,0.3,-0.95,90,1,1,1.0
bd142efb,2,210,2.3,2,2,0,0,1.5,5,5.0,0.0,0.0,3.8,2.4,1.4,0.7,0,0,0,0.0
bd2f622a,2,50,0.6,0,0,2,3,1.0,0,1.0,-1.0,0.04,0.2,1.2,-1.0,-0.35,0,0,0,0.0
bde35051,0,0,0.0,0,0,0,2,0.0,0,0.0,0.0,0.0,0.0,0.0,0.0,0.0,0,0,0,0.0
bdf8165d,6,304,3.4,4,0,2,0,1.33,1,2.0,-1.0,-2.2,4.3,3.2,1.2,-0.36,0,0,0,0.0
be47b750,5,183,2.0,2,1,3,1,1.4,2,3.0,-1.0,-1.25,2.6,2.0,0.6,0.2,0,0,0,0.0
be855308,6,540,6.0,6,6,0,0,1.17,8,9.0,-1.0,0.0,6.2,8.3,-2.1,0.0,540,6,6,6.0
beb882a8,5,294,3.3,3,2,2,1,2.6,9,1.0,8.0,1.72,6.9,2.1,4.8,2.3,0,0,0,0.0
bece776f,3,90,1.0,1,0,2,0,3.0,2,0.0,2.0,0.8,1.7,0.5,1.2,0.88,0,0,0,0.0
bee0bab1,0,0,0.0,0,0,0,1,0.0,0,0.0,0.0,0.0,0.0,0.0,0.0,0.0,0,0,0,0.0
bf075f6b,1,29,0.3,0,0,1,0,1.0,0,1.0,-1.0,-5.04,0.3,0.5,-0.2,-1.12,0,0,0,0.0
bf12926c,3,103,1.1,1,0,2,2,2.0,2,3.0,-1.0,-1.49,2.4,1.6,0.9,0.72,0,0,0,0.0
bf25cb29,2,31,0.3,0,0,2,3,1.5,0,0.0,0.0,-0.35,0.2,0.8,-0.6,-1.5,0,0,0,0.0
bf34eebd,3,106,1.2,1,0,2,0,2.0,2,1.0,1.0,-0.47,1.7,1.4,0.3,0.17,0,0,0,0.0
bf4c41f9,6,344,3.8,4,0,2,0,1.5,5,3.0,2.0,0.3,5.7,3.1,2.6,0.31,0,0,0,0.0
bf80db4d,6,540,6.0,6,6,0,0,1.67,8,9.0,-1.0,0.0,6.2,8.9,-2.7,0.0,0,0,0,0.0
bf82b02a,0,0,0.0,0,0,0,6,0.0,0,0.0,0.0,0.0,0.0,0.0,0.0,0.0,0,0,0,0.0
bf8eed47,0,0,0.0,0,0,0,6,0.0,0,0.0,0.0,0.0,0.0,0.0,0.0,0.0,0,0,0,0.0
bfc5768b,5,268,3.0,3,0,2,1,0.2,3,4.0,-1.0,1.32,1.8,3.4,-1.6,0.1,0,0,0,0.0
bfccbd93,0,0,0.0,0,0,0,2,0.0,0,0.0,0.0,0.0,0.0,0.0,0.0,0.0,0,0,0,0.0
bfd522a6,0,0,0.0,0,0,0,5,0.0,0,0.0,0.0,0.0,0.0,0.0,0.0,0.0,0,0,0,0.0
c0347e9b,1,90,1.0,1,1,0,2,3.0,2,1.0,1.0,-0.29,1.6,1.0,0.6,0.54,0,0,0,0.0
c0a38fb2,1,1,0.0,0,0,1,2,0.0,0,0.0,0.0,1.0,0.0,0.0,0.0,1.02,0,0,0,0.0
c13ddd3e,1,18,0.2,0,0,1,1,1.0,0,0.0,0.0,-1.67,0.3,0.0,0.3,-0.25,0,0,0,0.0
c1851bfd,5,450,5.0,5,5,0,0,0.8,4,8.0,-4.0,0.2,4.6,8.8,-4.1,-0.27,0,0,0,0.0
c1949191,3,259,2.9,3,2,0,3,2.0,4,3.0,1.0,-1.41,3.4,3.0,0.4,0.07,0,0,0,0.0
c1edd471,0,0,0.0,0,0,0,1,0.0,0,0.0,0.0,0.0,0.0,0.0,0.0,0.0,0,0,0,0.0
c25b2143,0,0,0.0,0,0,0,2,0.0,0,0.0,0.0,0.0,0.0,0.0,0.0,0.0,0,0,0,0.0
c25f14a7,0,0,0.0,0,0,0,2,0.0,0,0.0,0.0,0.0,0.0,0.0,0.0,0.0,0,0,0,0.0
c275947b,2,180,2.0,2,2,0,0,2.0,5,1.0,4.0,0.0,4.5,0.6,3.9,0.0,0,0,0,0.0
c284d6fb,0,0,0.0,0,0,0,4,3.0,0,0.0,0.0,0.0,0.0,0.0,0.0,0.0,0,0,0,0.0
c2dadbf3,0,0,0.0,0,0,0,6,0.0,0,0.0,0.0,0.0,0.0,0.0,0.0,0.0,0,0,0,0.0
c36c7fa4,0,0,0.0,0,0,0,1,0.0,0,0.0,0.0,0.0,0.0,0.0,0.0,0.0,0,0,0,0.0
c4987edc,7,630,7.0,7,7,0,0,2.29,7,2.0,5.0,1.71,8.5,4.4,4.1,0.94,0,0,0,0.0
c4e87b8b,2,135,1.5,2,1,0,0,2.0,2,3.0,-1.0,-2.05,2.6,2.2,0.5,-1.17,0,0,0,0.0
c4f5eb61,1,29,0.3,0,0,1,5,3.0,2,0.0,2.0,5.15,1.5,0.0,1.5,3.91,0,0,0,0.0
c54638ba,2,17,0.2,0,0,2,1,1.5,0,0.0,0.0,0.34,0.4,0.0,0.4,2.24,0,0,0,0.0
c5642098,0,0,0.0,0,0,0,1,0.0,0,0.0,0.0,0.0,0.0,0.0,0.0,0.0,0,0,0,0.0
c5bdb6e3,4,163,1.8,2,1,2,1,3.0,3,0.0,3.0,1.18,3.3,1.2,2.1,-0.26,0,0,0,0.0
c5cbbcff,2,173,1.9,2,1,0,0,0.5,1,3.0,-2.0,-1.04,1.8,2.3,-0.5,0.12,0,0,0,0.0
c6220452,0,0,0.0,0,0,0,2,0.0,0,0.0,0.0,0.0,0.0,0.0,0.0,0.0,0,0,0,0.0
c631ba63,0,0,0.0,0,0,0,6,0.0,0,0.0,0.0,0.0,0.0,0.0,0.0,0.0,0,0,0,0.0
c63f6e46,4,159,1.8,2,0,2,0,0.63,1,1.0,0.0,2.13,2.8,1.7,1.1,1.74,0,0,0,0.0
c6486b01,6,462,5.1,5,2,1,0,1.33,10,6.0,4.0,2.17,5.4,7.0,-1.6,1.21,0,0,0,0.0
c678ddd7,3,300,3.3,3,3,0,4,0.67,4,4.0,0.0,-0.6,5.1,3.3,1.8,0.15,0,0,0,0.0
c68b1b13,1,63,0.7,1,0,0,5,0.0,0,0.0,0.0,-0.55,0.6,0.7,-0.1,-0.6,0,0,0,0.0
c6cf860f,1,71,0.8,1,0,0,4,1.0,1,0.0,1.0,-0.46,0.8,0.7,0.1,-0.38,0,0,0,0.0
c707411f,1,90,1.0,1,1,0,1,0.67,1,2.0,-1.0,0.6,0.3,1.2,-0.9,-0.33,0,0,0,0.0
c71e97ba,6,540,6.0,6,6,0,0,0.17,5,11.0,-6.0,0.0,3.6,7.1,-3.5,0.0,0,0,0,0.0
c738a5ec,0,0,0.0,0,0,0,1,0.0,0,0.0,0.0,0.0,0.0,0.0,0.0,0.0,0,0,0,0.0
c75f04f4,1,17,0.2,0,0,1,1,3.0,0,0.0,0.0,-1.38,0.1,0.3,-0.2,-1.36,0,0,0,0.0
c7842dab,5,376,4.2,4,3,1,2,2.4,8,2.0,6.0,0.39,4.8,6.1,-1.3,-0.85,0,0,0,0.0
c8d1c3a5,0,0,0.0,0,0,0,1,0.0,0,0.0,0.0,0.0,0.0,0.0,0.0,0.0,0,0,0,0.0
c9817014,2,161,1.8,2,0,0,0,2.0,3,1.0,2.0,-8.36,3.5,0.6,2.9,-3.35,0,0,0,0.0
c997b942,4,198,2.2,1,1,3,2,2.25,5,1.0,4.0,0.77,4.0,0.7,3.3,0.89,0,0,0,0.0
c9e39d91,6,436,4.8,5,1,1,0,2.5,7,2.0,5.0,-1.56,5.6,2.4,3.2,-1.44,0,0,0,0.0
ca3478f9,1,11,0.1,0,0,1,5,1.5,0,1.0,-1.0,-6.48,0.0,1.2,-1.2,-8.7,0,0,0,0.0
ca3fff03,0,0,0.0,0,0,0,6,0.0,0,0.0,0.0,0.0,0.0,0.0,0.0,0.0,0,0,0,0.0
ca607d59,2,172,1.9,2,1,0,0,1.5,0,2.0,-2.0,-12.3,1.9,3.0,-1.1,-2.17,0,0,0,0.0
ca618d23,1,83,0.9,1,0,0,3,1.0,1,0.0,1.0,-0.69,0.9,0.7,0.1,-0.33,0,0,0,0.0
ca6edaa0,3,42,0.5,0,0,3,3,1.0,0,0.0,0.0,0.36,1.2,0.1,1.1,2.51,0,0,0,0.0
cac2537b,6,322,3.6,4,0,2,0,1.5,7,9.0,-2.0,-2.21,2.8,7.2,-4.4,-1.97,0,0,0,0.0
cad3fd4d,2,45,0.5,0,0,2,0,0.5,1,1.0,0.0,-0.38,1.0,0.2,0.8,3.2,0,0,0,0.0
cb455fb5,0,0,0.0,0,0,0,1,0.0,0,0.0,0.0,0.0,0.0,0.0,0.0,0.0,0,0,0,0.0
cba84991,0,0,0.0,0,0,0,6,0.0,0,0.0,0.0,0.0,0.0,0.0,0.0,0.0,0,0,0,0.0
cbeed9e6,2,28,0.3,0,0,2,2,2.0,0,1.0,-1.0,-1.46,0.4,1.5,-1.0,-1.93,0,0,0,0.0
cc1c5035,0,0,0.0,0,0,0,2,0.0,0,0.0,0.0,0.0,0.0,0.0,0.0,0.0,0,0,0,0.0
cc70a1d5,0,0,0.0,0,0,0,1,0.0,0,0.0,0.0,0.0,0.0,0.0,0.0,0.0,0,0,0,0.0
cc8312b4,0,0,0.0,0,0,0,2,0.0,0,0.0,0.0,0.0,0.0,0.0,0.0,0.0,0,0,0,0.0
ccd38335,6,363,4.0,5,0,1,0,1.33,6,5.0,1.0,-1.28,4.5,3.9,0.6,-0.96,0,0,0,0.0
cd6a1a59,5,418,4.6,5,4,0,0,2.0,8,4.0,4.0,2.34,5.8,4.0,1.9,1.03,0,0,0,0.0
ce81d82d,0,0,0.0,0,0,0,2,0.0,0,0.0,0.0,0.0,0.0,0.0,0.0,0.0,0,0,0,0.0
cf1ef7ec,2,71,0.8,1,0,1,0,1.5,2,3.0,-1.0,-1.53,1.5,2.0,-0.6,-1.33,0,0,0,0.0
cf8ef0a1,5,254,2.8,3,0,2,1,1.2,2,6.0,-4.0,-2.05,3.0,3.6,-0.6,-0.42,0,0,0,0.0
cf9bdd43,5,450,5.0,5,5,0,1,2.6,11,6.0,5.0,2.0,6.3,4.3,2.0,0.79,0,0,0,0.0
cfd68aa7,4,315,3.5,3,3,1,2,0.0,0,6.0,-6.0,-0.51,2.1,8.0,-5.9,-0.55,315,4,3,3.5
d01bbb6f,5,374,4.2,5,0,0,1,2.6,9,2.0,7.0,0.06,6.1,3.9,2.3,0.38,0,0,0,0.0
d03380ec,3,118,1.3,1,0,2,1,0.0,0,3.0,-3.0,-1.01,0.7,2.1,-1.4,0.48,0,0,0,0.0
d080ed5e,5,361,4.0,5,2,0,1,2.4,5,1.0,4.0,-1.01,5.2,1.9,3.3,-0.36,0,0,0,0.0
d0a0858e,2,180,2.0,2,2,0,0,0.5,1,5.0,-4.0,-2.67,0.6,4.5,-3.9,-1.59,0,0,0,0.0
d0a39bdf,0,0,0.0,0,0,0,2,0.0,0,0.0,0.0,0.0,0.0,0.0,0.0,0.0,0,0,0,0.0
d1a08b5a,0,0,0.0,0,0,0,4,0.0,0,0.0,0.0,0.0,0.0,0.0,0.0,0.0,0,0,0,0.0
d1b49282,6,215,2.4,2,1,4,1,2.67,1,0.0,1.0,-0.12,3.1,1.0,2.1,0.61,0,0,0,0.0
d2795011,3,210,2.3,3,0,0,3,0.75,1,0.0,1.0,3.16,2.9,1.8,1.1,1.8,0,0,0,0.0
d2800f47,6,219,2.4,2,1,4,0,2.43,5,5.0,0.0,-1.68,3.7,2.9,0.7,-0.97,0,0,0,0.0
d29202c2,5,276,3.1,3,1,2,1,1.0,5,4.0,1.0,0.53,3.6,5.3,-1.7,0.31,0,0,0,0.0
d2c580ce,6,260,2.9,3,1,3,0,2.33,4,2.0,2.0,-1.88,2.9,5.0,-2.2,-2.26,0,0,0,0.0
d2ddff2d,3,136,1.5,1,1,2,4,2.0,4,1.0,3.0,0.91,2.4,1.2,1.2,0.84,0,0,0,0.0
d33c706e,1,45,0.5,1,0,0,0,0.0,0,2.0,-2.0,-3.2,0.2,1.4,-1.1,-1.78,0,0,0,0.0
d3aaad90,6,284,3.2,3,2,3,0,1.67,5,4.0,1.0,-0.51,6.2,1.9,4.3,0.3,0,0,0,0.0
d4133fa1,4,292,3.2,3,3,1,1,0.75,1,7.0,-6.0,-0.76,3.7,6.1,-2.4,-0.24,0,0,0,0.0
d4535821,6,338,3.8,3,1,3,0,1.33,8,7.0,1.0,1.6,5.1,4.8,0.3,0.29,0,0,0,0.0
d46d048f,5,217,2.4,2,1,3,1,0.2,4,6.0,-2.0,0.29,1.6,2.7,-1.1,0.2,0,0,0,0.0
d4808594,2,30,0.3,0,0,2,0,1.5,0,0.0,0.0,-1.41,0.1,0.3,-0.2,-1.78,0,0,0,0.0
d4822868,2,12,0.1,0,0,2,1,0.5,1,0.0,1.0,8.69,0.2,0.0,0.2,2.0,0,0,0,0.0
d4aa40b8,2,57,0.6,0,0,2,4,0.0,0,2.0,-2.0,-3.16,0.4,1.4,-1.0,-1.81,0,0,0,0.0
d4c6ba22,0,0,0.0,0,0,0,2,0.0,0,0.0,0.0,0.0,0.0,0.0,0.0,0.0,0,0,0,0.0
d5127c3f,6,395,4.4,5,0,1,0,1.0,9,9.0,0.0,1.24,6.1,5.6,0.5,0.34,0,0,0,0.0
d5161564,1,7,0.1,0,0,1,2,0.0,0,0.0,0.0,1.01,0.0,0.0,0.0,0.37,0,0,0,0.0
d5efd527,6,492,5.5,6,4,0,0,0.89,2,10.0,-8.0,4.16,4.0,11.2,-7.1,2.07,0,0,0,0.0
d617bff6,0,0,0.0,0,0,0,2,0.0,0,0.0,0.0,0.0,0.0,0.0,0.0,0.0,0,0,0,0.0
d633fd46,0,0,0.0,0,0,0,4,0.0,0,0.0,0.0,0.0,0.0,0.0,0.0,0.0,0,0,0,0.0
d682f554,5,393,4.4,5,0,0,1,2.0,7,5.0,2.0,-0.77,4.4,4.1,0.4,-0.71,0,0,0,0.0
d6f866ba,5,247,2.7,3,1,2,1,0.86,1,8.0,-7.0,-1.94,1.9,4.6,-2.7,0.85,0,0,0,0.0
d705ba44,7,398,4.4,5,1,2,1,1.43,6,4.0,2.0,-0.39,7.8,2.8,4.9,-0.14,0,0,0,0.0
d7354a36,4,72,0.8,1,0,3,2,1.4,0,1.0,-1.0,-1.25,0.1,1.9,-1.8,-2.12,0,0,0,0.0
d79a8c87,6,513,5.7,6,5,0,0,2.5,8,3.0,5.0,0.88,11.7,4.1,7.7,0.34,0,0,0,0.0
d7abc42e,6,539,6.0,6,5,0,0,1.0,4,10.0,-6.0,-1.0,3.8,9.9,-6.1,-1.02,0,0,0,0.0
d85c238b,5,314,3.5,4,1,1,0,1.6,7,3.0,4.0,3.54,6.4,4.3,2.1,1.53,0,0,0,0.0
d87e2cae,6,471,5.2,6,2,0,0,2.67,10,4.0,6.0,-1.46,6.5,4.9,1.6,-0.93,0,0,0,0.0
d8931174,4,144,1.6,1,1,3,2,2.25,2,1.0,1.0,-0.47,2.4,1.1,1.3,-0.55,0,0,0,0.0
d8bffa70,5,349,3.9,4,2,1,0,0.86,3,9.0,-6.0,-0.13,2.1,9.8,-7.7,-1.49,0,0,0,0.0
d93c2511,6,129,1.4,1,0,5,1,3.0,6,1.0,5.0,3.03,4.2,1.0,3.2,1.22,0,0,0,0.0
d9565625,7,469,5.2,6,3,1,1,2.57,9,2.0,7.0,0.98,11.4,2.8,8.6,1.13,0,0,0,0.0
d9764034,5,386,4.3,4,4,1,1,2.6,9,5.0,4.0,1.67,5.4,4.7,0.7,-0.59,0,0,0,0.0
d99830de,5,52,0.6,0,0,5,1,1.43,2,0.0,2.0,4.01,1.1,0.2,0.9,2.05,0,0,0,0.0
d9ac09e2,4,273,3.0,3,2,1,1,1.0,1,5.0,-4.0,0.37,2.6,7.9,-5.3,-0.55,0,0,0,0.0
d9ba39fc,5,429,4.8,5,4,0,0,2.4,9,2.0,7.0,0.66,7.1,1.4,5.6,1.2,0,0,0,0.0
d9d43555,1,59,0.7,1,0,0,0,3.0,0,0.0,0.0,0.74,0.4,0.7,-0.3,0.04,0,0,0,0.0
da0f6d45,0,0,0.0,0,0,0,6,0.0,0,0.0,0.0,0.0,0.0,0.0,0.0,0.0,0,0,0,0.0
da4d670f,7,543,6.0,7,3,0,1,1.86,13,5.0,8.0,0.31,7.5,7.9,-0.4,-0.58,0,0,0,0.0
da7f2781,6,494,5.5,6,4,0,0,1.33,3,9.0,-6.0,-1.09,5.7,5.9,-0.2,0.57,0,0,0,0.0
dab1b8dc,0,0,0.0,0,0,0,7,0.0,0,0.0,0.0,0.0,0.0,0.0,0.0,0.0,0,0,0,0.0
daf2b2ad,0,0,0.0,0,0,0,2,0.0,0,0.0,0.0,0.0,0.0,0.0,0.0,0.0,0,0,0,0.0
dbd1b101,1,90,1.0,1,1,0,5,1.0,1,1.0,0.0,-2.0,1.1,1.0,0.1,-0.4,90,1,1,1.0
dbf053da,6,332,3.7,4,1,2,1,2.17,6,4.0,2.0,-0.85,6.5,3.0,3.6,-0.56,0,0,0,0.0
dc45ac24,6,350,3.9,4,1,2,0,1.38,5,7.0,-2.0,-0.99,3.3,6.4,-3.1,-1.26,0,0,0,0.0
dc52c72f,3,247,2.7,3,2,0,3,0.0,2,5.0,-3.0,-0.17,2.0,3.3,-1.3,0.19,0,0,0,0.0
dce33bf6,0,0,0.0,0,0,0,6,0.0,0,0.0,0.0,0.0,0.0,0.0,0.0,0.0,0,0,0,0.0
dcfb17f4,2,108,1.2,1,0,1,0,1.5,4,3.0,1.0,1.72,2.5,1.7,0.8,0.11,0,0,0,0.0
dd676a97,5,127,1.4,1,0,4,0,2.2,4,0.0,4.0,1.53,2.8,2.7,0.1,-0.48,0,0,0,0.0
dd95af65,1,6,0.1,0,0,1,2,0.0,0,1.0,-1.0,-14.83,0.0,0.3,-0.3,-3.36,0,0,0,0.0
de488e56,2,82,0.9,0,0,2,0,0.5,0,1.0,-1.0,-0.11,0.3,2.2,-1.9,-1.67,0,0,0,0.0
de4fe7a2,4,149,1.7,1,0,3,2,0.67,0,4.0,-4.0,-1.5,0.6,2.6,-2.0,-0.33,0,0,0,0.0
de89f3c3,1,30,0.3,0,0,1,5,1.0,0,0.0,0.0,0.18,0.3,0.1,0.3,1.35,0,0,0,0.0
dea698d9,6,530,5.9,6,5,0,0,2.5,10,3.0,7.0,0.71,13.1,3.8,9.3,1.22,0,0,0,0.0
dead55e5,6,463,5.1,5,4,1,0,1.5,11,6.0,5.0,4.48,5.8,6.0,-0.3,2.71,0,0,0,0.0
dee86451,5,151,1.7,2,0,3,0,2.6,5,0.0,5.0,2.29,3.2,1.0,2.2,1.24,0,0,0,0.0
df000dea,0,0,0.0,0,0,0,2,0.0,0,0.0,0.0,0.0,0.0,0.0,0.0,0.0,0,0,0,0.0
df4153d2,0,0,0.0,0,0,0,1,0.0,0,0.0,0.0,0.0,0.0,0.0,0.0,0.0,0,0,0,0.0
df5c6206,0,0,0.0,0,0,0,1,0.0,0,0.0,0.0,0.0,0.0,0.0,0.0,0.0,0,0,0,0.0
df8d6029,5,450,5.0,5,5,0,3,2.2,10,7.0,3.0,0.6,7.3,4.9,2.4,-0.06,0,0,0,0.0
dfc5d4fa,0,0,0.0,0,0,0,5,0.0,0,0.0,0.0,0.0,0.0,0.0,0.0,0.0,0,0,0,0.0
dff0c299,0,0,0.0,0,0,0,5,0.0,0,0.0,0.0,0.0,0.0,0.0,0.0,0.0,0,0,0,0.0
dff153a4,2,71,0.8,1,0,1,0,2.0,1,1.0,0.0,-2.48,0.9,0.7,0.1,-2.31,0,0,0,0.0
e0782abd,0,0,0.0,0,0,0,2,0.0,0,0.0,0.0,0.0,0.0,0.0,0.0,0.0,0,0,0,0.0
e08647d6,3,139,1.5,2,0,1,1,2.0,1,1.0,0.0,-1.8,2.0,0.7,1.2,-0.18,0,0,0,0.0
e0921a4f,5,348,3.9,4,1,1,0,1.2,7,3.0,4.0,0.79,7.2,3.1,4.0,-0.28,0,0,0,0.0
e09436fb,4,13,0.1,0,0,4,2,1.25,1,1.0,0.0,-0.68,0.3,0.3,0.0,-0.73,0,0,0,0.0
e0b113a7,2,210,2.3,2,2,0,0,1.5,5,5.0,0.0,0.0,3.8,2.4,1.4,0.7,0,0,0,0.0
e0b5ac38,1,17,0.2,0,0,1,3,3.0,1,0.0,1.0,4.78,0.1,0.0,0.1,0.13,0,0,0,0.0
e0f3a1f6,7,548,6.1,6,5,1,1,1.0,5,12.0,-7.0,-0.63,5.9,11.0,-5.0,-0.85,0,0,0,0.0
e150254d,5,285,3.2,3,1,2,0,1.13,0,4.0,-4.0,0.15,1.7,5.1,-3.4,-0.22,0,0,0,0.0
e1bbb68d,6,164,1.8,0,0,6,0,0.75,2,7.0,-5.0,-1.79,2.0,3.9,-1.8,0.66,0,0,0,0.0
e1d4f20d,0,0,0.0,0,0,0,2,0.0,0,0.0,0.0,0.0,0.0,0.0,0.0,0.0,0,0,0,0.0
e2716bd0,3,177,2.0,3,0,0,1,3.0,4,0.0,4.0,1.04,2.4,0.9,1.5,-0.24,0,0,0,0.0
e280527c,0,0,0.0,0,0,0,1,0.0,0,0.0,0.0,0.0,0.0,0.0,0.0,0.0,0,0,0,0.0
e32187c8,0,0,0.0,0,0,0,5,0.0,0,0.0,0.0,0.0,0.0,0.0,0.0,0.0,0,0,0,0.0
e34e086c,0,0,0.0,0,0,0,2,0.0,0,0.0,0.0,0.0,0.0,0.0,0.0,0.0,0,0,0,0.0
e3d3fbeb,1,90,1.0,1,1,0,5,1.0,1,1.0,0.0,-2.0,1.1,1.0,0.1,-0.4,0,0,0,0.0
e3f8e58a,0,0,0.0,0,0,0,1,0.0,0,0.0,0.0,0.0,0.0,0.0,0.0,0.0,0,0,0,0.0
e4114f5d,5,450,5.0,5,5,0,0,0.8,4,8.0,-4.0,0.2,5.0,8.0,-2.9,1.15,0,0,0,0.0
e4d5e2ae,4,99,1.1,1,0,3,2,1.5,2,4.0,-2.0,0.02,1.6,2.0,-0.3,0.22,0,0,0,0.0
e58b914e,0,0,0.0,0,0,0,4,0.0,0,0.0,0.0,0.0,0.0,0.0,0.0,0.0,0,0,0,0.0
e61b8aee,5,359,4.0,4,3,1,0,2.4,5,3.0,2.0,-0.99,8.5,2.9,5.7,0.29,0,0,0,0.0
e63c5181,6,454,5.0,5,1,1,0,0.75,3,10.0,-7.0,0.71,2.8,11.2,-8.4,-1.23,0,0,0,0.0
e65a7469,4,82,0.9,0,0,4,0,1.5,2,1.0,1.0,3.46,1.4,1.5,-0.1,0.44,0,0,0,0.0
e66e4ddc,1,28,0.3,0,0,1,4,1.0,1,0.0,1.0,2.69,0.5,0.3,0.2,0.16,0,0,0,0.0
e6ad16b2,6,359,4.0,5,0,1,0,1.5,7,5.0,2.0,0.5,4.6,5.2,-0.6,0.85,0,0,0,0.0
e73c9bb2,1,90,1.0,1,1,0,1,0.0,0,2.0,-2.0,-5.0,0.7,1.7,-1.0,-1.01,0,0,0,0.0
e756c48a,0,0,0.0,0,0,0,1,0.0,0,0.0,0.0,0.0,0.0,0.0,0.0,0.0,0,0,0,0.0
e7aa9d7c,2,57,0.6,0,0,2,0,1.5,2,0.0,2.0,2.07,1.6,0.4,1.2,1.86,0,0,0,0.0
e7d2a50b,0,0,0.0,0,0,0,1,0.0,0,0.0,0.0,0.0,0.0,0.0,0.0,0.0,0,0,0,0.0
e7fcf289,2,204,2.3,2,1,0,0,1.5,5,5.0,0.0,0.0,3.8,2.3,1.5,2.02,0,0,0,0.0
e81f0356,0,0,0.0,0,0,0,2,0.0,0,0.0,0.0,0.0,0.0,0.0,0.0,0.0,0,0,0,0.0
e82adcab,2,210,2.3,2,2,0,0,1.5,5,5.0,0.0,0.0,3.8,2.4,1.4,0.7,0,0,0,0.0
e8ef59da,3,142,1.6,2,0,1,0,2.33,5,2.0,3.0,0.81,2.1,1.7,0.4,0.21,0,0,0,0.0
e92cd3f7,5,297,3.3,3,0,2,0,2.4,5,2.0,3.0,-0.94,4.8,2.1,2.8,-0.22,0,0,0,0.0
ea39a081,3,178,2.0,2,0,1,3,0.0,0,5.0,-5.0,-1.53,1.0,2.9,-2.0,-0.55,0,0,0,0.0
ea770abf,6,540,6.0,6,6,0,0,1.0,9,11.0,-2.0,0.0,7.6,7.5,0.1,0.0,0,0,0,0.0
ea83bfa6,1,90,1.0,1,1,0,5,3.0,3,0.0,3.0,2.0,2.8,0.6,2.2,2.15,90,1,1,1.0
eab85789,5,349,3.9,4,2,1,0,0.6,3,7.0,-4.0,-1.97,4.6,4.7,-0.2,-0.18,0,0,0,0.0
ead61f73,6,474,5.3,6,3,0,0,2.67,10,4.0,6.0,-1.59,7.4,5.0,2.5,0.38,0,0,0,0.0
eb2b33aa,2,180,2.0,2,2,0,0,0.0,1,4.0,-3.0,-0.75,0.0,0.0,0.0,0.0,180,2,2,2.0
eb58eef0,2,27,0.3,0,0,2,0,1.5,0,1.0,-1.0,-4.11,0.5,0.3,0.2,-0.57,0,0,0,0.0
eb7822d7,7,540,6.0,7,4,0,0,1.43,7,6.0,1.0,-1.83,10.8,4.3,6.4,-0.43,0,0,0,0.0
ec48abb1,4,74,0.8,1,0,3,2,0.0,1,2.0,-1.0,0.14,0.7,1.9,-1.2,-0.56,0,0,0,0.0
ec61b68f,6,261,2.9,3,0,3,0,1.0,0,5.0,-5.0,-1.4,1.5,4.4,-2.9,0.01,0,0,0,0.0
ec75ee25,0,0,0.0,0,0,0,2,0.0,0,0.0,0.0,0.0,0.0,0.0,0.0,0.0,0,0,0,0.0
eca2b6b8,2,71,0.8,1,0,1,3,1.67,2,1.0,1.0,2.99,0.4,0.7,-0.4,0.59,0,0,0,0.0
ed1cc44a,5,450,5.0,5,5,0,0,1.4,7,7.0,0.0,-2.0,5.6,5.8,-0.2,-1.29,0,0,0,0.0
ed45a7d7,1,21,0.2,0,0,1,1,1.0,1,1.0,0.0,0.0,0.1,1.0,-0.9,0.0,0,0,0,0.0
eda8506a,4,172,1.9,1,1,3,1,1.0,1,2.0,-1.0,1.19,1.4,3.6,-2.2,-0.29,0,0,0,0.0
ee200edc,0,0,0.0,0,0,0,2,0.0,0,0.0,0.0,0.0,0.0,0.0,0.0,0.0,0,0,0,0.0
ee3519f5,2,189,2.1,2,1,0,0,2.0,2,2.0,0.0,0.0,2.3,3.1,-0.9,3.34,0,0,0,0.0
ee45fd85,6,345,3.8,5,2,1,0,1.67,6,4.0,2.0,0.74,6.3,2.4,4.0,1.08,0,0,0,0.0
ef2ad14e,3,131,1.5,1,1,2,3,2.0,2,5.0,-3.0,-0.3,1.7,2.5,-0.8,-0.06,0,0,0,0.0
ef322658,5,274,3.0,3,1,2,0,2.6,6,4.0,2.0,-1.37,3.6,3.6,0.1,-0.81,0,0,0,0.0
ef3909cd,6,540,6.0,6,6,0,0,1.67,9,7.0,2.0,0.0,7.4,6.4,1.0,0.0,540,6,6,6.0
ef491564,1,38,0.4,0,0,1,1,3.0,2,0.0,2.0,3.47,0.2,0.3,-0.1,-2.76,0,0,0,0.0
ef83dfcc,3,188,2.1,2,2,1,2,1.67,2,2.0,0.0,0.77,1.6,2.3,-0.7,0.73,0,0,0,0.0
efc33b33,1,4,0.0,0,0,1,5,3.0,1,0.0,1.0,22.84,0.4,0.1,0.3,7.94,0,0,0,0.0
f05b0000,0,0,0.0,0,0,0,6,0.0,0,0.0,0.0,0.0,0.0,0.0,0.0,0.0,0,0,0,0.0
f0f64209,1,6,0.1,0,0,1,5,3.0,0,0.0,0.0,-0.34,0.0,0.1,-0.1,-0.55,0,0,0,0.0
f0fe87dc,0,0,0.0,0,0,0,3,0.0,0,0.0,0.0,0.0,0.0,0.0,0.0,0.0,0,0,0,0.0
f24ea523,6,218,2.4,3,0,3,0,2.0,1,2.0,-1.0,-1.31,1.4,1.4,0.0,-0.67,0,0,0,0.0
f28876e5,3,60,0.7,0,0,3,0,3.0,1,0.0,1.0,0.19,1.6,0.3,1.3,1.14,0,0,0,0.0
f2c1300a,5,292,3.2,3,2,2,1,1.8,6,6.0,0.0,-0.73,3.4,4.0,-0.6,0.53,0,0,0,0.0
f32a988d,5,71,0.8,0,0,5,1,1.17,0,4.0,-4.0,-5.26,0.1,3.2,-3.1,-3.88,0,0,0,0.0
f360f047,2,50,0.6,0,0,2,4,2.0,0,0.0,0.0,1.1,0.3,0.5,-0.3,-0.42,0,0,0,0.0
f38a247a,1,59,0.7,1,0,0,1,0.0,0,0.0,0.0,1.68,0.6,0.3,0.3,1.21,0,0,0,0.0
f3fa599d,8,592,6.6,8,2,0,0,1.13,10,9.0,1.0,0.86,5.3,11.2,-5.9,-0.89,0,0,0,0.0
f40dd3c7,5,441,4.9,5,3,0,0,2.0,6,5.0,1.0,-2.52,5.0,4.6,0.3,-1.11,0,0,0,0.0
f4290206,2,75,0.8,1,0,1,0,0.5,1,2.0,-1.0,-1.2,0.8,1.9,-1.1,-1.53,0,0,0,0.0
f47a530a,3,223,2.5,3,1,0,1,2.6,5,4.0,1.0,-1.02,3.4,2.1,1.3,-0.59,0,0,0,0.0
f48078d4,0,0,0.0,0,0,0,3,0.0,0,0.0,0.0,0.0,0.0,0.0,0.0,0.0,0,0,0,0.0
f50a668a,5,346,3.8,4,3,1,1,0.86,2,6.0,-4.0,1.28,3.1,9.3,-6.2,-0.39,0,0,0,0.0
f512a009,4,279,3.1,4,2,0,0,1.29,2,5.0,-3.0,0.76,1.7,3.9,-2.3,0.51,0,0,0,0.0
f521b80a,6,469,5.2,5,5,1,0,2.33,12,3.0,9.0,0.46,8.7,6.2,2.5,0.38,0,0,0,0.0
f54d2149,5,332,3.7,5,1,0,0,0.0,0,4.0,-4.0,1.08,1.8,7.4,-5.6,-0.11,0,0,0,0.0
f586779e,7,433,4.8,5,3,2,0,1.86,7,4.0,3.0,0.0,9.0,2.6,6.3,0.33,0,0,0,0.0
f5c8b425,4,170,1.9,2,0,2,1,0.75,2,3.0,-1.0,-1.26,2.3,2.8,-0.5,0.23,0,0,0,0.0
f5deef4c,5,417,4.6,5,4,0,3,2.4,8,3.0,5.0,0.19,11.5,3.1,8.4,1.32,0,0,0,0.0
f5e7fdf9,5,394,4.4,5,3,0,0,1.4,7,4.0,3.0,1.3,4.6,4.9,-0.3,-0.88,0,0,0,0.0
f620b04f,2,155,1.7,2,0,0,0,2.0,2,2.0,0.0,0.0,2.1,3.0,-0.9,0.87,0,0,0,0.0
f63a8347,5,450,5.0,5,5,0,1,1.8,9,6.0,3.0,1.6,4.5,6.6,-2.0,0.21,450,5,5,5.0
f6798fc3,1,90,1.0,1,1,0,0,3.0,3,0.0,3.0,5.0,0.9,0.9,0.0,1.01,90,1,1,1.0
f67c9d29,6,531,5.9,6,5,0,1,2.17,6,2.0,4.0,0.68,6.6,4.1,2.4,-0.18,0,0,0,0.0
f6a06749,0,0,0.0,0,0,0,2,0.0,0,0.0,0.0,0.0,0.0,0.0,0.0,0.0,0,0,0,0.0
f6af14b0,6,387,4.3,5,4,1,0,0.67,5,7.0,-2.0,1.3,4.5,8.2,-3.7,-0.28,0,0,0,0.0
f6bdc830,2,94,1.0,1,1,1,4,2.0,2,1.0,1.0,-0.86,1.7,1.2,0.5,0.06,0,0,0,0.0
f7223718,4,215,2.4,2,2,2,1,1.25,2,4.0,-2.0,-0.84,3.5,3.7,-0.2,-0.11,0,0,0,0.0
f7dc2ae5,6,466,5.2,5,4,1,0,2.5,9,1.0,8.0,1.55,6.6,1.9,4.7,-0.21,0,0,0,0.0
f7e87032,6,530,5.9,6,4,0,0,0.17,5,10.0,-5.0,8.15,3.6,6.7,-3.1,3.16,0,0,0,0.0
f833a830,4,150,1.7,2,0,2,4,2.25,1,1.0,0.0,-0.15,1.8,1.3,0.5,-0.19,0,0,0,0.0
f8405304,2,86,1.0,1,0,1,0,3.0,1,0.0,1.0,-0.34,0.6,0.3,0.3,-0.79,0,0,0,0.0
f874dd44,2,71,0.8,0,0,2,0,2.0,4,1.0,3.0,2.98,1.3,0.6,0.7,-1.81,0,0,0,0.0
f8766ef9,6,495,5.5,6,5,0,0,2.17,9,7.0,2.0,-3.64,5.9,4.1,1.8,0.63,0,0,0,0.0
f893dba4,6,506,5.6,6,5,0,0,1.5,4,16.0,-12.0,-4.78,6.4,9.6,-3.2,-1.05,0,0,0,0.0
f91e81c9,5,428,4.8,5,4,0,1,1.2,7,8.0,-1.0,-2.62,4.9,7.4,-2.5,-0.41,0,0,0,0.0
f91fa277,1,5,0.1,0,0,1,1,1.0,0,1.0,-1.0,-18.13,0.0,1.0,-1.0,-16.8,0,0,0,0.0
f93e6e94,6,337,3.7,3,1,3,0,2.33,7,2.0,5.0,-0.88,6.1,3.4,2.7,0.77,0,0,0,0.0
f99360b9,6,494,5.5,6,3,0,0,1.1,2,13.0,-11.0,-2.0,3.8,12.2,-8.4,-0.42,0,0,0,0.0
f9de9c23,1,8,0.1,0,0,1,1,0.0,0,0.0,0.0,-1.01,0.1,0.0,0.1,0.32,0,0,0,0.0
f9edc384,5,450,5.0,5,5,0,0,1.86,8,8.0,0.0,1.0,5.8,7.7,-1.8,0.5,0,0,0,0.0
fa066690,5,420,4.7,5,4,0,0,2.33,9,7.0,2.0,-2.57,8.4,4.8,3.7,-0.37,0,0,0,0.0
fa73ccc7,7,574,6.4,6,6,1,0,1.29,12,10.0,2.0,1.55,6.4,10.0,-3.6,0.94,0,0,0,0.0
fa753b79,0,0,0.0,0,0,0,4,0.0,0,0.0,0.0,0.0,0.0,0.0,0.0,0.0,0,0,0,0.0
fa94d227,3,18,0.2,0,0,3,3,1.75,0,1.0,-1.0,-4.14,0.0,1.0,-1.0,-4.23,0,0,0,0.0
faed84db,5,220,2.4,2,1,3,1,2.0,1,3.0,-2.0,-1.94,2.8,3.3,-0.5,-0.66,0,0,0,0.0
fb159e36,0,0,0.0,0,0,0,3,0.0,0,0.0,0.0,0.0,0.0,0.0,0.0,0.0,0,0,0,0.0
fb22f7a0,0,0,0.0,0,0,0,5,0.0,0,0.0,0.0,0.0,0.0,0.0,0.0,0.0,0,0,0,0.0
fb485406,6,242,2.7,2,1,4,0,2.5,9,3.0,6.0,2.23,6.7,2.0,4.7,1.61,0,0,0,0.0
fb7a1948,0,0,0.0,0,0,0,2,0.0,0,0.0,0.0,0.0,0.0,0.0,0.0,0.0,0,0,0,0.0
fbbb9269,1,45,0.5,1,0,0,3,3.0,2,0.0,2.0,2.91,1.0,0.4,0.6,0.82,0,0,0,0.0
fc46aab1,8,527,5.9,7,1,1,0,1.63,10,4.0,6.0,2.24,8.3,4.3,4.0,0.62,0,0,0,0.0
fc9b373e,5,213,2.4,2,0,3,0,1.0,2,4.0,-2.0,0.26,2.2,3.4,-1.2,-0.72,0,0,0,0.0
fce2302c,6,480,5.3,6,3,0,0,2.5,7,3.0,4.0,-0.75,10.3,3.6,6.8,-0.55,0,0,0,0.0
fd834d1d,0,0,0.0,0,0,0,6,0.0,0,0.0,0.0,0.0,0.0,0.0,0.0,0.0,0,0,0,0.0
fd9c4805,5,273,3.0,3,0,2,1,1.0,5,6.0,-1.0,-0.53,2.9,6.5,-3.6,-0.71,0,0,0,0.0
fe6e7156,2,57,0.6,0,0,2,3,2.0,2,0.0,2.0,2.07,1.0,0.6,0.4,0.66,0,0,0,0.0
feb5d3ab,6,287,3.2,2,1,4,0,1.5,5,3.0,2.0,2.71,2.9,2.5,0.5,1.29,0,0,0,0.0
fef20ac5,6,82,0.9,0,0,6,0,1.33,4,1.0,3.0,3.1,2.9,0.6,2.3,2.42,0,0,0,0.0
fefce889,0,0,0.0,0,0,0,2,0.0,0,0.0,0.0,0.0,0.0,0.0,0.0,0.0,0,0,0,0.0
ff497879,0,0,0.0,0,0,0,4,0.0,0,0.0,0.0,0.0,0.0,0.0,0.0,0.0,0,0,0,0.0
ff711ca2,3,270,3.0,3,3,0,3,0.0,1,4.0,-3.0,1.0,1.8,6.7,-4.9,-0.38,0,0,0,0.0
ff74841d,2,180,2.0,2,2,0,0,1.5,1,2.0,-1.0,0.0,2.1,3.0,-0.9,0.0,180,2,2,2.0
ffa90327,5,194,2.2,1,0,4,1,2.6,4,2.0,2.0,-0.44,2.6,2.9,-0.3,-0.29,0,0,0,0.0
ffbbc83b,0,0,0.0,0,0,0,2,0.0,0,0.0,0.0,0.0,0.0,0.0,0.0,0.0,0,0,0,0.0
fffea3e5,4,238,2.6,2,1,2,1,0.75,3,5.0,-2.0,-1.64,4.8,3.4,1.3,0.1,0,0,0,0.0
