id,Touches,Def Pen,Def 3rd,Mid 3rd,Att 3rd,Att Pen,Live,Att,Succ,Tkld,Carries,TotDist,PrgDist,PrgC,1/3,CPA,Mis,Dis,Rec,PrgR
5bc43860,835,8,82,356,414,50,835,74,25,35,516,2676,1087,28,22,7,52,62,577,108
f2bf1b0f,570,22,52,228,301,83,570,25,11,11,315,1291,383,12,9,8,60,16,437,80
2b09d998,1492,38,337,931,235,5,1492,20,5,12,750,2969,1361,15,20,0,24,14,840,20
c81d773d,709,116,385,311,18,3,709,3,2,1,352,1911,1170,6,8,0,2,3,427,1
288e1e13,383,55,204,165,17,8,383,2,2,0,211,786,371,1,0,0,4,0,235,4
a6c58494,28,0,5,15,8,3,28,2,1,1,12,51,14,1,1,1,1,0,16,7
9b398aea,642,36,194,231,226,27,642,40,20,18,338,1904,1088,27,13,10,22,9,391,70
a8c0acb7,412,45,184,167,64,9,412,7,1,4,214,1136,613,10,5,0,3,8,231,12
89ac64a6,1410,81,519,792,102,22,1410,4,3,1,997,5883,3594,18,24,0,8,2,1097,8
eaeca114,1385,65,458,779,155,24,1385,3,2,1,878,4031,2479,16,11,2,12,0,1058,19
b827d5b3,174,6,33,62,80,5,174,1,1,0,83,397,149,5,5,0,4,2,116,18
77e84962,1122,41,257,702,168,7,1122,28,19,4,634,3315,1541,12,18,0,11,18,802,22
4abac767,69,3,14,34,23,4,69,4,2,2,50,265,155,4,6,0,3,5,45,3
cd1acf9d,1848,54,422,926,511,29,1848,13,9,3,1002,3655,1870,29,19,5,27,15,1171,105
7a2e46a8,925,710,901,24,0,0,925,0,0,0,577,2768,1689,0,0,0,0,0,516,0
cea4ee8f,20,0,1,8,11,2,20,1,0,1,11,30,3,0,0,0,3,1,14,1
862a1c15,982,17,109,317,574,92,982,60,23,28,618,4132,1779,59,30,20,32,18,686,195
15ab5a2b,322,4,20,131,174,46,322,13,8,4,185,1074,520,22,8,11,13,10,237,51
1a4ef233,1091,159,564,489,40,5,1091,5,2,2,664,3210,1945,18,10,0,7,4,792,5
e34fc66d,1363,261,785,530,52,25,1363,6,3,3,760,3680,1901,4,4,2,7,2,873,5
de31038e,115,2,17,37,64,22,115,14,2,8,72,518,281,15,5,9,3,5,75,14
e4238fb1,490,13,90,181,224,26,490,26,9,17,278,1608,701,22,20,10,18,12,311,50
ac05f970,369,10,29,165,181,52,369,32,12,16,234,1460,635,26,17,11,43,29,297,75
99127249,531,5,81,177,287,35,531,31,10,15,382,2475,1264,48,35,14,15,7,404,80
05e8ca6d,15,0,1,8,7,3,15,1,1,0,15,114,72,3,1,1,2,3,13,3
2f965a72,49,46,49,0,0,0,49,0,0,0,28,105,49,0,0,0,0,0,28,0
328f7d51,517,11,79,238,212,45,517,38,16,21,272,1184,586,17,10,7,32,18,323,58
68c720b5,380,7,54,144,191,39,380,30,8,18,215,1982,848,34,21,10,19,16,228,53
97333cf5,512,12,88,217,214,22,512,24,10,12,323,2342,1232,38,27,4,19,16,367,51
28d596a0,610,475,602,8,0,0,610,0,0,0,356,1680,1009,0,0,0,1,0,324,0
d5dd5f1f,125,6,15,55,58,16,125,5,3,2,76,475,229,7,6,3,9,4,91,22
9fec8860,51,3,19,15,17,2,51,1,0,1,29,180,27,0,2,0,0,0,21,3
5c2b4f07,804,69,308,320,187,9,804,18,8,5,345,1700,1021,28,21,0,17,14,361,37
e5478b87,238,10,34,96,113,28,238,17,5,9,141,791,355,11,9,5,38,15,154,33
5dbefa9d,33,5,7,17,9,3,33,1,0,1,11,69,32,2,1,1,2,0,16,1
da052c14,809,36,126,379,325,47,809,79,30,35,476,2912,1322,50,27,17,62,50,560,100
420d7c7d,701,32,244,292,179,25,701,21,7,13,305,1523,826,15,8,2,13,5,332,44
53cad200,949,66,331,387,236,17,949,9,5,4,459,1951,1157,17,14,0,8,3,572,60
06df8256,473,65,262,204,11,6,473,2,0,2,316,1482,935,6,0,0,1,1,349,1
3a233281,613,9,65,215,346,61,613,81,30,45,388,2979,1217,58,25,28,38,43,425,133
32e8417f,212,7,47,122,45,3,212,10,4,3,112,611,297,6,3,0,5,5,132,0
93feac6e,284,9,20,122,144,51,283,12,2,9,145,570,232,8,8,8,31,8,199,54
2886c9b5,250,8,55,129,70,4,250,10,4,2,179,827,399,8,11,2,11,5,169,19
3ea50f67,801,9,82,310,421,92,801,60,14,37,507,3591,1851,67,52,35,60,34,636,186
c91441dc,948,656,930,18,0,0,948,0,0,0,563,2927,1680,0,0,0,0,0,448,0
30db8574,14,1,4,8,2,0,14,0,0,0,2,3,0,0,0,0,0,0,5,0
4115ce4e,327,59,179,135,14,7,327,0,0,0,142,429,142,0,1,0,2,1,150,2
4115ce4e,79,9,39,40,1,0,79,0,0,0,47,291,177,1,0,0,0,0,53,0
50dc94ce,72,1,3,23,46,11,72,2,1,1,39,148,85,2,3,0,2,2,53,20
7b4de647,33,31,33,0,0,0,33,0,0,0,19,75,47,0,0,0,0,0,13,0
a39d11bc,728,116,389,312,32,19,728,7,2,2,389,1997,926,3,6,2,9,6,382,2
5a04fd92,696,10,81,249,377,53,694,89,34,42,462,3423,1646,67,35,25,39,25,519,172
3b8674e6,1069,52,294,610,175,19,1069,33,21,11,578,2996,1441,26,14,1,22,17,730,19
505486d6,251,15,95,102,56,2,251,8,4,1,104,630,363,12,5,0,6,3,107,8
87966294,3,0,3,0,0,0,3,0,0,0,1,0,0,0,0,0,0,0,1,0
de40e38c,25,2,19,5,1,0,25,0,0,0,10,76,61,2,1,0,0,0,13,1
d328a254,818,49,207,375,249,39,818,24,12,10,419,2170,1027,24,20,4,27,26,517,60
6c203af0,639,17,127,411,102,1,639,7,5,2,371,2011,816,10,8,0,13,5,465,7
a4ac4b8f,324,60,221,91,14,8,324,2,1,0,157,741,352,1,1,0,2,0,168,0
ccce7025,1198,205,698,448,56,35,1198,0,0,0,657,2983,1572,6,4,2,7,0,769,3
79c84d1c,884,14,114,301,473,104,882,64,18,30,497,3669,1340,65,30,33,50,39,546,150
c07b7c5c,107,6,20,35,52,1,107,2,1,1,48,175,59,1,2,0,1,1,52,7
97220da2,110,2,7,41,63,16,110,14,7,5,53,383,188,7,1,4,15,9,71,17
a2081c6b,23,1,8,12,3,0,23,0,0,0,9,30,4,0,0,0,0,0,13,2
7b5ab7f2,80,1,13,30,37,2,80,5,2,3,55,337,145,4,3,0,5,3,61,15
66b76d44,805,19,127,386,300,49,805,30,13,13,495,2326,1101,32,24,15,37,34,571,80
bfc3b3a0,652,39,258,206,194,13,652,24,9,12,306,2149,1179,41,24,4,13,7,345,52
468a7a91,16,0,1,6,10,0,16,0,0,0,13,49,23,1,1,0,1,1,15,1
b2d31e83,1309,119,536,564,216,39,1309,14,7,7,581,2676,1401,16,14,1,15,5,717,27
85322440,3,1,2,1,0,0,3,0,0,0,2,12,7,0,0,0,0,0,1,0
16264a81,1429,55,320,812,316,17,1429,23,12,11,832,3494,1548,17,16,4,24,17,1038,32
a8748947,466,2,71,220,184,18,466,11,5,4,300,1649,821,21,18,6,13,10,354,26
94f8d10c,500,93,301,189,12,7,500,0,0,0,273,1376,693,2,1,0,1,0,311,0
59e6e5bf,225,6,17,99,115,36,225,18,10,6,115,610,223,11,5,8,24,11,176,30
6f711f67,47,1,6,19,23,5,47,4,2,2,39,303,70,2,6,1,3,6,36,10
bd6351cd,1363,20,225,686,461,47,1363,58,28,23,837,4842,2791,71,39,21,18,14,1020,125
4506aec5,8,0,0,2,6,4,8,1,0,0,6,34,7,1,0,0,0,0,7,2
1137759d,57,1,13,25,20,2,57,6,4,2,29,206,111,4,2,0,0,0,36,7
b4a014b1,140,8,49,85,9,4,140,0,0,0,92,284,150,0,2,0,2,0,100,0
966e28d0,183,2,31,69,86,26,183,5,2,2,115,517,212,7,8,2,10,15,136,24
4d224fe8,1054,63,316,567,181,14,1054,12,4,5,503,1675,755,8,11,0,14,10,667,23
2389cdc2,937,57,296,419,229,9,937,19,9,4,469,2396,1416,36,28,3,18,7,521,52
197640fd,1418,90,499,582,342,36,1418,18,7,9,639,2679,1310,30,17,4,23,12,839,105
e28868f3,859,43,299,372,198,12,859,28,13,12,438,2227,1278,22,14,3,10,12,525,37
9cfbad36,52,0,1,21,31,8,52,5,2,2,36,274,199,6,6,4,6,5,39,8
422862ea,11,4,5,3,3,1,11,0,0,0,6,16,8,0,1,0,1,1,8,0
5515376c,757,77,386,325,48,9,757,4,2,1,456,1657,855,8,5,0,5,4,517,8
dc6f5bdd,138,22,87,46,7,0,138,0,0,0,95,521,358,2,0,0,1,0,94,0
d2424d1b,540,10,135,223,185,8,540,8,3,5,290,1579,881,21,17,4,10,10,347,51
26ce2263,512,21,108,240,171,30,512,42,17,21,306,1867,834,21,16,5,25,24,322,37
b2f9c73e,129,4,29,45,57,11,129,7,2,5,75,596,424,13,3,0,8,3,80,13
73341ace,7,0,0,0,7,1,7,1,0,1,3,3,0,0,0,0,2,0,3,2
0442183b,848,41,272,414,166,3,848,10,4,5,375,1564,810,12,10,1,10,2,455,24
2928dca2,1295,221,750,524,29,10,1295,3,0,2,837,3920,2310,4,4,0,6,2,930,1
963a9201,148,15,59,75,16,0,148,1,1,0,53,312,171,5,5,0,4,1,66,3
0420d84f,681,58,248,281,158,11,681,23,10,10,322,1457,660,11,8,2,22,5,346,23
a8c19eb8,1079,168,641,412,32,9,1079,7,6,0,592,2938,1549,9,8,2,9,5,742,3
700783e7,453,49,240,200,15,1,453,0,0,0,297,1667,1040,6,2,0,1,1,325,1
2afc7272,798,54,240,412,157,8,798,16,6,8,358,1888,741,9,15,1,13,14,434,8
3e5e4e63,559,100,321,220,19,10,559,1,1,0,284,1293,577,1,3,0,3,2,350,0
dc64b8b3,743,80,387,333,29,18,743,3,1,0,356,1615,688,1,2,0,8,1,393,1
beb391dd,42,0,6,9,27,4,42,0,0,0,24,90,31,2,0,1,3,2,32,15
a190d597,160,8,18,58,86,40,160,3,2,1,84,461,168,10,3,8,12,7,115,35
fdf3cb77,983,57,269,395,320,12,983,10,1,3,396,2359,1281,43,29,1,17,11,495,79
0ef89a37,499,2,33,259,213,24,499,33,14,15,309,1760,757,18,28,5,23,17,369,68
a5ca9127,0,0,0,0,0,0,0,0,0,0,0,0,0,0,0,0,0,0,0,0
4f974391,1232,65,376,529,330,8,1232,7,2,4,585,2627,1299,27,21,1,5,6,751,69
1daec722,1232,53,381,544,315,10,1232,13,5,6,639,2623,1446,23,16,1,14,5,760,56
dc62b55d,165,4,29,76,64,24,165,15,8,5,79,622,154,5,1,4,19,7,88,19
ca45605e,250,11,24,96,132,36,250,9,4,4,116,658,293,11,6,6,30,8,166,48
d9565625,1118,76,381,475,269,28,1118,26,15,7,566,2853,1502,36,18,12,14,5,656,58
215f3907,189,1,27,89,74,14,189,7,3,3,104,391,174,5,5,1,9,1,110,19
a816dbfb,75,5,26,41,9,0,75,3,3,0,39,144,62,0,0,0,5,3,34,2
f08490a6,14,0,1,8,5,0,14,3,2,1,9,86,63,3,1,0,1,0,12,5
60344e4f,561,9,107,252,211,22,561,36,21,10,401,2552,1222,46,32,6,19,21,420,41
44781702,1124,76,404,573,150,20,1124,11,4,6,662,3612,2225,30,29,3,11,5,790,44
9228b07c,254,11,64,147,44,12,254,4,2,2,119,485,225,2,1,0,13,2,169,10
3e9e06cb,380,53,211,142,28,14,380,1,0,1,193,1042,600,0,5,0,2,4,216,1
3e9e06cb,315,50,188,119,8,8,315,0,0,0,166,593,319,0,0,0,2,0,219,1
e46012d4,1370,10,75,515,797,78,1370,36,17,13,836,4305,2585,80,58,15,33,24,1053,181
11f54bd5,71,1,10,30,33,3,71,10,6,3,47,311,160,5,2,1,9,5,50,11
5a7301ae,200,12,56,113,31,5,200,4,2,2,87,381,174,1,4,0,5,1,108,1
5a7301ae,128,6,33,75,21,5,128,2,1,1,60,205,77,1,0,0,2,2,77,3
2c44a35d,191,0,22,70,103,22,191,26,8,13,123,804,386,10,11,4,19,17,137,32
9d8cf204,1,0,0,0,1,0,1,0,0,0,2,13,0,0,0,1,0,1,2,0
5c74c0f5,1092,28,190,589,328,37,1092,46,23,17,629,3652,1857,53,27,13,53,17,765,67
11ff3d56,431,15,116,260,66,4,431,11,6,5,233,1176,566,5,4,0,16,8,241,6
31c69ef1,1307,100,492,754,65,19,1307,5,5,0,832,4441,2647,7,16,1,0,0,1024,1
4a1a9578,338,3,23,147,172,45,338,29,14,11,244,1586,624,21,14,12,14,24,284,72
ac861941,1739,267,1021,661,64,20,1739,0,0,0,1071,4934,2308,6,8,1,9,3,1229,11
1b84dbe1,912,55,309,328,279,20,912,15,1,10,461,1902,1034,23,7,1,16,10,525,73
a712ca2b,1030,108,485,537,20,8,1030,3,2,1,657,4391,2828,7,3,0,6,0,707,3
254147d4,304,13,81,140,87,11,304,30,13,13,169,1250,665,23,10,2,12,4,155,32
733f1a7d,22,0,4,10,10,2,22,4,0,4,16,182,51,1,3,2,1,0,15,4
d557d734,500,27,144,184,172,24,500,12,5,4,247,953,443,16,5,2,12,3,306,57
67ac5bb8,1732,202,727,891,123,38,1732,1,0,0,1046,5339,3336,11,22,1,11,3,1195,10
02b29014,314,7,72,147,101,19,314,15,12,3,182,823,409,8,9,4,8,8,203,20
ce4f40c7,1068,63,310,611,158,7,1068,15,11,4,513,2562,1268,13,21,0,15,17,613,10
69fdb896,179,4,24,118,37,2,179,0,0,0,95,382,138,1,4,1,8,3,121,8
e0d1510a,44,1,7,26,11,0,44,1,1,0,17,48,10,0,1,0,1,1,23,3
3a949a25,24,22,24,0,0,0,24,0,0,0,12,65,29,0,0,0,0,0,5,0
7314bba4,5,0,2,3,0,0,5,0,0,0,1,1,0,0,0,0,1,0,2,0
282f75f3,1981,243,1026,912,47,23,1981,1,1,0,1320,6537,3401,11,9,0,7,3,1483,1
414184f7,22,1,1,12,10,3,22,1,1,0,15,106,82,2,2,1,2,0,16,6
fa9fa773,21,0,1,8,12,2,21,5,2,3,14,107,30,2,1,0,5,0,15,9
3bb7b8b4,924,724,918,8,0,0,924,0,0,0,617,2994,1825,0,0,0,0,0,577,0
0562b7f1,455,20,52,222,186,56,455,30,9,20,236,1159,486,20,18,14,36,37,327,61
007414dd,258,4,47,78,137,29,258,35,10,16,170,1421,674,22,20,10,22,9,172,34
2fba6108,193,4,25,69,99,28,193,14,4,7,109,649,276,12,3,7,12,7,137,28
c8387671,868,11,109,397,369,35,868,35,15,13,554,2947,1461,41,34,8,22,16,640,98
47a34c4f,63,2,11,42,11,0,63,0,0,0,38,134,37,1,0,0,0,0,49,1
68dc0dac,678,39,134,279,271,43,678,22,11,11,350,2179,959,34,26,8,26,28,378,75
df8b52a5,1022,73,365,356,309,41,1022,24,12,6,514,2810,1592,43,27,7,18,15,593,93
980522ec,1150,37,210,629,312,22,1150,8,2,6,661,2565,1262,16,18,1,19,14,831,42
d38fdf53,1132,48,280,542,317,32,1132,20,5,11,660,3116,1712,50,28,9,18,17,736,98
f8fcd2a5,753,95,367,379,8,2,753,0,0,0,455,1875,1055,6,4,0,2,0,551,0
ae4fc6a4,921,11,151,461,334,39,921,69,36,27,526,3057,1474,40,36,17,40,30,593,66
9328b835,649,568,647,2,0,0,649,0,0,0,337,2219,1496,0,0,0,1,0,235,0
7f3b388c,1160,53,265,716,179,10,1160,5,3,2,635,2646,1079,9,17,0,12,8,808,19
9c221d14,1385,211,768,605,19,7,1385,6,3,3,785,3881,2052,5,1,0,12,3,948,1
51a3c4c8,177,39,112,60,8,5,177,4,4,0,103,566,318,0,1,0,2,1,98,0
8aafd64f,191,0,16,90,87,12,191,14,4,9,111,732,390,13,17,2,8,7,143,26
4596da74,99,1,6,52,42,14,99,5,2,3,46,232,98,2,1,1,3,7,70,15
507c7bdf,1416,50,223,573,635,84,1415,37,16,17,800,3752,1885,50,43,13,27,32,971,140
5ff4ab71,401,19,96,250,59,3,401,7,4,3,258,1234,524,8,6,0,7,5,295,3
6ad43f9a,4,1,1,2,1,0,4,1,0,1,3,10,0,0,0,0,0,1,3,2
4c370d81,611,3,60,313,239,69,611,20,10,9,346,1373,548,12,8,6,31,19,469,75
24f59bb2,299,14,96,159,49,6,299,5,3,2,136,532,284,7,7,0,4,3,142,13
ed1e53f3,941,8,70,311,569,96,941,43,16,24,625,2908,1289,33,27,12,25,23,750,207
e82900ef,27,0,0,9,19,6,27,6,4,2,18,88,25,1,2,0,8,3,17,10
132a82f1,169,11,68,97,7,3,169,3,2,0,116,647,365,3,5,2,3,0,115,1
132a82f1,296,13,87,179,30,1,296,3,1,0,215,1165,655,8,5,0,1,1,228,7
82927de4,602,10,97,272,242,22,602,18,9,8,322,1682,806,19,19,7,14,10,403,67
9f1938ab,79,2,14,56,11,0,79,5,4,1,44,221,90,0,2,0,4,1,51,0
c3e39f12,106,98,104,2,0,0,106,0,0,0,59,303,181,0,0,0,0,0,41,0
6722d4f0,5,0,1,3,1,0,5,0,0,0,1,0,0,0,0,0,1,0,2,1
d56543a0,147,1,18,51,80,9,147,2,1,0,94,600,322,8,7,1,7,1,107,23
b853e0ad,721,30,189,334,206,27,721,13,5,7,383,1429,722,7,15,2,22,10,433,34
c067631c,264,26,80,104,82,6,264,7,1,5,114,699,393,13,9,2,4,3,150,28
98d2c2c4,843,56,276,443,128,5,843,12,6,4,402,1874,863,6,11,0,16,6,453,7
1971591f,152,4,11,62,82,22,152,11,4,5,89,496,319,9,8,2,8,9,112,33
c2731c10,645,21,129,309,215,26,645,26,10,12,390,2058,759,21,25,6,20,21,440,45
72c812f3,982,45,294,567,132,5,982,19,9,6,534,2624,1253,16,15,1,19,13,567,10
7aa8adfe,220,1,22,56,145,40,220,30,8,18,158,1202,656,24,21,19,17,10,169,64
4e015693,99,6,18,57,26,4,99,2,1,1,51,280,73,1,2,1,1,1,54,1
7ba6d84e,805,668,801,4,0,0,805,0,0,0,480,2220,1352,0,0,0,0,0,479,0
01962d0d,115,4,10,52,54,14,115,9,1,7,68,189,66,2,2,2,9,7,84,21
f7b1d4e0,63,7,20,27,19,1,63,2,0,2,25,65,33,0,1,0,3,0,24,2
32f60ed8,119,1,18,53,49,4,119,8,2,5,62,257,137,4,3,1,3,1,82,12
32f60ed8,892,10,89,375,440,45,892,52,28,21,512,2750,1165,35,31,12,65,33,588,106
df10e27c,169,6,40,101,29,3,169,1,0,1,108,530,280,3,4,1,3,4,136,3
75fdd638,505,5,59,175,285,29,505,51,14,32,349,2422,1294,47,27,12,23,15,370,101
9f7c837d,109,10,46,53,13,3,109,2,1,1,61,295,129,0,1,0,2,0,62,0
8b57ad2c,43,2,14,20,9,1,43,2,1,1,20,117,54,2,0,0,1,0,23,1
f0caab96,215,50,124,82,9,2,215,0,0,0,129,574,351,0,2,0,2,0,138,2
7a11550b,1355,97,544,764,55,4,1355,5,4,1,900,4299,2442,13,12,0,10,2,923,2
01e5f06e,140,6,27,79,34,7,140,1,0,1,77,347,180,3,4,1,3,2,106,14
2bd83368,67,1,6,26,37,8,67,6,3,2,38,304,167,6,5,3,7,1,52,11
2bd83368,464,13,87,165,218,47,464,45,11,29,252,1875,704,28,23,13,32,23,290,67
4468ec10,877,17,78,329,482,72,876,61,19,29,524,3984,1929,68,44,37,55,40,576,130
b0b4fd3e,831,11,83,279,486,92,831,63,26,20,616,5680,2691,99,59,43,23,20,671,194
f3354c07,207,4,39,89,83,5,207,5,1,3,97,418,211,6,5,1,4,5,102,6
8aec0537,1470,37,252,658,566,58,1470,17,7,8,804,3621,1631,29,26,1,25,11,1009,124
ab13a5aa,808,707,806,2,0,0,808,0,0,0,462,2438,1541,0,0,0,1,0,341,0
e6bc67d7,280,3,28,105,153,30,280,15,5,7,174,1303,644,20,12,7,17,7,199,54
d0706b27,1516,264,856,631,37,16,1516,8,3,1,853,3721,2125,8,6,0,11,4,979,2
82518f62,1039,36,205,582,267,18,1039,47,21,17,663,3521,1446,17,24,1,20,36,751,12
819b3158,1099,19,132,556,417,61,1099,26,7,13,631,3271,1509,36,24,6,17,21,859,101
56d838f7,8,0,1,4,3,1,8,1,0,0,4,5,3,0,0,0,1,0,2,0
1f44ac21,524,13,30,211,283,153,520,18,6,11,271,1270,480,23,6,18,33,21,383,106
da011f18,254,12,99,94,63,10,254,12,2,9,155,822,367,10,5,3,9,6,165,19
8c3078cd,14,0,0,8,6,0,14,0,0,0,9,46,14,0,0,0,0,1,13,0
aa849a12,929,13,85,339,514,52,929,66,30,33,582,3113,1521,65,35,15,63,42,633,157
fed7cb61,822,30,81,326,423,111,822,38,11,23,459,2454,939,37,24,22,59,33,622,143
4fd08daa,108,2,21,79,8,2,108,0,0,0,93,496,250,3,4,0,1,0,91,0
169fd162,254,5,40,114,106,17,254,16,6,7,143,858,408,16,4,6,21,12,166,35
e5a76dfe,715,600,711,5,0,0,715,0,0,0,397,2242,1245,0,0,0,1,0,319,0
935e6b8f,1025,21,182,622,227,21,1025,8,3,3,589,2830,1218,22,17,1,9,6,764,30
76eca7e2,64,52,64,0,0,0,64,0,0,0,34,146,111,0,0,0,0,0,30,0
8a3c1dc7,922,76,280,358,298,23,922,27,14,9,431,2136,1079,32,25,8,35,30,448,72
92e7e919,784,6,83,292,425,62,784,49,17,26,468,3113,1629,59,40,17,45,38,543,129
1780bb4a,462,22,122,242,102,10,462,25,7,11,295,1558,928,23,8,0,7,4,296,28
bd8a5d95,103,5,25,47,31,3,103,0,0,0,50,156,76,1,2,0,1,2,65,4
d79a8c87,8,2,6,2,0,0,8,0,0,0,2,5,2,0,0,0,0,0,2,0
d0042ab9,198,27,87,100,11,4,198,3,3,0,78,368,247,4,2,0,2,0,109,2
a0666d3e,212,13,53,101,61,6,212,2,0,2,93,497,286,5,3,1,6,4,103,9
bd9553e6,15,0,0,4,11,2,15,0,0,0,11,61,23,1,0,1,1,1,11,1
8b04d6c1,1842,85,455,1074,328,21,1842,22,16,5,1078,5120,2500,33,29,6,31,30,1355,57
c92e1a31,243,6,14,99,134,33,243,20,10,10,158,863,366,18,7,16,21,19,202,52
07802f7f,53,2,8,18,27,12,53,3,1,1,29,101,47,2,2,0,4,4,36,12
07802f7f,267,12,26,106,139,49,265,16,10,6,163,718,260,15,6,9,20,17,186,46
8e92be30,140,2,7,39,98,28,139,15,5,9,81,536,270,10,8,7,8,9,102,34
6ca5ec4b,1243,36,237,612,416,35,1243,58,28,27,739,3912,1780,41,37,4,42,30,841,92
c931d9f9,66,1,9,26,32,6,66,6,1,2,35,233,112,6,2,3,3,1,39,9
c931d9f9,157,7,18,50,94,14,157,7,1,2,94,816,468,15,7,4,7,6,104,27
1265a93a,814,23,162,368,287,15,814,19,9,7,455,2516,1379,39,21,5,8,8,566,80
8449d35e,818,46,231,436,157,26,818,18,9,8,421,1853,897,11,14,1,11,11,472,19
172e52d8,286,47,174,108,4,4,286,2,2,0,149,603,241,1,0,0,1,1,167,0
0f134faf,1207,24,243,555,419,23,1207,36,13,18,567,2206,817,15,16,1,39,21,632,47
b66315ae,637,16,53,242,345,123,637,66,27,31,370,2068,894,30,15,18,54,40,485,122
b561db50,149,6,16,62,71,25,149,6,3,2,79,338,128,4,3,1,11,9,121,25
c17bfb65,1133,51,215,534,401,68,1133,70,33,28,587,3336,1572,43,31,5,52,39,732,103
9319781b,488,38,197,222,73,1,488,12,6,3,225,1149,489,11,5,0,7,6,269,15
0cd31129,545,5,52,198,314,76,543,55,20,25,312,2849,1559,62,37,28,52,15,350,107
4fb9c88f,169,3,26,81,63,10,169,6,3,3,115,580,223,6,3,3,4,6,134,16
45db685d,279,7,52,164,65,6,279,2,1,1,161,667,318,3,5,0,2,4,221,5
45db685d,1026,36,273,577,178,8,1024,10,3,4,545,2309,1090,13,27,1,14,9,706,10
178ae8f8,166,9,26,74,69,20,166,12,5,6,90,569,293,12,5,5,11,8,115,31
570bb4b9,168,1,20,75,79,8,168,16,12,4,93,683,320,13,9,1,10,10,89,14
fb614c44,980,48,296,475,216,8,980,19,4,11,417,1831,834,20,19,4,15,6,574,50
0db5d2c8,422,64,210,193,20,7,422,1,0,1,215,858,509,1,1,0,2,1,221,1
15f24fe7,7,0,2,1,4,2,7,0,0,0,2,6,3,0,0,0,1,0,5,1
cc77354e,997,53,304,583,118,8,997,22,10,8,538,2101,977,13,8,0,15,11,623,7
21a66f6a,861,20,61,414,400,116,858,69,25,36,552,2995,1196,40,34,14,49,47,683,137
b9fbae28,144,1,15,77,54,4,144,6,4,2,72,469,250,7,4,1,3,2,105,7
c5b7c315,10,4,6,1,3,0,10,0,0,0,1,6,5,0,0,0,1,0,3,0
18b999f4,285,10,46,80,166,27,285,28,9,14,182,1403,794,37,14,10,15,10,194,63
51dbeea9,981,99,450,439,97,13,981,9,7,2,515,2143,1087,12,10,1,13,4,581,20
f25c8e3a,206,5,34,114,59,11,206,4,3,0,110,531,223,5,6,0,12,7,141,21
f31def1e,592,89,363,197,36,5,592,1,1,0,290,1656,1024,4,1,0,9,0,345,1
d0f72bf1,1641,298,1001,615,35,16,1641,14,10,4,921,4913,2925,20,4,0,10,5,1124,1
282679b4,189,3,25,82,85,9,189,6,2,4,110,385,149,5,5,2,11,1,124,21
ea6bc03a,1282,169,696,545,50,13,1282,0,0,0,656,2955,1609,8,5,0,7,1,724,5
5ed9b537,328,35,181,138,11,5,328,2,1,0,184,900,465,3,2,0,4,0,203,2
0313a347,1330,211,776,517,44,11,1330,10,4,2,802,3368,1791,5,4,0,11,1,921,9
da974c7b,1194,107,540,603,57,16,1194,6,4,2,754,3424,1820,9,8,0,8,2,874,4
8d3c902d,292,27,105,139,51,10,292,9,6,1,135,657,252,6,3,3,12,4,147,8
79c0821a,797,17,143,512,149,4,797,13,5,6,520,3196,1488,24,19,1,14,13,616,12
77cf6852,1,0,1,0,0,0,1,0,0,0,0,0,0,0,0,0,0,0,0,0
df3cda47,679,13,101,243,355,77,679,68,26,36,448,3265,1729,62,33,35,56,24,471,132
41e7ef1c,64,8,35,18,11,0,64,4,2,2,29,100,20,1,0,0,3,1,24,2
99813635,373,6,43,180,151,33,373,6,3,3,206,839,420,10,4,4,15,11,295,43
f4e433d4,362,15,78,130,157,17,362,28,8,13,222,1362,749,27,11,7,16,2,246,57
26f6dca8,98,0,16,57,26,0,98,1,1,0,62,323,127,2,3,0,1,2,76,4
119b9a8e,525,43,168,261,99,11,525,2,1,1,364,2020,1383,17,30,0,2,0,412,8
cf7fb13a,106,10,32,55,20,2,106,4,3,1,38,338,201,10,2,1,3,2,47,1
450ab6fc,41,15,28,12,1,1,41,0,0,0,21,81,17,0,0,0,0,0,21,0
ecad9aa5,568,24,123,369,81,0,568,20,9,7,345,1729,751,6,10,0,12,17,321,9
0bdda685,13,0,3,7,3,0,13,0,0,0,7,29,21,2,0,0,0,0,8,3
2b471f99,174,11,51,105,21,1,174,4,3,0,88,394,205,2,0,0,3,4,107,2
4f28a6ff,956,92,475,421,64,8,956,4,1,2,686,3257,1988,19,18,0,9,3,728,6
2628fd2b,933,730,927,6,0,0,933,0,0,0,501,2495,1414,0,0,0,1,0,439,0
9b5ce51a,1232,131,420,624,206,31,1232,16,9,7,580,2307,1115,13,22,1,18,12,728,18
efb9215a,13,0,6,2,5,2,13,0,0,0,8,38,10,0,1,0,0,0,11,1
b57e066e,467,11,77,262,131,9,467,9,3,3,326,1708,893,19,15,3,4,11,371,14
41f08ac8,138,4,24,48,69,18,138,14,4,10,92,651,336,8,6,3,11,8,91,39
f5deef4c,448,53,222,215,12,0,448,1,0,1,283,1232,586,1,0,0,0,2,311,0
810e3c74,352,7,42,188,129,15,352,10,6,4,206,974,506,11,12,0,15,9,252,34
bba30585,506,59,283,210,15,6,506,3,2,1,303,1566,721,2,1,0,6,1,312,1
8f62b6ee,682,623,681,1,0,0,682,0,0,0,374,2109,1296,0,0,0,2,0,303,0
ed9f7cfe,716,54,284,278,165,10,716,20,9,6,361,1969,983,18,10,2,9,9,358,42
e97fd090,763,28,138,425,212,33,763,38,19,14,435,2506,1377,35,19,7,19,15,557,49
a2b105e0,1020,37,210,531,285,49,1020,20,5,14,511,2082,834,12,8,4,25,23,658,79
b2856bc0,4,0,0,3,1,0,4,0,0,0,2,7,1,0,0,0,0,0,3,0
6f7d826d,1245,41,326,689,245,7,1244,24,10,9,650,3383,1543,25,21,2,20,19,769,18
c6e8cf1f,39,2,7,20,12,3,39,1,1,0,22,114,39,2,0,1,0,0,27,4
b5bf1770,431,48,204,196,39,7,431,7,5,2,230,1193,622,5,6,2,10,4,204,2
83d074ff,1218,32,243,683,301,20,1215,28,17,6,700,2969,1423,25,25,1,18,21,869,32
ee38d9c5,840,9,84,396,364,60,840,39,14,15,555,2932,1287,36,23,14,25,16,648,91
bf34eebd,98,0,15,36,49,6,98,12,7,4,70,547,234,6,1,2,3,6,78,20
d8931174,435,46,222,194,21,5,435,2,1,1,268,1514,986,5,4,0,0,0,306,2
892d5bb1,767,4,48,279,446,63,766,38,12,14,514,2772,1256,38,30,22,20,10,576,152
c6220452,11,0,2,4,5,3,11,1,0,1,5,74,54,2,0,0,0,0,6,1
e3a5814e,495,41,177,246,79,4,495,10,7,3,202,1047,451,8,7,1,10,7,260,10
6b6c793c,605,37,237,237,136,7,605,12,2,10,278,1413,703,14,12,1,13,4,317,20
a572e291,360,12,75,223,65,5,360,20,7,10,195,1027,467,10,3,2,3,6,228,6
758dd7f0,8,1,2,2,4,0,8,0,0,0,5,46,31,2,0,0,0,0,5,1
3544641e,156,4,20,70,73,16,156,23,10,13,92,504,193,3,9,0,18,14,103,21
bb5fbd2b,1149,36,146,368,645,88,1149,70,33,23,703,4617,2107,73,36,32,37,26,787,247
4d960fc3,3,1,1,2,0,0,3,1,0,0,2,11,7,0,0,0,0,0,2,0
59878425,3,0,0,2,1,0,3,0,0,0,2,6,1,0,0,0,0,0,3,0
8b788c01,173,3,5,70,98,23,172,9,4,4,107,431,207,7,5,4,15,4,145,28
48a5a5d6,1054,10,98,293,680,155,1054,89,37,39,705,5104,2306,91,45,51,61,42,781,246
7956236f,837,705,827,10,0,0,837,0,0,0,461,2444,1509,0,0,0,2,0,387,0
bac46a10,1450,229,749,664,47,8,1450,11,11,0,838,4196,2465,11,13,0,10,7,921,1
feb5d972,124,9,43,67,14,1,124,3,0,1,90,447,178,1,0,0,3,2,89,0
50e6dc35,224,15,32,90,103,30,224,6,2,4,114,484,183,6,8,2,21,13,150,33
b217ef29,757,90,377,344,43,9,757,7,4,3,477,3277,2339,24,20,1,12,1,537,1
4bcf39f6,291,1,21,131,143,39,291,12,4,8,168,691,231,7,5,3,30,15,213,45
493924a7,114,4,38,40,38,0,114,6,4,2,57,273,159,4,2,0,1,2,59,11
6afaebf2,739,13,110,212,427,64,738,43,20,19,441,2451,932,34,14,14,44,33,489,135
90f91999,761,21,131,431,205,20,761,27,17,6,427,1772,759,11,15,2,30,18,485,36
4e5a4cbc,838,146,484,317,39,16,838,7,5,1,418,1847,925,5,1,0,2,2,491,1
01c3aff5,226,8,49,119,60,3,226,4,3,1,119,439,167,4,4,0,4,8,141,10
fc15fb84,703,18,116,268,329,32,703,57,25,30,389,2574,914,36,21,6,30,22,437,79
d93c2511,418,50,140,198,82,14,418,15,9,4,199,887,375,8,7,1,16,9,237,15
8df7a2fb,1295,175,692,520,87,39,1295,2,2,0,688,2690,1259,2,5,2,12,1,704,7
33887998,286,247,283,3,0,0,286,1,0,1,160,744,399,0,0,0,0,0,148,0
1598599e,313,8,85,206,25,1,313,2,2,0,171,835,270,1,2,0,4,1,216,3
fed96827,958,220,638,305,20,9,958,1,0,0,454,2186,1088,1,3,1,4,3,563,0
6b625ac2,799,643,794,5,1,0,799,0,0,0,415,2462,1387,0,0,0,1,1,296,0
10ec4169,4,0,1,0,3,0,4,3,0,2,4,27,10,0,0,0,0,0,4,1
2ce2508a,202,16,72,98,35,0,202,0,0,0,107,445,150,1,2,0,2,5,118,2
2f90f6b8,606,19,142,279,187,21,606,17,9,6,311,1420,643,15,11,5,14,11,391,57
6d5701f2,207,25,92,107,9,3,207,0,0,0,120,603,328,1,1,0,3,0,141,1
8397a50c,1233,201,699,494,42,12,1233,7,2,2,735,3858,2103,10,6,1,5,4,805,6
5cbd1eb0,1064,69,399,453,222,16,1064,17,8,6,462,1845,846,14,12,3,22,13,540,48
74618572,627,11,81,229,325,68,627,52,27,18,415,3122,1804,63,35,31,29,14,473,118
3925dbd6,662,22,66,321,280,119,656,39,20,18,376,1596,598,19,11,9,56,46,526,82
01ce9e70,449,29,48,257,145,41,449,11,1,6,224,860,268,10,8,2,38,30,346,44
c4720845,6,0,0,5,1,0,6,0,0,0,3,2,1,0,0,0,2,0,3,1
16e9d0ea,279,17,96,109,77,12,279,13,6,5,131,587,275,7,4,2,12,7,160,31
9674002f,959,18,109,411,450,56,959,32,15,14,522,2708,1393,47,33,11,38,26,666,113
2b622f01,76,0,11,28,38,5,76,7,2,5,41,261,102,3,3,1,4,3,50,10
f5a00fa4,1009,35,204,550,262,10,1009,8,4,4,501,1974,1036,13,18,0,13,5,634,24
92868cb5,1,0,0,1,0,0,1,0,0,0,1,9,2,0,0,0,0,0,1,0
049a888d,102,1,17,34,52,9,102,11,2,8,62,403,175,5,3,2,7,4,68,12
de112b84,273,6,31,94,153,33,273,20,6,10,174,1230,784,34,19,13,6,11,188,56
1d5cab82,116,1,12,54,53,7,116,5,1,4,58,318,141,5,2,1,10,5,80,17
30d4a2e5,1292,94,446,557,299,21,1292,23,10,13,552,2442,1312,29,28,6,18,7,662,55
ecada4fc,170,152,170,0,0,0,170,0,0,0,84,452,245,0,0,0,1,0,56,0
6b47c5db,722,52,244,426,62,4,722,5,4,1,382,1603,751,9,12,0,10,6,463,2
c5bdb6e3,47,0,5,7,36,8,47,1,1,0,26,197,125,8,2,4,0,4,39,12
a9dc785c,436,373,433,3,0,0,436,0,0,0,216,1284,893,0,0,0,1,0,131,0
7ba2eaa9,323,2,39,93,197,37,323,39,12,23,215,1591,796,26,14,13,19,7,228,79
44bfb6c5,1720,134,601,879,255,15,1718,17,9,6,894,3982,1888,17,21,1,16,9,1118,8
00242715,81,22,58,19,4,3,81,3,0,3,23,94,44,0,0,0,1,1,28,0
39769cff,846,46,287,351,212,15,846,10,4,5,341,1002,461,12,4,4,3,1,420,60
a53649b7,371,10,34,139,203,77,371,31,14,11,240,1492,542,30,12,19,27,18,276,69
e6af02e0,849,39,191,398,273,39,849,45,21,16,538,3693,1770,42,36,6,26,24,607,85
4d77b365,411,8,29,115,271,111,411,22,7,12,241,1708,933,43,18,25,28,15,313,114
7f94982c,1,0,0,0,1,0,1,0,0,0,0,0,0,0,0,0,0,0,0,0
df0a4c90,641,49,201,343,103,26,641,11,4,6,277,899,396,1,6,1,6,6,311,5
089667a5,297,19,72,161,71,3,297,17,7,3,157,947,518,13,9,2,12,7,166,3
74b2cd7e,278,40,161,107,10,5,278,0,0,0,123,547,124,0,0,0,1,3,135,1
c4486bac,1053,12,132,447,491,44,1053,76,31,33,590,3599,1858,59,41,20,54,28,704,125
e7ee38c3,120,101,118,2,0,0,120,0,0,0,71,365,186,0,0,0,1,0,48,0
828657ff,941,41,208,549,199,36,941,40,15,18,494,2622,1104,22,23,4,33,14,640,32
6612cd8c,11,0,3,4,4,0,11,1,0,1,5,38,24,1,0,0,1,1,5,0
c06d1086,89,3,8,39,44,13,89,7,5,2,46,140,24,1,1,0,13,6,73,16
2944f86f,188,12,59,81,49,13,188,9,1,5,100,341,158,3,5,1,5,6,99,10
ee950928,4,0,2,0,2,0,4,0,0,0,2,10,7,0,0,0,0,0,1,0
2f9e4435,185,15,37,77,76,20,185,18,5,12,102,748,291,15,5,5,14,6,124,28
38c7feef,145,3,17,67,64,15,145,13,4,8,84,590,234,11,7,3,12,10,104,24
d00d45ab,4,0,0,0,4,0,4,0,0,0,2,1,1,0,0,0,1,0,4,0
a78ff07f,1144,58,270,716,170,27,1144,21,7,9,501,1797,586,4,9,2,22,17,588,14
dc7f8a28,95,2,9,32,54,15,95,8,5,2,65,369,184,9,2,7,9,3,75,18
e0bc6fdc,389,22,93,179,122,16,389,13,4,6,167,1111,604,22,13,3,4,4,246,32
9b6f7fd5,796,30,147,433,226,30,795,22,9,9,406,1673,588,8,16,3,24,19,527,39
529f49ab,1416,48,268,879,279,14,1416,25,17,6,836,3852,2030,16,20,1,21,11,1025,17
230f0471,661,49,233,240,195,16,661,20,9,10,270,1600,655,13,11,2,19,9,344,42
a6b461e7,162,8,56,90,17,0,162,1,0,0,72,242,103,2,0,0,6,0,100,4
ac7e7b1c,9,0,1,3,5,0,9,0,0,0,9,83,11,0,0,0,1,0,10,2
6639e500,986,12,76,465,457,44,985,36,12,19,538,2938,1314,41,34,9,42,40,633,102
75a72a99,8,0,2,4,3,0,8,0,0,0,5,31,2,0,2,0,0,1,5,1
819aa8e7,244,3,38,104,108,17,244,21,6,12,132,696,356,17,6,6,12,11,155,43
6fe90922,925,38,224,320,388,59,925,26,8,15,420,2456,1255,60,17,24,26,9,500,124
6dfd8f05,806,31,232,285,295,31,806,27,6,19,420,2145,825,22,26,5,21,10,435,86
53552942,22,0,4,12,6,2,22,0,0,0,9,21,8,0,0,0,0,0,19,1
4f565d77,78,7,22,46,11,3,78,0,0,0,35,142,50,0,0,0,1,0,51,1
515ebe8d,89,3,26,63,2,1,89,0,0,0,69,574,393,0,1,0,2,0,60,0
4806ec67,914,679,894,21,0,0,914,0,0,0,489,3080,2070,0,0,0,1,1,382,0
e541326e,779,175,477,245,60,28,779,2,1,0,299,1239,703,1,2,0,2,6,351,9
7fcc71d8,702,9,96,258,358,58,702,43,15,26,413,2030,927,32,20,15,40,26,489,116
4b40d9ca,619,515,613,6,0,0,619,0,0,0,326,1986,1209,0,0,0,1,0,216,0
27d0a506,46,1,20,16,10,0,46,7,2,4,24,175,110,4,1,0,2,1,25,4
86695068,227,10,47,108,77,7,227,9,5,4,112,590,220,11,5,1,7,8,138,26
b9403c99,17,1,5,10,2,0,17,1,1,0,10,40,12,1,0,0,1,0,13,0
1bf33a9a,328,3,43,132,161,32,328,34,10,15,224,1674,842,28,20,11,23,6,251,56
466fb2c5,742,535,729,13,0,0,742,1,1,0,456,2527,1595,0,1,0,0,0,394,0
1544f145,746,33,144,389,224,32,746,24,7,8,427,2727,1398,46,34,9,38,19,480,61
a1d5bd30,815,12,74,305,451,119,815,85,29,47,494,3137,1475,53,35,32,59,27,624,163
98ea5115,1036,750,971,66,0,0,1036,1,1,0,634,3902,2618,0,0,0,0,0,461,0
28b40c9c,1639,236,865,733,51,12,1639,11,8,1,987,5618,3791,19,8,0,12,4,1062,1
ab651565,1,0,0,0,1,0,1,0,0,0,1,1,1,0,0,0,0,0,1,1
803ae100,1028,39,186,566,284,27,1028,17,6,11,475,2151,762,20,17,2,29,15,598,59
0f7533cd,979,49,200,399,393,57,979,37,13,17,527,2518,1190,43,29,12,47,23,608,142
1c7012b8,1676,74,423,991,296,14,1675,34,18,13,968,6081,3308,64,53,2,17,17,1123,25
0a3d6d2b,208,41,109,80,19,5,208,0,0,0,82,327,162,2,1,0,2,1,105,1
fa031b34,309,9,63,115,135,39,309,19,4,14,188,1064,485,19,14,6,25,15,210,50
7a1f2c08,42,6,16,16,10,0,42,0,0,0,17,73,46,1,1,0,0,0,22,1
71ef519e,19,1,6,7,6,0,19,1,1,0,14,46,22,0,0,0,0,0,14,2
2e4f5f03,1479,48,436,600,451,41,1479,25,10,14,790,3903,2228,46,36,6,19,7,959,139
289601e6,1354,75,464,573,340,20,1354,46,20,19,677,4657,2766,71,59,10,26,14,717,84
da27e268,1041,31,224,611,211,18,1041,16,11,5,573,2557,1353,16,14,4,16,12,657,16
17acc2ed,65,58,65,0,0,0,65,0,0,0,36,206,94,0,0,0,1,0,21,0
6434f10d,2385,80,493,1448,458,47,2385,19,13,5,1442,7356,3913,56,55,1,15,13,1803,29
1fb1c435,549,15,49,260,242,78,548,16,6,10,310,1551,635,31,13,17,34,11,387,107
57c94db2,350,40,142,118,91,11,350,5,2,2,158,620,262,8,7,1,13,9,177,31
a3d94a58,1074,169,542,469,69,10,1074,18,11,7,684,3181,1755,14,18,2,14,9,694,4
4b511457,37,2,5,19,14,1,37,1,1,0,18,128,66,2,1,0,1,0,20,0
dea698d9,220,8,25,91,106,32,220,9,4,3,94,477,288,9,6,3,7,3,167,33
1b804500,4,0,0,3,1,0,4,0,0,0,1,4,2,0,0,0,0,0,3,1
b318a643,36,1,2,15,19,4,36,1,1,0,16,33,3,0,1,0,1,1,32,7
10a10454,112,5,28,62,23,1,112,7,2,5,53,395,199,2,2,0,0,0,65,3
c64c01fc,54,2,5,21,28,5,54,14,5,8,34,140,62,3,1,1,2,7,38,8
903b6e8b,853,768,851,2,0,0,853,2,2,0,476,2901,1874,0,0,0,2,0,400,0
e280527c,191,10,44,99,50,4,191,0,0,0,97,311,108,1,3,0,1,3,112,6
2b16cb1a,381,5,39,133,220,41,381,65,34,23,273,2549,1508,56,31,20,18,21,301,77
bc7dc64d,1207,10,101,321,798,140,1205,99,36,47,766,5549,2887,111,57,54,51,36,872,331
e342ad68,893,3,55,273,573,166,893,74,26,43,593,3578,1635,63,29,48,69,52,707,238
972aeb2a,1763,160,800,929,39,11,1763,9,6,1,1121,5630,3306,8,5,1,14,6,1205,1
0b33f6ad,1446,206,723,612,121,22,1446,9,7,2,700,3248,1461,5,11,0,5,9,730,4
1b4f1169,154,6,32,95,29,0,154,2,1,0,96,393,145,0,6,0,1,1,113,2
1b4f1169,136,8,40,76,21,0,136,1,1,0,75,361,162,0,2,0,2,3,87,1
da7b447d,490,63,256,203,32,8,490,4,1,2,278,1065,538,4,2,0,2,2,333,3
6a713852,791,662,787,4,0,0,791,0,0,0,498,2281,1390,0,0,0,0,0,458,0
dbf053da,462,3,52,163,255,51,462,34,11,21,305,1775,965,39,16,23,29,9,347,79
6e7f1353,9,1,1,4,4,0,9,0,0,0,5,11,9,0,0,0,1,0,5,0
9744ff80,203,1,31,81,95,12,203,6,1,5,113,491,199,3,8,0,3,5,142,26
ac0d576d,86,0,12,35,39,10,86,10,6,3,60,312,102,5,3,1,4,7,69,18
8790f988,273,5,13,135,128,38,273,14,6,6,143,660,282,13,7,3,23,18,203,48
2964fd20,89,2,19,47,24,1,89,2,1,1,55,436,289,8,4,0,0,0,59,4
52afb588,29,0,2,9,18,6,29,3,0,3,14,169,18,1,0,1,1,1,20,4
c8aa95da,1392,161,683,589,133,46,1392,10,3,5,749,3963,2625,20,18,1,12,5,819,17
3312f911,891,51,222,487,198,29,891,35,16,14,457,2132,912,23,17,7,21,18,528,44
d04b94db,1035,74,334,450,266,13,1035,32,14,15,560,3125,1651,33,32,2,26,14,600,83
efd2ec23,50,2,9,24,19,2,50,3,1,2,30,280,134,3,6,2,7,4,37,6
35141f4c,1029,208,662,342,35,9,1029,5,3,2,540,2529,1416,4,6,0,10,4,586,2
6aa3e78b,494,29,157,171,168,27,494,10,4,4,233,1435,815,24,11,5,11,10,270,64
9c94165b,1545,100,491,734,332,15,1545,20,6,11,848,4286,2315,46,32,1,15,6,937,56
3727dd3c,28,0,8,18,2,0,28,0,0,0,10,63,19,0,0,0,0,0,17,0
3727dd3c,94,11,33,56,6,0,94,1,1,0,49,363,204,1,1,0,0,1,62,0
3eb22ec9,1368,23,209,620,550,69,1368,53,23,24,856,5754,2943,70,59,25,22,27,1014,149
86e7deaf,1827,277,945,848,38,18,1827,3,2,0,1143,5291,3028,4,9,0,4,1,1319,1
26d3b5be,38,0,0,21,18,4,38,1,1,0,18,70,12,0,2,0,2,2,30,6
8e16dd48,297,2,26,142,133,19,297,28,13,12,179,1024,561,18,8,6,10,12,221,52
6250083a,227,13,58,115,58,4,227,3,1,2,138,654,291,7,9,0,4,4,155,14
20b104bc,1048,67,420,455,188,11,1048,20,4,13,442,1934,1006,17,14,1,17,4,533,19
17695062,29,1,8,7,14,1,29,3,2,1,11,49,9,0,0,0,0,1,14,3
839c14e1,27,2,8,9,10,0,27,0,0,0,14,87,67,1,2,0,0,0,20,0
839c14e1,2,0,0,2,0,0,2,0,0,0,1,2,2,0,0,0,0,0,1,0
e77dc3b2,545,27,90,231,238,77,545,51,18,30,338,2349,822,28,20,13,72,46,396,90
886f9aac,69,2,17,21,33,4,69,8,4,4,49,348,194,5,3,2,3,5,43,11
6613c819,934,79,300,440,196,50,934,12,2,7,375,1404,495,9,10,0,14,13,521,33
ae59b359,624,26,203,385,44,0,624,6,4,2,317,1445,607,10,4,0,11,12,415,11
0a6cb1b1,211,34,103,105,6,5,211,0,0,0,120,646,337,3,1,0,1,0,131,1
21166ff4,57,11,37,20,0,0,57,0,0,0,34,162,104,1,0,0,0,0,41,0
9bc9a519,12,0,3,1,8,2,12,1,0,0,8,92,66,2,1,1,0,2,10,2
558807c0,167,17,66,56,47,2,167,6,2,4,73,458,221,9,4,1,3,4,76,15
6992791d,34,0,3,15,16,3,34,0,0,0,18,92,13,0,1,0,1,1,27,5
b2626673,35,2,7,14,15,7,35,0,0,0,13,88,35,2,2,0,2,2,23,4
6adbc307,33,4,8,17,8,0,33,0,0,0,16,135,86,3,2,0,0,1,25,0
6adbc307,211,52,143,62,7,3,211,2,2,0,83,412,206,0,0,0,1,1,106,2
b400bde0,623,3,47,181,404,79,623,59,20,36,455,2595,1275,50,35,31,36,39,526,125
5eecec3d,1127,57,346,654,132,15,1127,7,4,0,748,4107,2100,21,24,1,4,2,894,18
f4d296e4,1300,61,382,579,345,25,1300,18,9,7,543,2060,1087,22,21,1,23,9,645,45
a62f8bf1,112,1,13,40,62,13,112,25,13,12,80,729,241,6,7,3,8,4,77,19
df04eb4b,421,5,60,161,211,42,421,30,10,15,284,1663,876,35,18,12,33,25,299,55
b017b770,117,8,24,43,54,14,117,5,2,2,58,302,126,2,4,1,11,3,77,14
e9971f2d,102,4,43,56,3,0,102,2,1,1,65,282,133,1,3,0,3,1,68,2
e514ab62,315,12,80,132,105,0,315,0,0,0,135,485,295,2,5,0,4,3,165,12
15ea812b,1515,253,782,688,53,43,1515,7,6,1,743,3467,1847,9,2,0,14,3,934,4
5c0da4a4,741,25,157,296,317,45,741,71,32,33,428,3044,1511,50,34,16,39,31,458,100
7120a04d,129,1,17,70,47,14,129,13,8,4,73,597,318,12,5,7,9,2,78,20
77d7c96f,1179,68,338,582,275,17,1179,16,10,4,499,2467,1328,43,33,3,15,16,576,36
fc027d02,542,24,216,260,70,3,542,8,4,3,231,935,405,5,4,1,5,5,282,7
56f7a928,1438,41,333,818,303,10,1436,21,14,4,712,3031,1588,27,19,1,28,11,1005,48
fce2302c,359,14,80,163,117,6,359,2,0,1,195,1139,541,15,11,0,5,0,210,21
a105d46a,365,34,117,128,125,9,365,8,3,4,155,637,310,8,5,3,9,5,183,35
b3af9be1,487,25,128,265,98,10,487,3,1,2,261,1162,537,9,7,0,5,4,291,16
e7ca0439,160,22,111,45,4,1,160,1,1,0,87,326,189,1,1,0,2,1,103,1
e09f279b,809,31,85,345,383,105,805,30,8,18,407,1597,429,5,13,4,71,26,584,108
9a28eba4,484,8,64,179,252,35,484,63,28,26,315,2746,1456,58,25,15,39,19,376,105
999ceb5f,157,6,37,96,26,2,157,7,3,3,74,448,241,4,3,0,2,3,84,2
fe558029,354,328,353,1,0,0,354,0,0,0,159,786,413,0,0,0,0,0,120,0
21512407,1818,69,438,760,631,16,1818,25,12,9,749,2439,1198,21,21,1,14,4,927,99
38ceb24a,137,0,11,25,103,19,137,11,7,2,100,702,375,14,4,4,2,6,105,42
38ceb24a,698,3,63,278,368,90,698,40,14,19,429,2443,1192,40,27,24,38,26,531,118
f315ca93,420,17,92,142,188,19,420,9,2,6,207,1238,651,18,8,4,10,4,245,60
dd549382,93,1,6,27,60,22,93,1,0,1,42,125,58,2,2,2,6,5,70,22
531a4aa8,28,3,7,18,3,0,28,0,0,0,17,91,18,0,1,0,1,3,20,0
e06683ca,1680,222,805,809,70,36,1680,1,1,0,1045,4184,2036,8,9,2,6,0,1226,4
9f8e9423,926,111,434,461,33,13,926,4,2,2,573,4025,2398,11,12,0,2,1,612,2
45963054,282,23,37,107,140,50,282,14,4,9,124,647,231,12,6,10,21,12,165,74
dad4b285,1238,75,427,645,173,12,1238,12,4,5,672,3309,1826,33,21,1,10,6,759,24
6412cc03,195,3,17,96,84,9,195,11,3,7,117,486,166,4,4,0,9,5,137,22
08eb3b58,9,3,5,2,2,0,9,1,1,0,2,5,1,0,0,0,0,0,3,1
b937e490,31,1,7,16,9,0,31,3,1,0,15,98,52,2,1,0,1,1,17,1
8b529245,182,9,12,70,102,27,182,7,1,5,99,365,95,2,5,2,28,11,129,22
1ecb65be,73,3,12,31,34,6,73,3,0,3,38,253,182,4,2,3,4,2,40,11
86dd77d1,1165,25,236,733,204,6,1165,9,7,2,700,3186,1802,28,25,0,7,2,908,29
984a5a64,879,40,231,366,298,27,879,50,21,21,447,3145,1636,55,41,10,22,32,468,63
9e525177,442,29,139,179,126,13,442,13,6,7,226,1125,599,17,10,2,10,5,245,25
d3ce0e89,931,754,927,5,0,0,931,0,0,0,511,2639,1574,0,0,0,0,0,440,0
8a7ff278,810,81,341,325,148,11,810,6,4,1,327,1239,582,7,9,0,12,5,412,23
3515d404,1551,51,274,826,455,17,1550,12,5,7,702,2588,1165,13,16,0,20,15,891,37
aed3a70f,606,22,54,258,304,97,605,40,11,22,329,1772,805,33,21,17,57,31,446,116
c40b6180,1197,102,531,590,82,19,1197,6,1,4,759,3694,2206,13,12,0,7,3,839,5
c4e87b8b,164,11,30,85,50,13,164,2,0,2,87,202,48,0,2,0,7,10,108,25
ce5143da,374,12,22,126,230,66,374,22,11,10,223,971,413,15,7,5,44,11,289,76
35e413f1,1593,55,333,833,435,25,1593,20,5,12,876,4100,2278,44,35,0,21,5,1054,79
4d90ce8c,8,0,0,4,4,0,8,0,0,0,5,11,4,0,0,0,0,0,5,1
dd323728,903,61,336,338,249,16,903,36,16,18,447,2834,1623,35,24,3,24,15,428,55
8b9ebd03,682,4,81,256,358,46,682,42,22,13,457,3276,1638,58,47,17,29,17,494,83
a3b03921,858,34,142,377,352,69,858,51,14,29,489,3143,1661,56,30,21,47,19,571,87
c596fcb0,285,5,15,105,165,73,284,11,3,5,174,897,467,20,9,9,45,21,227,78
c6dc9ecd,229,9,40,88,103,14,229,8,6,2,147,837,281,8,8,4,8,8,166,38
2500cef9,334,11,46,133,163,34,334,28,11,12,202,991,418,14,7,4,28,20,214,65
4b803b3c,381,36,162,191,30,9,381,0,0,0,215,1205,797,6,3,0,0,0,216,3
4e9a0555,149,8,19,70,60,16,148,2,1,0,52,159,62,1,1,0,12,5,101,23
4e9a0555,81,4,10,52,20,6,81,1,0,1,46,146,32,0,1,0,11,6,66,12
a5212312,978,133,565,371,44,11,978,2,2,0,496,2145,1153,4,3,0,3,4,593,1
e61b8aee,1336,60,229,624,489,78,1336,14,6,7,766,2887,1450,28,29,7,23,19,983,121
c1fe2a48,632,49,182,339,117,31,632,6,3,2,247,1047,474,8,3,2,16,15,310,20
be927d03,902,51,328,428,159,4,902,12,5,5,428,1793,832,17,14,3,9,3,473,28
b2bc3b1f,751,10,80,294,389,91,749,91,32,48,527,3401,1431,54,31,37,75,70,589,171
384d58d9,184,7,49,97,42,2,184,7,5,2,125,593,285,9,3,2,3,7,141,3
e8271ad9,778,43,281,292,216,31,778,35,17,16,364,2302,1214,39,29,10,33,16,401,48
51cf8561,1310,40,271,650,399,22,1310,12,8,4,749,4475,2445,51,39,5,15,12,853,47
6622454d,415,8,61,162,195,12,415,26,12,12,253,1160,479,13,13,4,6,13,294,56
ce4246f5,735,164,465,254,18,14,735,2,0,2,387,1709,815,1,1,0,4,0,463,1
79300479,1235,16,115,515,620,81,1235,47,28,16,720,4022,1793,58,34,19,30,34,892,118
