id,Touches,Def Pen,Def 3rd,Mid 3rd,Att 3rd,Att Pen,Live,Att,Succ,Tkld,Carries,TotDist,PrgDist,PrgC,1/3,CPA,Mis,Dis,Rec,PrgR
1339039e,81.0,1.0,6.0,20.0,56.0,9.0,81.0,4.0,1.0,1.0,68.0,375.0,181.0,6.0,6.0,2.0,5.0,9.0,66.0,23.0
8f5cdf66,44.0,1.0,13.0,24.0,7.0,0.0,44.0,0.0,0.0,0.0,16.0,60.0,25.0,0.0,0.0,0.0,1.0,2.0,21.0,0.0
f417a1fa,280.0,1.0,52.0,153.0,83.0,7.0,280.0,13.0,7.0,4.0,209.0,1128.0,469.0,6.0,7.0,0.0,6.0,6.0,210.0,20.0
b96b595c,352.0,40.0,134.0,206.0,13.0,4.0,352.0,1.0,0.0,1.0,210.0,978.0,547.0,4.0,4.0,0.0,1.0,0.0,259.0,1.0
81442ecb,126.0,12.0,56.0,41.0,30.0,0.0,126.0,4.0,1.0,3.0,64.0,270.0,128.0,4.0,1.0,0.0,4.0,5.0,62.0,8.0
82e12fe7,87.0,4.0,16.0,34.0,38.0,11.0,87.0,4.0,1.0,3.0,52.0,225.0,54.0,1.0,0.0,1.0,8.0,6.0,56.0,11.0
65d62814,235.0,216.0,235.0,0.0,0.0,0.0,235.0,0.0,0.0,0.0,131.0,597.0,344.0,0.0,0.0,0.0,0.0,0.0,119.0,0.0
ee926a02,199.0,6.0,59.0,99.0,42.0,7.0,199.0,6.0,1.0,5.0,109.0,455.0,180.0,3.0,1.0,0.0,7.0,2.0,115.0,6.0
501055d8,167.0,4.0,39.0,43.0,87.0,22.0,167.0,26.0,10.0,14.0,113.0,892.0,518.0,23.0,10.0,13.0,10.0,6.0,109.0,31.0
dcfb17f4,85.0,0.0,9.0,28.0,49.0,8.0,85.0,4.0,1.0,3.0,47.0,276.0,161.0,7.0,4.0,2.0,2.0,2.0,62.0,16.0
89ac64a6,433.0,27.0,139.0,257.0,38.0,3.0,433.0,0.0,0.0,0.0,298.0,1470.0,827.0,3.0,3.0,0.0,2.0,1.0,346.0,4.0
eaeca114,366.0,14.0,85.0,241.0,45.0,2.0,366.0,0.0,0.0,0.0,250.0,1128.0,773.0,5.0,5.0,0.0,0.0,0.0,302.0,3.0
05439de2,357.0,34.0,128.0,160.0,72.0,6.0,357.0,3.0,3.0,0.0,218.0,951.0,505.0,6.0,6.0,2.0,6.0,1.0,266.0,20.0
834d0be5,5.0,0.0,0.0,3.0,2.0,0.0,5.0,0.0,0.0,0.0,3.0,6.0,0.0,0.0,0.0,0.0,2.0,2.0,6.0,1.0
4601e194,192.0,5.0,28.0,103.0,62.0,8.0,192.0,1.0,0.0,1.0,153.0,508.0,261.0,4.0,5.0,1.0,0.0,2.0,149.0,23.0
77e84962,269.0,5.0,47.0,153.0,73.0,2.0,269.0,4.0,2.0,1.0,137.0,717.0,329.0,3.0,10.0,2.0,5.0,7.0,183.0,3.0
cd1acf9d,509.0,7.0,127.0,240.0,147.0,13.0,509.0,9.0,5.0,4.0,264.0,1074.0,487.0,11.0,6.0,0.0,8.0,2.0,305.0,28.0
4288f249,58.0,5.0,16.0,32.0,10.0,0.0,58.0,1.0,0.0,1.0,38.0,182.0,40.0,0.0,0.0,0.0,4.0,2.0,39.0,0.0
00f518d8,41.0,0.0,3.0,19.0,20.0,3.0,41.0,6.0,3.0,2.0,23.0,160.0,60.0,3.0,1.0,0.0,1.0,2.0,23.0,4.0
7a2e46a8,258.0,199.0,256.0,2.0,0.0,0.0,258.0,1.0,1.0,0.0,156.0,754.0,438.0,0.0,0.0,0.0,0.0,0.0,168.0,0.0
f4290206,468.0,37.0,148.0,247.0,75.0,7.0,468.0,4.0,2.0,2.0,310.0,1743.0,968.0,8.0,9.0,0.0,3.0,2.0,325.0,12.0
8ce30c57,32.0,4.0,16.0,10.0,6.0,1.0,32.0,2.0,1.0,1.0,15.0,72.0,22.0,0.0,0.0,0.0,0.0,2.0,11.0,0.0
8b3ab7ad,450.0,35.0,149.0,253.0,50.0,17.0,450.0,3.0,1.0,2.0,266.0,1125.0,518.0,4.0,5.0,1.0,6.0,3.0,307.0,4.0
15ab5a2b,130.0,1.0,11.0,41.0,78.0,22.0,130.0,7.0,2.0,5.0,88.0,351.0,131.0,6.0,4.0,5.0,6.0,4.0,107.0,29.0
555d5edd,90.0,2.0,27.0,44.0,20.0,2.0,90.0,3.0,1.0,2.0,44.0,215.0,103.0,2.0,5.0,1.0,5.0,1.0,63.0,7.0
e0b113a7,257.0,17.0,83.0,150.0,24.0,3.0,257.0,0.0,0.0,0.0,95.0,485.0,227.0,3.0,1.0,0.0,0.0,0.0,153.0,1.0
df525574,6.0,1.0,4.0,1.0,1.0,0.0,6.0,0.0,0.0,0.0,3.0,13.0,3.0,0.0,0.0,0.0,0.0,0.0,4.0,1.0
a2ea941d,17.0,3.0,9.0,4.0,4.0,0.0,17.0,0.0,0.0,0.0,10.0,33.0,13.0,0.0,1.0,1.0,0.0,0.0,9.0,0.0
56413b1f,170.0,6.0,42.0,100.0,30.0,2.0,170.0,0.0,0.0,0.0,70.0,306.0,148.0,0.0,3.0,0.0,0.0,0.0,125.0,1.0
353eb529,9.0,0.0,0.0,2.0,7.0,3.0,9.0,0.0,0.0,0.0,6.0,27.0,19.0,0.0,1.0,0.0,0.0,0.0,8.0,5.0
2bef2bca,63.0,8.0,28.0,32.0,3.0,1.0,63.0,0.0,0.0,0.0,41.0,320.0,259.0,0.0,0.0,0.0,1.0,0.0,47.0,0.0
b1313ec4,112.0,3.0,20.0,50.0,42.0,7.0,112.0,1.0,0.0,1.0,58.0,210.0,92.0,1.0,0.0,0.0,6.0,1.0,65.0,9.0
e2ae54db,127.0,4.0,24.0,54.0,50.0,5.0,127.0,6.0,4.0,2.0,67.0,340.0,194.0,5.0,3.0,1.0,7.0,2.0,91.0,14.0
28d596a0,184.0,141.0,181.0,3.0,0.0,0.0,184.0,0.0,0.0,0.0,128.0,557.0,311.0,0.0,0.0,0.0,0.0,0.0,109.0,0.0
184ad240,57.0,3.0,10.0,32.0,16.0,4.0,57.0,4.0,2.0,1.0,33.0,242.0,138.0,5.0,0.0,2.0,1.0,6.0,41.0,9.0
45af8a54,192.0,1.0,13.0,79.0,101.0,16.0,192.0,2.0,1.0,1.0,110.0,631.0,273.0,10.0,4.0,3.0,3.0,2.0,151.0,12.0
0fdcef0e,88.0,11.0,26.0,43.0,19.0,1.0,88.0,1.0,1.0,0.0,44.0,241.0,73.0,0.0,1.0,0.0,1.0,1.0,51.0,2.0
92fffd91,163.0,2.0,13.0,63.0,88.0,11.0,163.0,10.0,3.0,5.0,119.0,609.0,276.0,6.0,10.0,3.0,9.0,5.0,118.0,28.0
d5dd5f1f,140.0,1.0,8.0,59.0,73.0,28.0,140.0,0.0,0.0,0.0,96.0,437.0,188.0,8.0,7.0,4.0,12.0,5.0,103.0,31.0
32feb0cf,7.0,0.0,0.0,3.0,4.0,0.0,7.0,0.0,0.0,0.0,4.0,21.0,14.0,0.0,1.0,0.0,0.0,0.0,5.0,1.0
f0677ed7,218.0,8.0,34.0,108.0,77.0,15.0,218.0,8.0,4.0,3.0,118.0,572.0,218.0,6.0,6.0,2.0,5.0,0.0,145.0,21.0
10549b49,3.0,0.0,0.0,1.0,2.0,0.0,3.0,1.0,1.0,0.0,2.0,28.0,16.0,1.0,1.0,0.0,0.0,0.0,3.0,1.0
53cad200,312.0,12.0,83.0,175.0,57.0,2.0,312.0,4.0,1.0,1.0,207.0,870.0,477.0,4.0,6.0,1.0,2.0,0.0,222.0,15.0
ca002b1a,32.0,1.0,5.0,19.0,8.0,2.0,32.0,0.0,0.0,0.0,16.0,42.0,25.0,0.0,0.0,0.0,1.0,0.0,23.0,3.0
78f21137,546.0,24.0,149.0,249.0,153.0,9.0,546.0,17.0,8.0,8.0,289.0,1476.0,934.0,16.0,21.0,0.0,7.0,0.0,347.0,27.0
a1232f4e,238.0,20.0,101.0,134.0,3.0,0.0,238.0,2.0,1.0,0.0,180.0,962.0,414.0,0.0,1.0,0.0,2.0,1.0,156.0,0.0
32e8417f,95.0,1.0,16.0,57.0,24.0,0.0,95.0,2.0,1.0,1.0,52.0,275.0,79.0,1.0,1.0,0.0,3.0,2.0,68.0,1.0
a8567629,252.0,11.0,74.0,104.0,74.0,9.0,252.0,10.0,5.0,3.0,133.0,604.0,303.0,9.0,7.0,3.0,8.0,3.0,172.0,32.0
5ccc9672,162.0,3.0,38.0,64.0,62.0,6.0,162.0,8.0,5.0,2.0,115.0,708.0,414.0,15.0,8.0,2.0,5.0,5.0,121.0,17.0
7c3ed041,420.0,24.0,133.0,254.0,37.0,6.0,420.0,1.0,0.0,0.0,314.0,1596.0,869.0,6.0,14.0,0.0,6.0,1.0,277.0,3.0
f449640d,89.0,3.0,19.0,54.0,16.0,2.0,89.0,2.0,1.0,1.0,58.0,239.0,91.0,3.0,1.0,0.0,1.0,1.0,51.0,7.0
6f1d7aa8,8.0,0.0,1.0,5.0,2.0,1.0,8.0,0.0,0.0,0.0,5.0,52.0,50.0,4.0,1.0,1.0,0.0,0.0,4.0,2.0
88ce7ddc,35.0,1.0,4.0,15.0,17.0,3.0,35.0,5.0,2.0,2.0,21.0,115.0,49.0,1.0,0.0,1.0,3.0,1.0,23.0,7.0
6928979a,274.0,8.0,56.0,125.0,99.0,7.0,274.0,6.0,2.0,3.0,178.0,1243.0,780.0,21.0,21.0,0.0,17.0,7.0,187.0,20.0
712dd708,302.0,20.0,114.0,132.0,61.0,0.0,302.0,2.0,0.0,2.0,158.0,595.0,240.0,5.0,4.0,0.0,1.0,2.0,188.0,13.0
6caffe81,5.0,0.0,1.0,2.0,2.0,0.0,5.0,0.0,0.0,0.0,4.0,29.0,8.0,0.0,0.0,0.0,0.0,0.0,4.0,0.0
45736cec,8.0,0.0,0.0,4.0,4.0,0.0,8.0,2.0,1.0,1.0,8.0,30.0,16.0,1.0,0.0,0.0,0.0,2.0,10.0,0.0
a36524bf,506.0,69.0,258.0,220.0,31.0,2.0,506.0,13.0,5.0,3.0,321.0,1267.0,625.0,3.0,1.0,0.0,5.0,1.0,356.0,8.0
29b7b767,37.0,0.0,0.0,17.0,21.0,5.0,37.0,1.0,0.0,0.0,30.0,209.0,59.0,2.0,1.0,0.0,3.0,4.0,30.0,5.0
75b86fb3,387.0,55.0,169.0,166.0,52.0,2.0,387.0,1.0,1.0,0.0,231.0,1099.0,737.0,10.0,14.0,0.0,4.0,0.0,284.0,14.0
37d39918,240.0,39.0,136.0,101.0,3.0,3.0,240.0,0.0,0.0,0.0,157.0,899.0,466.0,1.0,2.0,0.0,1.0,0.0,145.0,0.0
d1eda5f0,47.0,0.0,8.0,25.0,14.0,2.0,47.0,5.0,0.0,2.0,35.0,268.0,132.0,3.0,0.0,0.0,4.0,1.0,34.0,5.0
e3756e72,56.0,3.0,23.0,12.0,21.0,1.0,56.0,3.0,1.0,0.0,32.0,279.0,126.0,4.0,3.0,0.0,4.0,1.0,40.0,3.0
f874dd44,116.0,8.0,21.0,67.0,30.0,3.0,116.0,1.0,0.0,1.0,64.0,308.0,161.0,3.0,5.0,0.0,7.0,1.0,75.0,7.0
57d88cf9,395.0,19.0,76.0,221.0,100.0,23.0,395.0,20.0,7.0,10.0,264.0,1526.0,689.0,13.0,6.0,4.0,16.0,10.0,291.0,19.0
db092d3b,357.0,10.0,71.0,237.0,52.0,1.0,357.0,11.0,4.0,6.0,196.0,1100.0,478.0,7.0,1.0,0.0,8.0,7.0,212.0,6.0
3b8674e6,417.0,13.0,83.0,271.0,68.0,5.0,417.0,8.0,6.0,1.0,258.0,1257.0,580.0,11.0,8.0,0.0,6.0,3.0,302.0,7.0
70d74ece,193.0,2.0,9.0,56.0,128.0,28.0,193.0,8.0,3.0,4.0,110.0,515.0,214.0,7.0,4.0,6.0,3.0,3.0,158.0,22.0
713c144a,320.0,4.0,26.0,166.0,129.0,7.0,320.0,5.0,1.0,3.0,210.0,888.0,377.0,6.0,14.0,0.0,9.0,2.0,230.0,15.0
a29b1131,246.0,0.0,15.0,103.0,131.0,19.0,245.0,14.0,5.0,7.0,193.0,1072.0,600.0,12.0,10.0,4.0,6.0,9.0,203.0,49.0
67b09a18,9.0,0.0,2.0,5.0,2.0,0.0,9.0,2.0,1.0,1.0,5.0,42.0,11.0,0.0,0.0,0.0,0.0,0.0,4.0,1.0
17370b95,110.0,20.0,62.0,45.0,4.0,4.0,110.0,0.0,0.0,0.0,43.0,167.0,58.0,0.0,0.0,0.0,0.0,0.0,37.0,0.0
433dc9a2,213.0,6.0,70.0,98.0,46.0,2.0,213.0,2.0,0.0,1.0,170.0,782.0,278.0,0.0,9.0,0.0,1.0,2.0,161.0,15.0
505486d6,308.0,21.0,129.0,120.0,62.0,3.0,308.0,8.0,1.0,5.0,139.0,865.0,396.0,6.0,3.0,0.0,0.0,2.0,181.0,19.0
d00fd50a,87.0,8.0,34.0,45.0,11.0,0.0,87.0,4.0,3.0,1.0,29.0,109.0,36.0,0.0,0.0,0.0,2.0,2.0,38.0,0.0
6c203af0,86.0,4.0,25.0,53.0,8.0,0.0,86.0,1.0,0.0,1.0,61.0,324.0,101.0,1.0,1.0,0.0,3.0,0.0,58.0,0.0
663e080e,214.0,155.0,212.0,2.0,0.0,0.0,214.0,0.0,0.0,0.0,156.0,509.0,198.0,0.0,0.0,0.0,0.0,0.0,147.0,0.0
691bef82,383.0,18.0,107.0,202.0,75.0,4.0,383.0,5.0,1.0,3.0,224.0,655.0,343.0,2.0,2.0,1.0,3.0,4.0,260.0,13.0
73b9fa8a,28.0,0.0,1.0,13.0,14.0,3.0,28.0,0.0,0.0,0.0,22.0,138.0,86.0,3.0,3.0,1.0,2.0,2.0,23.0,6.0
08fe932d,91.0,11.0,45.0,44.0,2.0,0.0,91.0,0.0,0.0,0.0,57.0,379.0,213.0,0.0,0.0,0.0,0.0,0.0,74.0,0.0
7713c72a,406.0,104.0,291.0,114.0,1.0,1.0,406.0,1.0,1.0,0.0,269.0,1061.0,480.0,2.0,0.0,0.0,1.0,1.0,303.0,0.0
415568b5,319.0,19.0,146.0,149.0,26.0,5.0,319.0,6.0,1.0,3.0,208.0,1099.0,561.0,7.0,5.0,0.0,4.0,5.0,238.0,5.0
52ec54d0,338.0,62.0,162.0,170.0,6.0,1.0,338.0,3.0,2.0,1.0,218.0,863.0,418.0,0.0,0.0,0.0,1.0,0.0,232.0,0.0
4d1c4a5d,26.0,0.0,5.0,8.0,15.0,2.0,26.0,5.0,2.0,3.0,20.0,278.0,147.0,8.0,4.0,1.0,2.0,0.0,18.0,7.0
c68da769,64.0,0.0,7.0,37.0,20.0,4.0,64.0,3.0,0.0,3.0,44.0,232.0,74.0,2.0,2.0,1.0,4.0,4.0,49.0,5.0
f6798fc3,224.0,180.0,222.0,2.0,0.0,0.0,224.0,0.0,0.0,0.0,131.0,621.0,264.0,0.0,0.0,0.0,1.0,0.0,123.0,0.0
7c473e12,97.0,18.0,65.0,30.0,3.0,1.0,97.0,0.0,0.0,0.0,67.0,254.0,96.0,0.0,1.0,0.0,0.0,0.0,59.0,0.0
a167537f,293.0,6.0,35.0,132.0,132.0,13.0,293.0,17.0,10.0,7.0,171.0,1075.0,557.0,18.0,13.0,3.0,5.0,7.0,209.0,28.0
5fd5ed86,181.0,33.0,101.0,74.0,8.0,3.0,181.0,1.0,1.0,0.0,118.0,449.0,231.0,0.0,2.0,0.0,3.0,1.0,119.0,2.0
4c184730,31.0,0.0,0.0,19.0,12.0,4.0,31.0,0.0,0.0,0.0,17.0,60.0,6.0,0.0,2.0,0.0,4.0,0.0,20.0,4.0
97220da2,48.0,1.0,1.0,17.0,30.0,5.0,48.0,3.0,1.0,2.0,38.0,265.0,67.0,2.0,4.0,2.0,6.0,11.0,38.0,11.0
33b8d077,214.0,10.0,52.0,113.0,50.0,2.0,214.0,2.0,1.0,1.0,134.0,606.0,298.0,7.0,6.0,1.0,1.0,3.0,160.0,10.0
7b5ab7f2,31.0,1.0,5.0,10.0,16.0,3.0,31.0,2.0,1.0,0.0,21.0,152.0,79.0,1.0,3.0,0.0,5.0,1.0,18.0,5.0
3235182a,166.0,4.0,47.0,80.0,41.0,3.0,166.0,5.0,4.0,1.0,94.0,454.0,218.0,3.0,2.0,0.0,7.0,10.0,108.0,7.0
3aca6420,195.0,8.0,40.0,77.0,79.0,13.0,195.0,31.0,9.0,16.0,134.0,1077.0,494.0,18.0,5.0,8.0,11.0,9.0,122.0,32.0
eaeefc50,27.0,4.0,6.0,19.0,2.0,0.0,27.0,0.0,0.0,0.0,18.0,56.0,23.0,0.0,0.0,0.0,0.0,0.0,19.0,0.0
5ab0ea87,188.0,3.0,21.0,110.0,58.0,5.0,188.0,4.0,1.0,0.0,86.0,271.0,146.0,2.0,2.0,0.0,3.0,1.0,113.0,5.0
b4705807,25.0,0.0,8.0,6.0,11.0,0.0,25.0,0.0,0.0,0.0,5.0,43.0,26.0,1.0,0.0,0.0,1.0,1.0,6.0,1.0
10745192,3.0,0.0,1.0,1.0,1.0,0.0,3.0,0.0,0.0,0.0,3.0,17.0,12.0,0.0,1.0,0.0,0.0,0.0,2.0,0.0
e34e086c,11.0,0.0,1.0,3.0,7.0,1.0,11.0,0.0,0.0,0.0,8.0,29.0,18.0,0.0,0.0,0.0,0.0,1.0,7.0,3.0
2146785a,121.0,4.0,32.0,56.0,35.0,0.0,121.0,1.0,1.0,0.0,52.0,255.0,112.0,3.0,4.0,0.0,0.0,0.0,75.0,7.0
cd0fa27b,357.0,15.0,90.0,163.0,106.0,3.0,357.0,3.0,0.0,2.0,190.0,855.0,417.0,8.0,3.0,0.0,3.0,9.0,241.0,21.0
7b9c2d84,233.0,3.0,51.0,134.0,48.0,4.0,233.0,6.0,4.0,0.0,145.0,916.0,443.0,11.0,9.0,2.0,10.0,8.0,183.0,6.0
a65ce836,290.0,14.0,105.0,170.0,21.0,2.0,290.0,4.0,3.0,1.0,165.0,820.0,406.0,5.0,4.0,1.0,12.0,5.0,180.0,2.0
bd6351cd,56.0,1.0,6.0,22.0,28.0,0.0,56.0,2.0,1.0,1.0,34.0,157.0,34.0,1.0,1.0,0.0,1.0,0.0,40.0,9.0
bd6351cd,464.0,7.0,72.0,212.0,183.0,7.0,464.0,8.0,3.0,3.0,286.0,1221.0,630.0,15.0,13.0,2.0,7.0,2.0,353.0,41.0
6885cc44,128.0,6.0,26.0,56.0,48.0,9.0,128.0,4.0,0.0,3.0,64.0,368.0,200.0,4.0,6.0,0.0,7.0,4.0,59.0,8.0
707b98f1,4.0,0.0,0.0,4.0,0.0,0.0,4.0,0.0,0.0,0.0,3.0,9.0,0.0,0.0,0.0,0.0,2.0,0.0,4.0,0.0
4a5839fa,145.0,20.0,94.0,44.0,7.0,5.0,145.0,0.0,0.0,0.0,90.0,332.0,166.0,0.0,0.0,0.0,0.0,0.0,98.0,0.0
3ce20eda,248.0,48.0,154.0,84.0,10.0,5.0,248.0,0.0,0.0,0.0,158.0,712.0,309.0,0.0,0.0,0.0,0.0,0.0,161.0,2.0
2dce876a,338.0,43.0,166.0,119.0,54.0,7.0,338.0,7.0,5.0,2.0,194.0,767.0,392.0,5.0,2.0,1.0,3.0,0.0,244.0,20.0
de39485a,236.0,0.0,29.0,75.0,136.0,14.0,235.0,20.0,8.0,10.0,141.0,1041.0,492.0,21.0,10.0,7.0,13.0,6.0,149.0,46.0
88ced02c,331.0,29.0,114.0,209.0,9.0,2.0,331.0,0.0,0.0,0.0,271.0,1425.0,901.0,6.0,3.0,0.0,2.0,0.0,267.0,0.0
4958bfb2,416.0,21.0,112.0,182.0,123.0,8.0,416.0,5.0,0.0,5.0,237.0,941.0,430.0,4.0,7.0,0.0,4.0,2.0,283.0,17.0
966e28d0,78.0,1.0,7.0,34.0,38.0,5.0,78.0,4.0,2.0,2.0,49.0,250.0,126.0,5.0,3.0,2.0,5.0,2.0,55.0,4.0
2ef08833,33.0,2.0,6.0,28.0,0.0,0.0,33.0,0.0,0.0,0.0,19.0,55.0,12.0,0.0,0.0,0.0,0.0,1.0,25.0,0.0
c0617e2b,48.0,1.0,14.0,24.0,10.0,1.0,48.0,2.0,2.0,0.0,27.0,133.0,45.0,1.0,1.0,0.0,1.0,0.0,35.0,2.0
a33a0dc0,38.0,0.0,9.0,22.0,8.0,1.0,38.0,0.0,0.0,0.0,20.0,89.0,44.0,0.0,1.0,0.0,0.0,1.0,24.0,0.0
5515376c,278.0,23.0,109.0,151.0,19.0,5.0,278.0,2.0,1.0,0.0,204.0,816.0,538.0,5.0,6.0,0.0,4.0,0.0,203.0,0.0
b3b7f5a6,7.0,0.0,4.0,2.0,1.0,0.0,7.0,0.0,0.0,0.0,3.0,9.0,5.0,0.0,0.0,0.0,0.0,0.0,3.0,0.0
71031a25,313.0,3.0,36.0,152.0,131.0,15.0,312.0,11.0,4.0,5.0,218.0,1024.0,530.0,17.0,14.0,2.0,15.0,7.0,224.0,44.0
b0f7e36c,12.0,0.0,0.0,1.0,11.0,2.0,12.0,0.0,0.0,0.0,9.0,50.0,29.0,1.0,0.0,0.0,0.0,0.0,8.0,5.0
d2424d1b,343.0,9.0,52.0,157.0,141.0,10.0,343.0,9.0,4.0,3.0,236.0,1099.0,666.0,14.0,11.0,1.0,12.0,3.0,246.0,32.0
262e5a82,137.0,4.0,29.0,68.0,40.0,5.0,137.0,5.0,3.0,1.0,70.0,455.0,229.0,4.0,5.0,0.0,2.0,3.0,93.0,9.0
163bbd4a,116.0,6.0,11.0,52.0,53.0,15.0,115.0,4.0,0.0,4.0,58.0,129.0,23.0,0.0,0.0,0.0,11.0,3.0,82.0,6.0
1cb49278,246.0,13.0,71.0,166.0,11.0,2.0,246.0,1.0,1.0,0.0,184.0,996.0,580.0,4.0,5.0,0.0,1.0,0.0,195.0,1.0
b3a712de,231.0,13.0,58.0,104.0,72.0,12.0,231.0,8.0,4.0,4.0,89.0,524.0,257.0,7.0,4.0,2.0,9.0,3.0,145.0,15.0
5219ab4a,260.0,5.0,41.0,102.0,120.0,8.0,260.0,13.0,7.0,6.0,174.0,978.0,470.0,11.0,7.0,2.0,7.0,3.0,159.0,26.0
b9beb6c5,89.0,3.0,23.0,50.0,20.0,1.0,89.0,0.0,0.0,0.0,44.0,143.0,62.0,0.0,5.0,0.0,1.0,1.0,59.0,1.0
1fbbfbde,246.0,27.0,128.0,117.0,3.0,3.0,246.0,1.0,1.0,0.0,149.0,437.0,178.0,0.0,0.0,0.0,2.0,2.0,166.0,0.0
75c2e240,164.0,138.0,162.0,2.0,0.0,0.0,164.0,0.0,0.0,0.0,101.0,510.0,364.0,0.0,0.0,0.0,0.0,0.0,56.0,0.0
bfde3de5,62.0,2.0,6.0,43.0,13.0,4.0,62.0,0.0,0.0,0.0,25.0,74.0,40.0,1.0,1.0,0.0,5.0,5.0,35.0,3.0
042e8a49,203.0,1.0,15.0,67.0,125.0,23.0,203.0,8.0,6.0,1.0,146.0,955.0,520.0,20.0,10.0,6.0,7.0,11.0,161.0,64.0
5ef3d210,19.0,2.0,4.0,11.0,4.0,1.0,19.0,0.0,0.0,0.0,15.0,76.0,30.0,1.0,0.0,1.0,1.0,1.0,13.0,4.0
6fee9966,7.0,1.0,5.0,1.0,1.0,0.0,7.0,0.0,0.0,0.0,4.0,5.0,2.0,0.0,0.0,0.0,0.0,0.0,4.0,0.0
c693347d,40.0,1.0,5.0,19.0,17.0,8.0,40.0,0.0,0.0,0.0,10.0,32.0,16.0,1.0,1.0,0.0,4.0,2.0,32.0,2.0
edeb21ff,244.0,15.0,76.0,94.0,75.0,2.0,244.0,8.0,4.0,4.0,159.0,887.0,410.0,11.0,13.0,1.0,2.0,3.0,156.0,18.0
01eb744d,154.0,0.0,18.0,42.0,94.0,22.0,154.0,10.0,4.0,5.0,109.0,418.0,183.0,7.0,7.0,3.0,6.0,9.0,118.0,28.0
45b9b619,95.0,1.0,8.0,42.0,48.0,11.0,95.0,12.0,6.0,4.0,64.0,298.0,150.0,3.0,4.0,1.0,4.0,8.0,82.0,14.0
7b4c1f6e,27.0,1.0,3.0,16.0,8.0,0.0,27.0,0.0,0.0,0.0,18.0,79.0,17.0,0.0,0.0,0.0,2.0,0.0,16.0,0.0
93fffbcf,330.0,288.0,330.0,0.0,0.0,0.0,330.0,0.0,0.0,0.0,237.0,912.0,502.0,0.0,0.0,0.0,0.0,0.0,194.0,0.0
9dff291c,18.0,1.0,5.0,13.0,0.0,0.0,18.0,0.0,0.0,0.0,12.0,79.0,59.0,1.0,0.0,0.0,1.0,0.0,13.0,1.0
1840e36d,215.0,190.0,215.0,0.0,0.0,0.0,215.0,0.0,0.0,0.0,154.0,702.0,343.0,0.0,0.0,0.0,1.0,0.0,134.0,0.0
0ab1f153,346.0,10.0,71.0,153.0,126.0,11.0,346.0,20.0,6.0,11.0,203.0,1127.0,468.0,12.0,6.0,6.0,6.0,6.0,223.0,36.0
1daec722,260.0,6.0,82.0,128.0,51.0,3.0,260.0,3.0,1.0,1.0,169.0,799.0,469.0,3.0,3.0,0.0,2.0,0.0,160.0,9.0
dc62b55d,53.0,0.0,0.0,16.0,38.0,10.0,53.0,6.0,4.0,1.0,38.0,263.0,128.0,4.0,2.0,1.0,6.0,4.0,36.0,12.0
44eb9093,93.0,8.0,30.0,44.0,19.0,6.0,93.0,3.0,1.0,2.0,52.0,233.0,80.0,1.0,3.0,0.0,1.0,1.0,62.0,2.0
94b2001f,316.0,26.0,109.0,156.0,53.0,3.0,316.0,7.0,5.0,1.0,167.0,848.0,451.0,5.0,12.0,2.0,1.0,1.0,214.0,7.0
f08490a6,3.0,0.0,0.0,1.0,2.0,0.0,3.0,0.0,0.0,0.0,3.0,10.0,0.0,0.0,0.0,0.0,0.0,0.0,3.0,0.0
06a1d642,186.0,1.0,22.0,74.0,98.0,21.0,186.0,32.0,12.0,15.0,113.0,1172.0,793.0,26.0,13.0,10.0,9.0,8.0,133.0,32.0
96e0490d,164.0,14.0,73.0,55.0,37.0,4.0,164.0,0.0,0.0,0.0,81.0,441.0,208.0,4.0,2.0,1.0,1.0,1.0,95.0,12.0
40f65c01,71.0,1.0,8.0,25.0,42.0,13.0,71.0,10.0,7.0,2.0,45.0,327.0,215.0,7.0,5.0,3.0,1.0,3.0,48.0,17.0
d781d855,327.0,17.0,113.0,130.0,98.0,17.0,327.0,21.0,13.0,6.0,211.0,1389.0,810.0,22.0,13.0,6.0,18.0,5.0,217.0,31.0
44781702,198.0,16.0,61.0,114.0,23.0,1.0,198.0,1.0,0.0,1.0,127.0,628.0,383.0,6.0,3.0,0.0,2.0,0.0,131.0,5.0
c9009a1f,179.0,26.0,92.0,84.0,4.0,1.0,179.0,0.0,0.0,0.0,124.0,641.0,279.0,2.0,0.0,0.0,0.0,0.0,120.0,0.0
cf15bbb1,131.0,5.0,37.0,77.0,20.0,3.0,131.0,1.0,0.0,1.0,68.0,298.0,125.0,2.0,2.0,1.0,2.0,0.0,75.0,1.0
e46012d4,183.0,2.0,16.0,72.0,95.0,8.0,183.0,8.0,4.0,3.0,108.0,543.0,313.0,9.0,6.0,1.0,3.0,1.0,139.0,21.0
2ef7c612,112.0,1.0,16.0,63.0,37.0,9.0,112.0,7.0,1.0,5.0,62.0,419.0,206.0,7.0,5.0,3.0,5.0,6.0,75.0,15.0
162efffd,273.0,4.0,23.0,159.0,96.0,1.0,273.0,3.0,3.0,0.0,191.0,915.0,484.0,9.0,5.0,0.0,5.0,4.0,215.0,11.0
ae4e2852,67.0,1.0,15.0,30.0,23.0,1.0,67.0,2.0,1.0,0.0,37.0,227.0,130.0,4.0,4.0,0.0,1.0,1.0,49.0,8.0
bc6e544a,358.0,24.0,101.0,172.0,92.0,5.0,358.0,10.0,4.0,5.0,160.0,974.0,481.0,11.0,13.0,2.0,7.0,3.0,143.0,13.0
fe641c1a,125.0,8.0,44.0,56.0,25.0,3.0,125.0,0.0,0.0,0.0,59.0,174.0,71.0,2.0,0.0,1.0,1.0,2.0,87.0,6.0
b19db005,331.0,1.0,13.0,90.0,230.0,17.0,331.0,39.0,12.0,25.0,228.0,1978.0,955.0,36.0,23.0,6.0,10.0,10.0,247.0,67.0
54b4dc4e,260.0,2.0,30.0,164.0,67.0,5.0,259.0,4.0,1.0,3.0,129.0,747.0,368.0,0.0,6.0,0.0,3.0,2.0,176.0,5.0
5976f83e,112.0,3.0,32.0,48.0,32.0,3.0,112.0,7.0,0.0,4.0,60.0,265.0,138.0,3.0,4.0,0.0,6.0,2.0,68.0,3.0
230a2fac,482.0,24.0,155.0,226.0,106.0,18.0,482.0,11.0,4.0,5.0,295.0,1355.0,758.0,22.0,14.0,6.0,9.0,5.0,316.0,30.0
19cda00b,98.0,0.0,9.0,38.0,53.0,8.0,98.0,10.0,4.0,6.0,64.0,495.0,224.0,7.0,9.0,4.0,7.0,7.0,76.0,13.0
aeed5c06,261.0,1.0,15.0,115.0,135.0,24.0,261.0,13.0,6.0,7.0,163.0,1159.0,707.0,22.0,12.0,11.0,20.0,5.0,205.0,49.0
fc62f087,209.0,15.0,67.0,133.0,12.0,1.0,209.0,5.0,5.0,0.0,167.0,1047.0,652.0,3.0,2.0,0.0,1.0,1.0,160.0,1.0
31c69ef1,613.0,36.0,170.0,414.0,32.0,9.0,613.0,2.0,2.0,0.0,445.0,2178.0,1288.0,6.0,7.0,0.0,1.0,1.0,512.0,1.0
407feb71,122.0,0.0,6.0,62.0,57.0,5.0,122.0,12.0,5.0,5.0,80.0,484.0,213.0,8.0,5.0,1.0,8.0,10.0,106.0,20.0
4a1a9578,139.0,1.0,6.0,41.0,95.0,14.0,139.0,14.0,4.0,8.0,84.0,626.0,268.0,8.0,7.0,8.0,6.0,7.0,102.0,34.0
ac861941,526.0,50.0,254.0,255.0,19.0,9.0,526.0,0.0,0.0,0.0,334.0,1710.0,748.0,2.0,5.0,0.0,3.0,0.0,373.0,1.0
f179ee11,215.0,24.0,87.0,95.0,35.0,6.0,215.0,3.0,0.0,3.0,86.0,540.0,326.0,4.0,3.0,0.0,6.0,4.0,113.0,10.0
970b8574,219.0,16.0,68.0,70.0,81.0,9.0,219.0,6.0,1.0,4.0,116.0,422.0,231.0,9.0,4.0,1.0,4.0,3.0,139.0,29.0
95bb6ddc,141.0,5.0,33.0,77.0,33.0,4.0,141.0,7.0,1.0,4.0,73.0,568.0,254.0,7.0,4.0,3.0,8.0,7.0,84.0,12.0
ac295d9e,76.0,53.0,76.0,0.0,0.0,0.0,76.0,0.0,0.0,0.0,47.0,171.0,53.0,0.0,0.0,0.0,0.0,0.0,50.0,0.0
d557d734,50.0,3.0,12.0,22.0,18.0,6.0,50.0,0.0,0.0,0.0,23.0,118.0,27.0,2.0,2.0,1.0,3.0,0.0,28.0,5.0
cc83b74d,34.0,1.0,2.0,16.0,17.0,4.0,34.0,8.0,3.0,3.0,19.0,119.0,35.0,3.0,3.0,0.0,3.0,1.0,16.0,6.0
08f5afaa,227.0,204.0,227.0,0.0,0.0,0.0,227.0,0.0,0.0,0.0,154.0,712.0,407.0,0.0,0.0,0.0,0.0,0.0,114.0,0.0
1a992676,18.0,0.0,4.0,8.0,7.0,2.0,18.0,1.0,1.0,0.0,12.0,70.0,41.0,0.0,1.0,0.0,1.0,2.0,12.0,2.0
15ea94de,29.0,3.0,3.0,13.0,13.0,2.0,29.0,1.0,0.0,1.0,20.0,85.0,23.0,2.0,1.0,0.0,2.0,1.0,21.0,11.0
481c9ece,206.0,10.0,45.0,79.0,85.0,18.0,206.0,6.0,4.0,1.0,117.0,573.0,265.0,12.0,7.0,6.0,5.0,4.0,134.0,45.0
3bb7f478,190.0,11.0,19.0,95.0,77.0,27.0,190.0,13.0,7.0,5.0,86.0,497.0,172.0,8.0,4.0,3.0,3.0,8.0,135.0,23.0
3bb7b8b4,171.0,133.0,171.0,1.0,0.0,0.0,171.0,0.0,0.0,0.0,106.0,455.0,286.0,0.0,0.0,0.0,1.0,0.0,111.0,0.0
c8d1c3a5,171.0,11.0,73.0,66.0,33.0,6.0,171.0,6.0,3.0,3.0,95.0,278.0,105.0,2.0,1.0,1.0,1.0,1.0,94.0,12.0
57760e66,156.0,2.0,28.0,77.0,55.0,12.0,156.0,22.0,10.0,12.0,101.0,773.0,475.0,22.0,11.0,8.0,8.0,7.0,107.0,17.0
5b92d896,16.0,0.0,1.0,5.0,10.0,5.0,16.0,0.0,0.0,0.0,14.0,70.0,21.0,2.0,0.0,2.0,1.0,3.0,14.0,5.0
c8387671,265.0,6.0,33.0,135.0,98.0,16.0,265.0,10.0,5.0,4.0,144.0,755.0,437.0,14.0,12.0,4.0,5.0,2.0,183.0,18.0
cf007308,147.0,2.0,12.0,89.0,47.0,6.0,147.0,7.0,2.0,4.0,97.0,494.0,251.0,9.0,7.0,3.0,4.0,0.0,116.0,6.0
df8b52a5,338.0,13.0,78.0,146.0,115.0,15.0,338.0,6.0,1.0,1.0,187.0,886.0,441.0,13.0,5.0,1.0,6.0,2.0,213.0,28.0
04e17fd5,55.0,3.0,6.0,21.0,28.0,17.0,55.0,1.0,0.0,0.0,14.0,101.0,46.0,2.0,1.0,2.0,5.0,1.0,29.0,7.0
12dcbdcc,64.0,3.0,26.0,26.0,12.0,1.0,64.0,0.0,0.0,0.0,34.0,114.0,36.0,1.0,1.0,1.0,1.0,4.0,29.0,4.0
1e4319ac,17.0,0.0,2.0,12.0,3.0,1.0,17.0,1.0,1.0,0.0,10.0,30.0,14.0,0.0,0.0,0.0,3.0,0.0,10.0,0.0
577efaec,327.0,15.0,77.0,173.0,78.0,10.0,327.0,5.0,2.0,3.0,191.0,656.0,224.0,2.0,2.0,0.0,9.0,3.0,192.0,16.0
6f3cc2fe,163.0,6.0,26.0,79.0,59.0,16.0,163.0,6.0,1.0,4.0,100.0,374.0,86.0,2.0,2.0,0.0,13.0,3.0,116.0,19.0
7f3b388c,432.0,14.0,67.0,306.0,61.0,0.0,432.0,7.0,2.0,2.0,230.0,1047.0,446.0,4.0,6.0,0.0,7.0,3.0,310.0,6.0
366be751,81.0,2.0,12.0,44.0,26.0,1.0,81.0,3.0,1.0,0.0,64.0,202.0,86.0,0.0,2.0,0.0,1.0,0.0,58.0,8.0
762179d9,125.0,9.0,44.0,57.0,25.0,3.0,125.0,5.0,2.0,2.0,64.0,312.0,76.0,2.0,1.0,1.0,3.0,2.0,93.0,5.0
bceda5ff,38.0,4.0,17.0,17.0,6.0,2.0,38.0,4.0,1.0,3.0,16.0,120.0,63.0,1.0,0.0,1.0,0.0,2.0,17.0,2.0
0ba976e4,142.0,3.0,7.0,46.0,89.0,22.0,142.0,10.0,2.0,7.0,106.0,541.0,280.0,10.0,3.0,7.0,9.0,5.0,120.0,27.0
51a3c4c8,71.0,11.0,36.0,29.0,6.0,2.0,71.0,0.0,0.0,0.0,38.0,167.0,82.0,0.0,0.0,0.0,0.0,0.0,41.0,0.0
8aafd64f,53.0,0.0,3.0,22.0,32.0,6.0,53.0,8.0,5.0,3.0,37.0,322.0,211.0,8.0,5.0,2.0,0.0,1.0,35.0,13.0
8aafd64f,130.0,0.0,7.0,51.0,74.0,8.0,130.0,16.0,6.0,8.0,87.0,503.0,228.0,7.0,8.0,3.0,5.0,6.0,104.0,16.0
ef491564,16.0,3.0,9.0,6.0,1.0,0.0,16.0,0.0,0.0,0.0,5.0,26.0,21.0,0.0,0.0,0.0,2.0,0.0,6.0,0.0
5ff4ab71,392.0,10.0,76.0,240.0,80.0,6.0,392.0,7.0,3.0,4.0,261.0,1060.0,485.0,7.0,5.0,1.0,10.0,5.0,281.0,3.0
5ff4ab71,88.0,3.0,14.0,58.0,16.0,0.0,88.0,2.0,1.0,1.0,70.0,264.0,138.0,0.0,0.0,0.0,0.0,1.0,66.0,1.0
d9d43555,26.0,0.0,3.0,8.0,16.0,3.0,26.0,2.0,1.0,0.0,17.0,133.0,65.0,3.0,2.0,2.0,4.0,0.0,16.0,4.0
41f32541,75.0,1.0,21.0,51.0,3.0,0.0,75.0,0.0,0.0,0.0,31.0,146.0,74.0,0.0,1.0,0.0,1.0,0.0,57.0,1.0
4c370d81,237.0,2.0,31.0,127.0,82.0,19.0,237.0,11.0,6.0,5.0,118.0,526.0,214.0,7.0,8.0,0.0,15.0,10.0,179.0,30.0
ed1e53f3,225.0,0.0,9.0,85.0,132.0,20.0,225.0,11.0,4.0,4.0,143.0,746.0,289.0,8.0,8.0,5.0,6.0,6.0,181.0,49.0
132a82f1,115.0,3.0,31.0,65.0,22.0,2.0,115.0,1.0,1.0,0.0,74.0,476.0,331.0,6.0,6.0,0.0,1.0,2.0,69.0,3.0
58c6b67c,11.0,0.0,4.0,5.0,2.0,0.0,11.0,0.0,0.0,0.0,4.0,13.0,9.0,0.0,0.0,0.0,0.0,0.0,4.0,0.0
e73659d3,66.0,4.0,11.0,15.0,40.0,3.0,66.0,3.0,1.0,1.0,50.0,287.0,126.0,3.0,2.0,0.0,2.0,2.0,49.0,22.0
9a2e0ccc,177.0,2.0,16.0,99.0,63.0,8.0,177.0,6.0,3.0,3.0,129.0,449.0,178.0,1.0,1.0,0.0,11.0,3.0,136.0,13.0
c3e39f12,26.0,24.0,26.0,0.0,0.0,0.0,26.0,0.0,0.0,0.0,13.0,80.0,60.0,0.0,0.0,0.0,0.0,0.0,10.0,0.0
a9142dc3,7.0,1.0,2.0,3.0,2.0,0.0,7.0,0.0,0.0,0.0,1.0,2.0,0.0,0.0,0.0,0.0,0.0,0.0,4.0,1.0
f620b04f,67.0,3.0,9.0,44.0,14.0,7.0,67.0,4.0,1.0,2.0,33.0,123.0,43.0,2.0,0.0,1.0,3.0,1.0,50.0,8.0
74f2e748,210.0,10.0,56.0,89.0,66.0,15.0,210.0,15.0,4.0,6.0,114.0,1044.0,653.0,29.0,12.0,9.0,14.0,5.0,127.0,30.0
fd4d5f81,87.0,1.0,6.0,33.0,49.0,20.0,87.0,2.0,1.0,1.0,61.0,284.0,124.0,5.0,4.0,3.0,8.0,2.0,62.0,20.0
c235e803,125.0,21.0,64.0,59.0,4.0,1.0,125.0,0.0,0.0,0.0,69.0,426.0,299.0,2.0,2.0,0.0,0.0,0.0,77.0,0.0
3b387cc7,37.0,1.0,3.0,27.0,7.0,1.0,37.0,2.0,1.0,1.0,23.0,57.0,24.0,0.0,0.0,0.0,0.0,0.0,31.0,1.0
ce30bfc8,69.0,0.0,14.0,29.0,28.0,2.0,69.0,1.0,1.0,0.0,30.0,210.0,120.0,2.0,3.0,0.0,1.0,4.0,40.0,3.0
1971591f,22.0,0.0,0.0,11.0,12.0,4.0,22.0,1.0,0.0,1.0,10.0,55.0,39.0,2.0,0.0,0.0,3.0,0.0,11.0,6.0
5b3d1a7a,222.0,14.0,37.0,72.0,118.0,27.0,222.0,16.0,9.0,4.0,149.0,1238.0,671.0,29.0,17.0,14.0,15.0,10.0,143.0,51.0
c2731c10,149.0,3.0,20.0,78.0,52.0,7.0,149.0,8.0,3.0,3.0,116.0,476.0,227.0,3.0,4.0,1.0,1.0,2.0,111.0,21.0
2bed3eab,208.0,8.0,60.0,134.0,14.0,0.0,208.0,1.0,0.0,1.0,127.0,560.0,343.0,6.0,3.0,0.0,0.0,0.0,156.0,0.0
18dd3219,87.0,12.0,43.0,43.0,3.0,0.0,87.0,3.0,2.0,0.0,50.0,274.0,170.0,3.0,1.0,0.0,1.0,2.0,54.0,0.0
19cae58d,208.0,7.0,23.0,110.0,77.0,9.0,208.0,7.0,3.0,3.0,135.0,658.0,260.0,3.0,3.0,0.0,9.0,1.0,144.0,14.0
8827bf46,74.0,0.0,3.0,38.0,33.0,1.0,74.0,2.0,0.0,1.0,58.0,363.0,184.0,5.0,4.0,1.0,4.0,1.0,58.0,10.0
8d3d3b0a,69.0,4.0,5.0,24.0,41.0,20.0,69.0,4.0,1.0,2.0,46.0,137.0,49.0,0.0,0.0,0.0,6.0,3.0,47.0,13.0
41eebdf5,186.0,14.0,69.0,94.0,23.0,1.0,186.0,0.0,0.0,0.0,147.0,657.0,306.0,2.0,4.0,0.0,1.0,0.0,138.0,2.0
1338e42b,22.0,3.0,13.0,7.0,3.0,0.0,22.0,2.0,1.0,1.0,8.0,35.0,15.0,0.0,0.0,0.0,0.0,0.0,9.0,2.0
16ceb862,181.0,5.0,16.0,91.0,74.0,33.0,179.0,1.0,0.0,1.0,68.0,245.0,60.0,0.0,1.0,0.0,11.0,4.0,131.0,21.0
88e357ef,177.0,1.0,20.0,85.0,73.0,14.0,177.0,8.0,3.0,5.0,116.0,543.0,253.0,7.0,4.0,4.0,12.0,2.0,137.0,30.0
0d4fd3a0,319.0,49.0,146.0,166.0,11.0,2.0,319.0,1.0,1.0,0.0,213.0,1091.0,577.0,6.0,1.0,0.0,3.0,4.0,217.0,0.0
56f6f826,194.0,35.0,122.0,71.0,1.0,1.0,194.0,0.0,0.0,0.0,98.0,500.0,229.0,0.0,0.0,0.0,1.0,0.0,103.0,0.0
7a11550b,241.0,20.0,105.0,133.0,7.0,1.0,241.0,1.0,0.0,1.0,147.0,791.0,368.0,5.0,2.0,0.0,4.0,1.0,155.0,2.0
6e4df551,148.0,1.0,19.0,67.0,63.0,8.0,148.0,7.0,3.0,3.0,105.0,611.0,236.0,5.0,6.0,0.0,5.0,3.0,118.0,14.0
01e5f06e,295.0,3.0,41.0,145.0,111.0,5.0,295.0,2.0,2.0,0.0,166.0,754.0,433.0,7.0,6.0,1.0,3.0,1.0,222.0,20.0
f4b52308,28.0,1.0,5.0,9.0,16.0,2.0,28.0,3.0,3.0,0.0,19.0,152.0,106.0,4.0,4.0,0.0,2.0,1.0,18.0,4.0
c275947b,169.0,2.0,29.0,99.0,41.0,7.0,169.0,7.0,2.0,5.0,113.0,531.0,236.0,6.0,4.0,2.0,16.0,9.0,121.0,15.0
cc86b9a3,229.0,10.0,55.0,106.0,72.0,9.0,229.0,2.0,1.0,1.0,141.0,641.0,360.0,7.0,7.0,0.0,2.0,4.0,156.0,14.0
2d970560,228.0,11.0,83.0,73.0,75.0,10.0,228.0,4.0,1.0,3.0,99.0,331.0,157.0,4.0,1.0,0.0,4.0,0.0,145.0,30.0
9efa1d25,269.0,2.0,27.0,159.0,85.0,8.0,269.0,11.0,4.0,7.0,173.0,848.0,451.0,13.0,14.0,1.0,12.0,7.0,197.0,30.0
3cd7820a,194.0,10.0,57.0,122.0,21.0,1.0,194.0,7.0,1.0,3.0,128.0,834.0,435.0,5.0,4.0,0.0,7.0,1.0,97.0,0.0
62182b1d,144.0,122.0,143.0,1.0,0.0,0.0,144.0,0.0,0.0,0.0,62.0,327.0,172.0,0.0,0.0,0.0,0.0,0.0,65.0,0.0
b8e740fb,176.0,6.0,28.0,85.0,66.0,6.0,176.0,4.0,1.0,3.0,117.0,594.0,324.0,6.0,4.0,2.0,8.0,6.0,130.0,10.0
3f034750,31.0,29.0,31.0,0.0,0.0,0.0,31.0,0.0,0.0,0.0,20.0,90.0,63.0,0.0,0.0,0.0,0.0,0.0,13.0,0.0
b0b4fd3e,314.0,5.0,21.0,94.0,206.0,34.0,314.0,11.0,6.0,5.0,246.0,2119.0,1188.0,37.0,25.0,20.0,4.0,9.0,268.0,70.0
df69b544,299.0,3.0,30.0,141.0,130.0,24.0,298.0,4.0,4.0,0.0,192.0,892.0,423.0,8.0,4.0,4.0,8.0,10.0,215.0,27.0
ffbbc83b,45.0,3.0,10.0,26.0,9.0,0.0,45.0,0.0,0.0,0.0,31.0,125.0,62.0,0.0,2.0,0.0,0.0,1.0,28.0,0.0
b1f4086c,512.0,14.0,170.0,218.0,129.0,4.0,512.0,13.0,5.0,8.0,255.0,1329.0,606.0,7.0,6.0,1.0,10.0,3.0,308.0,31.0
8b8e759d,102.0,7.0,40.0,49.0,15.0,2.0,102.0,1.0,1.0,0.0,54.0,244.0,97.0,1.0,0.0,0.0,0.0,3.0,59.0,0.0
0076ab7f,358.0,42.0,152.0,181.0,25.0,0.0,358.0,1.0,0.0,1.0,197.0,815.0,410.0,3.0,1.0,0.0,1.0,0.0,256.0,0.0
e6bc67d7,16.0,1.0,3.0,7.0,8.0,0.0,16.0,2.0,2.0,0.0,11.0,123.0,48.0,2.0,2.0,0.0,2.0,0.0,14.0,4.0
5ea8ef20,293.0,7.0,21.0,171.0,103.0,5.0,292.0,0.0,0.0,0.0,245.0,1539.0,830.0,14.0,18.0,0.0,6.0,5.0,232.0,28.0
048a1cbc,287.0,18.0,91.0,115.0,84.0,8.0,287.0,5.0,1.0,4.0,177.0,870.0,495.0,12.0,10.0,2.0,1.0,2.0,182.0,23.0
7155e3e1,54.0,0.0,5.0,42.0,7.0,0.0,54.0,1.0,0.0,0.0,46.0,282.0,106.0,0.0,1.0,0.0,0.0,0.0,42.0,1.0
bcb2ccd8,65.0,46.0,62.0,3.0,0.0,0.0,65.0,0.0,0.0,0.0,50.0,169.0,91.0,0.0,0.0,0.0,0.0,0.0,42.0,0.0
819b3158,528.0,5.0,58.0,336.0,138.0,13.0,528.0,8.0,5.0,1.0,311.0,1552.0,744.0,14.0,9.0,1.0,3.0,4.0,438.0,25.0
5ad50391,463.0,65.0,256.0,198.0,11.0,4.0,463.0,2.0,1.0,0.0,372.0,1772.0,804.0,3.0,2.0,1.0,1.0,1.0,373.0,0.0
1f44ac21,80.0,0.0,4.0,31.0,46.0,23.0,80.0,5.0,3.0,2.0,41.0,191.0,91.0,3.0,2.0,3.0,8.0,5.0,61.0,13.0
92432bc6,209.0,3.0,56.0,117.0,40.0,2.0,209.0,3.0,1.0,1.0,148.0,650.0,220.0,2.0,5.0,1.0,8.0,3.0,139.0,4.0
e42d61c7,355.0,14.0,114.0,126.0,117.0,13.0,355.0,13.0,4.0,8.0,283.0,1712.0,819.0,17.0,14.0,1.0,5.0,6.0,280.0,53.0
d2fd7c14,135.0,1.0,14.0,41.0,81.0,12.0,135.0,7.0,3.0,2.0,95.0,579.0,281.0,9.0,3.0,4.0,7.0,6.0,93.0,28.0
ba115a40,21.0,0.0,2.0,9.0,10.0,1.0,21.0,1.0,1.0,0.0,15.0,57.0,27.0,1.0,0.0,0.0,0.0,2.0,19.0,4.0
8ff2354e,133.0,6.0,25.0,77.0,32.0,3.0,133.0,1.0,1.0,0.0,76.0,255.0,94.0,1.0,1.0,0.0,2.0,0.0,87.0,12.0
e7d59f4f,266.0,2.0,12.0,124.0,136.0,21.0,266.0,18.0,11.0,5.0,213.0,1368.0,583.0,18.0,15.0,4.0,13.0,9.0,209.0,48.0
cb4f24c6,185.0,136.0,183.0,2.0,0.0,0.0,185.0,0.0,0.0,0.0,122.0,478.0,298.0,0.0,0.0,0.0,0.0,0.0,97.0,0.0
9ab16552,181.0,30.0,109.0,70.0,5.0,0.0,181.0,0.0,0.0,0.0,119.0,575.0,266.0,0.0,0.0,0.0,1.0,0.0,106.0,0.0
78f85621,284.0,9.0,53.0,148.0,85.0,4.0,284.0,7.0,3.0,3.0,209.0,857.0,386.0,2.0,3.0,0.0,5.0,9.0,216.0,19.0
8454388c,169.0,21.0,64.0,55.0,50.0,3.0,169.0,4.0,2.0,1.0,67.0,368.0,249.0,11.0,8.0,3.0,2.0,0.0,94.0,11.0
fed7cb61,246.0,3.0,19.0,92.0,138.0,35.0,246.0,15.0,7.0,7.0,182.0,862.0,285.0,11.0,9.0,5.0,9.0,8.0,189.0,55.0
a39bb753,83.0,0.0,5.0,40.0,39.0,6.0,83.0,5.0,2.0,1.0,60.0,324.0,179.0,5.0,3.0,1.0,5.0,2.0,70.0,9.0
50871bcc,123.0,6.0,37.0,57.0,32.0,3.0,123.0,2.0,1.0,1.0,60.0,273.0,127.0,2.0,3.0,1.0,5.0,2.0,71.0,11.0
40d08dcd,168.0,8.0,32.0,76.0,61.0,7.0,168.0,8.0,3.0,5.0,108.0,676.0,341.0,10.0,6.0,2.0,4.0,1.0,106.0,19.0
61f63784,137.0,38.0,100.0,28.0,9.0,6.0,137.0,0.0,0.0,0.0,52.0,186.0,90.0,2.0,0.0,0.0,1.0,0.0,63.0,1.0
935e6b8f,237.0,2.0,34.0,167.0,41.0,3.0,237.0,3.0,2.0,1.0,129.0,666.0,270.0,5.0,3.0,0.0,1.0,1.0,174.0,4.0
ffed43e3,62.0,14.0,36.0,25.0,1.0,0.0,62.0,0.0,0.0,0.0,27.0,142.0,77.0,0.0,0.0,0.0,0.0,0.0,43.0,0.0
0a89e877,88.0,8.0,25.0,31.0,32.0,4.0,88.0,2.0,1.0,1.0,52.0,239.0,145.0,2.0,2.0,0.0,2.0,0.0,57.0,9.0
555f3a0b,141.0,13.0,50.0,73.0,18.0,4.0,141.0,0.0,0.0,0.0,93.0,451.0,269.0,3.0,2.0,0.0,1.0,1.0,106.0,1.0
c3ee18ef,152.0,16.0,87.0,63.0,2.0,1.0,152.0,1.0,1.0,0.0,90.0,506.0,237.0,3.0,2.0,0.0,0.0,1.0,119.0,0.0
d4c9725f,365.0,4.0,93.0,190.0,92.0,9.0,365.0,18.0,5.0,11.0,203.0,1576.0,893.0,16.0,13.0,3.0,11.0,7.0,218.0,23.0
92e7e919,241.0,2.0,25.0,83.0,133.0,15.0,241.0,18.0,6.0,7.0,144.0,893.0,420.0,19.0,13.0,7.0,19.0,12.0,165.0,46.0
0c7a48f8,371.0,33.0,162.0,174.0,36.0,5.0,371.0,6.0,2.0,3.0,167.0,991.0,635.0,10.0,5.0,3.0,4.0,3.0,224.0,11.0
5521f419,120.0,8.0,18.0,47.0,56.0,7.0,120.0,5.0,1.0,3.0,53.0,294.0,145.0,5.0,6.0,0.0,4.0,4.0,87.0,13.0
d92ab59f,124.0,16.0,45.0,38.0,44.0,6.0,124.0,4.0,0.0,4.0,51.0,343.0,182.0,10.0,1.0,3.0,5.0,1.0,60.0,12.0
ad3389d5,217.0,181.0,217.0,0.0,0.0,0.0,217.0,0.0,0.0,0.0,117.0,759.0,349.0,0.0,0.0,0.0,0.0,0.0,115.0,0.0
15f3ec41,250.0,1.0,17.0,107.0,130.0,16.0,250.0,18.0,9.0,8.0,161.0,1192.0,693.0,26.0,16.0,7.0,5.0,9.0,205.0,51.0
05d548d8,271.0,37.0,151.0,121.0,1.0,1.0,271.0,0.0,0.0,0.0,179.0,875.0,456.0,1.0,0.0,0.0,0.0,0.0,196.0,0.0
8b04d6c1,435.0,11.0,106.0,270.0,64.0,7.0,435.0,8.0,5.0,1.0,273.0,1233.0,591.0,5.0,7.0,0.0,5.0,6.0,316.0,12.0
ba492306,10.0,1.0,1.0,3.0,6.0,0.0,10.0,0.0,0.0,0.0,5.0,56.0,27.0,2.0,0.0,0.0,1.0,0.0,7.0,4.0
33651873,423.0,84.0,252.0,165.0,9.0,1.0,423.0,7.0,6.0,0.0,287.0,1105.0,678.0,4.0,2.0,0.0,1.0,1.0,309.0,1.0
a0b4bb3e,248.0,4.0,34.0,149.0,71.0,11.0,248.0,15.0,7.0,6.0,155.0,776.0,294.0,5.0,6.0,1.0,8.0,8.0,187.0,13.0
1f994616,75.0,68.0,75.0,0.0,0.0,0.0,75.0,0.0,0.0,0.0,41.0,191.0,94.0,0.0,0.0,0.0,0.0,0.0,27.0,0.0
29fbdc88,264.0,6.0,56.0,139.0,77.0,8.0,264.0,17.0,8.0,7.0,194.0,1136.0,446.0,15.0,16.0,3.0,8.0,10.0,190.0,20.0
d97cccc9,88.0,5.0,25.0,43.0,20.0,1.0,88.0,3.0,1.0,1.0,46.0,217.0,78.0,3.0,1.0,0.0,2.0,1.0,56.0,6.0
a8ee54ad,425.0,31.0,192.0,172.0,66.0,5.0,425.0,5.0,2.0,3.0,215.0,1082.0,570.0,12.0,9.0,0.0,4.0,2.0,245.0,19.0
1265a93a,399.0,9.0,64.0,183.0,160.0,16.0,399.0,13.0,8.0,2.0,275.0,1432.0,690.0,17.0,17.0,5.0,11.0,7.0,271.0,39.0
4737cebe,25.0,2.0,6.0,10.0,9.0,1.0,25.0,2.0,2.0,0.0,13.0,49.0,25.0,1.0,0.0,1.0,1.0,0.0,14.0,2.0
eeba07f8,47.0,1.0,2.0,25.0,20.0,6.0,47.0,1.0,0.0,1.0,33.0,175.0,55.0,1.0,0.0,0.0,3.0,0.0,37.0,11.0
213f0daf,105.0,2.0,34.0,42.0,29.0,0.0,105.0,3.0,2.0,1.0,54.0,461.0,202.0,4.0,4.0,0.0,2.0,3.0,63.0,4.0
b244e804,161.0,22.0,66.0,75.0,22.0,2.0,161.0,1.0,1.0,0.0,62.0,260.0,125.0,3.0,0.0,0.0,2.0,1.0,73.0,6.0
cd1629bc,196.0,20.0,96.0,94.0,6.0,3.0,196.0,0.0,0.0,0.0,105.0,549.0,340.0,1.0,2.0,0.0,1.0,0.0,140.0,0.0
ee644761,510.0,48.0,216.0,290.0,6.0,4.0,510.0,0.0,0.0,0.0,396.0,2075.0,1309.0,7.0,2.0,0.0,1.0,3.0,406.0,0.0
79083382,55.0,6.0,32.0,23.0,0.0,0.0,55.0,0.0,0.0,0.0,37.0,158.0,103.0,0.0,0.0,0.0,0.0,0.0,41.0,0.0
f9bd541e,117.0,5.0,25.0,45.0,48.0,8.0,117.0,4.0,0.0,3.0,63.0,393.0,192.0,4.0,4.0,0.0,9.0,5.0,65.0,11.0
c16c4e3b,112.0,7.0,23.0,46.0,43.0,5.0,112.0,2.0,1.0,1.0,36.0,211.0,106.0,3.0,3.0,0.0,3.0,1.0,64.0,6.0
4fb9c88f,59.0,1.0,7.0,28.0,25.0,4.0,59.0,1.0,0.0,1.0,31.0,161.0,64.0,1.0,1.0,0.0,1.0,2.0,45.0,5.0
1bacc518,199.0,5.0,32.0,113.0,55.0,6.0,199.0,6.0,4.0,2.0,132.0,904.0,568.0,17.0,10.0,2.0,4.0,2.0,145.0,5.0
2a0c8ba4,189.0,7.0,45.0,115.0,30.0,1.0,189.0,1.0,1.0,0.0,105.0,394.0,164.0,0.0,4.0,0.0,3.0,2.0,136.0,4.0
45db685d,416.0,11.0,84.0,267.0,69.0,2.0,415.0,6.0,4.0,1.0,305.0,1207.0,568.0,9.0,12.0,0.0,2.0,1.0,306.0,6.0
2b65fe46,154.0,0.0,4.0,64.0,89.0,8.0,154.0,20.0,11.0,7.0,106.0,835.0,410.0,16.0,8.0,4.0,9.0,6.0,111.0,45.0
178ae8f8,112.0,1.0,5.0,42.0,66.0,14.0,112.0,9.0,2.0,7.0,64.0,343.0,190.0,5.0,7.0,1.0,10.0,4.0,91.0,18.0
7111d552,363.0,0.0,21.0,104.0,243.0,52.0,363.0,62.0,27.0,30.0,279.0,1990.0,1101.0,38.0,21.0,19.0,13.0,10.0,305.0,92.0
0a084b35,390.0,19.0,97.0,189.0,112.0,3.0,389.0,6.0,4.0,2.0,243.0,1652.0,944.0,23.0,16.0,0.0,2.0,3.0,235.0,25.0
2a9f6b4d,164.0,2.0,11.0,84.0,71.0,18.0,163.0,13.0,6.0,6.0,112.0,621.0,187.0,6.0,5.0,4.0,9.0,5.0,122.0,30.0
c066d1a5,66.0,1.0,13.0,18.0,35.0,1.0,66.0,3.0,0.0,3.0,48.0,320.0,173.0,5.0,1.0,0.0,3.0,1.0,39.0,12.0
85f7d1be,489.0,35.0,217.0,246.0,28.0,3.0,489.0,2.0,0.0,1.0,290.0,1519.0,826.0,9.0,6.0,1.0,5.0,4.0,331.0,6.0
df064106,290.0,14.0,84.0,157.0,56.0,1.0,290.0,3.0,2.0,1.0,119.0,492.0,187.0,2.0,3.0,0.0,1.0,3.0,141.0,5.0
15b287da,358.0,13.0,68.0,195.0,97.0,16.0,357.0,13.0,6.0,7.0,203.0,1101.0,543.0,14.0,10.0,3.0,9.0,5.0,233.0,25.0
4da9191b,56.0,4.0,21.0,27.0,8.0,1.0,56.0,1.0,1.0,0.0,30.0,157.0,57.0,1.0,0.0,0.0,4.0,2.0,26.0,0.0
17458720,0.0,0.0,0.0,0.0,0.0,0.0,0.0,0.0,0.0,0.0,0.0,0.0,0.0,0.0,0.0,0.0,0.0,0.0,0.0,0.0
0ca476cc,63.0,0.0,5.0,43.0,16.0,2.0,63.0,5.0,1.0,3.0,34.0,208.0,50.0,2.0,1.0,0.0,3.0,0.0,35.0,6.0
b825a650,171.0,3.0,36.0,101.0,34.0,1.0,171.0,1.0,0.0,1.0,127.0,557.0,311.0,1.0,7.0,0.0,3.0,0.0,137.0,3.0
21a66f6a,295.0,7.0,17.0,142.0,141.0,29.0,293.0,23.0,8.0,12.0,182.0,952.0,369.0,12.0,10.0,7.0,16.0,12.0,225.0,68.0
23a10591,8.0,1.0,4.0,4.0,0.0,0.0,8.0,1.0,0.0,1.0,2.0,37.0,9.0,0.0,0.0,0.0,1.0,1.0,3.0,0.0
3d50bcdb,32.0,0.0,4.0,11.0,17.0,5.0,32.0,4.0,2.0,0.0,22.0,206.0,120.0,6.0,3.0,3.0,6.0,5.0,21.0,8.0
316de854,191.0,2.0,18.0,90.0,88.0,10.0,191.0,34.0,12.0,20.0,140.0,1014.0,408.0,16.0,14.0,5.0,10.0,14.0,134.0,38.0
05e19d6a,215.0,6.0,38.0,123.0,58.0,10.0,215.0,2.0,1.0,0.0,142.0,716.0,276.0,5.0,3.0,0.0,6.0,1.0,164.0,17.0
862fa9fb,267.0,44.0,148.0,112.0,8.0,4.0,267.0,0.0,0.0,0.0,120.0,532.0,233.0,3.0,1.0,1.0,2.0,1.0,185.0,0.0
49296448,556.0,20.0,130.0,320.0,108.0,1.0,556.0,4.0,0.0,3.0,355.0,1785.0,714.0,8.0,5.0,0.0,2.0,5.0,381.0,3.0
aef6e670,110.0,13.0,57.0,49.0,4.0,0.0,110.0,0.0,0.0,0.0,81.0,445.0,216.0,1.0,1.0,0.0,1.0,1.0,84.0,0.0
82c615f8,232.0,25.0,129.0,95.0,8.0,1.0,232.0,2.0,1.0,1.0,154.0,652.0,321.0,0.0,1.0,0.0,0.0,0.0,153.0,0.0
8b8a56ce,165.0,28.0,94.0,70.0,2.0,2.0,165.0,0.0,0.0,0.0,87.0,468.0,279.0,0.0,0.0,0.0,2.0,0.0,99.0,0.0
2b0852db,229.0,9.0,34.0,99.0,100.0,6.0,229.0,8.0,3.0,5.0,130.0,875.0,401.0,14.0,13.0,2.0,9.0,8.0,111.0,16.0
15fd5593,76.0,3.0,20.0,39.0,18.0,4.0,76.0,1.0,0.0,1.0,45.0,110.0,21.0,0.0,0.0,0.0,1.0,0.0,49.0,7.0
c2a30c01,13.0,1.0,2.0,6.0,5.0,3.0,13.0,0.0,0.0,0.0,9.0,18.0,5.0,0.0,0.0,0.0,1.0,1.0,13.0,2.0
ca8033cb,21.0,3.0,6.0,11.0,4.0,0.0,21.0,1.0,0.0,1.0,11.0,43.0,17.0,0.0,2.0,0.0,0.0,0.0,12.0,2.0
19a967ab,155.0,3.0,43.0,77.0,39.0,7.0,155.0,9.0,6.0,3.0,81.0,613.0,327.0,9.0,6.0,3.0,6.0,3.0,78.0,7.0
cd59b9df,155.0,121.0,155.0,0.0,0.0,0.0,155.0,0.0,0.0,0.0,103.0,467.0,161.0,0.0,0.0,0.0,0.0,0.0,87.0,0.0
ff74841d,154.0,124.0,154.0,0.0,0.0,0.0,154.0,0.0,0.0,0.0,91.0,496.0,241.0,0.0,0.0,0.0,0.0,0.0,44.0,0.0
6747869d,11.0,0.0,2.0,4.0,5.0,1.0,11.0,0.0,0.0,0.0,6.0,24.0,3.0,0.0,0.0,0.0,1.0,0.0,7.0,2.0
55126f3b,271.0,5.0,47.0,170.0,54.0,4.0,271.0,0.0,0.0,0.0,183.0,654.0,273.0,1.0,2.0,0.0,1.0,0.0,216.0,7.0
3935e52e,133.0,5.0,39.0,80.0,17.0,3.0,133.0,2.0,1.0,1.0,94.0,480.0,278.0,5.0,4.0,0.0,2.0,0.0,88.0,8.0
c0b3669f,171.0,1.0,11.0,91.0,72.0,22.0,171.0,18.0,7.0,8.0,112.0,663.0,236.0,11.0,9.0,6.0,28.0,15.0,128.0,36.0
5ed9b537,125.0,17.0,68.0,52.0,6.0,1.0,125.0,3.0,1.0,1.0,62.0,376.0,244.0,1.0,3.0,0.0,1.0,0.0,80.0,0.0
cce181df,250.0,4.0,37.0,160.0,54.0,5.0,250.0,2.0,1.0,1.0,182.0,761.0,287.0,2.0,5.0,2.0,3.0,0.0,169.0,2.0
aee634bf,259.0,21.0,119.0,108.0,33.0,7.0,259.0,3.0,1.0,1.0,144.0,634.0,350.0,6.0,6.0,0.0,3.0,1.0,156.0,12.0
6f639ec7,30.0,2.0,7.0,11.0,12.0,2.0,30.0,2.0,0.0,1.0,15.0,110.0,42.0,2.0,0.0,0.0,2.0,3.0,15.0,4.0
1f3afdcb,366.0,25.0,136.0,210.0,25.0,5.0,366.0,4.0,3.0,1.0,190.0,1037.0,649.0,8.0,4.0,0.0,4.0,1.0,234.0,4.0
b1cd37e6,278.0,6.0,24.0,109.0,150.0,18.0,278.0,5.0,2.0,3.0,183.0,1109.0,583.0,25.0,12.0,4.0,7.0,5.0,198.0,57.0
da974c7b,360.0,25.0,135.0,215.0,15.0,5.0,360.0,1.0,1.0,0.0,247.0,1180.0,748.0,7.0,5.0,0.0,2.0,0.0,256.0,0.0
4d1666ff,241.0,13.0,72.0,139.0,30.0,3.0,241.0,3.0,2.0,1.0,174.0,1042.0,614.0,6.0,9.0,0.0,2.0,4.0,181.0,4.0
79c0821a,346.0,2.0,39.0,244.0,66.0,3.0,346.0,9.0,4.0,5.0,259.0,1360.0,554.0,6.0,8.0,0.0,6.0,7.0,275.0,8.0
9606f0b2,6.0,0.0,1.0,3.0,2.0,2.0,6.0,0.0,0.0,0.0,2.0,9.0,0.0,0.0,0.0,0.0,0.0,0.0,3.0,0.0
6ce1f46f,623.0,12.0,121.0,395.0,110.0,0.0,623.0,1.0,0.0,1.0,432.0,1712.0,830.0,4.0,9.0,0.0,4.0,1.0,508.0,4.0
817c6964,171.0,5.0,31.0,106.0,35.0,6.0,171.0,3.0,1.0,1.0,96.0,365.0,122.0,2.0,5.0,1.0,4.0,5.0,106.0,10.0
47420f02,4.0,0.0,0.0,4.0,0.0,0.0,4.0,0.0,0.0,0.0,4.0,22.0,13.0,0.0,0.0,0.0,0.0,0.0,4.0,0.0
292a652a,0.0,0.0,0.0,0.0,0.0,0.0,0.0,0.0,0.0,0.0,0.0,0.0,0.0,0.0,0.0,0.0,0.0,0.0,0.0,0.0
df3cda47,75.0,0.0,1.0,33.0,41.0,5.0,75.0,11.0,2.0,5.0,35.0,211.0,100.0,4.0,3.0,1.0,2.0,5.0,49.0,15.0
dea88efd,272.0,9.0,43.0,102.0,134.0,38.0,270.0,41.0,16.0,20.0,175.0,1286.0,746.0,28.0,12.0,17.0,21.0,7.0,195.0,38.0
c1b7847c,95.0,2.0,8.0,56.0,32.0,4.0,95.0,1.0,0.0,1.0,56.0,266.0,132.0,4.0,3.0,1.0,3.0,3.0,62.0,8.0
abe66106,163.0,0.0,14.0,64.0,85.0,15.0,163.0,10.0,2.0,7.0,79.0,491.0,212.0,8.0,9.0,2.0,7.0,4.0,121.0,23.0
8e034340,165.0,1.0,11.0,75.0,83.0,5.0,164.0,25.0,17.0,7.0,111.0,837.0,326.0,9.0,6.0,2.0,8.0,3.0,114.0,21.0
119b9a8e,264.0,7.0,52.0,188.0,24.0,0.0,264.0,0.0,0.0,0.0,196.0,1128.0,822.0,7.0,5.0,0.0,1.0,0.0,220.0,0.0
e7af9060,5.0,0.0,0.0,1.0,4.0,0.0,5.0,0.0,0.0,0.0,0.0,0.0,0.0,0.0,0.0,0.0,2.0,0.0,0.0,0.0
8b929ec2,2.0,2.0,2.0,0.0,0.0,0.0,2.0,0.0,0.0,0.0,0.0,0.0,0.0,0.0,0.0,0.0,0.0,0.0,0.0,0.0
da9018ca,330.0,18.0,84.0,219.0,31.0,1.0,330.0,4.0,3.0,1.0,204.0,1171.0,719.0,12.0,11.0,0.0,3.0,4.0,210.0,3.0
20730eae,245.0,7.0,16.0,110.0,126.0,29.0,245.0,50.0,23.0,20.0,172.0,1610.0,861.0,26.0,17.0,17.0,15.0,10.0,194.0,49.0
4dbd0916,77.0,0.0,8.0,40.0,31.0,3.0,77.0,3.0,1.0,2.0,53.0,293.0,132.0,4.0,5.0,0.0,5.0,0.0,51.0,4.0
4f28a6ff,342.0,39.0,132.0,183.0,27.0,4.0,342.0,2.0,1.0,0.0,247.0,1252.0,735.0,10.0,6.0,1.0,2.0,0.0,262.0,10.0
bbd86530,105.0,2.0,27.0,46.0,32.0,2.0,105.0,2.0,0.0,1.0,49.0,191.0,75.0,2.0,3.0,0.0,0.0,1.0,56.0,5.0
1b82f8df,225.0,8.0,52.0,117.0,57.0,11.0,225.0,5.0,2.0,2.0,74.0,336.0,136.0,2.0,3.0,0.0,3.0,4.0,125.0,10.0
8d78e732,187.0,6.0,7.0,55.0,126.0,45.0,187.0,8.0,3.0,3.0,127.0,605.0,258.0,11.0,6.0,6.0,5.0,11.0,150.0,46.0
b57e066e,106.0,1.0,9.0,64.0,33.0,4.0,106.0,3.0,2.0,0.0,79.0,380.0,182.0,4.0,2.0,2.0,1.0,0.0,87.0,8.0
d6e53a3a,292.0,26.0,133.0,149.0,12.0,1.0,292.0,0.0,0.0,0.0,218.0,1050.0,483.0,0.0,5.0,0.0,0.0,1.0,227.0,1.0
37dc1a48,221.0,1.0,30.0,96.0,98.0,26.0,221.0,26.0,9.0,12.0,121.0,745.0,373.0,13.0,6.0,8.0,18.0,12.0,126.0,35.0
58f077c0,274.0,258.0,274.0,0.0,0.0,0.0,274.0,0.0,0.0,0.0,138.0,751.0,499.0,0.0,0.0,0.0,0.0,0.0,101.0,0.0
99a8ddc9,433.0,21.0,144.0,193.0,101.0,14.0,433.0,14.0,7.0,7.0,260.0,1266.0,820.0,21.0,12.0,4.0,15.0,6.0,257.0,25.0
02c15616,139.0,2.0,30.0,63.0,48.0,3.0,139.0,3.0,1.0,2.0,84.0,499.0,304.0,9.0,10.0,0.0,7.0,4.0,100.0,14.0
8f62b6ee,192.0,168.0,192.0,0.0,0.0,0.0,192.0,0.0,0.0,0.0,122.0,609.0,348.0,0.0,0.0,0.0,1.0,0.0,87.0,0.0
e9fda01d,26.0,0.0,3.0,14.0,10.0,4.0,26.0,2.0,2.0,0.0,16.0,92.0,37.0,1.0,1.0,0.0,0.0,3.0,17.0,2.0
e1cbb531,479.0,20.0,135.0,315.0,36.0,0.0,479.0,14.0,4.0,3.0,343.0,1392.0,631.0,7.0,6.0,0.0,5.0,6.0,365.0,6.0
a8a874f1,230.0,8.0,45.0,122.0,63.0,5.0,230.0,1.0,1.0,0.0,149.0,663.0,271.0,2.0,4.0,0.0,2.0,5.0,167.0,8.0
e97fd090,215.0,7.0,32.0,134.0,51.0,5.0,215.0,8.0,3.0,4.0,162.0,656.0,364.0,8.0,15.0,0.0,5.0,4.0,156.0,12.0
20b9f052,188.0,141.0,185.0,3.0,0.0,0.0,188.0,1.0,1.0,0.0,140.0,622.0,299.0,0.0,0.0,0.0,0.0,0.0,103.0,0.0
8e50599a,4.0,0.0,1.0,2.0,1.0,0.0,4.0,0.0,0.0,0.0,3.0,5.0,4.0,0.0,0.0,0.0,1.0,0.0,3.0,0.0
a69e4806,137.0,1.0,15.0,58.0,67.0,23.0,137.0,14.0,7.0,6.0,90.0,816.0,458.0,16.0,7.0,6.0,7.0,3.0,88.0,29.0
881cd6be,459.0,16.0,114.0,295.0,52.0,2.0,459.0,3.0,2.0,1.0,250.0,898.0,305.0,1.0,3.0,0.0,2.0,1.0,304.0,3.0
5eae500a,25.0,0.0,0.0,3.0,22.0,9.0,25.0,1.0,0.0,1.0,15.0,99.0,71.0,1.0,2.0,0.0,0.0,0.0,20.0,9.0
0df2b165,267.0,24.0,99.0,145.0,24.0,2.0,267.0,4.0,2.0,0.0,138.0,626.0,189.0,0.0,1.0,0.0,10.0,5.0,160.0,3.0
3061e1ec,45.0,34.0,44.0,1.0,0.0,0.0,45.0,0.0,0.0,0.0,25.0,96.0,70.0,0.0,0.0,0.0,0.0,0.0,20.0,0.0
7be09c86,10.0,1.0,2.0,3.0,5.0,1.0,10.0,0.0,0.0,0.0,5.0,31.0,7.0,0.0,0.0,0.0,1.0,1.0,7.0,1.0
395451fc,122.0,4.0,17.0,43.0,63.0,16.0,122.0,5.0,2.0,3.0,81.0,419.0,119.0,3.0,2.0,2.0,12.0,6.0,80.0,25.0
892d5bb1,344.0,2.0,10.0,118.0,217.0,24.0,341.0,17.0,6.0,8.0,250.0,1526.0,623.0,21.0,16.0,7.0,11.0,7.0,271.0,55.0
fcb38f57,61.0,49.0,60.0,1.0,0.0,0.0,61.0,0.0,0.0,0.0,39.0,238.0,175.0,0.0,0.0,0.0,0.0,0.0,33.0,0.0
864163f3,78.0,3.0,13.0,29.0,38.0,7.0,78.0,7.0,3.0,4.0,57.0,379.0,235.0,7.0,6.0,4.0,4.0,4.0,53.0,16.0
c20bdcd7,429.0,17.0,119.0,255.0,60.0,5.0,429.0,8.0,3.0,4.0,281.0,1393.0,802.0,12.0,16.0,1.0,5.0,1.0,282.0,18.0
c691bfe2,267.0,4.0,20.0,95.0,153.0,35.0,267.0,23.0,11.0,9.0,191.0,1152.0,645.0,25.0,8.0,8.0,15.0,8.0,203.0,63.0
7a20d90a,122.0,26.0,92.0,30.0,0.0,0.0,122.0,0.0,0.0,0.0,68.0,214.0,98.0,1.0,1.0,0.0,0.0,0.0,76.0,0.0
133faa84,190.0,24.0,109.0,80.0,1.0,0.0,190.0,1.0,0.0,0.0,133.0,664.0,443.0,2.0,0.0,0.0,2.0,0.0,147.0,0.0
f0da930c,334.0,29.0,150.0,172.0,12.0,4.0,334.0,1.0,0.0,1.0,231.0,904.0,437.0,2.0,2.0,0.0,1.0,0.0,250.0,1.0
5c4dc0ff,4.0,0.0,0.0,2.0,2.0,0.0,4.0,0.0,0.0,0.0,3.0,14.0,9.0,0.0,0.0,0.0,0.0,0.0,4.0,1.0
148af9a8,6.0,0.0,2.0,1.0,3.0,0.0,6.0,0.0,0.0,0.0,2.0,4.0,3.0,0.0,0.0,0.0,1.0,0.0,3.0,0.0
f0021247,413.0,8.0,45.0,198.0,180.0,17.0,409.0,16.0,9.0,6.0,277.0,1491.0,673.0,18.0,20.0,2.0,11.0,10.0,314.0,49.0
82a39b66,144.0,9.0,33.0,71.0,45.0,9.0,144.0,9.0,3.0,6.0,71.0,474.0,339.0,11.0,4.0,3.0,5.0,0.0,73.0,9.0
d5f2f82b,427.0,85.0,221.0,196.0,12.0,2.0,427.0,1.0,1.0,0.0,320.0,1593.0,779.0,1.0,2.0,0.0,0.0,1.0,305.0,0.0
b4ecc6b6,38.0,7.0,28.0,9.0,1.0,0.0,38.0,0.0,0.0,0.0,26.0,168.0,90.0,0.0,1.0,0.0,1.0,0.0,24.0,0.0
f7036e1c,199.0,4.0,16.0,92.0,94.0,32.0,199.0,9.0,2.0,5.0,112.0,402.0,114.0,5.0,3.0,3.0,22.0,7.0,142.0,29.0
f3945e07,52.0,1.0,4.0,26.0,22.0,5.0,52.0,1.0,1.0,0.0,29.0,157.0,107.0,3.0,1.0,2.0,2.0,2.0,33.0,5.0
55abe554,88.0,2.0,31.0,35.0,22.0,0.0,88.0,2.0,1.0,1.0,47.0,226.0,128.0,2.0,3.0,0.0,1.0,0.0,61.0,3.0
feb5d972,73.0,0.0,10.0,45.0,20.0,0.0,73.0,2.0,1.0,1.0,38.0,317.0,78.0,1.0,2.0,0.0,1.0,0.0,38.0,0.0
b217ef29,204.0,11.0,66.0,115.0,25.0,12.0,204.0,3.0,1.0,1.0,126.0,990.0,730.0,7.0,8.0,1.0,3.0,2.0,152.0,1.0
33144cc5,34.0,0.0,6.0,13.0,15.0,1.0,34.0,4.0,1.0,3.0,27.0,218.0,107.0,5.0,3.0,2.0,3.0,3.0,24.0,10.0
1adcf39e,517.0,135.0,367.0,152.0,0.0,0.0,517.0,3.0,1.0,2.0,351.0,1558.0,780.0,2.0,1.0,0.0,0.0,0.0,355.0,0.0
826e8b63,41.0,1.0,9.0,19.0,13.0,1.0,41.0,0.0,0.0,0.0,19.0,64.0,48.0,1.0,1.0,0.0,1.0,0.0,23.0,6.0
0e6bc38c,117.0,2.0,11.0,39.0,69.0,19.0,117.0,5.0,4.0,1.0,76.0,292.0,147.0,5.0,3.0,1.0,9.0,5.0,88.0,21.0
b74277a0,364.0,16.0,118.0,170.0,79.0,12.0,364.0,11.0,6.0,3.0,205.0,970.0,557.0,14.0,11.0,2.0,4.0,3.0,223.0,25.0
42fd9c7f,331.0,2.0,10.0,95.0,233.0,63.0,330.0,39.0,17.0,16.0,289.0,2221.0,1180.0,40.0,33.0,20.0,15.0,8.0,292.0,86.0
e76cb9cc,329.0,16.0,100.0,171.0,61.0,8.0,329.0,7.0,1.0,6.0,261.0,1474.0,854.0,12.0,17.0,2.0,7.0,3.0,243.0,13.0
64b08de7,11.0,1.0,4.0,4.0,3.0,0.0,11.0,0.0,0.0,0.0,6.0,20.0,7.0,0.0,0.0,0.0,0.0,0.0,7.0,0.0
f3a97d02,214.0,202.0,214.0,0.0,0.0,0.0,214.0,0.0,0.0,0.0,112.0,508.0,249.0,0.0,0.0,0.0,1.0,0.0,103.0,0.0
6800f515,178.0,5.0,27.0,113.0,40.0,2.0,178.0,2.0,1.0,1.0,124.0,544.0,217.0,2.0,4.0,0.0,1.0,2.0,134.0,7.0
01c3aff5,191.0,7.0,34.0,100.0,57.0,7.0,191.0,5.0,2.0,2.0,95.0,528.0,293.0,7.0,2.0,2.0,5.0,5.0,129.0,13.0
3b0108d6,34.0,34.0,34.0,0.0,0.0,0.0,34.0,0.0,0.0,0.0,18.0,102.0,39.0,0.0,0.0,0.0,0.0,0.0,20.0,0.0
0a6dbbf7,477.0,59.0,292.0,183.0,3.0,1.0,477.0,0.0,0.0,0.0,311.0,1560.0,716.0,2.0,0.0,0.0,0.0,0.0,316.0,0.0
95f5aae8,312.0,21.0,111.0,166.0,36.0,4.0,312.0,3.0,1.0,2.0,160.0,690.0,337.0,8.0,4.0,0.0,4.0,4.0,175.0,12.0
38f8ce7f,45.0,2.0,10.0,20.0,15.0,0.0,45.0,0.0,0.0,0.0,28.0,122.0,61.0,1.0,1.0,0.0,1.0,1.0,31.0,6.0
48b3dd60,19.0,0.0,6.0,6.0,7.0,1.0,19.0,0.0,0.0,0.0,11.0,84.0,45.0,1.0,1.0,0.0,0.0,2.0,12.0,4.0
8f696594,19.0,0.0,2.0,11.0,6.0,1.0,19.0,3.0,1.0,2.0,15.0,65.0,16.0,0.0,2.0,0.0,0.0,1.0,18.0,3.0
a30e23de,37.0,7.0,17.0,13.0,8.0,1.0,37.0,1.0,0.0,1.0,23.0,97.0,49.0,1.0,1.0,0.0,2.0,2.0,19.0,5.0
f20e4cc9,228.0,7.0,63.0,75.0,93.0,14.0,228.0,15.0,8.0,5.0,149.0,844.0,414.0,11.0,9.0,3.0,7.0,4.0,142.0,26.0
33887998,26.0,21.0,26.0,0.0,0.0,0.0,26.0,0.0,0.0,0.0,19.0,72.0,39.0,0.0,0.0,0.0,0.0,0.0,18.0,0.0
3cefcaef,324.0,10.0,81.0,148.0,97.0,0.0,324.0,4.0,2.0,1.0,237.0,1120.0,500.0,7.0,9.0,0.0,3.0,3.0,256.0,11.0
9413b19f,225.0,196.0,225.0,0.0,0.0,0.0,225.0,0.0,0.0,0.0,131.0,449.0,250.0,0.0,0.0,0.0,0.0,0.0,112.0,0.0
d70ce98e,406.0,0.0,20.0,238.0,155.0,19.0,406.0,22.0,13.0,7.0,358.0,2005.0,1040.0,25.0,24.0,3.0,8.0,11.0,362.0,25.0
f49c4ae9,48.0,1.0,11.0,19.0,19.0,2.0,48.0,1.0,0.0,1.0,30.0,219.0,118.0,4.0,2.0,2.0,4.0,4.0,31.0,8.0
e162b013,313.0,13.0,106.0,141.0,69.0,5.0,313.0,5.0,2.0,0.0,175.0,839.0,458.0,15.0,12.0,3.0,6.0,0.0,181.0,27.0
b56dd813,164.0,130.0,161.0,3.0,0.0,0.0,164.0,0.0,0.0,0.0,101.0,482.0,264.0,0.0,0.0,0.0,0.0,0.0,86.0,0.0
d436eb94,318.0,280.0,318.0,0.0,0.0,0.0,318.0,0.0,0.0,0.0,186.0,926.0,524.0,0.0,0.0,0.0,1.0,0.0,134.0,0.0
85613cf0,112.0,0.0,7.0,50.0,57.0,13.0,112.0,3.0,1.0,2.0,72.0,319.0,142.0,6.0,5.0,0.0,5.0,5.0,93.0,23.0
2784f898,332.0,48.0,177.0,144.0,15.0,6.0,332.0,4.0,2.0,2.0,223.0,1121.0,524.0,6.0,4.0,1.0,4.0,1.0,241.0,3.0
2f90f6b8,121.0,0.0,21.0,55.0,46.0,4.0,121.0,3.0,2.0,1.0,63.0,278.0,77.0,2.0,3.0,1.0,1.0,5.0,96.0,12.0
e0f8151c,551.0,70.0,256.0,287.0,9.0,1.0,551.0,2.0,2.0,0.0,349.0,1329.0,685.0,6.0,2.0,0.0,3.0,0.0,388.0,0.0
bbf5c11b,53.0,5.0,12.0,20.0,21.0,10.0,53.0,0.0,0.0,0.0,28.0,135.0,75.0,3.0,4.0,1.0,3.0,1.0,40.0,11.0
34693494,120.0,3.0,19.0,59.0,42.0,7.0,120.0,9.0,2.0,6.0,95.0,493.0,279.0,6.0,5.0,4.0,2.0,3.0,91.0,13.0
46152b69,337.0,20.0,114.0,194.0,32.0,0.0,337.0,3.0,2.0,0.0,211.0,1026.0,531.0,6.0,7.0,0.0,0.0,1.0,213.0,0.0
dd0daf32,280.0,8.0,67.0,128.0,87.0,12.0,280.0,3.0,3.0,0.0,147.0,567.0,260.0,8.0,6.0,2.0,11.0,8.0,183.0,18.0
34e4343c,80.0,8.0,19.0,39.0,24.0,7.0,80.0,1.0,0.0,1.0,48.0,139.0,43.0,1.0,1.0,1.0,8.0,5.0,57.0,14.0
6025fab1,345.0,4.0,59.0,176.0,112.0,8.0,344.0,8.0,5.0,3.0,237.0,1241.0,532.0,10.0,11.0,1.0,3.0,1.0,292.0,16.0
cfdacb90,268.0,10.0,51.0,177.0,45.0,5.0,268.0,10.0,2.0,7.0,198.0,1162.0,436.0,5.0,9.0,0.0,6.0,4.0,197.0,13.0
b62878a5,172.0,3.0,17.0,91.0,70.0,25.0,172.0,17.0,11.0,3.0,115.0,626.0,178.0,6.0,4.0,2.0,13.0,11.0,126.0,24.0
25b74470,219.0,13.0,66.0,100.0,55.0,4.0,219.0,6.0,3.0,3.0,166.0,1107.0,636.0,20.0,13.0,1.0,9.0,4.0,165.0,21.0
23610943,395.0,7.0,91.0,154.0,150.0,7.0,395.0,4.0,2.0,2.0,269.0,1304.0,554.0,12.0,12.0,0.0,4.0,2.0,288.0,59.0
374d5158,164.0,11.0,58.0,69.0,37.0,2.0,164.0,1.0,1.0,0.0,87.0,319.0,200.0,3.0,3.0,0.0,4.0,2.0,103.0,19.0
47b7e3af,151.0,4.0,16.0,67.0,68.0,6.0,151.0,0.0,0.0,0.0,117.0,498.0,179.0,1.0,5.0,0.0,3.0,2.0,119.0,15.0
129af0db,79.0,5.0,6.0,33.0,40.0,10.0,79.0,1.0,0.0,1.0,55.0,339.0,106.0,2.0,4.0,2.0,4.0,5.0,61.0,17.0
ef88f778,92.0,3.0,7.0,41.0,44.0,8.0,92.0,2.0,0.0,2.0,48.0,194.0,39.0,2.0,4.0,2.0,7.0,6.0,71.0,15.0
a650c75b,181.0,7.0,49.0,110.0,23.0,4.0,181.0,3.0,0.0,3.0,108.0,492.0,225.0,4.0,2.0,0.0,4.0,4.0,118.0,2.0
736157b7,203.0,13.0,49.0,89.0,66.0,10.0,203.0,13.0,4.0,6.0,96.0,534.0,264.0,10.0,4.0,1.0,12.0,7.0,121.0,22.0
6ce43701,68.0,1.0,5.0,36.0,29.0,10.0,68.0,5.0,2.0,2.0,40.0,254.0,117.0,5.0,2.0,4.0,4.0,3.0,46.0,14.0
9674002f,336.0,2.0,27.0,172.0,140.0,20.0,336.0,16.0,5.0,9.0,220.0,961.0,381.0,7.0,8.0,3.0,11.0,3.0,237.0,40.0
2b622f01,80.0,0.0,7.0,37.0,37.0,6.0,80.0,8.0,2.0,5.0,45.0,322.0,134.0,5.0,4.0,1.0,9.0,1.0,59.0,13.0
049a888d,31.0,0.0,6.0,9.0,17.0,5.0,31.0,4.0,2.0,2.0,21.0,163.0,72.0,2.0,3.0,2.0,3.0,1.0,22.0,6.0
049a888d,225.0,9.0,46.0,97.0,88.0,16.0,225.0,34.0,10.0,18.0,154.0,1402.0,786.0,25.0,21.0,8.0,16.0,19.0,163.0,30.0
dbfbdf06,15.0,0.0,1.0,8.0,7.0,4.0,15.0,5.0,4.0,0.0,9.0,122.0,101.0,2.0,1.0,2.0,4.0,0.0,10.0,3.0
ac73ec79,47.0,3.0,10.0,12.0,25.0,6.0,47.0,0.0,0.0,0.0,33.0,157.0,58.0,1.0,2.0,2.0,2.0,0.0,34.0,15.0
3c6089ab,133.0,3.0,19.0,58.0,57.0,16.0,133.0,0.0,0.0,0.0,73.0,244.0,147.0,5.0,4.0,1.0,3.0,5.0,105.0,14.0
4567a0b4,59.0,1.0,1.0,31.0,28.0,8.0,59.0,3.0,2.0,1.0,33.0,144.0,88.0,4.0,3.0,2.0,7.0,1.0,49.0,11.0
2c0558b8,174.0,1.0,20.0,63.0,93.0,28.0,174.0,19.0,11.0,7.0,112.0,698.0,315.0,9.0,8.0,4.0,8.0,13.0,129.0,27.0
3e9bd29d,251.0,19.0,115.0,101.0,36.0,1.0,251.0,2.0,0.0,2.0,166.0,821.0,433.0,8.0,4.0,0.0,2.0,2.0,169.0,16.0
441197b8,435.0,35.0,208.0,212.0,19.0,3.0,435.0,1.0,0.0,1.0,252.0,1415.0,734.0,11.0,7.0,0.0,0.0,4.0,283.0,5.0
2946f9a1,265.0,34.0,120.0,126.0,21.0,1.0,265.0,0.0,0.0,0.0,149.0,649.0,328.0,4.0,3.0,0.0,3.0,1.0,180.0,3.0
3f10bd22,138.0,7.0,43.0,47.0,48.0,3.0,138.0,2.0,1.0,1.0,77.0,343.0,163.0,6.0,5.0,2.0,2.0,1.0,83.0,22.0
e7281ea9,32.0,4.0,17.0,4.0,11.0,3.0,32.0,0.0,0.0,0.0,17.0,65.0,24.0,1.0,1.0,1.0,1.0,0.0,16.0,4.0
5cdddffa,235.0,2.0,34.0,164.0,42.0,5.0,235.0,9.0,3.0,3.0,176.0,753.0,412.0,9.0,7.0,1.0,8.0,6.0,191.0,8.0
4f1e6a0b,232.0,0.0,21.0,79.0,134.0,23.0,232.0,23.0,6.0,16.0,139.0,929.0,475.0,18.0,10.0,6.0,12.0,12.0,162.0,33.0
953597a1,40.0,12.0,32.0,7.0,1.0,1.0,40.0,0.0,0.0,0.0,21.0,41.0,20.0,0.0,0.0,0.0,0.0,0.0,31.0,0.0
8778c910,125.0,107.0,125.0,0.0,0.0,0.0,125.0,1.0,0.0,0.0,82.0,381.0,186.0,0.0,0.0,0.0,0.0,0.0,83.0,0.0
c2a15a27,0.0,0.0,0.0,0.0,0.0,0.0,0.0,0.0,0.0,0.0,0.0,0.0,0.0,0.0,0.0,0.0,0.0,0.0,0.0,0.0
69384e5d,469.0,2.0,34.0,235.0,205.0,31.0,469.0,32.0,15.0,12.0,402.0,2587.0,1350.0,37.0,31.0,11.0,13.0,19.0,399.0,31.0
5853ac44,108.0,18.0,73.0,34.0,3.0,2.0,108.0,2.0,2.0,0.0,66.0,250.0,115.0,2.0,1.0,0.0,0.0,0.0,77.0,0.0
f6a90edd,219.0,16.0,49.0,109.0,63.0,5.0,219.0,2.0,0.0,2.0,109.0,472.0,212.0,2.0,4.0,0.0,7.0,6.0,107.0,10.0
c14bc029,193.0,7.0,37.0,92.0,66.0,15.0,193.0,4.0,1.0,3.0,98.0,378.0,120.0,5.0,2.0,4.0,10.0,1.0,112.0,14.0
7c56da38,295.0,4.0,16.0,124.0,158.0,34.0,295.0,18.0,8.0,8.0,226.0,1130.0,415.0,15.0,10.0,5.0,15.0,12.0,248.0,51.0
5458f670,6.0,0.0,0.0,5.0,1.0,0.0,6.0,1.0,0.0,1.0,6.0,34.0,0.0,0.0,0.0,0.0,0.0,2.0,6.0,1.0
4d77b365,143.0,1.0,12.0,44.0,89.0,31.0,143.0,8.0,2.0,5.0,81.0,590.0,228.0,11.0,7.0,4.0,8.0,5.0,102.0,44.0
4ab12002,27.0,1.0,2.0,11.0,15.0,2.0,27.0,4.0,3.0,1.0,21.0,198.0,140.0,6.0,4.0,1.0,4.0,1.0,21.0,5.0
fb495bb8,353.0,9.0,54.0,163.0,138.0,21.0,353.0,8.0,3.0,3.0,227.0,1009.0,463.0,7.0,10.0,0.0,8.0,4.0,232.0,27.0
ee8508c0,127.0,118.0,127.0,0.0,0.0,0.0,127.0,0.0,0.0,0.0,64.0,337.0,228.0,0.0,0.0,0.0,0.0,0.0,45.0,0.0
a08b974a,16.0,1.0,2.0,8.0,6.0,2.0,16.0,0.0,0.0,0.0,9.0,57.0,12.0,0.0,0.0,0.0,1.0,0.0,14.0,1.0
a04e47f0,9.0,0.0,2.0,4.0,5.0,1.0,9.0,2.0,1.0,1.0,6.0,70.0,47.0,1.0,3.0,1.0,0.0,0.0,5.0,0.0
f7750aa0,396.0,31.0,133.0,213.0,52.0,0.0,396.0,7.0,1.0,5.0,216.0,1074.0,410.0,8.0,5.0,1.0,8.0,6.0,226.0,4.0
ca607d59,128.0,0.0,3.0,52.0,77.0,21.0,127.0,19.0,7.0,10.0,93.0,703.0,303.0,13.0,8.0,4.0,15.0,17.0,105.0,34.0
41c12f75,381.0,21.0,112.0,202.0,71.0,5.0,381.0,4.0,1.0,1.0,209.0,893.0,520.0,8.0,6.0,1.0,5.0,5.0,214.0,10.0
ae44e8e2,33.0,0.0,5.0,13.0,15.0,2.0,33.0,1.0,0.0,0.0,22.0,102.0,60.0,3.0,0.0,1.0,2.0,0.0,27.0,4.0
e9c0c1b2,305.0,258.0,303.0,2.0,0.0,0.0,305.0,0.0,0.0,0.0,180.0,866.0,586.0,0.0,0.0,0.0,0.0,0.0,156.0,0.0
751a0fb5,301.0,31.0,87.0,182.0,35.0,5.0,301.0,3.0,2.0,1.0,178.0,825.0,292.0,3.0,3.0,0.0,1.0,7.0,191.0,4.0
20030c06,542.0,73.0,250.0,261.0,32.0,11.0,542.0,1.0,1.0,0.0,397.0,2162.0,1203.0,3.0,7.0,1.0,5.0,0.0,412.0,1.0
43a166b4,33.0,1.0,1.0,10.0,22.0,7.0,33.0,0.0,0.0,0.0,14.0,91.0,60.0,2.0,1.0,1.0,4.0,2.0,22.0,5.0
ee950928,218.0,0.0,23.0,81.0,117.0,10.0,218.0,6.0,2.0,2.0,156.0,942.0,490.0,13.0,15.0,4.0,15.0,5.0,163.0,43.0
c1242d4e,55.0,41.0,54.0,1.0,0.0,0.0,55.0,0.0,0.0,0.0,33.0,138.0,99.0,0.0,0.0,0.0,0.0,0.0,29.0,0.0
8c90fd7a,57.0,5.0,6.0,24.0,28.0,15.0,56.0,6.0,2.0,3.0,29.0,233.0,139.0,7.0,1.0,6.0,7.0,3.0,36.0,13.0
0d267745,452.0,70.0,268.0,176.0,14.0,6.0,452.0,0.0,0.0,0.0,279.0,1270.0,600.0,2.0,4.0,0.0,3.0,0.0,300.0,2.0
28b1f3ce,336.0,5.0,55.0,200.0,89.0,11.0,336.0,22.0,11.0,9.0,196.0,972.0,548.0,8.0,7.0,2.0,14.0,7.0,208.0,12.0
15413fa5,319.0,15.0,87.0,195.0,40.0,5.0,319.0,3.0,2.0,1.0,210.0,988.0,440.0,6.0,9.0,0.0,6.0,3.0,227.0,8.0
e82adcab,94.0,5.0,21.0,60.0,13.0,2.0,94.0,0.0,0.0,0.0,57.0,264.0,119.0,3.0,1.0,1.0,3.0,1.0,61.0,3.0
dc7f8a28,79.0,1.0,2.0,29.0,48.0,11.0,79.0,5.0,4.0,1.0,62.0,450.0,252.0,10.0,5.0,6.0,3.0,3.0,63.0,11.0
13d23b29,7.0,1.0,2.0,5.0,0.0,0.0,7.0,0.0,0.0,0.0,4.0,10.0,0.0,0.0,0.0,0.0,0.0,0.0,5.0,0.0
dff153a4,276.0,10.0,56.0,183.0,40.0,0.0,276.0,4.0,1.0,2.0,158.0,826.0,483.0,5.0,7.0,0.0,2.0,6.0,186.0,4.0
5c899683,80.0,6.0,19.0,40.0,23.0,1.0,80.0,4.0,1.0,2.0,45.0,195.0,93.0,3.0,5.0,1.0,0.0,0.0,46.0,15.0
3392603d,300.0,267.0,300.0,0.0,0.0,0.0,300.0,0.0,0.0,0.0,215.0,843.0,416.0,0.0,0.0,0.0,0.0,0.0,191.0,0.0
a62c16d0,111.0,7.0,28.0,63.0,22.0,5.0,111.0,1.0,1.0,0.0,62.0,286.0,112.0,3.0,2.0,0.0,10.0,8.0,79.0,8.0
53070b63,26.0,0.0,2.0,7.0,17.0,5.0,26.0,5.0,3.0,2.0,17.0,159.0,70.0,3.0,2.0,3.0,1.0,4.0,19.0,5.0
45a03961,504.0,49.0,209.0,242.0,53.0,5.0,504.0,1.0,0.0,1.0,315.0,1455.0,899.0,6.0,3.0,0.0,0.0,2.0,383.0,5.0
25146df0,292.0,55.0,133.0,150.0,14.0,3.0,292.0,6.0,3.0,3.0,146.0,1200.0,860.0,9.0,4.0,0.0,5.0,0.0,129.0,2.0
58ae47b2,68.0,0.0,1.0,25.0,42.0,2.0,68.0,2.0,1.0,1.0,63.0,268.0,86.0,2.0,0.0,1.0,4.0,1.0,59.0,14.0
0d9b2d31,329.0,3.0,24.0,177.0,134.0,11.0,329.0,13.0,9.0,4.0,227.0,1336.0,629.0,16.0,20.0,5.0,6.0,7.0,260.0,30.0
3b61c9ec,151.0,5.0,35.0,61.0,58.0,0.0,151.0,12.0,3.0,9.0,63.0,335.0,172.0,4.0,7.0,0.0,2.0,5.0,80.0,14.0
cc1c5035,43.0,36.0,41.0,2.0,0.0,0.0,43.0,0.0,0.0,0.0,25.0,107.0,78.0,0.0,0.0,0.0,0.0,0.0,21.0,0.0
c906ce0f,237.0,21.0,123.0,105.0,9.0,4.0,237.0,1.0,0.0,1.0,151.0,726.0,266.0,0.0,1.0,0.0,3.0,1.0,145.0,0.0
fc4e7637,327.0,17.0,101.0,158.0,73.0,13.0,327.0,23.0,9.0,13.0,196.0,1205.0,670.0,16.0,10.0,3.0,10.0,9.0,187.0,16.0
8fd9996f,300.0,31.0,137.0,148.0,18.0,5.0,300.0,5.0,3.0,2.0,227.0,1268.0,542.0,3.0,3.0,0.0,4.0,2.0,211.0,1.0
121101a4,399.0,83.0,266.0,124.0,10.0,4.0,399.0,1.0,1.0,0.0,211.0,881.0,483.0,1.0,2.0,0.0,1.0,1.0,220.0,2.0
4c62d0c8,60.0,55.0,60.0,0.0,0.0,0.0,60.0,0.0,0.0,0.0,43.0,165.0,107.0,0.0,0.0,0.0,0.0,0.0,30.0,0.0
6fe90922,336.0,23.0,93.0,103.0,142.0,9.0,336.0,11.0,8.0,3.0,152.0,813.0,439.0,20.0,6.0,2.0,8.0,1.0,166.0,46.0
51a56075,180.0,43.0,122.0,49.0,9.0,7.0,180.0,0.0,0.0,0.0,67.0,265.0,42.0,0.0,0.0,0.0,1.0,0.0,97.0,0.0
24228180,267.0,10.0,25.0,169.0,74.0,14.0,267.0,14.0,3.0,10.0,196.0,861.0,198.0,4.0,5.0,0.0,18.0,27.0,231.0,32.0
6db16dda,59.0,3.0,16.0,20.0,23.0,3.0,59.0,1.0,0.0,1.0,34.0,198.0,115.0,5.0,1.0,1.0,2.0,0.0,42.0,16.0
4f565d77,18.0,0.0,0.0,15.0,3.0,0.0,18.0,0.0,0.0,0.0,12.0,43.0,16.0,1.0,0.0,0.0,1.0,0.0,16.0,0.0
307877be,135.0,13.0,15.0,59.0,62.0,14.0,135.0,4.0,1.0,3.0,80.0,553.0,182.0,8.0,7.0,3.0,20.0,8.0,94.0,20.0
b5b2e1ba,63.0,0.0,7.0,18.0,38.0,8.0,63.0,6.0,2.0,4.0,37.0,298.0,114.0,4.0,2.0,0.0,2.0,2.0,46.0,10.0
5db20508,2.0,1.0,1.0,1.0,0.0,0.0,2.0,0.0,0.0,0.0,2.0,43.0,31.0,1.0,1.0,0.0,0.0,0.0,2.0,0.0
adfc9123,264.0,15.0,77.0,180.0,7.0,1.0,264.0,0.0,0.0,0.0,179.0,1044.0,708.0,1.0,2.0,0.0,1.0,1.0,204.0,1.0
55a1cac2,95.0,0.0,13.0,55.0,28.0,5.0,95.0,2.0,1.0,0.0,47.0,180.0,110.0,2.0,4.0,0.0,0.0,0.0,65.0,4.0
d697a2d0,1.0,0.0,1.0,0.0,0.0,0.0,1.0,1.0,1.0,0.0,2.0,32.0,0.0,0.0,0.0,0.0,0.0,1.0,1.0,0.0
5e861944,160.0,4.0,29.0,56.0,77.0,12.0,159.0,6.0,2.0,3.0,111.0,848.0,449.0,15.0,11.0,4.0,3.0,2.0,110.0,36.0
27d0a506,302.0,20.0,118.0,111.0,78.0,2.0,302.0,19.0,7.0,8.0,169.0,894.0,474.0,11.0,10.0,0.0,8.0,8.0,170.0,21.0
d2416c2e,21.0,2.0,5.0,10.0,6.0,0.0,21.0,0.0,0.0,0.0,10.0,39.0,5.0,0.0,0.0,0.0,1.0,0.0,12.0,1.0
1bf33a9a,79.0,0.0,7.0,32.0,40.0,9.0,79.0,7.0,1.0,6.0,60.0,415.0,206.0,6.0,7.0,3.0,3.0,4.0,62.0,10.0
8794e251,310.0,10.0,50.0,170.0,93.0,12.0,310.0,8.0,4.0,2.0,201.0,1181.0,492.0,13.0,15.0,3.0,12.0,7.0,211.0,24.0
89f951b5,286.0,8.0,76.0,145.0,68.0,5.0,286.0,2.0,1.0,1.0,165.0,593.0,273.0,3.0,5.0,1.0,8.0,2.0,218.0,14.0
f63cda26,157.0,5.0,16.0,62.0,80.0,23.0,157.0,5.0,2.0,3.0,85.0,412.0,114.0,4.0,4.0,4.0,16.0,7.0,117.0,20.0
08511d65,516.0,84.0,274.0,207.0,36.0,6.0,516.0,2.0,2.0,0.0,395.0,2114.0,888.0,4.0,7.0,0.0,3.0,1.0,370.0,4.0
d720e834,4.0,1.0,3.0,0.0,1.0,0.0,4.0,0.0,0.0,0.0,3.0,16.0,0.0,0.0,0.0,0.0,0.0,0.0,3.0,0.0
3423f250,219.0,3.0,16.0,77.0,127.0,11.0,219.0,6.0,1.0,5.0,148.0,672.0,296.0,9.0,6.0,4.0,7.0,5.0,160.0,37.0
6e058f06,116.0,1.0,7.0,68.0,42.0,13.0,116.0,2.0,0.0,2.0,77.0,290.0,69.0,4.0,0.0,2.0,4.0,3.0,89.0,14.0
7d450ed3,364.0,13.0,125.0,121.0,121.0,11.0,364.0,3.0,2.0,1.0,221.0,975.0,502.0,15.0,7.0,1.0,4.0,3.0,234.0,41.0
536cebe5,121.0,1.0,18.0,50.0,57.0,13.0,121.0,9.0,3.0,4.0,75.0,446.0,234.0,9.0,6.0,2.0,8.0,6.0,81.0,26.0
ae1159bf,379.0,51.0,182.0,170.0,29.0,6.0,379.0,2.0,0.0,1.0,247.0,962.0,512.0,5.0,2.0,0.0,3.0,5.0,279.0,7.0
3376a776,38.0,2.0,22.0,15.0,1.0,0.0,38.0,0.0,0.0,0.0,24.0,66.0,31.0,1.0,0.0,0.0,1.0,0.0,33.0,0.0
c5cbbcff,169.0,12.0,63.0,69.0,40.0,8.0,169.0,1.0,0.0,1.0,84.0,277.0,145.0,6.0,5.0,1.0,4.0,3.0,84.0,16.0
36a3ff67,86.0,2.0,16.0,35.0,36.0,13.0,86.0,4.0,3.0,1.0,51.0,357.0,171.0,5.0,2.0,2.0,2.0,4.0,53.0,11.0
7fa4e703,153.0,1.0,16.0,84.0,56.0,11.0,153.0,11.0,2.0,7.0,86.0,542.0,265.0,7.0,10.0,2.0,5.0,4.0,105.0,19.0
fa031b34,146.0,3.0,16.0,56.0,76.0,23.0,146.0,7.0,3.0,3.0,92.0,465.0,234.0,9.0,10.0,3.0,9.0,7.0,102.0,28.0
7e56d3db,230.0,26.0,101.0,91.0,41.0,0.0,230.0,1.0,0.0,1.0,137.0,729.0,343.0,9.0,7.0,0.0,3.0,1.0,145.0,9.0
335fa267,211.0,1.0,22.0,109.0,80.0,12.0,211.0,0.0,0.0,0.0,130.0,466.0,263.0,5.0,5.0,0.0,1.0,0.0,158.0,20.0
2e4f5f03,266.0,7.0,65.0,112.0,90.0,7.0,266.0,4.0,2.0,2.0,153.0,779.0,432.0,9.0,6.0,2.0,3.0,1.0,179.0,25.0
c738a5ec,8.0,0.0,3.0,1.0,4.0,1.0,8.0,0.0,0.0,0.0,4.0,9.0,1.0,0.0,0.0,0.0,0.0,2.0,6.0,1.0
e12b0b5b,182.0,1.0,25.0,120.0,37.0,5.0,182.0,1.0,0.0,1.0,111.0,485.0,224.0,7.0,2.0,0.0,1.0,6.0,132.0,6.0
6434f10d,603.0,10.0,78.0,425.0,106.0,7.0,603.0,1.0,1.0,0.0,391.0,1732.0,1069.0,10.0,11.0,0.0,3.0,2.0,499.0,2.0
8f5e92a6,302.0,7.0,19.0,116.0,169.0,32.0,300.0,24.0,8.0,13.0,196.0,1112.0,589.0,23.0,10.0,12.0,5.0,7.0,255.0,55.0
a3d94a58,428.0,42.0,187.0,212.0,33.0,3.0,428.0,2.0,0.0,2.0,266.0,1241.0,751.0,9.0,7.0,0.0,0.0,1.0,294.0,8.0
ed45c4a5,463.0,7.0,64.0,292.0,109.0,8.0,463.0,6.0,4.0,1.0,372.0,2012.0,1008.0,10.0,16.0,0.0,7.0,4.0,348.0,9.0
90c1f9a4,68.0,5.0,20.0,36.0,13.0,1.0,68.0,1.0,0.0,1.0,30.0,102.0,46.0,0.0,1.0,0.0,1.0,0.0,35.0,4.0
4b3e1a38,340.0,56.0,176.0,163.0,3.0,2.0,340.0,1.0,1.0,0.0,233.0,1178.0,700.0,1.0,0.0,0.0,0.0,0.0,234.0,0.0
18b896d6,319.0,42.0,159.0,148.0,15.0,4.0,319.0,0.0,0.0,0.0,209.0,838.0,460.0,2.0,4.0,0.0,0.0,0.0,237.0,0.0
14b8fcdf,72.0,5.0,30.0,35.0,7.0,3.0,72.0,1.0,0.0,1.0,38.0,163.0,103.0,0.0,0.0,0.0,2.0,0.0,44.0,1.0
0b5a292a,161.0,6.0,44.0,73.0,45.0,2.0,161.0,2.0,1.0,1.0,106.0,323.0,185.0,8.0,4.0,1.0,1.0,0.0,108.0,10.0
c0c7ff58,173.0,4.0,42.0,101.0,30.0,7.0,173.0,5.0,4.0,0.0,154.0,690.0,262.0,5.0,2.0,2.0,3.0,2.0,153.0,8.0
12e7ac0a,22.0,1.0,1.0,9.0,12.0,5.0,22.0,2.0,2.0,0.0,14.0,75.0,46.0,3.0,0.0,2.0,1.0,0.0,13.0,3.0
4535e4bb,68.0,52.0,68.0,0.0,0.0,0.0,68.0,0.0,0.0,0.0,27.0,196.0,113.0,0.0,0.0,0.0,0.0,0.0,29.0,0.0
009a4f60,7.0,4.0,4.0,2.0,1.0,0.0,7.0,0.0,0.0,0.0,2.0,28.0,25.0,1.0,1.0,0.0,0.0,0.0,2.0,0.0
e280527c,192.0,10.0,46.0,87.0,59.0,5.0,192.0,2.0,1.0,0.0,120.0,487.0,277.0,5.0,5.0,0.0,5.0,2.0,128.0,18.0
ee251371,119.0,3.0,17.0,31.0,72.0,4.0,119.0,11.0,6.0,5.0,69.0,442.0,208.0,6.0,4.0,1.0,4.0,1.0,80.0,17.0
be6a794c,89.0,2.0,10.0,36.0,47.0,10.0,89.0,8.0,2.0,5.0,58.0,498.0,324.0,12.0,8.0,4.0,8.0,3.0,64.0,13.0
e342ad68,252.0,0.0,18.0,82.0,153.0,44.0,251.0,17.0,7.0,8.0,173.0,1072.0,493.0,22.0,15.0,15.0,21.0,17.0,210.0,76.0
032f894e,117.0,3.0,43.0,65.0,10.0,0.0,117.0,3.0,1.0,1.0,106.0,492.0,231.0,2.0,4.0,0.0,1.0,2.0,97.0,3.0
2c0f8e9e,178.0,1.0,1.0,69.0,109.0,18.0,178.0,5.0,1.0,4.0,138.0,589.0,139.0,1.0,4.0,1.0,9.0,10.0,144.0,35.0
da7b447d,12.0,3.0,9.0,3.0,0.0,0.0,12.0,0.0,0.0,0.0,8.0,25.0,12.0,0.0,0.0,0.0,0.0,0.0,10.0,0.0
2f33776f,3.0,0.0,0.0,3.0,0.0,0.0,3.0,3.0,0.0,2.0,2.0,28.0,0.0,0.0,0.0,0.0,0.0,0.0,2.0,0.0
0d82903c,218.0,10.0,50.0,132.0,38.0,0.0,218.0,3.0,2.0,0.0,149.0,717.0,395.0,3.0,1.0,0.0,1.0,1.0,155.0,8.0
dccd127f,212.0,27.0,102.0,97.0,13.0,1.0,212.0,1.0,0.0,1.0,127.0,760.0,472.0,2.0,2.0,0.0,0.0,1.0,151.0,3.0
2b114be3,237.0,0.0,10.0,108.0,123.0,18.0,237.0,11.0,5.0,5.0,167.0,986.0,442.0,18.0,13.0,7.0,14.0,6.0,198.0,31.0
a6ee4f55,182.0,8.0,58.0,76.0,50.0,2.0,182.0,5.0,3.0,2.0,100.0,423.0,222.0,2.0,7.0,0.0,7.0,4.0,114.0,17.0
24051310,296.0,24.0,119.0,129.0,53.0,7.0,296.0,7.0,2.0,4.0,141.0,645.0,346.0,11.0,4.0,2.0,6.0,1.0,137.0,10.0
eaefa2d0,14.0,1.0,2.0,12.0,0.0,0.0,14.0,0.0,0.0,0.0,8.0,44.0,12.0,0.0,0.0,0.0,0.0,0.0,11.0,0.0
9744ff80,32.0,0.0,3.0,11.0,18.0,3.0,32.0,1.0,1.0,0.0,24.0,124.0,36.0,1.0,0.0,1.0,2.0,2.0,23.0,4.0
f6ac68c1,225.0,10.0,83.0,129.0,14.0,2.0,225.0,0.0,0.0,0.0,162.0,654.0,358.0,0.0,4.0,0.0,0.0,2.0,162.0,2.0
5d4f7d61,146.0,3.0,11.0,69.0,68.0,23.0,145.0,6.0,4.0,1.0,70.0,372.0,146.0,6.0,3.0,2.0,17.0,6.0,105.0,29.0
8f056768,405.0,15.0,88.0,280.0,45.0,1.0,405.0,7.0,5.0,2.0,295.0,1581.0,850.0,7.0,7.0,0.0,9.0,1.0,288.0,2.0
34e12499,385.0,50.0,202.0,174.0,14.0,2.0,385.0,3.0,3.0,0.0,274.0,1573.0,1070.0,10.0,6.0,0.0,1.0,1.0,274.0,1.0
f07a0fe5,238.0,46.0,127.0,104.0,9.0,4.0,238.0,3.0,3.0,0.0,147.0,769.0,339.0,1.0,1.0,0.0,1.0,2.0,131.0,0.0
28c6e925,330.0,19.0,69.0,189.0,76.0,6.0,330.0,6.0,1.0,4.0,195.0,856.0,392.0,5.0,5.0,2.0,6.0,3.0,170.0,8.0
3260690c,143.0,4.0,14.0,58.0,72.0,15.0,143.0,10.0,3.0,6.0,87.0,426.0,134.0,3.0,3.0,1.0,18.0,6.0,98.0,27.0
6aa3e78b,74.0,9.0,28.0,28.0,19.0,3.0,74.0,3.0,1.0,0.0,31.0,122.0,49.0,1.0,1.0,0.0,2.0,1.0,34.0,9.0
fcea4f04,84.0,1.0,22.0,34.0,29.0,5.0,84.0,6.0,3.0,2.0,45.0,435.0,355.0,12.0,7.0,2.0,5.0,2.0,47.0,11.0
03998238,39.0,2.0,10.0,16.0,13.0,5.0,39.0,1.0,0.0,1.0,24.0,177.0,67.0,3.0,2.0,1.0,1.0,3.0,23.0,3.0
3effaa34,216.0,2.0,15.0,76.0,125.0,28.0,216.0,8.0,6.0,0.0,140.0,775.0,354.0,11.0,6.0,5.0,11.0,6.0,157.0,44.0
8f0435c7,420.0,67.0,249.0,169.0,6.0,6.0,420.0,0.0,0.0,0.0,264.0,1388.0,669.0,4.0,1.0,0.0,1.0,2.0,280.0,0.0
3eb22ec9,378.0,4.0,36.0,166.0,179.0,22.0,378.0,10.0,7.0,2.0,252.0,1653.0,924.0,23.0,17.0,7.0,4.0,5.0,308.0,33.0
70cf63ca,286.0,0.0,14.0,100.0,180.0,37.0,286.0,27.0,15.0,11.0,197.0,1885.0,928.0,28.0,30.0,11.0,21.0,12.0,232.0,53.0
86e7deaf,423.0,58.0,217.0,197.0,9.0,7.0,423.0,0.0,0.0,0.0,296.0,1077.0,537.0,0.0,0.0,0.0,1.0,0.0,285.0,1.0
fcb27134,388.0,6.0,97.0,195.0,98.0,20.0,388.0,11.0,6.0,3.0,239.0,1130.0,593.0,13.0,8.0,2.0,7.0,3.0,243.0,31.0
343c0d52,102.0,2.0,8.0,48.0,48.0,28.0,102.0,4.0,1.0,2.0,71.0,238.0,65.0,2.0,0.0,2.0,4.0,3.0,87.0,25.0
a086ae11,8.0,0.0,1.0,5.0,2.0,2.0,8.0,0.0,0.0,0.0,4.0,14.0,0.0,0.0,0.0,0.0,2.0,0.0,4.0,1.0
6250083a,83.0,5.0,15.0,49.0,19.0,0.0,83.0,0.0,0.0,0.0,40.0,244.0,165.0,4.0,0.0,0.0,2.0,0.0,59.0,5.0
b35a7399,214.0,33.0,107.0,103.0,5.0,2.0,214.0,0.0,0.0,0.0,148.0,793.0,533.0,2.0,2.0,0.0,1.0,0.0,161.0,0.0
c50cee19,135.0,3.0,15.0,37.0,83.0,14.0,135.0,10.0,3.0,5.0,81.0,745.0,271.0,11.0,6.0,4.0,5.0,2.0,85.0,30.0
30f5ffa9,402.0,49.0,194.0,183.0,25.0,3.0,402.0,0.0,0.0,0.0,218.0,818.0,395.0,4.0,2.0,0.0,1.0,1.0,274.0,3.0
c967f6b8,74.0,10.0,40.0,33.0,1.0,0.0,74.0,0.0,0.0,0.0,31.0,166.0,68.0,0.0,0.0,0.0,1.0,0.0,26.0,0.0
2ccd89a3,76.0,4.0,20.0,37.0,21.0,1.0,76.0,0.0,0.0,0.0,36.0,184.0,77.0,1.0,2.0,0.0,2.0,4.0,38.0,0.0
fed17f5a,84.0,0.0,23.0,38.0,24.0,2.0,84.0,3.0,2.0,1.0,69.0,365.0,147.0,0.0,3.0,0.0,1.0,2.0,68.0,4.0
0670ee51,169.0,34.0,74.0,95.0,4.0,2.0,169.0,2.0,2.0,0.0,110.0,639.0,324.0,3.0,0.0,1.0,2.0,1.0,97.0,0.0
420c18a1,31.0,25.0,31.0,0.0,0.0,0.0,31.0,0.0,0.0,0.0,20.0,85.0,51.0,0.0,0.0,0.0,0.0,0.0,20.0,0.0
c13ddd3e,28.0,1.0,1.0,12.0,16.0,4.0,28.0,6.0,3.0,1.0,17.0,162.0,81.0,3.0,2.0,1.0,1.0,0.0,18.0,4.0
4c6facae,435.0,12.0,98.0,286.0,56.0,5.0,435.0,1.0,0.0,1.0,249.0,1229.0,568.0,9.0,9.0,1.0,5.0,3.0,284.0,3.0
74b7375f,241.0,7.0,42.0,99.0,107.0,13.0,241.0,9.0,5.0,4.0,153.0,731.0,320.0,7.0,3.0,2.0,12.0,6.0,156.0,35.0
688fcea2,81.0,6.0,24.0,22.0,37.0,6.0,81.0,10.0,6.0,3.0,64.0,554.0,347.0,7.0,5.0,2.0,6.0,6.0,55.0,13.0
2d65a822,4.0,3.0,4.0,0.0,0.0,0.0,4.0,0.0,0.0,0.0,1.0,0.0,0.0,0.0,0.0,0.0,0.0,0.0,0.0,0.0
90339309,142.0,24.0,89.0,49.0,5.0,1.0,142.0,1.0,0.0,0.0,90.0,491.0,344.0,3.0,1.0,0.0,1.0,0.0,97.0,1.0
690d1049,123.0,6.0,39.0,59.0,26.0,1.0,123.0,4.0,3.0,1.0,51.0,266.0,105.0,1.0,3.0,0.0,2.0,0.0,81.0,5.0
eca17cf2,158.0,135.0,158.0,0.0,0.0,0.0,158.0,0.0,0.0,0.0,73.0,374.0,194.0,0.0,0.0,0.0,0.0,0.0,54.0,0.0
7ed08d5c,245.0,16.0,74.0,130.0,44.0,0.0,245.0,3.0,2.0,1.0,145.0,789.0,427.0,8.0,6.0,0.0,1.0,2.0,172.0,8.0
5cfec13d,63.0,7.0,30.0,32.0,1.0,1.0,63.0,0.0,0.0,0.0,39.0,173.0,111.0,0.0,0.0,0.0,1.0,0.0,46.0,0.0
d0b8e745,6.0,0.0,0.0,3.0,3.0,2.0,6.0,0.0,0.0,0.0,4.0,8.0,3.0,0.0,0.0,0.0,0.0,1.0,6.0,2.0
ee3519f5,338.0,35.0,134.0,183.0,22.0,0.0,338.0,2.0,0.0,2.0,179.0,679.0,288.0,2.0,1.0,0.0,6.0,0.0,214.0,8.0
b400bde0,289.0,1.0,20.0,120.0,150.0,29.0,289.0,11.0,0.0,10.0,217.0,999.0,426.0,15.0,19.0,8.0,17.0,11.0,233.0,53.0
5eecec3d,179.0,4.0,26.0,118.0,36.0,1.0,179.0,1.0,1.0,0.0,106.0,528.0,263.0,0.0,4.0,0.0,2.0,0.0,136.0,3.0
1e1378e1,266.0,5.0,29.0,146.0,94.0,8.0,266.0,14.0,6.0,6.0,188.0,1031.0,434.0,8.0,12.0,4.0,14.0,9.0,170.0,16.0
a793f5a8,361.0,11.0,116.0,211.0,38.0,3.0,361.0,13.0,6.0,6.0,261.0,1454.0,648.0,13.0,4.0,2.0,7.0,5.0,292.0,10.0
e33c06cf,496.0,61.0,233.0,249.0,18.0,2.0,496.0,5.0,2.0,3.0,346.0,1805.0,933.0,7.0,4.0,0.0,1.0,3.0,372.0,4.0
141b0bd2,259.0,19.0,104.0,122.0,37.0,3.0,259.0,4.0,1.0,2.0,143.0,710.0,381.0,8.0,7.0,1.0,4.0,1.0,143.0,6.0
4e219ad2,127.0,1.0,15.0,42.0,70.0,5.0,127.0,3.0,1.0,2.0,87.0,429.0,174.0,4.0,1.0,3.0,2.0,2.0,105.0,25.0
33a6a650,363.0,71.0,235.0,127.0,4.0,2.0,363.0,5.0,3.0,2.0,235.0,1212.0,566.0,0.0,0.0,0.0,0.0,1.0,224.0,0.0
d820a7c8,40.0,3.0,14.0,13.0,13.0,4.0,40.0,4.0,1.0,3.0,22.0,151.0,72.0,4.0,1.0,1.0,3.0,0.0,21.0,5.0
29c91632,303.0,39.0,137.0,167.0,5.0,2.0,303.0,5.0,3.0,2.0,217.0,1335.0,747.0,1.0,1.0,0.0,5.0,2.0,213.0,0.0
01b8a2b2,113.0,96.0,112.0,1.0,0.0,0.0,113.0,0.0,0.0,0.0,66.0,303.0,154.0,0.0,0.0,0.0,0.0,0.0,55.0,0.0
934e1968,357.0,8.0,36.0,159.0,165.0,10.0,357.0,13.0,5.0,6.0,242.0,1269.0,572.0,15.0,18.0,5.0,4.0,9.0,259.0,46.0
c8829a58,81.0,0.0,16.0,34.0,31.0,4.0,81.0,2.0,0.0,1.0,39.0,198.0,100.0,4.0,1.0,2.0,0.0,0.0,55.0,4.0
2475dcc6,248.0,5.0,31.0,90.0,129.0,19.0,248.0,8.0,5.0,2.0,160.0,838.0,427.0,16.0,6.0,4.0,11.0,5.0,180.0,43.0
bd142efb,400.0,43.0,173.0,221.0,6.0,3.0,400.0,0.0,0.0,0.0,217.0,1349.0,748.0,0.0,2.0,0.0,2.0,2.0,279.0,0.0
e9971f2d,20.0,1.0,6.0,12.0,2.0,1.0,20.0,0.0,0.0,0.0,13.0,85.0,49.0,2.0,0.0,0.0,0.0,0.0,12.0,0.0
a73c8f95,320.0,33.0,137.0,171.0,16.0,2.0,320.0,1.0,0.0,1.0,192.0,1303.0,837.0,4.0,4.0,0.0,1.0,1.0,226.0,0.0
4c2a5d34,232.0,12.0,36.0,101.0,95.0,39.0,230.0,9.0,3.0,5.0,123.0,527.0,228.0,11.0,4.0,7.0,14.0,1.0,149.0,28.0
b056e3da,189.0,164.0,189.0,0.0,0.0,0.0,189.0,0.0,0.0,0.0,110.0,625.0,261.0,0.0,0.0,0.0,0.0,0.0,91.0,0.0
a65c844b,447.0,12.0,66.0,181.0,205.0,15.0,447.0,48.0,15.0,30.0,331.0,2110.0,863.0,24.0,14.0,6.0,22.0,16.0,307.0,67.0
be765073,341.0,19.0,107.0,146.0,93.0,7.0,340.0,10.0,3.0,6.0,160.0,710.0,334.0,7.0,3.0,1.0,5.0,4.0,171.0,10.0
30d75bfb,451.0,24.0,132.0,219.0,103.0,10.0,451.0,5.0,2.0,2.0,281.0,1175.0,559.0,6.0,5.0,0.0,6.0,9.0,300.0,24.0
ad9b2747,291.0,9.0,56.0,156.0,79.0,10.0,291.0,10.0,4.0,5.0,193.0,774.0,332.0,10.0,2.0,3.0,10.0,6.0,217.0,20.0
d0a39bdf,162.0,21.0,85.0,54.0,24.0,3.0,162.0,12.0,5.0,6.0,79.0,534.0,181.0,5.0,4.0,1.0,6.0,5.0,78.0,6.0
f4d8ce5a,48.0,1.0,5.0,19.0,26.0,8.0,48.0,8.0,1.0,6.0,33.0,216.0,85.0,4.0,1.0,4.0,3.0,3.0,31.0,8.0
4f255115,369.0,8.0,66.0,248.0,59.0,8.0,369.0,4.0,3.0,1.0,260.0,1469.0,646.0,9.0,5.0,0.0,7.0,4.0,287.0,4.0
829aa60c,59.0,0.0,6.0,21.0,32.0,7.0,59.0,1.0,0.0,1.0,43.0,367.0,202.0,8.0,3.0,4.0,3.0,3.0,45.0,13.0
e73c9bb2,291.0,13.0,76.0,110.0,108.0,5.0,291.0,10.0,3.0,3.0,126.0,530.0,203.0,10.0,6.0,2.0,7.0,9.0,173.0,34.0
6f51e382,172.0,135.0,169.0,3.0,0.0,0.0,172.0,0.0,0.0,0.0,102.0,428.0,289.0,0.0,0.0,0.0,0.0,0.0,98.0,0.0
6b994195,52.0,8.0,33.0,17.0,2.0,1.0,52.0,0.0,0.0,0.0,37.0,133.0,30.0,0.0,0.0,0.0,1.0,0.0,31.0,0.0
ff5ea0bf,67.0,8.0,37.0,28.0,3.0,2.0,67.0,1.0,0.0,1.0,28.0,89.0,37.0,0.0,0.0,0.0,0.0,0.0,40.0,0.0
b7c19c48,90.0,17.0,63.0,23.0,5.0,3.0,90.0,1.0,0.0,1.0,48.0,270.0,120.0,1.0,0.0,0.0,0.0,0.0,55.0,1.0
a5420709,103.0,7.0,29.0,54.0,24.0,7.0,103.0,12.0,5.0,6.0,48.0,303.0,110.0,3.0,2.0,2.0,9.0,5.0,50.0,6.0
41034650,474.0,33.0,209.0,242.0,27.0,3.0,474.0,6.0,3.0,2.0,318.0,1376.0,765.0,10.0,12.0,1.0,7.0,5.0,369.0,1.0
7edfbb8a,272.0,20.0,121.0,144.0,9.0,2.0,272.0,0.0,0.0,0.0,164.0,928.0,567.0,6.0,2.0,0.0,1.0,2.0,169.0,0.0
0db169ae,348.0,8.0,69.0,195.0,86.0,6.0,348.0,7.0,2.0,3.0,159.0,876.0,425.0,7.0,6.0,0.0,6.0,6.0,208.0,15.0
04e531b6,88.0,0.0,7.0,56.0,25.0,1.0,88.0,2.0,0.0,1.0,65.0,257.0,106.0,3.0,3.0,1.0,1.0,1.0,76.0,4.0
9e1035f8,100.0,1.0,4.0,54.0,43.0,13.0,100.0,9.0,4.0,5.0,84.0,347.0,150.0,3.0,3.0,2.0,3.0,2.0,85.0,17.0
ab708880,11.0,1.0,2.0,5.0,4.0,1.0,11.0,2.0,0.0,2.0,4.0,32.0,0.0,0.0,1.0,0.0,1.0,0.0,6.0,0.0
ce17b5eb,216.0,197.0,216.0,0.0,0.0,0.0,216.0,0.0,0.0,0.0,116.0,571.0,320.0,0.0,0.0,0.0,0.0,0.0,87.0,0.0
77e39b04,172.0,5.0,24.0,95.0,56.0,10.0,172.0,15.0,5.0,8.0,109.0,685.0,282.0,7.0,9.0,1.0,9.0,8.0,122.0,22.0
41f0b196,285.0,265.0,285.0,0.0,0.0,0.0,285.0,0.0,0.0,0.0,177.0,604.0,362.0,0.0,0.0,0.0,0.0,0.0,157.0,0.0
f315ca93,282.0,9.0,63.0,95.0,125.0,15.0,282.0,12.0,4.0,7.0,125.0,600.0,264.0,10.0,5.0,5.0,7.0,2.0,138.0,28.0
aa34ed38,91.0,1.0,7.0,44.0,40.0,0.0,91.0,1.0,0.0,1.0,65.0,269.0,93.0,2.0,2.0,0.0,0.0,1.0,66.0,6.0
35d64857,347.0,37.0,174.0,149.0,26.0,3.0,347.0,2.0,2.0,0.0,178.0,907.0,361.0,3.0,2.0,0.0,4.0,1.0,195.0,0.0
d3dc62d1,55.0,48.0,55.0,0.0,0.0,0.0,55.0,0.0,0.0,0.0,24.0,150.0,92.0,0.0,0.0,0.0,0.0,0.0,10.0,0.0
c9817014,318.0,10.0,93.0,203.0,26.0,0.0,318.0,15.0,10.0,3.0,178.0,812.0,333.0,3.0,3.0,0.0,8.0,15.0,186.0,4.0
1a799243,228.0,16.0,66.0,96.0,68.0,4.0,228.0,3.0,0.0,1.0,101.0,504.0,214.0,4.0,5.0,1.0,4.0,4.0,105.0,12.0
7d3e7da6,119.0,108.0,118.0,1.0,0.0,0.0,119.0,0.0,0.0,0.0,73.0,303.0,96.0,0.0,0.0,0.0,0.0,0.0,72.0,0.0
1880614f,118.0,0.0,6.0,47.0,65.0,5.0,118.0,3.0,2.0,1.0,90.0,562.0,194.0,5.0,4.0,2.0,3.0,2.0,86.0,20.0
d248cd8f,421.0,49.0,206.0,205.0,12.0,1.0,421.0,3.0,2.0,0.0,305.0,1663.0,1022.0,7.0,4.0,0.0,2.0,1.0,316.0,0.0
b997c3de,318.0,21.0,93.0,170.0,58.0,8.0,317.0,4.0,3.0,1.0,193.0,765.0,387.0,2.0,2.0,0.0,10.0,5.0,184.0,7.0
0a69de7b,166.0,9.0,80.0,77.0,9.0,3.0,166.0,2.0,1.0,1.0,86.0,265.0,104.0,2.0,1.0,1.0,1.0,0.0,132.0,1.0
c2111b45,21.0,7.0,14.0,6.0,1.0,0.0,21.0,0.0,0.0,0.0,9.0,53.0,38.0,0.0,0.0,0.0,0.0,0.0,15.0,0.0
0959c2a2,402.0,8.0,46.0,162.0,198.0,18.0,402.0,11.0,4.0,6.0,250.0,1691.0,1029.0,25.0,20.0,3.0,13.0,2.0,316.0,46.0
e06683ca,497.0,42.0,215.0,255.0,29.0,20.0,497.0,1.0,1.0,0.0,261.0,1291.0,671.0,5.0,4.0,0.0,2.0,0.0,353.0,1.0
392a7aea,464.0,13.0,102.0,279.0,88.0,4.0,464.0,8.0,1.0,6.0,307.0,1671.0,538.0,6.0,8.0,1.0,5.0,2.0,366.0,25.0
08990838,203.0,40.0,128.0,70.0,5.0,1.0,203.0,1.0,1.0,0.0,69.0,418.0,160.0,1.0,1.0,1.0,1.0,0.0,109.0,0.0
fd51b456,164.0,5.0,30.0,70.0,65.0,3.0,164.0,4.0,1.0,3.0,89.0,423.0,258.0,8.0,4.0,1.0,4.0,0.0,117.0,17.0
4a56052c,452.0,10.0,56.0,317.0,84.0,3.0,452.0,4.0,1.0,3.0,352.0,1745.0,857.0,8.0,10.0,0.0,3.0,3.0,326.0,16.0
5eaf85b5,2.0,0.0,1.0,1.0,0.0,0.0,2.0,0.0,0.0,0.0,2.0,21.0,0.0,0.0,0.0,0.0,0.0,0.0,0.0,0.0
6bc49da7,26.0,0.0,3.0,11.0,12.0,2.0,26.0,1.0,0.0,1.0,18.0,113.0,85.0,3.0,2.0,0.0,4.0,0.0,16.0,6.0
1467af0d,632.0,18.0,145.0,380.0,114.0,4.0,632.0,14.0,9.0,4.0,505.0,2701.0,1322.0,10.0,20.0,0.0,4.0,7.0,489.0,9.0
3b029691,427.0,10.0,96.0,244.0,91.0,7.0,427.0,11.0,5.0,3.0,359.0,1936.0,809.0,10.0,20.0,0.0,14.0,7.0,335.0,14.0
03df04ff,204.0,174.0,204.0,0.0,0.0,0.0,204.0,0.0,0.0,0.0,120.0,609.0,371.0,0.0,0.0,0.0,1.0,0.0,96.0,0.0
79443529,131.0,6.0,8.0,64.0,61.0,22.0,131.0,2.0,0.0,2.0,72.0,345.0,145.0,6.0,4.0,1.0,8.0,8.0,92.0,27.0
aed44b64,195.0,7.0,37.0,93.0,72.0,9.0,195.0,13.0,5.0,7.0,96.0,601.0,319.0,10.0,11.0,1.0,10.0,12.0,100.0,16.0
d0d8dd44,108.0,34.0,80.0,28.0,1.0,1.0,108.0,0.0,0.0,0.0,45.0,248.0,85.0,0.0,0.0,0.0,2.0,2.0,53.0,0.0
86dd77d1,85.0,2.0,21.0,41.0,27.0,3.0,85.0,2.0,2.0,0.0,39.0,257.0,165.0,5.0,4.0,1.0,0.0,0.0,52.0,8.0
cb64672e,27.0,1.0,10.0,10.0,7.0,1.0,27.0,2.0,1.0,1.0,18.0,70.0,25.0,1.0,1.0,0.0,1.0,0.0,20.0,3.0
a8b8af8d,68.0,9.0,35.0,31.0,2.0,0.0,68.0,0.0,0.0,0.0,49.0,299.0,200.0,0.0,1.0,0.0,0.0,0.0,50.0,0.0
f9acca3a,104.0,2.0,37.0,43.0,26.0,1.0,104.0,2.0,2.0,0.0,48.0,352.0,235.0,5.0,5.0,0.0,0.0,0.0,52.0,1.0
49fe9070,256.0,2.0,19.0,114.0,123.0,25.0,256.0,7.0,3.0,4.0,203.0,1305.0,663.0,22.0,17.0,9.0,8.0,13.0,223.0,54.0
83300259,57.0,3.0,15.0,22.0,20.0,5.0,57.0,0.0,0.0,0.0,43.0,143.0,80.0,2.0,2.0,1.0,0.0,0.0,42.0,7.0
c19a2df1,38.0,0.0,7.0,12.0,19.0,1.0,38.0,0.0,0.0,0.0,23.0,85.0,38.0,0.0,0.0,0.0,1.0,0.0,31.0,6.0
5dfc6ad5,386.0,24.0,139.0,219.0,28.0,5.0,386.0,2.0,1.0,1.0,270.0,1226.0,423.0,2.0,4.0,0.0,2.0,2.0,281.0,2.0
4b803b3c,92.0,8.0,24.0,37.0,32.0,5.0,92.0,0.0,0.0,0.0,32.0,193.0,37.0,1.0,2.0,0.0,0.0,1.0,29.0,9.0
fa661778,57.0,4.0,12.0,16.0,30.0,4.0,57.0,1.0,1.0,0.0,37.0,181.0,111.0,3.0,2.0,1.0,1.0,0.0,37.0,7.0
e9b0ccaf,49.0,4.0,12.0,23.0,16.0,1.0,49.0,2.0,1.0,0.0,32.0,129.0,34.0,0.0,1.0,0.0,5.0,1.0,35.0,3.0
cb641b9d,32.0,0.0,3.0,14.0,16.0,2.0,32.0,3.0,2.0,1.0,21.0,118.0,37.0,2.0,3.0,2.0,4.0,4.0,31.0,5.0
94721522,60.0,6.0,19.0,22.0,19.0,2.0,60.0,2.0,1.0,1.0,35.0,181.0,90.0,0.0,4.0,0.0,2.0,1.0,31.0,4.0
6b9960cf,29.0,0.0,6.0,13.0,10.0,0.0,29.0,1.0,1.0,0.0,19.0,102.0,40.0,1.0,0.0,0.0,4.0,2.0,26.0,5.0
384d58d9,46.0,0.0,8.0,31.0,8.0,1.0,46.0,1.0,0.0,1.0,36.0,171.0,80.0,3.0,1.0,0.0,1.0,1.0,36.0,1.0
6bb2c084,330.0,10.0,67.0,212.0,59.0,16.0,330.0,20.0,10.0,6.0,223.0,1024.0,475.0,13.0,10.0,6.0,10.0,10.0,232.0,12.0
3b12b11f,11.0,0.0,3.0,4.0,4.0,0.0,11.0,2.0,1.0,1.0,5.0,119.0,83.0,3.0,2.0,0.0,0.0,0.0,6.0,2.0
f15b778f,96.0,6.0,41.0,50.0,6.0,0.0,96.0,5.0,3.0,0.0,26.0,95.0,25.0,0.0,0.0,0.0,3.0,0.0,48.0,1.0
d19ef4ef,49.0,1.0,6.0,22.0,22.0,2.0,49.0,3.0,0.0,3.0,33.0,214.0,114.0,5.0,4.0,1.0,3.0,1.0,35.0,9.0
a5296e55,269.0,3.0,34.0,133.0,104.0,12.0,267.0,7.0,5.0,1.0,179.0,660.0,263.0,7.0,6.0,2.0,4.0,1.0,202.0,16.0
6622454d,118.0,3.0,9.0,32.0,79.0,12.0,118.0,9.0,4.0,5.0,80.0,485.0,201.0,11.0,6.0,3.0,1.0,2.0,80.0,26.0
adfbe1f5,160.0,5.0,48.0,76.0,37.0,6.0,160.0,10.0,2.0,7.0,109.0,705.0,325.0,8.0,8.0,2.0,13.0,8.0,112.0,12.0
37557ec4,47.0,4.0,15.0,29.0,3.0,0.0,47.0,1.0,0.0,1.0,27.0,143.0,65.0,3.0,0.0,0.0,1.0,0.0,30.0,2.0
