id,Player,Nation,Pos,Squad,Age,Born,MP,Starts,Min,90s,Gls,Ast,G+A,G-PK,PK,PKatt,CrdY,CrdR,xG,npxG,xAG,npxG+xAG,PrgC,PrgP,PrgR,Gls.1,Ast.1,G+A.1,G-PK.1,G+A-PK,xG.1,xAG.1,xG+xAG,npxG.1,npxG+xAG.1,Matches
8f5cdf66,Oliver Abildgaard,dk DEN,"MF,DF",Hellas Verona,26-264,1996,3,0,44,0.5,0,0,0,0,0,0,0,0,0.0,0.0,0.0,0.0,0,1,3,0.00,0.00,0.00,0.00,0.00,0.00,0.00,0.00,0.00,0.00,Matches
f586779e,Tammy Abraham,eng ENG,FW,Roma,25-150,1997,24,19,1625,18.1,6,3,9,6,0,0,1,0,9.4,9.4,2.9,12.3,25,39,93,0.33,0.17,0.50,0.33,0.50,0.52,0.16,0.68,0.52,0.68,Matches
771a2cfe,Christian Acella,it ITA,MF,Cremonese,20-237,2002,1,0,15,0.2,0,0,0,0,0,0,0,0,0.0,0.0,0.0,0.0,0,0,0,0.00,0.00,0.00,0.00,0.00,0.00,0.00,0.00,0.00,0.00,Matches
b96b595c,Francesco Acerbi,it ITA,DF,Inter,35-019,1988,17,14,1335,14.8,0,1,1,0,0,0,3,0,0.4,0.4,0.6,1.0,16,61,8,0.00,0.07,0.07,0.00,0.07,0.02,0.04,0.07,0.02,0.07,Matches
26777636,Yacine Adli,fr FRA,"MF,FW",Milan,22-215,2000,4,1,116,1.3,0,0,0,0,0,0,1,0,0.1,0.1,0.1,0.2,5,8,7,0.00,0.00,0.00,0.00,0.00,0.07,0.07,0.13,0.07,0.13,Matches
f9c927de,Michel Aebischer,ch SUI,"FW,MF",Bologna,26-054,1997,21,9,868,9.6,1,0,1,1,0,0,3,0,1.1,1.1,0.4,1.5,8,26,47,0.10,0.00,0.10,0.10,0.10,0.12,0.04,0.16,0.12,0.16,Matches
0154d290,Felix Afena-Gyan,gh GHA,"FW,MF",Cremonese,20-041,2003,15,4,559,6.2,0,0,0,0,0,0,1,0,1.3,1.3,0.1,1.4,18,6,45,0.00,0.00,0.00,0.00,0.00,0.21,0.01,0.23,0.21,0.23,Matches
46fa7204,Kevin Agudelo,co COL,"MF,FW",Spezia,24-107,1998,23,18,1574,17.5,0,1,1,0,0,0,3,0,1.1,1.1,1.8,2.9,58,77,74,0.00,0.06,0.06,0.00,0.06,0.06,0.10,0.17,0.06,0.17,Matches
246d153b,Ola Aina,ng NGA,DF,Torino,26-144,1996,13,9,742,8.2,1,1,2,1,0,0,5,0,0.7,0.7,1.7,2.4,31,39,39,0.12,0.12,0.24,0.12,0.24,0.09,0.21,0.29,0.09,0.29,Matches
d810c13b,Emanuel Aiwum,at AUT,DF,Cremonese,22-066,2000,17,13,1209,13.4,0,0,0,0,0,0,3,0,0.2,0.2,0.4,0.6,17,40,7,0.00,0.00,0.00,0.00,0.00,0.01,0.03,0.05,0.01,0.05,Matches
fdf4b948,Jean-Daniel Akpa-Akpro,ci CIV,MF,Empoli,30-141,1992,13,8,678,7.5,0,0,0,0,0,0,7,2,0.3,0.3,0.5,0.8,10,22,21,0.00,0.00,0.00,0.00,0.00,0.04,0.07,0.11,0.04,0.11,Matches
5294a83f,Luis Alberto,es ESP,MF,Lazio,30-154,1992,21,13,1233,13.7,5,3,8,4,1,2,1,0,3.1,1.4,2.9,4.3,41,126,58,0.36,0.22,0.58,0.29,0.51,0.23,0.21,0.44,0.10,0.32,Matches
ab472696,Agustín Álvarez Martínez,uy URU,"FW,MF",Sassuolo,21-286,2001,17,1,302,3.4,1,1,2,1,0,0,1,0,1.3,1.3,0.3,1.6,2,5,16,0.30,0.30,0.60,0.30,0.60,0.39,0.09,0.48,0.39,0.48,Matches
bcc81786,Kelvin Amian,fr FRA,DF,Spezia,25-021,1998,17,13,1229,13.7,0,1,1,0,0,0,3,0,0.8,0.8,1.2,2.0,21,45,35,0.00,0.07,0.07,0.00,0.07,0.06,0.09,0.15,0.06,0.15,Matches
2df7cc43,Bruno Amione,ar ARG,DF,Hellas Verona,21-057,2002,1,1,58,0.6,0,0,0,0,0,0,1,0,0.0,0.0,0.0,0.0,0,0,0,0.00,0.00,0.00,0.00,0.00,0.00,0.00,0.00,0.00,0.00,Matches
2df7cc43,Bruno Amione,ar ARG,DF,Sampdoria,21-057,2002,13,13,1060,11.8,0,1,1,0,0,0,7,0,0.2,0.2,0.6,0.8,4,28,6,0.00,0.08,0.08,0.00,0.08,0.02,0.05,0.07,0.02,0.07,Matches
10b9fa99,Ethan Ampadu,wls WAL,"DF,MF",Spezia,22-168,2000,18,18,1540,17.1,0,1,1,0,0,0,5,0,0.9,0.9,0.9,1.9,13,86,9,0.00,0.06,0.06,0.00,0.06,0.05,0.05,0.11,0.05,0.11,Matches
5a2cb25d,Sofyan Amrabat,ma MAR,MF,Fiorentina,26-192,1996,21,17,1388,15.4,0,0,0,0,0,0,9,0,0.3,0.3,0.5,0.8,27,135,17,0.00,0.00,0.00,0.00,0.00,0.02,0.03,0.05,0.02,0.05,Matches
9f1893b9,Felipe Anderson,br BRA,FW,Lazio,29-320,1993,24,22,1867,20.7,6,2,8,6,0,0,1,0,4.7,4.7,3.8,8.4,56,76,147,0.29,0.10,0.39,0.29,0.39,0.23,0.18,0.41,0.23,0.41,Matches
38d9ce53,Janis Antiste,fr FRA,FW,Sassuolo,20-195,2002,2,0,52,0.6,1,0,1,1,0,0,0,0,0.2,0.2,0.0,0.2,0,1,2,1.73,0.00,1.73,1.73,1.73,0.31,0.00,0.31,0.31,0.31,Matches
108fe016,Marcos Antônio,br BRA,MF,Lazio,22-261,2000,11,3,311,3.5,0,0,0,0,0,0,1,0,0.0,0.0,0.0,0.0,0,14,3,0.00,0.00,0.00,0.00,0.00,0.00,0.00,0.00,0.00,0.00,Matches
8f68aa41,Valentin Antov,bg BUL,DF,Monza,22-112,2000,4,1,172,1.9,0,0,0,0,0,0,0,0,0.0,0.0,0.0,0.0,0,9,3,0.00,0.00,0.00,0.00,0.00,0.00,0.01,0.01,0.00,0.01,Matches
00459419,Marko Arnautović,at AUT,FW,Bologna,33-316,1989,15,14,1215,13.5,8,0,8,5,3,3,5,0,5.7,3.3,1.7,5.0,11,28,85,0.59,0.00,0.59,0.37,0.37,0.42,0.13,0.55,0.24,0.37,Matches
963a328b,Tolgay Arslan,de GER,MF,Udinese,32-197,1990,23,10,850,9.4,1,0,1,1,0,0,1,0,1.5,1.5,1.1,2.6,32,56,31,0.11,0.00,0.11,0.11,0.11,0.16,0.12,0.27,0.16,0.27,Matches
a820e429,Arthur,br BRA,FW,Fiorentina,24-310,1998,19,7,760,8.4,5,1,6,4,1,1,1,0,4.1,3.3,0.5,3.7,5,12,50,0.59,0.12,0.71,0.47,0.59,0.48,0.05,0.53,0.39,0.44,Matches
e26fcca3,Santiago Ascacíbar,ar ARG,MF,Cremonese,26-004,1997,13,7,727,8.1,0,0,0,0,0,0,1,0,0.4,0.4,0.4,0.8,1,41,6,0.00,0.00,0.00,0.00,0.00,0.05,0.05,0.10,0.05,0.10,Matches
a69cc629,Kristoffer Askildsen,no NOR,MF,Lecce,22-051,2001,18,6,622,6.9,0,0,0,0,0,0,3,0,0.4,0.4,0.3,0.7,9,21,16,0.00,0.00,0.00,0.00,0.00,0.06,0.04,0.11,0.06,0.11,Matches
0fdcef0e,Kristjan Asllani,al ALB,MF,Inter,20-357,2002,12,2,295,3.3,0,0,0,0,0,0,2,0,0.2,0.2,0.3,0.6,2,10,2,0.00,0.00,0.00,0.00,0.00,0.08,0.10,0.17,0.08,0.17,Matches
649b01d8,Emil Audero,it ITA,GK,Sampdoria,26-042,1997,24,24,2160,24.0,0,0,0,0,0,0,1,0,0.0,0.0,0.0,0.0,0,0,0,0.00,0.00,0.00,0.00,0.00,0.00,0.00,0.00,0.00,0.00,Matches
3cd3b384,Tommaso Augello,it ITA,DF,Sampdoria,28-183,1994,23,21,1851,20.6,1,2,3,1,0,0,1,0,0.3,0.3,1.5,1.8,52,74,82,0.05,0.10,0.15,0.05,0.15,0.01,0.07,0.09,0.01,0.09,Matches
2200181e,Kaan Ayhan,tr TUR,DF,Sassuolo,28-111,1994,10,5,545,6.1,0,0,0,0,0,0,1,0,0.0,0.0,0.0,0.0,8,15,0,0.00,0.00,0.00,0.00,0.00,0.00,0.00,0.00,0.00,0.00,Matches
dfd24c07,Jaime Báez,uy URU,DF,Cremonese,27-310,1995,2,1,96,1.1,0,0,0,0,0,0,0,0,0.1,0.1,0.1,0.3,5,4,8,0.00,0.00,0.00,0.00,0.00,0.12,0.12,0.24,0.12,0.24,Matches
f42d6c13,Nedim Bajrami,al ALB,"MF,FW",Empoli,24-001,1999,19,8,941,10.5,1,1,2,1,0,0,1,0,1.2,1.2,1.2,2.4,21,29,47,0.10,0.10,0.19,0.10,0.19,0.12,0.11,0.23,0.12,0.23,Matches
f42d6c13,Nedim Bajrami,al ALB,"FW,MF",Sassuolo,24-001,1999,4,2,263,2.9,0,0,0,0,0,0,0,0,1.2,1.2,0.5,1.7,5,13,21,0.00,0.00,0.00,0.00,0.00,0.41,0.16,0.56,0.41,0.56,Matches
59bf127b,Tiemoué Bakayoko,fr FRA,MF,Milan,28-196,1994,1,0,8,0.1,0,0,0,0,0,0,0,0,0.0,0.0,0.0,0.0,0,1,0,0.00,0.00,0.00,0.00,0.00,0.00,0.00,0.00,0.00,0.00,Matches
102e2599,Tommaso Baldanzi,it ITA,MF,Empoli,19-343,2003,15,13,931,10.3,4,0,4,4,0,0,1,0,1.2,1.2,0.8,2.0,30,43,47,0.39,0.00,0.39,0.39,0.39,0.11,0.08,0.19,0.11,0.19,Matches
f449640d,Fodé Ballo-Touré,sn SEN,DF,Milan,26-057,1997,3,2,196,2.2,1,0,1,1,0,0,0,0,0.1,0.1,0.1,0.2,5,11,16,0.46,0.00,0.46,0.46,0.46,0.07,0.03,0.09,0.07,0.09,Matches
8a6de8c7,Lameck Banda,zm ZAM,"FW,MF",Lecce,22-031,2001,24,13,1157,12.9,1,1,2,1,0,0,4,0,1.8,1.8,1.0,2.8,55,18,108,0.08,0.08,0.16,0.08,0.16,0.14,0.08,0.22,0.14,0.22,Matches
d44360be,Filippo Bandinelli,it ITA,MF,Empoli,27-337,1995,23,19,1589,17.7,2,0,2,2,0,0,5,0,1.4,1.4,2.3,3.7,27,70,65,0.11,0.00,0.11,0.11,0.11,0.08,0.13,0.21,0.08,0.21,Matches
01efac19,Antonín Barák,cz CZE,MF,Hellas Verona,28-088,1994,1,0,25,0.3,0,0,0,0,0,0,0,0,0.0,0.0,0.0,0.0,0,2,1,0.00,0.00,0.00,0.00,0.00,0.00,0.00,0.00,0.00,0.00,Matches
01efac19,Antonín Barák,cz CZE,MF,Fiorentina,28-088,1994,19,13,1144,12.7,2,0,2,2,0,0,3,0,1.5,1.5,1.4,3.0,28,52,64,0.16,0.00,0.16,0.16,0.16,0.12,0.11,0.23,0.12,0.23,Matches
32ebfe1e,Andrea Barberis,it ITA,MF,Monza,29-080,1993,7,3,316,3.5,0,1,1,0,0,0,0,0,0.1,0.1,0.3,0.4,3,13,0,0.00,0.28,0.28,0.00,0.28,0.03,0.09,0.12,0.03,0.12,Matches
6928979a,Nicolò Barella,it ITA,MF,Inter,26-022,1997,23,21,1792,19.9,5,5,10,5,0,0,4,0,2.2,2.2,4.1,6.3,52,125,122,0.25,0.25,0.50,0.25,0.50,0.11,0.20,0.32,0.11,0.32,Matches
6caffe81,Enzo Barrenechea,ar ARG,MF,Juventus,21-283,2001,1,1,68,0.8,0,0,0,0,0,0,0,0,0.0,0.0,0.0,0.1,0,2,0,0.00,0.00,0.00,0.00,0.00,0.05,0.03,0.08,0.05,0.08,Matches
e5bf73f3,Musa Barrow,gm GAM,"FW,MF",Bologna,24-107,1998,18,12,954,10.6,2,2,4,2,0,0,1,0,1.6,1.6,2.6,4.1,27,20,57,0.19,0.19,0.38,0.19,0.38,0.15,0.24,0.39,0.15,0.39,Matches
5a08ee41,Federico Baschirotto,it ITA,DF,Lecce,26-162,1996,24,24,2160,24.0,3,0,3,3,0,0,5,0,1.5,1.5,0.3,1.8,8,60,8,0.12,0.00,0.12,0.12,0.12,0.06,0.01,0.07,0.06,0.07,Matches
80556f08,Toma Bašić,hr CRO,MF,Lazio,26-096,1996,16,4,393,4.4,0,0,0,0,0,0,1,0,0.5,0.5,0.3,0.8,11,14,17,0.00,0.00,0.00,0.00,0.00,0.12,0.06,0.18,0.12,0.18,Matches
75b86fb3,Alessandro Bastoni,it ITA,DF,Inter,23-322,1999,19,17,1447,16.1,0,2,2,0,0,0,2,0,0.8,0.8,1.6,2.4,31,106,32,0.00,0.12,0.12,0.00,0.12,0.05,0.10,0.15,0.05,0.15,Matches
1ac232b8,Simone Bastoni,it ITA,"MF,DF",Spezia,26-116,1996,13,12,946,10.5,2,2,4,2,0,0,4,0,1.1,1.1,0.9,2.0,12,24,55,0.19,0.19,0.38,0.19,0.38,0.10,0.09,0.19,0.10,0.19,Matches
78e6bf2c,Brian Bayeye,fr FRA,DF,Torino,22-244,2000,1,1,54,0.6,0,0,0,0,0,0,0,0,0.0,0.0,0.0,0.0,3,3,3,0.00,0.00,0.00,0.00,0.00,0.00,0.00,0.00,0.00,0.00,Matches
19e4eab9,Rodrigo Becão,br BRA,DF,Udinese,27-041,1996,18,18,1592,17.7,1,1,2,1,0,0,7,0,1.0,1.0,0.5,1.6,6,65,34,0.06,0.06,0.11,0.06,0.11,0.06,0.03,0.09,0.06,0.09,Matches
e892c325,Julius Beck,dk DEN,MF,Spezia,17-308,2005,1,0,10,0.1,0,0,0,0,0,0,0,0,0.0,0.0,0.0,0.0,0,2,0,0.00,0.00,0.00,0.00,0.00,0.00,0.00,0.00,0.00,0.00,Matches
e3756e72,Raoul Bellanova,it ITA,"DF,MF",Inter,22-288,2000,10,0,159,1.8,0,0,0,0,0,0,0,0,0.3,0.3,0.1,0.4,8,4,16,0.00,0.00,0.00,0.00,0.00,0.17,0.07,0.24,0.17,0.24,Matches
d705ba44,Andrea Belotti,it ITA,FW,Roma,29-071,1993,20,3,543,6.0,0,0,0,0,0,1,0,0,2.2,1.4,0.7,2.1,13,4,46,0.00,0.00,0.00,0.00,0.00,0.37,0.11,0.48,0.24,0.35,Matches
0000acda,Marco Benassi,it ITA,DF,Fiorentina,28-174,1994,2,1,93,1.0,0,0,0,0,0,0,0,0,0.0,0.0,0.1,0.1,0,9,6,0.00,0.00,0.00,0.00,0.00,0.00,0.09,0.09,0.00,0.09,Matches
0000acda,Marco Benassi,it ITA,MF,Cremonese,28-174,1994,6,5,455,5.1,0,0,0,0,0,0,0,0,0.4,0.4,0.5,1.0,8,13,15,0.00,0.00,0.00,0.00,0.00,0.09,0.10,0.19,0.09,0.19,Matches
db092d3b,Ismaël Bennacer,dz ALG,MF,Milan,25-090,1997,19,16,1413,15.7,1,1,2,1,0,0,5,0,0.3,0.3,2.3,2.6,19,99,25,0.06,0.06,0.13,0.06,0.13,0.02,0.15,0.17,0.02,0.17,Matches
53a0e358,Domenico Berardi,it ITA,FW,Sassuolo,28-212,1994,15,12,1014,11.3,4,4,8,2,2,3,5,0,4.9,2.5,2.6,5.1,23,67,119,0.36,0.36,0.71,0.18,0.53,0.43,0.23,0.67,0.22,0.46,Matches
61b3978f,Bartosz Bereszyński,pl POL,DF,Sampdoria,30-232,1992,15,15,1198,13.3,0,0,0,0,0,0,1,0,0.1,0.1,0.1,0.2,20,44,40,0.00,0.00,0.00,0.00,0.00,0.01,0.01,0.02,0.01,0.02,Matches
ed5c0319,Beto,gw GNB,FW,Udinese,25-029,1998,24,16,1439,16.0,8,1,9,8,0,0,1,0,7.6,7.6,1.7,9.3,14,6,88,0.50,0.06,0.56,0.50,0.56,0.48,0.11,0.58,0.48,0.58,Matches
b3a20f18,Matteo Bianchetti,it ITA,DF,Cremonese,29-349,1993,17,15,1423,15.8,1,0,1,1,0,0,2,0,0.7,0.7,0.3,1.0,5,32,3,0.06,0.00,0.06,0.06,0.06,0.05,0.02,0.06,0.05,0.06,Matches
d65cf468,Alessandro Bianco,it ITA,MF,Fiorentina,20-151,2002,3,2,112,1.2,0,0,0,0,0,0,0,0,0.1,0.1,0.0,0.1,3,6,2,0.00,0.00,0.00,0.00,0.00,0.05,0.01,0.06,0.05,0.06,Matches
6fdac234,Jaka Bijol,si SVN,DF,Udinese,24-024,1999,19,19,1563,17.4,3,1,4,3,0,0,5,0,1.6,1.6,0.9,2.5,2,37,4,0.17,0.06,0.23,0.17,0.23,0.09,0.05,0.14,0.09,0.14,Matches
9e1577aa,Cristiano Biraghi,it ITA,DF,Fiorentina,30-181,1992,22,20,1729,19.2,1,2,3,1,0,1,0,0,1.4,0.6,4.0,4.7,47,115,76,0.05,0.10,0.16,0.05,0.16,0.07,0.21,0.28,0.03,0.24,Matches
204ac005,Samuele Birindelli,it ITA,DF,Monza,23-225,1999,20,11,972,10.8,0,1,1,0,0,0,5,0,1.0,1.0,1.8,2.8,41,25,92,0.00,0.09,0.09,0.00,0.09,0.09,0.16,0.26,0.09,0.26,Matches
79370f8c,Kristijan Bistrović,hr CRO,MF,Lecce,24-326,1998,11,5,461,5.1,0,0,0,0,0,0,0,0,0.3,0.3,0.4,0.7,4,16,8,0.00,0.00,0.00,0.00,0.00,0.07,0.07,0.14,0.07,0.14,Matches
c69ef855,Alexis Blin,fr FRA,"MF,DF",Lecce,26-166,1996,22,15,1415,15.7,1,0,1,1,0,0,3,0,0.9,0.9,0.4,1.4,12,64,22,0.06,0.00,0.06,0.06,0.06,0.06,0.03,0.09,0.06,0.09,Matches
fe012aca,Jeremie Boga,ci CIV,"MF,FW",Atalanta,26-057,1997,14,4,488,5.4,1,5,6,1,0,0,0,0,0.8,0.8,1.9,2.7,39,31,51,0.18,0.92,1.11,0.18,1.11,0.14,0.35,0.49,0.14,0.49,Matches
c83c203f,Emil Bohinen,no NOR,MF,Salernitana,23-354,1999,10,4,338,3.8,0,0,0,0,0,0,0,0,0.1,0.1,0.3,0.4,3,14,5,0.00,0.00,0.00,0.00,0.00,0.02,0.08,0.09,0.02,0.09,Matches
d995ed27,Giacomo Bonaventura,it ITA,MF,Fiorentina,33-191,1989,21,17,1470,16.3,3,0,3,3,0,0,4,0,3.0,3.0,1.5,4.4,48,75,68,0.18,0.00,0.18,0.18,0.18,0.18,0.09,0.27,0.18,0.27,Matches
bf57eaab,Federico Bonazzoli,it ITA,"FW,MF",Salernitana,25-284,1997,21,12,1052,11.7,2,1,3,2,0,0,1,0,2.3,2.3,1.1,3.4,11,40,67,0.17,0.09,0.26,0.17,0.26,0.20,0.10,0.29,0.20,0.29,Matches
0def2376,Warren Bondo,fr FRA,MF,Monza,19-167,2003,4,0,60,0.7,0,0,0,0,0,0,1,0,0.1,0.1,0.0,0.1,3,5,2,0.00,0.00,0.00,0.00,0.00,0.09,0.00,0.09,0.09,0.09,Matches
fb77bfef,Kevin Bonifazi,it ITA,DF,Bologna,26-286,1996,7,4,416,4.6,0,0,0,0,0,0,1,0,0.2,0.2,0.0,0.2,3,12,0,0.00,0.00,0.00,0.00,0.00,0.04,0.00,0.05,0.04,0.05,Matches
52ec54d0,Leonardo Bonucci,it ITA,DF,Juventus,35-304,1987,11,6,602,6.7,1,0,1,1,0,1,1,0,0.9,0.1,0.2,0.3,1,17,1,0.15,0.00,0.15,0.15,0.15,0.14,0.03,0.17,0.01,0.04,Matches
3d13d9e4,Erik Botheim,no NOR,FW,Salernitana,23-050,2000,17,3,352,3.9,1,1,2,1,0,0,1,0,0.4,0.4,1.3,1.7,7,11,35,0.26,0.26,0.51,0.26,0.51,0.10,0.33,0.43,0.10,0.43,Matches
0d077b88,Mehdi Bourabia,ma MAR,MF,Spezia,31-206,1991,24,23,1845,20.5,0,2,2,0,0,0,3,0,1.0,1.0,3.0,4.0,24,79,20,0.00,0.10,0.10,0.00,0.10,0.05,0.15,0.19,0.05,0.19,Matches
ae94a6c5,Edoardo Bove,it ITA,MF,Roma,20-289,2002,11,2,269,3.0,0,0,0,0,0,0,2,0,0.4,0.4,0.1,0.5,2,5,4,0.00,0.00,0.00,0.00,0.00,0.14,0.03,0.17,0.14,0.17,Matches
c609e90e,Jayden Braaf,nl NED,"MF,FW",Hellas Verona,20-182,2002,3,1,148,1.6,0,0,0,0,0,0,1,0,0.4,0.4,0.1,0.4,5,2,11,0.00,0.00,0.00,0.00,0.00,0.22,0.04,0.26,0.22,0.26,Matches
8bbe2df5,Domagoj Bradarić,hr CRO,DF,Salernitana,23-081,1999,19,13,1265,14.1,0,1,1,0,0,0,4,0,0.1,0.1,1.5,1.6,38,33,77,0.00,0.07,0.07,0.00,0.07,0.01,0.11,0.12,0.01,0.12,Matches
d4a2533d,Josip Brekalo,hr CRO,FW,Fiorentina,24-251,1998,1,0,19,0.2,0,0,0,0,0,0,0,0,0.0,0.0,0.2,0.3,1,3,4,0.00,0.00,0.00,0.00,0.00,0.10,1.11,1.21,0.10,1.21,Matches
5fd5ed86,Gleison Bremer,br BRA,DF,Juventus,25-348,1997,20,20,1753,19.5,2,1,3,2,0,0,5,0,2.7,2.7,1.0,3.7,6,21,2,0.10,0.05,0.15,0.10,0.15,0.14,0.05,0.19,0.14,0.19,Matches
edd81e2a,Dylan Bronn,tn TUN,DF,Salernitana,27-255,1995,20,16,1425,15.8,0,0,0,0,0,0,3,1,0.7,0.7,0.4,1.0,9,65,3,0.00,0.00,0.00,0.00,0.00,0.04,0.02,0.06,0.04,0.06,Matches
33b8d077,Marcelo Brozović,hr CRO,MF,Inter,30-105,1992,14,9,813,9.0,2,0,2,2,0,0,5,0,1.7,1.7,0.3,2.0,14,48,15,0.22,0.00,0.22,0.22,0.22,0.19,0.03,0.22,0.19,0.22,Matches
f3a9fa26,Cristian Buonaiuto,it ITA,"MF,FW",Cremonese,30-062,1992,17,3,535,5.9,0,0,0,0,0,0,2,0,1.5,1.5,0.8,2.3,16,22,49,0.00,0.00,0.00,0.00,0.00,0.25,0.13,0.39,0.25,0.39,Matches
4ae67f27,Alessandro Buongiorno,it ITA,DF,Torino,23-268,1999,20,17,1526,17.0,0,1,1,0,0,0,6,0,1.2,1.2,0.6,1.8,8,49,14,0.00,0.06,0.06,0.00,0.06,0.07,0.04,0.11,0.07,0.11,Matches
ef6eef89,Juan Cabal,co COL,DF,Hellas Verona,22-052,2001,4,0,102,1.1,0,0,0,0,0,0,1,0,0.0,0.0,0.0,0.0,0,6,3,0.00,0.00,0.00,0.00,0.00,0.00,0.04,0.04,0.00,0.04,Matches
dd86e8e4,Liberato Cacace,nz NZL,DF,Empoli,22-155,2000,6,3,364,4.0,0,0,0,0,0,0,1,0,0.2,0.2,0.2,0.3,17,23,19,0.00,0.00,0.00,0.00,0.00,0.05,0.04,0.08,0.05,0.08,Matches
2146785a,Davide Calabria,it ITA,DF,Milan,26-085,1996,14,13,1000,11.1,1,2,3,1,0,0,4,0,0.9,0.9,0.7,1.7,15,54,43,0.09,0.18,0.27,0.09,0.27,0.08,0.07,0.15,0.08,0.15,Matches
ac7e640b,Mattia Caldara,it ITA,DF,Spezia,28-300,1994,16,10,982,10.9,0,0,0,0,0,0,5,0,0.6,0.6,0.0,0.6,5,26,4,0.00,0.00,0.00,0.00,0.00,0.05,0.00,0.06,0.05,0.06,Matches
226008f1,Luca Caldirola,it ITA,DF,Monza,32-028,1991,19,16,1387,15.4,0,0,0,0,0,0,4,0,0.6,0.6,0.6,1.2,10,48,12,0.00,0.00,0.00,0.00,0.00,0.04,0.04,0.08,0.04,0.08,Matches
cd0fa27b,Hakan Çalhanoğlu,tr TUR,MF,Inter,29-021,1994,23,21,1732,19.2,2,5,7,1,1,1,2,0,2.3,1.5,3.3,4.8,28,123,42,0.10,0.26,0.36,0.05,0.31,0.12,0.17,0.29,0.08,0.25,Matches
13ea2544,Mohamed Camara,gn GUI,MF,Roma,26-001,1997,9,5,377,4.2,0,0,0,0,0,0,1,0,0.1,0.1,0.3,0.4,10,16,9,0.00,0.00,0.00,0.00,0.00,0.03,0.07,0.10,0.03,0.10,Matches
91ff775f,Nicolò Cambiaghi,it ITA,"FW,MF",Empoli,22-063,2000,17,4,578,6.4,3,1,4,3,0,0,1,0,2.1,2.1,0.4,2.5,31,25,47,0.47,0.16,0.62,0.47,0.62,0.33,0.06,0.38,0.33,0.38,Matches
247ed022,Andrea Cambiaso,it ITA,DF,Bologna,23-009,2000,22,16,1420,15.8,0,2,2,0,0,0,2,0,0.7,0.7,1.4,2.1,44,55,61,0.00,0.13,0.13,0.00,0.13,0.04,0.09,0.13,0.04,0.13,Matches
b6a1cdf9,Matteo Cancellieri,it ITA,FW,Lazio,21-017,2002,15,1,213,2.4,0,0,0,0,0,0,2,0,0.3,0.3,0.4,0.7,12,2,25,0.00,0.00,0.00,0.00,0.00,0.14,0.17,0.31,0.14,0.31,Matches
356c9002,Antonio Candreva,it ITA,"DF,MF",Salernitana,36-001,1987,23,21,1848,20.5,3,2,5,3,0,0,3,1,2.4,2.4,2.5,4.9,50,99,118,0.15,0.10,0.24,0.15,0.24,0.12,0.12,0.24,0.12,0.24,Matches
54e53b7e,Gianluca Caprari,it ITA,"MF,FW",Monza,29-214,1993,24,21,1581,17.6,4,1,5,3,1,1,4,0,4.4,3.6,1.2,4.8,65,52,124,0.23,0.06,0.28,0.17,0.23,0.25,0.07,0.32,0.20,0.27,Matches
5bd72174,Francesco Caputo,it ITA,FW,Sampdoria,35-207,1987,15,13,1094,12.2,1,0,1,1,0,0,0,0,1.9,1.9,0.5,2.4,6,11,76,0.08,0.00,0.08,0.08,0.08,0.15,0.04,0.19,0.15,0.19,Matches
5bd72174,Francesco Caputo,it ITA,"FW,MF",Empoli,35-207,1987,9,8,704,7.8,1,3,4,1,0,0,1,0,1.9,1.9,0.8,2.7,7,10,58,0.13,0.38,0.51,0.13,0.51,0.24,0.11,0.35,0.24,0.35,Matches
f7e2af2c,Andrea Carboni,it ITA,DF,Monza,22-025,2001,4,1,167,1.9,0,0,0,0,0,0,0,0,0.1,0.1,0.1,0.2,4,9,2,0.00,0.00,0.00,0.00,0.00,0.03,0.07,0.10,0.03,0.10,Matches
b033f803,Franco Carboni,it ITA,DF,Monza,19-331,2003,1,0,32,0.4,0,0,0,0,0,0,0,0,0.0,0.0,0.0,0.0,1,1,6,0.00,0.00,0.00,0.00,0.00,0.00,0.09,0.09,0.00,0.09,Matches
707b98f1,Valentin Carboni,it ITA,"MF,FW",Inter,17-361,2005,4,0,14,0.2,0,0,0,0,0,0,0,0,0.0,0.0,0.0,0.0,1,1,1,0.00,0.00,0.00,0.00,0.00,0.00,0.17,0.17,0.00,0.17,Matches
8d3cd59d,Carlos,br BRA,DF,Monza,24-053,1999,21,21,1849,20.5,4,3,7,4,0,0,2,0,2.1,2.1,2.0,4.1,53,60,95,0.19,0.15,0.34,0.19,0.34,0.10,0.10,0.20,0.10,0.20,Matches
8ec56e62,Marco Carnesecchi,it ITA,GK,Cremonese,22-243,2000,15,15,1350,15.0,0,0,0,0,0,0,1,0,0.0,0.0,0.0,0.0,0,0,0,0.00,0.00,0.00,0.00,0.00,0.00,0.00,0.00,0.00,0.00,Matches
3f5f38fb,Nicolò Casale,it ITA,DF,Lazio,25-015,1998,17,17,1495,16.6,1,1,2,1,0,0,5,0,0.6,0.6,0.3,0.9,8,47,3,0.06,0.06,0.12,0.06,0.12,0.04,0.02,0.06,0.04,0.06,Matches
ad92526f,Michele Castagnetti,it ITA,MF,Cremonese,33-064,1989,15,7,713,7.9,0,0,0,0,0,0,1,0,0.3,0.3,1.1,1.4,9,64,6,0.00,0.00,0.00,0.00,0.00,0.03,0.14,0.17,0.03,0.17,Matches
0728bebe,Gaetano Castrovilli,it ITA,MF,Fiorentina,26-012,1997,5,0,112,1.2,0,0,0,0,0,0,1,0,0.2,0.2,0.0,0.2,3,2,1,0.00,0.00,0.00,0.00,0.00,0.14,0.02,0.15,0.14,0.15,Matches
ba3d3bea,Danilo Cataldi,it ITA,MF,Lazio,28-207,1994,22,21,1542,17.1,0,1,1,0,0,0,4,0,0.2,0.2,0.9,1.2,6,70,13,0.00,0.06,0.06,0.00,0.06,0.01,0.05,0.07,0.01,0.07,Matches
4d1efb48,Pietro Ceccaroni,it ITA,DF,Lecce,27-070,1995,1,0,23,0.3,0,0,0,0,0,0,0,0,0.0,0.0,0.0,0.0,0,0,0,0.00,0.00,0.00,0.00,0.00,0.00,0.00,0.00,0.00,0.00,Matches
d9624b51,Federico Ceccherini,it ITA,DF,Hellas Verona,30-294,1992,15,14,1033,11.5,1,0,1,1,0,0,7,1,0.7,0.7,0.1,0.8,20,43,16,0.09,0.00,0.09,0.09,0.09,0.06,0.01,0.07,0.06,0.07,Matches
07f8bcc8,Assan Ceesay,gm GAM,FW,Lecce,28-349,1994,20,12,1035,11.5,4,0,4,4,0,0,1,0,2.9,2.9,0.1,3.0,11,12,51,0.35,0.00,0.35,0.35,0.35,0.26,0.01,0.26,0.26,0.26,Matches
98a84572,Emil Ceide,no NOR,FW,Sassuolo,21-179,2001,14,3,332,3.7,0,0,0,0,0,0,0,0,0.2,0.2,0.7,0.9,22,13,35,0.00,0.00,0.00,0.00,0.00,0.06,0.18,0.25,0.06,0.25,Matches
31a62dc7,Zeki Çelik,tr TUR,DF,Roma,26-012,1997,16,10,1013,11.3,0,0,0,0,0,0,5,0,0.3,0.3,1.3,1.6,23,44,57,0.00,0.00,0.00,0.00,0.00,0.03,0.12,0.15,0.03,0.15,Matches
b0f7e36c,Federico Chiesa,it ITA,"DF,FW",Juventus,25-127,1997,9,2,345,3.8,0,3,3,0,0,0,1,0,0.6,0.6,1.6,2.2,16,10,28,0.00,0.78,0.78,0.00,0.78,0.15,0.43,0.58,0.15,0.58,Matches
c316607a,Vlad Chiricheș,ro ROU,DF,Cremonese,33-107,1989,10,9,692,7.7,0,0,0,0,0,0,2,0,0.0,0.0,0.0,0.0,2,7,1,0.00,0.00,0.00,0.00,0.00,0.00,0.00,0.00,0.00,0.00,Matches
b09a3ecc,Daniel Ciofani,it ITA,FW,Cremonese,37-213,1985,21,5,531,5.9,4,0,4,2,2,3,0,0,3.4,0.9,0.4,1.3,4,6,18,0.68,0.00,0.68,0.34,0.34,0.58,0.06,0.64,0.15,0.21,Matches
039a4fb6,Tio Cipot,si SVN,"DF,FW",Spezia,19-315,2003,3,0,51,0.6,0,0,0,0,0,0,0,0,0.0,0.0,0.0,0.0,2,2,5,0.00,0.00,0.00,0.00,0.00,0.03,0.04,0.07,0.03,0.07,Matches
5de3866c,Patrick Ciurria,it ITA,"DF,MF",Monza,28-020,1995,22,17,1515,16.8,3,4,7,3,0,0,2,0,3.1,3.1,4.3,7.3,31,47,104,0.18,0.24,0.42,0.18,0.42,0.18,0.25,0.43,0.18,0.43,Matches
8b95acda,Omar Colley,gm GAM,DF,Sampdoria,30-128,1992,16,15,1384,15.4,1,0,1,1,0,0,5,0,1.2,1.2,0.0,1.2,3,33,2,0.07,0.00,0.07,0.07,0.07,0.08,0.00,0.08,0.08,0.08,Matches
04df29a5,Lorenzo Colombo,it ITA,FW,Lecce,20-358,2002,22,12,1061,11.8,4,2,6,4,0,1,4,0,4.4,3.6,1.2,4.8,9,18,91,0.34,0.17,0.51,0.34,0.51,0.37,0.10,0.48,0.31,0.41,Matches
6499048c,Andrea Colpani,it ITA,MF,Monza,23-294,1999,16,4,487,5.4,2,0,2,2,0,0,1,0,1.1,1.1,1.0,2.1,14,27,41,0.37,0.00,0.37,0.37,0.37,0.21,0.18,0.39,0.21,0.39,Matches
8cabdc1e,Andrea Consigli,it ITA,GK,Sassuolo,36-033,1987,22,22,1980,22.0,0,0,0,0,0,0,0,0,0.0,0.0,0.0,0.0,0,1,0,0.00,0.00,0.00,0.00,0.00,0.00,0.00,0.00,0.00,0.00,Matches
8fef5412,Andrea Conti,it ITA,DF,Sampdoria,28-364,1994,1,0,23,0.3,0,0,0,0,0,0,0,0,0.0,0.0,0.0,0.0,0,1,2,0.00,0.00,0.00,0.00,0.00,0.00,0.00,0.00,0.00,0.00,Matches
22ae86f9,Diego Coppola,it ITA,DF,Hellas Verona,19-063,2003,10,8,754,8.4,0,0,0,0,0,0,3,0,0.3,0.3,0.0,0.3,7,29,8,0.00,0.00,0.00,0.00,0.00,0.04,0.00,0.04,0.04,0.04,Matches
45b9b619,Joaquín Correa,ar ARG,FW,Inter,28-200,1994,17,4,436,4.8,3,1,4,3,0,0,1,0,2.1,2.1,0.8,2.9,5,8,31,0.62,0.21,0.83,0.62,0.83,0.44,0.17,0.61,0.44,0.61,Matches
bfc359ed,Alessandro Cortinovis,it ITA,MF,Hellas Verona,22-035,2001,1,0,6,0.1,0,0,0,0,0,0,0,0,0.0,0.0,0.0,0.0,0,2,2,0.00,0.00,0.00,0.00,0.00,0.00,0.00,0.00,0.00,0.00,Matches
85a44ecc,Lassana Coulibaly,ml MLI,MF,Salernitana,26-325,1996,22,21,1786,19.8,2,2,4,2,0,0,7,0,0.5,0.5,1.2,1.7,30,69,41,0.10,0.10,0.20,0.10,0.20,0.03,0.06,0.09,0.03,0.09,Matches
f554e29b,Alessio Cragno,it ITA,GK,Monza,28-246,1994,1,1,90,1.0,0,0,0,0,0,0,0,0,0.0,0.0,0.0,0.0,0,0,0,0.00,0.00,0.00,0.00,0.00,0.00,0.00,0.00,0.00,0.00,Matches
16657b95,Bryan Cristante,it ITA,MF,Roma,27-363,1995,24,24,1991,22.1,1,0,1,1,0,0,4,0,1.1,1.1,0.9,2.0,12,109,22,0.05,0.00,0.05,0.05,0.05,0.05,0.04,0.09,0.05,0.09,Matches
22cd43d2,Domen Črnigoj,si SVN,MF,Salernitana,27-103,1995,5,3,243,2.7,0,0,0,0,0,0,1,0,0.0,0.0,0.3,0.3,2,3,7,0.00,0.00,0.00,0.00,0.00,0.00,0.10,0.10,0.00,0.10,Matches
0ab1f153,Juan Cuadrado,co COL,"DF,FW",Juventus,34-279,1988,18,15,1171,13.0,1,3,4,1,0,0,3,1,1.0,1.0,2.1,3.2,22,48,75,0.08,0.23,0.31,0.08,0.31,0.08,0.16,0.24,0.08,0.24,Matches
5722eced,Mickaël Cuisance,fr FRA,MF,Sampdoria,23-197,1999,4,4,238,2.6,0,0,0,0,0,0,0,0,0.2,0.2,0.4,0.5,5,8,12,0.00,0.00,0.00,0.00,0.00,0.07,0.14,0.20,0.07,0.20,Matches
060606ec,Marco D'Alessandro,it ITA,"DF,FW",Monza,32-012,1991,8,3,290,3.2,0,0,0,0,0,0,2,0,0.3,0.3,0.2,0.5,14,3,19,0.00,0.00,0.00,0.00,0.00,0.10,0.06,0.16,0.10,0.16,Matches
44eb9093,Danilo D'Ambrosio,it ITA,DF,Inter,34-173,1988,6,1,175,1.9,0,1,1,0,0,0,1,0,0.0,0.0,0.2,0.2,2,11,4,0.00,0.51,0.51,0.00,0.51,0.00,0.08,0.08,0.00,0.08,Matches
f778fe3f,Luca D'Andrea,it ITA,FW,Sassuolo,18-176,2004,5,5,316,3.5,0,1,1,0,0,0,0,0,0.3,0.3,0.8,1.1,11,9,29,0.00,0.28,0.28,0.00,0.28,0.08,0.23,0.31,0.08,0.31,Matches
7ef972c3,Flavius Daniliuc,at AUT,DF,Salernitana,21-308,2001,15,13,1211,13.5,0,1,1,0,0,0,5,0,0.5,0.5,0.1,0.6,9,39,4,0.00,0.07,0.07,0.00,0.07,0.04,0.01,0.04,0.04,0.04,Matches
94b2001f,Danilo,br BRA,DF,Juventus,31-229,1991,24,23,2083,23.1,3,3,6,3,0,0,3,0,1.8,1.8,2.1,3.9,21,90,30,0.13,0.13,0.26,0.13,0.26,0.08,0.09,0.17,0.08,0.17,Matches
96e0490d,Matteo Darmian,it ITA,DF,Inter,33-089,1989,19,15,1193,13.3,1,2,3,1,0,0,3,0,1.0,1.0,1.5,2.4,12,46,74,0.08,0.15,0.23,0.08,0.23,0.07,0.11,0.18,0.07,0.18,Matches
16bb656a,Paweł Dawidowicz,pl POL,DF,Hellas Verona,27-285,1995,14,12,951,10.6,1,0,1,1,0,0,5,1,1.1,1.1,0.2,1.2,14,31,9,0.09,0.00,0.09,0.09,0.09,0.10,0.01,0.11,0.10,0.11,Matches
2ef7c612,Charles De Ketelaere,be BEL,"MF,FW",Milan,21-356,2001,20,6,746,8.3,0,1,1,0,0,0,2,0,1.6,1.6,1.7,3.2,31,39,39,0.00,0.12,0.12,0.00,0.12,0.19,0.20,0.39,0.19,0.39,Matches
60e3603d,Manuel De Luca,it ITA,FW,Sampdoria,24-227,1998,1,0,33,0.4,0,0,0,0,0,0,0,0,0.0,0.0,0.0,0.0,0,0,3,0.00,0.00,0.00,0.00,0.00,0.00,0.00,0.00,0.00,0.00,Matches
ae4e2852,Mattia De Sciglio,it ITA,DF,Juventus,30-132,1992,13,7,761,8.5,0,0,0,0,0,0,0,0,0.1,0.1,0.4,0.5,9,42,29,0.00,0.00,0.00,0.00,0.00,0.01,0.05,0.06,0.01,0.06,Matches
e74f0e59,Lorenzo De Silvestri,it ITA,DF,Bologna,34-282,1988,9,5,518,5.8,0,0,0,0,0,0,1,0,0.4,0.4,0.2,0.6,8,20,13,0.00,0.00,0.00,0.00,0.00,0.07,0.03,0.10,0.07,0.10,Matches
f4797849,Koni De Winter,be BEL,DF,Empoli,20-262,2002,11,9,805,8.9,0,0,0,0,0,0,3,0,0.0,0.0,0.2,0.2,1,19,0,0.00,0.00,0.00,0.00,0.00,0.00,0.02,0.02,0.00,0.02,Matches
854ee61a,Grégoire Defrel,mq MTQ,FW,Sassuolo,31-257,1991,13,7,585,6.5,1,0,1,1,0,0,2,0,1.8,1.8,0.3,2.1,5,4,34,0.15,0.00,0.15,0.15,0.15,0.28,0.05,0.33,0.28,0.33,Matches
0e0d6c53,Duccio Degli Innocenti,it ITA,MF,Empoli,19-307,2003,1,0,3,0.0,0,0,0,0,0,0,0,0,0.0,0.0,0.0,0.0,0,0,0,0.00,0.00,0.00,0.00,0.00,0.00,0.00,0.00,0.00,0.00,Matches
e3cceee6,Merih Demiral,tr TUR,DF,Atalanta,24-361,1998,19,13,1302,14.5,1,0,1,1,0,0,5,0,0.7,0.7,0.5,1.2,1,23,3,0.07,0.00,0.07,0.07,0.07,0.05,0.03,0.08,0.05,0.08,Matches
dc3fa3b5,Diego Demme,de GER,MF,Napoli,31-100,1991,4,0,27,0.3,0,0,0,0,0,0,0,0,0.0,0.0,0.0,0.0,1,9,0,0.00,0.00,0.00,0.00,0.00,0.00,0.00,0.00,0.00,0.00,Matches
d97f2e8d,Fabio Depaoli,it ITA,DF,Hellas Verona,25-311,1997,18,15,1350,15.0,2,2,4,2,0,0,3,0,1.4,1.4,0.9,2.3,17,48,46,0.13,0.13,0.27,0.13,0.27,0.09,0.06,0.15,0.09,0.15,Matches
d97f2e8d,Fabio Depaoli,it ITA,"DF,MF",Sampdoria,25-311,1997,3,1,136,1.5,0,0,0,0,0,0,1,0,0.2,0.2,0.4,0.6,2,10,6,0.00,0.00,0.00,0.00,0.00,0.12,0.26,0.38,0.12,0.38,Matches
2990c466,Kastriot Dermaku,al ALB,DF,Lecce,31-045,1992,1,0,34,0.4,0,0,0,0,0,0,0,0,0.0,0.0,0.0,0.0,0,0,0,0.00,0.00,0.00,0.00,0.00,0.00,0.00,0.00,0.00,0.00,Matches
dcb38abe,Cyriel Dessers,ng NGA,FW,Cremonese,28-083,1994,18,15,1204,13.4,3,0,3,3,0,1,2,0,5.3,4.5,1.1,5.6,13,22,89,0.22,0.00,0.22,0.22,0.22,0.40,0.08,0.48,0.34,0.42,Matches
5976f83e,Sergiño Dest,us USA,DF,Milan,22-118,2000,8,2,329,3.7,0,0,0,0,0,0,0,0,0.3,0.3,0.3,0.6,11,14,12,0.00,0.00,0.00,0.00,0.00,0.08,0.09,0.17,0.08,0.17,Matches
d7d32194,Mattia Destro,it ITA,FW,Empoli,31-346,1991,10,6,456,5.1,1,0,1,1,0,0,2,0,1.2,1.2,0.4,1.6,4,2,13,0.20,0.00,0.20,0.20,0.20,0.24,0.07,0.31,0.24,0.31,Matches
39583cfd,Gerard Deulofeu,es ESP,FW,Udinese,28-353,1994,16,15,1211,13.5,2,6,8,2,0,0,1,0,5.1,5.1,4.4,9.5,72,82,118,0.15,0.45,0.59,0.15,0.59,0.38,0.33,0.70,0.38,0.70,Matches
ef94dc2f,Samuel Di Carmine,it ITA,"FW,MF",Cremonese,34-153,1988,2,0,28,0.3,0,0,0,0,0,0,0,0,0.1,0.1,0.0,0.1,1,1,2,0.00,0.00,0.00,0.00,0.00,0.28,0.00,0.28,0.28,0.28,Matches
1fca9171,Federico Di Francesco,it ITA,"FW,MF",Lecce,28-260,1994,23,14,1197,13.3,1,2,3,1,0,0,4,0,1.8,1.8,2.1,3.9,38,33,115,0.08,0.15,0.23,0.08,0.23,0.14,0.16,0.29,0.14,0.29,Matches
4e0c8d66,Michele Di Gregorio,it ITA,GK,Monza,25-217,1997,23,23,2070,23.0,0,0,0,0,0,0,0,0,0.0,0.0,0.0,0.0,0,0,0,0.00,0.00,0.00,0.00,0.00,0.00,0.00,0.00,0.00,0.00,Matches
230a2fac,Giovanni Di Lorenzo,it ITA,DF,Napoli,29-209,1993,24,24,2148,23.9,1,4,5,1,0,0,2,0,1.6,1.6,3.3,4.9,45,172,116,0.04,0.17,0.21,0.04,0.21,0.07,0.14,0.21,0.07,0.21,Matches
19cda00b,Ángel Di María,ar ARG,"FW,MF",Juventus,35-015,1988,15,10,786,8.7,4,4,8,3,1,1,0,1,2.0,1.2,3.2,4.4,24,49,38,0.46,0.46,0.92,0.34,0.80,0.23,0.37,0.60,0.14,0.50,Matches
244bc2c8,Boulaye Dia,sn SEN,FW,Salernitana,26-105,1996,21,17,1555,17.3,8,4,12,8,0,0,1,0,5.1,5.1,2.3,7.4,25,33,97,0.46,0.23,0.69,0.46,0.69,0.29,0.13,0.43,0.29,0.43,Matches
407feb71,Brahim Díaz,es ESP,MF,Milan,23-210,1999,21,17,1172,13.0,4,3,7,4,0,0,2,0,3.3,3.3,3.6,6.9,52,81,70,0.31,0.23,0.54,0.31,0.54,0.25,0.28,0.53,0.25,0.53,Matches
970b8574,Federico Dimarco,it ITA,DF,Inter,25-111,1997,23,20,1590,17.7,3,2,5,3,0,0,0,0,2.3,2.3,5.0,7.3,34,66,149,0.17,0.11,0.28,0.17,0.28,0.13,0.28,0.41,0.13,0.41,Matches
933d3b51,Koffi Djidji,ci CIV,DF,Torino,30-091,1992,21,19,1694,18.8,1,0,1,1,0,0,2,0,0.9,0.9,0.1,1.1,6,65,12,0.05,0.00,0.05,0.05,0.05,0.05,0.01,0.06,0.05,0.06,Matches
6eee05f1,Berat Djimsiti,al ALB,DF,Atalanta,30-010,1993,12,8,803,8.9,0,0,0,0,0,0,1,0,0.4,0.4,0.0,0.4,4,20,4,0.00,0.00,0.00,0.00,0.00,0.04,0.00,0.05,0.04,0.05,Matches
b5f7d10b,Dodô,br BRA,DF,Fiorentina,24-104,1998,20,17,1405,15.6,0,1,1,0,0,0,5,1,0.4,0.4,0.6,1.0,32,91,70,0.00,0.06,0.06,0.00,0.06,0.02,0.04,0.07,0.02,0.07,Matches
2f69d881,Josh Doig,sct SCO,DF,Hellas Verona,20-287,2002,17,13,1150,12.8,2,3,5,2,0,0,1,0,1.8,1.8,1.0,2.9,40,24,56,0.16,0.23,0.39,0.16,0.39,0.14,0.08,0.22,0.14,0.22,Matches
20b3a502,Nicolás Domínguez,ar ARG,MF,Bologna,24-246,1998,21,18,1581,17.6,1,2,3,1,0,0,7,0,1.2,1.2,1.8,3.0,25,96,56,0.06,0.11,0.17,0.06,0.17,0.07,0.10,0.17,0.07,0.17,Matches
22051fbe,Giulio Donati,it ITA,DF,Monza,33-024,1990,6,3,309,3.4,1,0,1,1,0,0,3,1,0.5,0.5,0.0,0.5,3,17,8,0.29,0.00,0.29,0.29,0.29,0.15,0.00,0.15,0.15,0.15,Matches
085e71a7,Bartłomiej Drągowski,pl POL,GK,Spezia,25-194,1997,22,22,1866,20.7,0,0,0,0,0,0,1,0,0.0,0.0,0.0,0.0,0,0,0,0.00,0.00,0.00,0.00,0.00,0.00,0.00,0.00,0.00,0.00,Matches
79ca3e23,Ondrej Duda,sk SVK,MF,Hellas Verona,28-086,1994,5,4,388,4.3,0,0,0,0,0,0,1,0,0.4,0.4,0.2,0.6,3,20,10,0.00,0.00,0.00,0.00,0.00,0.08,0.05,0.14,0.08,0.14,Matches
481c9ece,Denzel Dumfries,nl NED,DF,Inter,26-317,1996,21,16,1377,15.3,1,2,3,1,0,0,4,0,2.7,2.7,3.4,6.2,36,36,104,0.07,0.13,0.20,0.07,0.20,0.18,0.22,0.40,0.18,0.40,Matches
528492ea,Alfred Duncan,gh GHA,MF,Fiorentina,29-356,1993,14,7,597,6.6,0,0,0,0,0,0,2,0,0.2,0.2,0.1,0.4,9,39,19,0.00,0.00,0.00,0.00,0.00,0.04,0.02,0.05,0.04,0.05,Matches
e0921a4f,Paulo Dybala,ar ARG,"MF,FW",Roma,29-106,1993,17,16,1269,14.1,8,6,14,6,2,2,3,0,6.0,4.4,5.4,9.8,40,49,77,0.57,0.43,0.99,0.43,0.85,0.42,0.38,0.81,0.31,0.69,Matches
3bb7f478,Edin Džeko,ba BIH,FW,Inter,36-349,1986,24,16,1440,16.0,7,3,10,7,0,0,3,0,8.4,8.4,3.0,11.4,23,55,114,0.44,0.19,0.62,0.44,0.62,0.52,0.18,0.71,0.52,0.71,Matches
dbfa4f16,Festy Ebosele,ie IRL,"DF,FW",Udinese,20-211,2002,6,0,60,0.7,0,0,0,0,0,0,1,0,0.2,0.2,0.0,0.2,9,10,8,0.00,0.00,0.00,0.00,0.00,0.24,0.05,0.29,0.24,0.29,Matches
9ba7b4fa,Enzo Ebosse,cm CMR,DF,Udinese,23-355,1999,20,9,930,10.3,0,0,0,0,0,0,3,0,0.1,0.1,0.0,0.1,11,51,20,0.00,0.00,0.00,0.00,0.00,0.01,0.00,0.01,0.01,0.01,Matches
6af30900,Tyronne Ebuehi,ng NGA,DF,Empoli,27-075,1995,15,11,980,10.9,1,1,2,1,0,0,0,0,1.8,1.8,0.3,2.1,11,13,26,0.09,0.09,0.18,0.09,0.18,0.16,0.03,0.19,0.16,0.19,Matches
a9202def,Éderson,br BRA,"MF,FW",Atalanta,23-237,1999,21,14,1216,13.5,1,0,1,1,0,0,2,0,1.4,1.4,1.4,2.8,18,44,33,0.07,0.00,0.07,0.07,0.07,0.10,0.10,0.21,0.10,0.21,Matches
76b2817e,Kingsley Ehizibue,nl NED,DF,Udinese,27-280,1995,19,8,892,9.9,1,0,1,1,0,0,5,0,0.9,0.9,0.5,1.4,20,32,45,0.10,0.00,0.10,0.10,0.10,0.09,0.05,0.14,0.09,0.14,Matches
f503ea63,Albin Ekdal,se SWE,MF,Spezia,33-216,1989,17,7,754,8.4,0,2,2,0,0,0,4,1,0.8,0.8,1.3,2.1,4,36,7,0.00,0.24,0.24,0.00,0.24,0.10,0.15,0.25,0.10,0.25,Matches
c20892ee,Emmanuel Ekong,se SWE,"FW,MF",Empoli,20-249,2002,2,0,20,0.2,0,0,0,0,0,0,0,0,0.0,0.0,0.0,0.0,1,0,1,0.00,0.00,0.00,0.00,0.00,0.20,0.00,0.20,0.20,0.20,Matches
c55967eb,Mikael Ellertsson,is ISL,"MF,DF",Spezia,20-355,2002,11,1,171,1.9,0,0,0,0,0,0,3,0,0.1,0.1,0.0,0.2,3,3,4,0.00,0.00,0.00,0.00,0.00,0.07,0.01,0.08,0.07,0.08,Matches
cf007308,Elif Elmas,mk MKD,"FW,MF",Napoli,23-158,1999,23,7,948,10.5,6,1,7,5,1,1,2,0,3.3,2.5,1.3,3.8,22,34,53,0.57,0.09,0.66,0.47,0.57,0.31,0.12,0.44,0.24,0.36,Matches
0fee6bda,Martin Erlic,hr CRO,DF,Sassuolo,25-036,1998,17,17,1491,16.6,0,0,0,0,0,0,2,0,0.1,0.1,0.0,0.1,4,38,0,0.00,0.00,0.00,0.00,0.00,0.01,0.00,0.01,0.01,0.01,Matches
3f79a1c8,Gonzalo Escalante,ar ARG,MF,Cremonese,29-339,1993,9,7,555,6.2,0,1,1,0,0,0,0,1,0.2,0.2,0.2,0.4,3,30,8,0.00,0.16,0.16,0.00,0.16,0.03,0.04,0.07,0.03,0.07,Matches
5cf5c9ad,Salvatore Esposito,it ITA,MF,Spezia,22-145,2000,4,2,190,2.1,0,0,0,0,0,0,3,1,0.0,0.0,0.1,0.1,1,11,1,0.00,0.00,0.00,0.00,0.00,0.02,0.03,0.04,0.02,0.04,Matches
366be751,Nicolò Fagioli,it ITA,MF,Juventus,22-017,2001,15,7,717,8.0,2,2,4,2,0,0,1,0,0.4,0.4,0.8,1.2,15,28,26,0.25,0.25,0.50,0.25,0.50,0.06,0.10,0.15,0.06,0.15,Matches
9f5a610b,Wladimiro Falcone,it ITA,GK,Lecce,27-323,1995,24,24,2160,24.0,0,0,0,0,0,0,1,0,0.0,0.0,0.0,0.0,0,0,0,0.00,0.00,0.00,0.00,0.00,0.00,0.00,0.00,0.00,0.00,Matches
aae9d04a,Davide Faraoni,it ITA,DF,Hellas Verona,31-127,1991,10,8,563,6.3,0,2,2,0,0,0,4,0,1.2,1.2,0.6,1.8,3,22,10,0.00,0.32,0.32,0.00,0.32,0.19,0.10,0.29,0.19,0.29,Matches
4e358a2d,Federico Fazio,ar ARG,DF,Salernitana,35-349,1987,12,12,1059,11.8,1,0,1,1,0,0,2,1,0.7,0.7,0.1,0.8,13,40,4,0.08,0.00,0.08,0.08,0.08,0.06,0.01,0.07,0.06,0.07,Matches
06b08c45,Jacopo Fazzini,it ITA,MF,Empoli,19-350,2003,11,2,245,2.7,0,0,0,0,0,0,2,0,0.1,0.1,0.4,0.5,1,4,12,0.00,0.00,0.00,0.00,0.00,0.03,0.17,0.20,0.03,0.20,Matches
ee64a822,Lewis Ferguson,sct SCO,MF,Bologna,23-189,1999,18,15,1269,14.1,3,0,3,3,0,0,3,0,3.0,3.0,0.8,3.8,14,39,61,0.21,0.00,0.21,0.21,0.21,0.21,0.05,0.27,0.21,0.27,Matches
d0dbca9f,Alex Ferrari,it ITA,DF,Sampdoria,28-243,1994,12,10,868,9.6,0,0,0,0,0,0,3,0,0.2,0.2,0.4,0.5,7,25,3,0.00,0.00,0.00,0.00,0.00,0.02,0.04,0.06,0.02,0.06,Matches
d0dbca9f,Alex Ferrari,it ITA,DF,Cremonese,28-243,1994,8,8,586,6.5,0,0,0,0,0,0,2,0,0.0,0.0,0.1,0.1,1,19,1,0.00,0.00,0.00,0.00,0.00,0.00,0.01,0.01,0.00,0.01,Matches
eb76987d,Salvador Ferrer,es ESP,DF,Spezia,25-039,1998,2,0,92,1.0,0,0,0,0,0,0,0,0,0.0,0.0,0.0,0.0,0,1,1,0.00,0.00,0.00,0.00,0.00,0.00,0.03,0.03,0.00,0.03,Matches
e288d4b3,Alessandro Florenzi,it ITA,DF,Milan,31-355,1991,2,1,97,1.1,0,0,0,0,0,0,0,0,0.0,0.0,0.0,0.0,0,7,5,0.00,0.00,0.00,0.00,0.00,0.00,0.02,0.02,0.00,0.02,Matches
2a7d27c1,Davide Frattesi,it ITA,MF,Sassuolo,23-130,1999,24,24,1960,21.8,5,0,5,5,0,0,3,0,4.8,4.8,1.4,6.2,50,91,68,0.23,0.00,0.23,0.23,0.23,0.22,0.06,0.28,0.22,0.28,Matches
c235e803,Matteo Gabbia,it ITA,DF,Milan,23-131,1999,11,6,603,6.7,0,0,0,0,0,0,2,0,0.0,0.0,0.0,0.0,1,14,1,0.00,0.00,0.00,0.00,0.00,0.01,0.00,0.01,0.01,0.01,Matches
8f866fe8,Manolo Gabbiadini,it ITA,"FW,MF",Sampdoria,31-095,1991,22,14,1278,14.2,4,1,5,4,0,0,5,0,5.3,5.3,1.7,7.0,16,29,65,0.28,0.07,0.35,0.28,0.35,0.37,0.12,0.49,0.37,0.49,Matches
3b387cc7,Gianluca Gaetano,it ITA,MF,Napoli,22-300,2000,4,0,34,0.4,0,1,1,0,0,0,0,0,0.3,0.3,0.2,0.5,1,4,3,0.00,2.65,2.65,0.00,2.65,0.87,0.45,1.31,0.87,1.31,Matches
ce30bfc8,Roberto Gagliardini,it ITA,MF,Inter,28-328,1994,11,3,401,4.5,0,0,0,0,0,0,1,0,0.5,0.5,0.2,0.7,12,22,17,0.00,0.00,0.00,0.00,0.00,0.12,0.04,0.16,0.12,0.16,Matches
8dfed6e9,Adolfo Gaich,ar ARG,FW,Hellas Verona,24-003,1999,4,2,174,1.9,0,0,0,0,0,0,0,0,0.5,0.5,0.1,0.6,2,1,9,0.00,0.00,0.00,0.00,0.00,0.27,0.03,0.30,0.27,0.30,Matches
dd403465,Pablo Galdames Millán,cl CHI,"DF,MF",Cremonese,26-061,1996,2,0,45,0.5,0,0,0,0,0,0,0,0,0.0,0.0,0.0,0.0,0,3,2,0.00,0.00,0.00,0.00,0.00,0.00,0.06,0.06,0.00,0.06,Matches
c74d63ac,Antonino Gallo,it ITA,DF,Lecce,23-055,2000,20,17,1512,16.8,0,1,1,0,0,0,4,1,0.1,0.1,1.2,1.3,43,97,36,0.00,0.06,0.06,0.00,0.06,0.01,0.07,0.07,0.01,0.07,Matches
18dd3219,Federico Gatti,it ITA,DF,Juventus,24-250,1998,6,6,540,6.0,0,0,0,0,0,0,2,0,0.3,0.3,0.0,0.3,5,22,2,0.00,0.00,0.00,0.00,0.00,0.04,0.01,0.05,0.04,0.05,Matches
822ed0ec,Valentin Gendrey,fr FRA,DF,Lecce,22-253,2000,24,22,1994,22.2,0,1,1,0,0,0,3,0,0.5,0.5,1.6,2.0,32,75,64,0.00,0.05,0.05,0.00,0.05,0.02,0.07,0.09,0.02,0.09,Matches
71dc23da,Paolo Ghiglione,it ITA,DF,Cremonese,26-027,1997,9,6,508,5.6,0,1,1,0,0,0,2,0,0.1,0.1,0.4,0.5,3,15,30,0.00,0.18,0.18,0.00,0.18,0.02,0.07,0.09,0.02,0.09,Matches
9c435456,Mario Gila,es ESP,DF,Lazio,22-184,2000,4,0,90,1.0,0,0,0,0,0,0,0,0,0.0,0.0,0.0,0.0,1,6,2,0.00,0.00,0.00,0.00,0.00,0.00,0.00,0.00,0.00,0.00,Matches
548bd0de,Gvidas Gineitis,lt LTU,MF,Torino,18-320,2004,2,1,46,0.5,0,0,0,0,0,0,1,0,0.0,0.0,0.0,0.0,3,3,5,0.00,0.00,0.00,0.00,0.00,0.00,0.00,0.00,0.00,0.00,Matches
16ceb862,Olivier Giroud,fr FRA,FW,Milan,36-152,1986,22,17,1452,16.1,7,4,11,6,1,1,6,1,8.2,7.5,3.2,10.7,10,30,105,0.43,0.25,0.68,0.37,0.62,0.51,0.20,0.71,0.47,0.67,Matches
f0f7f62f,Pierluigi Gollini,it ITA,GK,Fiorentina,27-348,1995,3,3,270,3.0,0,0,0,0,0,0,0,0,0.0,0.0,0.0,0.0,0,0,0,0.00,0.00,0.00,0.00,0.00,0.00,0.00,0.00,0.00,0.00,Matches
f025eade,Joan Gonzàlez,es ESP,MF,Lecce,21-028,2002,23,19,1616,18.0,1,3,4,1,0,0,5,0,1.3,1.3,1.2,2.5,12,49,45,0.06,0.17,0.22,0.06,0.22,0.07,0.07,0.14,0.07,0.14,Matches
2374aaca,Nicolás González,ar ARG,"FW,MF",Fiorentina,24-329,1998,14,7,709,7.9,3,1,4,2,1,1,2,0,3.4,2.9,1.2,4.1,24,32,69,0.38,0.13,0.51,0.25,0.38,0.43,0.15,0.59,0.37,0.52,Matches
2d970560,Robin Gosens,de GER,"DF,FW",Inter,28-239,1994,21,3,510,5.7,1,0,1,1,0,0,1,0,0.9,0.9,0.8,1.7,17,21,54,0.18,0.00,0.18,0.18,0.18,0.16,0.15,0.31,0.16,0.31,Matches
6cc97b6a,Alberto Grassi,it ITA,MF,Empoli,27-359,1995,13,6,510,5.7,0,0,0,0,0,0,2,0,0.3,0.3,0.1,0.4,2,23,5,0.00,0.00,0.00,0.00,0.00,0.05,0.02,0.07,0.05,0.07,Matches
49136c42,Andrew Gravillon,gp GLP,DF,Torino,25-021,1998,2,0,18,0.2,0,0,0,0,0,0,0,0,0.0,0.0,0.0,0.0,1,0,0,0.00,0.00,0.00,0.00,0.00,0.00,0.00,0.00,0.00,0.00,Matches
f1f1f238,Koray Günter,de GER,DF,Hellas Verona,28-197,1994,13,11,1003,11.1,1,0,1,1,0,0,3,0,0.9,0.9,0.9,1.9,7,36,3,0.09,0.00,0.09,0.09,0.09,0.08,0.08,0.17,0.08,0.17,Matches
f9758dae,Emmanuel Gyasi,gh GHA,"FW,DF",Spezia,29-049,1994,21,21,1719,19.1,1,0,1,1,0,0,5,0,2.8,2.8,1.0,3.8,20,27,96,0.05,0.00,0.05,0.05,0.05,0.15,0.05,0.20,0.15,0.20,Matches
0be276c6,Norbert Gyömbér,sk SVK,DF,Salernitana,30-241,1992,16,12,884,9.8,0,0,0,0,0,0,3,0,0.3,0.3,0.0,0.4,5,30,1,0.00,0.00,0.00,0.00,0.00,0.03,0.00,0.04,0.03,0.04,Matches
9250bcff,Christian Gytkjær,dk DEN,FW,Monza,32-299,1990,16,3,478,5.3,1,0,1,1,0,0,0,0,2.7,2.7,0.2,2.9,1,5,27,0.19,0.00,0.19,0.19,0.19,0.51,0.04,0.55,0.51,0.55,Matches
fa449bba,Nicolas Haas,ch SUI,MF,Empoli,27-037,1996,17,10,934,10.4,1,0,1,1,0,0,2,0,1.2,1.2,0.6,1.7,9,28,18,0.10,0.00,0.10,0.10,0.10,0.11,0.05,0.16,0.11,0.16,Matches
74419746,Samir Handanović,si SVN,GK,Inter,38-230,1984,9,9,810,9.0,0,0,0,0,0,0,0,0,0.0,0.0,0.0,0.0,0,0,0,0.00,0.00,0.00,0.00,0.00,0.00,0.00,0.00,0.00,0.00,Matches
65fd099c,Abdou Harroui,nl NED,MF,Sassuolo,25-047,1998,14,2,319,3.5,1,0,1,1,0,0,1,0,0.6,0.6,0.0,0.6,7,14,15,0.28,0.00,0.28,0.28,0.28,0.16,0.01,0.16,0.16,0.16,Matches
3b333ac3,Hans Hateboer,nl NED,DF,Atalanta,29-051,1994,17,17,1397,15.5,1,1,2,1,0,0,7,0,1.3,1.3,1.5,2.8,16,56,73,0.06,0.06,0.13,0.06,0.13,0.08,0.10,0.18,0.08,0.18,Matches
d7918b13,Liam Henderson,sct SCO,MF,Empoli,26-310,1996,17,9,761,8.5,0,1,1,0,0,0,7,0,0.3,0.3,1.1,1.5,9,28,23,0.00,0.12,0.12,0.00,0.12,0.04,0.14,0.17,0.04,0.17,Matches
ffed43e3,Jack Hendry,sct SCO,DF,Cremonese,27-298,1995,4,2,220,2.4,0,0,0,0,0,0,1,0,0.0,0.0,0.0,0.0,1,9,0,0.00,0.00,0.00,0.00,0.00,0.00,0.01,0.01,0.00,0.01,Matches
a2d9f138,Matheus Henrique,br BRA,MF,Sassuolo,25-072,1997,16,9,945,10.5,2,0,2,2,0,0,2,0,0.8,0.8,1.0,1.8,15,55,26,0.19,0.00,0.19,0.19,0.19,0.08,0.09,0.17,0.08,0.17,Matches
9ef42479,Thomas Henry,fr FRA,FW,Hellas Verona,28-162,1994,16,13,1029,11.4,2,0,2,2,0,0,4,0,1.7,1.7,1.1,2.8,3,18,58,0.17,0.00,0.17,0.17,0.17,0.15,0.09,0.24,0.15,0.24,Matches
d4c9725f,Theo Hernández,fr FRA,DF,Milan,25-146,1997,21,21,1829,20.3,2,3,5,1,1,1,5,0,3.3,2.5,2.8,5.3,72,75,88,0.10,0.15,0.25,0.05,0.20,0.16,0.14,0.30,0.12,0.26,Matches
12806697,Isak Hien,se SWE,DF,Hellas Verona,24-047,1999,21,17,1646,18.3,0,0,0,0,0,0,8,0,0.0,0.0,0.1,0.1,12,43,2,0.00,0.00,0.00,0.00,0.00,0.00,0.01,0.01,0.00,0.01,Matches
d4456fb3,Morten Hjulmand,dk DEN,MF,Lecce,23-249,1999,22,22,1894,21.0,0,4,4,0,0,0,6,1,0.3,0.3,1.9,2.1,7,96,5,0.00,0.19,0.19,0.00,0.19,0.01,0.09,0.10,0.01,0.10,Matches
c2357b65,Emil Holm,se SWE,DF,Spezia,22-292,2000,20,17,1393,15.5,1,1,2,1,0,0,4,0,1.2,1.2,1.3,2.5,40,40,82,0.06,0.06,0.13,0.06,0.13,0.08,0.08,0.16,0.08,0.16,Matches
b85bf253,Martin Hongla,cm CMR,MF,Hellas Verona,24-350,1998,9,6,523,5.8,0,0,0,0,0,0,4,0,0.2,0.2,0.3,0.5,6,24,10,0.00,0.00,0.00,0.00,0.00,0.03,0.05,0.08,0.03,0.08,Matches
d8800a46,Petko Hristov,bg BUL,DF,Spezia,24-000,1999,9,4,365,4.1,0,0,0,0,0,0,0,0,0.1,0.1,0.0,0.1,2,8,3,0.00,0.00,0.00,0.00,0.00,0.02,0.00,0.02,0.02,0.02,Matches
1f2d714c,Ajdin Hrustic,au AUS,MF,Hellas Verona,26-239,1996,6,3,226,2.5,0,0,0,0,0,0,0,0,0.3,0.3,0.6,0.9,7,8,12,0.00,0.00,0.00,0.00,0.00,0.13,0.24,0.37,0.13,0.37,Matches
2f3452eb,Elseid Hysaj,al ALB,DF,Lazio,29-009,1994,20,9,899,10.0,0,1,1,0,0,0,2,0,0.0,0.0,0.5,0.6,23,43,27,0.00,0.10,0.10,0.00,0.10,0.00,0.05,0.06,0.00,0.06,Matches
491a433d,Rasmus Højlund,dk DEN,FW,Atalanta,20-025,2003,20,12,1134,12.6,6,1,7,6,0,0,1,0,5.4,5.4,1.1,6.5,20,26,141,0.48,0.08,0.56,0.48,0.56,0.43,0.09,0.52,0.43,0.52,Matches
82efe6fa,Roger Ibanez,br BRA,DF,Roma,24-098,1998,23,23,2070,23.0,3,0,3,3,0,0,7,0,1.8,1.8,0.5,2.2,20,56,8,0.13,0.00,0.13,0.13,0.13,0.08,0.02,0.10,0.08,0.10,Matches
4cde5509,Zlatan Ibrahimović,se SWE,FW,Milan,41-149,1981,1,0,17,0.2,0,0,0,0,0,0,0,0,0.0,0.0,0.0,0.0,0,1,1,0.00,0.00,0.00,0.00,0.00,0.00,0.00,0.00,0.00,0.00,Matches
a4e85758,Igor,br BRA,DF,Fiorentina,25-022,1998,18,14,1272,14.1,0,0,0,0,0,0,8,1,0.4,0.4,0.2,0.6,14,55,1,0.00,0.00,0.00,0.00,0.00,0.03,0.02,0.04,0.03,0.04,Matches
42eaa028,Jonathan Ikone,fr FRA,FW,Fiorentina,24-303,1998,22,15,1350,15.0,2,3,5,2,0,0,2,0,2.2,2.2,2.5,4.7,52,40,118,0.13,0.20,0.33,0.13,0.33,0.15,0.16,0.31,0.15,0.31,Matches
bb376bed,Ivan Ilić,rs SRB,MF,Hellas Verona,21-349,2001,11,10,851,9.5,0,1,1,0,0,0,1,0,0.4,0.4,1.0,1.4,18,39,20,0.00,0.11,0.11,0.00,0.11,0.04,0.10,0.14,0.04,0.14,Matches
bb376bed,Ivan Ilić,rs SRB,MF,Torino,21-349,2001,2,2,179,2.0,0,1,1,0,0,0,0,0,0.0,0.0,0.1,0.1,2,8,5,0.00,0.50,0.50,0.00,0.50,0.01,0.06,0.07,0.01,0.07,Matches
ba492306,Samuel Iling-Junior,eng ENG,"DF,FW",Juventus,19-148,2003,7,0,115,1.3,0,1,1,0,0,0,1,0,0.0,0.0,0.0,0.1,6,4,9,0.00,0.78,0.78,0.00,0.78,0.01,0.04,0.05,0.01,0.05,Matches
a47c6309,Emirhan İlkhan,tr TUR,MF,Torino,18-273,2004,4,1,87,1.0,0,0,0,0,0,0,1,0,0.0,0.0,0.1,0.1,2,8,3,0.00,0.00,0.00,0.00,0.00,0.05,0.10,0.14,0.05,0.14,Matches
a47c6309,Emirhan İlkhan,tr TUR,MF,Sampdoria,18-273,2004,1,0,19,0.2,0,0,0,0,0,0,0,0,0.0,0.0,0.0,0.0,1,0,2,0.00,0.00,0.00,0.00,0.00,0.00,0.00,0.00,0.00,0.00,Matches
4431aed2,Ciro Immobile,it ITA,FW,Lazio,33-009,1990,19,17,1362,15.1,9,3,12,7,2,3,3,0,9.6,7.3,1.1,8.4,30,29,116,0.59,0.20,0.79,0.46,0.66,0.63,0.07,0.71,0.48,0.55,Matches
6b635f5c,Ardian Ismajli,al ALB,DF,Empoli,26-152,1996,17,16,1475,16.4,0,0,0,0,0,0,3,0,0.5,0.5,0.1,0.6,7,22,0,0.00,0.00,0.00,0.00,0.00,0.03,0.00,0.04,0.03,0.04,Matches
89976232,Armando Izzo,it ITA,DF,Monza,30-364,1992,17,16,1376,15.3,0,0,0,0,0,0,4,0,0.7,0.7,0.6,1.4,17,63,14,0.00,0.00,0.00,0.00,0.00,0.05,0.04,0.09,0.05,0.09,Matches
8c65eb5f,Mato Jajalo,ba BIH,MF,Udinese,34-280,1988,3,0,63,0.7,0,0,0,0,0,0,0,0,0.0,0.0,0.0,0.1,0,4,1,0.00,0.00,0.00,0.00,0.00,0.07,0.07,0.14,0.07,0.14,Matches
4a537185,Jesé,es ESP,FW,Sampdoria,30-003,1993,2,0,31,0.3,0,0,0,0,0,0,0,0,0.0,0.0,0.0,0.0,0,0,0,0.00,0.00,0.00,0.00,0.00,0.00,0.00,0.00,0.00,0.00,Matches
79083382,Juan Jesus,br BRA,DF,Napoli,31-264,1991,7,7,599,6.7,1,0,1,1,0,0,2,0,0.2,0.2,0.0,0.2,3,28,1,0.15,0.00,0.15,0.15,0.15,0.03,0.01,0.03,0.03,0.03,Matches
dc765618,Þórir Jóhann Helgason,is ISL,MF,Lecce,22-154,2000,7,2,154,1.7,0,0,0,0,0,0,0,0,0.0,0.0,0.3,0.4,1,2,0,0.00,0.00,0.00,0.00,0.00,0.02,0.20,0.23,0.02,0.23,Matches
4d8cd038,Luka Jović,rs SRB,"FW,MF",Fiorentina,25-068,1997,22,13,1130,12.6,3,0,3,3,0,1,2,0,4.8,4.0,0.6,4.7,4,16,48,0.24,0.00,0.24,0.24,0.24,0.38,0.05,0.44,0.32,0.37,Matches
570bb4b9,Hamed Junior Traorè,ci CIV,"MF,FW",Sassuolo,23-013,2000,11,6,591,6.6,0,3,3,0,0,0,1,0,1.0,1.0,1.8,2.7,14,26,36,0.00,0.46,0.46,0.00,0.46,0.15,0.27,0.41,0.15,0.41,Matches
f95f49d2,Yayah Kallon,sl SLE,"MF,FW",Hellas Verona,21-244,2001,17,6,638,7.1,1,1,2,1,0,0,1,0,0.8,0.8,1.4,2.3,27,15,49,0.14,0.14,0.28,0.14,0.28,0.12,0.20,0.32,0.12,0.32,Matches
85f7d1be,Pierre Kalulu,fr FRA,DF,Milan,22-269,2000,24,19,1850,20.6,1,0,1,1,0,0,2,0,1.4,1.4,1.0,2.4,27,84,21,0.05,0.00,0.05,0.05,0.05,0.07,0.05,0.12,0.07,0.12,Matches
8b66d9cc,Yann Karamoh,fr FRA,"MF,FW",Torino,24-236,1998,11,3,354,3.9,2,0,2,2,0,0,1,0,2.0,2.0,0.2,2.2,12,7,47,0.51,0.00,0.51,0.51,0.51,0.51,0.06,0.57,0.51,0.57,Matches
9f84febe,Rick Karsdorp,nl NED,DF,Roma,28-018,1995,11,8,639,7.1,0,0,0,0,0,0,0,0,0.3,0.3,1.2,1.5,14,24,31,0.00,0.00,0.00,0.00,0.00,0.04,0.17,0.21,0.04,0.21,Matches
7ae36711,Denso Kasius,nl NED,DF,Bologna,20-146,2002,7,4,342,3.8,0,2,2,0,0,0,1,0,0.1,0.1,0.7,0.8,9,9,21,0.00,0.53,0.53,0.00,0.53,0.03,0.18,0.21,0.03,0.21,Matches
2a82aa85,Grigoris Kastanos,cy CYP,"MF,DF",Salernitana,25-030,1998,14,3,412,4.6,1,0,1,1,0,0,3,0,0.6,0.6,0.2,0.9,11,19,24,0.22,0.00,0.22,0.22,0.22,0.14,0.05,0.19,0.14,0.19,Matches
3d50bcdb,Moise Kean,it ITA,FW,Juventus,23-001,2000,22,9,811,9.0,5,0,5,5,0,0,4,0,5.7,5.7,1.1,6.8,23,11,58,0.55,0.00,0.55,0.55,0.55,0.63,0.13,0.75,0.63,0.75,Matches
dc3e663e,Jakub Kiwior,pl POL,DF,Spezia,23-014,2000,17,17,1443,16.0,0,0,0,0,0,0,3,0,0.6,0.6,0.2,0.8,13,37,6,0.00,0.00,0.00,0.00,0.00,0.04,0.01,0.05,0.04,0.05,Matches
8b8a56ce,Simon Kjær,dk DEN,DF,Milan,33-340,1989,11,8,668,7.4,0,0,0,0,0,0,4,0,0.0,0.0,0.0,0.0,0,31,0,0.00,0.00,0.00,0.00,0.00,0.00,0.00,0.00,0.00,0.00,Matches
a26fb8aa,Teun Koopmeiners,nl NED,MF,Atalanta,25-001,1998,23,22,2008,22.3,6,3,9,4,2,4,5,0,5.8,2.4,3.0,5.4,39,138,67,0.27,0.13,0.40,0.18,0.31,0.26,0.14,0.39,0.11,0.24,Matches
b1cd37e6,Filip Kostić,rs SRB,"DF,FW",Juventus,30-120,1992,24,22,1744,19.4,2,7,9,2,0,0,2,0,1.9,1.9,5.4,7.3,62,52,144,0.10,0.36,0.46,0.10,0.46,0.10,0.28,0.38,0.10,0.38,Matches
58e933d2,Christian Kouamé,ci CIV,FW,Fiorentina,25-085,1997,20,17,1437,16.0,2,2,4,2,0,0,3,0,3.8,3.8,2.3,6.1,44,43,171,0.13,0.13,0.25,0.13,0.25,0.24,0.14,0.38,0.24,0.38,Matches
9d60028d,Viktor Kovalenko,ua UKR,MF,Spezia,27-015,1996,11,5,391,4.3,0,0,0,0,0,0,1,0,0.4,0.4,0.3,0.7,1,17,19,0.00,0.00,0.00,0.00,0.00,0.08,0.07,0.16,0.08,0.16,Matches
b804c280,Julian Kristoffersen,no NOR,FW,Salernitana,25-295,1997,1,0,18,0.2,0,0,0,0,0,0,0,0,0.0,0.0,0.0,0.0,0,0,2,0.00,0.00,0.00,0.00,0.00,0.00,0.00,0.00,0.00,0.00,Matches
b4101c2e,Raimonds Krollis,lv LVA,FW,Spezia,21-124,2001,1,0,15,0.2,0,0,0,0,0,0,0,0,0.1,0.1,0.0,0.1,1,1,1,0.00,0.00,0.00,0.00,0.00,0.31,0.00,0.31,0.31,0.31,Matches
817c6964,Rade Krunić,ba BIH,"MF,FW",Milan,29-145,1993,13,10,893,9.9,0,1,1,0,0,0,5,0,0.5,0.5,0.9,1.5,14,40,13,0.00,0.10,0.10,0.00,0.10,0.06,0.09,0.15,0.06,0.15,Matches
a40819d9,Marash Kumbulla,al ALB,DF,Roma,23-021,2000,5,3,201,2.2,0,0,0,0,0,0,1,0,0.0,0.0,0.1,0.1,1,6,0,0.00,0.00,0.00,0.00,0.00,0.01,0.04,0.05,0.01,0.05,Matches
dea88efd,Khvicha Kvaratskhelia,ge GEO,FW,Napoli,22-017,2001,20,19,1461,16.2,10,9,19,9,1,1,0,0,5.8,5.0,6.1,11.1,76,42,164,0.62,0.55,1.17,0.55,1.11,0.36,0.37,0.73,0.31,0.68,Matches
0a483542,Giorgos Kyriakopoulos,gr GRE,"FW,DF",Bologna,27-024,1996,4,1,130,1.4,0,0,0,0,0,0,0,0,0.0,0.0,0.1,0.1,4,7,17,0.00,0.00,0.00,0.00,0.00,0.01,0.05,0.07,0.01,0.07,Matches
0a483542,Giorgos Kyriakopoulos,gr GRE,"FW,DF",Sassuolo,27-024,1996,12,9,766,8.5,1,1,2,1,0,0,3,0,1.1,1.1,1.4,2.5,17,32,46,0.12,0.12,0.23,0.12,0.23,0.13,0.17,0.29,0.13,0.29,Matches
c283ddef,Sam Lammers,nl NED,FW,Sampdoria,25-305,1997,9,9,700,7.8,0,1,1,0,0,0,1,0,1.0,1.0,1.0,2.0,12,10,42,0.00,0.13,0.13,0.00,0.13,0.13,0.13,0.26,0.13,0.26,Matches
c283ddef,Sam Lammers,nl NED,FW,Empoli,25-305,1997,14,10,883,9.8,1,1,2,1,0,0,0,0,2.3,2.3,0.7,2.9,9,19,67,0.10,0.10,0.20,0.10,0.20,0.23,0.07,0.30,0.23,0.30,Matches
09538fdb,Kevin Lasagna,it ITA,"FW,MF",Hellas Verona,30-203,1992,20,13,1223,13.6,1,2,3,1,0,0,1,0,5.3,5.3,1.5,6.8,28,16,88,0.07,0.15,0.22,0.07,0.22,0.39,0.11,0.50,0.39,0.50,Matches
2d22cea7,Armand Lauriente,fr FRA,FW,Sassuolo,24-087,1998,17,17,1400,15.6,4,3,7,3,1,1,7,1,2.6,1.8,4.7,6.5,86,54,158,0.26,0.19,0.45,0.19,0.39,0.17,0.30,0.47,0.12,0.42,Matches
016ff750,Valentino Lazaro,at AUT,DF,Torino,26-342,1996,15,13,1065,11.8,0,2,2,0,0,0,4,0,0.4,0.4,2.3,2.7,38,58,70,0.00,0.17,0.17,0.00,0.17,0.03,0.19,0.23,0.03,0.23,Matches
93088fbb,Marko Lazetić,rs SRB,FW,Milan,19-038,2004,1,0,9,0.1,0,0,0,0,0,0,1,0,0.1,0.1,0.0,0.1,0,0,3,0.00,0.00,0.00,0.00,0.00,0.63,0.00,0.63,0.63,0.63,Matches
5128bde4,Darko Lazović,rs SRB,"DF,MF",Hellas Verona,32-167,1990,20,19,1562,17.4,3,4,7,3,0,0,0,0,2.7,2.7,4.0,6.7,53,57,124,0.17,0.23,0.40,0.17,0.40,0.16,0.23,0.39,0.16,0.39,Matches
02caf6e0,Manuel Lazzari,it ITA,DF,Lazio,29-092,1993,19,16,1301,14.5,0,0,0,0,0,0,5,0,0.1,0.1,0.5,0.7,62,39,47,0.00,0.00,0.00,0.00,0.00,0.01,0.04,0.05,0.01,0.05,Matches
20730eae,Rafael Leão,pt POR,"FW,MF",Milan,23-264,1999,23,19,1689,18.8,8,6,14,8,0,0,7,1,7.0,7.0,5.2,12.3,86,81,155,0.43,0.32,0.75,0.43,0.75,0.37,0.28,0.65,0.37,0.65,Matches
7d3cbc67,Mehdi Léris,dz ALG,"MF,DF",Sampdoria,24-282,1998,21,18,1535,17.1,0,1,1,0,0,0,11,0,1.9,1.9,1.0,2.9,31,38,100,0.00,0.06,0.06,0.00,0.06,0.11,0.06,0.17,0.11,0.17,Matches
d023d70f,Karol Linetty,pl POL,MF,Torino,28-027,1995,23,16,1403,15.6,1,0,1,1,0,0,6,0,0.8,0.8,0.7,1.5,19,52,29,0.06,0.00,0.06,0.06,0.06,0.05,0.04,0.09,0.05,0.09,Matches
a3695ac2,Marcin Listkowski,pl POL,"MF,FW",Lecce,25-019,1998,5,0,77,0.9,0,0,0,0,0,0,0,0,0.1,0.1,0.0,0.1,6,1,4,0.00,0.00,0.00,0.00,0.00,0.06,0.00,0.06,0.06,0.06,Matches
bba30585,Diego Llorente,es ESP,DF,Roma,29-197,1993,1,0,1,0.0,0,0,0,0,0,0,0,0,0.0,0.0,0.0,0.0,0,0,0,0.00,0.00,0.00,0.00,0.00,0.00,0.00,0.00,0.00,0.00,Matches
e1cbb531,Stanislav Lobotka,sk SVK,MF,Napoli,28-096,1994,24,22,2010,22.3,1,1,2,1,0,0,1,0,0.3,0.3,0.7,1.0,28,106,24,0.04,0.04,0.09,0.04,0.09,0.01,0.03,0.04,0.01,0.04,Matches
a8a874f1,Manuel Locatelli,it ITA,MF,Juventus,25-052,1998,20,19,1580,17.6,0,0,0,0,0,0,5,0,1.0,1.0,0.9,1.9,19,84,19,0.00,0.00,0.00,0.00,0.00,0.06,0.05,0.11,0.06,0.11,Matches
c8ad0857,Luka Lochoshvili,ge GEO,DF,Cremonese,24-276,1998,15,14,1141,12.7,0,1,1,0,0,0,3,0,0.3,0.3,1.0,1.3,12,53,3,0.00,0.08,0.08,0.00,0.08,0.02,0.08,0.10,0.02,0.10,Matches
7c104bb7,Ademola Lookman,ng NGA,"FW,MF",Atalanta,25-132,1997,23,18,1457,16.2,12,4,16,9,3,3,2,0,7.8,5.4,5.6,11.0,59,63,152,0.74,0.25,0.99,0.56,0.80,0.48,0.34,0.83,0.34,0.68,Matches
20094685,Maxime Lopez,fr FRA,MF,Sassuolo,25-087,1997,17,13,1280,14.2,0,0,0,0,0,0,7,0,0.6,0.6,1.4,2.0,30,115,22,0.00,0.00,0.00,0.00,0.00,0.04,0.10,0.14,0.04,0.14,Matches
5fa57166,Matteo Lovato,it ITA,DF,Salernitana,23-015,2000,9,4,410,4.6,0,0,0,0,0,0,0,0,0.0,0.0,0.0,0.0,1,7,1,0.00,0.00,0.00,0.00,0.00,0.00,0.00,0.00,0.00,0.00,Matches
966eea58,Sandi Lovrić,si SVN,MF,Udinese,24-338,1998,23,15,1283,14.3,3,2,5,3,0,0,2,0,2.3,2.3,1.9,4.2,25,66,57,0.21,0.14,0.35,0.21,0.35,0.16,0.13,0.29,0.16,0.29,Matches
a69e4806,Hirving Lozano,mx MEX,FW,Napoli,27-214,1995,23,13,1145,12.7,3,3,6,2,1,1,3,0,4.7,3.9,2.9,6.8,65,42,138,0.24,0.24,0.47,0.16,0.39,0.37,0.23,0.60,0.31,0.54,Matches
80490d7f,Jhon Lucumí,co COL,DF,Bologna,24-248,1998,20,20,1730,19.2,0,1,1,0,0,0,6,0,0.5,0.5,0.2,0.6,16,45,3,0.00,0.05,0.05,0.00,0.05,0.02,0.01,0.03,0.02,0.03,Matches
921f6058,José Luis Palomino,ar ARG,DF,Atalanta,33-055,1990,8,5,415,4.6,1,0,1,1,0,0,0,0,0.2,0.2,0.3,0.5,3,18,2,0.22,0.00,0.22,0.22,0.22,0.04,0.06,0.10,0.04,0.10,Matches
5eae500a,Romelu Lukaku,be BEL,FW,Inter,29-292,1993,12,7,588,6.5,2,1,3,1,1,1,1,0,2.6,1.8,1.1,2.9,6,12,60,0.31,0.15,0.46,0.15,0.31,0.39,0.17,0.56,0.27,0.44,Matches
c6e8cf1f,Saša Lukić,rs SRB,MF,Torino,26-200,1996,16,13,1195,13.3,2,0,2,1,1,1,4,0,1.7,0.9,1.4,2.3,26,44,33,0.15,0.00,0.15,0.08,0.08,0.13,0.11,0.23,0.07,0.18,Matches
997fff07,Sebastiano Luperto,it ITA,DF,Empoli,26-176,1996,22,22,1894,21.0,1,0,1,1,0,0,3,2,0.5,0.5,0.6,1.1,7,49,3,0.05,0.00,0.05,0.05,0.05,0.02,0.03,0.05,0.02,0.05,Matches
5efc5389,Charalambos Lykogiannis,gr GRE,DF,Bologna,29-130,1993,17,11,984,10.9,1,0,1,1,0,0,3,0,0.6,0.6,1.3,1.9,29,52,38,0.09,0.00,0.09,0.09,0.09,0.05,0.12,0.17,0.05,0.17,Matches
957e4c87,Giulio Maggiore,it ITA,MF,Salernitana,24-354,1998,11,9,679,7.5,0,0,0,0,0,0,1,0,0.2,0.2,0.5,0.7,5,46,10,0.00,0.00,0.00,0.00,0.00,0.02,0.06,0.09,0.02,0.09,Matches
cce9f582,Giangiacomo Magnani,it ITA,DF,Hellas Verona,27-148,1995,12,7,625,6.9,0,0,0,0,0,0,4,1,0.3,0.3,0.1,0.4,0,13,0,0.00,0.00,0.00,0.00,0.00,0.04,0.01,0.06,0.04,0.06,Matches
fcb38f57,Mike Maignan,fr FRA,GK,Milan,27-241,1995,8,8,720,8.0,0,0,0,0,0,0,0,0,0.0,0.0,0.0,0.0,0,0,0,0.00,0.00,0.00,0.00,0.00,0.00,0.00,0.00,0.00,0.00,Matches
22bfb57e,Jean-Victor Makengo,fr FRA,MF,Udinese,24-262,1998,16,11,805,8.9,0,1,1,0,0,0,2,0,0.4,0.4,0.5,0.8,18,36,31,0.00,0.11,0.11,0.00,0.11,0.04,0.05,0.09,0.04,0.09,Matches
2bffcbf2,Lorenzo Malagrida,it ITA,MF,Sampdoria,19-128,2003,1,0,10,0.1,0,0,0,0,0,0,1,0,0.1,0.1,0.0,0.1,0,0,0,0.00,0.00,0.00,0.00,0.00,0.74,0.00,0.74,0.74,0.74,Matches
801831fe,Daniel Maldini,it ITA,"FW,MF",Spezia,21-141,2001,11,1,351,3.9,1,0,1,1,0,0,0,0,0.7,0.7,0.1,0.8,7,5,21,0.26,0.00,0.26,0.26,0.26,0.19,0.03,0.22,0.19,0.22,Matches
4c8845f7,Youssef Maleh,it ITA,MF,Fiorentina,24-191,1998,7,4,297,3.3,0,0,0,0,0,0,2,0,0.6,0.6,0.6,1.2,3,11,17,0.00,0.00,0.00,0.00,0.00,0.17,0.20,0.36,0.17,0.36,Matches
4c8845f7,Youssef Maleh,it ITA,MF,Lecce,24-191,1998,7,4,327,3.6,0,0,0,0,0,0,2,0,0.2,0.2,0.1,0.3,5,9,9,0.00,0.00,0.00,0.00,0.00,0.05,0.02,0.07,0.05,0.07,Matches
48d5bd33,Ruslan Malinovskyi,ua UKR,"MF,FW",Atalanta,29-301,1993,15,5,553,6.1,1,2,3,1,0,0,2,0,0.6,0.6,2.0,2.6,19,50,36,0.16,0.33,0.49,0.16,0.49,0.10,0.33,0.43,0.10,0.43,Matches
5aa53281,Gianluca Mancini,it ITA,DF,Roma,26-318,1996,24,24,2001,22.2,0,2,2,0,0,0,4,0,1.3,1.3,1.2,2.5,10,58,11,0.00,0.09,0.09,0.00,0.09,0.06,0.05,0.11,0.06,0.11,Matches
c7259b83,Rolando Mandragora,it ITA,MF,Fiorentina,25-245,1997,17,12,1096,12.2,1,2,3,1,0,0,5,0,1.0,1.0,2.1,3.1,14,88,35,0.08,0.16,0.25,0.08,0.25,0.08,0.17,0.25,0.08,0.25,Matches
f794b426,Federico Marchetti,it ITA,GK,Spezia,40-022,1983,1,0,66,0.7,0,0,0,0,0,0,0,0,0.0,0.0,0.0,0.0,0,0,0,0.00,0.00,0.00,0.00,0.00,0.00,0.00,0.00,0.00,0.00,Matches
91d0fabf,Riccardo Marchizza,it ITA,DF,Sassuolo,24-340,1998,5,2,173,1.9,0,1,1,0,0,0,0,0,0.0,0.0,0.4,0.4,2,7,8,0.00,0.52,0.52,0.00,0.52,0.00,0.19,0.19,0.00,0.19,Matches
8650af85,Gian Marco Ferrari,it ITA,DF,Sassuolo,31-014,1992,21,17,1534,17.0,1,0,1,1,0,0,5,0,1.1,1.1,0.0,1.1,8,55,1,0.06,0.00,0.06,0.06,0.06,0.07,0.00,0.07,0.07,0.07,Matches
aa54ec6f,Pablo Marí,es ESP,DF,Monza,29-182,1993,17,15,1402,15.6,1,0,1,1,0,0,3,0,0.4,0.4,0.0,0.4,2,33,1,0.06,0.00,0.06,0.06,0.06,0.03,0.00,0.03,0.03,0.03,Matches
7fac99d4,Răzvan Marin,ro ROU,MF,Empoli,26-282,1996,23,18,1683,18.7,2,2,4,2,0,0,5,0,0.9,0.9,1.7,2.6,22,71,15,0.11,0.11,0.21,0.11,0.21,0.05,0.09,0.14,0.05,0.14,Matches
cdf65d12,Marlon,br BRA,DF,Monza,27-175,1995,19,15,1215,13.5,0,0,0,0,0,0,5,0,0.1,0.1,0.3,0.4,14,48,10,0.00,0.00,0.00,0.00,0.00,0.01,0.02,0.03,0.01,0.03,Matches
ea468ea8,Luca Marrone,it ITA,DF,Monza,32-338,1990,2,2,135,1.5,0,0,0,0,0,0,0,0,0.1,0.1,0.0,0.1,0,4,0,0.00,0.00,0.00,0.00,0.00,0.07,0.00,0.07,0.07,0.07,Matches
f7036e1c,Lautaro Martínez,ar ARG,FW,Inter,25-191,1997,24,21,1880,20.9,13,3,16,12,1,1,2,0,11.2,10.4,3.4,13.8,37,62,121,0.62,0.14,0.77,0.57,0.72,0.53,0.16,0.70,0.50,0.66,Matches
3ec3c1c9,Lucas Martínez Quarta,ar ARG,DF,Fiorentina,26-295,1996,17,15,1361,15.1,1,1,2,1,0,0,3,0,2.1,2.1,0.4,2.5,16,77,5,0.07,0.07,0.13,0.07,0.13,0.14,0.02,0.16,0.14,0.16,Matches
d4535821,Adam Marušić,me MNE,DF,Lazio,30-135,1992,24,23,2098,23.3,0,2,2,0,0,0,4,0,0.7,0.7,1.2,1.8,34,88,37,0.00,0.09,0.09,0.00,0.09,0.03,0.05,0.08,0.03,0.08,Matches
de0f152c,Adam Masina,ma MAR,DF,Udinese,29-058,1994,6,5,467,5.2,1,0,1,1,0,0,1,0,0.0,0.0,0.1,0.1,3,13,2,0.19,0.00,0.19,0.19,0.19,0.01,0.02,0.03,0.01,0.03,Matches
eb7822d7,Nemanja Matić,rs SRB,MF,Roma,34-212,1988,23,11,1251,13.9,1,1,2,1,0,0,2,0,0.7,0.7,1.2,1.9,31,80,13,0.07,0.07,0.14,0.07,0.14,0.05,0.08,0.14,0.05,0.14,Matches
3318286e,Luís Maximiano,pt POR,GK,Lazio,24-055,1999,1,1,5,0.1,0,0,0,0,0,0,0,1,0.0,0.0,0.0,0.0,0,0,0,0.00,0.00,0.00,0.00,0.00,0.00,0.00,0.00,0.00,0.00,Matches
eb0ec070,Pasquale Mazzocchi,it ITA,DF,Salernitana,27-217,1995,16,15,1226,13.6,2,2,4,2,0,0,2,0,0.9,0.9,2.2,3.1,45,38,72,0.15,0.15,0.29,0.15,0.29,0.07,0.16,0.23,0.07,0.23,Matches
01c3aff5,Weston McKennie,us USA,"MF,DF",Juventus,24-185,1998,15,13,1052,11.7,1,1,2,1,0,0,0,0,0.9,0.9,0.7,1.6,19,39,54,0.09,0.09,0.17,0.09,0.17,0.08,0.06,0.14,0.08,0.14,Matches
563a68ad,Gary Medel,cl CHI,"MF,DF",Bologna,35-210,1987,20,16,1295,14.4,0,1,1,0,0,0,5,0,0.1,0.1,0.3,0.3,1,49,5,0.00,0.07,0.07,0.00,0.07,0.00,0.02,0.02,0.00,0.02,Matches
5cec2c74,Soualiho Meïté,fr FRA,MF,Cremonese,28-349,1994,18,16,1284,14.3,0,1,1,0,0,0,5,0,0.3,0.3,0.3,0.6,13,53,16,0.00,0.07,0.07,0.00,0.07,0.02,0.02,0.04,0.02,0.04,Matches
9413b19f,Alex Meret,it ITA,GK,Napoli,25-344,1997,24,24,2160,24.0,0,0,0,0,0,0,0,0,0.0,0.0,0.0,0.0,0,0,0,0.00,0.00,0.00,0.00,0.00,0.00,0.00,0.00,0.00,0.00,Matches
c730da00,Yıldırım Mert Çetin,tr TUR,DF,Lecce,26-059,1997,1,1,20,0.2,0,0,0,0,0,0,0,0,0.0,0.0,0.0,0.0,0,0,0,0.00,0.00,0.00,0.00,0.00,0.00,0.00,0.00,0.00,0.00,Matches
f49c4ae9,Junior Messias,br BRA,"FW,DF",Milan,31-292,1991,17,13,1030,11.4,4,2,6,4,0,0,1,0,1.8,1.8,0.5,2.4,28,36,88,0.35,0.17,0.52,0.35,0.52,0.16,0.05,0.21,0.16,0.21,Matches
b2561711,Tommaso Milanese,it ITA,MF,Cremonese,20-213,2002,2,0,27,0.3,0,0,0,0,0,0,0,0,0.0,0.0,0.2,0.2,2,2,1,0.00,0.00,0.00,0.00,0.00,0.00,0.63,0.63,0.00,0.63,Matches
bee704fc,Nikola Milenković,rs SRB,DF,Fiorentina,25-140,1997,18,16,1417,15.7,2,1,3,2,0,0,2,0,1.7,1.7,0.5,2.2,7,55,2,0.13,0.06,0.19,0.13,0.19,0.11,0.03,0.14,0.11,0.14,Matches
85613cf0,Arkadiusz Milik,pl POL,FW,Juventus,29-001,1994,17,10,986,11.0,6,1,7,6,0,0,3,1,4.2,4.2,1.1,5.3,8,20,53,0.55,0.09,0.64,0.55,0.64,0.39,0.10,0.49,0.39,0.49,Matches
4e6dbac4,Sergej Milinković-Savić,rs SRB,MF,Lazio,28-002,1995,22,21,1830,20.3,4,8,12,4,0,0,7,0,2.8,2.8,6.1,8.9,31,111,77,0.20,0.39,0.59,0.20,0.59,0.14,0.30,0.44,0.14,0.44,Matches
9fa26bc2,Vanja Milinković-Savić,rs SRB,GK,Torino,26-009,1997,24,24,2160,24.0,0,0,0,0,0,0,2,0,0.0,0.0,0.0,0.0,0,0,0,0.00,0.00,0.00,0.00,0.00,0.00,0.00,0.00,0.00,0.00,Matches
e0f8151c,Kim Min-jae,kr KOR,DF,Napoli,26-106,1996,23,23,2025,22.5,2,1,3,2,0,0,4,0,0.9,0.9,1.6,2.4,23,102,6,0.09,0.04,0.13,0.09,0.13,0.04,0.07,0.11,0.04,0.11,Matches
a9aa0d1d,Aleksei Miranchuk,ru RUS,MF,Torino,27-135,1995,18,16,1342,14.9,4,3,7,4,0,0,0,0,2.1,2.1,3.1,5.2,34,72,73,0.27,0.20,0.47,0.27,0.47,0.14,0.21,0.35,0.14,0.35,Matches
34693494,Fabio Miretti,it ITA,"MF,FW",Juventus,19-210,2003,18,9,829,9.2,0,1,1,0,0,0,1,0,1.4,1.4,1.0,2.4,21,35,67,0.00,0.11,0.11,0.00,0.11,0.15,0.10,0.26,0.15,0.26,Matches
dd0daf32,Henrikh Mkhitaryan,am ARM,MF,Inter,34-039,1989,21,16,1383,15.4,2,1,3,2,0,0,3,0,1.5,1.5,1.9,3.4,33,90,48,0.13,0.07,0.20,0.13,0.20,0.09,0.12,0.22,0.09,0.22,Matches
54ab971f,Salvatore Molina,it ITA,DF,Monza,31-059,1992,5,1,229,2.5,0,0,0,0,0,0,1,0,0.0,0.0,0.1,0.1,9,7,22,0.00,0.00,0.00,0.00,0.00,0.02,0.04,0.05,0.02,0.05,Matches
ca73910d,Daniele Montevago,it ITA,FW,Sampdoria,19-348,2003,6,3,231,2.6,0,0,0,0,0,0,1,0,0.5,0.5,0.2,0.7,1,0,10,0.00,0.00,0.00,0.00,0.00,0.19,0.09,0.28,0.19,0.28,Matches
c1d95617,Lorenzo Montipò,it ITA,GK,Hellas Verona,27-009,1996,24,24,2160,24.0,0,0,0,0,0,0,0,0,0.0,0.0,0.0,0.0,0,0,0,0.00,0.00,0.00,0.00,0.00,0.00,0.00,0.00,0.00,0.00,Matches
ff579c7e,Nikola Moro,hr CRO,MF,Bologna,24-354,1998,12,4,451,5.0,0,2,2,0,0,0,0,0,0.2,0.2,0.7,1.0,5,37,15,0.00,0.40,0.40,0.00,0.40,0.05,0.15,0.19,0.05,0.19,Matches
efc9e31f,Dany Mota,pt POR,"FW,MF",Monza,24-303,1998,18,12,1146,12.7,3,0,3,3,0,0,1,0,3.7,3.7,1.4,5.1,41,19,99,0.24,0.00,0.24,0.24,0.24,0.29,0.11,0.40,0.29,0.40,Matches
a0aee24e,João Moutinho,pt POR,"DF,FW",Spezia,25-048,1998,4,0,58,0.6,0,0,0,0,0,0,0,0,0.0,0.0,0.0,0.0,0,1,2,0.00,0.00,0.00,0.00,0.00,0.00,0.05,0.05,0.00,0.05,Matches
1295552e,Mert Müldür,tr TUR,DF,Sassuolo,23-332,1999,1,1,6,0.1,0,0,0,0,0,0,0,0,0.0,0.0,0.0,0.0,0,0,0,0.00,0.00,0.00,0.00,0.00,0.00,0.00,0.00,0.00,0.00,Matches
eb2fe5b6,Luis Muriel,co COL,FW,Atalanta,31-319,1991,15,6,624,6.9,1,2,3,0,1,1,2,2,1.4,0.6,2.3,2.9,36,39,75,0.14,0.29,0.43,0.00,0.29,0.20,0.32,0.53,0.09,0.41,Matches
b233e8e4,Jeison Murillo,co COL,DF,Sampdoria,30-278,1992,13,10,820,9.1,0,0,0,0,0,0,3,0,0.0,0.0,0.0,0.0,8,31,3,0.00,0.00,0.00,0.00,0.00,0.00,0.00,0.00,0.00,0.00,Matches
d183e9d6,Nicola Murru,it ITA,DF,Sampdoria,28-075,1994,11,3,445,4.9,0,0,0,0,0,0,2,0,0.0,0.0,0.1,0.1,2,16,8,0.00,0.00,0.00,0.00,0.00,0.01,0.02,0.02,0.01,0.02,Matches
a111cf41,Juan Musso,ar ARG,GK,Atalanta,28-299,1994,18,18,1537,17.1,0,0,0,0,0,0,1,0,0.0,0.0,0.1,0.1,0,0,0,0.00,0.00,0.00,0.00,0.00,0.00,0.00,0.00,0.00,0.00,Matches
c459a650,Joakim Mæhle,dk DEN,"DF,MF",Atalanta,25-285,1997,21,14,1230,13.7,2,1,3,2,0,0,3,1,2.7,2.7,1.6,4.3,49,85,119,0.15,0.07,0.22,0.15,0.22,0.20,0.12,0.31,0.20,0.31,Matches
599d91d0,Michel Ndary Adopo,fr FRA,"MF,DF",Torino,22-225,2000,7,3,245,2.7,0,0,0,0,0,0,1,0,0.1,0.1,0.0,0.1,2,8,3,0.00,0.00,0.00,0.00,0.00,0.03,0.02,0.04,0.03,0.04,Matches
5cdddffa,Tanguy Ndombele,fr FRA,MF,Napoli,26-063,1996,22,6,567,6.3,0,0,0,0,0,0,3,0,0.5,0.5,0.4,1.0,14,43,25,0.00,0.00,0.00,0.00,0.00,0.08,0.07,0.15,0.08,0.15,Matches
b1236c63,Ilija Nestorovski,mk MKD,"FW,MF",Udinese,32-354,1990,11,0,116,1.3,1,1,2,1,0,0,2,0,0.3,0.3,0.3,0.6,0,5,4,0.78,0.78,1.55,0.78,1.55,0.20,0.27,0.48,0.20,0.48,Matches
2b8360f1,Cyril Ngonge,be BEL,"MF,FW",Hellas Verona,22-279,2000,5,4,308,3.4,2,0,2,2,0,0,1,0,1.0,1.0,0.3,1.3,8,10,16,0.58,0.00,0.58,0.58,0.58,0.30,0.09,0.39,0.30,0.39,Matches
b136c945,Hans Nicolussi Caviglia,it ITA,MF,Salernitana,22-256,2000,7,5,456,5.1,1,0,1,1,0,0,1,0,0.1,0.1,0.0,0.1,2,17,1,0.20,0.00,0.20,0.20,0.20,0.02,0.01,0.03,0.02,0.03,Matches
cf961d8d,Dimitris Nikolaou,gr GRE,DF,Spezia,24-200,1998,22,21,1869,20.8,0,0,0,0,0,0,7,1,0.3,0.3,0.5,0.7,15,70,6,0.00,0.00,0.00,0.00,0.00,0.01,0.02,0.03,0.01,0.03,Matches
e33f36d5,Bram Nuytinck,nl NED,DF,Udinese,32-301,1990,6,3,385,4.3,0,0,0,0,0,0,1,0,0.0,0.0,0.0,0.0,1,4,0,0.00,0.00,0.00,0.00,0.00,0.01,0.00,0.01,0.01,0.01,Matches
e33f36d5,Bram Nuytinck,nl NED,DF,Sampdoria,32-301,1990,9,9,755,8.4,0,0,0,0,0,0,2,0,0.2,0.2,0.0,0.2,2,12,0,0.00,0.00,0.00,0.00,0.00,0.03,0.00,0.03,0.03,0.03,Matches
a4948e67,M'Bala Nzola,ao ANG,FW,Spezia,26-195,1996,20,19,1717,19.1,11,1,12,9,2,2,4,0,8.0,6.4,1.4,7.9,30,35,134,0.58,0.05,0.63,0.47,0.52,0.42,0.08,0.50,0.34,0.41,Matches
ba1e04b3,Pedro Obiang,gq EQG,MF,Sassuolo,30-339,1992,13,9,670,7.4,0,1,1,0,0,0,2,0,0.3,0.3,0.2,0.4,0,27,2,0.00,0.13,0.13,0.00,0.13,0.04,0.02,0.06,0.04,0.06,Matches
1e9bde92,Guillermo Ochoa,mx MEX,GK,Salernitana,37-231,1985,7,7,630,7.0,0,0,0,0,0,0,0,0,0.0,0.0,0.0,0.0,0,0,0,0.00,0.00,0.00,0.00,0.00,0.00,0.00,0.00,0.00,0.00,Matches
d125f22f,David Okereke,ng NGA,"FW,MF",Cremonese,25-184,1997,22,19,1613,17.9,5,0,5,4,1,1,4,0,3.3,2.5,1.0,3.5,37,58,109,0.28,0.00,0.28,0.22,0.22,0.19,0.06,0.24,0.14,0.20,Matches
8ec109e6,Caleb Okoli,it ITA,DF,Atalanta,21-231,2001,13,9,845,9.4,0,0,0,0,0,0,3,0,0.3,0.3,0.0,0.3,2,13,3,0.00,0.00,0.00,0.00,0.00,0.03,0.00,0.03,0.03,0.03,Matches
41c12f75,Mathías Olivera,uy URU,DF,Napoli,25-121,1997,18,6,662,7.4,1,1,2,1,0,0,1,0,0.4,0.4,1.2,1.6,31,36,32,0.14,0.14,0.27,0.14,0.27,0.05,0.16,0.21,0.05,0.21,Matches
e9c0c1b2,André Onana,cm CMR,GK,Inter,26-333,1996,15,15,1350,15.0,0,0,0,0,0,0,1,0,0.0,0.0,0.0,0.0,0,2,0,0.00,0.00,0.00,0.00,0.00,0.00,0.00,0.00,0.00,0.00,Matches
43a166b4,Divock Origi,be BEL,FW,Milan,27-317,1995,16,6,629,7.0,2,1,3,2,0,0,1,0,1.4,1.4,0.9,2.3,12,9,51,0.29,0.14,0.43,0.29,0.43,0.20,0.13,0.33,0.20,0.33,Matches
e14ec482,Riccardo Orsolini,it ITA,FW,Bologna,26-036,1997,21,15,1417,15.7,7,3,10,6,1,1,3,1,6.3,5.5,2.0,7.5,36,46,135,0.44,0.19,0.64,0.38,0.57,0.40,0.13,0.53,0.35,0.48,Matches
8c90fd7a,Victor Osimhen,ng NGA,FW,Napoli,24-062,1998,20,19,1658,18.4,19,3,22,19,0,0,2,0,14.5,14.4,1.7,16.2,29,16,116,1.03,0.16,1.19,1.03,1.19,0.79,0.09,0.88,0.78,0.88,Matches
ea02beaf,Remi Oudin,fr FRA,"FW,MF",Lecce,26-103,1996,17,2,379,4.2,0,0,0,0,0,0,1,0,0.3,0.3,0.4,0.7,9,19,23,0.00,0.00,0.00,0.00,0.00,0.08,0.09,0.17,0.08,0.17,Matches
ed90babd,Adam Ounas,dz ALG,FW,Napoli,26-110,1996,2,0,15,0.2,0,0,0,0,0,0,0,0,0.0,0.0,0.0,0.0,3,4,1,0.00,0.00,0.00,0.00,0.00,0.23,0.00,0.23,0.23,0.23,Matches
8daee720,Simone Pafundi,it ITA,MF,Udinese,17-015,2006,2,0,11,0.1,0,0,0,0,0,0,0,0,0.0,0.0,0.0,0.0,0,1,1,0.00,0.00,0.00,0.00,0.00,0.23,0.00,0.23,0.23,0.23,Matches
3d6cee81,Flavio Paoletti,it ITA,MF,Sampdoria,20-044,2003,5,0,88,1.0,0,0,0,0,0,0,0,0,0.0,0.0,0.0,0.0,4,4,3,0.00,0.00,0.00,0.00,0.00,0.00,0.04,0.04,0.00,0.04,Matches
dff153a4,Leandro Paredes,ar ARG,MF,Juventus,28-245,1994,15,5,576,6.4,0,0,0,0,0,0,2,0,0.3,0.3,0.7,1.0,6,39,7,0.00,0.00,0.00,0.00,0.00,0.05,0.11,0.16,0.05,0.16,Matches
0967845b,Fabiano Parisi,it ITA,DF,Empoli,22-112,2000,21,21,1780,19.8,2,0,2,2,0,0,5,1,1.5,1.5,1.2,2.7,59,90,40,0.10,0.00,0.10,0.10,0.10,0.08,0.06,0.14,0.08,0.14,Matches
e599253a,Mario Pašalić,hr CRO,"MF,FW",Atalanta,28-020,1995,19,12,1023,11.4,2,2,4,2,0,0,2,0,2.6,2.6,1.6,4.2,10,51,48,0.18,0.18,0.35,0.18,0.35,0.23,0.14,0.37,0.23,0.37,Matches
f7223718,Patric,es ESP,DF,Lazio,29-318,1993,13,11,985,10.9,0,0,0,0,0,0,0,0,0.0,0.0,0.0,0.1,0,22,1,0.00,0.00,0.00,0.00,0.00,0.00,0.00,0.01,0.00,0.01,Matches
79b0d6a0,Rui Patrício,pt POR,GK,Roma,35-014,1988,24,24,2160,24.0,0,0,0,0,0,0,1,0,0.0,0.0,0.0,0.0,0,0,0,0.00,0.00,0.00,0.00,0.00,0.00,0.00,0.00,0.00,0.00,Matches
3ca7254a,Pedro,es ESP,FW,Lazio,35-216,1987,22,11,1252,13.9,3,2,5,3,0,0,1,0,2.3,2.3,1.5,3.8,48,40,103,0.22,0.14,0.36,0.22,0.36,0.17,0.11,0.27,0.17,0.27,Matches
f058ed1f,Gianluca Pegolo,it ITA,GK,Sassuolo,41-341,1981,2,2,180,2.0,0,0,0,0,0,0,0,0,0.0,0.0,0.0,0.0,0,0,0,0.00,0.00,0.00,0.00,0.00,0.00,0.00,0.00,0.00,0.00,Matches
a44d3a3c,Pietro Pellegri,it ITA,FW,Torino,21-349,2001,11,4,369,4.1,1,0,1,1,0,0,2,0,0.4,0.4,0.5,0.9,2,5,25,0.24,0.00,0.24,0.24,0.24,0.10,0.11,0.21,0.10,0.21,Matches
4a5a45c7,Lorenzo Pellegrini,it ITA,MF,Roma,26-255,1996,20,20,1672,18.6,2,5,7,0,2,3,2,0,5.1,2.7,4.9,7.6,41,72,79,0.11,0.27,0.38,0.00,0.27,0.27,0.26,0.53,0.15,0.41,Matches
7afb1573,Pepín,gq EQG,MF,Monza,26-199,1996,13,8,725,8.1,0,1,1,0,0,0,4,0,0.4,0.4,1.1,1.5,14,52,24,0.00,0.12,0.12,0.00,0.12,0.05,0.14,0.19,0.05,0.19,Matches
75f2c59f,Roberto Pereyra,ar ARG,"DF,MF",Udinese,32-053,1991,21,21,1735,19.3,3,6,9,3,0,0,4,0,3.1,3.1,3.4,6.5,48,103,139,0.16,0.31,0.47,0.16,0.47,0.16,0.18,0.34,0.16,0.34,Matches
f7c491f1,Nehuén Pérez,ar ARG,DF,Udinese,22-250,2000,21,21,1748,19.4,1,0,1,1,0,0,4,1,0.9,0.9,0.3,1.2,21,81,24,0.05,0.00,0.05,0.05,0.05,0.04,0.02,0.06,0.04,0.06,Matches
4c62d0c8,Mattia Perin,it ITA,GK,Juventus,30-111,1992,8,7,678,7.5,0,0,0,0,0,0,0,0,0.0,0.0,0.0,0.0,0,1,0,0.00,0.00,0.00,0.00,0.00,0.00,0.00,0.00,0.00,0.00,Matches
780e3631,Matteo Pessina,it ITA,MF,Monza,25-314,1997,22,21,1793,19.9,3,2,5,1,2,2,3,0,3.3,1.7,1.4,3.1,56,129,63,0.15,0.10,0.25,0.05,0.15,0.17,0.07,0.24,0.09,0.16,Matches
03f946ed,Andrea Petagna,it ITA,FW,Monza,27-244,1995,19,12,1011,11.2,2,4,6,1,1,1,1,0,3.3,2.5,2.9,5.5,14,19,78,0.18,0.36,0.53,0.09,0.45,0.30,0.26,0.55,0.23,0.48,Matches
149c5f5d,Giuseppe Pezzella,it ITA,DF,Lecce,25-092,1997,10,7,647,7.2,0,1,1,0,0,0,1,0,0.1,0.1,0.4,0.5,15,49,28,0.00,0.14,0.14,0.00,0.14,0.01,0.05,0.06,0.01,0.06,Matches
17f3620a,Krzysztof Piątek,pl POL,FW,Salernitana,27-243,1995,20,15,1348,15.0,3,2,5,2,1,1,3,0,6.2,5.5,1.2,6.7,21,24,77,0.20,0.13,0.33,0.13,0.27,0.41,0.08,0.49,0.37,0.45,Matches
1cadaf34,Roberto Piccoli,it ITA,FW,Hellas Verona,22-033,2001,7,2,192,2.1,0,0,0,0,0,0,0,0,0.4,0.4,0.2,0.6,2,0,8,0.00,0.00,0.00,0.00,0.00,0.19,0.08,0.27,0.19,0.27,Matches
1cadaf34,Roberto Piccoli,it ITA,"FW,MF",Empoli,22-033,2001,4,1,123,1.4,0,0,0,0,0,0,0,0,0.4,0.4,0.0,0.4,2,2,10,0.00,0.00,0.00,0.00,0.00,0.27,0.00,0.27,0.27,0.27,Matches
f71ad8cb,Charles Pickel,ch SUI,MF,Cremonese,25-290,1997,22,20,1622,18.0,1,0,1,1,0,0,6,0,1.3,1.3,0.9,2.2,10,80,41,0.06,0.00,0.06,0.06,0.06,0.07,0.05,0.12,0.07,0.12,Matches
08aa9cd1,Andrea Pinamonti,it ITA,FW,Sassuolo,23-286,1999,20,16,1393,15.5,3,0,3,2,1,1,2,0,4.3,3.5,1.1,4.6,10,19,106,0.19,0.00,0.19,0.13,0.13,0.28,0.07,0.35,0.23,0.30,Matches
caec77da,Lorenzo Pirola,it ITA,DF,Salernitana,21-009,2002,12,9,833,9.3,0,0,0,0,0,0,3,0,0.3,0.3,0.0,0.3,7,20,1,0.00,0.00,0.00,0.00,0.00,0.03,0.00,0.04,0.03,0.04,Matches
2c38b327,Marko Pjaca,hr CRO,"MF,FW",Empoli,27-299,1995,11,5,422,4.7,0,0,0,0,0,0,0,0,0.6,0.6,0.3,0.9,16,14,22,0.00,0.00,0.00,0.00,0.00,0.13,0.06,0.19,0.13,0.19,Matches
55a1cac2,Tommaso Pobega,it ITA,MF,Milan,23-229,1999,13,6,574,6.4,1,0,1,1,0,0,2,0,0.8,0.8,0.2,1.0,7,18,17,0.16,0.00,0.16,0.16,0.16,0.12,0.03,0.15,0.12,0.15,Matches
867239d3,Paul Pogba,fr FRA,MF,Juventus,29-351,1993,1,0,22,0.2,0,0,0,0,0,0,0,0,0.1,0.1,0.0,0.1,0,0,2,0.00,0.00,0.00,0.00,0.00,0.25,0.00,0.25,0.25,0.25,Matches
5e861944,Matteo Politano,it ITA,FW,Napoli,29-210,1993,20,11,884,9.8,3,3,6,1,2,3,1,0,3.7,1.4,3.2,4.6,62,50,106,0.31,0.31,0.61,0.10,0.41,0.38,0.32,0.70,0.14,0.46,Matches
2a6cd437,Marin Pongračić,hr CRO,DF,Lecce,25-171,1997,9,9,790,8.8,0,0,0,0,0,0,2,0,0.0,0.0,0.1,0.1,3,19,1,0.00,0.00,0.00,0.00,0.00,0.00,0.01,0.01,0.00,0.01,Matches
7f609bfc,Stefan Posch,at AUT,DF,Bologna,25-291,1997,17,17,1448,16.1,4,1,5,4,0,0,1,0,1.5,1.5,1.2,2.7,24,86,35,0.25,0.06,0.31,0.25,0.31,0.09,0.08,0.17,0.09,0.17,Matches
277da414,Ivan Provedel,it ITA,GK,Lazio,28-349,1994,24,23,2153,23.9,0,0,0,0,0,0,0,0,0.0,0.0,0.0,0.0,0,0,0,0.00,0.00,0.00,0.00,0.00,0.00,0.00,0.00,0.00,0.00,Matches
62437b4f,Ignacio Pussetto,ar ARG,"MF,DF",Sampdoria,27-070,1995,5,1,152,1.7,0,0,0,0,0,0,1,0,0.2,0.2,0.2,0.3,2,1,17,0.00,0.00,0.00,0.00,0.00,0.09,0.11,0.20,0.09,0.20,Matches
88f53b75,Niklas Pyyhtiä,fi FIN,MF,Bologna,19-157,2003,3,0,37,0.4,0,0,0,0,0,0,0,0,0.1,0.1,0.0,0.1,1,0,3,0.00,0.00,0.00,0.00,0.00,0.22,0.00,0.22,0.22,0.22,Matches
ee4f2f3b,Fabio Quagliarella,it ITA,FW,Sampdoria,40-029,1983,16,2,366,4.1,0,0,0,0,0,0,2,0,1.6,1.6,0.2,1.8,3,12,38,0.00,0.00,0.00,0.00,0.00,0.38,0.05,0.43,0.38,0.43,Matches
1b9c7401,Giacomo Quagliata,it ITA,DF,Cremonese,23-010,2000,13,4,493,5.5,0,0,0,0,0,0,0,0,0.5,0.5,0.4,0.9,13,23,37,0.00,0.00,0.00,0.00,0.00,0.09,0.07,0.16,0.09,0.16,Matches
8794e251,Adrien Rabiot,fr FRA,MF,Juventus,27-332,1995,20,19,1668,18.5,5,2,7,5,0,0,4,0,3.3,3.3,1.5,4.8,33,81,47,0.27,0.11,0.38,0.27,0.38,0.18,0.08,0.26,0.18,0.26,Matches
0630eb63,Nemanja Radonjić,rs SRB,"MF,FW",Torino,27-014,1996,21,10,956,10.6,2,1,3,2,0,0,1,0,3.0,3.0,1.4,4.5,55,27,112,0.19,0.09,0.28,0.19,0.28,0.28,0.14,0.42,0.28,0.42,Matches
023937a9,Ivan Radovanović,rs SRB,"MF,DF",Salernitana,34-184,1988,10,7,671,7.5,0,0,0,0,0,0,1,1,0.2,0.2,0.0,0.2,2,16,2,0.00,0.00,0.00,0.00,0.00,0.03,0.00,0.03,0.03,0.03,Matches
67f649be,Ionuț Radu,ro ROU,GK,Cremonese,25-277,1997,9,9,810,9.0,0,0,0,0,0,0,0,0,0.0,0.0,0.4,0.4,0,0,0,0.00,0.00,0.00,0.00,0.00,0.00,0.04,0.04,0.00,0.04,Matches
ce1a6c7e,Antonio Raimondo,it ITA,FW,Bologna,18-348,2004,2,0,15,0.2,0,0,0,0,0,0,0,0,0.0,0.0,0.0,0.0,1,0,1,0.00,0.00,0.00,0.00,0.00,0.00,0.00,0.00,0.00,0.00,Matches
8c63fae5,Luca Ranieri,it ITA,DF,Fiorentina,23-312,1999,3,3,265,2.9,0,0,0,0,0,0,0,0,0.0,0.0,0.0,0.0,2,5,0,0.00,0.00,0.00,0.00,0.00,0.00,0.01,0.01,0.00,0.01,Matches
539230cf,Andrea Ranocchia,it ITA,DF,Monza,35-013,1988,1,1,47,0.5,0,0,0,0,0,0,0,0,0.0,0.0,0.0,0.0,0,0,0,0.00,0.00,0.00,0.00,0.00,0.00,0.00,0.00,0.00,0.00,Matches
d9ebed1c,Filippo Ranocchia,it ITA,MF,Monza,21-291,2001,13,5,504,5.6,1,0,1,1,0,0,1,0,1.0,1.0,0.4,1.4,11,24,12,0.18,0.00,0.18,0.18,0.18,0.19,0.07,0.25,0.19,0.25,Matches
6e058f06,Giacomo Raspadori,it ITA,"FW,MF",Napoli,23-011,2000,15,7,580,6.4,1,0,1,1,0,0,1,0,2.4,2.4,0.6,3.0,8,17,52,0.16,0.00,0.16,0.16,0.16,0.38,0.09,0.47,0.38,0.47,Matches
6e058f06,Giacomo Raspadori,it ITA,FW,Sassuolo,23-011,2000,1,0,45,0.5,0,0,0,0,0,0,0,0,0.0,0.0,0.0,0.0,0,2,4,0.00,0.00,0.00,0.00,0.00,0.00,0.00,0.00,0.00,0.00,Matches
536cebe5,Ante Rebić,hr CRO,"FW,MF",Milan,29-161,1993,15,5,529,5.9,3,2,5,3,0,0,4,0,2.3,2.3,1.5,3.8,10,16,45,0.51,0.34,0.85,0.51,0.85,0.39,0.25,0.64,0.39,0.64,Matches
6213fd82,Arkadiusz Reca,pl POL,DF,Spezia,27-257,1995,20,18,1520,16.9,1,1,2,1,0,0,4,0,0.6,0.6,1.0,1.7,55,54,63,0.06,0.06,0.12,0.06,0.12,0.04,0.06,0.10,0.04,0.10,Matches
4bd00a50,Panagiotis Retsos,gr GRE,DF,Hellas Verona,24-204,1998,2,1,122,1.4,0,0,0,0,0,0,0,0,0.1,0.1,0.0,0.1,2,2,0,0.00,0.00,0.00,0.00,0.00,0.05,0.02,0.06,0.05,0.06,Matches
f61c7c4e,Franck Ribéry,fr FRA,MF,Salernitana,39-328,1983,1,0,37,0.4,0,0,0,0,0,0,0,0,0.0,0.0,0.0,0.0,1,1,4,0.00,0.00,0.00,0.00,0.00,0.00,0.00,0.00,0.00,0.00,Matches
9823be92,Samuele Ricci,it ITA,MF,Torino,21-192,2001,16,13,1214,13.5,1,1,2,1,0,0,5,0,0.7,0.7,1.0,1.8,25,64,13,0.07,0.07,0.15,0.07,0.15,0.05,0.08,0.13,0.05,0.13,Matches
f1cfc209,Tomás Rincón,ve VEN,MF,Sampdoria,35-047,1988,21,17,1478,16.4,0,2,2,0,0,0,4,1,0.5,0.5,1.0,1.5,19,77,32,0.00,0.12,0.12,0.00,0.12,0.03,0.06,0.09,0.03,0.09,Matches
1d4e63b6,Pablo Rodríguez,es ESP,"FW,MF",Lecce,21-209,2001,4,0,54,0.6,0,0,0,0,0,0,0,0,0.0,0.0,0.0,0.0,2,3,7,0.00,0.00,0.00,0.00,0.00,0.00,0.04,0.04,0.00,0.04,Matches
7f78ad23,Ricardo Rodríguez,ch SUI,DF,Torino,30-188,1992,21,16,1538,17.1,0,0,0,0,0,0,1,0,0.3,0.3,0.8,1.1,23,84,19,0.00,0.00,0.00,0.00,0.00,0.02,0.05,0.06,0.02,0.06,Matches
10e7f486,Rogério,br BRA,DF,Sassuolo,25-047,1998,22,21,1828,20.3,0,2,2,0,0,0,5,0,0.4,0.4,1.1,1.5,55,105,56,0.00,0.10,0.10,0.00,0.10,0.02,0.05,0.07,0.02,0.07,Matches
3ead85f9,Alessio Romagnoli,it ITA,DF,Lazio,28-048,1995,21,20,1772,19.7,1,0,1,1,0,0,1,0,0.5,0.5,0.1,0.6,3,34,2,0.05,0.00,0.05,0.05,0.05,0.02,0.01,0.03,0.02,0.03,Matches
ca6edaa0,Luka Romero,ar ARG,FW,Lazio,18-103,2004,6,1,151,1.7,1,0,1,1,0,0,0,0,0.9,0.9,0.1,0.9,4,4,21,0.60,0.00,0.60,0.60,0.60,0.52,0.04,0.55,0.52,0.55,Matches
2a1beb34,Marten de Roon,nl NED,MF,Atalanta,31-337,1991,21,20,1704,18.9,0,1,1,0,0,0,5,0,0.4,0.4,0.3,0.6,6,82,6,0.00,0.05,0.05,0.00,0.05,0.02,0.01,0.03,0.02,0.03,Matches
e58cbfd5,Nicolò Rovella,it ITA,MF,Monza,21-087,2001,14,12,1038,11.5,0,0,0,0,0,0,3,1,0.5,0.5,1.0,1.5,15,65,12,0.00,0.00,0.00,0.00,0.00,0.04,0.09,0.13,0.04,0.13,Matches
e58cbfd5,Nicolò Rovella,it ITA,MF,Juventus,21-087,2001,3,0,27,0.3,0,0,0,0,0,0,1,0,0.1,0.1,0.0,0.1,1,1,2,0.00,0.00,0.00,0.00,0.00,0.30,0.00,0.30,0.30,0.30,Matches
4b3e1a38,Amir Rrahmani,xk KVX,DF,Napoli,29-005,1994,17,16,1476,16.4,1,1,2,1,0,0,1,0,1.4,1.4,0.7,2.2,11,75,2,0.06,0.06,0.12,0.06,0.12,0.09,0.05,0.13,0.09,0.13,Matches
a378a02a,Ruan,br BRA,DF,Sassuolo,23-267,1999,11,9,776,8.6,0,0,0,0,0,0,4,1,0.3,0.3,0.0,0.3,2,7,1,0.00,0.00,0.00,0.00,0.00,0.04,0.00,0.04,0.04,0.04,Matches
14b8fcdf,Daniele Rugani,it ITA,DF,Juventus,28-215,1994,4,4,348,3.9,0,0,0,0,0,0,0,0,0.3,0.3,0.0,0.3,2,5,0,0.00,0.00,0.00,0.00,0.00,0.08,0.00,0.08,0.08,0.08,Matches
ae9898c5,Matteo Ruggeri,it ITA,"DF,MF",Atalanta,20-233,2002,11,4,469,5.2,0,0,0,0,0,0,1,0,0.2,0.2,0.4,0.6,11,29,31,0.00,0.00,0.00,0.00,0.00,0.04,0.07,0.11,0.04,0.11,Matches
0b5a292a,Mário Rui,pt POR,DF,Napoli,31-278,1991,19,18,1495,16.6,0,6,6,0,0,0,2,1,0.5,0.5,3.5,4.1,48,132,80,0.00,0.36,0.36,0.00,0.36,0.03,0.21,0.24,0.03,0.24,Matches
4830e0af,Abdelhamid Sabiri,ma MAR,MF,Sampdoria,26-093,1996,15,11,972,10.8,2,0,2,1,1,2,4,0,2.9,1.2,1.4,2.7,5,47,50,0.19,0.00,0.19,0.09,0.09,0.27,0.13,0.40,0.11,0.25,Matches
ee251371,Alexis Saelemaekers,be BEL,"FW,DF",Milan,23-247,1999,16,8,716,8.0,0,1,1,0,0,0,1,0,0.7,0.7,1.1,1.8,25,24,65,0.00,0.13,0.13,0.00,0.13,0.09,0.13,0.23,0.09,0.23,Matches
da5a981b,Jacopo Sala,it ITA,MF,Spezia,31-086,1991,6,1,112,1.2,0,0,0,0,0,0,1,0,0.0,0.0,0.0,0.0,2,6,3,0.00,0.00,0.00,0.00,0.00,0.00,0.01,0.01,0.00,0.01,Matches
217c93a1,Lazar Samardzic,de GER,MF,Udinese,21-005,2002,23,8,960,10.7,4,2,6,4,0,0,0,0,1.9,1.9,2.6,4.5,22,63,34,0.37,0.19,0.56,0.37,0.56,0.18,0.24,0.42,0.18,0.42,Matches
24eb7ed6,Junior Sambia,fr FRA,"DF,MF",Salernitana,26-175,1996,13,4,432,4.8,0,0,0,0,0,0,2,0,0.4,0.4,0.8,1.2,16,21,20,0.00,0.00,0.00,0.00,0.00,0.09,0.16,0.25,0.09,0.25,Matches
0a447501,Antonio Sanabria,py PAR,FW,Torino,26-362,1996,19,14,1273,14.1,6,1,7,5,1,1,4,0,5.2,4.4,1.8,6.2,7,26,78,0.42,0.07,0.49,0.35,0.42,0.37,0.13,0.49,0.31,0.44,Matches
4295f19c,Leandro Sanca,pt POR,"FW,MF",Spezia,23-056,2000,4,0,32,0.4,0,0,0,0,0,0,0,0,0.0,0.0,0.0,0.0,1,0,3,0.00,0.00,0.00,0.00,0.00,0.00,0.00,0.00,0.00,0.00,Matches
0d82903c,Alex Sandro,br BRA,DF,Juventus,32-034,1991,20,16,1410,15.7,0,1,1,0,0,0,4,1,0.2,0.2,0.9,1.0,36,79,17,0.00,0.06,0.06,0.00,0.06,0.01,0.06,0.07,0.01,0.07,Matches
7eb97a8e,Nicola Sansone,it ITA,FW,Bologna,31-172,1991,10,5,421,4.7,1,0,1,1,0,0,2,0,1.6,1.6,0.0,1.6,14,6,42,0.21,0.00,0.21,0.21,0.21,0.34,0.01,0.35,0.34,0.35,Matches
3bb7af3b,Riccardo Saponara,it ITA,FW,Fiorentina,31-070,1991,20,8,801,8.9,2,2,4,2,0,0,3,0,1.4,1.4,2.9,4.4,38,38,89,0.22,0.22,0.45,0.22,0.45,0.16,0.33,0.49,0.16,0.49,Matches
86383d0e,Martin Satriano,uy URU,FW,Empoli,22-009,2001,22,17,1347,15.0,1,1,2,1,0,0,3,0,3.1,3.1,1.2,4.2,23,19,96,0.07,0.07,0.13,0.07,0.13,0.20,0.08,0.28,0.20,0.28,Matches
1e9aa637,Giorgio Scalvini,it ITA,DF,Atalanta,19-080,2003,19,16,1314,14.6,2,0,2,2,0,0,5,0,1.0,1.0,0.1,1.1,12,92,15,0.14,0.00,0.14,0.14,0.14,0.07,0.01,0.07,0.07,0.07,Matches
2cfae697,Jerdy Schouten,nl NED,MF,Bologna,26-048,1997,20,16,1400,15.6,0,2,2,0,0,0,2,0,0.3,0.3,1.1,1.4,6,71,13,0.00,0.13,0.13,0.00,0.13,0.02,0.07,0.09,0.02,0.09,Matches
e613313c,Perr Schuurs,nl NED,DF,Torino,23-095,1999,18,17,1356,15.1,0,2,2,0,0,0,4,0,0.4,0.4,0.4,0.7,7,38,0,0.00,0.13,0.13,0.00,0.13,0.03,0.02,0.05,0.03,0.05,Matches
16463a79,Demba Seck,sn SEN,"FW,MF",Torino,22-019,2001,12,5,377,4.2,0,0,0,0,0,0,0,0,0.4,0.4,0.2,0.6,17,12,35,0.00,0.00,0.00,0.00,0.00,0.09,0.06,0.15,0.09,0.15,Matches
3cb132e6,Jacopo Segre,it ITA,DF,Torino,26-012,1997,1,0,21,0.2,0,0,0,0,0,0,0,0,0.0,0.0,0.0,0.0,0,0,0,0.00,0.00,0.00,0.00,0.00,0.00,0.00,0.00,0.00,0.00,Matches
b6baba31,Vivaldo Semedo,pt POR,FW,Udinese,18-032,2005,1,0,1,0.0,0,0,0,0,0,0,0,0,0.0,0.0,0.0,0.0,0,0,0,0.00,0.00,0.00,0.00,0.00,0.00,0.00,0.00,0.00,0.00,Matches
b70bde8f,Stefano Sensi,it ITA,MF,Monza,27-208,1995,17,14,1089,12.1,2,0,2,2,0,0,5,0,0.7,0.7,1.0,1.8,18,108,16,0.17,0.00,0.17,0.17,0.17,0.06,0.08,0.15,0.06,0.15,Matches
343f753a,Luigi Sepe,it ITA,GK,Salernitana,31-297,1991,17,17,1530,17.0,0,0,0,0,0,0,3,0,0.0,0.0,0.0,0.0,0,0,0,0.00,0.00,0.00,0.00,0.00,0.00,0.00,0.00,0.00,0.00,Matches
dd7febd8,Leonardo Sernicola,it ITA,DF,Cremonese,25-214,1997,20,18,1607,17.9,1,1,2,1,0,0,6,0,1.0,1.0,1.1,2.1,44,46,72,0.06,0.06,0.11,0.06,0.11,0.06,0.06,0.12,0.06,0.12,Matches
d3aaad90,Stephan El Shaarawy,it ITA,"DF,MF",Roma,30-125,1992,18,6,823,9.1,3,0,3,3,0,0,2,0,3.3,3.3,0.7,4.0,34,37,65,0.33,0.00,0.33,0.33,0.33,0.36,0.08,0.43,0.36,0.43,Matches
57469b2d,Eldor Shomurodov,uz UZB,FW,Spezia,27-245,1995,4,3,284,3.2,0,0,0,0,0,0,1,0,1.2,1.2,0.4,1.7,2,8,16,0.00,0.00,0.00,0.00,0.00,0.39,0.14,0.53,0.39,0.53,Matches
57469b2d,Eldor Shomurodov,uz UZB,FW,Roma,27-245,1995,6,1,119,1.3,0,0,0,0,0,0,0,0,0.6,0.6,0.0,0.6,3,4,15,0.00,0.00,0.00,0.00,0.00,0.45,0.00,0.45,0.45,0.45,Matches
0d422df7,Marco Silvestri,it ITA,GK,Udinese,31-364,1991,24,24,2160,24.0,0,0,0,0,0,0,0,0,0.0,0.0,0.0,0.0,0,0,0,0.00,0.00,0.00,0.00,0.00,0.00,0.00,0.00,0.00,0.00,Matches
343c0d52,Giovanni Simeone,ar ARG,FW,Napoli,27-239,1995,14,0,193,2.1,3,0,3,3,0,0,1,0,0.7,0.7,0.8,1.4,9,8,22,1.40,0.00,1.40,1.40,1.40,0.32,0.36,0.67,0.32,0.67,Matches
8b609c34,Wilfried Singo,ci CIV,DF,Torino,22-066,2000,18,12,1185,13.2,1,1,2,1,0,0,3,0,1.2,1.2,0.7,1.9,28,45,54,0.08,0.08,0.15,0.08,0.15,0.09,0.05,0.14,0.09,0.14,Matches
b35a7399,Leo Skiri Østigård,no NOR,DF,Napoli,23-093,1999,4,2,220,2.4,0,0,0,0,0,0,1,0,0.0,0.0,0.0,0.0,3,9,1,0.00,0.00,0.00,0.00,0.00,0.01,0.00,0.01,0.01,0.01,Matches
ab4449d6,Łukasz Skorupski,pl POL,GK,Bologna,31-300,1991,24,24,2160,24.0,0,0,0,0,0,0,3,0,0.0,0.0,0.0,0.0,0,0,0,0.00,0.00,0.00,0.00,0.00,0.00,0.00,0.00,0.00,0.00,Matches
30f5ffa9,Milan Škriniar,sk SVK,DF,Inter,28-018,1995,21,20,1769,19.7,0,0,0,0,0,0,5,1,0.8,0.8,0.3,1.1,16,81,10,0.00,0.00,0.00,0.00,0.00,0.04,0.01,0.05,0.04,0.05,Matches
b6964eb6,Chris Smalling,eng ENG,DF,Roma,33-099,1989,23,22,2043,22.7,3,0,3,3,0,0,5,0,1.2,1.2,0.2,1.4,4,33,7,0.13,0.00,0.13,0.13,0.13,0.05,0.01,0.06,0.05,0.06,Matches
78f13530,Ola Solbakken,no NOR,"MF,FW",Roma,24-175,1998,5,1,104,1.2,1,0,1,1,0,0,0,0,0.3,0.3,0.0,0.3,2,6,15,0.87,0.00,0.87,0.87,0.87,0.23,0.00,0.23,0.23,0.23,Matches
28f66c2e,Brandon Soppy,fr FRA,DF,Udinese,21-008,2002,1,1,90,1.0,0,0,0,0,0,0,1,0,0.1,0.1,0.2,0.3,4,4,4,0.00,0.00,0.00,0.00,0.00,0.07,0.19,0.27,0.07,0.27,Matches
28f66c2e,Brandon Soppy,fr FRA,DF,Atalanta,21-008,2002,11,7,568,6.3,0,3,3,0,0,0,2,0,0.3,0.3,1.3,1.6,22,30,32,0.00,0.48,0.48,0.00,0.48,0.05,0.20,0.25,0.05,0.25,Matches
9d4c45d6,Roberto Soriano,it ITA,"FW,MF",Bologna,32-021,1991,22,13,1172,13.0,1,3,4,1,0,0,1,0,0.6,0.6,2.5,3.1,26,55,61,0.08,0.23,0.31,0.08,0.31,0.05,0.19,0.24,0.05,0.24,Matches
50841bef,Joaquin Sosa,uy URU,DF,Bologna,21-050,2002,8,5,520,5.8,0,0,0,0,0,0,2,0,0.0,0.0,0.0,0.0,4,8,1,0.00,0.00,0.00,0.00,0.00,0.00,0.00,0.00,0.00,0.00,Matches
94816803,Riccardo Sottil,it ITA,FW,Fiorentina,23-271,1999,7,5,432,4.8,0,2,2,0,0,0,1,0,0.6,0.6,0.9,1.5,35,18,72,0.00,0.42,0.42,0.00,0.42,0.12,0.19,0.31,0.12,0.31,Matches
c13ddd3e,Matìas Soulé,ar ARG,"MF,DF",Juventus,19-320,2003,9,2,238,2.6,0,0,0,0,0,0,0,0,0.3,0.3,0.4,0.6,9,8,27,0.00,0.00,0.00,0.00,0.00,0.10,0.14,0.24,0.10,0.24,Matches
7b075c75,Adama Soumaoro,fr FRA,DF,Bologna,30-256,1992,15,14,1232,13.7,0,0,0,0,0,0,5,1,0.3,0.3,0.0,0.3,6,29,1,0.00,0.00,0.00,0.00,0.00,0.02,0.00,0.02,0.02,0.02,Matches
3626daea,Leonardo Spinazzola,it ITA,DF,Roma,29-341,1993,15,11,987,11.0,1,2,3,1,0,0,0,0,0.8,0.8,0.8,1.7,63,36,53,0.09,0.18,0.27,0.09,0.27,0.08,0.08,0.15,0.08,0.15,Matches
ac4003af,Marco Sportiello,it ITA,GK,Atalanta,30-295,1992,7,6,623,6.9,0,0,0,0,0,0,0,0,0.0,0.0,0.0,0.0,0,2,0,0.00,0.00,0.00,0.00,0.00,0.00,0.00,0.00,0.00,0.00,Matches
13b44b02,Petar Stojanović,si SVN,DF,Empoli,27-145,1995,19,13,1198,13.3,0,1,1,0,0,0,3,0,0.2,0.2,0.9,1.1,35,64,34,0.00,0.08,0.08,0.00,0.08,0.01,0.07,0.08,0.01,0.08,Matches
674cfc5a,Gabriel Strefezza,br BRA,"FW,MF",Lecce,25-317,1997,22,19,1548,17.2,7,1,8,6,1,1,3,0,3.4,2.7,2.1,4.8,48,61,108,0.41,0.06,0.47,0.35,0.41,0.20,0.12,0.32,0.15,0.28,Matches
2cb9486d,Dávid Strelec,sk SVK,FW,Spezia,21-331,2001,7,1,169,1.9,0,0,0,0,0,0,0,0,0.5,0.5,0.1,0.6,2,1,14,0.00,0.00,0.00,0.00,0.00,0.28,0.05,0.33,0.28,0.33,Matches
f573a8bf,Isaac Success,ng NGA,FW,Udinese,27-053,1996,24,15,1392,15.5,0,5,5,0,0,0,3,0,2.6,2.6,3.4,6.0,26,42,167,0.00,0.32,0.32,0.00,0.32,0.17,0.22,0.39,0.17,0.39,Matches
230c3f3a,Ibrahim Sulemana,gh GHA,MF,Hellas Verona,19-283,2003,11,3,357,4.0,0,0,0,0,0,0,3,0,0.3,0.3,0.2,0.5,3,11,5,0.00,0.00,0.00,0.00,0.00,0.08,0.05,0.13,0.08,0.13,Matches
01b8a2b2,Wojciech Szczęsny,pl POL,GK,Juventus,32-317,1990,17,17,1482,16.5,0,0,0,0,0,0,0,0,0.0,0.0,0.0,0.0,0,0,0,0.00,0.00,0.00,0.00,0.00,0.00,0.00,0.00,0.00,0.00,Matches
eb3022c3,Benjamin Tahirovic,se SWE,MF,Roma,19-363,2003,5,1,136,1.5,0,0,0,0,0,0,1,0,0.0,0.0,0.1,0.1,0,1,2,0.00,0.00,0.00,0.00,0.00,0.00,0.05,0.05,0.00,0.05,Matches
8da74c05,Adrien Tameze,cm CMR,MF,Hellas Verona,29-025,1994,23,21,1832,20.4,0,0,0,0,0,0,2,0,0.7,0.7,0.6,1.4,17,74,36,0.00,0.00,0.00,0.00,0.00,0.04,0.03,0.07,0.04,0.07,Matches
b056e3da,Ciprian Tătărușanu,ro ROU,GK,Milan,37-020,1986,16,16,1440,16.0,0,1,1,0,0,0,0,0,0.0,0.0,0.5,0.5,0,0,0,0.00,0.06,0.06,0.00,0.06,0.00,0.03,0.03,0.00,0.03,Matches
5cbb5ad6,Filippo Terracciano,it ITA,"DF,MF",Hellas Verona,20-021,2003,12,4,521,5.8,0,0,0,0,0,0,0,0,0.1,0.1,0.9,1.0,11,24,17,0.00,0.00,0.00,0.00,0.00,0.02,0.15,0.17,0.02,0.17,Matches
e1b0a70d,Pietro Terracciano,it ITA,GK,Fiorentina,32-358,1990,21,21,1890,21.0,0,0,0,0,0,0,1,0,0.0,0.0,0.0,0.0,0,0,0,0.00,0.00,0.00,0.00,0.00,0.00,0.00,0.00,0.00,0.00,Matches
3ef0a2d7,Aleksa Terzić,rs SRB,DF,Fiorentina,23-196,1999,14,4,503,5.6,0,0,0,0,0,0,0,0,0.2,0.2,1.1,1.3,27,27,36,0.00,0.00,0.00,0.00,0.00,0.04,0.19,0.23,0.04,0.23,Matches
2b9fdeea,Florian Thauvin,fr FRA,FW,Udinese,30-034,1993,4,1,149,1.7,0,0,0,0,0,0,0,0,0.1,0.1,0.3,0.4,7,8,14,0.00,0.00,0.00,0.00,0.00,0.04,0.19,0.23,0.04,0.23,Matches
ff5ea0bf,Malick Thiaw,de GER,DF,Milan,21-205,2001,8,5,414,4.6,0,0,0,0,0,0,2,0,0.4,0.4,0.2,0.6,1,11,2,0.00,0.00,0.00,0.00,0.00,0.09,0.04,0.13,0.09,0.13,Matches
76ff8d0d,Kristian Thorstvedt,no NOR,MF,Sassuolo,23-353,1999,21,11,921,10.2,2,1,3,2,0,0,4,0,1.9,1.9,0.7,2.6,26,46,46,0.20,0.10,0.29,0.20,0.29,0.18,0.07,0.25,0.18,0.25,Matches
a96e5dc0,Jeremy Toljan,de GER,DF,Sassuolo,28-205,1994,19,18,1679,18.7,0,1,1,0,0,0,2,0,0.4,0.4,2.1,2.5,31,94,65,0.00,0.05,0.05,0.00,0.05,0.02,0.11,0.13,0.02,0.13,Matches
c56dc39e,Rafael Tolói,it ITA,DF,Atalanta,32-142,1990,19,19,1628,18.1,1,1,2,1,0,0,4,0,2.0,2.0,1.0,3.0,14,84,23,0.06,0.06,0.11,0.06,0.11,0.11,0.05,0.16,0.11,0.16,Matches
7edfbb8a,Fikayo Tomori,eng ENG,DF,Milan,25-072,1997,21,20,1757,19.5,1,0,1,1,0,0,2,0,1.2,1.2,0.1,1.3,17,71,8,0.05,0.00,0.05,0.05,0.05,0.06,0.01,0.07,0.06,0.07,Matches
0db169ae,Sandro Tonali,it ITA,MF,Milan,22-297,2000,21,19,1743,19.4,2,4,6,2,0,0,6,0,2.0,2.0,3.1,5.2,38,82,49,0.10,0.21,0.31,0.10,0.31,0.11,0.16,0.27,0.11,0.27,Matches
7ed4921e,William Troost-Ekong,ng NGA,DF,Salernitana,29-181,1993,3,3,262,2.9,0,0,0,0,0,0,0,0,0.0,0.0,0.0,0.0,0,4,0,0.00,0.00,0.00,0.00,0.00,0.00,0.00,0.00,0.00,0.00,Matches
0588a092,Frank Tsadjout,it ITA,"FW,MF",Cremonese,23-216,1999,10,5,419,4.7,2,1,3,2,0,0,1,0,1.0,1.0,0.2,1.2,4,8,25,0.43,0.21,0.64,0.43,0.64,0.21,0.05,0.25,0.21,0.25,Matches
26c54058,Alessandro Tuia,it ITA,DF,Lecce,32-266,1990,5,4,356,4.0,0,0,0,0,0,0,0,0,0.1,0.1,0.0,0.1,1,16,0,0.00,0.00,0.00,0.00,0.00,0.02,0.01,0.03,0.02,0.03,Matches
7cd520e8,Iyenoma Udogie,it ITA,DF,Udinese,20-093,2002,20,20,1733,19.3,3,2,5,3,0,0,4,0,2.1,2.1,2.8,4.9,66,73,105,0.16,0.10,0.26,0.16,0.26,0.11,0.15,0.25,0.11,0.25,Matches
3eed9821,Samuel Umtiti,fr FRA,DF,Lecce,29-107,1993,12,11,943,10.5,0,0,0,0,0,0,4,0,0.3,0.3,0.0,0.3,7,26,1,0.00,0.00,0.00,0.00,0.00,0.03,0.00,0.03,0.03,0.03,Matches
71005acd,Diego Valencia,cl CHI,"MF,FW",Salernitana,23-046,2000,12,0,231,2.6,0,0,0,0,0,0,1,0,0.1,0.1,0.1,0.2,1,5,21,0.00,0.00,0.00,0.00,0.00,0.05,0.05,0.09,0.05,0.09,Matches
ec52b661,Emanuele Valeri,it ITA,"DF,FW",Cremonese,24-084,1998,23,20,1715,19.1,2,2,4,2,0,0,2,0,1.4,1.4,2.2,3.6,66,58,87,0.10,0.10,0.21,0.10,0.21,0.07,0.12,0.19,0.07,0.19,Matches
c414df9d,Mattia Valoti,it ITA,MF,Monza,29-176,1993,8,2,252,2.8,0,0,0,0,0,0,1,0,0.1,0.1,0.0,0.1,3,12,7,0.00,0.00,0.00,0.00,0.00,0.04,0.01,0.05,0.04,0.05,Matches
5eaed77a,Johan Vásquez,mx MEX,DF,Cremonese,24-130,1998,12,8,785,8.7,0,0,0,0,0,0,5,0,0.3,0.3,0.1,0.3,8,19,4,0.00,0.00,0.00,0.00,0.00,0.03,0.01,0.04,0.03,0.04,Matches
44ac04e9,Matías Vecino,uy URU,MF,Lazio,31-189,1991,22,10,1082,12.0,1,0,1,1,0,0,4,0,2.0,2.0,0.1,2.2,17,62,14,0.08,0.00,0.08,0.08,0.08,0.17,0.01,0.18,0.17,0.18,Matches
ab1ca213,Miguel Veloso,pt POR,MF,Hellas Verona,36-294,1986,15,10,845,9.4,0,0,0,0,0,0,4,0,0.4,0.4,1.7,2.1,12,63,16,0.00,0.00,0.00,0.00,0.00,0.05,0.18,0.23,0.05,0.23,Matches
983ff2c7,Lorenzo Venuti,it ITA,DF,Fiorentina,27-323,1995,10,6,601,6.7,0,1,1,0,0,0,0,0,0.3,0.3,0.3,0.6,17,36,24,0.00,0.15,0.15,0.00,0.15,0.05,0.04,0.09,0.05,0.09,Matches
d3298c99,Daniele Verde,it ITA,"FW,MF",Spezia,26-254,1996,14,7,615,6.8,2,0,2,1,1,1,1,0,1.8,1.0,0.8,1.8,8,16,29,0.29,0.00,0.29,0.15,0.15,0.27,0.12,0.38,0.15,0.27,Matches
0375723e,Simone Verdi,it ITA,MF,Hellas Verona,30-232,1992,12,5,519,5.8,1,0,1,1,0,0,2,0,0.8,0.8,1.1,1.9,20,24,27,0.17,0.00,0.17,0.17,0.17,0.14,0.19,0.34,0.14,0.34,Matches
33ecf462,Valerio Verre,it ITA,MF,Sampdoria,29-049,1994,18,6,677,7.5,0,0,0,0,0,0,5,0,0.6,0.6,1.1,1.7,16,45,27,0.00,0.00,0.00,0.00,0.00,0.08,0.14,0.22,0.08,0.22,Matches
77d6fd4d,Guglielmo Vicario,it ITA,GK,Empoli,26-145,1996,24,24,2160,24.0,0,0,0,0,0,0,3,0,0.0,0.0,0.0,0.0,0,0,0,0.00,0.00,0.00,0.00,0.00,0.00,0.00,0.00,0.00,0.00,Matches
75e60d75,Ronaldo Vieira,gw GNB,MF,Torino,24-225,1998,1,0,15,0.2,0,0,0,0,0,0,0,0,,,,,,,,0.00,0.00,0.00,0.00,0.00,,,,,,Matches
75e60d75,Ronaldo Vieira,gw GNB,MF,Sampdoria,24-225,1998,16,8,815,9.1,0,0,0,0,0,0,3,0,,,,,,,,0.00,0.00,0.00,0.00,0.00,,,,,,Matches
ec5dae45,Emanuel Vignato,it ITA,"MF,FW",Bologna,22-189,2000,8,2,242,2.7,0,1,1,0,0,0,1,0,0.1,0.1,0.4,0.5,3,9,4,0.00,0.37,0.37,0.00,0.37,0.03,0.14,0.17,0.03,0.17,Matches
ec5dae45,Emanuel Vignato,it ITA,"FW,MF",Empoli,22-189,2000,2,0,20,0.2,1,0,1,1,0,0,0,0,0.1,0.1,0.1,0.3,0,2,0,4.50,0.00,4.50,4.50,4.50,0.59,0.54,1.13,0.59,1.13,Matches
a14d0ab0,Samuele Vignato,it ITA,"FW,MF",Monza,19-005,2004,3,0,18,0.2,0,0,0,0,0,0,0,0,0.0,0.0,0.0,0.0,1,0,2,0.00,0.00,0.00,0.00,0.00,0.00,0.00,0.00,0.00,0.00,Matches
c7069d87,Tonny Vilhena,nl NED,MF,Salernitana,28-057,1995,22,19,1545,17.2,3,1,4,3,0,0,4,0,2.2,2.2,1.6,3.8,23,61,51,0.17,0.06,0.23,0.17,0.23,0.13,0.09,0.22,0.13,0.22,Matches
bdc74a8f,Gonzalo Villar,es ESP,MF,Sampdoria,24-343,1998,15,8,696,7.7,0,0,0,0,0,0,2,0,0.0,0.0,0.0,0.0,9,26,2,0.00,0.00,0.00,0.00,0.00,0.00,0.00,0.00,0.00,0.00,Matches
08eb3b58,Matías Viña,uy URU,DF,Roma,25-112,1997,3,1,55,0.6,0,0,0,0,0,0,0,0,0.0,0.0,0.1,0.1,2,2,4,0.00,0.00,0.00,0.00,0.00,0.00,0.18,0.18,0.00,0.18,Matches
79443529,Dušan Vlahović,rs SRB,FW,Juventus,23-032,2000,15,14,1191,13.2,8,2,10,6,2,2,0,0,6.2,4.7,1.5,6.1,17,27,74,0.60,0.15,0.76,0.45,0.60,0.47,0.11,0.58,0.35,0.46,Matches
aa8e289e,Nikola Vlašić,hr CRO,"MF,FW",Torino,25-148,1997,22,20,1844,20.5,4,2,6,4,0,0,1,0,3.7,3.7,2.4,6.2,55,69,146,0.20,0.10,0.29,0.20,0.29,0.18,0.12,0.30,0.18,0.30,Matches
b3ef6517,Joel Voelkerling Persson,se SWE,FW,Lecce,20-045,2003,4,0,55,0.6,0,0,0,0,0,0,0,0,0.0,0.0,0.0,0.0,0,2,5,0.00,0.00,0.00,0.00,0.00,0.00,0.03,0.03,0.00,0.03,Matches
be2706c0,Mërgim Vojvoda,xk KVX,DF,Torino,28-028,1995,18,11,1096,12.2,0,4,4,0,0,0,2,0,0.8,0.8,1.6,2.4,16,84,52,0.00,0.33,0.33,0.00,0.33,0.07,0.13,0.20,0.07,0.20,Matches
72f87f25,Cristian Volpato,it ITA,MF,Roma,19-106,2003,5,2,191,2.1,1,1,2,1,0,0,0,0,0.4,0.4,1.2,1.5,7,15,19,0.47,0.47,0.94,0.47,0.94,0.17,0.55,0.72,0.17,0.72,Matches
f052fb01,Lukáš Vorlický,cz CZE,MF,Atalanta,21-042,2002,2,0,23,0.3,0,0,0,0,0,0,0,0,0.0,0.0,0.0,0.0,1,3,2,0.00,0.00,0.00,0.00,0.00,0.19,0.00,0.19,0.19,0.19,Matches
f86cd5df,Aster Vranckx,be BEL,MF,Milan,20-148,2002,7,0,76,0.8,0,0,0,0,0,0,0,0,0.0,0.0,0.3,0.3,2,2,4,0.00,0.00,0.00,0.00,0.00,0.00,0.33,0.33,0.00,0.33,Matches
d0d8dd44,Stefan de Vrij,nl NED,DF,Inter,31-024,1992,15,14,1220,13.6,1,0,1,1,0,0,2,0,0.8,0.8,0.2,1.0,7,37,0,0.07,0.00,0.07,0.07,0.07,0.06,0.01,0.07,0.06,0.07,Matches
26db8853,Walace,br BRA,MF,Udinese,27-331,1995,24,24,2079,23.1,0,0,0,0,0,0,4,0,1.0,1.0,0.9,1.9,38,122,28,0.00,0.00,0.00,0.00,0.00,0.04,0.04,0.08,0.04,0.08,Matches
217875a4,Sebastian Walukiewicz,pl POL,DF,Empoli,22-330,2000,4,1,149,1.7,0,0,0,0,0,0,0,0,0.2,0.2,0.0,0.2,0,3,0,0.00,0.00,0.00,0.00,0.00,0.15,0.00,0.15,0.15,0.15,Matches
eb58eef0,Georginio Wijnaldum,nl NED,MF,Roma,32-110,1990,4,1,115,1.3,0,0,0,0,0,0,0,0,0.3,0.3,0.1,0.3,5,6,4,0.00,0.00,0.00,0.00,0.00,0.20,0.07,0.27,0.20,0.27,Matches
2f7acede,Harry Winks,eng ENG,MF,Sampdoria,27-027,1996,7,6,569,6.3,0,0,0,0,0,0,0,0,0.2,0.2,0.5,0.7,9,32,3,0.00,0.00,0.00,0.00,0.00,0.03,0.07,0.11,0.03,0.11,Matches
1bfe5ac9,Przemysław Wiśniewski,pl POL,DF,Spezia,24-217,1998,2,1,95,1.1,0,0,0,0,0,0,0,0,0.2,0.2,0.0,0.2,0,0,0,0.00,0.00,0.00,0.00,0.00,0.15,0.00,0.15,0.15,0.15,Matches
ee9040b4,Gerard Yepes,es ESP,MF,Sampdoria,20-188,2002,5,2,198,2.2,0,0,0,0,0,0,2,0,0.1,0.1,0.0,0.1,3,7,6,0.00,0.00,0.00,0.00,0.00,0.03,0.01,0.04,0.03,0.04,Matches
d85c238b,Mattia Zaccagni,it ITA,"FW,MF",Lazio,27-258,1995,21,20,1641,18.2,8,4,12,7,1,1,5,0,5.3,4.5,2.1,6.5,66,47,155,0.44,0.22,0.66,0.38,0.60,0.29,0.11,0.40,0.25,0.36,Matches
384d58d9,Denis Zakaria,ch SUI,MF,Juventus,26-101,1996,2,1,123,1.4,0,0,0,0,0,0,0,0,0.0,0.0,0.0,0.0,2,3,3,0.00,0.00,0.00,0.00,0.00,0.00,0.00,0.00,0.00,0.00,Matches
45191c29,Nicola Zalewski,pl POL,DF,Roma,21-037,2002,20,14,1215,13.5,0,1,1,0,0,0,2,0,0.7,0.7,0.8,1.5,47,53,60,0.00,0.07,0.07,0.00,0.07,0.06,0.06,0.11,0.06,0.11,Matches
6bb2c084,Andre-Frank Zambo Anguissa,cm CMR,MF,Napoli,27-105,1995,22,22,1850,20.6,2,4,6,2,0,0,2,0,3.1,3.1,1.8,4.9,32,116,83,0.10,0.19,0.29,0.10,0.29,0.15,0.09,0.24,0.15,0.24,Matches
5e834dce,Luca Zanimacchia,it ITA,"MF,FW",Cremonese,24-225,1998,15,9,746,8.3,0,0,0,0,0,0,2,0,1.2,1.2,0.8,2.0,22,26,70,0.00,0.00,0.00,0.00,0.00,0.14,0.10,0.24,0.14,0.24,Matches
9907b1c8,Nicolò Zaniolo,it ITA,"MF,FW",Roma,23-242,1999,13,12,890,9.9,1,0,1,1,0,0,4,0,2.9,2.9,0.9,3.8,33,19,69,0.10,0.00,0.10,0.10,0.10,0.29,0.09,0.39,0.29,0.39,Matches
3b12b11f,Alessandro Zanoli,it ITA,DF,Sampdoria,22-149,2000,8,2,341,3.8,0,0,0,0,0,0,0,0,0.0,0.0,0.4,0.5,9,8,17,0.00,0.00,0.00,0.00,0.00,0.01,0.11,0.12,0.01,0.12,Matches
3b12b11f,Alessandro Zanoli,it ITA,DF,Napoli,22-149,2000,1,0,12,0.1,0,0,0,0,0,0,0,0,0.1,0.1,0.0,0.1,1,0,2,0.00,0.00,0.00,0.00,0.00,0.47,0.00,0.47,0.47,0.47,Matches
d3de9af0,Duván Zapata,co COL,FW,Atalanta,31-334,1991,15,8,670,7.4,1,1,2,1,0,0,1,0,2.2,2.2,0.5,2.8,16,21,62,0.13,0.13,0.27,0.13,0.27,0.30,0.07,0.37,0.30,0.37,Matches
7fe90ccd,Davide Zappacosta,it ITA,"DF,MF",Atalanta,30-263,1992,8,6,444,4.9,1,1,2,1,0,0,3,0,0.4,0.4,0.5,0.9,16,21,31,0.20,0.20,0.41,0.20,0.41,0.08,0.09,0.18,0.08,0.18,Matches
58a2e9f6,Deyovaisio Zeefuik,nl NED,DF,Hellas Verona,24-355,1998,1,0,10,0.1,0,0,0,0,0,0,0,0,0.0,0.0,0.0,0.0,1,0,1,0.00,0.00,0.00,0.00,0.00,0.00,0.00,0.00,0.00,0.00,Matches
d19ef4ef,Alessio Zerbin,it ITA,"FW,MF",Napoli,23-363,1999,5,0,61,0.7,0,0,0,0,0,0,1,0,0.0,0.0,0.0,0.0,0,0,4,0.00,0.00,0.00,0.00,0.00,0.06,0.00,0.06,0.06,0.06,Matches
a5296e55,Piotr Zieliński,pl POL,MF,Napoli,28-285,1994,24,18,1506,16.7,3,6,9,3,0,0,2,0,2.5,2.5,5.2,7.6,41,76,81,0.18,0.36,0.54,0.18,0.54,0.15,0.31,0.46,0.15,0.46,Matches
acf7e795,David Zima,cz CZE,DF,Torino,22-113,2000,9,4,406,4.5,0,0,0,0,0,0,0,0,0.8,0.8,0.1,0.9,3,12,5,0.00,0.00,0.00,0.00,0.00,0.17,0.02,0.19,0.17,0.19,Matches
028e70b9,Joshua Zirkzee,nl NED,FW,Bologna,21-283,2001,9,4,464,5.2,1,1,2,1,0,0,1,0,1.8,1.8,1.0,2.8,5,9,34,0.19,0.19,0.39,0.19,0.39,0.35,0.19,0.54,0.35,0.54,Matches
cc1a0c57,Jeroen Zoet,nl NED,GK,Spezia,32-054,1991,3,2,154,1.7,0,0,0,0,0,0,0,0,0.0,0.0,0.0,0.0,0,0,0,0.00,0.00,0.00,0.00,0.00,0.00,0.00,0.00,0.00,0.00,Matches
82598b71,Nadir Zortea,it ITA,"DF,MF",Atalanta,23-255,1999,9,1,222,2.5,1,0,1,1,0,0,1,0,0.1,0.1,0.6,0.7,11,9,13,0.41,0.00,0.41,0.41,0.41,0.05,0.23,0.28,0.05,0.28,Matches
82598b71,Nadir Zortea,it ITA,DF,Sassuolo,23-255,1999,4,4,360,4.0,0,0,0,0,0,0,2,0,0.1,0.1,0.4,0.5,15,20,13,0.00,0.00,0.00,0.00,0.00,0.02,0.10,0.12,0.02,0.12,Matches
54f6afe3,Petar Zovko,ba BIH,GK,Spezia,20-341,2002,1,0,74,0.8,0,0,0,0,0,0,0,0,0.0,0.0,0.0,0.0,0,0,0,0.00,0.00,0.00,0.00,0.00,0.00,0.00,0.00,0.00,0.00,Matches
4e1d5e59,Szymon Żurkowski,pl POL,MF,Fiorentina,25-157,1997,2,0,32,0.4,0,1,1,0,0,0,0,0,0.1,0.1,0.0,0.1,3,1,4,0.00,2.81,2.81,0.00,2.81,0.33,0.06,0.40,0.33,0.40,Matches
4e1d5e59,Szymon Żurkowski,pl POL,MF,Spezia,25-157,1997,1,0,8,0.1,0,0,0,0,0,0,0,0,0.0,0.0,0.0,0.0,1,0,1,0.00,0.00,0.00,0.00,0.00,0.00,0.00,0.00,0.00,0.00,Matches
405f6586,Milan Đurić,ba BIH,FW,Hellas Verona,32-283,1990,16,7,703,7.8,1,0,1,1,0,0,3,0,0.5,0.5,0.9,1.4,1,18,43,0.13,0.00,0.13,0.13,0.13,0.07,0.11,0.18,0.07,0.18,Matches
eccbe56a,Filip Đuričić,rs SRB,"MF,FW",Sampdoria,31-030,1992,22,19,1487,16.5,2,0,2,2,0,0,7,0,1.4,1.4,1.6,3.0,29,56,57,0.12,0.00,0.12,0.12,0.12,0.09,0.10,0.18,0.09,0.18,Matches
