id,CrdY,CrdR,2CrdY,Fls,Fld,Off,PKwon,PKcon,OG
32c2d95f,2,0,0,30,14,1,0.0,0.0,0
7978cbf0,1,0,0,22,12,0,0.0,0.0,0
82464ce3,4,0,0,56,32,0,0.0,0.0,1
31626657,3,0,0,13,15,0,0.0,0.0,0
0e46fa2f,0,0,0,7,5,4,1.0,0.0,0
0e46fa2f,0,0,0,3,5,1,1.0,0.0,0
c2a6033c,3,0,0,29,37,14,0.0,0.0,0
1e93fc5d,0,0,0,2,0,0,0.0,0.0,0
7587446d,2,0,0,5,0,0,0.0,0.0,0
75f1ed80,2,2,0,19,5,0,0.0,0.0,0
8bc8829a,4,0,0,18,8,1,0.0,0.0,0
3dd738a1,2,0,0,10,7,0,0.0,0.0,0
22396615,0,0,0,1,1,0,0.0,0.0,0
48b28bfd,3,1,0,24,16,1,0.0,0.0,0
462475ed,1,0,0,14,8,1,0.0,0.0,0
b625b241,3,0,0,5,3,0,0.0,0.0,0
9e17ccff,0,0,0,0,0,0,0.0,0.0,0
1956b948,2,0,0,15,34,1,0.0,0.0,0
0a63446f,1,0,0,12,9,0,0.0,0.0,0
9260926b,2,0,0,4,3,0,0.0,2.0,0
ae11ba3d,0,0,0,2,0,0,0.0,0.0,0
ef9c1c95,6,0,0,41,28,1,1.0,0.0,0
af3ddb2e,3,0,0,14,37,6,1.0,0.0,0
a5db0bec,2,0,0,4,4,0,0.0,0.0,0
b94b8be1,0,0,0,2,4,0,0.0,0.0,0
feb5d3ab,1,0,0,16,1,1,0.0,1.0,0
c5e6c017,0,0,0,1,2,1,0.0,0.0,0
508a9011,0,0,0,0,0,0,0.0,0.0,0
b026bbf6,2,0,0,2,2,0,0.0,0.0,0
6a827d8e,1,0,0,9,15,3,0.0,0.0,0
6b5edd5d,0,0,0,0,1,0,0.0,0.0,0
7dfbba27,0,0,0,7,4,2,0.0,0.0,0
a94d93be,1,1,0,7,1,0,0.0,2.0,0
114bbdee,1,0,0,3,1,0,0.0,0.0,0
06df8256,3,0,0,10,4,0,0.0,0.0,0
a1232f4e,1,0,0,9,3,0,0.0,0.0,0
5065d67d,0,0,0,2,1,0,0.0,0.0,0
7e3e825e,0,0,0,0,0,0,0.0,0.0,0
0af4dcf0,0,0,0,2,1,0,0.0,0.0,0
3975195f,1,0,0,5,24,1,1.0,0.0,0
a1390d2f,2,1,0,9,6,0,0.0,0.0,0
7c3ed041,4,0,0,31,13,0,0.0,1.0,1
31822f8c,3,0,0,21,37,21,3.0,0.0,0
7fecbcdb,2,0,0,5,8,2,0.0,0.0,0
b2bd0f6c,4,0,0,25,36,8,0.0,1.0,0
a0d55a09,1,0,0,9,3,2,0.0,0.0,0
1ddbc7ca,4,0,0,16,12,0,0.0,0.0,0
3a24769f,1,0,0,7,9,1,0.0,0.0,0
e3844ecb,0,0,0,4,2,0,0.0,0.0,0
20e0dd86,3,0,0,22,16,4,0.0,0.0,0
5e6355f8,0,0,0,0,0,1,0.0,0.0,0
4a5e83ad,1,0,0,8,4,0,0.0,0.0,0
5680bf3f,0,0,0,6,14,0,0.0,0.0,0
1a248246,0,0,0,15,17,4,2.0,0.0,0
1a248246,3,0,0,11,8,2,0.0,0.0,0
2b1bed19,2,0,0,19,33,0,0.0,0.0,0
10f0fdd3,3,0,0,16,45,0,0.0,1.0,0
c678ddd7,0,0,0,0,0,0,0.0,0.0,0
3bd65247,1,0,0,9,16,2,0.0,0.0,0
1f6298f2,0,0,0,0,0,0,0.0,0.0,0
942b4f90,2,0,0,11,10,12,1.0,0.0,0
3189f61a,2,0,0,29,31,0,0.0,0.0,0
e4114f5d,0,0,0,1,0,0,0.0,0.0,0
0b2c9aec,1,0,0,8,7,3,1.0,1.0,0
3916b09c,0,0,0,6,3,0,0.0,0.0,0
28dabd43,0,0,0,1,1,0,0.0,1.0,0
433dc9a2,1,0,0,6,6,0,0.0,0.0,0
03e91055,0,0,0,0,0,0,0.0,0.0,0
47c609d5,0,0,0,3,1,0,0.0,0.0,0
a3e1d20d,0,0,0,0,0,0,0.0,0.0,0
636247ca,0,0,0,4,6,0,1.0,0.0,0
3d214e5f,3,0,0,0,2,0,0.0,0.0,0
967f34d3,0,0,0,0,0,0,0.0,0.0,0
6191093d,2,0,0,40,39,2,0.0,0.0,0
3cdfc63e,3,0,0,10,15,0,0.0,1.0,1
6a9e4913,0,0,0,0,0,0,0.0,0.0,0
5b479568,0,0,0,4,1,3,0.0,0.0,0
2db2fd7b,0,0,0,1,0,0,0.0,0.0,0
7d937aa1,0,0,0,0,0,0,0.0,0.0,0
f6496133,1,0,0,3,1,0,0.0,0.0,0
9f936061,3,1,1,13,32,3,0.0,1.0,0
c03b7266,0,0,0,1,1,0,0.0,0.0,0
65fcf987,0,0,0,5,6,0,0.0,0.0,0
0400dd2f,0,0,0,2,1,0,0.0,0.0,0
f9d5908e,3,0,0,11,21,0,0.0,0.0,0
4fb18ca4,0,0,0,2,0,0,0.0,0.0,0
b0c71810,3,1,1,20,20,2,1.0,0.0,0
62e02107,0,0,0,0,3,0,0.0,0.0,0
20e73fac,4,1,1,20,11,2,0.0,0.0,0
02bcaf8e,0,0,0,2,4,4,0.0,0.0,0
5b146df3,4,0,0,22,11,0,0.0,0.0,0
b088d5d3,2,0,0,9,6,1,0.0,0.0,0
af69e7f0,2,0,0,3,3,1,0.0,0.0,0
3b676989,0,0,0,3,1,0,0.0,0.0,0
7b082ec2,3,0,0,9,3,0,0.0,1.0,0
db87a2c4,0,0,0,0,0,0,0.0,0.0,0
148e136f,3,0,0,14,23,1,0.0,0.0,0
46359159,2,0,0,14,0,1,0.0,0.0,0
928a4a61,6,1,1,23,21,0,0.0,0.0,0
94f8d10c,0,0,0,0,0,0,0.0,0.0,0
8577e60a,2,1,0,16,23,0,0.0,0.0,0
489e80e3,4,1,0,35,43,0,0.0,0.0,0
5a6b06cd,1,0,0,2,0,0,0.0,0.0,0
7d3dfdfd,1,0,0,4,1,0,0.0,0.0,0
9f4a940f,0,0,0,4,1,0,0.0,0.0,0
79b2399c,8,0,0,23,5,0,0.0,0.0,0
f81ef10d,2,0,0,30,19,2,0.0,0.0,0
5e080f73,0,0,0,5,2,5,0.0,0.0,0
e3e32fbb,0,0,0,0,2,0,0.0,0.0,0
8608f269,0,0,0,0,0,0,0.0,0.0,0
e0f3a1f6,2,0,0,13,14,0,0.0,1.0,0
4db5915d,0,0,0,8,17,1,0.0,0.0,0
c92c24f0,8,1,1,16,18,1,0.0,0.0,0
3c6bbbab,3,0,0,9,13,0,0.0,0.0,0
f5dfc256,0,0,0,1,0,0,0.0,0.0,0
5d9577aa,1,0,0,2,1,0,0.0,0.0,0
2180c761,1,0,0,1,0,0,0.0,0.0,0
357103bd,2,0,0,23,15,6,0.0,0.0,0
18ebca4b,1,0,0,3,1,3,0.0,0.0,0
16aa7d4c,5,0,0,25,18,0,0.0,1.0,1
279ddf6a,3,0,0,23,10,2,0.0,0.0,0
b34c63a5,2,0,0,9,18,3,0.0,0.0,0
9d498560,1,0,0,3,1,0,0.0,0.0,0
b3d76d84,0,0,0,0,3,0,0.0,0.0,0
68a26d51,1,0,0,12,17,0,0.0,0.0,0
7909ffa4,4,0,0,21,8,3,0.0,0.0,0
7495aba7,0,0,0,5,2,0,0.0,0.0,0
ff4d0258,0,0,0,2,1,0,0.0,0.0,0
741418c3,0,0,0,0,2,0,0.0,0.0,0
741418c3,0,0,0,5,12,0,0.0,0.0,0
5219ab4a,1,0,0,17,6,3,0.0,1.0,0
3010aefb,1,0,0,8,8,2,0.0,0.0,0
c4065f40,0,0,0,3,1,0,0.0,0.0,0
cfa49cc1,0,0,0,9,6,1,0.0,2.0,0
0e7ccfc4,2,0,0,13,15,1,0.0,0.0,0
59948ef7,2,0,0,12,12,0,1.0,0.0,0
bfb2056e,0,0,0,0,0,0,0.0,0.0,0
909222de,5,1,1,24,44,2,0.0,0.0,0
2434f24a,0,0,0,0,0,0,0.0,0.0,0
ef8ae23b,0,0,0,3,7,0,0.0,0.0,0
8f325097,3,0,0,8,19,3,0.0,0.0,0
1ec7e1c5,2,0,0,8,2,0,0.0,0.0,0
29c02c9f,2,0,0,12,5,1,0.0,0.0,0
b70afb45,4,0,0,24,11,17,0.0,0.0,0
7ef972c3,0,0,0,2,0,0,0.0,0.0,0
6e33125f,6,0,0,30,47,1,0.0,1.0,0
fd2bc67d,4,0,0,21,12,0,0.0,0.0,0
5069b796,1,0,0,9,12,2,1.0,1.0,0
ce50fd99,4,0,0,23,37,14,0.0,0.0,0
5fdcb075,1,0,0,12,7,1,0.0,0.0,0
4ca4f601,5,0,0,34,34,1,0.0,1.0,0
0be95d34,2,0,0,9,12,0,1.0,0.0,0
8332db56,2,0,0,13,10,0,0.0,2.0,0
e4448c8c,0,0,0,1,0,0,0.0,0.0,0
d33c706e,0,0,0,8,9,7,0.0,0.0,0
d33c706e,0,0,0,5,1,2,0.0,0.0,0
7304f3b1,0,0,0,5,8,0,0.0,0.0,0
e7986081,1,0,0,13,3,7,0.0,0.0,0
11f54bd5,1,0,0,4,3,0,0.0,0.0,0
99d660b2,4,0,0,22,13,1,0.0,0.0,0
477e50ce,1,0,0,0,0,0,0.0,0.0,0
1d5c96f8,3,1,1,19,18,3,0.0,0.0,0
1bfb6fef,5,0,0,32,7,0,0.0,0.0,1
d8c19a60,1,0,0,3,2,0,0.0,0.0,0
fb55f63a,0,0,0,0,0,0,0.0,0.0,0
6605d143,2,0,0,23,43,12,0.0,0.0,0
b3244eeb,5,1,0,31,19,1,0.0,2.0,0
6d0fe035,1,0,0,13,11,0,1.0,0.0,0
698f11e3,0,0,0,14,13,0,0.0,1.0,0
29939a1d,1,0,0,7,17,3,0.0,0.0,0
8104e41e,3,0,0,17,17,3,2.0,0.0,0
f41a69e6,0,0,0,0,2,0,0.0,0.0,0
40774c6b,1,0,0,8,6,1,1.0,0.0,0
40774c6b,0,0,0,6,14,1,0.0,0.0,0
92b56413,0,0,0,1,1,0,0.0,0.0,0
6de23ab0,0,1,0,13,8,1,0.0,1.0,0
4be0b467,1,0,0,10,3,2,0.0,0.0,0
37143438,0,0,0,0,0,0,0.0,0.0,0
19053e31,1,0,0,4,16,2,0.0,0.0,0
19053e31,0,0,0,0,2,1,0.0,0.0,0
eedea60b,2,0,0,0,7,0,0.0,0.0,0
ad82197c,2,0,0,19,9,0,0.0,0.0,0
b2336681,7,0,0,19,18,1,1.0,1.0,1
43e7a164,4,0,0,23,17,1,0.0,0.0,0
627b570a,0,0,0,3,1,0,0.0,0.0,0
1bd5bdc4,0,0,0,0,0,0,0.0,0.0,0
fffea3e5,0,0,0,9,12,0,0.0,0.0,0
836dc4a8,0,0,0,0,0,0,0.0,0.0,0
1b5b32d2,0,0,0,0,1,0,0.0,0.0,0
08f5afaa,2,0,0,0,1,0,0.0,0.0,0
a1dbfcb1,0,0,0,3,3,3,0.0,0.0,0
dff0c299,0,0,0,2,0,0,0.0,0.0,0
92d90c8f,0,0,0,5,2,0,0.0,0.0,0
9e7483ff,3,0,0,25,22,4,0.0,0.0,0
b4ef3fb5,0,0,0,0,0,0,0.0,0.0,0
0512a60a,4,0,0,24,13,0,0.0,0.0,0
9226aa22,0,0,0,13,5,0,0.0,0.0,0
9daeac61,2,1,0,24,17,3,0.0,0.0,0
6d7ede84,1,0,0,5,1,2,0.0,0.0,0
0e12089d,1,0,0,1,4,0,0.0,1.0,0
0cbc8baa,1,0,0,25,10,1,1.0,0.0,0
5b92d896,0,0,0,8,9,5,0.0,0.0,0
104b4ad3,0,0,0,5,3,1,0.0,0.0,0
0d7b6576,5,1,0,22,27,18,1.0,0.0,0
0b4f388a,2,0,0,39,44,10,2.0,1.0,0
1a066e69,3,0,0,16,5,0,0.0,0.0,1
bc7b4580,1,1,0,3,1,0,0.0,0.0,0
83f03b07,2,0,0,16,14,0,1.0,1.0,0
9c221d14,2,0,0,2,3,0,0.0,0.0,1
745ca0a3,0,0,0,5,7,0,0.0,0.0,0
745ca0a3,0,0,0,7,4,0,0.0,0.0,0
faf00ab8,1,1,0,12,11,0,0.0,0.0,0
4b792f35,0,0,0,0,1,0,0.0,0.0,0
375622c5,4,0,0,28,42,0,0.0,2.0,0
50ac8941,0,0,0,0,0,0,0.0,0.0,0
caef7840,2,1,0,14,14,2,0.0,0.0,0
5313ed43,1,0,0,14,24,1,1.0,0.0,0
9d420dad,1,0,0,0,1,0,0.0,0.0,0
822d51d7,2,1,0,36,26,2,0.0,0.0,1
90eb507d,0,0,0,14,11,2,0.0,0.0,0
90f87966,4,0,0,16,4,0,0.0,1.0,0
574aa9ec,0,0,0,0,0,0,0.0,0.0,0
00a8d210,1,0,0,23,10,5,0.0,0.0,0
4b96c347,0,0,0,1,5,0,0.0,0.0,0
db3164e1,3,0,0,1,1,0,0.0,1.0,0
42276181,1,1,0,10,14,4,1.0,0.0,0
23c63b7f,0,0,0,14,24,4,1.0,0.0,0
23c63b7f,0,0,0,2,0,1,0.0,0.0,0
868eaba0,5,0,0,9,18,0,0.0,0.0,0
badcdcae,2,0,0,3,0,1,0.0,0.0,0
ea0ff634,0,1,0,6,4,2,1.0,0.0,0
8827bf46,1,0,0,16,16,1,0.0,0.0,0
5b3cfa12,1,0,0,3,1,0,0.0,0.0,0
c5adc293,0,0,0,2,3,2,0.0,0.0,0
41eebdf5,4,2,1,28,12,1,0.0,1.0,0
3befc2b6,3,0,0,38,24,1,0.0,1.0,0
3708e9fa,3,0,0,24,17,6,0.0,0.0,0
1961b2aa,3,0,0,31,10,1,0.0,0.0,0
645a3363,4,0,0,39,32,0,2.0,0.0,0
b8c1de25,3,0,0,11,10,0,0.0,0.0,0
a9d4c241,7,0,0,24,32,3,0.0,1.0,0
aad56ca3,0,0,0,2,2,0,1.0,0.0,0
aad56ca3,3,0,0,23,7,7,0.0,0.0,0
06c48679,4,0,0,21,26,0,0.0,0.0,0
49136c42,3,0,0,18,14,0,0.0,0.0,0
4a987ffa,0,0,0,3,0,0,0.0,0.0,0
d5d22a58,0,0,0,3,7,1,0.0,0.0,0
f6857b4f,0,0,0,0,0,0,0.0,0.0,0
5ea8ef20,2,0,0,21,30,1,0.0,0.0,1
b73f17f8,2,0,0,27,18,3,0.0,0.0,0
7155e3e1,1,0,0,10,12,1,0.0,0.0,0
5d8d7454,2,0,0,10,6,0,0.0,0.0,0
923f4dda,0,0,0,0,0,0,0.0,0.0,0
7091324a,0,0,0,1,0,0,0.0,0.0,0
d56b9520,1,0,0,14,22,2,0.0,0.0,0
576817b7,0,0,0,6,6,0,0.0,0.0,0
5167c97e,3,0,0,11,22,4,1.0,1.0,0
e42d61c7,5,0,0,22,11,3,0.0,0.0,0
a94571f6,0,0,0,1,1,0,0.0,0.0,0
0b4d8274,5,2,2,13,14,1,2.0,0.0,0
52cd0e88,0,0,0,1,0,1,0.0,0.0,0
e7d59f4f,1,0,0,2,13,2,0.0,0.0,0
07ace8c3,0,0,0,0,0,0,0.0,0.0,0
563fcd6b,1,0,0,12,9,0,0.0,0.0,0
f28474a4,0,0,0,2,5,0,0.0,0.0,0
3681cfff,2,0,0,13,14,0,0.0,2.0,1
61b77d0a,1,0,0,6,9,1,0.0,0.0,0
db7849ca,1,0,0,16,12,5,0.0,1.0,0
00891164,5,0,0,28,6,0,0.0,2.0,1
910e3cad,0,0,0,0,1,0,0.0,0.0,0
d14229f3,1,0,0,10,35,4,1.0,0.0,0
fb0ee44e,7,0,0,53,54,17,2.0,0.0,0
c9f49454,0,0,0,0,0,1,0.0,0.0,0
546bb36e,4,0,0,27,5,0,0.0,1.0,0
cf182add,0,0,0,11,16,2,1.0,0.0,0
dbd3a428,2,1,0,12,26,16,0.0,0.0,0
a0415710,2,0,0,5,4,0,0.0,0.0,0
96f4ebc0,0,0,0,1,0,0,0.0,0.0,0
eeba07f8,1,0,0,6,5,0,0.0,0.0,0
300ec91c,0,0,0,0,0,0,0.0,0.0,0
5cb215fc,4,1,1,16,8,0,0.0,0.0,0
45cce300,0,0,0,2,1,0,0.0,0.0,0
5b4bc323,2,0,0,7,9,0,1.0,0.0,0
56ae428b,4,0,0,27,18,2,1.0,0.0,0
f323d995,3,0,0,19,4,2,0.0,1.0,0
c066d1a5,1,0,0,12,11,1,0.0,0.0,0
32f3d97e,0,1,0,3,2,1,0.0,0.0,0
5b1bf5e3,0,0,0,0,1,0,0.0,0.0,0
bf4c41f9,0,0,0,7,11,6,0.0,0.0,0
dd211559,4,0,0,22,15,0,0.0,0.0,0
a426a912,0,0,0,0,1,0,0.0,0.0,0
3814120d,1,0,0,1,1,0,0.0,1.0,0
c5908bc4,0,0,0,1,3,0,0.0,0.0,0
c43a8336,1,0,0,2,5,0,0.0,0.0,0
c9f2f83a,1,0,0,4,1,0,0.0,0.0,0
796b1c41,4,0,0,18,26,6,0.0,1.0,0
2677a1de,3,1,0,11,25,10,0.0,0.0,0
3670aa71,0,0,0,0,0,0,0.0,0.0,0
aef6e670,3,0,0,22,9,1,0.0,1.0,0
3935e52e,2,0,0,29,7,2,0.0,0.0,0
1361e5bc,1,0,0,3,1,0,0.0,0.0,0
04bb2b06,2,0,0,22,14,9,0.0,0.0,0
e6eadfb8,3,0,0,7,10,0,0.0,0.0,0
86a2ba20,4,0,0,31,35,0,0.0,0.0,0
562a4799,0,0,0,7,4,0,0.0,0.0,0
c385bf49,3,0,0,16,11,1,0.0,0.0,0
397ba086,2,0,0,36,20,11,0.0,0.0,0
c90f380c,0,0,0,3,0,0,0.0,0.0,0
7cdda3bf,0,0,0,17,20,5,0.0,0.0,0
7cdda3bf,0,0,0,0,1,0,0.0,0.0,0
9dbb75ca,2,0,0,46,35,8,1.0,0.0,0
eb0db257,0,0,0,2,2,1,0.0,1.0,0
4e7db402,2,1,1,0,3,0,0.0,0.0,0
770d7eb8,1,0,0,8,7,1,0.0,0.0,0
01870104,0,0,0,10,4,6,0.0,0.0,0
f066022d,1,0,0,9,15,1,0.0,0.0,1
0ed063d6,1,0,0,11,17,0,0.0,0.0,1
2d22cea7,0,0,0,2,5,1,1.0,0.0,0
afe39ca8,0,0,0,2,1,0,0.0,0.0,0
547a72ad,0,0,0,3,2,0,0.0,0.0,0
88c4d190,1,0,0,22,20,5,0.0,0.0,0
6f806d99,3,0,0,27,44,2,0.0,0.0,0
2321ea6e,1,0,0,10,14,1,0.0,0.0,0
321a71a7,6,1,1,24,6,0,0.0,2.0,0
5bf26efc,0,0,0,3,0,0,0.0,0.0,0
2fa2a875,0,0,0,0,0,0,0.0,0.0,0
f5044e54,6,1,0,31,25,1,0.0,1.0,0
8ca9415f,1,0,0,2,0,0,0.0,0.0,0
2b471f99,1,1,0,13,5,0,0.0,0.0,0
1e52971c,2,0,0,22,20,0,0.0,0.0,0
1e7aea56,0,0,0,0,2,0,0.0,0.0,0
fcc84a07,6,0,0,28,12,1,0.0,0.0,0
17e25e72,0,0,0,1,1,0,0.0,0.0,0
f7691f63,3,0,0,12,9,3,0.0,0.0,0
fd78b105,1,0,0,1,2,0,0.0,0.0,0
40221fa7,3,1,0,10,9,1,0.0,0.0,0
40221fa7,0,0,0,0,0,0,0.0,0.0,0
f00de885,1,1,0,1,1,0,0.0,1.0,0
7c2965bb,2,0,0,10,21,1,0.0,0.0,0
20b9f052,3,0,0,1,4,0,0.0,1.0,0
64c14d49,5,2,1,19,16,0,1.0,0.0,0
fc4cf6a7,4,0,0,17,23,0,0.0,0.0,0
1a2935f6,1,0,0,5,8,0,0.0,0.0,0
a99138af,0,0,0,4,4,1,0.0,0.0,0
5b9512c5,4,0,0,27,14,0,0.0,1.0,0
e05082d1,0,0,0,7,13,0,0.0,0.0,0
b3f8bdef,3,1,0,33,33,6,1.0,0.0,0
dfc5d4fa,0,0,0,2,0,0,0.0,0.0,0
d4d35152,0,0,0,6,23,0,0.0,0.0,0
caa7aaea,5,0,0,31,35,3,0.0,3.0,0
fc46aab1,2,0,0,31,17,1,0.0,0.0,0
22bfb57e,0,0,0,5,7,0,0.0,0.0,0
654f49ca,1,0,0,3,1,0,1.0,0.0,0
48d5bd33,2,0,0,8,8,1,0.0,0.0,0
0f86995c,0,0,0,1,0,0,0.0,0.0,0
1d2d5cc8,1,0,0,1,3,0,0.0,1.0,0
c801616a,3,0,0,20,7,0,0.0,0.0,0
c4173f1a,0,0,0,0,1,0,0.0,0.0,0
706a60e1,0,0,0,4,1,1,0.0,0.0,0
e54a9890,0,0,0,24,18,1,0.0,0.0,0
740f00ac,5,0,0,23,28,0,1.0,0.0,0
d9764034,2,1,1,16,3,0,0.0,2.0,0
d5f2f82b,2,0,0,11,8,0,0.0,0.0,1
468fdbad,2,0,0,7,3,0,0.0,0.0,0
3ef0fa48,0,0,0,6,4,2,0.0,0.0,0
eba1e557,2,0,0,8,8,1,1.0,0.0,0
6ea05ca7,0,0,0,0,0,0,0.0,0.0,0
15944afd,2,0,0,7,3,0,0.0,1.0,0
cf1ef7ec,0,0,0,0,1,0,0.0,0.0,0
cf1ef7ec,0,0,0,2,1,0,0.0,0.0,0
70d4c949,0,0,0,0,0,0,0.0,0.0,0
a17a94d6,2,0,0,28,22,0,0.0,0.0,0
87d31635,0,0,0,4,8,1,0.0,0.0,0
30144daa,1,1,0,10,10,3,0.0,0.0,0
2c70d915,1,0,0,2,2,0,0.0,1.0,0
b20cc590,1,0,0,7,7,0,1.0,0.0,0
42fd9c7f,4,0,0,10,23,19,1.0,0.0,0
e76cb9cc,2,0,0,14,12,0,1.0,0.0,0
890bc029,0,0,0,0,0,1,0.0,0.0,0
46750e9c,0,0,0,0,7,0,0.0,0.0,0
6f5ec8bb,5,0,0,26,14,0,0.0,0.0,0
04ac78d2,2,0,0,6,6,0,0.0,0.0,0
d21e361a,1,0,0,9,11,2,0.0,0.0,0
70c52749,1,1,0,14,8,2,0.0,0.0,0
f20e4cc9,2,0,0,17,17,3,0.0,0.0,0
c6e5d20f,2,0,0,16,15,0,0.0,1.0,0
3322e296,0,0,0,3,0,1,0.0,0.0,0
9f0f4b49,0,0,0,1,7,1,0.0,1.0,0
e472a6f6,8,1,1,43,24,0,0.0,1.0,0
9bdd8118,5,0,0,25,8,1,0.0,1.0,0
0bfca6a1,1,0,0,7,11,0,0.0,0.0,0
d70ce98e,0,0,0,3,32,6,0.0,0.0,0
85613cf0,1,0,0,4,1,1,0.0,0.0,0
f833a830,2,0,0,12,7,2,1.0,0.0,0
065dc209,0,0,0,1,2,2,0.0,0.0,0
065dc209,1,0,0,17,17,4,0.0,0.0,0
595e6f3e,0,0,0,33,21,8,1.0,0.0,0
7e82a78f,1,0,0,7,10,2,0.0,0.0,0
8499c713,0,0,0,1,1,0,0.0,0.0,0
3eaf8817,0,0,0,7,6,0,0.0,0.0,0
19ba6c6d,0,0,0,11,9,4,0.0,0.0,0
71d10572,1,0,0,18,22,2,0.0,0.0,0
af0c835b,5,0,0,16,10,0,0.0,0.0,0
ac73ec79,0,0,0,15,13,2,0.0,0.0,0
2acf0cd7,4,0,0,34,26,2,0.0,0.0,0
dc29b608,0,0,0,0,2,0,0.0,0.0,0
e110ea4b,0,0,0,0,0,0,0.0,0.0,0
65c55288,1,0,0,2,4,0,0.0,0.0,0
87e9c7cd,1,1,0,9,9,0,0.0,0.0,0
69384e5d,6,1,1,25,65,5,1.0,0.0,0
46faabfa,0,0,0,2,10,0,0.0,0.0,0
2054d037,2,2,0,29,27,5,0.0,0.0,0
3f319bb9,4,1,1,17,19,1,0.0,1.0,1
7b9a9e25,2,0,0,12,47,2,0.0,0.0,0
374fbf7d,3,0,0,12,12,3,0.0,0.0,0
afb0c500,2,0,0,0,1,0,0.0,0.0,0
6043997c,3,1,0,20,3,0,0.0,2.0,0
35516eac,0,0,0,6,7,1,0.0,0.0,0
6993927b,2,0,0,10,6,0,0.0,1.0,0
4534a352,2,1,0,3,2,0,0.0,0.0,0
c631f952,1,1,0,1,3,0,0.0,0.0,0
ff4df82e,0,0,0,8,11,1,0.0,0.0,0
b5bb8188,2,0,0,3,8,1,0.0,0.0,0
8652a85c,1,0,0,23,29,11,0.0,0.0,0
2f9e4435,3,1,1,15,43,2,2.0,0.0,0
6b4436ba,0,0,0,1,0,0,0.0,0.0,0
83299cc0,0,0,0,1,2,0,0.0,0.0,0
83299cc0,1,0,0,11,24,1,0.0,0.0,0
ed90babd,1,0,0,13,26,2,0.0,0.0,0
cd9b37a3,0,0,0,0,0,0,0.0,0.0,0
779847d6,3,1,1,12,1,0,0.0,0.0,1
e5c1e0ca,3,0,0,16,9,0,0.0,1.0,1
9b6f7fd5,0,0,0,2,3,0,0.0,0.0,0
dff153a4,0,0,0,0,1,0,0.0,0.0,0
58ae47b2,0,0,0,5,14,2,0.0,0.0,0
f8ce97ca,0,0,0,0,0,0,0.0,0.0,0
0810b6df,1,0,0,0,2,0,0.0,0.0,0
57e3f0c7,2,0,0,11,31,6,2.0,0.0,0
5c42e7ce,0,0,0,1,4,0,0.0,0.0,0
8fd9996f,2,0,0,12,5,1,0.0,0.0,0
8846a40f,2,0,0,19,24,1,1.0,0.0,0
10dd88f9,1,0,0,10,11,3,0.0,0.0,0
49070d66,1,0,0,10,9,0,0.0,1.0,0
64ba07c0,3,0,0,12,8,2,0.0,0.0,0
e546b2e3,1,0,0,18,20,3,0.0,0.0,0
be98f358,1,0,0,8,2,0,0.0,0.0,0
7d704e92,3,0,0,25,15,1,0.0,0.0,0
51c30111,2,1,0,15,18,1,0.0,0.0,0
7be7c08b,0,0,0,0,0,0,0.0,0.0,0
1b729a98,0,0,0,0,0,0,0.0,0.0,0
67f649be,0,0,0,1,0,0,0.0,0.0,0
8dbff17c,1,0,0,7,5,1,0.0,1.0,0
08511d65,3,1,0,20,17,3,1.0,0.0,0
ef619b0b,2,0,0,16,15,3,1.0,0.0,0
79a793b7,0,0,0,0,1,0,0.0,0.0,0
25749008,2,0,0,23,20,3,1.0,0.0,0
40ef7347,1,0,0,21,27,1,0.0,0.0,0
fb3236a7,0,0,0,16,21,1,0.0,0.0,1
d504b3e1,0,0,0,0,2,0,0.0,0.0,0
d504b3e1,1,0,0,7,4,0,0.0,0.0,0
102c9665,1,0,0,2,4,0,0.0,0.0,0
7f41ee30,0,0,0,0,0,0,0.0,0.0,0
beae3a73,3,0,0,23,21,4,0.0,0.0,0
8d62d31a,2,1,0,10,15,0,0.0,0.0,0
ed45c4a5,5,0,0,33,20,0,0.0,0.0,0
1a6b7ea4,5,0,0,16,7,0,0.0,0.0,0
9b545925,2,0,0,14,10,1,0.0,0.0,1
90a9cc01,1,0,0,2,3,0,0.0,0.0,0
c0c7ff58,0,0,0,11,9,3,0.0,0.0,0
8299e363,1,1,0,4,2,0,0.0,0.0,0
6388e356,2,0,0,15,12,5,0.0,3.0,1
90fcf472,2,0,0,19,1,1,0.0,0.0,0
93c942fb,0,0,0,9,1,0,0.0,0.0,0
c9151d66,1,0,0,13,19,5,0.0,0.0,0
87935cf3,1,0,0,2,4,0,0.0,1.0,0
cad3fd4d,0,0,0,0,0,0,0.0,0.0,0
bc7cc472,1,0,0,7,8,5,0.0,0.0,0
c3725db2,4,1,0,21,23,0,1.0,2.0,0
fb14aa28,5,2,1,30,30,20,2.0,0.0,0
60d90c55,1,0,0,0,3,0,0.0,0.0,0
032f894e,0,0,0,15,4,0,0.0,0.0,0
2c0f8e9e,2,0,0,26,28,15,0.0,0.0,0
6e7f1353,1,0,0,8,15,0,0.0,0.0,0
5e22e2a4,2,0,0,14,8,1,0.0,0.0,0
9744ff80,1,0,0,4,5,2,0.0,0.0,0
f527a32c,2,0,0,14,26,0,0.0,1.0,0
d5326924,0,0,0,6,1,1,0.0,0.0,0
4315f30d,2,0,0,7,3,0,0.0,0.0,0
6bde367b,3,2,0,40,65,0,0.0,0.0,0
53af52f3,0,0,0,0,0,0,0.0,0.0,0
cea59f02,6,0,0,25,50,1,0.0,0.0,0
834b5c4c,2,0,0,0,2,0,0.0,0.0,0
1d383c10,0,0,0,0,0,0,0.0,0.0,0
9c2b1f11,0,0,0,1,0,0,0.0,0.0,0
92ffb8f9,0,0,0,1,1,0,0.0,0.0,0
30af8b93,3,0,0,12,14,0,0.0,0.0,1
fdbde523,0,0,0,24,14,9,1.0,0.0,1
5f3eaaf5,3,0,0,9,24,3,0.0,0.0,0
5e5249c8,2,1,1,20,19,4,1.0,0.0,0
0f8418aa,0,0,0,25,10,1,0.0,1.0,0
2acd49b9,3,0,0,24,7,2,0.0,1.0,0
d7547531,0,0,0,0,1,0,0.0,0.0,0
ffec9769,5,0,0,18,14,10,0.0,0.0,0
2ccd89a3,1,0,0,6,7,2,0.0,1.0,0
fed17f5a,0,0,0,10,13,0,1.0,0.0,0
f19f32b1,0,0,0,0,0,0,0.0,0.0,0
7a42d0df,4,0,0,27,25,6,1.0,0.0,0
86a49468,0,0,0,0,1,1,0.0,0.0,0
4e0afc5d,1,0,0,7,7,1,0.0,1.0,0
a45a5d95,2,0,0,13,8,1,0.0,0.0,0
9bc9a519,0,0,0,4,3,0,0.0,0.0,0
a08985b8,2,0,0,39,35,0,1.0,1.0,0
8f7e6783,0,0,0,5,6,0,0.0,0.0,0
39b326ed,0,0,0,4,3,1,0.0,0.0,0
a62f8bf1,1,0,0,5,6,1,0.0,0.0,0
b99bec05,0,0,0,1,4,1,0.0,0.0,0
b99bec05,3,0,0,24,18,1,0.0,0.0,0
f0661424,4,0,0,28,45,2,0.0,2.0,0
95192fe4,1,0,0,3,0,0,0.0,0.0,0
a0f9b535,2,0,0,23,20,0,0.0,0.0,0
a4a44eb0,0,0,0,13,15,0,0.0,0.0,0
ed39121c,2,0,0,11,20,0,0.0,0.0,0
a65c844b,4,1,0,26,24,4,0.0,0.0,0
7f783431,1,0,0,10,7,2,0.0,0.0,0
5148dcc5,0,0,0,12,24,6,0.0,0.0,0
7120a04d,3,0,0,10,19,5,1.0,0.0,0
df8d6029,3,0,0,20,9,0,0.0,1.0,1
f4bc42b1,2,0,0,9,3,0,0.0,0.0,0
c76b7567,2,0,0,16,20,4,0.0,0.0,0
c76b7567,0,0,0,4,5,2,0.0,0.0,0
7d9397f8,2,0,0,22,12,2,0.0,0.0,0
ca6f4846,0,0,0,0,1,0,0.0,0.0,0
88f130ed,4,2,1,14,12,1,0.0,2.0,0
5ceba7fc,0,0,0,2,2,0,0.0,0.0,0
5ceba7fc,1,0,0,8,9,2,0.0,0.0,0
652d4c37,1,0,0,16,19,0,0.0,0.0,0
a4b798a9,3,0,0,34,16,0,0.0,1.0,0
01fd01e8,1,0,0,2,0,0,0.0,0.0,0
01fd01e8,2,1,1,8,3,0,0.0,0.0,0
4e47507a,0,0,0,4,4,1,0.0,0.0,0
de488e56,2,0,0,4,9,1,0.0,0.0,1
a4b1028a,4,0,0,20,6,2,0.0,1.0,0
5d0e0a1f,1,0,0,19,24,2,0.0,0.0,0
906baf89,0,0,0,0,0,0,0.0,0.0,0
8a53d24b,0,0,0,4,2,2,0.0,0.0,0
1df4a109,1,1,0,18,8,0,0.0,0.0,0
1880614f,3,0,0,17,20,3,0.0,0.0,0
d75f3980,0,0,0,3,7,0,0.0,0.0,0
531a4aa8,1,0,0,26,13,1,0.0,0.0,0
ee45fd85,2,1,1,22,10,1,0.0,0.0,0
4a56052c,2,0,0,25,11,1,0.0,0.0,1
1467af0d,8,1,0,23,34,0,0.0,1.0,0
d60cf08d,1,0,0,3,4,0,0.0,0.0,1
b2791a55,3,1,0,11,7,1,0.0,0.0,0
01becd60,1,0,0,6,1,2,0.0,0.0,0
75438a9a,0,0,0,3,5,0,0.0,0.0,0
74d4cec6,0,0,0,0,1,0,0.0,0.0,0
3b029691,2,0,0,20,14,0,0.0,0.0,0
64f69877,0,0,0,8,8,2,1.0,0.0,0
8eec784d,1,0,0,9,8,3,0.0,0.0,0
3ecc8c5f,5,0,0,18,19,0,0.0,1.0,0
b003239d,1,0,0,9,5,0,1.0,0.0,0
b003239d,0,0,0,0,0,0,0.0,0.0,0
f3600c02,1,0,0,13,11,0,0.0,0.0,0
f5c8b425,0,0,0,4,1,0,0.0,0.0,0
061266cd,0,0,0,2,3,0,0.0,0.0,0
6763f716,0,0,0,5,3,0,0.0,0.0,0
1a85bcdb,4,0,0,34,29,0,0.0,0.0,0
6b9960cf,0,0,0,2,4,1,0.0,0.0,0
72d4922b,0,0,0,3,6,0,0.0,0.0,0
0ff630d0,0,0,0,10,16,0,0.0,1.0,0
0ff630d0,1,0,0,5,8,1,0.0,0.0,0
c8c02ac7,1,0,0,2,1,0,0.0,0.0,0
095e4199,0,0,0,7,11,3,0.0,0.0,0
fb4c5b6e,0,0,0,0,1,0,0.0,0.0,0
34a88e3e,1,0,0,8,11,2,1.0,0.0,0
aefa3050,0,0,0,0,0,0,0.0,0.0,0
