id,GA,SoTA,Saves,W,D,L,CS,PKatt,PKA,PKsv,PKm
7a2e46a8,28,98,71,10,6,7,8,3,2,1,0
2f965a72,2,3,1,0,0,0,1,1,1,0,0
28d596a0,13,61,50,5,6,5,7,0,0,0,0
c91441dc,41,92,54,5,3,16,2,1,0,1,0
7b4de647,0,4,4,1,0,0,1,0,0,0,0
3a949a25,0,5,5,0,0,0,0,0,0,0,0
3bb7b8b4,25,58,34,17,4,4,8,3,3,0,0
9328b835,27,94,67,6,5,13,4,2,1,1,0
c3e39f12,6,13,7,2,1,1,2,0,0,0,0
7ba6d84e,28,92,65,15,4,5,10,1,1,0,0
ab13a5aa,31,109,79,6,9,9,6,1,1,0,0
e5a76dfe,31,85,52,5,5,8,6,5,2,2,1
76eca7e2,4,11,7,0,1,1,0,0,0,0,0
2628fd2b,29,121,92,11,4,8,7,3,3,0,0
8f62b6ee,29,95,67,12,2,7,7,1,1,0,0
7956236f,31,88,60,8,4,10,5,3,2,1,0
33887998,12,37,25,3,1,4,1,0,0,0,0
6b625ac2,39,109,71,5,7,12,5,2,2,0,0
ecada4fc,7,18,11,1,1,2,1,0,0,0,0
a9dc785c,17,62,46,3,6,5,3,4,4,0,0
e7ee38c3,7,16,9,1,0,1,1,1,1,0,0
4806ec67,32,114,82,4,6,13,5,3,3,0,0
4b40d9ca,15,69,54,10,11,2,12,2,1,0,1
466fb2c5,23,74,52,18,3,3,10,3,2,0,1
98ea5115,30,128,100,8,11,4,8,1,1,0,0
17acc2ed,2,4,2,0,2,0,1,0,0,0,0
903b6e8b,33,96,62,6,6,12,6,3,1,2,0
6a713852,29,72,45,10,5,7,6,6,5,1,0
fe558029,31,60,31,2,0,8,2,2,2,0,0
d3ce0e89,42,108,69,7,3,14,6,2,2,0,0
