id,Touches,Def Pen,Def 3rd,Mid 3rd,Att 3rd,Att Pen,Live,Att,Succ,Tkld,Carries,TotDist,PrgDist,PrgC,1/3,CPA,Mis,Dis,Rec,PrgR
7f9c5d2d,256.0,18.0,80.0,114.0,65.0,7.0,256.0,6.0,1.0,5.0,115.0,446.0,246.0,3.0,3.0,2.0,5.0,3.0,136.0,16.0
be6faae0,8.0,6.0,8.0,0.0,0.0,0.0,8.0,0.0,0.0,0.0,5.0,34.0,31.0,0.0,0.0,0.0,0.0,0.0,2.0,0.0
81442ecb,922.0,41.0,255.0,397.0,280.0,18.0,922.0,28.0,9.0,15.0,496.0,2311.0,1204.0,25.0,18.0,3.0,21.0,15.0,540.0,56.0
a2c1a8d3,59.0,47.0,59.0,0.0,0.0,0.0,59.0,0.0,0.0,0.0,40.0,154.0,107.0,0.0,0.0,0.0,0.0,0.0,31.0,0.0
014aa7bd,799.0,17.0,171.0,451.0,187.0,8.0,799.0,14.0,6.0,4.0,511.0,3338.0,1395.0,18.0,26.0,1.0,14.0,3.0,563.0,23.0
18abe173,1353.0,205.0,718.0,616.0,29.0,11.0,1353.0,7.0,5.0,1.0,850.0,4027.0,2094.0,10.0,4.0,0.0,9.0,6.0,853.0,2.0
06efa9dc,1181.0,72.0,389.0,524.0,289.0,32.0,1181.0,45.0,25.0,16.0,610.0,4014.0,2164.0,59.0,34.0,11.0,26.0,24.0,662.0,80.0
31f5b89b,119.0,8.0,27.0,80.0,13.0,0.0,119.0,1.0,0.0,1.0,52.0,138.0,34.0,0.0,1.0,0.0,0.0,0.0,74.0,1.0
05439de2,1079.0,100.0,409.0,445.0,231.0,19.0,1079.0,4.0,3.0,1.0,641.0,2828.0,1665.0,14.0,21.0,2.0,7.0,3.0,779.0,58.0
455c26a4,7.0,1.0,1.0,1.0,5.0,1.0,7.0,0.0,0.0,0.0,4.0,22.0,13.0,0.0,0.0,0.0,0.0,0.0,6.0,2.0
99ea2ddd,113.0,3.0,20.0,68.0,25.0,1.0,113.0,0.0,0.0,0.0,62.0,267.0,81.0,2.0,0.0,0.0,3.0,4.0,74.0,6.0
4601e194,1137.0,21.0,205.0,590.0,349.0,23.0,1137.0,9.0,5.0,4.0,684.0,2794.0,1528.0,31.0,21.0,4.0,5.0,6.0,821.0,106.0
4bd414c1,1419.0,185.0,701.0,688.0,38.0,7.0,1419.0,6.0,3.0,3.0,882.0,5914.0,3918.0,10.0,7.0,0.0,8.0,4.0,968.0,2.0
036bba5f,647.0,35.0,163.0,390.0,101.0,12.0,647.0,10.0,5.0,4.0,351.0,1848.0,737.0,14.0,10.0,1.0,23.0,17.0,380.0,9.0
bb08bce9,521.0,48.0,215.0,274.0,40.0,12.0,521.0,11.0,7.0,4.0,249.0,1273.0,864.0,13.0,5.0,1.0,5.0,4.0,269.0,6.0
3d7e48ce,334.0,16.0,69.0,102.0,165.0,14.0,334.0,24.0,4.0,15.0,195.0,1379.0,580.0,28.0,18.0,2.0,24.0,16.0,214.0,53.0
6c811eb7,786.0,13.0,111.0,463.0,220.0,16.0,786.0,26.0,14.0,8.0,466.0,2106.0,910.0,18.0,17.0,1.0,33.0,17.0,575.0,58.0
b907d169,2.0,0.0,0.0,1.0,1.0,0.0,2.0,1.0,0.0,1.0,1.0,6.0,0.0,0.0,1.0,0.0,0.0,0.0,2.0,0.0
acc1aefa,497.0,10.0,112.0,319.0,67.0,7.0,497.0,2.0,1.0,1.0,269.0,1256.0,567.0,8.0,2.0,2.0,10.0,5.0,322.0,7.0
f8405304,139.0,2.0,21.0,48.0,77.0,13.0,139.0,22.0,8.0,10.0,97.0,774.0,425.0,17.0,5.0,7.0,19.0,5.0,95.0,36.0
e6697917,919.0,21.0,146.0,451.0,336.0,12.0,919.0,42.0,17.0,19.0,582.0,3382.0,1849.0,44.0,38.0,2.0,22.0,29.0,620.0,46.0
f4290206,652.0,48.0,222.0,381.0,50.0,5.0,652.0,1.0,1.0,0.0,440.0,2708.0,1625.0,17.0,7.0,0.0,5.0,1.0,495.0,3.0
629081bd,0.0,0.0,0.0,0.0,0.0,0.0,0.0,0.0,0.0,0.0,0.0,0.0,0.0,0.0,0.0,0.0,0.0,0.0,0.0,0.0
852ddfb8,430.0,35.0,146.0,221.0,66.0,5.0,430.0,10.0,2.0,7.0,157.0,616.0,264.0,6.0,4.0,1.0,8.0,3.0,210.0,16.0
3ecc11d8,1252.0,124.0,519.0,683.0,63.0,12.0,1252.0,7.0,3.0,0.0,693.0,4717.0,3239.0,26.0,13.0,1.0,4.0,1.0,701.0,6.0
00eba9c9,39.0,0.0,7.0,28.0,5.0,1.0,39.0,7.0,3.0,4.0,21.0,160.0,78.0,3.0,2.0,0.0,2.0,3.0,21.0,0.0
f3b1d9a2,205.0,6.0,22.0,69.0,117.0,18.0,205.0,15.0,6.0,9.0,115.0,785.0,376.0,12.0,10.0,6.0,24.0,10.0,123.0,30.0
22721b88,118.0,8.0,33.0,65.0,22.0,1.0,118.0,1.0,0.0,1.0,41.0,231.0,121.0,4.0,4.0,1.0,1.0,0.0,43.0,5.0
fdd26d71,284.0,16.0,76.0,144.0,64.0,3.0,284.0,9.0,3.0,5.0,105.0,462.0,199.0,4.0,5.0,0.0,4.0,1.0,127.0,11.0
c93231dc,70.0,8.0,20.0,30.0,20.0,8.0,70.0,4.0,2.0,0.0,37.0,261.0,127.0,6.0,2.0,3.0,7.0,4.0,41.0,4.0
58afe001,457.0,26.0,100.0,274.0,93.0,3.0,457.0,3.0,3.0,0.0,226.0,1116.0,495.0,8.0,10.0,0.0,13.0,4.0,237.0,7.0
2bef2bca,729.0,52.0,251.0,451.0,31.0,17.0,729.0,1.0,1.0,0.0,465.0,2832.0,1959.0,18.0,4.0,1.0,3.0,3.0,521.0,7.0
1e465e70,10.0,0.0,0.0,5.0,5.0,1.0,10.0,0.0,0.0,0.0,2.0,13.0,7.0,0.0,0.0,0.0,0.0,0.0,7.0,0.0
6091cf45,7.0,0.0,1.0,3.0,3.0,1.0,7.0,1.0,1.0,0.0,8.0,38.0,25.0,1.0,0.0,1.0,1.0,2.0,8.0,4.0
5d133e96,6.0,0.0,3.0,3.0,1.0,0.0,6.0,1.0,1.0,0.0,3.0,9.0,6.0,0.0,1.0,0.0,0.0,0.0,4.0,0.0
759d8dd7,221.0,15.0,70.0,106.0,51.0,5.0,221.0,7.0,3.0,4.0,106.0,496.0,312.0,7.0,6.0,2.0,6.0,2.0,103.0,17.0
9f0ea33f,222.0,185.0,222.0,0.0,0.0,0.0,222.0,0.0,0.0,0.0,101.0,384.0,206.0,0.0,0.0,0.0,1.0,0.0,92.0,0.0
45af8a54,453.0,5.0,33.0,187.0,235.0,29.0,452.0,14.0,10.0,4.0,286.0,1661.0,742.0,20.0,14.0,4.0,9.0,7.0,349.0,57.0
7dcf86f6,1000.0,15.0,66.0,449.0,498.0,92.0,998.0,37.0,11.0,19.0,690.0,3519.0,1695.0,63.0,45.0,23.0,37.0,36.0,814.0,168.0
d5dd5f1f,4.0,0.0,1.0,2.0,1.0,1.0,4.0,0.0,0.0,0.0,2.0,8.0,1.0,0.0,0.0,0.0,0.0,0.0,2.0,0.0
9fec8860,34.0,3.0,14.0,10.0,10.0,3.0,34.0,0.0,0.0,0.0,19.0,64.0,30.0,1.0,0.0,1.0,0.0,0.0,18.0,4.0
253a06b9,543.0,15.0,59.0,204.0,282.0,44.0,540.0,21.0,10.0,10.0,312.0,1483.0,547.0,17.0,14.0,5.0,32.0,16.0,379.0,67.0
bfd381b3,454.0,19.0,122.0,304.0,40.0,6.0,454.0,10.0,5.0,3.0,245.0,1159.0,340.0,2.0,3.0,0.0,21.0,10.0,237.0,6.0
075fe5a3,1010.0,129.0,586.0,406.0,24.0,7.0,1010.0,6.0,3.0,3.0,565.0,3097.0,1888.0,13.0,9.0,0.0,7.0,1.0,657.0,3.0
114bbdee,428.0,28.0,198.0,218.0,16.0,1.0,428.0,2.0,1.0,0.0,301.0,1299.0,642.0,4.0,3.0,0.0,0.0,1.0,309.0,2.0
e4346678,735.0,688.0,735.0,1.0,0.0,0.0,735.0,0.0,0.0,0.0,348.0,1981.0,1296.0,0.0,0.0,0.0,2.0,0.0,234.0,0.0
518f2234,588.0,12.0,80.0,248.0,269.0,40.0,588.0,33.0,15.0,14.0,394.0,2197.0,1051.0,33.0,29.0,9.0,21.0,22.0,440.0,67.0
5ccc9672,1156.0,25.0,264.0,546.0,362.0,40.0,1156.0,43.0,22.0,18.0,733.0,4020.0,2223.0,49.0,41.0,18.0,22.0,10.0,787.0,119.0
1fe67e86,40.0,1.0,7.0,16.0,17.0,0.0,40.0,0.0,0.0,0.0,17.0,78.0,37.0,0.0,2.0,0.0,0.0,1.0,23.0,6.0
cee88597,1419.0,61.0,323.0,634.0,466.0,18.0,1419.0,19.0,6.0,7.0,711.0,3616.0,2088.0,54.0,40.0,2.0,13.0,8.0,796.0,98.0
35f6db55,510.0,6.0,99.0,247.0,178.0,44.0,510.0,19.0,7.0,9.0,290.0,1720.0,1005.0,26.0,20.0,6.0,32.0,12.0,333.0,49.0
03049c8c,212.0,8.0,38.0,133.0,41.0,5.0,212.0,6.0,2.0,3.0,114.0,665.0,253.0,4.0,8.0,1.0,2.0,3.0,137.0,6.0
aad53e64,299.0,0.0,29.0,99.0,172.0,20.0,299.0,34.0,12.0,17.0,218.0,1399.0,663.0,29.0,17.0,7.0,16.0,12.0,230.0,83.0
200e89e1,246.0,11.0,74.0,107.0,68.0,5.0,246.0,18.0,10.0,8.0,119.0,666.0,266.0,6.0,4.0,1.0,8.0,8.0,134.0,14.0
45736cec,329.0,6.0,56.0,197.0,80.0,5.0,329.0,17.0,9.0,7.0,192.0,1052.0,420.0,10.0,7.0,3.0,11.0,5.0,250.0,17.0
d637fc22,305.0,28.0,113.0,167.0,26.0,6.0,305.0,3.0,0.0,1.0,133.0,667.0,268.0,3.0,4.0,0.0,5.0,6.0,162.0,3.0
d8712bf9,52.0,0.0,1.0,19.0,36.0,0.0,52.0,8.0,3.0,4.0,37.0,344.0,154.0,5.0,8.0,0.0,6.0,3.0,34.0,10.0
f874dd44,107.0,1.0,17.0,50.0,41.0,5.0,107.0,4.0,3.0,1.0,54.0,271.0,159.0,2.0,3.0,1.0,1.0,0.0,66.0,6.0
ed5c5fa3,1358.0,39.0,306.0,834.0,224.0,8.0,1358.0,9.0,5.0,4.0,812.0,4110.0,1711.0,20.0,28.0,3.0,18.0,13.0,907.0,16.0
70d74ece,759.0,4.0,34.0,268.0,461.0,108.0,753.0,24.0,9.0,14.0,450.0,2055.0,1019.0,36.0,25.0,18.0,18.0,15.0,639.0,93.0
b6e50615,875.0,49.0,222.0,392.0,270.0,13.0,875.0,14.0,5.0,7.0,484.0,2254.0,1134.0,24.0,20.0,2.0,10.0,9.0,493.0,47.0
dc1c2fce,809.0,13.0,83.0,242.0,496.0,72.0,809.0,43.0,11.0,28.0,468.0,2707.0,1096.0,35.0,32.0,21.0,40.0,27.0,545.0,160.0
697295b1,834.0,100.0,425.0,378.0,41.0,6.0,834.0,7.0,4.0,3.0,470.0,2586.0,1520.0,14.0,12.0,0.0,6.0,4.0,490.0,0.0
47c609d5,354.0,23.0,40.0,173.0,147.0,49.0,354.0,13.0,5.0,7.0,164.0,876.0,417.0,15.0,12.0,7.0,39.0,5.0,224.0,49.0
506daeac,82.0,4.0,20.0,46.0,16.0,0.0,82.0,1.0,0.0,1.0,40.0,166.0,57.0,1.0,1.0,0.0,2.0,3.0,53.0,2.0
1657f448,132.0,4.0,39.0,43.0,54.0,1.0,132.0,5.0,1.0,4.0,65.0,423.0,199.0,4.0,4.0,0.0,2.0,0.0,61.0,11.0
0da6a13e,356.0,9.0,54.0,143.0,171.0,23.0,356.0,42.0,14.0,24.0,218.0,1624.0,797.0,28.0,18.0,6.0,22.0,11.0,235.0,52.0
7f271d74,28.0,7.0,15.0,13.0,0.0,0.0,28.0,0.0,0.0,0.0,9.0,70.0,33.0,0.0,0.0,0.0,0.0,1.0,12.0,0.0
f6798fc3,857.0,651.0,845.0,13.0,0.0,0.0,857.0,0.0,0.0,0.0,506.0,2306.0,1210.0,0.0,0.0,0.0,3.0,0.0,470.0,0.0
d49f3e6b,670.0,31.0,61.0,358.0,264.0,54.0,669.0,64.0,35.0,28.0,423.0,2135.0,835.0,33.0,21.0,13.0,96.0,52.0,475.0,92.0
fd771f95,439.0,7.0,38.0,173.0,232.0,47.0,439.0,36.0,12.0,18.0,250.0,1195.0,564.0,16.0,14.0,8.0,31.0,14.0,329.0,73.0
2475cf9b,531.0,70.0,282.0,213.0,38.0,5.0,531.0,5.0,3.0,2.0,278.0,1383.0,607.0,9.0,2.0,1.0,7.0,4.0,324.0,6.0
4accb7e0,434.0,12.0,72.0,220.0,145.0,23.0,434.0,8.0,4.0,2.0,212.0,1088.0,587.0,15.0,11.0,0.0,18.0,10.0,261.0,32.0
10072610,159.0,128.0,158.0,1.0,0.0,0.0,159.0,0.0,0.0,0.0,68.0,411.0,263.0,0.0,0.0,0.0,0.0,0.0,55.0,0.0
7b5ab7f2,165.0,7.0,40.0,48.0,77.0,9.0,165.0,10.0,4.0,6.0,92.0,481.0,193.0,7.0,2.0,0.0,8.0,5.0,100.0,24.0
8f3565b3,317.0,12.0,21.0,135.0,167.0,65.0,317.0,14.0,4.0,6.0,143.0,689.0,247.0,11.0,12.0,6.0,40.0,21.0,233.0,61.0
edc98fac,1405.0,125.0,676.0,700.0,36.0,13.0,1405.0,4.0,2.0,0.0,881.0,4575.0,2909.0,12.0,5.0,0.0,3.0,0.0,988.0,2.0
5ab0ea87,1252.0,39.0,241.0,842.0,182.0,10.0,1252.0,9.0,6.0,1.0,697.0,2880.0,1405.0,11.0,19.0,0.0,14.0,10.0,895.0,21.0
69cbc8b6,1071.0,143.0,513.0,508.0,54.0,25.0,1071.0,2.0,2.0,0.0,505.0,2155.0,962.0,9.0,5.0,1.0,4.0,2.0,582.0,3.0
fe05804b,59.0,13.0,37.0,21.0,1.0,1.0,59.0,0.0,0.0,0.0,19.0,59.0,8.0,0.0,0.0,0.0,0.0,1.0,22.0,0.0
41b3069f,685.0,66.0,276.0,358.0,58.0,7.0,685.0,1.0,0.0,1.0,317.0,1351.0,662.0,5.0,5.0,1.0,9.0,4.0,361.0,1.0
af34f10d,55.0,3.0,19.0,34.0,2.0,0.0,55.0,0.0,0.0,0.0,38.0,185.0,133.0,1.0,0.0,0.0,1.0,1.0,40.0,1.0
7b9c2d84,949.0,24.0,176.0,524.0,266.0,17.0,949.0,41.0,24.0,13.0,621.0,3769.0,2163.0,42.0,52.0,4.0,24.0,14.0,721.0,57.0
873619c6,499.0,18.0,35.0,219.0,252.0,65.0,499.0,29.0,10.0,18.0,306.0,1612.0,636.0,28.0,26.0,12.0,39.0,26.0,352.0,82.0
a6de370d,1042.0,10.0,121.0,485.0,457.0,36.0,1041.0,27.0,11.0,11.0,657.0,3998.0,1957.0,48.0,43.0,5.0,38.0,35.0,801.0,93.0
37f1cf47,20.0,0.0,3.0,5.0,12.0,0.0,20.0,1.0,1.0,0.0,16.0,97.0,75.0,2.0,3.0,0.0,2.0,0.0,15.0,1.0
5acc4a10,883.0,32.0,165.0,536.0,191.0,16.0,883.0,31.0,16.0,13.0,554.0,2917.0,1436.0,30.0,17.0,5.0,18.0,11.0,681.0,47.0
c4b888df,689.0,73.0,267.0,320.0,107.0,5.0,689.0,10.0,8.0,2.0,270.0,1254.0,732.0,15.0,9.0,1.0,12.0,11.0,319.0,26.0
688b96e3,356.0,324.0,355.0,1.0,0.0,0.0,356.0,0.0,0.0,0.0,212.0,903.0,476.0,0.0,0.0,0.0,0.0,0.0,188.0,0.0
5b93209a,8.0,0.0,1.0,2.0,5.0,1.0,8.0,1.0,1.0,0.0,7.0,44.0,9.0,0.0,0.0,0.0,2.0,0.0,7.0,3.0
5b93209a,62.0,6.0,21.0,12.0,29.0,4.0,62.0,5.0,1.0,4.0,31.0,202.0,96.0,2.0,4.0,0.0,3.0,4.0,30.0,8.0
2dce876a,200.0,13.0,62.0,70.0,71.0,14.0,200.0,12.0,5.0,5.0,102.0,600.0,239.0,8.0,7.0,5.0,11.0,3.0,85.0,20.0
2dce876a,400.0,33.0,147.0,196.0,60.0,6.0,400.0,6.0,2.0,3.0,227.0,935.0,526.0,9.0,11.0,2.0,11.0,2.0,249.0,8.0
de39485a,710.0,16.0,117.0,250.0,356.0,75.0,710.0,56.0,29.0,20.0,403.0,3081.0,1589.0,62.0,26.0,31.0,29.0,22.0,452.0,112.0
4958bfb2,989.0,51.0,272.0,410.0,311.0,14.0,989.0,10.0,4.0,3.0,558.0,1952.0,960.0,10.0,20.0,0.0,12.0,4.0,682.0,79.0
dee86451,1285.0,24.0,184.0,871.0,242.0,27.0,1285.0,34.0,20.0,11.0,792.0,3645.0,1809.0,31.0,21.0,4.0,18.0,17.0,1027.0,35.0
4d224fe8,11.0,1.0,3.0,8.0,0.0,0.0,11.0,0.0,0.0,0.0,7.0,20.0,6.0,0.0,0.0,0.0,1.0,0.0,7.0,0.0
da76bab4,441.0,20.0,46.0,179.0,227.0,77.0,440.0,28.0,11.0,12.0,244.0,1338.0,654.0,22.0,20.0,6.0,33.0,16.0,313.0,91.0
130a7a3f,595.0,2.0,67.0,252.0,281.0,31.0,595.0,52.0,17.0,28.0,401.0,2304.0,1182.0,38.0,24.0,9.0,34.0,20.0,428.0,76.0
274ab13c,1396.0,183.0,754.0,622.0,26.0,13.0,1396.0,1.0,1.0,0.0,823.0,3912.0,2012.0,8.0,4.0,0.0,7.0,2.0,913.0,1.0
527f063d,338.0,8.0,34.0,151.0,155.0,42.0,335.0,6.0,1.0,4.0,161.0,644.0,251.0,7.0,6.0,3.0,22.0,8.0,257.0,40.0
c0617e2b,869.0,11.0,121.0,511.0,240.0,13.0,869.0,27.0,15.0,11.0,613.0,3351.0,1580.0,30.0,28.0,3.0,8.0,15.0,707.0,25.0
ae852b7d,6.0,0.0,4.0,1.0,1.0,0.0,6.0,0.0,0.0,0.0,3.0,13.0,11.0,0.0,0.0,0.0,0.0,0.0,4.0,1.0
5e1028e5,741.0,11.0,147.0,326.0,276.0,31.0,741.0,33.0,10.0,18.0,401.0,2167.0,930.0,29.0,26.0,6.0,24.0,14.0,407.0,64.0
63c5e56b,81.0,4.0,13.0,23.0,45.0,0.0,81.0,1.0,0.0,1.0,46.0,227.0,129.0,5.0,1.0,0.0,4.0,1.0,54.0,9.0
873ce3a2,16.0,1.0,6.0,10.0,0.0,0.0,16.0,1.0,0.0,1.0,7.0,30.0,9.0,0.0,0.0,0.0,1.0,0.0,10.0,0.0
1cb49278,957.0,74.0,366.0,567.0,26.0,6.0,957.0,1.0,0.0,1.0,661.0,3447.0,2004.0,15.0,11.0,0.0,4.0,0.0,730.0,2.0
b8a642fc,693.0,11.0,81.0,234.0,392.0,71.0,693.0,86.0,40.0,43.0,489.0,3320.0,1760.0,62.0,35.0,34.0,36.0,17.0,536.0,149.0
ec1a731e,475.0,63.0,268.0,205.0,8.0,3.0,475.0,3.0,1.0,2.0,215.0,1214.0,561.0,3.0,2.0,0.0,2.0,1.0,268.0,0.0
9a0408b6,668.0,42.0,187.0,401.0,88.0,14.0,668.0,6.0,2.0,3.0,375.0,1804.0,869.0,8.0,14.0,1.0,10.0,7.0,389.0,3.0
33a61a52,907.0,65.0,296.0,385.0,230.0,20.0,907.0,28.0,12.0,15.0,467.0,2479.0,1057.0,34.0,21.0,2.0,17.0,10.0,514.0,70.0
85dace26,298.0,8.0,49.0,132.0,123.0,15.0,298.0,16.0,6.0,9.0,190.0,1249.0,514.0,10.0,15.0,3.0,11.0,7.0,216.0,34.0
b3f62bfc,8.0,0.0,0.0,2.0,6.0,1.0,8.0,0.0,0.0,0.0,3.0,9.0,4.0,0.0,0.0,0.0,0.0,0.0,6.0,3.0
15937e17,995.0,140.0,532.0,448.0,27.0,9.0,995.0,2.0,2.0,0.0,611.0,3337.0,1925.0,5.0,8.0,1.0,1.0,0.0,622.0,0.0
5ae499d0,803.0,16.0,115.0,487.0,208.0,29.0,803.0,25.0,13.0,10.0,429.0,2261.0,1162.0,16.0,20.0,2.0,16.0,18.0,528.0,33.0
0f26ffd7,741.0,73.0,360.0,352.0,39.0,13.0,741.0,8.0,8.0,0.0,379.0,1447.0,789.0,6.0,3.0,0.0,9.0,6.0,424.0,1.0
a6951bf8,391.0,17.0,63.0,224.0,107.0,18.0,391.0,6.0,2.0,2.0,199.0,877.0,394.0,11.0,11.0,1.0,18.0,14.0,286.0,27.0
fb938d24,25.0,0.0,4.0,10.0,11.0,3.0,25.0,1.0,0.0,1.0,19.0,76.0,33.0,1.0,1.0,0.0,1.0,1.0,23.0,5.0
01eb744d,497.0,8.0,48.0,192.0,261.0,80.0,497.0,40.0,15.0,23.0,319.0,1466.0,687.0,31.0,14.0,17.0,39.0,13.0,384.0,99.0
c78b352d,1164.0,54.0,365.0,489.0,325.0,19.0,1164.0,24.0,8.0,10.0,621.0,3289.0,1878.0,46.0,32.0,8.0,25.0,10.0,703.0,87.0
808d48f3,925.0,36.0,226.0,418.0,290.0,26.0,925.0,19.0,5.0,11.0,489.0,2491.0,1466.0,43.0,23.0,5.0,13.0,6.0,578.0,94.0
76c2a023,857.0,49.0,297.0,492.0,75.0,7.0,857.0,9.0,2.0,7.0,437.0,1661.0,721.0,4.0,3.0,0.0,19.0,8.0,531.0,15.0
1840e36d,642.0,537.0,639.0,3.0,0.0,0.0,642.0,0.0,0.0,0.0,426.0,2159.0,1382.0,0.0,1.0,1.0,2.0,0.0,374.0,0.0
1944818c,470.0,10.0,115.0,199.0,164.0,8.0,470.0,38.0,20.0,14.0,286.0,2099.0,1145.0,33.0,24.0,4.0,17.0,6.0,310.0,49.0
a56da3ba,831.0,71.0,254.0,413.0,171.0,4.0,831.0,11.0,5.0,4.0,412.0,1943.0,965.0,13.0,14.0,1.0,13.0,4.0,457.0,47.0
cc2dd8a5,56.0,0.0,6.0,18.0,33.0,8.0,56.0,6.0,2.0,3.0,36.0,284.0,176.0,7.0,4.0,3.0,3.0,2.0,37.0,14.0
0abc51f2,328.0,40.0,167.0,155.0,6.0,3.0,328.0,0.0,0.0,0.0,202.0,1196.0,887.0,6.0,1.0,0.0,2.0,0.0,222.0,0.0
192c89a6,110.0,5.0,28.0,54.0,28.0,2.0,110.0,3.0,2.0,0.0,57.0,238.0,142.0,3.0,2.0,0.0,2.0,1.0,59.0,9.0
dc62b55d,131.0,4.0,17.0,61.0,58.0,22.0,131.0,7.0,6.0,1.0,74.0,473.0,221.0,6.0,7.0,4.0,9.0,5.0,89.0,19.0
f9a225f5,34.0,0.0,3.0,18.0,13.0,1.0,34.0,0.0,0.0,0.0,15.0,63.0,36.0,1.0,3.0,0.0,1.0,0.0,22.0,1.0
f08490a6,135.0,2.0,11.0,39.0,86.0,23.0,134.0,7.0,2.0,4.0,88.0,490.0,260.0,12.0,3.0,8.0,11.0,6.0,103.0,35.0
070a3904,1194.0,28.0,166.0,669.0,386.0,21.0,1194.0,79.0,32.0,37.0,696.0,5210.0,2962.0,74.0,60.0,6.0,26.0,15.0,742.0,45.0
162efffd,846.0,4.0,120.0,500.0,231.0,9.0,846.0,16.0,9.0,5.0,537.0,2521.0,1378.0,28.0,16.0,2.0,18.0,11.0,672.0,32.0
84a85b48,1.0,0.0,0.0,1.0,0.0,0.0,1.0,0.0,0.0,0.0,1.0,2.0,1.0,0.0,0.0,0.0,0.0,0.0,1.0,0.0
fe641c1a,188.0,8.0,52.0,108.0,28.0,7.0,188.0,0.0,0.0,0.0,113.0,361.0,110.0,1.0,0.0,1.0,4.0,3.0,138.0,3.0
e7d2a50b,8.0,0.0,1.0,3.0,4.0,1.0,8.0,0.0,0.0,0.0,3.0,9.0,5.0,0.0,1.0,0.0,0.0,0.0,7.0,3.0
b19db005,800.0,2.0,24.0,257.0,533.0,68.0,800.0,72.0,21.0,44.0,578.0,4684.0,2515.0,92.0,61.0,42.0,17.0,16.0,646.0,148.0
d2110326,806.0,109.0,425.0,346.0,38.0,22.0,806.0,2.0,0.0,2.0,464.0,2204.0,1124.0,6.0,4.0,0.0,8.0,3.0,502.0,4.0
80211dc5,21.0,0.0,6.0,9.0,6.0,3.0,21.0,3.0,1.0,2.0,14.0,84.0,55.0,3.0,0.0,1.0,1.0,1.0,9.0,0.0
d61759ec,30.0,3.0,9.0,22.0,1.0,0.0,30.0,0.0,0.0,0.0,15.0,34.0,16.0,0.0,0.0,0.0,2.0,3.0,11.0,0.0
fc70e345,706.0,585.0,700.0,6.0,0.0,0.0,706.0,0.0,0.0,0.0,361.0,2226.0,1384.0,0.0,0.0,0.0,0.0,0.0,239.0,1.0
a461f098,8.0,0.0,0.0,1.0,7.0,0.0,8.0,1.0,1.0,0.0,5.0,52.0,30.0,1.0,0.0,0.0,0.0,0.0,6.0,3.0
a4971d84,887.0,76.0,400.0,436.0,61.0,6.0,887.0,14.0,7.0,1.0,497.0,2361.0,1181.0,5.0,7.0,0.0,14.0,12.0,498.0,11.0
ac295d9e,111.0,90.0,110.0,1.0,0.0,0.0,111.0,0.0,0.0,0.0,58.0,245.0,134.0,0.0,0.0,0.0,0.0,0.0,46.0,0.0
cc83b74d,46.0,5.0,7.0,23.0,17.0,5.0,46.0,3.0,1.0,0.0,28.0,202.0,75.0,2.0,2.0,0.0,3.0,2.0,31.0,9.0
3521abfe,13.0,4.0,9.0,5.0,0.0,0.0,13.0,0.0,0.0,0.0,7.0,21.0,2.0,0.0,0.0,0.0,0.0,0.0,6.0,0.0
5e95c000,48.0,10.0,35.0,13.0,0.0,0.0,48.0,0.0,0.0,0.0,27.0,112.0,63.0,0.0,0.0,0.0,3.0,0.0,27.0,0.0
93090f69,948.0,132.0,505.0,413.0,32.0,19.0,948.0,6.0,5.0,1.0,468.0,2239.0,1026.0,4.0,1.0,0.0,4.0,1.0,506.0,0.0
6db116ec,29.0,3.0,8.0,10.0,11.0,0.0,29.0,3.0,1.0,2.0,14.0,54.0,5.0,0.0,0.0,0.0,0.0,0.0,16.0,3.0
37e103f8,233.0,5.0,9.0,97.0,128.0,40.0,233.0,4.0,1.0,3.0,137.0,506.0,279.0,8.0,7.0,5.0,15.0,9.0,178.0,46.0
3e93f8cf,452.0,18.0,126.0,274.0,56.0,3.0,452.0,3.0,3.0,0.0,253.0,986.0,491.0,4.0,6.0,0.0,4.0,4.0,312.0,7.0
f7dc2ae5,705.0,53.0,269.0,358.0,79.0,11.0,705.0,3.0,1.0,2.0,357.0,1793.0,944.0,15.0,9.0,0.0,9.0,3.0,411.0,14.0
fd47b4f2,1148.0,209.0,705.0,418.0,32.0,18.0,1148.0,3.0,2.0,1.0,576.0,2229.0,1261.0,6.0,6.0,1.0,13.0,0.0,672.0,3.0
db8f0eba,502.0,8.0,67.0,199.0,244.0,28.0,502.0,60.0,23.0,28.0,280.0,2139.0,1041.0,38.0,26.0,10.0,23.0,20.0,287.0,72.0
db8f0eba,15.0,2.0,2.0,8.0,6.0,1.0,15.0,4.0,2.0,1.0,7.0,49.0,36.0,1.0,1.0,0.0,2.0,0.0,6.0,2.0
04e17fd5,239.0,8.0,28.0,103.0,109.0,56.0,239.0,9.0,1.0,8.0,102.0,361.0,150.0,8.0,0.0,8.0,27.0,4.0,152.0,41.0
3f79a1c8,212.0,11.0,46.0,131.0,38.0,5.0,212.0,3.0,2.0,0.0,89.0,418.0,179.0,1.0,3.0,0.0,3.0,3.0,119.0,2.0
b0616e3d,499.0,30.0,190.0,197.0,114.0,5.0,499.0,9.0,2.0,6.0,208.0,938.0,431.0,8.0,9.0,0.0,7.0,5.0,241.0,22.0
db001fa9,1156.0,74.0,390.0,514.0,262.0,16.0,1156.0,29.0,11.0,16.0,460.0,1855.0,1036.0,28.0,15.0,4.0,32.0,12.0,517.0,75.0
4242011c,640.0,107.0,340.0,288.0,18.0,9.0,640.0,3.0,2.0,1.0,365.0,2047.0,1153.0,4.0,2.0,0.0,3.0,4.0,425.0,2.0
283c7121,500.0,21.0,93.0,238.0,173.0,16.0,500.0,14.0,5.0,4.0,238.0,1084.0,527.0,12.0,7.0,2.0,22.0,10.0,288.0,45.0
3409de86,180.0,6.0,50.0,75.0,58.0,4.0,180.0,7.0,1.0,4.0,113.0,642.0,380.0,7.0,8.0,1.0,6.0,4.0,104.0,21.0
bed68338,387.0,5.0,42.0,129.0,226.0,24.0,387.0,37.0,14.0,12.0,244.0,1897.0,1054.0,42.0,23.0,18.0,27.0,26.0,281.0,65.0
66116290,209.0,11.0,17.0,83.0,110.0,30.0,208.0,10.0,2.0,8.0,118.0,423.0,93.0,0.0,3.0,2.0,22.0,8.0,155.0,40.0
72a84002,493.0,77.0,252.0,216.0,28.0,13.0,493.0,3.0,1.0,1.0,238.0,1141.0,630.0,2.0,0.0,0.0,4.0,0.0,267.0,7.0
805a2a11,22.0,2.0,8.0,10.0,4.0,0.0,22.0,1.0,0.0,1.0,10.0,39.0,16.0,0.0,0.0,0.0,1.0,0.0,8.0,0.0
0ba976e4,499.0,8.0,41.0,171.0,289.0,81.0,499.0,32.0,16.0,13.0,346.0,1832.0,815.0,25.0,15.0,17.0,27.0,18.0,399.0,109.0
89151b16,249.0,48.0,162.0,85.0,3.0,2.0,249.0,0.0,0.0,0.0,124.0,595.0,278.0,0.0,0.0,0.0,0.0,1.0,147.0,0.0
bece776f,606.0,2.0,36.0,257.0,317.0,42.0,605.0,41.0,15.0,19.0,401.0,2300.0,1060.0,41.0,25.0,13.0,33.0,22.0,487.0,75.0
51a3c4c8,149.0,9.0,56.0,90.0,5.0,2.0,149.0,2.0,1.0,1.0,102.0,581.0,332.0,2.0,0.0,0.0,0.0,0.0,98.0,1.0
15d0c248,589.0,98.0,317.0,260.0,13.0,5.0,589.0,5.0,2.0,3.0,302.0,1331.0,668.0,1.0,0.0,0.0,3.0,0.0,354.0,0.0
8aafd64f,322.0,3.0,23.0,158.0,142.0,21.0,322.0,24.0,6.0,14.0,211.0,1077.0,554.0,17.0,16.0,2.0,20.0,12.0,260.0,42.0
e5d01ecf,670.0,34.0,239.0,277.0,161.0,6.0,670.0,10.0,5.0,2.0,373.0,1999.0,1002.0,26.0,22.0,1.0,5.0,6.0,431.0,42.0
a01c3d54,483.0,411.0,479.0,4.0,0.0,0.0,483.0,0.0,0.0,0.0,252.0,1250.0,828.0,0.0,0.0,0.0,1.0,0.0,182.0,0.0
aa677a35,696.0,28.0,146.0,391.0,162.0,21.0,695.0,6.0,2.0,2.0,391.0,1758.0,758.0,16.0,18.0,3.0,15.0,21.0,488.0,21.0
f127d782,383.0,297.0,376.0,7.0,0.0,0.0,383.0,0.0,0.0,0.0,171.0,1035.0,698.0,0.0,0.0,0.0,0.0,1.0,123.0,0.0
e08647d6,120.0,3.0,17.0,49.0,57.0,11.0,120.0,11.0,5.0,4.0,70.0,419.0,165.0,5.0,2.0,3.0,7.0,4.0,87.0,27.0
f25b010f,30.0,11.0,24.0,5.0,1.0,0.0,30.0,0.0,0.0,0.0,5.0,11.0,6.0,0.0,0.0,0.0,1.0,0.0,2.0,0.0
b86a64b2,777.0,124.0,463.0,296.0,18.0,12.0,777.0,0.0,0.0,0.0,430.0,2008.0,1066.0,5.0,3.0,0.0,4.0,1.0,494.0,1.0
dabb2827,878.0,787.0,875.0,3.0,0.0,0.0,878.0,0.0,0.0,0.0,440.0,2317.0,1475.0,0.0,0.0,0.0,0.0,0.0,358.0,0.0
41f32541,822.0,67.0,304.0,412.0,110.0,3.0,822.0,3.0,2.0,0.0,488.0,2103.0,901.0,5.0,16.0,0.0,10.0,10.0,552.0,10.0
eb82b6f1,345.0,6.0,56.0,150.0,143.0,17.0,344.0,27.0,10.0,15.0,219.0,1254.0,746.0,23.0,14.0,1.0,12.0,10.0,249.0,37.0
45e17712,498.0,26.0,164.0,185.0,153.0,11.0,498.0,11.0,5.0,6.0,235.0,1380.0,791.0,22.0,15.0,4.0,19.0,4.0,271.0,42.0
6c7762c3,732.0,42.0,204.0,403.0,137.0,8.0,732.0,28.0,12.0,13.0,397.0,2529.0,1423.0,27.0,22.0,2.0,9.0,10.0,445.0,9.0
29d0f2ac,583.0,42.0,194.0,258.0,137.0,6.0,583.0,17.0,3.0,8.0,312.0,1695.0,830.0,20.0,14.0,4.0,10.0,8.0,333.0,54.0
a4b00319,1602.0,43.0,455.0,682.0,485.0,26.0,1602.0,97.0,40.0,44.0,932.0,5853.0,3286.0,86.0,67.0,15.0,44.0,31.0,954.0,150.0
91f7631f,908.0,24.0,205.0,559.0,154.0,2.0,908.0,16.0,7.0,7.0,521.0,2222.0,924.0,14.0,11.0,0.0,10.0,10.0,584.0,10.0
a10361d2,1622.0,62.0,340.0,881.0,412.0,19.0,1622.0,21.0,11.0,8.0,903.0,4180.0,1964.0,34.0,26.0,6.0,17.0,9.0,1130.0,60.0
90bbd822,805.0,17.0,126.0,198.0,495.0,63.0,805.0,32.0,10.0,19.0,482.0,2841.0,1495.0,85.0,19.0,28.0,29.0,14.0,515.0,183.0
e7f4603c,121.0,6.0,27.0,60.0,34.0,8.0,121.0,2.0,2.0,0.0,81.0,427.0,185.0,6.0,4.0,0.0,3.0,4.0,87.0,11.0
661e2822,28.0,2.0,12.0,15.0,1.0,1.0,28.0,1.0,1.0,0.0,15.0,50.0,27.0,0.0,0.0,0.0,0.0,0.0,17.0,0.0
240d3a0b,404.0,24.0,90.0,257.0,61.0,1.0,404.0,1.0,1.0,0.0,215.0,612.0,216.0,4.0,3.0,0.0,3.0,2.0,250.0,2.0
3e42f707,1086.0,133.0,515.0,541.0,33.0,15.0,1086.0,1.0,1.0,0.0,552.0,2726.0,1312.0,8.0,3.0,0.0,6.0,1.0,620.0,3.0
2bed3eab,915.0,76.0,400.0,491.0,30.0,4.0,915.0,3.0,1.0,2.0,611.0,3036.0,1779.0,17.0,15.0,0.0,3.0,0.0,699.0,2.0
7226539b,1541.0,56.0,372.0,709.0,482.0,17.0,1541.0,37.0,13.0,20.0,884.0,6671.0,4453.0,132.0,102.0,8.0,25.0,7.0,932.0,110.0
b418dbd4,282.0,8.0,25.0,117.0,142.0,47.0,282.0,11.0,6.0,4.0,156.0,730.0,350.0,9.0,12.0,2.0,9.0,5.0,196.0,41.0
5c96b017,478.0,9.0,56.0,198.0,228.0,19.0,478.0,12.0,5.0,6.0,260.0,1241.0,491.0,14.0,11.0,2.0,16.0,5.0,315.0,60.0
4a633cfe,768.0,70.0,374.0,375.0,28.0,7.0,768.0,6.0,4.0,1.0,405.0,1955.0,1117.0,10.0,5.0,0.0,4.0,4.0,452.0,3.0
9a26fa06,47.0,7.0,25.0,22.0,0.0,0.0,47.0,0.0,0.0,0.0,30.0,98.0,47.0,0.0,0.0,0.0,0.0,0.0,30.0,0.0
475a738b,12.0,1.0,1.0,4.0,7.0,4.0,12.0,0.0,0.0,0.0,7.0,25.0,16.0,1.0,0.0,1.0,1.0,0.0,8.0,1.0
19cae58d,950.0,15.0,86.0,503.0,372.0,48.0,950.0,28.0,12.0,14.0,616.0,3212.0,1484.0,32.0,38.0,7.0,39.0,18.0,711.0,105.0
63d17038,525.0,453.0,522.0,3.0,0.0,0.0,525.0,0.0,0.0,0.0,303.0,1439.0,805.0,0.0,0.0,0.0,3.0,1.0,222.0,0.0
6652cf96,775.0,43.0,226.0,325.0,233.0,15.0,775.0,23.0,10.0,11.0,329.0,1742.0,744.0,22.0,19.0,1.0,29.0,7.0,356.0,70.0
18017beb,5.0,0.0,0.0,2.0,3.0,0.0,5.0,1.0,0.0,1.0,3.0,6.0,0.0,0.0,0.0,0.0,1.0,0.0,3.0,2.0
0e5ddc7c,24.0,0.0,4.0,9.0,12.0,3.0,24.0,0.0,0.0,0.0,14.0,90.0,19.0,1.0,1.0,0.0,2.0,1.0,15.0,6.0
4c2e9442,27.0,2.0,2.0,9.0,16.0,8.0,27.0,2.0,0.0,2.0,19.0,93.0,64.0,1.0,0.0,3.0,3.0,1.0,21.0,1.0
5a626448,1242.0,17.0,179.0,718.0,361.0,16.0,1242.0,26.0,18.0,6.0,822.0,4702.0,1947.0,30.0,35.0,5.0,24.0,18.0,903.0,58.0
6e4df551,444.0,8.0,52.0,221.0,175.0,14.0,444.0,15.0,3.0,6.0,335.0,2160.0,928.0,19.0,25.0,3.0,13.0,11.0,368.0,42.0
bc6f5f06,800.0,108.0,419.0,369.0,17.0,9.0,800.0,0.0,0.0,0.0,400.0,1607.0,724.0,0.0,2.0,0.0,4.0,0.0,473.0,0.0
4ac7608e,426.0,64.0,284.0,128.0,16.0,7.0,426.0,2.0,1.0,1.0,218.0,1187.0,622.0,1.0,0.0,0.0,1.0,3.0,244.0,2.0
49d028db,742.0,119.0,431.0,297.0,16.0,10.0,742.0,2.0,1.0,0.0,366.0,1390.0,676.0,2.0,3.0,1.0,5.0,1.0,468.0,1.0
1fc474ae,313.0,20.0,105.0,135.0,74.0,14.0,313.0,14.0,7.0,6.0,155.0,718.0,368.0,9.0,6.0,3.0,6.0,2.0,185.0,29.0
2c56a792,477.0,12.0,81.0,277.0,123.0,10.0,477.0,17.0,12.0,2.0,286.0,1349.0,624.0,10.0,18.0,1.0,4.0,6.0,332.0,12.0
56545648,35.0,0.0,0.0,21.0,14.0,1.0,35.0,2.0,0.0,1.0,17.0,95.0,31.0,1.0,1.0,1.0,1.0,0.0,25.0,1.0
6f5f82c0,534.0,13.0,118.0,246.0,171.0,6.0,534.0,7.0,1.0,4.0,266.0,1210.0,541.0,13.0,9.0,1.0,6.0,5.0,319.0,39.0
ee45d138,110.0,12.0,66.0,43.0,2.0,2.0,110.0,0.0,0.0,0.0,32.0,124.0,55.0,0.0,0.0,0.0,0.0,1.0,57.0,0.0
3f034750,96.0,81.0,96.0,0.0,0.0,0.0,96.0,0.0,0.0,0.0,45.0,269.0,196.0,0.0,0.0,0.0,0.0,0.0,32.0,0.0
8b298f56,367.0,8.0,53.0,199.0,116.0,5.0,367.0,7.0,3.0,2.0,189.0,688.0,278.0,4.0,5.0,1.0,15.0,4.0,244.0,24.0
df69b544,1060.0,22.0,119.0,504.0,456.0,71.0,1059.0,55.0,30.0,20.0,613.0,3332.0,1743.0,55.0,38.0,15.0,19.0,26.0,740.0,108.0
ef322658,561.0,19.0,155.0,327.0,86.0,6.0,561.0,4.0,2.0,2.0,309.0,1486.0,665.0,6.0,5.0,0.0,14.0,5.0,353.0,9.0
32974271,191.0,7.0,27.0,91.0,74.0,17.0,191.0,7.0,0.0,6.0,99.0,373.0,144.0,7.0,6.0,2.0,18.0,4.0,125.0,20.0
32974271,77.0,3.0,6.0,30.0,42.0,7.0,77.0,9.0,6.0,2.0,44.0,201.0,80.0,3.0,1.0,2.0,6.0,4.0,55.0,9.0
0076ab7f,1260.0,140.0,555.0,595.0,113.0,11.0,1260.0,2.0,1.0,1.0,745.0,3860.0,2273.0,19.0,24.0,0.0,12.0,1.0,883.0,4.0
8e48dc61,132.0,1.0,12.0,82.0,39.0,0.0,132.0,1.0,1.0,0.0,87.0,375.0,189.0,1.0,3.0,0.0,1.0,1.0,104.0,1.0
7155e3e1,204.0,7.0,43.0,123.0,40.0,7.0,204.0,8.0,5.0,3.0,129.0,595.0,290.0,3.0,5.0,1.0,6.0,5.0,139.0,6.0
f7c12fbf,909.0,44.0,214.0,500.0,203.0,5.0,908.0,3.0,0.0,2.0,479.0,1930.0,871.0,10.0,12.0,0.0,5.0,13.0,609.0,14.0
ac454a4f,896.0,37.0,177.0,505.0,220.0,8.0,896.0,10.0,2.0,4.0,456.0,1868.0,852.0,8.0,10.0,1.0,12.0,4.0,538.0,19.0
6b5ea2f4,224.0,4.0,16.0,106.0,103.0,31.0,224.0,4.0,1.0,3.0,123.0,398.0,128.0,3.0,3.0,2.0,12.0,12.0,160.0,42.0
0b2c8585,362.0,10.0,96.0,199.0,69.0,8.0,362.0,9.0,2.0,7.0,214.0,877.0,320.0,4.0,9.0,2.0,12.0,13.0,245.0,12.0
7e98cff1,1009.0,39.0,294.0,403.0,320.0,28.0,1009.0,43.0,17.0,23.0,580.0,3392.0,1495.0,48.0,26.0,12.0,22.0,15.0,649.0,105.0
8696bc90,258.0,4.0,25.0,113.0,123.0,20.0,258.0,15.0,6.0,7.0,166.0,803.0,298.0,11.0,8.0,4.0,15.0,10.0,187.0,42.0
e0979e74,15.0,0.0,1.0,9.0,6.0,0.0,15.0,3.0,2.0,1.0,14.0,146.0,19.0,1.0,1.0,0.0,1.0,0.0,15.0,2.0
a39bb753,78.0,0.0,2.0,29.0,48.0,8.0,77.0,2.0,2.0,0.0,62.0,319.0,173.0,5.0,4.0,1.0,5.0,1.0,74.0,13.0
8059806f,576.0,12.0,98.0,246.0,247.0,38.0,576.0,81.0,34.0,33.0,359.0,2437.0,1041.0,37.0,25.0,11.0,39.0,40.0,389.0,85.0
555f3a0b,587.0,70.0,295.0,270.0,25.0,10.0,587.0,3.0,2.0,1.0,299.0,1152.0,532.0,2.0,2.0,0.0,5.0,2.0,377.0,0.0
132ac341,401.0,61.0,209.0,184.0,9.0,2.0,401.0,2.0,1.0,0.0,211.0,872.0,382.0,1.0,2.0,0.0,3.0,2.0,211.0,0.0
02d2c436,1082.0,139.0,537.0,425.0,125.0,9.0,1082.0,3.0,3.0,0.0,442.0,1884.0,1105.0,3.0,2.0,0.0,3.0,1.0,536.0,4.0
90162357,15.0,1.0,2.0,10.0,3.0,0.0,15.0,0.0,0.0,0.0,6.0,20.0,7.0,0.0,0.0,0.0,0.0,1.0,5.0,0.0
436a9dd0,233.0,10.0,41.0,129.0,64.0,7.0,233.0,5.0,1.0,3.0,153.0,430.0,199.0,3.0,4.0,0.0,2.0,3.0,171.0,4.0
a4995f48,418.0,324.0,412.0,5.0,1.0,0.0,418.0,0.0,0.0,0.0,222.0,1419.0,821.0,0.0,0.0,0.0,1.0,0.0,177.0,0.0
e778654a,437.0,11.0,60.0,229.0,151.0,29.0,437.0,13.0,5.0,6.0,265.0,1240.0,478.0,15.0,12.0,3.0,20.0,17.0,323.0,47.0
139560df,55.0,6.0,30.0,15.0,10.0,1.0,55.0,1.0,0.0,1.0,19.0,44.0,5.0,0.0,0.0,0.0,4.0,0.0,20.0,5.0
b85bf253,161.0,10.0,88.0,67.0,8.0,0.0,161.0,0.0,0.0,0.0,105.0,539.0,319.0,0.0,1.0,1.0,4.0,0.0,104.0,0.0
3701906c,182.0,13.0,48.0,93.0,42.0,7.0,182.0,5.0,3.0,1.0,96.0,561.0,296.0,6.0,2.0,2.0,4.0,5.0,106.0,11.0
974322dc,829.0,47.0,231.0,369.0,238.0,19.0,829.0,19.0,5.0,11.0,365.0,1975.0,924.0,27.0,22.0,5.0,21.0,3.0,384.0,73.0
75645f0e,505.0,12.0,28.0,232.0,248.0,79.0,499.0,22.0,9.0,9.0,289.0,1416.0,502.0,20.0,9.0,20.0,51.0,24.0,408.0,97.0
5ce0b5ba,499.0,24.0,117.0,284.0,101.0,8.0,499.0,3.0,3.0,0.0,278.0,1278.0,497.0,7.0,13.0,1.0,9.0,2.0,326.0,16.0
8e92be30,46.0,3.0,5.0,19.0,22.0,11.0,46.0,5.0,2.0,3.0,29.0,214.0,72.0,3.0,2.0,2.0,3.0,2.0,33.0,11.0
a0b4bb3e,509.0,9.0,70.0,275.0,172.0,20.0,509.0,29.0,11.0,9.0,339.0,2050.0,818.0,16.0,23.0,1.0,21.0,22.0,387.0,36.0
9c36ed83,248.0,6.0,26.0,86.0,140.0,34.0,248.0,13.0,7.0,5.0,166.0,1344.0,643.0,21.0,12.0,6.0,32.0,23.0,181.0,53.0
4737cebe,30.0,0.0,2.0,12.0,16.0,1.0,30.0,8.0,4.0,3.0,19.0,171.0,32.0,0.0,1.0,0.0,1.0,1.0,22.0,6.0
9a76c2e9,401.0,28.0,130.0,206.0,68.0,6.0,401.0,3.0,2.0,1.0,224.0,1228.0,795.0,16.0,9.0,1.0,3.0,4.0,248.0,13.0
eeba07f8,217.0,1.0,10.0,116.0,97.0,26.0,217.0,16.0,11.0,5.0,124.0,703.0,323.0,14.0,8.0,6.0,11.0,10.0,162.0,31.0
4c5b14d2,211.0,2.0,10.0,80.0,122.0,10.0,211.0,6.0,3.0,2.0,134.0,829.0,477.0,16.0,9.0,5.0,7.0,5.0,162.0,23.0
1bacc518,1435.0,26.0,234.0,881.0,333.0,31.0,1435.0,34.0,22.0,10.0,982.0,6232.0,3683.0,57.0,55.0,6.0,15.0,17.0,1139.0,53.0
2a0c8ba4,924.0,17.0,178.0,562.0,188.0,8.0,924.0,8.0,4.0,3.0,530.0,2071.0,887.0,8.0,16.0,0.0,12.0,5.0,691.0,19.0
0107757e,35.0,33.0,35.0,0.0,0.0,0.0,35.0,0.0,0.0,0.0,21.0,91.0,54.0,0.0,0.0,0.0,0.0,0.0,19.0,0.0
5b28b2f6,203.0,8.0,67.0,78.0,61.0,7.0,203.0,8.0,4.0,3.0,122.0,661.0,282.0,6.0,5.0,2.0,12.0,15.0,132.0,27.0
d87e2cae,195.0,8.0,31.0,82.0,82.0,9.0,194.0,1.0,0.0,1.0,100.0,427.0,172.0,5.0,5.0,2.0,6.0,5.0,137.0,17.0
6265208f,679.0,29.0,65.0,300.0,316.0,81.0,676.0,16.0,7.0,9.0,297.0,1007.0,290.0,11.0,10.0,5.0,52.0,35.0,519.0,80.0
84399660,278.0,4.0,41.0,146.0,94.0,29.0,278.0,27.0,11.0,12.0,151.0,965.0,396.0,10.0,15.0,4.0,12.0,9.0,194.0,32.0
1633fc8a,612.0,99.0,336.0,259.0,20.0,11.0,612.0,1.0,1.0,0.0,351.0,1639.0,910.0,4.0,1.0,0.0,0.0,2.0,429.0,2.0
360d70f8,27.0,0.0,4.0,9.0,15.0,1.0,27.0,1.0,1.0,0.0,18.0,75.0,34.0,2.0,2.0,0.0,3.0,1.0,20.0,5.0
7111d552,1128.0,1.0,60.0,283.0,799.0,146.0,1128.0,185.0,68.0,95.0,898.0,7208.0,3798.0,143.0,69.0,76.0,64.0,41.0,969.0,322.0
7d08063d,110.0,1.0,11.0,62.0,40.0,14.0,110.0,2.0,1.0,1.0,62.0,301.0,156.0,7.0,2.0,4.0,6.0,5.0,77.0,14.0
55634fb8,232.0,54.0,143.0,87.0,3.0,1.0,232.0,2.0,1.0,1.0,124.0,680.0,398.0,6.0,2.0,0.0,3.0,0.0,134.0,1.0
8455ad90,806.0,6.0,96.0,394.0,331.0,21.0,806.0,49.0,30.0,14.0,474.0,2796.0,1360.0,49.0,34.0,5.0,42.0,28.0,520.0,81.0
211589b8,38.0,0.0,0.0,18.0,20.0,3.0,38.0,0.0,0.0,0.0,22.0,127.0,38.0,2.0,1.0,1.0,4.0,3.0,28.0,2.0
5eebbfdf,33.0,0.0,4.0,16.0,15.0,2.0,33.0,5.0,3.0,2.0,24.0,111.0,52.0,1.0,1.0,1.0,1.0,3.0,27.0,3.0
05e19d6a,281.0,11.0,54.0,162.0,66.0,17.0,281.0,8.0,3.0,3.0,174.0,933.0,373.0,9.0,6.0,1.0,13.0,5.0,213.0,17.0
e897d8ba,261.0,10.0,16.0,114.0,133.0,45.0,260.0,9.0,5.0,3.0,160.0,709.0,263.0,10.0,8.0,4.0,36.0,14.0,209.0,36.0
4c3a6744,334.0,5.0,31.0,100.0,211.0,27.0,334.0,23.0,10.0,12.0,199.0,1563.0,847.0,34.0,14.0,10.0,19.0,11.0,221.0,66.0
55126f3b,1130.0,35.0,257.0,696.0,181.0,14.0,1130.0,10.0,3.0,6.0,593.0,2029.0,935.0,8.0,13.0,0.0,18.0,9.0,832.0,22.0
fc076f78,17.0,0.0,1.0,6.0,10.0,2.0,17.0,3.0,1.0,2.0,10.0,69.0,29.0,1.0,0.0,1.0,3.0,0.0,11.0,7.0
cce181df,701.0,27.0,179.0,465.0,65.0,8.0,701.0,7.0,2.0,2.0,379.0,1303.0,579.0,6.0,6.0,1.0,4.0,10.0,470.0,5.0
4d1666ff,1130.0,49.0,336.0,633.0,169.0,20.0,1130.0,11.0,6.0,3.0,732.0,3788.0,2354.0,29.0,27.0,3.0,12.0,8.0,827.0,25.0
6ce1f46f,1549.0,32.0,294.0,951.0,315.0,9.0,1549.0,13.0,4.0,6.0,1028.0,4620.0,2523.0,30.0,21.0,2.0,5.0,8.0,1210.0,19.0
16aa3654,748.0,3.0,67.0,256.0,435.0,80.0,748.0,56.0,17.0,31.0,505.0,3295.0,1791.0,61.0,34.0,37.0,57.0,31.0,569.0,146.0
60abea75,466.0,28.0,144.0,283.0,41.0,5.0,466.0,7.0,4.0,3.0,205.0,825.0,364.0,4.0,4.0,1.0,7.0,2.0,256.0,1.0
e9241b40,305.0,4.0,47.0,148.0,115.0,16.0,305.0,11.0,6.0,5.0,206.0,1349.0,612.0,22.0,19.0,3.0,13.0,8.0,209.0,28.0
abe66106,715.0,1.0,58.0,267.0,397.0,71.0,715.0,48.0,16.0,26.0,475.0,2977.0,1407.0,52.0,42.0,21.0,36.0,26.0,545.0,118.0
e7af9060,86.0,1.0,5.0,30.0,54.0,22.0,86.0,6.0,3.0,2.0,68.0,342.0,167.0,7.0,6.0,2.0,15.0,7.0,76.0,17.0
2bea832e,70.0,4.0,9.0,27.0,34.0,14.0,70.0,3.0,1.0,2.0,38.0,119.0,10.0,0.0,1.0,0.0,6.0,4.0,55.0,10.0
8e088e04,418.0,17.0,110.0,170.0,141.0,13.0,418.0,6.0,3.0,2.0,210.0,1078.0,580.0,12.0,11.0,1.0,7.0,0.0,260.0,36.0
86ff856b,133.0,1.0,10.0,59.0,67.0,7.0,133.0,11.0,7.0,4.0,81.0,543.0,263.0,8.0,8.0,0.0,6.0,5.0,92.0,19.0
9a64e67e,1125.0,168.0,588.0,518.0,24.0,9.0,1125.0,2.0,2.0,0.0,680.0,3507.0,1887.0,13.0,4.0,0.0,5.0,6.0,723.0,1.0
2fa2a875,298.0,228.0,290.0,8.0,0.0,0.0,298.0,0.0,0.0,0.0,124.0,746.0,506.0,0.0,0.0,0.0,0.0,0.0,87.0,0.0
6c4776b1,826.0,694.0,824.0,2.0,0.0,0.0,826.0,2.0,2.0,0.0,411.0,2642.0,1840.0,0.0,1.0,0.0,0.0,0.0,247.0,0.0
6eaed4eb,1147.0,130.0,562.0,540.0,54.0,13.0,1147.0,5.0,3.0,1.0,658.0,2927.0,1698.0,5.0,6.0,0.0,2.0,1.0,726.0,1.0
59b7d823,875.0,38.0,238.0,426.0,224.0,13.0,875.0,20.0,11.0,7.0,486.0,2661.0,1566.0,39.0,23.0,6.0,16.0,3.0,477.0,56.0
4dbd0916,523.0,11.0,89.0,293.0,151.0,9.0,523.0,23.0,10.0,9.0,344.0,1789.0,931.0,21.0,22.0,2.0,14.0,17.0,405.0,40.0
0a0cc13c,255.0,5.0,22.0,116.0,123.0,34.0,253.0,18.0,3.0,13.0,159.0,839.0,387.0,13.0,11.0,4.0,32.0,13.0,187.0,58.0
8d78e732,651.0,6.0,19.0,246.0,392.0,114.0,650.0,31.0,17.0,14.0,428.0,2114.0,763.0,22.0,22.0,10.0,55.0,22.0,555.0,139.0
ff800ed8,349.0,17.0,103.0,144.0,107.0,7.0,349.0,18.0,7.0,10.0,196.0,1169.0,675.0,19.0,17.0,1.0,8.0,5.0,188.0,29.0
38b0cf42,5.0,1.0,2.0,2.0,1.0,0.0,5.0,0.0,0.0,0.0,3.0,3.0,2.0,0.0,0.0,0.0,0.0,0.0,3.0,0.0
02c15616,694.0,26.0,162.0,264.0,276.0,40.0,694.0,23.0,9.0,12.0,384.0,2229.0,1234.0,40.0,28.0,10.0,18.0,9.0,454.0,102.0
d7553721,353.0,1.0,56.0,157.0,147.0,15.0,353.0,15.0,8.0,5.0,202.0,1178.0,504.0,11.0,10.0,3.0,14.0,13.0,260.0,33.0
f03f284b,720.0,100.0,374.0,322.0,27.0,10.0,720.0,3.0,3.0,0.0,442.0,2279.0,1415.0,16.0,4.0,0.0,4.0,0.0,508.0,0.0
73683fa9,29.0,23.0,29.0,0.0,0.0,0.0,29.0,0.0,0.0,0.0,14.0,92.0,64.0,0.0,0.0,0.0,0.0,0.0,12.0,0.0
88050721,769.0,7.0,107.0,473.0,197.0,16.0,769.0,17.0,7.0,10.0,463.0,1894.0,693.0,11.0,8.0,2.0,19.0,19.0,538.0,31.0
38699c72,392.0,20.0,55.0,195.0,150.0,38.0,392.0,36.0,12.0,19.0,250.0,1422.0,570.0,18.0,12.0,7.0,49.0,31.0,318.0,38.0
ea610f00,12.0,2.0,7.0,4.0,1.0,0.0,12.0,0.0,0.0,0.0,7.0,29.0,0.0,0.0,0.0,0.0,1.0,0.0,6.0,0.0
b05e2dbd,1237.0,52.0,367.0,453.0,431.0,23.0,1236.0,13.0,10.0,3.0,622.0,3217.0,2032.0,46.0,42.0,3.0,12.0,4.0,711.0,107.0
4a478107,278.0,2.0,28.0,100.0,155.0,49.0,278.0,30.0,11.0,15.0,158.0,1152.0,533.0,30.0,18.0,17.0,15.0,9.0,194.0,60.0
3061e1ec,198.0,157.0,197.0,1.0,0.0,0.0,198.0,0.0,0.0,0.0,118.0,554.0,205.0,0.0,0.0,0.0,0.0,0.0,121.0,0.0
922da988,77.0,2.0,11.0,31.0,36.0,2.0,77.0,4.0,2.0,2.0,47.0,235.0,132.0,5.0,2.0,0.0,7.0,1.0,57.0,14.0
ed6ea4d9,153.0,3.0,17.0,59.0,79.0,19.0,153.0,15.0,7.0,8.0,107.0,768.0,379.0,17.0,12.0,5.0,9.0,3.0,108.0,29.0
5db04597,979.0,53.0,273.0,423.0,295.0,31.0,979.0,48.0,16.0,23.0,477.0,3099.0,1504.0,50.0,40.0,8.0,33.0,20.0,548.0,85.0
01a49bd2,97.0,14.0,64.0,33.0,2.0,1.0,97.0,1.0,1.0,0.0,40.0,154.0,69.0,0.0,0.0,0.0,1.0,0.0,44.0,0.0
d4808594,28.0,1.0,9.0,4.0,15.0,2.0,28.0,1.0,1.0,0.0,18.0,111.0,70.0,2.0,1.0,0.0,3.0,0.0,15.0,3.0
00b28772,327.0,16.0,89.0,177.0,64.0,13.0,327.0,3.0,0.0,3.0,151.0,661.0,326.0,6.0,8.0,3.0,9.0,4.0,166.0,14.0
cb574619,958.0,45.0,292.0,415.0,256.0,26.0,958.0,13.0,4.0,6.0,476.0,2025.0,910.0,23.0,14.0,2.0,14.0,4.0,585.0,76.0
bbc19252,31.0,4.0,12.0,18.0,1.0,0.0,31.0,1.0,1.0,0.0,17.0,77.0,9.0,0.0,0.0,0.0,2.0,2.0,15.0,0.0
d4b73232,766.0,648.0,747.0,21.0,0.0,0.0,766.0,0.0,0.0,0.0,404.0,2006.0,1152.0,0.0,0.0,0.0,0.0,1.0,332.0,0.0
c20bdcd7,1295.0,103.0,501.0,656.0,143.0,15.0,1295.0,22.0,5.0,12.0,702.0,3192.0,1816.0,28.0,19.0,8.0,20.0,9.0,770.0,41.0
fbd6378b,355.0,33.0,151.0,176.0,30.0,1.0,355.0,3.0,1.0,1.0,201.0,1004.0,486.0,5.0,6.0,0.0,1.0,2.0,241.0,3.0
ae86d473,118.0,1.0,8.0,50.0,62.0,21.0,118.0,17.0,9.0,4.0,74.0,337.0,122.0,2.0,2.0,0.0,19.0,5.0,89.0,18.0
133faa84,247.0,24.0,115.0,127.0,5.0,0.0,247.0,1.0,1.0,0.0,146.0,805.0,414.0,1.0,0.0,0.0,8.0,0.0,183.0,0.0
853b7c48,677.0,550.0,673.0,6.0,0.0,0.0,677.0,0.0,0.0,0.0,392.0,1729.0,1123.0,0.0,0.0,0.0,0.0,0.0,325.0,0.0
9f323c71,1384.0,54.0,334.0,634.0,430.0,16.0,1384.0,16.0,6.0,9.0,744.0,3038.0,1841.0,45.0,46.0,2.0,13.0,15.0,797.0,90.0
6f4c734d,194.0,11.0,63.0,110.0,24.0,1.0,194.0,4.0,2.0,2.0,99.0,524.0,256.0,4.0,1.0,0.0,4.0,7.0,114.0,1.0
f0da930c,776.0,122.0,420.0,323.0,34.0,21.0,776.0,1.0,0.0,1.0,386.0,1500.0,754.0,2.0,3.0,0.0,4.0,0.0,468.0,3.0
5c4dc0ff,21.0,0.0,1.0,8.0,12.0,5.0,21.0,0.0,0.0,0.0,14.0,95.0,57.0,2.0,1.0,0.0,1.0,2.0,17.0,6.0
a83c19cf,203.0,4.0,36.0,82.0,86.0,9.0,203.0,9.0,5.0,3.0,127.0,603.0,283.0,8.0,8.0,2.0,6.0,5.0,147.0,23.0
0ae4e09a,226.0,8.0,27.0,107.0,93.0,19.0,226.0,7.0,3.0,4.0,135.0,618.0,215.0,8.0,6.0,6.0,25.0,10.0,153.0,50.0
0ae4e09a,89.0,5.0,13.0,46.0,32.0,5.0,89.0,4.0,4.0,0.0,43.0,163.0,48.0,3.0,3.0,1.0,5.0,5.0,50.0,10.0
e1e75690,29.0,2.0,7.0,7.0,15.0,0.0,29.0,1.0,1.0,0.0,10.0,54.0,23.0,1.0,1.0,0.0,0.0,0.0,14.0,0.0
2ae30661,72.0,3.0,12.0,21.0,39.0,3.0,72.0,5.0,3.0,1.0,37.0,152.0,83.0,3.0,4.0,1.0,3.0,1.0,43.0,18.0
ae48c5cb,298.0,7.0,37.0,158.0,104.0,19.0,298.0,15.0,6.0,7.0,192.0,1080.0,342.0,8.0,6.0,3.0,16.0,17.0,238.0,40.0
c3e66ffe,1061.0,48.0,342.0,472.0,254.0,36.0,1061.0,31.0,13.0,14.0,529.0,2850.0,1612.0,36.0,20.0,7.0,28.0,11.0,615.0,71.0
3fc45c73,596.0,72.0,281.0,291.0,25.0,9.0,596.0,0.0,0.0,0.0,343.0,2214.0,1562.0,6.0,9.0,0.0,4.0,2.0,352.0,2.0
937c6ae6,6.0,0.0,0.0,1.0,5.0,1.0,6.0,0.0,0.0,0.0,3.0,10.0,4.0,0.0,0.0,0.0,0.0,0.0,4.0,0.0
11fd2b75,1016.0,55.0,280.0,633.0,114.0,3.0,1016.0,18.0,10.0,6.0,537.0,3103.0,1194.0,19.0,16.0,0.0,12.0,10.0,603.0,4.0
8fae77ea,666.0,623.0,665.0,1.0,0.0,0.0,666.0,0.0,0.0,0.0,349.0,1758.0,1058.0,0.0,0.0,0.0,0.0,0.0,289.0,0.0
02319ad7,22.0,0.0,1.0,12.0,9.0,3.0,22.0,0.0,0.0,0.0,11.0,25.0,3.0,0.0,0.0,0.0,2.0,1.0,17.0,2.0
64e8ed6d,741.0,12.0,82.0,365.0,302.0,81.0,739.0,43.0,12.0,24.0,462.0,2427.0,1116.0,40.0,25.0,16.0,48.0,38.0,550.0,112.0
8aae94b9,259.0,46.0,158.0,94.0,10.0,8.0,259.0,3.0,3.0,0.0,102.0,403.0,152.0,1.0,1.0,0.0,3.0,1.0,131.0,0.0
3902e91b,556.0,30.0,119.0,313.0,127.0,25.0,556.0,18.0,8.0,10.0,352.0,1731.0,750.0,15.0,15.0,2.0,24.0,6.0,400.0,19.0
8f696594,85.0,0.0,5.0,26.0,55.0,13.0,85.0,7.0,2.0,3.0,50.0,233.0,91.0,2.0,2.0,3.0,7.0,4.0,69.0,19.0
8f696594,58.0,0.0,4.0,19.0,35.0,8.0,58.0,4.0,0.0,4.0,39.0,178.0,90.0,2.0,1.0,2.0,8.0,4.0,53.0,10.0
1545cf15,375.0,25.0,138.0,160.0,81.0,1.0,375.0,16.0,5.0,9.0,172.0,984.0,532.0,13.0,8.0,1.0,14.0,9.0,195.0,23.0
c9e39d91,1110.0,18.0,129.0,537.0,452.0,34.0,1110.0,35.0,10.0,24.0,607.0,2579.0,1080.0,25.0,27.0,4.0,28.0,23.0,770.0,93.0
b151a3f2,3.0,0.0,2.0,1.0,0.0,0.0,3.0,0.0,0.0,0.0,1.0,0.0,0.0,0.0,0.0,0.0,0.0,0.0,2.0,0.0
3cefcaef,799.0,31.0,216.0,341.0,249.0,8.0,799.0,25.0,16.0,7.0,495.0,2569.0,1304.0,22.0,23.0,2.0,16.0,14.0,574.0,59.0
d080ed5e,1065.0,63.0,215.0,584.0,275.0,43.0,1064.0,19.0,10.0,8.0,571.0,2136.0,934.0,15.0,20.0,2.0,25.0,20.0,700.0,53.0
7c4243d4,782.0,38.0,200.0,475.0,118.0,6.0,782.0,19.0,10.0,7.0,520.0,3195.0,1509.0,22.0,17.0,2.0,16.0,18.0,544.0,19.0
2784f898,1180.0,164.0,592.0,512.0,83.0,20.0,1180.0,13.0,9.0,3.0,708.0,3872.0,2253.0,19.0,12.0,1.0,10.0,3.0,791.0,10.0
19c36442,820.0,30.0,174.0,514.0,141.0,2.0,820.0,8.0,7.0,1.0,418.0,1752.0,826.0,9.0,7.0,1.0,13.0,9.0,469.0,6.0
335039a2,582.0,18.0,102.0,307.0,186.0,37.0,579.0,27.0,9.0,14.0,350.0,1606.0,772.0,17.0,25.0,3.0,35.0,17.0,398.0,60.0
1fda2b14,12.0,0.0,1.0,5.0,6.0,1.0,12.0,0.0,0.0,0.0,5.0,20.0,8.0,0.0,1.0,0.0,0.0,3.0,10.0,3.0
056269d7,909.0,46.0,317.0,425.0,182.0,15.0,909.0,17.0,8.0,6.0,522.0,2846.0,1521.0,21.0,15.0,2.0,18.0,9.0,563.0,36.0
bbf5c11b,239.0,9.0,25.0,99.0,116.0,43.0,239.0,9.0,0.0,8.0,111.0,481.0,183.0,9.0,2.0,6.0,17.0,7.0,165.0,39.0
ead61f73,240.0,12.0,56.0,106.0,78.0,11.0,240.0,2.0,2.0,0.0,110.0,403.0,233.0,6.0,5.0,0.0,3.0,3.0,142.0,29.0
e6777e6b,452.0,78.0,291.0,159.0,6.0,4.0,452.0,0.0,0.0,0.0,224.0,1028.0,397.0,0.0,0.0,0.0,1.0,0.0,239.0,1.0
6025fab1,1185.0,17.0,168.0,623.0,401.0,30.0,1184.0,29.0,12.0,13.0,776.0,3971.0,1788.0,31.0,38.0,8.0,24.0,7.0,945.0,46.0
608f2092,406.0,12.0,116.0,159.0,135.0,8.0,406.0,13.0,5.0,7.0,256.0,1685.0,807.0,26.0,12.0,5.0,8.0,5.0,246.0,37.0
608f2092,209.0,12.0,65.0,76.0,70.0,4.0,209.0,9.0,4.0,4.0,125.0,649.0,356.0,14.0,11.0,2.0,5.0,4.0,112.0,11.0
23610943,1304.0,48.0,399.0,492.0,417.0,26.0,1304.0,28.0,11.0,15.0,629.0,2850.0,1787.0,51.0,27.0,5.0,20.0,5.0,799.0,148.0
9939e168,933.0,39.0,229.0,516.0,195.0,10.0,933.0,1.0,1.0,0.0,487.0,2077.0,1139.0,15.0,13.0,1.0,18.0,6.0,595.0,28.0
8ac501f5,787.0,34.0,209.0,425.0,158.0,12.0,787.0,10.0,6.0,4.0,384.0,1714.0,779.0,8.0,12.0,3.0,19.0,11.0,452.0,19.0
28e957d7,210.0,33.0,122.0,85.0,4.0,2.0,210.0,0.0,0.0,0.0,78.0,340.0,195.0,2.0,2.0,0.0,2.0,0.0,89.0,0.0
374d5158,622.0,27.0,164.0,260.0,205.0,25.0,622.0,14.0,5.0,9.0,328.0,1793.0,1064.0,23.0,18.0,3.0,16.0,7.0,373.0,59.0
5cec2487,131.0,9.0,45.0,66.0,20.0,1.0,131.0,0.0,0.0,0.0,66.0,206.0,102.0,1.0,0.0,0.0,3.0,1.0,81.0,5.0
129af0db,445.0,22.0,52.0,210.0,190.0,63.0,445.0,24.0,13.0,9.0,263.0,1508.0,620.0,20.0,10.0,11.0,38.0,18.0,363.0,63.0
b7d7f3bf,51.0,0.0,9.0,13.0,30.0,3.0,51.0,5.0,3.0,0.0,37.0,332.0,198.0,6.0,6.0,1.0,0.0,2.0,38.0,15.0
11b9265b,507.0,19.0,152.0,185.0,173.0,12.0,507.0,10.0,3.0,5.0,265.0,1400.0,731.0,18.0,16.0,2.0,10.0,2.0,302.0,46.0
16e9d0ea,883.0,59.0,291.0,365.0,237.0,36.0,883.0,40.0,14.0,21.0,401.0,2628.0,1496.0,49.0,36.0,12.0,28.0,6.0,465.0,76.0
a21417e2,324.0,22.0,104.0,151.0,71.0,7.0,324.0,8.0,3.0,5.0,148.0,694.0,303.0,7.0,4.0,2.0,7.0,3.0,153.0,17.0
81f0781e,437.0,15.0,33.0,195.0,219.0,51.0,435.0,33.0,15.0,15.0,271.0,1333.0,550.0,13.0,15.0,9.0,25.0,16.0,344.0,83.0
004d185e,459.0,22.0,85.0,174.0,206.0,17.0,459.0,27.0,9.0,18.0,262.0,1489.0,652.0,21.0,15.0,7.0,19.0,9.0,299.0,64.0
f4c69aa6,420.0,12.0,85.0,217.0,122.0,12.0,420.0,21.0,8.0,8.0,262.0,1336.0,635.0,12.0,7.0,2.0,19.0,9.0,298.0,17.0
a0255c67,60.0,5.0,15.0,34.0,11.0,0.0,60.0,0.0,0.0,0.0,31.0,127.0,49.0,1.0,1.0,0.0,0.0,1.0,36.0,1.0
a0255c67,24.0,2.0,4.0,13.0,7.0,0.0,24.0,0.0,0.0,0.0,12.0,44.0,20.0,1.0,0.0,0.0,0.0,0.0,15.0,1.0
3aa4a3be,11.0,1.0,2.0,5.0,4.0,0.0,11.0,0.0,0.0,0.0,4.0,8.0,0.0,0.0,0.0,0.0,2.0,0.0,6.0,0.0
dc1ce4f5,81.0,11.0,46.0,26.0,9.0,2.0,81.0,0.0,0.0,0.0,38.0,180.0,61.0,0.0,1.0,0.0,2.0,0.0,38.0,1.0
5487adcd,126.0,10.0,55.0,70.0,2.0,1.0,126.0,1.0,0.0,1.0,100.0,390.0,135.0,1.0,0.0,0.0,0.0,1.0,92.0,1.0
c05dfb74,935.0,5.0,71.0,453.0,421.0,28.0,935.0,38.0,24.0,9.0,623.0,3038.0,1428.0,38.0,39.0,7.0,22.0,24.0,725.0,83.0
228b0d9d,549.0,18.0,174.0,223.0,157.0,2.0,549.0,15.0,4.0,11.0,282.0,1217.0,540.0,15.0,13.0,0.0,11.0,10.0,340.0,47.0
49a6ecbb,8.0,0.0,0.0,2.0,6.0,1.0,8.0,0.0,0.0,0.0,7.0,11.0,4.0,0.0,0.0,0.0,0.0,0.0,6.0,1.0
175ece4c,9.0,0.0,1.0,7.0,1.0,0.0,9.0,0.0,0.0,0.0,7.0,15.0,8.0,0.0,0.0,0.0,0.0,0.0,9.0,0.0
44e8521b,6.0,0.0,1.0,2.0,3.0,0.0,6.0,1.0,0.0,1.0,6.0,17.0,0.0,0.0,0.0,0.0,2.0,1.0,6.0,1.0
0cadc46d,734.0,49.0,90.0,375.0,276.0,71.0,731.0,18.0,7.0,8.0,383.0,1641.0,610.0,19.0,19.0,7.0,48.0,26.0,553.0,96.0
b51b1b9c,782.0,22.0,127.0,388.0,280.0,34.0,782.0,37.0,13.0,18.0,497.0,3592.0,1783.0,48.0,46.0,6.0,37.0,15.0,558.0,68.0
2946f9a1,603.0,46.0,212.0,302.0,91.0,10.0,603.0,5.0,5.0,0.0,319.0,1499.0,958.0,8.0,3.0,0.0,8.0,5.0,418.0,16.0
485e4939,51.0,1.0,9.0,17.0,25.0,6.0,51.0,3.0,1.0,1.0,29.0,110.0,27.0,0.0,2.0,0.0,2.0,5.0,38.0,9.0
f35430a4,312.0,44.0,169.0,133.0,11.0,5.0,312.0,0.0,0.0,0.0,168.0,705.0,366.0,3.0,2.0,0.0,1.0,0.0,183.0,1.0
c997b942,207.0,2.0,23.0,75.0,116.0,22.0,207.0,19.0,7.0,9.0,125.0,821.0,357.0,16.0,14.0,9.0,18.0,16.0,129.0,29.0
3f10bd22,985.0,28.0,203.0,330.0,457.0,20.0,985.0,11.0,5.0,5.0,595.0,3092.0,1387.0,30.0,24.0,6.0,14.0,4.0,675.0,159.0
63b0ca6b,181.0,8.0,18.0,98.0,67.0,19.0,181.0,7.0,2.0,4.0,78.0,234.0,68.0,1.0,4.0,0.0,14.0,6.0,127.0,12.0
5853ac44,714.0,57.0,303.0,391.0,24.0,6.0,714.0,8.0,6.0,2.0,433.0,1888.0,1102.0,3.0,5.0,0.0,4.0,3.0,511.0,0.0
c14bc029,417.0,19.0,97.0,207.0,115.0,15.0,417.0,10.0,8.0,2.0,183.0,885.0,380.0,9.0,7.0,3.0,12.0,3.0,260.0,37.0
81d5c497,9.0,0.0,0.0,3.0,6.0,1.0,9.0,1.0,0.0,1.0,8.0,33.0,4.0,0.0,0.0,0.0,2.0,0.0,9.0,4.0
c487901c,3.0,0.0,1.0,0.0,2.0,0.0,3.0,0.0,0.0,0.0,2.0,6.0,3.0,0.0,0.0,0.0,0.0,0.0,2.0,0.0
a6103274,53.0,2.0,11.0,23.0,20.0,7.0,53.0,4.0,1.0,3.0,23.0,122.0,30.0,0.0,1.0,0.0,1.0,5.0,31.0,4.0
a6103274,95.0,2.0,14.0,48.0,34.0,6.0,95.0,7.0,1.0,4.0,62.0,317.0,158.0,3.0,0.0,2.0,2.0,5.0,66.0,7.0
be170419,1370.0,163.0,691.0,645.0,43.0,12.0,1370.0,6.0,4.0,2.0,849.0,4523.0,2506.0,14.0,14.0,1.0,11.0,1.0,908.0,0.0
ee8508c0,646.0,585.0,642.0,4.0,0.0,0.0,646.0,0.0,0.0,0.0,302.0,1550.0,822.0,0.0,0.0,0.0,0.0,0.0,258.0,0.0
2e3995cd,494.0,11.0,91.0,193.0,227.0,19.0,494.0,41.0,17.0,18.0,329.0,2371.0,1311.0,41.0,29.0,10.0,29.0,28.0,349.0,80.0
a08b974a,216.0,2.0,14.0,95.0,111.0,20.0,216.0,21.0,9.0,11.0,153.0,885.0,379.0,11.0,6.0,6.0,8.0,5.0,167.0,40.0
1d1691ad,18.0,0.0,0.0,10.0,8.0,1.0,18.0,0.0,0.0,0.0,10.0,72.0,36.0,3.0,0.0,0.0,0.0,0.0,14.0,4.0
3d99999d,61.0,1.0,13.0,41.0,8.0,1.0,61.0,0.0,0.0,0.0,30.0,130.0,82.0,2.0,1.0,0.0,2.0,0.0,37.0,3.0
4cee5954,723.0,40.0,198.0,304.0,224.0,7.0,723.0,10.0,3.0,7.0,335.0,1142.0,544.0,11.0,12.0,1.0,13.0,6.0,383.0,81.0
a3e4bf46,1077.0,62.0,320.0,453.0,309.0,27.0,1077.0,10.0,3.0,6.0,479.0,2164.0,1166.0,37.0,14.0,5.0,18.0,5.0,552.0,102.0
5132b92c,335.0,15.0,111.0,131.0,96.0,5.0,335.0,12.0,5.0,5.0,146.0,922.0,428.0,12.0,7.0,3.0,7.0,3.0,142.0,28.0
7c363088,527.0,4.0,57.0,235.0,237.0,30.0,526.0,24.0,9.0,12.0,322.0,1536.0,586.0,16.0,15.0,4.0,23.0,29.0,390.0,80.0
f9358b61,2.0,0.0,1.0,1.0,0.0,0.0,2.0,0.0,0.0,0.0,2.0,1.0,0.0,0.0,0.0,0.0,1.0,0.0,1.0,0.0
8c3c640c,203.0,9.0,36.0,65.0,104.0,22.0,202.0,7.0,2.0,4.0,127.0,496.0,231.0,10.0,10.0,6.0,9.0,11.0,153.0,51.0
9a93efc9,423.0,36.0,187.0,219.0,18.0,8.0,423.0,2.0,2.0,0.0,271.0,1638.0,1167.0,10.0,8.0,0.0,0.0,3.0,274.0,1.0
97852360,34.0,30.0,34.0,0.0,0.0,0.0,34.0,0.0,0.0,0.0,20.0,109.0,89.0,0.0,0.0,0.0,0.0,0.0,13.0,0.0
97852360,89.0,81.0,89.0,1.0,0.0,0.0,89.0,0.0,0.0,0.0,45.0,261.0,134.0,0.0,0.0,0.0,0.0,0.0,32.0,0.0
44150beb,544.0,64.0,248.0,289.0,8.0,1.0,544.0,2.0,1.0,1.0,348.0,1792.0,1097.0,5.0,3.0,0.0,1.0,1.0,402.0,0.0
962e54cb,159.0,2.0,13.0,68.0,80.0,26.0,159.0,8.0,3.0,4.0,97.0,340.0,140.0,3.0,2.0,2.0,24.0,10.0,129.0,25.0
ac8b2421,701.0,55.0,293.0,336.0,83.0,7.0,701.0,16.0,8.0,6.0,339.0,1748.0,1075.0,20.0,15.0,0.0,9.0,5.0,355.0,15.0
49dbab27,1069.0,17.0,107.0,432.0,545.0,35.0,1067.0,57.0,23.0,29.0,649.0,3403.0,1178.0,25.0,43.0,3.0,54.0,47.0,744.0,115.0
b906757a,156.0,11.0,59.0,89.0,10.0,5.0,156.0,0.0,0.0,0.0,98.0,447.0,232.0,2.0,1.0,0.0,2.0,0.0,92.0,1.0
7460ca0d,1717.0,62.0,339.0,981.0,415.0,7.0,1716.0,22.0,16.0,5.0,950.0,4050.0,1976.0,22.0,34.0,0.0,20.0,19.0,1167.0,22.0
e2dcc60e,6.0,0.0,1.0,2.0,3.0,0.0,6.0,0.0,0.0,0.0,1.0,2.0,1.0,0.0,0.0,0.0,0.0,0.0,1.0,0.0
647d39d2,15.0,4.0,9.0,6.0,0.0,0.0,15.0,0.0,0.0,0.0,4.0,26.0,8.0,0.0,0.0,0.0,0.0,0.0,4.0,1.0
881ef58c,10.0,0.0,0.0,3.0,7.0,2.0,10.0,0.0,0.0,0.0,9.0,91.0,27.0,2.0,1.0,0.0,1.0,1.0,9.0,2.0
b7ca5c51,642.0,115.0,336.0,283.0,26.0,15.0,642.0,0.0,0.0,0.0,310.0,1867.0,1364.0,7.0,6.0,0.0,4.0,1.0,370.0,0.0
63f04c6c,513.0,20.0,135.0,168.0,218.0,27.0,513.0,29.0,13.0,12.0,268.0,2031.0,1125.0,29.0,22.0,8.0,14.0,11.0,299.0,78.0
0d9b2d31,1342.0,11.0,132.0,771.0,454.0,44.0,1342.0,44.0,27.0,16.0,954.0,5455.0,2727.0,50.0,69.0,11.0,29.0,23.0,1066.0,72.0
1f079188,390.0,13.0,93.0,177.0,124.0,14.0,390.0,13.0,6.0,6.0,196.0,1188.0,642.0,17.0,13.0,3.0,17.0,6.0,207.0,37.0
5496cc91,20.0,0.0,7.0,6.0,7.0,0.0,20.0,6.0,2.0,3.0,5.0,36.0,7.0,0.0,0.0,0.0,0.0,1.0,13.0,2.0
819aa8e7,96.0,0.0,3.0,34.0,60.0,17.0,96.0,7.0,3.0,4.0,49.0,300.0,156.0,10.0,3.0,4.0,11.0,2.0,59.0,18.0
a8f21b9f,515.0,9.0,52.0,192.0,278.0,42.0,515.0,40.0,15.0,21.0,350.0,2821.0,1418.0,46.0,37.0,24.0,29.0,20.0,380.0,92.0
3d79a68c,47.0,1.0,9.0,19.0,20.0,1.0,47.0,4.0,3.0,1.0,34.0,278.0,73.0,0.0,1.0,1.0,3.0,4.0,35.0,9.0
237a3851,1060.0,36.0,228.0,582.0,275.0,33.0,1060.0,44.0,21.0,18.0,623.0,3761.0,2011.0,39.0,25.0,7.0,32.0,19.0,700.0,50.0
a300ac7e,286.0,3.0,25.0,121.0,140.0,16.0,286.0,9.0,3.0,6.0,151.0,741.0,331.0,8.0,6.0,3.0,11.0,8.0,184.0,24.0
b7c04927,553.0,27.0,165.0,254.0,141.0,2.0,553.0,18.0,7.0,10.0,274.0,1464.0,714.0,20.0,14.0,0.0,11.0,5.0,299.0,53.0
8c725b43,1017.0,112.0,551.0,446.0,29.0,14.0,1017.0,1.0,0.0,0.0,545.0,2145.0,1007.0,2.0,3.0,0.0,8.0,1.0,665.0,2.0
64ba07c0,53.0,3.0,19.0,15.0,20.0,2.0,53.0,2.0,1.0,0.0,24.0,200.0,126.0,4.0,3.0,0.0,4.0,1.0,23.0,7.0
540ec57b,627.0,15.0,98.0,238.0,296.0,71.0,627.0,34.0,17.0,12.0,385.0,1901.0,879.0,31.0,13.0,15.0,36.0,28.0,448.0,135.0
adfc9123,424.0,38.0,126.0,290.0,9.0,5.0,424.0,1.0,1.0,0.0,284.0,1789.0,1197.0,3.0,2.0,0.0,2.0,1.0,320.0,1.0
7c388b20,679.0,22.0,118.0,318.0,250.0,31.0,679.0,19.0,9.0,9.0,382.0,1841.0,767.0,24.0,21.0,2.0,29.0,19.0,440.0,73.0
54bcdeb0,607.0,6.0,103.0,225.0,289.0,54.0,607.0,83.0,27.0,48.0,372.0,2889.0,1263.0,50.0,32.0,25.0,34.0,24.0,405.0,114.0
ccbbe661,338.0,15.0,33.0,190.0,120.0,37.0,338.0,14.0,5.0,7.0,202.0,778.0,229.0,8.0,5.0,4.0,24.0,23.0,251.0,40.0
8e010ff4,278.0,4.0,49.0,142.0,87.0,7.0,278.0,6.0,2.0,4.0,180.0,837.0,388.0,6.0,10.0,0.0,6.0,9.0,205.0,28.0
1bda5842,516.0,8.0,103.0,222.0,194.0,18.0,516.0,25.0,7.0,12.0,262.0,1423.0,761.0,26.0,15.0,3.0,20.0,4.0,305.0,69.0
fc8b614b,58.0,1.0,5.0,24.0,31.0,3.0,58.0,5.0,1.0,4.0,42.0,258.0,98.0,4.0,2.0,1.0,5.0,3.0,44.0,7.0
3c16d927,783.0,34.0,260.0,338.0,192.0,19.0,783.0,8.0,4.0,4.0,368.0,1560.0,796.0,24.0,20.0,5.0,18.0,8.0,433.0,61.0
d1b060e2,74.0,2.0,4.0,41.0,29.0,9.0,74.0,4.0,1.0,2.0,42.0,158.0,43.0,1.0,1.0,3.0,5.0,8.0,54.0,6.0
2683eda7,466.0,10.0,71.0,177.0,231.0,57.0,466.0,27.0,9.0,15.0,301.0,1963.0,812.0,29.0,20.0,10.0,52.0,18.0,325.0,70.0
39352da2,190.0,2.0,36.0,78.0,78.0,11.0,190.0,10.0,3.0,6.0,107.0,719.0,363.0,14.0,7.0,5.0,8.0,5.0,115.0,24.0
41fb0f4e,192.0,6.0,40.0,104.0,53.0,4.0,192.0,9.0,3.0,4.0,138.0,1082.0,459.0,12.0,8.0,3.0,7.0,11.0,124.0,7.0
b857bd29,1037.0,170.0,575.0,441.0,32.0,18.0,1037.0,2.0,1.0,1.0,554.0,3437.0,2025.0,7.0,4.0,0.0,7.0,2.0,557.0,3.0
58ad9383,832.0,680.0,823.0,9.0,0.0,0.0,832.0,4.0,3.0,1.0,421.0,2762.0,1638.0,0.0,0.0,0.0,2.0,1.0,317.0,0.0
89f951b5,840.0,14.0,133.0,439.0,273.0,23.0,839.0,7.0,1.0,4.0,525.0,2266.0,1252.0,29.0,22.0,2.0,13.0,8.0,614.0,63.0
cc9256ef,382.0,6.0,59.0,143.0,192.0,38.0,381.0,54.0,25.0,25.0,256.0,2086.0,1024.0,46.0,26.0,16.0,31.0,15.0,275.0,72.0
44e07fac,23.0,2.0,3.0,7.0,13.0,7.0,23.0,1.0,1.0,0.0,11.0,60.0,38.0,1.0,0.0,1.0,2.0,0.0,15.0,2.0
3423f250,881.0,9.0,44.0,285.0,559.0,90.0,881.0,51.0,22.0,24.0,579.0,3187.0,1616.0,62.0,36.0,44.0,36.0,11.0,639.0,183.0
3353737a,72.0,4.0,14.0,32.0,27.0,3.0,72.0,1.0,0.0,0.0,36.0,274.0,178.0,5.0,4.0,0.0,2.0,0.0,40.0,11.0
e358587b,319.0,247.0,315.0,4.0,0.0,0.0,319.0,0.0,0.0,0.0,190.0,1086.0,676.0,0.0,0.0,0.0,0.0,0.0,173.0,0.0
6b21b7b5,162.0,3.0,22.0,77.0,65.0,10.0,162.0,10.0,5.0,5.0,103.0,483.0,171.0,4.0,6.0,0.0,13.0,9.0,127.0,9.0
3376a776,518.0,36.0,205.0,276.0,39.0,8.0,518.0,3.0,1.0,2.0,385.0,1746.0,980.0,10.0,6.0,1.0,4.0,5.0,410.0,5.0
374ee424,879.0,760.0,877.0,2.0,0.0,0.0,879.0,0.0,0.0,0.0,504.0,2864.0,1782.0,0.0,0.0,0.0,1.0,0.0,416.0,0.0
14d5b7ac,1.0,0.0,1.0,0.0,0.0,0.0,1.0,0.0,0.0,0.0,0.0,0.0,0.0,0.0,0.0,0.0,0.0,0.0,0.0,0.0
b3b9b8b8,1.0,0.0,1.0,0.0,0.0,0.0,1.0,0.0,0.0,0.0,1.0,8.0,0.0,0.0,0.0,0.0,0.0,0.0,1.0,0.0
ce8039aa,214.0,2.0,23.0,106.0,90.0,8.0,214.0,21.0,10.0,9.0,140.0,866.0,407.0,16.0,12.0,4.0,14.0,8.0,148.0,35.0
d9ba39fc,939.0,55.0,307.0,403.0,238.0,7.0,939.0,24.0,12.0,9.0,450.0,2152.0,1016.0,25.0,22.0,0.0,22.0,8.0,494.0,60.0
65154df0,642.0,7.0,90.0,239.0,326.0,54.0,642.0,83.0,30.0,48.0,440.0,3748.0,1985.0,69.0,56.0,25.0,44.0,17.0,473.0,101.0
335fa267,618.0,19.0,106.0,334.0,180.0,21.0,618.0,7.0,2.0,4.0,396.0,1800.0,1122.0,29.0,20.0,6.0,3.0,3.0,469.0,38.0
a8981944,989.0,28.0,180.0,544.0,280.0,25.0,989.0,42.0,16.0,18.0,504.0,2581.0,1326.0,25.0,26.0,4.0,27.0,9.0,630.0,65.0
5f21b94c,55.0,2.0,9.0,23.0,23.0,3.0,55.0,9.0,3.0,6.0,35.0,189.0,64.0,1.0,1.0,1.0,4.0,2.0,37.0,13.0
37f827ec,725.0,91.0,399.0,303.0,29.0,12.0,725.0,4.0,2.0,2.0,390.0,1894.0,938.0,5.0,5.0,0.0,6.0,0.0,401.0,2.0
85bed4ee,536.0,3.0,53.0,251.0,234.0,27.0,536.0,26.0,8.0,15.0,363.0,1872.0,775.0,20.0,16.0,10.0,21.0,11.0,445.0,65.0
8cfc2f69,79.0,4.0,8.0,39.0,32.0,15.0,79.0,3.0,0.0,3.0,55.0,241.0,39.0,2.0,1.0,2.0,5.0,3.0,63.0,12.0
19709006,915.0,14.0,130.0,493.0,300.0,23.0,915.0,17.0,6.0,9.0,564.0,2351.0,983.0,25.0,23.0,6.0,19.0,8.0,665.0,31.0
70f8e0bd,615.0,14.0,122.0,318.0,187.0,21.0,615.0,35.0,17.0,17.0,352.0,1962.0,875.0,21.0,17.0,2.0,33.0,21.0,399.0,45.0
34e393f2,1087.0,58.0,304.0,673.0,120.0,9.0,1087.0,18.0,12.0,4.0,496.0,1628.0,726.0,6.0,5.0,2.0,12.0,15.0,684.0,13.0
8f5e92a6,752.0,2.0,24.0,295.0,438.0,111.0,751.0,75.0,35.0,31.0,535.0,3080.0,1659.0,70.0,40.0,40.0,37.0,13.0,645.0,148.0
2fbe6af0,5.0,0.0,0.0,3.0,2.0,0.0,5.0,0.0,0.0,0.0,4.0,19.0,1.0,0.0,0.0,0.0,1.0,1.0,4.0,0.0
4b511457,1116.0,48.0,312.0,653.0,159.0,23.0,1116.0,9.0,9.0,0.0,656.0,2502.0,1129.0,7.0,17.0,1.0,16.0,15.0,770.0,12.0
35d4f151,253.0,10.0,77.0,108.0,76.0,15.0,253.0,11.0,5.0,5.0,118.0,965.0,480.0,17.0,11.0,7.0,7.0,4.0,124.0,30.0
18b896d6,1049.0,116.0,506.0,506.0,43.0,18.0,1049.0,1.0,1.0,0.0,701.0,3474.0,2164.0,7.0,5.0,0.0,7.0,0.0,774.0,3.0
a55d8df5,640.0,26.0,203.0,282.0,166.0,14.0,640.0,37.0,18.0,19.0,313.0,1682.0,1068.0,25.0,16.0,4.0,17.0,8.0,355.0,31.0
b3dc6eca,269.0,45.0,156.0,107.0,7.0,4.0,269.0,0.0,0.0,0.0,139.0,715.0,337.0,3.0,2.0,1.0,0.0,0.0,156.0,0.0
625c144a,579.0,476.0,577.0,3.0,0.0,0.0,579.0,0.0,0.0,0.0,335.0,1591.0,1061.0,0.0,0.0,0.0,0.0,0.0,283.0,0.0
b75ac54b,78.0,12.0,47.0,28.0,3.0,0.0,78.0,0.0,0.0,0.0,43.0,163.0,63.0,0.0,0.0,0.0,0.0,1.0,41.0,0.0
fbbb9269,784.0,54.0,248.0,366.0,179.0,6.0,784.0,21.0,10.0,8.0,397.0,1961.0,1112.0,25.0,22.0,0.0,17.0,16.0,437.0,38.0
686cbe7d,74.0,3.0,6.0,31.0,39.0,18.0,74.0,12.0,4.0,8.0,47.0,390.0,211.0,5.0,8.0,6.0,7.0,11.0,53.0,7.0
686cbe7d,26.0,1.0,2.0,9.0,15.0,2.0,26.0,3.0,2.0,0.0,16.0,62.0,9.0,0.0,0.0,1.0,6.0,2.0,21.0,6.0
13e0eb29,192.0,0.0,21.0,98.0,75.0,7.0,190.0,9.0,3.0,6.0,130.0,713.0,244.0,5.0,5.0,2.0,10.0,4.0,154.0,18.0
405f267a,127.0,2.0,16.0,42.0,69.0,7.0,127.0,4.0,2.0,2.0,71.0,522.0,229.0,15.0,7.0,1.0,3.0,4.0,84.0,30.0
2a295d33,1048.0,8.0,108.0,387.0,576.0,102.0,1048.0,79.0,32.0,36.0,707.0,4580.0,2575.0,88.0,62.0,38.0,63.0,38.0,783.0,173.0
efecd633,469.0,35.0,152.0,283.0,39.0,5.0,469.0,2.0,1.0,0.0,241.0,901.0,377.0,1.0,5.0,1.0,6.0,4.0,276.0,6.0
bdb624a3,789.0,11.0,70.0,393.0,342.0,50.0,788.0,47.0,27.0,15.0,536.0,3226.0,1726.0,56.0,41.0,11.0,52.0,34.0,599.0,91.0
a254bbe0,360.0,4.0,61.0,181.0,125.0,14.0,360.0,18.0,9.0,9.0,232.0,1537.0,591.0,16.0,16.0,2.0,19.0,16.0,241.0,38.0
70107d4d,457.0,6.0,74.0,216.0,177.0,22.0,457.0,40.0,21.0,12.0,341.0,2664.0,1489.0,42.0,25.0,10.0,17.0,12.0,357.0,43.0
60359288,1029.0,157.0,602.0,403.0,32.0,12.0,1029.0,5.0,5.0,0.0,590.0,3256.0,2053.0,17.0,7.0,1.0,5.0,4.0,658.0,4.0
ffacd3d5,653.0,30.0,142.0,283.0,235.0,22.0,653.0,15.0,4.0,9.0,322.0,1490.0,795.0,19.0,12.0,3.0,13.0,8.0,375.0,53.0
79f2a5f5,0.0,0.0,0.0,0.0,0.0,0.0,0.0,0.0,0.0,0.0,0.0,0.0,0.0,0.0,0.0,0.0,0.0,0.0,0.0,0.0
f6ac68c1,940.0,111.0,423.0,488.0,30.0,4.0,940.0,2.0,2.0,0.0,572.0,2868.0,1828.0,20.0,5.0,1.0,2.0,3.0,638.0,6.0
a45eac1f,55.0,1.0,2.0,30.0,23.0,8.0,55.0,4.0,2.0,2.0,25.0,130.0,71.0,4.0,2.0,3.0,8.0,1.0,36.0,10.0
a62b4888,135.0,4.0,23.0,75.0,37.0,2.0,135.0,3.0,2.0,1.0,72.0,335.0,172.0,3.0,2.0,1.0,3.0,5.0,82.0,5.0
e2716bd0,768.0,9.0,66.0,396.0,313.0,42.0,768.0,24.0,9.0,11.0,490.0,2741.0,1201.0,35.0,36.0,11.0,20.0,20.0,607.0,74.0
ea83bfa6,662.0,553.0,659.0,4.0,0.0,0.0,662.0,0.0,0.0,0.0,319.0,1650.0,932.0,0.0,0.0,0.0,0.0,0.0,257.0,0.0
5dcf3e90,684.0,556.0,679.0,5.0,0.0,0.0,684.0,0.0,0.0,0.0,403.0,2183.0,1277.0,0.0,0.0,0.0,0.0,0.0,308.0,0.0
19b776e9,465.0,23.0,109.0,193.0,171.0,40.0,465.0,27.0,8.0,17.0,267.0,1789.0,838.0,24.0,20.0,7.0,29.0,24.0,289.0,39.0
5fa714d5,236.0,12.0,64.0,96.0,80.0,5.0,236.0,15.0,7.0,5.0,111.0,710.0,287.0,7.0,3.0,0.0,2.0,5.0,128.0,18.0
3ca6106c,124.0,1.0,18.0,69.0,38.0,6.0,124.0,1.0,0.0,0.0,69.0,263.0,124.0,4.0,2.0,1.0,2.0,3.0,86.0,10.0
fed17f5a,143.0,2.0,13.0,62.0,68.0,4.0,142.0,2.0,1.0,0.0,83.0,508.0,223.0,3.0,4.0,0.0,2.0,1.0,98.0,7.0
8f8c6934,715.0,598.0,711.0,5.0,0.0,0.0,715.0,0.0,0.0,0.0,322.0,1926.0,1274.0,0.0,0.0,0.0,0.0,0.0,186.0,0.0
3aa74860,24.0,0.0,5.0,16.0,3.0,0.0,24.0,0.0,0.0,0.0,20.0,52.0,19.0,0.0,0.0,0.0,0.0,0.0,24.0,0.0
e4738e91,169.0,9.0,23.0,72.0,76.0,24.0,169.0,9.0,3.0,5.0,84.0,364.0,121.0,6.0,5.0,2.0,20.0,6.0,124.0,27.0
6a8a7af8,934.0,66.0,263.0,547.0,128.0,10.0,934.0,17.0,8.0,7.0,381.0,1787.0,679.0,8.0,8.0,1.0,26.0,8.0,438.0,9.0
f553b2b3,386.0,20.0,35.0,190.0,164.0,57.0,386.0,21.0,10.0,9.0,243.0,925.0,290.0,10.0,6.0,5.0,50.0,17.0,309.0,49.0
220c11f1,160.0,4.0,16.0,72.0,72.0,35.0,156.0,2.0,0.0,2.0,86.0,248.0,90.0,1.0,1.0,2.0,11.0,4.0,113.0,17.0
ba5004e1,627.0,23.0,161.0,309.0,165.0,5.0,627.0,14.0,5.0,9.0,267.0,1006.0,593.0,10.0,14.0,2.0,9.0,1.0,320.0,41.0
12c50af5,125.0,1.0,22.0,78.0,26.0,1.0,125.0,8.0,4.0,4.0,77.0,550.0,227.0,6.0,4.0,0.0,2.0,6.0,89.0,7.0
7106f0a0,4.0,0.0,1.0,3.0,0.0,0.0,4.0,0.0,0.0,0.0,2.0,28.0,21.0,0.0,0.0,0.0,0.0,0.0,2.0,0.0
4e219ad2,326.0,1.0,29.0,98.0,204.0,13.0,326.0,15.0,11.0,4.0,217.0,1189.0,547.0,12.0,13.0,4.0,8.0,7.0,257.0,50.0
184fe4b2,15.0,0.0,0.0,10.0,5.0,0.0,15.0,1.0,0.0,1.0,11.0,17.0,6.0,0.0,0.0,0.0,0.0,0.0,13.0,4.0
e92cd3f7,517.0,23.0,50.0,219.0,260.0,60.0,517.0,39.0,13.0,25.0,309.0,1801.0,816.0,24.0,20.0,12.0,60.0,45.0,390.0,78.0
34269bdf,558.0,30.0,169.0,332.0,65.0,6.0,558.0,10.0,6.0,3.0,303.0,1319.0,564.0,5.0,10.0,1.0,8.0,8.0,364.0,8.0
4f255115,1044.0,48.0,249.0,645.0,154.0,15.0,1044.0,16.0,10.0,6.0,665.0,3663.0,1717.0,20.0,19.0,2.0,13.0,7.0,807.0,12.0
e73c9bb2,527.0,25.0,171.0,200.0,160.0,7.0,527.0,14.0,6.0,7.0,259.0,1261.0,624.0,15.0,5.0,3.0,5.0,0.0,294.0,54.0
6f51e382,897.0,668.0,886.0,11.0,0.0,0.0,897.0,0.0,0.0,0.0,572.0,2788.0,1954.0,0.0,0.0,0.0,1.0,1.0,549.0,0.0
f36016a5,80.0,2.0,12.0,34.0,34.0,1.0,80.0,4.0,2.0,2.0,53.0,207.0,120.0,4.0,3.0,0.0,2.0,2.0,63.0,5.0
f36016a5,129.0,8.0,38.0,70.0,23.0,2.0,129.0,5.0,2.0,3.0,73.0,414.0,191.0,4.0,4.0,0.0,2.0,5.0,87.0,4.0
02ef8778,59.0,2.0,2.0,18.0,40.0,8.0,58.0,10.0,6.0,4.0,39.0,176.0,65.0,3.0,1.0,0.0,8.0,2.0,48.0,10.0
04e531b6,18.0,0.0,1.0,8.0,9.0,0.0,18.0,0.0,0.0,0.0,12.0,75.0,21.0,1.0,2.0,0.0,0.0,0.0,13.0,3.0
381dbcfc,88.0,6.0,26.0,54.0,9.0,0.0,88.0,0.0,0.0,0.0,50.0,135.0,38.0,0.0,1.0,0.0,2.0,0.0,60.0,1.0
9e1035f8,480.0,8.0,35.0,141.0,309.0,68.0,480.0,54.0,26.0,19.0,336.0,1892.0,879.0,30.0,23.0,19.0,31.0,15.0,389.0,136.0
58a9a4d9,1007.0,6.0,120.0,476.0,424.0,41.0,1007.0,31.0,10.0,13.0,693.0,2948.0,1288.0,24.0,32.0,4.0,22.0,37.0,768.0,122.0
532e1e4f,1436.0,201.0,663.0,698.0,84.0,22.0,1436.0,23.0,16.0,5.0,912.0,6578.0,4672.0,45.0,24.0,0.0,11.0,5.0,982.0,7.0
d733aa38,14.0,0.0,1.0,6.0,8.0,0.0,14.0,2.0,1.0,1.0,12.0,107.0,78.0,2.0,3.0,0.0,0.0,1.0,12.0,1.0
0e4fef6e,949.0,60.0,240.0,548.0,167.0,26.0,949.0,12.0,5.0,4.0,423.0,1778.0,704.0,9.0,12.0,1.0,23.0,9.0,532.0,11.0
e96b2583,2.0,0.0,0.0,0.0,2.0,1.0,2.0,0.0,0.0,0.0,1.0,12.0,3.0,0.0,0.0,0.0,0.0,0.0,1.0,1.0
fc647b34,856.0,10.0,72.0,448.0,354.0,43.0,854.0,63.0,26.0,29.0,528.0,2938.0,1302.0,34.0,39.0,6.0,44.0,55.0,634.0,67.0
963829d0,282.0,9.0,30.0,165.0,88.0,4.0,282.0,1.0,0.0,1.0,166.0,677.0,306.0,7.0,5.0,0.0,2.0,6.0,232.0,13.0
f7e87032,85.0,2.0,22.0,41.0,26.0,5.0,85.0,1.0,1.0,0.0,57.0,313.0,130.0,5.0,2.0,2.0,2.0,0.0,60.0,15.0
068f4dec,62.0,3.0,18.0,29.0,15.0,0.0,62.0,3.0,1.0,1.0,30.0,113.0,51.0,0.0,0.0,0.0,4.0,2.0,34.0,4.0
f8eca1b6,720.0,32.0,68.0,329.0,333.0,77.0,718.0,24.0,11.0,10.0,415.0,1547.0,668.0,23.0,20.0,9.0,52.0,32.0,579.0,102.0
2dd7e29d,41.0,0.0,7.0,14.0,22.0,4.0,41.0,5.0,4.0,0.0,28.0,150.0,45.0,1.0,0.0,1.0,4.0,4.0,29.0,10.0
592f3158,938.0,30.0,192.0,621.0,132.0,14.0,938.0,11.0,2.0,8.0,457.0,2584.0,1275.0,13.0,15.0,1.0,18.0,6.0,522.0,7.0
4acd733a,280.0,13.0,50.0,109.0,121.0,20.0,280.0,13.0,4.0,7.0,165.0,861.0,325.0,11.0,4.0,6.0,12.0,8.0,181.0,55.0
0a69de7b,255.0,39.0,133.0,112.0,10.0,3.0,255.0,0.0,0.0,0.0,149.0,530.0,227.0,3.0,1.0,0.0,2.0,1.0,177.0,0.0
f2c6ac01,905.0,111.0,481.0,401.0,32.0,1.0,905.0,1.0,0.0,1.0,500.0,2244.0,1124.0,7.0,6.0,1.0,3.0,0.0,537.0,2.0
0bc4e720,110.0,1.0,12.0,45.0,54.0,8.0,110.0,4.0,1.0,3.0,67.0,341.0,209.0,7.0,4.0,2.0,3.0,4.0,85.0,25.0
0959c2a2,1304.0,28.0,152.0,594.0,568.0,37.0,1304.0,30.0,22.0,6.0,803.0,4540.0,2337.0,55.0,49.0,5.0,17.0,6.0,1010.0,86.0
106c142c,132.0,5.0,32.0,50.0,51.0,5.0,132.0,9.0,3.0,6.0,80.0,460.0,207.0,2.0,7.0,1.0,5.0,2.0,78.0,11.0
ee923664,64.0,6.0,20.0,27.0,17.0,0.0,64.0,0.0,0.0,0.0,27.0,129.0,84.0,2.0,2.0,0.0,1.0,1.0,35.0,7.0
fd51b456,401.0,7.0,83.0,158.0,161.0,19.0,401.0,5.0,2.0,1.0,244.0,1131.0,627.0,13.0,6.0,6.0,6.0,1.0,284.0,52.0
35a6e5c7,680.0,10.0,83.0,364.0,249.0,44.0,680.0,46.0,21.0,24.0,403.0,2453.0,1409.0,39.0,24.0,10.0,37.0,9.0,435.0,45.0
4112ace5,108.0,1.0,16.0,68.0,24.0,4.0,108.0,1.0,0.0,1.0,59.0,235.0,117.0,1.0,2.0,1.0,4.0,4.0,75.0,2.0
1c2c55fc,262.0,50.0,167.0,88.0,9.0,7.0,262.0,0.0,0.0,0.0,138.0,651.0,252.0,0.0,0.0,0.0,1.0,0.0,161.0,0.0
b0fce72c,1185.0,44.0,216.0,741.0,237.0,16.0,1184.0,7.0,3.0,4.0,667.0,2883.0,1361.0,16.0,22.0,3.0,28.0,14.0,771.0,23.0
04965583,367.0,16.0,66.0,158.0,145.0,12.0,367.0,11.0,1.0,9.0,177.0,846.0,294.0,8.0,2.0,2.0,13.0,8.0,194.0,38.0
3a9c4b7b,580.0,40.0,181.0,225.0,177.0,13.0,580.0,17.0,6.0,11.0,229.0,977.0,409.0,12.0,6.0,2.0,13.0,9.0,265.0,37.0
636eae97,45.0,0.0,7.0,17.0,22.0,1.0,45.0,5.0,1.0,3.0,27.0,126.0,56.0,2.0,2.0,0.0,1.0,1.0,27.0,5.0
636eae97,365.0,1.0,48.0,121.0,206.0,36.0,365.0,56.0,18.0,34.0,242.0,1691.0,916.0,29.0,19.0,16.0,16.0,17.0,254.0,65.0
57be54ec,27.0,1.0,1.0,7.0,19.0,7.0,27.0,0.0,0.0,0.0,14.0,48.0,14.0,0.0,0.0,0.0,0.0,2.0,22.0,9.0
bdc74a8f,141.0,2.0,22.0,96.0,27.0,2.0,141.0,4.0,3.0,1.0,86.0,604.0,275.0,7.0,4.0,1.0,4.0,1.0,91.0,2.0
cde52ef5,130.0,123.0,130.0,0.0,0.0,0.0,130.0,0.0,0.0,0.0,70.0,300.0,146.0,0.0,0.0,0.0,0.0,0.0,52.0,0.0
ab7bf91d,945.0,84.0,434.0,483.0,37.0,17.0,945.0,7.0,1.0,5.0,568.0,3000.0,1963.0,14.0,8.0,0.0,9.0,6.0,547.0,3.0
379dc075,160.0,6.0,19.0,86.0,57.0,25.0,160.0,5.0,2.0,2.0,76.0,283.0,104.0,7.0,2.0,3.0,22.0,7.0,91.0,15.0
6a99e0b1,618.0,23.0,52.0,201.0,374.0,101.0,617.0,46.0,22.0,21.0,400.0,2711.0,1409.0,66.0,26.0,28.0,43.0,25.0,476.0,180.0
afdc14d7,873.0,4.0,70.0,244.0,571.0,99.0,873.0,103.0,35.0,51.0,565.0,4471.0,2434.0,105.0,39.0,43.0,52.0,34.0,610.0,216.0
5dfc6ad5,890.0,86.0,345.0,498.0,50.0,12.0,890.0,3.0,3.0,0.0,562.0,2461.0,1096.0,3.0,5.0,0.0,5.0,2.0,616.0,6.0
f6f6b6e8,551.0,103.0,328.0,210.0,20.0,6.0,551.0,6.0,4.0,2.0,287.0,1516.0,769.0,8.0,4.0,1.0,5.0,2.0,312.0,1.0
5ca20b7a,356.0,36.0,128.0,139.0,90.0,4.0,356.0,10.0,3.0,5.0,134.0,790.0,450.0,13.0,13.0,2.0,7.0,3.0,166.0,20.0
968a1c2f,266.0,5.0,41.0,119.0,113.0,11.0,266.0,3.0,2.0,1.0,164.0,947.0,473.0,8.0,6.0,1.0,4.0,6.0,181.0,17.0
5c7845f6,1071.0,101.0,500.0,532.0,42.0,7.0,1071.0,3.0,3.0,0.0,663.0,3500.0,2011.0,7.0,3.0,1.0,3.0,1.0,700.0,4.0
3ee0dd59,1287.0,70.0,336.0,817.0,153.0,11.0,1287.0,12.0,6.0,3.0,801.0,4138.0,2274.0,24.0,18.0,1.0,13.0,11.0,889.0,13.0
