id,Cmp,Att,TotDist,PrgDist,Cmp.1,Att.1,Cmp.2,Att.2,Cmp.3,Att.3,Ast,xAG,xA,A-xAG,KP,1/3,PPA,CrsPA,PrgP
5f09991f,62.0,74.0,1011.0,328.0,29.0,33.0,24.0,29.0,5.0,7.0,0,0.0,0.1,0.0,0.0,4.0,3.0,0.0,6.0
0e46fa2f,18.0,23.0,266.0,28.0,14.0,15.0,1.0,1.0,2.0,4.0,0,0.0,0.0,0.0,0.0,2.0,0.0,0.0,3.0
8bc373ea,168.0,213.0,3100.0,1528.0,69.0,77.0,82.0,98.0,16.0,33.0,0,0.0,0.0,0.0,0.0,11.0,0.0,0.0,9.0
f586779e,75.0,106.0,1086.0,168.0,41.0,54.0,17.0,25.0,6.0,8.0,0,0.3,0.5,-0.3,4.0,4.0,4.0,0.0,11.0
47aaf574,58.0,74.0,824.0,30.0,31.0,40.0,20.0,24.0,3.0,4.0,1,0.2,0.1,0.8,2.0,1.0,0.0,0.0,2.0
81442ecb,80.0,103.0,1438.0,589.0,35.0,40.0,36.0,45.0,8.0,16.0,0,0.1,0.2,-0.1,2.0,6.0,3.0,1.0,9.0
82e12fe7,6.0,10.0,53.0,6.0,5.0,7.0,0.0,1.0,0.0,1.0,0,0.0,0.0,0.0,0.0,0.0,0.0,0.0,0.0
65d62814,67.0,83.0,1523.0,754.0,16.0,16.0,38.0,39.0,13.0,27.0,0,0.0,0.0,0.0,0.0,0.0,0.0,0.0,0.0
4dcec659,81.0,110.0,1253.0,359.0,46.0,54.0,31.0,41.0,3.0,6.0,1,0.5,0.3,0.5,3.0,5.0,6.0,2.0,9.0
dcfb17f4,38.0,50.0,620.0,142.0,17.0,22.0,18.0,21.0,2.0,4.0,0,0.3,0.1,-0.3,4.0,2.0,1.0,0.0,3.0
4b00cd47,173.0,232.0,3890.0,1781.0,44.0,54.0,100.0,121.0,28.0,53.0,0,0.3,0.0,-0.3,2.0,15.0,0.0,0.0,15.0
3dd738a1,75.0,86.0,1198.0,292.0,43.0,43.0,28.0,33.0,3.0,5.0,0,0.2,0.2,-0.2,1.0,5.0,1.0,1.0,10.0
9c4f39b3,55.0,77.0,752.0,181.0,34.0,43.0,14.0,18.0,3.0,7.0,1,1.2,0.9,-0.2,11.0,0.0,4.0,2.0,7.0
2b1c4abd,30.0,41.0,323.0,43.0,20.0,25.0,6.0,9.0,0.0,1.0,0,0.2,0.2,-0.2,5.0,1.0,1.0,0.0,2.0
b625b241,14.0,21.0,222.0,69.0,10.0,12.0,1.0,4.0,3.0,4.0,0,0.1,0.1,-0.1,2.0,1.0,3.0,2.0,2.0
31f5b89b,200.0,216.0,3482.0,754.0,83.0,85.0,93.0,100.0,17.0,19.0,0,0.0,0.1,0.0,0.0,21.0,0.0,0.0,6.0
4601e194,37.0,51.0,570.0,170.0,21.0,24.0,9.0,12.0,3.0,5.0,0,0.1,0.1,-0.1,1.0,4.0,1.0,1.0,6.0
5294a83f,250.0,302.0,3844.0,1235.0,134.0,145.0,90.0,111.0,17.0,31.0,1,0.9,1.5,0.1,6.0,45.0,9.0,0.0,42.0
9e17ccff,24.0,44.0,869.0,679.0,1.0,1.0,13.0,14.0,10.0,29.0,0,0.0,0.0,0.0,0.0,1.0,0.0,0.0,0.0
cd6a1a59,259.0,305.0,5989.0,1767.0,62.0,72.0,135.0,152.0,60.0,72.0,0,0.0,0.5,0.0,1.0,30.0,2.0,0.0,37.0
f8405304,15.0,18.0,179.0,22.0,11.0,14.0,3.0,3.0,0.0,0.0,0,0.0,0.0,0.0,0.0,0.0,1.0,0.0,1.0
1a7fcf39,201.0,241.0,3045.0,1064.0,118.0,128.0,70.0,80.0,10.0,23.0,1,0.7,0.6,0.3,4.0,20.0,7.0,2.0,26.0
5c46e908,104.0,147.0,1862.0,862.0,39.0,48.0,51.0,64.0,11.0,28.0,0,0.4,0.1,-0.4,4.0,12.0,2.0,1.0,15.0
bdf8165d,226.0,263.0,4104.0,1075.0,91.0,97.0,92.0,108.0,33.0,39.0,0,0.1,0.1,-0.1,2.0,28.0,3.0,0.0,26.0
f4290206,51.0,56.0,846.0,287.0,17.0,17.0,26.0,29.0,4.0,6.0,0,0.0,0.0,0.0,0.0,5.0,0.0,0.0,6.0
0afff3b7,67.0,94.0,997.0,194.0,37.0,45.0,19.0,25.0,5.0,10.0,0,0.1,0.1,-0.1,2.0,7.0,2.0,0.0,11.0
8b3ab7ad,145.0,162.0,2616.0,774.0,54.0,58.0,80.0,88.0,10.0,13.0,0,0.0,0.0,0.0,0.0,14.0,0.0,0.0,14.0
555d5edd,54.0,65.0,803.0,214.0,27.0,30.0,24.0,27.0,1.0,3.0,0,0.0,0.1,0.0,1.0,3.0,2.0,0.0,8.0
7fdb872a,35.0,39.0,668.0,143.0,8.0,9.0,24.0,25.0,2.0,4.0,0,0.0,0.0,0.0,0.0,0.0,0.0,0.0,1.0
9f1893b9,152.0,201.0,2146.0,603.0,88.0,106.0,52.0,67.0,4.0,6.0,2,1.5,1.3,0.5,15.0,15.0,7.0,0.0,22.0
b5f66351,134.0,205.0,3060.0,1362.0,34.0,42.0,70.0,95.0,27.0,58.0,0,0.0,0.1,0.0,1.0,14.0,4.0,2.0,17.0
8382b207,16.0,21.0,235.0,73.0,10.0,12.0,5.0,5.0,1.0,2.0,0,0.0,0.0,0.0,1.0,2.0,1.0,0.0,3.0
4f9f721c,19.0,32.0,271.0,21.0,11.0,15.0,7.0,11.0,1.0,5.0,0,0.0,0.0,0.0,0.0,1.0,0.0,0.0,0.0
40dc75f0,1.0,1.0,2.0,0.0,0.0,0.0,0.0,0.0,0.0,0.0,0,0.0,0.0,0.0,0.0,0.0,0.0,0.0,0.0
e0b113a7,108.0,128.0,1612.0,427.0,64.0,70.0,34.0,40.0,6.0,9.0,0,0.1,0.2,-0.1,2.0,5.0,0.0,0.0,9.0
4e3f5992,47.0,60.0,895.0,291.0,20.0,20.0,19.0,25.0,7.0,12.0,0,0.0,0.0,0.0,0.0,8.0,0.0,0.0,8.0
2a70dcc9,52.0,59.0,877.0,318.0,26.0,29.0,21.0,21.0,5.0,9.0,0,0.2,0.2,-0.2,2.0,2.0,4.0,2.0,7.0
4a7078f9,192.0,232.0,3499.0,999.0,73.0,81.0,80.0,95.0,30.0,40.0,0,0.2,0.5,-0.2,4.0,10.0,2.0,1.0,18.0
50cddd19,33.0,46.0,418.0,15.0,23.0,29.0,10.0,14.0,0.0,1.0,0,0.1,0.0,-0.1,1.0,3.0,0.0,0.0,1.0
108fe016,114.0,121.0,1813.0,528.0,68.0,70.0,36.0,39.0,9.0,11.0,0,0.0,0.0,0.0,0.0,8.0,1.0,0.0,14.0
99127249,146.0,187.0,1955.0,438.0,86.0,99.0,50.0,62.0,2.0,8.0,0,0.6,0.5,-0.6,6.0,7.0,6.0,1.0,19.0
feb5d3ab,116.0,159.0,1794.0,678.0,62.0,77.0,49.0,59.0,4.0,15.0,0,0.1,0.1,-0.1,3.0,5.0,2.0,1.0,9.0
c63f6e46,46.0,67.0,671.0,161.0,25.0,31.0,17.0,25.0,2.0,6.0,0,0.1,0.1,-0.1,3.0,5.0,4.0,0.0,9.0
7e6b3664,10.0,11.0,159.0,90.0,6.0,6.0,4.0,4.0,0.0,1.0,0,0.0,0.0,0.0,0.0,0.0,0.0,0.0,0.0
f28876e5,32.0,38.0,540.0,131.0,15.0,18.0,16.0,17.0,1.0,2.0,0,0.0,0.0,0.0,0.0,0.0,0.0,0.0,1.0
f47a530a,86.0,104.0,1612.0,622.0,32.0,34.0,41.0,50.0,10.0,17.0,0,0.5,0.4,-0.5,3.0,16.0,2.0,0.0,13.0
2bef2bca,70.0,86.0,1442.0,708.0,26.0,33.0,26.0,30.0,14.0,17.0,0,0.0,0.0,0.0,1.0,12.0,1.0,0.0,4.0
184ad240,57.0,74.0,889.0,208.0,34.0,38.0,19.0,26.0,3.0,7.0,0,0.2,0.1,-0.2,4.0,1.0,4.0,0.0,6.0
31b7d437,15.0,24.0,203.0,78.0,9.0,12.0,5.0,9.0,0.0,2.0,0,0.1,0.0,-0.1,1.0,1.0,1.0,0.0,5.0
b026bbf6,119.0,158.0,1738.0,616.0,63.0,70.0,45.0,60.0,4.0,15.0,1,0.3,0.9,0.7,2.0,5.0,5.0,1.0,12.0
8f5bfaac,77.0,95.0,1136.0,347.0,45.0,52.0,23.0,32.0,6.0,8.0,0,0.1,0.1,-0.1,4.0,7.0,1.0,0.0,14.0
dbd1b101,25.0,44.0,771.0,528.0,4.0,4.0,11.0,12.0,10.0,28.0,0,0.0,0.0,0.0,0.0,0.0,0.0,0.0,0.0
e65a7469,19.0,24.0,218.0,67.0,11.0,12.0,2.0,5.0,1.0,1.0,0,0.1,0.0,-0.1,2.0,3.0,0.0,0.0,2.0
dd95af65,5.0,6.0,81.0,9.0,3.0,3.0,1.0,2.0,1.0,1.0,0,0.0,0.0,0.0,0.0,0.0,0.0,0.0,0.0
8e34b9f5,166.0,196.0,3274.0,1336.0,57.0,65.0,86.0,94.0,22.0,34.0,0,0.0,0.0,0.0,0.0,17.0,1.0,0.0,22.0
10549b49,1.0,4.0,10.0,10.0,1.0,1.0,0.0,3.0,0.0,0.0,0,0.0,0.0,0.0,0.0,1.0,0.0,0.0,1.0
85f476cc,30.0,34.0,514.0,143.0,14.0,17.0,11.0,11.0,4.0,5.0,0,0.0,0.0,0.0,1.0,6.0,1.0,0.0,4.0
60c07b31,102.0,112.0,1866.0,628.0,43.0,48.0,52.0,55.0,6.0,8.0,0,0.0,0.0,0.0,0.0,1.0,0.0,0.0,3.0
75229233,14.0,23.0,212.0,41.0,6.0,10.0,8.0,11.0,0.0,1.0,0,0.0,0.0,0.0,0.0,0.0,0.0,0.0,1.0
114bbdee,7.0,8.0,102.0,8.0,3.0,4.0,4.0,4.0,0.0,0.0,0,0.0,0.0,0.0,0.0,0.0,0.0,0.0,0.0
06df8256,246.0,291.0,4981.0,2072.0,77.0,79.0,125.0,144.0,41.0,61.0,0,0.1,0.3,-0.1,2.0,34.0,3.0,1.0,34.0
d7abc42e,151.0,193.0,2140.0,679.0,77.0,89.0,53.0,68.0,6.0,18.0,0,0.4,0.4,-0.4,9.0,18.0,3.0,1.0,22.0
dead55e5,309.0,370.0,4970.0,1409.0,156.0,169.0,104.0,121.0,31.0,55.0,4,1.5,0.9,2.5,22.0,37.0,9.0,1.0,47.0
0caa2fd4,74.0,90.0,967.0,208.0,49.0,54.0,15.0,22.0,3.0,4.0,0,0.7,0.4,-0.7,6.0,1.0,6.0,2.0,6.0
a8567629,64.0,79.0,980.0,216.0,38.0,45.0,18.0,20.0,4.0,8.0,0,0.1,0.2,-0.1,3.0,4.0,2.0,1.0,3.0
5ccc9672,43.0,59.0,575.0,151.0,30.0,34.0,7.0,9.0,3.0,9.0,0,0.0,0.0,0.0,0.0,1.0,0.0,0.0,1.0
be47b750,24.0,38.0,218.0,19.0,15.0,19.0,4.0,9.0,0.0,0.0,0,0.1,0.1,-0.1,3.0,1.0,0.0,0.0,0.0
cac2537b,100.0,121.0,1458.0,381.0,55.0,62.0,32.0,36.0,4.0,9.0,0,0.4,0.2,-0.4,4.0,10.0,5.0,2.0,15.0
3098c0df,35.0,53.0,432.0,44.0,25.0,29.0,8.0,14.0,0.0,4.0,0,0.0,0.0,0.0,0.0,1.0,0.0,0.0,2.0
200e89e1,4.0,6.0,72.0,7.0,2.0,4.0,2.0,2.0,0.0,0.0,0,0.0,0.0,0.0,0.0,0.0,0.0,0.0,1.0
b742cc0d,379.0,439.0,7101.0,2105.0,137.0,148.0,204.0,227.0,32.0,49.0,0,0.1,0.4,-0.1,2.0,27.0,0.0,0.0,30.0
80556f08,72.0,91.0,1028.0,215.0,42.0,48.0,25.0,32.0,3.0,7.0,0,0.2,0.0,-0.2,2.0,10.0,0.0,0.0,6.0
a36524bf,194.0,215.0,3528.0,1051.0,65.0,69.0,113.0,117.0,12.0,22.0,0,0.0,0.0,0.0,0.0,13.0,0.0,0.0,16.0
2973d8ff,43.0,65.0,631.0,138.0,27.0,34.0,8.0,13.0,5.0,6.0,0,0.2,0.1,-0.2,2.0,5.0,1.0,0.0,5.0
072e68ed,124.0,176.0,3781.0,2586.0,9.0,9.0,76.0,77.0,39.0,87.0,0,0.0,0.0,0.0,0.0,3.0,0.0,0.0,0.0
a74ea18d,95.0,131.0,1424.0,544.0,54.0,66.0,32.0,44.0,6.0,12.0,1,0.3,0.3,0.7,2.0,5.0,2.0,2.0,4.0
8eb55dbb,99.0,179.0,1772.0,415.0,50.0,70.0,33.0,62.0,13.0,31.0,1,0.6,1.2,0.4,8.0,3.0,11.0,7.0,9.0
50dc94ce,19.0,25.0,257.0,85.0,13.0,14.0,4.0,6.0,1.0,1.0,0,0.0,0.0,0.0,0.0,2.0,0.0,0.0,2.0
30ae134d,57.0,92.0,905.0,244.0,34.0,52.0,16.0,26.0,4.0,5.0,0,0.2,0.3,-0.2,4.0,11.0,1.0,0.0,14.0
71115017,316.0,406.0,5426.0,1982.0,163.0,186.0,113.0,136.0,37.0,61.0,1,0.3,0.2,0.7,3.0,22.0,2.0,1.0,27.0
f874dd44,44.0,53.0,692.0,136.0,23.0,28.0,19.0,22.0,2.0,2.0,0,0.0,0.0,0.0,0.0,1.0,0.0,0.0,2.0
c678ddd7,199.0,221.0,3937.0,1036.0,61.0,65.0,115.0,126.0,23.0,29.0,0,0.0,0.0,0.0,0.0,9.0,0.0,0.0,5.0
d705ba44,68.0,104.0,804.0,168.0,45.0,62.0,15.0,23.0,1.0,1.0,0,0.6,0.3,-0.6,6.0,1.0,2.0,0.0,6.0
3bd65247,48.0,61.0,698.0,137.0,30.0,35.0,14.0,18.0,4.0,5.0,0,0.2,0.0,-0.2,2.0,10.0,0.0,0.0,4.0
942b4f90,111.0,152.0,1578.0,332.0,59.0,76.0,38.0,49.0,4.0,8.0,0,1.1,1.0,-1.1,8.0,5.0,8.0,0.0,18.0
8a2248b4,126.0,197.0,3645.0,2698.0,33.0,33.0,44.0,44.0,49.0,120.0,0,0.0,0.0,0.0,0.0,2.0,0.0,0.0,0.0
e4114f5d,230.0,276.0,3941.0,1208.0,99.0,109.0,102.0,114.0,23.0,44.0,1,0.7,0.6,0.3,6.0,21.0,4.0,1.0,34.0
713c144a,105.0,142.0,1745.0,510.0,55.0,63.0,31.0,39.0,14.0,31.0,0,0.1,0.3,-0.1,3.0,19.0,4.0,1.0,18.0
a29b1131,61.0,73.0,906.0,267.0,36.0,41.0,22.0,27.0,2.0,3.0,1,0.6,0.6,0.4,2.0,6.0,6.0,2.0,9.0
17370b95,50.0,70.0,880.0,378.0,24.0,28.0,21.0,27.0,5.0,12.0,0,0.0,0.1,0.0,0.0,5.0,2.0,1.0,6.0
7ca9f0f0,125.0,157.0,2603.0,770.0,49.0,59.0,47.0,54.0,25.0,34.0,0,0.3,0.3,-0.3,4.0,17.0,2.0,0.0,11.0
11c0fa9d,37.0,58.0,542.0,71.0,21.0,28.0,10.0,15.0,2.0,3.0,0,0.0,0.1,0.0,1.0,2.0,0.0,0.0,2.0
a0b730dc,75.0,102.0,1310.0,456.0,35.0,44.0,31.0,40.0,8.0,13.0,0,0.3,0.6,-0.3,1.0,13.0,4.0,0.0,16.0
1c59240b,96.0,126.0,1692.0,633.0,47.0,56.0,32.0,41.0,12.0,21.0,1,0.4,0.5,0.6,9.0,10.0,3.0,0.0,14.0
53d93280,177.0,230.0,4558.0,3140.0,35.0,35.0,92.0,94.0,46.0,95.0,0,0.0,0.0,0.0,1.0,5.0,0.0,0.0,0.0
4c6e2ab5,0.0,0.0,0.0,0.0,0.0,0.0,0.0,0.0,0.0,0.0,0,0.0,0.0,0.0,0.0,0.0,0.0,0.0,0.0
6191093d,217.0,284.0,3827.0,1007.0,97.0,115.0,91.0,107.0,23.0,46.0,3,1.6,1.5,1.4,15.0,25.0,11.0,6.0,33.0
5b479568,25.0,32.0,379.0,96.0,13.0,15.0,5.0,6.0,4.0,4.0,0,0.2,0.1,-0.2,2.0,3.0,1.0,1.0,4.0
9c2b4382,17.0,23.0,247.0,48.0,10.0,12.0,7.0,7.0,0.0,0.0,0,0.0,0.2,0.0,1.0,1.0,1.0,0.0,2.0
7713c72a,141.0,150.0,2953.0,743.0,34.0,36.0,91.0,93.0,15.0,18.0,0,0.0,0.0,0.0,0.0,4.0,0.0,0.0,2.0
415568b5,81.0,92.0,1347.0,315.0,38.0,41.0,35.0,38.0,6.0,10.0,0,0.1,0.1,-0.1,1.0,3.0,2.0,0.0,7.0
b146275b,75.0,113.0,1221.0,279.0,34.0,48.0,28.0,39.0,9.0,15.0,1,0.5,0.4,0.5,3.0,8.0,3.0,0.0,10.0
52ec54d0,9.0,10.0,154.0,61.0,3.0,3.0,6.0,6.0,0.0,1.0,0,0.0,0.0,0.0,0.0,0.0,0.0,0.0,0.0
f893dba4,183.0,257.0,3275.0,1066.0,79.0,90.0,74.0,106.0,24.0,33.0,0,0.6,0.6,-0.6,6.0,17.0,5.0,3.0,14.0
ae05689a,152.0,222.0,2405.0,916.0,78.0,95.0,52.0,71.0,11.0,37.0,2,2.4,1.9,-0.4,16.0,17.0,11.0,1.0,40.0
9d7d5334,8.0,11.0,158.0,67.0,2.0,3.0,5.0,6.0,1.0,2.0,0,0.0,0.0,0.0,0.0,2.0,1.0,0.0,3.0
5e8936be,142.0,205.0,4053.0,3101.0,30.0,30.0,61.0,61.0,51.0,112.0,0,0.0,0.0,0.0,0.0,2.0,0.0,0.0,0.0
1443ca7d,41.0,48.0,753.0,388.0,16.0,18.0,22.0,24.0,3.0,4.0,0,0.0,0.1,0.0,0.0,2.0,1.0,0.0,2.0
2cb77ec6,148.0,190.0,2622.0,1238.0,60.0,72.0,67.0,81.0,15.0,21.0,0,0.1,0.1,-0.1,2.0,13.0,1.0,1.0,16.0
1c07b06e,189.0,226.0,3406.0,897.0,90.0,100.0,70.0,79.0,25.0,38.0,0,0.2,0.2,-0.2,3.0,17.0,1.0,0.0,17.0
541127d5,51.0,77.0,726.0,198.0,29.0,39.0,17.0,26.0,3.0,7.0,0,0.4,0.2,-0.4,5.0,4.0,2.0,0.0,7.0
f6798fc3,31.0,41.0,823.0,611.0,8.0,8.0,10.0,10.0,13.0,23.0,0,0.0,0.0,0.0,0.0,0.0,0.0,0.0,0.0
20e73fac,208.0,297.0,3718.0,1424.0,91.0,107.0,96.0,119.0,19.0,56.0,2,1.7,1.8,0.3,16.0,17.0,8.0,1.0,27.0
ae94a6c5,33.0,37.0,516.0,73.0,18.0,20.0,13.0,13.0,1.0,1.0,0,0.0,0.0,0.0,1.0,2.0,0.0,0.0,3.0
ea39a081,28.0,39.0,509.0,171.0,12.0,13.0,14.0,18.0,2.0,3.0,0,0.0,0.1,0.0,0.0,5.0,2.0,0.0,8.0
1e064bfb,62.0,80.0,1797.0,1242.0,8.0,8.0,30.0,30.0,24.0,42.0,0,0.0,0.0,0.0,0.0,1.0,0.0,0.0,0.0
6e2c94ad,51.0,70.0,845.0,97.0,26.0,33.0,16.0,22.0,6.0,7.0,1,0.2,0.2,0.8,4.0,1.0,1.0,0.0,2.0
c1949191,120.0,144.0,2203.0,938.0,43.0,46.0,67.0,74.0,10.0,23.0,0,0.0,0.0,0.0,0.0,4.0,0.0,0.0,8.0
10072610,90.0,142.0,2771.0,2132.0,17.0,17.0,35.0,35.0,37.0,88.0,0,0.0,0.0,0.0,0.0,4.0,0.0,0.0,0.0
6115fddd,186.0,255.0,5111.0,3344.0,32.0,32.0,81.0,81.0,72.0,139.0,0,0.0,0.0,0.0,0.0,0.0,0.0,0.0,0.0
5fd5ed86,120.0,128.0,2352.0,757.0,42.0,46.0,61.0,62.0,16.0,19.0,0,0.0,0.1,0.0,1.0,2.0,0.0,0.0,0.0
4c184730,5.0,10.0,44.0,5.0,5.0,7.0,0.0,0.0,0.0,0.0,0,0.0,0.0,0.0,0.0,0.0,1.0,0.0,1.0
582beb9d,144.0,188.0,2277.0,583.0,70.0,84.0,59.0,68.0,9.0,18.0,0,0.5,0.6,-0.5,6.0,2.0,5.0,2.0,10.0
7b5ab7f2,46.0,58.0,643.0,184.0,28.0,34.0,17.0,20.0,0.0,2.0,0,0.3,0.3,-0.3,2.0,5.0,2.0,0.0,8.0
eab85789,78.0,116.0,1067.0,236.0,46.0,55.0,24.0,34.0,4.0,10.0,2,1.0,0.7,1.0,7.0,4.0,5.0,3.0,6.0
e0b5ac38,15.0,15.0,199.0,25.0,8.0,8.0,5.0,5.0,0.0,0.0,1,0.0,0.0,1.0,1.0,2.0,0.0,0.0,2.0
44f050bc,18.0,27.0,336.0,46.0,5.0,6.0,11.0,13.0,1.0,4.0,0,0.0,0.0,0.0,0.0,0.0,0.0,0.0,0.0
f8766ef9,291.0,330.0,6357.0,2516.0,76.0,84.0,158.0,173.0,54.0,64.0,1,0.1,0.0,0.9,1.0,17.0,0.0,0.0,20.0
eb2b33aa,0.0,0.0,0.0,0.0,0.0,0.0,0.0,0.0,0.0,0.0,0,0.0,0.0,0.0,0.0,0.0,0.0,0.0,0.0
5ab0ea87,40.0,52.0,626.0,217.0,21.0,28.0,15.0,18.0,3.0,4.0,0,0.0,0.0,0.0,0.0,7.0,0.0,0.0,7.0
8e456005,31.0,52.0,509.0,64.0,17.0,25.0,9.0,16.0,4.0,8.0,0,0.2,0.1,-0.2,2.0,1.0,1.0,0.0,1.0
b8814868,89.0,118.0,1324.0,241.0,49.0,57.0,28.0,36.0,6.0,11.0,2,1.0,0.7,1.0,6.0,7.0,4.0,1.0,13.0
f63a8347,114.0,200.0,3640.0,2687.0,16.0,16.0,51.0,52.0,47.0,131.0,0,0.0,0.0,0.0,0.0,3.0,0.0,0.0,0.0
13ea2544,123.0,144.0,2308.0,582.0,45.0,51.0,61.0,72.0,13.0,17.0,1,1.0,0.9,0.0,2.0,15.0,6.0,3.0,19.0
489e80e3,290.0,340.0,5725.0,1540.0,106.0,120.0,134.0,151.0,42.0,53.0,0,0.2,0.2,-0.2,3.0,31.0,3.0,0.0,38.0
a6de370d,324.0,380.0,5547.0,1242.0,168.0,185.0,98.0,111.0,44.0,59.0,0,1.1,1.4,-1.1,10.0,36.0,9.0,2.0,43.0
b6a1cdf9,40.0,53.0,582.0,102.0,19.0,24.0,17.0,20.0,2.0,3.0,0,0.0,0.1,0.0,0.0,2.0,0.0,0.0,4.0
6885cc44,35.0,51.0,470.0,136.0,25.0,31.0,10.0,12.0,0.0,3.0,0,0.1,0.2,-0.1,2.0,5.0,1.0,0.0,3.0
dee86451,142.0,158.0,2385.0,717.0,72.0,81.0,52.0,53.0,15.0,20.0,0,0.1,0.1,-0.1,4.0,18.0,1.0,0.0,22.0
3f5f38fb,78.0,85.0,1425.0,501.0,31.0,33.0,38.0,39.0,8.0,10.0,0,0.0,0.0,0.0,0.0,3.0,0.0,0.0,2.0
4d224fe8,361.0,456.0,6696.0,2342.0,170.0,192.0,133.0,162.0,52.0,78.0,0,1.0,0.8,-1.0,6.0,52.0,5.0,1.0,51.0
f54d2149,142.0,172.0,2622.0,777.0,65.0,73.0,61.0,71.0,15.0,23.0,0,0.0,0.1,0.0,0.0,9.0,2.0,0.0,13.0
e0f3a1f6,231.0,262.0,3953.0,1665.0,105.0,113.0,104.0,115.0,15.0,24.0,1,0.1,0.2,0.9,2.0,13.0,2.0,1.0,17.0
37d0048f,124.0,148.0,2296.0,460.0,55.0,62.0,46.0,54.0,19.0,20.0,0,0.1,0.0,-0.1,3.0,16.0,0.0,0.0,17.0
ba3d3bea,267.0,301.0,4442.0,1183.0,132.0,143.0,104.0,118.0,25.0,31.0,0,0.2,0.5,-0.2,3.0,24.0,2.0,0.0,19.0
350ad032,60.0,84.0,858.0,164.0,31.0,37.0,25.0,30.0,2.0,9.0,0,0.2,0.2,-0.2,1.0,2.0,2.0,1.0,5.0
2edbd8d5,9.0,30.0,378.0,304.0,2.0,2.0,1.0,1.0,6.0,26.0,0,0.0,0.0,0.0,0.0,0.0,0.0,0.0,0.0
31a62dc7,54.0,69.0,1014.0,338.0,22.0,28.0,20.0,24.0,10.0,12.0,0,0.1,0.1,-0.1,1.0,4.0,2.0,1.0,5.0
3c6bbbab,83.0,105.0,1163.0,337.0,49.0,53.0,30.0,39.0,1.0,6.0,0,0.0,0.0,0.0,0.0,5.0,0.0,0.0,6.0
254b831b,79.0,96.0,1622.0,618.0,22.0,24.0,45.0,53.0,12.0,19.0,0,0.2,0.1,-0.2,3.0,4.0,0.0,0.0,5.0
e63c5181,122.0,163.0,1936.0,648.0,67.0,86.0,44.0,51.0,10.0,15.0,0,0.1,0.3,-0.1,2.0,5.0,3.0,0.0,17.0
890f108d,1.0,3.0,24.0,0.0,0.0,2.0,1.0,1.0,0.0,0.0,0,0.0,0.0,0.0,0.0,0.0,0.0,0.0,0.0
b0f7e36c,29.0,39.0,507.0,169.0,12.0,17.0,12.0,14.0,4.0,6.0,1,0.8,0.3,0.2,2.0,4.0,3.0,1.0,4.0
b7b27de0,46.0,60.0,687.0,133.0,24.0,32.0,20.0,24.0,1.0,2.0,0,0.2,0.6,-0.2,3.0,1.0,3.0,1.0,2.0
68a26d51,304.0,347.0,5542.0,1573.0,127.0,135.0,137.0,151.0,30.0,44.0,1,0.3,0.3,0.7,7.0,36.0,5.0,1.0,43.0
1cb49278,63.0,74.0,1135.0,443.0,26.0,29.0,29.0,31.0,6.0,10.0,0,0.0,0.0,0.0,0.0,2.0,0.0,0.0,5.0
6e2e6e4e,0.0,0.0,0.0,0.0,0.0,0.0,0.0,0.0,0.0,0.0,0,0.0,0.0,0.0,0.0,0.0,0.0,0.0,0.0
770ebf00,221.0,286.0,3892.0,1259.0,115.0,130.0,65.0,79.0,34.0,60.0,0,0.3,0.7,-0.3,7.0,23.0,11.0,0.0,29.0
7cd78926,205.0,251.0,3379.0,1276.0,98.0,108.0,84.0,109.0,16.0,21.0,0,0.1,0.1,-0.1,3.0,17.0,3.0,0.0,19.0
5fcb90ac,7.0,9.0,84.0,32.0,5.0,6.0,2.0,3.0,0.0,0.0,0,0.0,0.0,0.0,0.0,1.0,0.0,0.0,1.0
1fbbfbde,122.0,147.0,2569.0,979.0,34.0,39.0,66.0,72.0,20.0,30.0,0,0.0,0.0,0.0,0.0,7.0,0.0,0.0,8.0
3010aefb,46.0,54.0,597.0,138.0,31.0,32.0,12.0,15.0,1.0,3.0,0,0.0,0.0,0.0,0.0,1.0,1.0,0.0,3.0
5ef3d210,8.0,9.0,152.0,72.0,2.0,2.0,5.0,5.0,1.0,2.0,0,0.2,0.2,-0.2,1.0,2.0,3.0,1.0,4.0
0e7ccfc4,99.0,152.0,1740.0,816.0,43.0,52.0,44.0,68.0,10.0,23.0,0,0.6,0.2,-0.6,9.0,9.0,0.0,0.0,8.0
9980269a,6.0,10.0,57.0,19.0,5.0,5.0,0.0,3.0,0.0,0.0,0,0.0,0.0,0.0,0.0,0.0,0.0,0.0,0.0
720ebb4e,0.0,0.0,0.0,0.0,0.0,0.0,0.0,0.0,0.0,0.0,0,0.0,0.0,0.0,0.0,0.0,0.0,0.0,0.0
922dfade,185.0,209.0,3161.0,730.0,72.0,78.0,74.0,78.0,25.0,32.0,1,0.2,0.2,0.8,1.0,14.0,4.0,0.0,18.0
16657b95,298.0,364.0,5485.0,1577.0,139.0,157.0,112.0,131.0,43.0,58.0,0,0.8,0.5,-0.8,7.0,30.0,8.0,0.0,34.0
0ab1f153,41.0,47.0,785.0,98.0,20.0,22.0,15.0,16.0,6.0,8.0,0,0.0,0.4,0.0,0.0,0.0,1.0,1.0,0.0
235a646b,153.0,204.0,2216.0,794.0,95.0,106.0,48.0,64.0,7.0,14.0,0,0.0,0.2,0.0,0.0,16.0,1.0,0.0,7.0
a04e2dd2,42.0,68.0,1404.0,1189.0,10.0,10.0,10.0,10.0,22.0,47.0,0,0.0,0.0,0.0,0.0,2.0,0.0,0.0,0.0
d9565625,301.0,355.0,5611.0,1749.0,130.0,138.0,131.0,150.0,37.0,55.0,0,1.1,1.0,-1.1,12.0,28.0,11.0,1.0,39.0
563cbac0,262.0,336.0,5825.0,2207.0,60.0,74.0,159.0,178.0,43.0,81.0,0,0.0,0.1,0.0,1.0,17.0,2.0,0.0,18.0
94b2001f,149.0,156.0,2901.0,1208.0,46.0,46.0,89.0,93.0,13.0,16.0,0,0.3,0.2,-0.3,3.0,19.0,1.0,0.0,19.0
ccd38335,66.0,91.0,854.0,155.0,41.0,49.0,13.0,19.0,6.0,8.0,0,0.3,0.4,-0.3,3.0,5.0,2.0,0.0,8.0
da7f2781,188.0,267.0,3456.0,1590.0,73.0,84.0,92.0,122.0,18.0,44.0,1,0.8,0.6,0.2,6.0,15.0,5.0,3.0,17.0
ae4e2852,87.0,102.0,1232.0,345.0,57.0,61.0,27.0,32.0,1.0,6.0,0,0.0,0.1,0.0,1.0,5.0,1.0,0.0,3.0
bc6e544a,63.0,92.0,940.0,332.0,39.0,45.0,21.0,32.0,2.0,12.0,0,0.0,0.0,0.0,1.0,1.0,1.0,1.0,3.0
d99830de,25.0,32.0,332.0,90.0,12.0,14.0,5.0,7.0,2.0,4.0,0,0.0,0.0,0.0,0.0,2.0,1.0,0.0,3.0
d33c706e,6.0,11.0,42.0,8.0,5.0,7.0,0.0,2.0,0.0,0.0,0,0.0,0.0,0.0,1.0,0.0,0.0,0.0,0.0
5832ebfe,182.0,205.0,3714.0,1087.0,49.0,58.0,111.0,117.0,21.0,27.0,0,0.0,0.0,0.0,0.0,20.0,0.0,0.0,13.0
13c8e5f6,35.0,59.0,559.0,239.0,18.0,25.0,9.0,17.0,5.0,10.0,0,0.5,0.3,-0.5,5.0,2.0,1.0,1.0,4.0
19cda00b,114.0,135.0,2002.0,532.0,57.0,60.0,41.0,50.0,13.0,18.0,0,0.5,0.5,-0.5,3.0,16.0,4.0,1.0,14.0
aeed5c06,19.0,26.0,207.0,55.0,14.0,16.0,4.0,6.0,0.0,2.0,0,0.1,0.1,-0.1,1.0,2.0,0.0,0.0,2.0
d4822868,4.0,4.0,49.0,2.0,3.0,3.0,1.0,1.0,0.0,0.0,0,0.0,0.0,0.0,0.0,0.0,0.0,0.0,0.0
8104e41e,177.0,240.0,2697.0,663.0,107.0,129.0,52.0,79.0,12.0,16.0,2,1.1,0.7,0.9,12.0,12.0,11.0,5.0,23.0
a9107589,101.0,139.0,3215.0,2561.0,9.0,9.0,52.0,53.0,40.0,77.0,0,0.0,0.0,0.0,0.0,1.0,0.0,0.0,0.0
4030c7ae,151.0,205.0,4136.0,2796.0,31.0,31.0,69.0,72.0,51.0,102.0,0,0.0,0.0,0.0,0.0,0.0,0.0,0.0,0.0
34a0f5ff,101.0,131.0,1618.0,356.0,52.0,64.0,34.0,42.0,9.0,17.0,1,0.6,0.6,0.4,5.0,4.0,6.0,2.0,9.0
37143438,20.0,28.0,386.0,31.0,8.0,10.0,10.0,13.0,2.0,4.0,0,0.2,0.1,-0.2,1.0,0.0,0.0,0.0,1.0
1581e8db,105.0,141.0,1915.0,543.0,44.0,55.0,35.0,45.0,19.0,24.0,0,0.1,0.1,-0.1,6.0,13.0,0.0,0.0,14.0
ad82197c,426.0,511.0,8648.0,3334.0,129.0,149.0,231.0,263.0,57.0,83.0,1,0.3,0.7,0.7,4.0,53.0,5.0,2.0,54.0
d6f866ba,69.0,87.0,1052.0,321.0,39.0,42.0,24.0,30.0,4.0,8.0,0,0.0,0.1,0.0,1.0,7.0,0.0,0.0,5.0
45c29ae7,20.0,34.0,378.0,104.0,8.0,12.0,9.0,15.0,2.0,4.0,0,0.1,0.1,-0.1,1.0,3.0,1.0,0.0,5.0
77ac1d89,75.0,104.0,1114.0,180.0,40.0,51.0,24.0,32.0,6.0,10.0,0,0.2,0.2,-0.2,6.0,4.0,2.0,0.0,9.0
ac295d9e,19.0,43.0,801.0,690.0,4.0,4.0,4.0,4.0,11.0,35.0,0,0.0,0.0,0.0,0.0,4.0,0.0,0.0,0.0
d01bbb6f,117.0,150.0,1726.0,470.0,67.0,81.0,36.0,45.0,10.0,14.0,1,0.6,0.5,0.4,6.0,11.0,2.0,1.0,14.0
f67c9d29,200.0,239.0,3880.0,1393.0,72.0,84.0,105.0,119.0,21.0,29.0,0,0.2,0.3,-0.2,4.0,26.0,1.0,0.0,28.0
fffea3e5,68.0,90.0,1214.0,272.0,32.0,40.0,29.0,37.0,7.0,10.0,1,2.4,1.7,-1.4,9.0,3.0,11.0,3.0,9.0
67ac5bb8,260.0,302.0,5159.0,1477.0,78.0,88.0,153.0,166.0,26.0,40.0,0,0.0,0.1,0.0,0.0,27.0,1.0,0.0,17.0
9e7483ff,61.0,83.0,883.0,246.0,35.0,42.0,15.0,20.0,4.0,13.0,0,0.0,0.1,0.0,1.0,7.0,2.0,0.0,9.0
6fd8a334,205.0,226.0,3984.0,1340.0,57.0,67.0,122.0,127.0,23.0,28.0,0,0.0,0.1,0.0,1.0,12.0,0.0,0.0,16.0
c6486b01,100.0,126.0,1649.0,449.0,46.0,52.0,34.0,41.0,11.0,19.0,1,0.7,0.9,0.3,10.0,4.0,2.0,0.0,12.0
510c6a3f,35.0,41.0,808.0,545.0,14.0,14.0,11.0,11.0,10.0,16.0,0,0.0,0.0,0.0,0.0,0.0,0.0,0.0,0.0
8c5506ec,116.0,171.0,1751.0,459.0,64.0,76.0,42.0,62.0,5.0,20.0,0,0.1,0.2,-0.1,1.0,8.0,4.0,3.0,7.0
e0921a4f,136.0,170.0,2375.0,735.0,81.0,89.0,31.0,41.0,22.0,31.0,0,1.0,1.0,-1.0,11.0,11.0,8.0,0.0,23.0
0b243559,13.0,21.0,206.0,112.0,5.0,8.0,8.0,11.0,0.0,1.0,0,0.0,0.0,0.0,0.0,0.0,0.0,0.0,0.0
756959aa,87.0,107.0,1365.0,354.0,40.0,45.0,28.0,37.0,9.0,13.0,0,0.1,0.1,-0.1,1.0,6.0,4.0,0.0,12.0
29e298a8,83.0,118.0,1677.0,634.0,30.0,35.0,40.0,55.0,13.0,25.0,0,0.0,0.2,0.0,1.0,9.0,2.0,2.0,11.0
7f8fb807,17.0,18.0,206.0,32.0,11.0,12.0,5.0,5.0,0.0,0.0,0,0.1,0.2,-0.1,2.0,1.0,1.0,0.0,4.0
57760e66,42.0,53.0,692.0,226.0,24.0,26.0,10.0,12.0,5.0,8.0,0,0.9,0.6,-0.9,4.0,4.0,1.0,0.0,8.0
beb882a8,146.0,167.0,2335.0,560.0,78.0,86.0,55.0,61.0,10.0,13.0,1,0.1,0.1,0.9,3.0,16.0,1.0,0.0,16.0
2fba6108,20.0,29.0,225.0,36.0,14.0,19.0,5.0,7.0,0.0,0.0,0,0.1,0.2,-0.1,2.0,0.0,0.0,0.0,0.0
47a34c4f,29.0,30.0,525.0,194.0,10.0,10.0,16.0,16.0,2.0,3.0,0,0.0,0.0,0.0,0.0,3.0,0.0,0.0,3.0
f7dc2ae5,367.0,426.0,6714.0,2169.0,131.0,139.0,204.0,223.0,28.0,55.0,0,0.1,0.2,-0.1,2.0,34.0,2.0,1.0,34.0
0b4f388a,46.0,66.0,739.0,159.0,23.0,33.0,15.0,21.0,4.0,4.0,2,0.7,0.8,1.3,6.0,6.0,2.0,0.0,9.0
a0c590b9,12.0,21.0,151.0,3.0,7.0,12.0,4.0,6.0,0.0,0.0,1,0.1,0.0,0.9,1.0,0.0,0.0,0.0,0.0
04e17fd5,32.0,39.0,414.0,52.0,22.0,26.0,8.0,9.0,0.0,2.0,0,0.1,0.1,-0.1,2.0,1.0,0.0,0.0,1.0
3fba18d3,37.0,49.0,749.0,335.0,7.0,9.0,22.0,24.0,7.0,12.0,1,0.2,0.4,0.8,1.0,4.0,4.0,2.0,5.0
c75f04f4,1.0,1.0,11.0,0.0,1.0,1.0,0.0,0.0,0.0,0.0,0,0.0,0.0,0.0,0.0,0.0,0.0,0.0,0.0
ea770abf,214.0,268.0,3669.0,1539.0,99.0,113.0,97.0,113.0,13.0,28.0,0,0.1,0.1,-0.1,1.0,17.0,1.0,1.0,29.0
1469d291,9.0,13.0,180.0,58.0,3.0,3.0,5.0,9.0,1.0,1.0,0,0.0,0.0,0.0,0.0,1.0,0.0,0.0,1.0
8eeb8ba4,266.0,315.0,4282.0,1514.0,140.0,157.0,98.0,111.0,20.0,35.0,0,0.1,0.2,-0.1,4.0,12.0,5.0,2.0,17.0
980522ec,317.0,385.0,5457.0,1802.0,157.0,174.0,124.0,140.0,33.0,55.0,2,1.3,1.3,0.7,16.0,52.0,10.0,0.0,52.0
12dcbdcc,68.0,83.0,1190.0,250.0,32.0,36.0,30.0,32.0,6.0,11.0,0,0.0,0.1,0.0,1.0,2.0,4.0,0.0,11.0
d7354a36,29.0,32.0,447.0,85.0,16.0,17.0,10.0,10.0,1.0,3.0,0,0.0,0.0,0.0,1.0,0.0,0.0,0.0,1.0
16322a52,47.0,61.0,622.0,114.0,26.0,33.0,15.0,17.0,2.0,2.0,0,0.3,0.2,-0.3,2.0,4.0,0.0,0.0,5.0
4352d221,177.0,232.0,3370.0,915.0,71.0,81.0,67.0,78.0,30.0,54.0,5,1.5,0.9,3.5,16.0,25.0,6.0,1.0,32.0
54bb5c3f,25.0,71.0,724.0,555.0,5.0,5.0,12.0,14.0,8.0,52.0,0,0.0,0.0,0.0,0.0,0.0,0.0,0.0,0.0
f5e7fdf9,184.0,250.0,3624.0,1165.0,72.0,83.0,82.0,104.0,29.0,51.0,0,0.3,0.2,-0.3,6.0,19.0,5.0,3.0,16.0
bc7b4580,41.0,61.0,653.0,360.0,19.0,25.0,18.0,29.0,2.0,4.0,0,0.0,0.1,0.0,1.0,3.0,3.0,1.0,8.0
366be751,79.0,87.0,1166.0,233.0,49.0,53.0,24.0,28.0,4.0,4.0,1,0.1,0.1,0.9,2.0,7.0,0.0,0.0,11.0
b396a0b1,54.0,96.0,817.0,208.0,32.0,43.0,14.0,23.0,6.0,17.0,1,0.2,0.2,0.8,4.0,5.0,4.0,4.0,5.0
0ba976e4,10.0,17.0,163.0,30.0,2.0,7.0,5.0,6.0,1.0,1.0,0,0.1,0.2,-0.1,1.0,0.0,1.0,0.0,1.0
4c1e579e,3.0,4.0,50.0,0.0,1.0,2.0,2.0,2.0,0.0,0.0,0,0.0,0.0,0.0,0.0,0.0,0.0,0.0,0.0
bece776f,62.0,75.0,726.0,193.0,42.0,46.0,13.0,16.0,1.0,2.0,0,0.1,0.1,-0.1,2.0,4.0,2.0,0.0,6.0
15d0c248,178.0,200.0,3332.0,1289.0,65.0,70.0,94.0,104.0,15.0,21.0,0,0.0,0.0,0.0,0.0,4.0,0.0,0.0,7.0
507c7bdf,298.0,374.0,5245.0,1487.0,153.0,168.0,104.0,129.0,35.0,56.0,1,3.1,2.7,-2.1,21.0,33.0,15.0,4.0,37.0
ef491564,18.0,20.0,385.0,82.0,4.0,4.0,11.0,13.0,3.0,3.0,0,0.0,0.0,0.0,0.0,2.0,0.0,0.0,5.0
e08647d6,20.0,31.0,338.0,32.0,10.0,14.0,8.0,10.0,2.0,3.0,0,0.1,0.0,-0.1,3.0,0.0,1.0,1.0,2.0
d9d43555,5.0,7.0,55.0,0.0,4.0,5.0,1.0,1.0,0.0,0.0,0,0.0,0.0,0.0,0.0,0.0,0.0,0.0,0.0
41f32541,90.0,99.0,1753.0,527.0,26.0,29.0,53.0,54.0,10.0,13.0,0,0.0,0.0,0.0,1.0,4.0,0.0,0.0,5.0
a92ab7be,163.0,218.0,4781.0,3335.0,21.0,22.0,84.0,85.0,58.0,111.0,0,0.0,0.0,0.0,0.0,0.0,0.0,0.0,1.0
822d51d7,322.0,400.0,5518.0,2036.0,137.0,158.0,145.0,171.0,26.0,44.0,0,0.8,0.8,-0.8,8.0,43.0,11.0,1.0,63.0
f620b04f,17.0,25.0,303.0,52.0,7.0,9.0,8.0,10.0,1.0,3.0,0,0.0,0.0,0.0,0.0,1.0,0.0,0.0,4.0
9a794238,34.0,45.0,605.0,233.0,17.0,22.0,12.0,15.0,4.0,4.0,0,0.6,0.7,-0.6,3.0,4.0,3.0,2.0,7.0
b853e0ad,155.0,188.0,2349.0,678.0,93.0,105.0,43.0,51.0,13.0,17.0,0,0.2,0.5,-0.2,5.0,20.0,4.0,2.0,20.0
74f2e748,70.0,84.0,954.0,239.0,45.0,51.0,22.0,28.0,1.0,1.0,0,0.6,0.2,-0.6,2.0,1.0,1.0,0.0,5.0
f360f047,2.0,6.0,9.0,0.0,1.0,3.0,0.0,1.0,0.0,1.0,0,0.0,0.0,0.0,0.0,0.0,0.0,0.0,0.0
1971591f,88.0,114.0,1303.0,417.0,50.0,56.0,25.0,29.0,8.0,18.0,3,0.7,0.6,2.3,9.0,6.0,5.0,1.0,13.0
3da8cba0,17.0,25.0,269.0,104.0,11.0,12.0,4.0,6.0,1.0,2.0,0,0.0,0.0,0.0,0.0,1.0,0.0,0.0,3.0
23c63b7f,45.0,61.0,734.0,118.0,19.0,24.0,22.0,31.0,3.0,5.0,0,0.9,0.1,-0.9,2.0,5.0,0.0,0.0,4.0
a372a9f2,222.0,257.0,3687.0,1411.0,112.0,122.0,95.0,105.0,12.0,24.0,1,0.3,0.2,0.7,5.0,24.0,2.0,0.0,32.0
7aa8adfe,61.0,77.0,762.0,53.0,43.0,49.0,15.0,18.0,1.0,4.0,0,0.0,0.2,0.0,2.0,0.0,2.0,0.0,3.0
62f7c156,82.0,107.0,1684.0,706.0,23.0,29.0,47.0,53.0,12.0,23.0,0,0.0,0.0,0.0,1.0,6.0,0.0,0.0,3.0
19cae58d,32.0,42.0,351.0,86.0,19.0,24.0,8.0,10.0,0.0,1.0,0,0.0,0.1,0.0,1.0,1.0,3.0,0.0,4.0
0683f364,133.0,200.0,2006.0,910.0,73.0,90.0,48.0,64.0,8.0,32.0,0,0.3,0.6,-0.3,5.0,10.0,5.0,3.0,12.0
6bd603db,117.0,141.0,1876.0,427.0,66.0,73.0,42.0,46.0,8.0,14.0,0,0.2,0.1,-0.2,4.0,12.0,0.0,0.0,8.0
7ba6d84e,186.0,238.0,4643.0,3396.0,38.0,38.0,94.0,95.0,52.0,102.0,0,0.0,0.0,0.0,0.0,2.0,0.0,0.0,0.0
242e1043,149.0,189.0,2713.0,633.0,59.0,64.0,76.0,87.0,11.0,26.0,1,0.7,0.7,0.3,3.0,6.0,1.0,0.0,12.0
ffa90327,58.0,78.0,714.0,150.0,37.0,42.0,16.0,23.0,2.0,5.0,2,0.9,0.7,1.1,4.0,3.0,3.0,0.0,9.0
7242b495,51.0,71.0,916.0,305.0,20.0,21.0,26.0,36.0,4.0,10.0,0,0.1,0.2,-0.1,3.0,2.0,2.0,1.0,8.0
d0a0858e,39.0,54.0,637.0,252.0,19.0,24.0,15.0,17.0,3.0,8.0,0,0.0,0.0,0.0,1.0,3.0,1.0,0.0,7.0
9c435456,305.0,331.0,5757.0,1918.0,117.0,122.0,132.0,140.0,43.0,52.0,0,0.0,0.0,0.0,0.0,6.0,0.0,0.0,13.0
37337aea,22.0,34.0,388.0,78.0,6.0,9.0,11.0,15.0,2.0,2.0,0,0.0,0.1,0.0,0.0,2.0,0.0,0.0,3.0
f521b80a,268.0,300.0,5249.0,1655.0,94.0,99.0,143.0,153.0,30.0,45.0,1,0.8,0.3,0.2,4.0,18.0,2.0,0.0,27.0
3befc2b6,221.0,278.0,4741.0,1652.0,63.0,76.0,115.0,133.0,39.0,63.0,0,0.1,0.1,-0.1,1.0,16.0,1.0,0.0,15.0
c0a38fb2,0.0,0.0,0.0,0.0,0.0,0.0,0.0,0.0,0.0,0.0,0,0.0,0.0,0.0,0.0,0.0,0.0,0.0,0.0
ab57e591,18.0,21.0,267.0,74.0,10.0,13.0,7.0,7.0,1.0,1.0,0,0.0,0.0,0.0,1.0,2.0,0.0,0.0,5.0
50c1ff86,88.0,119.0,1427.0,623.0,47.0,56.0,27.0,37.0,9.0,17.0,1,0.4,0.5,0.6,5.0,8.0,3.0,2.0,11.0
51ffa295,54.0,75.0,1080.0,282.0,19.0,22.0,21.0,27.0,10.0,14.0,0,0.1,0.6,-0.1,2.0,1.0,2.0,0.0,6.0
3708e9fa,191.0,264.0,3288.0,953.0,90.0,110.0,69.0,100.0,22.0,32.0,0,0.7,1.1,-0.7,13.0,8.0,13.0,2.0,30.0
8dcf77c0,27.0,43.0,438.0,54.0,11.0,17.0,14.0,18.0,1.0,2.0,0,0.1,0.1,-0.1,1.0,2.0,0.0,0.0,2.0
4c2e9442,28.0,35.0,329.0,42.0,21.0,22.0,4.0,6.0,1.0,1.0,1,0.2,0.2,0.8,2.0,2.0,0.0,0.0,3.0
5c78cb9e,7.0,8.0,118.0,15.0,4.0,4.0,3.0,3.0,0.0,0.0,0,0.0,0.0,0.0,0.0,0.0,0.0,0.0,0.0
c275947b,80.0,100.0,1481.0,460.0,39.0,50.0,22.0,25.0,16.0,17.0,0,0.7,0.6,-0.7,4.0,11.0,4.0,0.0,21.0
49d028db,166.0,178.0,3262.0,1002.0,56.0,58.0,91.0,92.0,18.0,27.0,0,0.1,0.2,-0.1,1.0,8.0,0.0,0.0,11.0
7cc5bd9c,2.0,4.0,51.0,44.0,1.0,1.0,0.0,0.0,1.0,3.0,0,0.0,0.0,0.0,0.0,1.0,0.0,0.0,1.0
c4f5eb61,19.0,24.0,359.0,46.0,8.0,9.0,9.0,11.0,2.0,3.0,0,0.0,0.0,0.0,0.0,3.0,0.0,0.0,3.0
4e4b59a4,4.0,4.0,133.0,13.0,1.0,1.0,0.0,0.0,3.0,3.0,0,0.0,0.0,0.0,0.0,1.0,0.0,0.0,1.0
9c74fa25,133.0,187.0,2322.0,838.0,63.0,77.0,51.0,70.0,17.0,30.0,0,0.1,0.2,-0.1,2.0,21.0,3.0,1.0,29.0
6f5f82c0,57.0,70.0,863.0,323.0,32.0,34.0,21.0,24.0,3.0,8.0,0,0.0,0.1,0.0,0.0,5.0,2.0,1.0,5.0
aad56ca3,108.0,149.0,1359.0,309.0,72.0,87.0,22.0,37.0,4.0,7.0,3,0.8,0.9,2.2,8.0,3.0,7.0,1.0,14.0
3cd7820a,95.0,111.0,1729.0,627.0,35.0,37.0,52.0,56.0,7.0,14.0,0,0.0,0.0,0.0,0.0,14.0,1.0,0.0,20.0
8e235926,35.0,48.0,484.0,123.0,23.0,30.0,8.0,9.0,3.0,4.0,1,0.3,0.2,0.7,4.0,2.0,4.0,1.0,7.0
54e4866f,245.0,308.0,4447.0,1518.0,126.0,140.0,80.0,97.0,35.0,62.0,1,1.2,1.5,-0.2,13.0,36.0,10.0,1.0,42.0
37998008,2.0,11.0,123.0,123.0,0.0,0.0,0.0,0.0,2.0,11.0,0,0.0,0.0,0.0,0.0,1.0,0.0,0.0,0.0
0da5076f,86.0,124.0,1290.0,297.0,44.0,59.0,28.0,37.0,6.0,11.0,1,0.5,0.3,0.5,4.0,7.0,3.0,0.0,15.0
5db7ba90,0.0,0.0,0.0,0.0,0.0,0.0,0.0,0.0,0.0,0.0,0,0.0,0.0,0.0,0.0,0.0,0.0,0.0,0.0
ef322658,172.0,200.0,3168.0,703.0,72.0,78.0,74.0,83.0,24.0,33.0,0,0.0,0.1,0.0,0.0,16.0,2.0,0.0,14.0
0076ab7f,37.0,46.0,699.0,208.0,12.0,16.0,21.0,21.0,3.0,6.0,0,0.0,0.0,0.0,0.0,3.0,0.0,0.0,3.0
bb598858,44.0,65.0,612.0,379.0,27.0,29.0,13.0,18.0,2.0,10.0,0,0.0,0.0,0.0,0.0,6.0,0.0,0.0,3.0
58a3a572,158.0,206.0,2601.0,827.0,80.0,86.0,56.0,71.0,15.0,32.0,0,0.2,0.3,-0.2,5.0,10.0,3.0,3.0,11.0
1707d9c6,25.0,25.0,422.0,65.0,12.0,12.0,11.0,11.0,2.0,2.0,0,0.0,0.0,0.0,0.0,5.0,0.0,0.0,4.0
b73f17f8,53.0,85.0,730.0,166.0,28.0,41.0,20.0,27.0,1.0,5.0,0,0.0,0.1,0.0,1.0,3.0,2.0,2.0,8.0
8e48dc61,229.0,266.0,3839.0,953.0,105.0,113.0,107.0,118.0,13.0,24.0,0,0.2,0.2,-0.2,6.0,18.0,3.0,0.0,23.0
3741ca58,76.0,93.0,1258.0,346.0,38.0,40.0,21.0,27.0,10.0,13.0,1,0.3,0.3,0.7,3.0,5.0,2.0,1.0,5.0
8593f88c,265.0,351.0,4501.0,1575.0,133.0,151.0,97.0,127.0,25.0,51.0,2,1.6,1.4,0.4,20.0,13.0,11.0,7.0,19.0
44400941,170.0,199.0,3331.0,1014.0,64.0,71.0,81.0,90.0,24.0,32.0,0,0.4,0.4,-0.4,5.0,10.0,2.0,0.0,21.0
c7842dab,144.0,166.0,2263.0,690.0,76.0,85.0,54.0,56.0,8.0,13.0,0,0.1,0.1,-0.1,2.0,13.0,1.0,0.0,16.0
a6979b0f,60.0,86.0,1032.0,270.0,26.0,30.0,22.0,33.0,6.0,12.0,1,0.2,0.3,0.8,3.0,5.0,3.0,1.0,10.0
70dcf94d,112.0,144.0,1660.0,457.0,56.0,76.0,41.0,49.0,7.0,7.0,1,0.4,0.5,0.6,4.0,8.0,4.0,1.0,16.0
82cfae2a,261.0,305.0,5425.0,2035.0,66.0,77.0,157.0,167.0,36.0,55.0,0,0.0,0.1,0.0,0.0,17.0,1.0,0.0,17.0
7673e4bc,2.0,4.0,29.0,4.0,1.0,2.0,1.0,1.0,0.0,1.0,0,0.0,0.0,0.0,0.0,0.0,0.0,0.0,0.0
60831426,206.0,266.0,5063.0,3241.0,46.0,46.0,109.0,111.0,50.0,107.0,0,0.0,0.0,0.0,0.0,2.0,0.0,0.0,0.0
02b952ce,55.0,66.0,1248.0,432.0,12.0,15.0,31.0,33.0,12.0,18.0,0,0.0,0.0,0.0,0.0,1.0,0.0,0.0,2.0
e6ad16b2,314.0,359.0,5458.0,1281.0,147.0,159.0,130.0,142.0,27.0,34.0,0,0.3,0.3,-0.3,8.0,36.0,5.0,1.0,38.0
4fac8f81,366.0,425.0,7435.0,2610.0,108.0,117.0,218.0,228.0,38.0,74.0,0,0.0,0.1,0.0,1.0,19.0,1.0,0.0,18.0
f24ea523,40.0,66.0,555.0,122.0,26.0,32.0,9.0,18.0,3.0,12.0,0,0.1,0.1,-0.1,3.0,4.0,1.0,0.0,5.0
bfc5768b,39.0,58.0,647.0,180.0,24.0,30.0,9.0,13.0,5.0,7.0,0,0.1,0.0,-0.1,1.0,3.0,1.0,0.0,8.0
39e1138f,80.0,101.0,1504.0,449.0,29.0,37.0,40.0,42.0,10.0,19.0,1,0.0,0.2,1.0,1.0,9.0,4.0,0.0,14.0
f0f64209,1.0,1.0,18.0,0.0,0.0,0.0,1.0,1.0,0.0,0.0,0,0.0,0.0,0.0,0.0,0.0,0.0,0.0,0.0
6b658db0,0.0,0.0,0.0,0.0,0.0,0.0,0.0,0.0,0.0,0.0,0,0.0,0.0,0.0,0.0,0.0,0.0,0.0,0.0
10161491,168.0,240.0,4504.0,3315.0,35.0,35.0,81.0,81.0,50.0,121.0,0,0.4,0.0,-0.4,1.0,5.0,0.0,0.0,0.0
50871bcc,12.0,16.0,119.0,20.0,10.0,12.0,1.0,2.0,0.0,0.0,0,0.0,0.0,0.0,0.0,0.0,0.0,0.0,1.0
2dc925d5,6.0,11.0,62.0,9.0,6.0,8.0,0.0,1.0,0.0,1.0,0,0.0,0.0,0.0,1.0,1.0,0.0,0.0,1.0
fa066690,219.0,251.0,4570.0,1329.0,42.0,46.0,156.0,168.0,20.0,33.0,0,0.1,0.3,-0.1,1.0,7.0,0.0,0.0,13.0
8059806f,86.0,114.0,1178.0,164.0,56.0,65.0,21.0,28.0,6.0,11.0,2,0.4,1.2,1.6,6.0,2.0,4.0,1.0,7.0
fa94d227,7.0,9.0,114.0,57.0,4.0,4.0,3.0,4.0,0.0,0.0,0,0.0,0.0,0.0,0.0,1.0,0.0,0.0,2.0
90b70194,113.0,139.0,1696.0,555.0,65.0,70.0,42.0,49.0,4.0,15.0,0,0.4,0.6,-0.4,5.0,10.0,6.0,0.0,14.0
3642b47f,75.0,112.0,1313.0,384.0,36.0,43.0,30.0,47.0,8.0,18.0,0,0.3,0.1,-0.3,6.0,9.0,1.0,0.0,11.0
0c7a48f8,137.0,169.0,2261.0,993.0,66.0,69.0,56.0,65.0,12.0,24.0,0,0.1,0.0,-0.1,1.0,5.0,0.0,0.0,7.0
5521f419,24.0,32.0,351.0,97.0,14.0,17.0,9.0,12.0,0.0,0.0,0,0.0,0.0,0.0,1.0,5.0,0.0,0.0,3.0
2116f524,4.0,7.0,47.0,8.0,4.0,7.0,0.0,0.0,0.0,0.0,0,0.0,0.0,0.0,0.0,1.0,0.0,0.0,0.0
9a71e978,68.0,90.0,1334.0,375.0,23.0,26.0,35.0,41.0,9.0,16.0,0,0.1,0.1,-0.1,1.0,5.0,2.0,0.0,5.0
5d8e331f,295.0,334.0,5562.0,1846.0,100.0,111.0,163.0,172.0,29.0,42.0,0,0.3,0.3,-0.3,2.0,26.0,2.0,0.0,39.0
d79a8c87,360.0,404.0,7418.0,2585.0,103.0,110.0,214.0,226.0,42.0,58.0,0,0.2,0.1,-0.2,3.0,31.0,0.0,0.0,28.0
ca618d23,11.0,15.0,148.0,15.0,7.0,10.0,2.0,2.0,1.0,2.0,0,0.0,0.0,0.0,0.0,1.0,0.0,0.0,1.0
16839b27,46.0,56.0,615.0,194.0,33.0,39.0,9.0,11.0,2.0,3.0,0,0.0,0.0,0.0,1.0,8.0,0.0,0.0,2.0
951f1739,196.0,232.0,3672.0,951.0,75.0,87.0,89.0,91.0,27.0,44.0,1,0.3,0.5,0.7,6.0,25.0,6.0,2.0,23.0
6603fed7,171.0,213.0,2526.0,773.0,89.0,102.0,62.0,74.0,8.0,18.0,2,1.3,0.7,0.7,9.0,21.0,8.0,2.0,22.0
62de9d42,160.0,209.0,2575.0,816.0,79.0,90.0,52.0,64.0,18.0,39.0,1,0.9,1.0,0.1,14.0,23.0,4.0,1.0,28.0
d5efd527,224.0,260.0,4072.0,1553.0,89.0,93.0,116.0,128.0,18.0,33.0,0,0.0,0.0,0.0,0.0,3.0,0.0,0.0,6.0
73b1d487,122.0,169.0,1929.0,491.0,65.0,72.0,41.0,54.0,12.0,28.0,1,0.8,0.6,0.2,7.0,8.0,8.0,1.0,19.0
ad3389d5,52.0,66.0,1202.0,803.0,16.0,16.0,24.0,24.0,12.0,26.0,0,0.0,0.0,0.0,0.0,0.0,0.0,0.0,0.0
15f3ec41,4.0,4.0,83.0,20.0,1.0,1.0,2.0,2.0,1.0,1.0,0,0.0,0.0,0.0,1.0,0.0,0.0,0.0,1.0
f2c1300a,204.0,219.0,3943.0,1136.0,60.0,65.0,129.0,131.0,14.0,20.0,0,0.0,0.0,0.0,0.0,10.0,0.0,0.0,7.0
e09436fb,2.0,4.0,37.0,31.0,1.0,2.0,1.0,1.0,0.0,1.0,0,0.0,0.0,0.0,0.0,0.0,0.0,0.0,0.0
4f5a953e,226.0,266.0,4771.0,1671.0,66.0,72.0,123.0,136.0,36.0,52.0,0,0.0,0.0,0.0,1.0,11.0,0.0,0.0,11.0
2f3452eb,379.0,451.0,5961.0,2434.0,195.0,209.0,156.0,187.0,17.0,32.0,0,0.4,0.6,-0.4,3.0,24.0,4.0,3.0,39.0
952afd27,475.0,508.0,9077.0,2027.0,122.0,131.0,332.0,342.0,21.0,32.0,0,0.1,0.1,-0.1,1.0,25.0,1.0,0.0,36.0
82efe6fa,292.0,324.0,5321.0,1812.0,111.0,121.0,152.0,158.0,26.0,39.0,0,0.2,0.1,-0.2,2.0,13.0,1.0,1.0,17.0
34caa4b3,72.0,82.0,1191.0,228.0,32.0,34.0,25.0,28.0,8.0,11.0,2,0.5,0.5,1.5,7.0,2.0,4.0,0.0,9.0
75645f0e,35.0,39.0,316.0,24.0,25.0,27.0,5.0,5.0,0.0,1.0,1,1.1,0.4,-0.1,4.0,0.0,0.0,0.0,0.0
d5161564,1.0,1.0,45.0,34.0,0.0,0.0,0.0,0.0,1.0,1.0,0,0.0,0.0,0.0,0.0,1.0,0.0,0.0,0.0
ba492306,2.0,2.0,22.0,0.0,2.0,2.0,0.0,0.0,0.0,0.0,0,0.0,0.0,0.0,0.0,0.0,0.0,0.0,0.0
5ce0b5ba,127.0,141.0,2185.0,428.0,61.0,64.0,46.0,53.0,17.0,18.0,1,0.2,0.3,0.8,2.0,12.0,2.0,1.0,16.0
4431aed2,72.0,97.0,995.0,176.0,45.0,57.0,19.0,25.0,4.0,8.0,2,0.4,0.2,1.6,6.0,6.0,1.0,0.0,6.0
92fa5d28,43.0,53.0,607.0,213.0,25.0,27.0,14.0,15.0,2.0,8.0,0,0.0,0.0,0.0,0.0,4.0,1.0,0.0,6.0
33651873,72.0,82.0,1466.0,630.0,18.0,23.0,50.0,52.0,4.0,7.0,0,0.6,0.1,-0.6,1.0,15.0,0.0,0.0,7.0
85c76f0a,13.0,17.0,210.0,37.0,6.0,8.0,7.0,8.0,0.0,0.0,0,0.4,0.1,-0.4,3.0,1.0,0.0,0.0,0.0
f512a009,60.0,89.0,688.0,232.0,42.0,57.0,12.0,20.0,1.0,2.0,0,0.3,0.4,-0.3,2.0,6.0,1.0,0.0,11.0
3d3ac5b8,28.0,44.0,501.0,273.0,11.0,15.0,16.0,22.0,1.0,6.0,0,0.0,0.0,0.0,0.0,1.0,0.0,0.0,1.0
5715bb71,108.0,164.0,1769.0,438.0,63.0,81.0,36.0,52.0,8.0,20.0,2,1.2,1.1,0.8,6.0,5.0,4.0,1.0,13.0
4c82730b,88.0,118.0,1448.0,555.0,43.0,52.0,33.0,43.0,7.0,10.0,1,0.4,0.5,0.6,3.0,12.0,2.0,1.0,22.0
a93b6f4e,165.0,207.0,3163.0,1139.0,55.0,62.0,97.0,113.0,12.0,25.0,0,0.3,0.3,-0.3,3.0,15.0,3.0,2.0,11.0
08452314,110.0,155.0,2055.0,500.0,45.0,59.0,52.0,62.0,11.0,20.0,0,0.2,0.4,-0.2,5.0,9.0,6.0,0.0,17.0
a0415710,32.0,50.0,490.0,161.0,15.0,24.0,14.0,20.0,2.0,5.0,1,0.6,0.5,0.4,5.0,2.0,3.0,1.0,7.0
9866afec,176.0,205.0,3191.0,1009.0,84.0,93.0,72.0,78.0,19.0,28.0,0,0.0,0.2,0.0,1.0,24.0,4.0,1.0,26.0
2c5f04ba,11.0,13.0,149.0,60.0,7.0,7.0,2.0,3.0,1.0,2.0,0,0.1,0.1,-0.1,2.0,0.0,0.0,0.0,1.0
53e442e2,30.0,42.0,454.0,139.0,18.0,22.0,10.0,12.0,2.0,3.0,0,0.1,0.0,-0.1,2.0,2.0,1.0,0.0,3.0
706a337d,0.0,0.0,0.0,0.0,0.0,0.0,0.0,0.0,0.0,0.0,0,0.0,0.0,0.0,0.0,0.0,0.0,0.0,0.0
b66315ae,59.0,73.0,856.0,209.0,27.0,30.0,24.0,25.0,2.0,4.0,1,1.4,0.7,-0.4,7.0,7.0,1.0,0.0,7.0
4c5b14d2,166.0,180.0,2334.0,492.0,94.0,96.0,45.0,55.0,12.0,13.0,0,0.6,0.8,-0.6,10.0,13.0,3.0,0.0,14.0
1bacc518,76.0,94.0,1150.0,309.0,42.0,47.0,28.0,30.0,3.0,7.0,0,0.2,0.2,-0.2,1.0,5.0,2.0,1.0,9.0
abb3bb95,44.0,76.0,627.0,155.0,25.0,39.0,18.0,26.0,0.0,2.0,1,0.7,0.2,0.3,5.0,4.0,2.0,0.0,6.0
2a0c8ba4,97.0,117.0,1699.0,395.0,45.0,50.0,42.0,48.0,8.0,11.0,0,0.0,0.0,0.0,0.0,5.0,0.0,0.0,6.0
d87e2cae,127.0,154.0,1778.0,322.0,71.0,86.0,39.0,47.0,4.0,4.0,0,0.6,0.5,-0.6,10.0,5.0,3.0,0.0,8.0
84399660,0.0,1.0,0.0,0.0,0.0,1.0,0.0,0.0,0.0,0.0,0,0.0,0.0,0.0,0.0,0.0,0.0,0.0,0.0
72c01cfb,96.0,112.0,1989.0,674.0,33.0,35.0,52.0,54.0,11.0,18.0,0,0.1,0.0,-0.1,1.0,5.0,1.0,0.0,9.0
a29e5244,16.0,24.0,334.0,123.0,9.0,9.0,4.0,9.0,3.0,5.0,0,0.2,0.1,-0.2,4.0,2.0,1.0,1.0,3.0
6358cb11,99.0,151.0,1758.0,723.0,46.0,52.0,43.0,56.0,8.0,33.0,0,0.1,0.1,-0.1,3.0,12.0,1.0,1.0,13.0
0a084b35,46.0,81.0,1059.0,631.0,17.0,21.0,18.0,29.0,11.0,27.0,1,0.8,0.7,0.2,8.0,7.0,2.0,2.0,5.0
d29202c2,41.0,59.0,650.0,147.0,20.0,26.0,14.0,23.0,3.0,6.0,0,0.2,0.1,-0.2,3.0,11.0,1.0,0.0,8.0
390eb94b,73.0,92.0,1090.0,155.0,39.0,43.0,26.0,32.0,4.0,7.0,0,0.1,0.1,-0.1,3.0,2.0,1.0,0.0,4.0
32f3d97e,41.0,46.0,623.0,219.0,26.0,29.0,12.0,14.0,2.0,2.0,0,0.1,0.0,-0.1,2.0,6.0,1.0,0.0,6.0
66c52a77,124.0,170.0,1996.0,855.0,62.0,72.0,38.0,59.0,15.0,26.0,0,0.2,0.3,-0.2,2.0,7.0,4.0,2.0,5.0
d2800f47,95.0,130.0,1505.0,447.0,52.0,56.0,29.0,39.0,8.0,19.0,1,0.7,0.4,0.3,5.0,10.0,9.0,0.0,23.0
d9ac09e2,27.0,49.0,343.0,61.0,16.0,25.0,10.0,14.0,0.0,2.0,1,0.5,0.4,0.5,3.0,2.0,3.0,1.0,3.0
bf4c41f9,62.0,78.0,896.0,113.0,40.0,45.0,16.0,23.0,4.0,4.0,0,0.3,0.2,-0.3,6.0,4.0,1.0,1.0,6.0
f38a247a,54.0,61.0,1039.0,309.0,17.0,18.0,31.0,33.0,6.0,8.0,0,0.0,0.0,0.0,0.0,0.0,0.0,0.0,2.0
4047c976,30.0,51.0,359.0,58.0,18.0,22.0,8.0,20.0,0.0,1.0,0,0.0,0.0,0.0,0.0,0.0,0.0,0.0,0.0
0f6e3474,209.0,258.0,4319.0,1359.0,65.0,72.0,111.0,125.0,31.0,52.0,0,0.5,0.0,-0.5,2.0,13.0,0.0,0.0,10.0
53342701,297.0,340.0,4921.0,1895.0,147.0,156.0,126.0,144.0,20.0,32.0,0,0.2,0.3,-0.2,3.0,22.0,1.0,0.0,33.0
af50141d,312.0,379.0,6841.0,2235.0,94.0,106.0,142.0,151.0,71.0,102.0,0,1.2,0.7,-1.2,14.0,41.0,11.0,6.0,58.0
4123bc9a,81.0,107.0,1458.0,470.0,36.0,45.0,27.0,32.0,15.0,25.0,0,0.2,0.3,-0.2,2.0,10.0,3.0,2.0,10.0
1bd5735a,28.0,44.0,493.0,280.0,15.0,21.0,10.0,16.0,3.0,6.0,0,0.0,0.0,0.0,1.0,3.0,2.0,1.0,3.0
211589b8,27.0,34.0,313.0,75.0,16.0,20.0,5.0,7.0,1.0,1.0,0,0.4,0.1,-0.4,1.0,1.0,1.0,0.0,2.0
9f84febe,67.0,82.0,1107.0,287.0,31.0,34.0,30.0,33.0,4.0,9.0,0,0.3,0.1,-0.3,4.0,1.0,2.0,1.0,4.0
d5127c3f,95.0,133.0,1487.0,460.0,41.0,50.0,40.0,54.0,7.0,14.0,0,0.4,0.6,-0.4,4.0,12.0,8.0,1.0,24.0
35bd124a,159.0,187.0,3005.0,815.0,48.0,51.0,94.0,101.0,13.0,27.0,0,0.0,0.0,0.0,0.0,7.0,0.0,0.0,4.0
3d50bcdb,6.0,6.0,76.0,15.0,3.0,3.0,3.0,3.0,0.0,0.0,0,0.0,0.0,0.0,0.0,0.0,0.0,0.0,2.0
dc52c72f,84.0,117.0,1410.0,650.0,34.0,40.0,43.0,56.0,3.0,13.0,0,0.0,0.1,0.0,1.0,6.0,3.0,0.0,8.0
d2c580ce,80.0,102.0,1607.0,407.0,32.0,40.0,32.0,42.0,14.0,17.0,0,0.0,0.1,0.0,0.0,9.0,1.0,0.0,7.0
136958ad,3.0,3.0,45.0,19.0,2.0,2.0,1.0,1.0,0.0,0.0,0,0.0,0.0,0.0,0.0,0.0,1.0,0.0,1.0
05e19d6a,67.0,76.0,1022.0,303.0,39.0,43.0,20.0,23.0,6.0,6.0,0,0.0,0.0,0.0,0.0,7.0,1.0,0.0,11.0
59e4b92e,195.0,247.0,3383.0,922.0,90.0,96.0,86.0,104.0,17.0,31.0,0,0.5,0.3,-0.5,9.0,19.0,3.0,1.0,29.0
b956af7d,51.0,95.0,550.0,121.0,33.0,58.0,12.0,21.0,0.0,3.0,1,0.4,0.1,0.6,2.0,4.0,1.0,0.0,4.0
718a3a5c,129.0,171.0,2836.0,930.0,29.0,33.0,80.0,88.0,17.0,45.0,0,0.0,0.0,0.0,0.0,4.0,1.0,0.0,7.0
43458538,15.0,23.0,194.0,40.0,8.0,11.0,5.0,6.0,0.0,2.0,0,0.0,0.0,0.0,0.0,2.0,0.0,0.0,2.0
fc9b373e,70.0,85.0,820.0,160.0,51.0,59.0,14.0,18.0,1.0,3.0,0,0.2,0.1,-0.2,2.0,7.0,0.0,0.0,5.0
ff711ca2,83.0,114.0,1281.0,420.0,53.0,60.0,20.0,36.0,8.0,11.0,0,0.1,0.1,-0.1,1.0,4.0,3.0,2.0,3.0
2b0852db,9.0,14.0,99.0,45.0,6.0,8.0,2.0,3.0,0.0,2.0,0,0.0,0.0,0.0,0.0,1.0,0.0,0.0,1.0
15fd5593,21.0,29.0,338.0,81.0,10.0,15.0,8.0,10.0,2.0,2.0,0,0.5,0.1,-0.5,1.0,1.0,0.0,0.0,3.0
6bd5cd5d,352.0,437.0,7907.0,3076.0,74.0,88.0,206.0,233.0,68.0,106.0,1,0.2,0.2,0.8,3.0,29.0,3.0,1.0,30.0
988dfee2,181.0,221.0,3872.0,1951.0,47.0,51.0,104.0,120.0,29.0,47.0,0,0.0,0.2,0.0,0.0,10.0,2.0,0.0,11.0
ec48abb1,30.0,51.0,636.0,289.0,11.0,13.0,15.0,20.0,4.0,16.0,0,0.0,0.1,0.0,0.0,3.0,1.0,1.0,2.0
ff74841d,36.0,51.0,935.0,726.0,12.0,12.0,11.0,13.0,13.0,25.0,0,0.0,0.0,0.0,0.0,0.0,0.0,0.0,0.0
6747869d,2.0,5.0,17.0,6.0,2.0,4.0,0.0,1.0,0.0,0.0,0,0.0,0.0,0.0,0.0,0.0,0.0,0.0,0.0
9bf914b4,240.0,320.0,4462.0,1587.0,92.0,114.0,103.0,131.0,32.0,53.0,1,0.9,1.2,0.1,12.0,38.0,7.0,3.0,41.0
aee634bf,67.0,87.0,1205.0,454.0,32.0,37.0,27.0,33.0,8.0,12.0,0,0.1,0.2,-0.1,2.0,3.0,0.0,0.0,5.0
0f816ae5,22.0,24.0,399.0,136.0,9.0,10.0,9.0,9.0,4.0,5.0,0,0.0,0.0,0.0,0.0,3.0,0.0,0.0,5.0
1f3afdcb,12.0,12.0,197.0,62.0,8.0,8.0,3.0,3.0,1.0,1.0,0,0.0,0.0,0.0,0.0,1.0,0.0,0.0,1.0
b1cd37e6,56.0,68.0,846.0,191.0,37.0,40.0,13.0,17.0,6.0,8.0,0,0.4,0.3,-0.4,4.0,2.0,3.0,3.0,2.0
4d1666ff,91.0,119.0,1431.0,791.0,49.0,59.0,39.0,47.0,3.0,7.0,1,0.0,0.1,1.0,1.0,5.0,2.0,2.0,11.0
bc08556f,21.0,24.0,338.0,144.0,10.0,11.0,10.0,11.0,1.0,1.0,0,0.0,0.0,0.0,0.0,3.0,0.0,0.0,3.0
b79d8e93,2.0,2.0,33.0,24.0,0.0,0.0,2.0,2.0,0.0,0.0,0,0.0,0.0,0.0,0.0,0.0,0.0,0.0,0.0
60713cb3,87.0,168.0,3255.0,2600.0,10.0,10.0,36.0,37.0,41.0,121.0,1,0.2,0.2,0.8,1.0,6.0,1.0,0.0,0.0
50385760,125.0,197.0,2127.0,1189.0,56.0,67.0,54.0,83.0,10.0,30.0,0,0.1,0.4,-0.1,1.0,11.0,3.0,3.0,13.0
2249e65b,45.0,55.0,923.0,270.0,16.0,21.0,19.0,21.0,8.0,9.0,0,0.0,0.0,0.0,1.0,5.0,2.0,0.0,8.0
3543ef90,0.0,0.0,0.0,0.0,0.0,0.0,0.0,0.0,0.0,0.0,0,0.0,0.0,0.0,0.0,0.0,0.0,0.0,0.0
1ac58ba6,132.0,158.0,3018.0,1115.0,38.0,42.0,63.0,69.0,29.0,42.0,0,0.0,0.0,0.0,0.0,9.0,0.0,0.0,11.0
47420f02,19.0,22.0,232.0,61.0,10.0,12.0,7.0,8.0,0.0,0.0,0,0.1,0.3,-0.1,2.0,1.0,0.0,0.0,0.0
2a29eb9b,126.0,171.0,2372.0,791.0,51.0,60.0,58.0,77.0,17.0,29.0,0,0.1,0.1,-0.1,2.0,17.0,5.0,1.0,18.0
16aa3654,95.0,137.0,1398.0,429.0,55.0,67.0,25.0,39.0,8.0,15.0,2,1.2,0.8,0.8,6.0,8.0,6.0,1.0,14.0
a40819d9,2.0,2.0,37.0,35.0,1.0,1.0,1.0,1.0,0.0,0.0,0,0.0,0.0,0.0,0.0,0.0,0.0,0.0,1.0
9ceb7642,208.0,253.0,4100.0,1282.0,88.0,95.0,83.0,95.0,34.0,49.0,0,0.2,0.3,-0.2,2.0,20.0,4.0,2.0,31.0
6d86d9cd,64.0,89.0,956.0,221.0,32.0,43.0,22.0,23.0,5.0,10.0,1,0.3,0.3,0.7,7.0,5.0,2.0,0.0,14.0
9f115e20,76.0,97.0,1177.0,212.0,32.0,36.0,32.0,41.0,4.0,10.0,1,0.5,0.0,0.5,3.0,3.0,0.0,0.0,2.0
2770726a,59.0,75.0,770.0,124.0,38.0,44.0,18.0,25.0,1.0,2.0,1,0.3,0.2,0.7,1.0,2.0,2.0,0.0,9.0
ef83dfcc,91.0,125.0,1523.0,929.0,45.0,52.0,39.0,55.0,5.0,9.0,0,0.1,0.1,-0.1,2.0,11.0,2.0,2.0,7.0
4e7db402,155.0,233.0,4805.0,3896.0,21.0,21.0,79.0,80.0,55.0,131.0,0,0.0,0.0,0.0,1.0,5.0,0.0,0.0,0.0
651fa4db,10.0,13.0,139.0,63.0,6.0,7.0,2.0,4.0,1.0,1.0,0,0.1,0.1,-0.1,2.0,2.0,2.0,1.0,2.0
22798128,155.0,191.0,2662.0,803.0,74.0,79.0,62.0,76.0,16.0,24.0,0,0.5,0.4,-0.5,8.0,14.0,7.0,0.0,26.0
22798128,22.0,30.0,308.0,80.0,15.0,19.0,6.0,8.0,1.0,3.0,0,0.0,0.0,0.0,0.0,0.0,2.0,1.0,2.0
bf12926c,31.0,39.0,488.0,142.0,14.0,18.0,11.0,13.0,2.0,3.0,0,0.2,0.1,-0.2,3.0,3.0,2.0,0.0,4.0
abe66106,10.0,11.0,136.0,11.0,7.0,8.0,3.0,3.0,0.0,0.0,0,0.0,0.0,0.0,0.0,0.0,0.0,0.0,0.0
8614496d,140.0,173.0,2695.0,1147.0,55.0,71.0,64.0,69.0,19.0,26.0,0,0.0,0.0,0.0,0.0,7.0,0.0,0.0,7.0
8cd49575,1.0,4.0,10.0,6.0,1.0,3.0,0.0,0.0,0.0,0.0,0,0.0,0.0,0.0,0.0,0.0,0.0,0.0,0.0
8b5504e1,184.0,236.0,2548.0,1051.0,117.0,134.0,49.0,62.0,11.0,26.0,1,0.6,1.0,0.4,6.0,11.0,12.0,7.0,18.0
00c9a283,133.0,168.0,2379.0,430.0,52.0,62.0,56.0,66.0,17.0,27.0,0,0.1,0.0,-0.1,2.0,7.0,0.0,0.0,14.0
02caf6e0,79.0,94.0,1023.0,378.0,54.0,62.0,20.0,25.0,2.0,2.0,0,0.0,0.0,0.0,0.0,4.0,0.0,0.0,6.0
9a64e67e,129.0,143.0,3058.0,724.0,26.0,31.0,73.0,79.0,28.0,30.0,0,0.0,0.1,0.0,0.0,23.0,1.0,0.0,15.0
56dd5e10,130.0,182.0,2236.0,893.0,67.0,75.0,52.0,69.0,11.0,25.0,0,0.0,0.3,0.0,3.0,5.0,4.0,1.0,8.0
d2ddff2d,73.0,81.0,1267.0,312.0,36.0,37.0,25.0,26.0,9.0,12.0,0,0.1,0.3,-0.1,2.0,5.0,0.0,0.0,3.0
c4987edc,219.0,288.0,4245.0,1549.0,76.0,93.0,121.0,143.0,19.0,44.0,0,0.1,0.2,-0.1,3.0,29.0,0.0,0.0,32.0
8d78e732,27.0,35.0,397.0,81.0,15.0,19.0,9.0,11.0,1.0,1.0,0,0.1,0.1,-0.1,1.0,4.0,1.0,0.0,4.0
13fe7b69,4.0,7.0,37.0,29.0,4.0,4.0,0.0,2.0,0.0,0.0,0,0.0,0.0,0.0,0.0,0.0,0.0,0.0,1.0
0c09c984,213.0,264.0,3901.0,1428.0,75.0,91.0,108.0,125.0,24.0,30.0,0,0.0,0.1,0.0,1.0,15.0,1.0,0.0,18.0
302527b2,306.0,342.0,6568.0,2114.0,86.0,93.0,167.0,176.0,50.0,67.0,0,0.0,0.0,0.0,0.0,14.0,0.0,0.0,24.0
27504df8,173.0,217.0,2765.0,693.0,92.0,104.0,66.0,82.0,13.0,22.0,0,0.4,0.8,-0.4,5.0,12.0,8.0,1.0,21.0
f5deef4c,317.0,335.0,5692.0,1858.0,127.0,131.0,156.0,162.0,26.0,30.0,0,0.0,0.2,0.0,0.0,39.0,2.0,0.0,34.0
f99360b9,285.0,332.0,4855.0,1561.0,151.0,161.0,103.0,118.0,28.0,46.0,0,0.6,0.6,-0.6,4.0,37.0,4.0,0.0,34.0
5e42afa3,58.0,76.0,925.0,412.0,29.0,33.0,23.0,29.0,4.0,7.0,0,0.0,0.0,0.0,1.0,10.0,0.0,0.0,6.0
a8a874f1,99.0,114.0,1813.0,551.0,47.0,50.0,40.0,47.0,12.0,17.0,0,0.1,0.1,-0.1,2.0,14.0,2.0,0.0,16.0
37f341f0,411.0,450.0,8206.0,1765.0,104.0,112.0,273.0,285.0,29.0,43.0,0,0.1,0.1,-0.1,2.0,28.0,0.0,0.0,26.0
975eda74,30.0,38.0,398.0,101.0,21.0,24.0,5.0,6.0,2.0,4.0,0,0.0,0.0,0.0,1.0,4.0,1.0,0.0,3.0
184ea16a,1.0,1.0,45.0,23.0,0.0,0.0,0.0,0.0,1.0,1.0,0,0.0,0.0,0.0,0.0,0.0,0.0,0.0,0.0
8df5b30f,33.0,50.0,452.0,85.0,21.0,31.0,12.0,14.0,0.0,0.0,0,0.0,0.0,0.0,0.0,4.0,0.0,0.0,5.0
9b3ab988,194.0,260.0,3048.0,1082.0,102.0,118.0,77.0,95.0,10.0,32.0,1,0.6,0.3,0.4,2.0,14.0,0.0,0.0,20.0
939bc634,199.0,296.0,6144.0,4062.0,14.0,14.0,111.0,111.0,74.0,170.0,0,0.0,0.0,0.0,0.0,4.0,0.0,0.0,0.0
a99138af,42.0,46.0,771.0,269.0,18.0,19.0,16.0,17.0,6.0,7.0,0,0.0,0.0,0.0,1.0,7.0,0.0,0.0,8.0
83c06f3a,0.0,1.0,0.0,0.0,0.0,0.0,0.0,1.0,0.0,0.0,0,0.0,0.0,0.0,0.0,0.0,0.0,0.0,0.0
0ed60738,245.0,307.0,4383.0,995.0,107.0,120.0,99.0,118.0,29.0,52.0,0,0.3,0.3,-0.3,3.0,15.0,1.0,0.0,18.0
d4133fa1,121.0,150.0,2327.0,1094.0,51.0,59.0,52.0,61.0,15.0,24.0,0,0.3,0.3,-0.3,1.0,14.0,0.0,0.0,9.0
bf34eebd,24.0,30.0,465.0,142.0,10.0,13.0,12.0,14.0,2.0,2.0,0,0.2,0.2,-0.2,1.0,2.0,4.0,2.0,5.0
d8931174,105.0,119.0,2137.0,558.0,37.0,37.0,46.0,51.0,21.0,27.0,0,0.0,0.1,0.0,1.0,10.0,0.0,0.0,7.0
d4808594,5.0,10.0,63.0,17.0,4.0,6.0,1.0,2.0,0.0,1.0,0,0.0,0.0,0.0,1.0,0.0,1.0,0.0,2.0
fc46aab1,240.0,293.0,3950.0,1279.0,121.0,133.0,80.0,99.0,24.0,41.0,1,1.1,0.9,-0.1,12.0,30.0,8.0,4.0,36.0
6b6c793c,331.0,367.0,4900.0,1151.0,194.0,200.0,107.0,119.0,17.0,27.0,0,0.7,0.8,-0.7,7.0,24.0,8.0,2.0,35.0
42f8775b,46.0,64.0,608.0,139.0,30.0,36.0,14.0,18.0,1.0,5.0,0,0.2,0.0,-0.2,3.0,3.0,0.0,0.0,6.0
5aa53281,294.0,354.0,5687.0,2321.0,108.0,119.0,138.0,160.0,40.0,60.0,0,0.1,0.2,-0.1,1.0,24.0,2.0,0.0,23.0
1d2d5cc8,169.0,234.0,4839.0,3469.0,26.0,26.0,82.0,82.0,61.0,126.0,0,0.0,0.0,0.0,0.0,3.0,0.0,0.0,0.0
c707411f,27.0,29.0,443.0,136.0,10.0,10.0,17.0,17.0,0.0,2.0,0,0.0,0.0,0.0,0.0,0.0,0.0,0.0,0.0
603116a7,33.0,44.0,512.0,125.0,16.0,18.0,12.0,16.0,2.0,5.0,0,0.0,0.0,0.0,0.0,4.0,0.0,0.0,4.0
8d7323e8,91.0,132.0,1524.0,418.0,43.0,58.0,26.0,32.0,12.0,18.0,0,0.3,0.4,-0.3,6.0,12.0,4.0,1.0,21.0
a83c19cf,40.0,51.0,607.0,43.0,23.0,26.0,15.0,16.0,2.0,6.0,0,0.0,0.1,0.0,0.0,2.0,0.0,0.0,3.0
d9764034,169.0,191.0,3273.0,1229.0,54.0,60.0,99.0,103.0,14.0,24.0,0,0.0,0.0,0.0,0.0,8.0,1.0,0.0,12.0
59878425,58.0,77.0,962.0,208.0,26.0,30.0,26.0,29.0,3.0,9.0,1,0.9,0.6,0.1,5.0,2.0,4.0,2.0,4.0
04964f4f,12.0,20.0,145.0,49.0,8.0,13.0,3.0,4.0,0.0,2.0,0,0.1,0.0,-0.1,1.0,1.0,1.0,0.0,3.0
8b788c01,11.0,14.0,152.0,30.0,5.0,7.0,6.0,7.0,0.0,0.0,0,0.0,0.1,0.0,0.0,1.0,1.0,0.0,2.0
48a5a5d6,124.0,150.0,2100.0,360.0,57.0,63.0,53.0,61.0,10.0,17.0,0,0.9,0.7,-0.9,8.0,9.0,3.0,0.0,8.0
52061089,149.0,183.0,2698.0,538.0,57.0,64.0,78.0,92.0,12.0,23.0,0,0.1,0.1,-0.1,2.0,12.0,2.0,0.0,14.0
bac46a10,418.0,491.0,7878.0,3142.0,164.0,180.0,204.0,227.0,47.0,71.0,0,0.5,1.2,-0.5,6.0,54.0,6.0,0.0,36.0
3ef0fa48,13.0,14.0,218.0,36.0,5.0,5.0,8.0,9.0,0.0,0.0,0,0.1,0.1,-0.1,2.0,1.0,1.0,0.0,1.0
d4535821,231.0,250.0,3478.0,1186.0,131.0,135.0,70.0,77.0,19.0,23.0,0,0.6,0.4,-0.6,4.0,13.0,5.0,2.0,14.0
9d689a5b,54.0,74.0,805.0,154.0,33.0,39.0,19.0,23.0,1.0,4.0,0,0.9,0.9,-0.9,3.0,4.0,2.0,0.0,6.0
15944afd,39.0,46.0,759.0,184.0,14.0,14.0,21.0,24.0,3.0,6.0,0,0.0,0.0,0.0,0.0,6.0,0.0,0.0,6.0
ef3909cd,171.0,223.0,4105.0,2891.0,36.0,36.0,95.0,95.0,39.0,91.0,0,0.0,0.0,0.0,0.0,1.0,0.0,0.0,0.0
eb7822d7,337.0,380.0,6142.0,1863.0,137.0,148.0,148.0,160.0,38.0,47.0,0,0.5,0.4,-0.5,9.0,46.0,7.0,2.0,50.0
cf1ef7ec,44.0,57.0,781.0,225.0,20.0,21.0,18.0,24.0,5.0,8.0,0,0.2,0.1,-0.2,1.0,9.0,1.0,0.0,5.0
d8bffa70,108.0,157.0,1917.0,802.0,55.0,67.0,43.0,61.0,10.0,23.0,0,0.0,0.1,0.0,0.0,9.0,0.0,0.0,10.0
1adcf39e,165.0,188.0,3154.0,1069.0,64.0,68.0,84.0,87.0,16.0,29.0,0,0.0,0.0,0.0,1.0,5.0,0.0,0.0,3.0
826e8b63,182.0,228.0,2657.0,780.0,108.0,119.0,59.0,79.0,8.0,19.0,0,0.1,0.3,-0.1,1.0,11.0,3.0,0.0,19.0
f9de9c23,0.0,0.0,0.0,0.0,0.0,0.0,0.0,0.0,0.0,0.0,0,0.0,0.0,0.0,0.0,0.0,0.0,0.0,0.0
d93c2511,72.0,87.0,1001.0,275.0,43.0,47.0,24.0,31.0,3.0,6.0,0,0.0,0.1,0.0,0.0,9.0,0.0,0.0,6.0
97e2aa67,50.0,61.0,751.0,164.0,33.0,34.0,12.0,15.0,5.0,8.0,0,0.1,0.1,-0.1,3.0,4.0,1.0,0.0,3.0
89c63f8c,102.0,122.0,2018.0,810.0,40.0,43.0,49.0,57.0,13.0,22.0,0,0.0,0.0,0.0,0.0,11.0,0.0,0.0,15.0
e66e4ddc,15.0,22.0,338.0,109.0,4.0,5.0,8.0,10.0,3.0,6.0,0,0.0,0.0,0.0,0.0,2.0,0.0,0.0,1.0
70c52749,230.0,283.0,3682.0,1323.0,104.0,117.0,105.0,122.0,14.0,25.0,0,0.3,0.7,-0.3,4.0,11.0,6.0,1.0,24.0
c9e39d91,188.0,241.0,3190.0,778.0,102.0,111.0,59.0,76.0,22.0,38.0,1,1.7,1.8,-0.7,15.0,19.0,7.0,2.0,23.0
de89f3c3,12.0,19.0,257.0,129.0,4.0,6.0,4.0,6.0,3.0,5.0,0,0.2,0.2,-0.2,2.0,2.0,2.0,1.0,4.0
d080ed5e,153.0,209.0,2258.0,607.0,87.0,99.0,52.0,69.0,9.0,19.0,0,0.5,0.4,-0.5,4.0,23.0,3.0,1.0,17.0
0bfca6a1,179.0,245.0,3523.0,1291.0,77.0,87.0,70.0,91.0,32.0,59.0,0,1.0,0.9,-1.0,10.0,21.0,2.0,2.0,24.0
ef2ad14e,87.0,95.0,1676.0,505.0,25.0,26.0,52.0,55.0,10.0,14.0,0,0.0,0.1,0.0,0.0,1.0,0.0,0.0,3.0
1e274a0a,24.0,38.0,353.0,103.0,17.0,24.0,4.0,7.0,3.0,4.0,0,0.0,0.1,0.0,1.0,2.0,1.0,0.0,4.0
c54638ba,3.0,5.0,46.0,31.0,2.0,2.0,0.0,0.0,1.0,2.0,0,0.1,0.0,-0.1,1.0,0.0,0.0,0.0,0.0
903b3b77,177.0,231.0,3062.0,1187.0,77.0,89.0,89.0,104.0,9.0,32.0,1,0.0,0.0,1.0,0.0,8.0,0.0,0.0,15.0
37aa57c0,244.0,300.0,5707.0,2475.0,61.0,67.0,126.0,139.0,55.0,85.0,0,0.0,0.0,0.0,0.0,23.0,0.0,0.0,27.0
4e6dbac4,165.0,239.0,2658.0,790.0,87.0,117.0,58.0,76.0,13.0,29.0,0,0.3,0.4,-0.3,3.0,19.0,3.0,0.0,26.0
746b64a7,181.0,238.0,3725.0,1656.0,53.0,65.0,103.0,119.0,23.0,46.0,0,0.0,0.1,0.0,0.0,7.0,3.0,1.0,18.0
f833a830,55.0,77.0,877.0,216.0,27.0,32.0,18.0,30.0,5.0,7.0,0,0.4,0.2,-0.4,4.0,5.0,3.0,0.0,9.0
bbf5c11b,1.0,1.0,27.0,0.0,0.0,0.0,1.0,1.0,0.0,0.0,0,0.0,0.0,0.0,0.0,0.0,0.0,0.0,0.0
ead61f73,229.0,301.0,3326.0,1229.0,147.0,157.0,61.0,84.0,14.0,39.0,3,0.8,0.4,2.2,6.0,14.0,4.0,2.0,16.0
232b3da4,45.0,66.0,710.0,142.0,22.0,30.0,13.0,18.0,5.0,8.0,0,0.2,0.2,-0.2,2.0,4.0,1.0,1.0,2.0
8a56c04c,53.0,84.0,806.0,141.0,29.0,37.0,21.0,25.0,2.0,6.0,0,0.0,0.1,0.0,2.0,4.0,0.0,0.0,5.0
bf80db4d,233.0,280.0,5331.0,2247.0,43.0,50.0,134.0,141.0,51.0,78.0,0,0.0,0.1,0.0,1.0,31.0,4.0,0.0,20.0
a55ba2f8,139.0,151.0,2698.0,695.0,39.0,42.0,91.0,92.0,9.0,16.0,0,0.0,0.0,0.0,0.0,3.0,0.0,0.0,1.0
595e6f3e,68.0,109.0,896.0,140.0,44.0,62.0,19.0,31.0,2.0,5.0,1,0.9,0.2,0.1,5.0,3.0,1.0,0.0,7.0
b62878a5,31.0,42.0,529.0,43.0,14.0,20.0,14.0,17.0,3.0,3.0,0,0.0,0.0,0.0,1.0,1.0,2.0,0.0,3.0
00844823,35.0,44.0,567.0,221.0,18.0,19.0,15.0,19.0,2.0,3.0,0,0.0,0.0,0.0,0.0,1.0,0.0,0.0,6.0
7e82a78f,41.0,50.0,712.0,134.0,15.0,15.0,21.0,24.0,2.0,7.0,0,0.0,0.0,0.0,1.0,5.0,0.0,0.0,6.0
374d5158,11.0,14.0,229.0,85.0,2.0,3.0,8.0,9.0,1.0,2.0,0,0.0,0.0,0.0,0.0,0.0,0.0,0.0,2.0
0c3f7197,55.0,75.0,812.0,126.0,32.0,40.0,16.0,18.0,5.0,8.0,0,0.0,0.1,0.0,0.0,4.0,1.0,0.0,4.0
16e9d0ea,35.0,46.0,458.0,197.0,20.0,21.0,7.0,12.0,3.0,6.0,0,0.0,0.0,0.0,0.0,4.0,0.0,0.0,4.0
99351886,153.0,212.0,4795.0,3502.0,17.0,17.0,69.0,71.0,67.0,124.0,0,0.0,0.0,0.0,0.0,2.0,0.0,0.0,0.0
a650c75b,22.0,26.0,400.0,131.0,12.0,14.0,8.0,9.0,2.0,2.0,0,0.0,0.0,0.0,0.0,1.0,0.0,0.0,3.0
1774c547,2.0,4.0,16.0,10.0,2.0,2.0,0.0,2.0,0.0,0.0,0,0.0,0.0,0.0,0.0,0.0,0.0,0.0,0.0
af0c835b,247.0,286.0,3961.0,1022.0,123.0,138.0,95.0,105.0,21.0,27.0,0,0.5,0.3,-0.5,8.0,13.0,2.0,1.0,30.0
0959184b,78.0,103.0,1149.0,145.0,47.0,57.0,27.0,35.0,2.0,4.0,0,0.0,0.1,0.0,1.0,2.0,3.0,0.0,5.0
228b0d9d,29.0,39.0,434.0,170.0,19.0,19.0,8.0,13.0,2.0,6.0,0,0.0,0.0,0.0,0.0,0.0,0.0,0.0,0.0
1d438d6c,8.0,12.0,76.0,11.0,5.0,6.0,1.0,3.0,0.0,0.0,0,0.0,0.0,0.0,0.0,0.0,0.0,0.0,0.0
808035bd,230.0,288.0,4249.0,1209.0,74.0,82.0,134.0,161.0,18.0,37.0,0,0.3,0.0,-0.3,2.0,7.0,1.0,0.0,8.0
6445d6fe,22.0,29.0,323.0,59.0,9.0,11.0,13.0,15.0,0.0,0.0,1,0.1,0.1,0.9,1.0,1.0,0.0,0.0,3.0
15317e60,0.0,0.0,0.0,0.0,0.0,0.0,0.0,0.0,0.0,0.0,0,0.0,0.0,0.0,0.0,0.0,0.0,0.0,0.0
2ff76adc,270.0,330.0,3895.0,1357.0,160.0,176.0,95.0,116.0,10.0,23.0,0,0.9,0.9,-0.9,7.0,14.0,7.0,4.0,22.0
3e9bd29d,91.0,115.0,1314.0,351.0,62.0,67.0,22.0,29.0,6.0,13.0,1,0.0,0.1,1.0,0.0,6.0,1.0,1.0,6.0
d4aa40b8,15.0,22.0,346.0,172.0,5.0,8.0,6.0,8.0,4.0,4.0,0,0.3,0.3,-0.3,6.0,1.0,1.0,0.0,3.0
f32a988d,8.0,17.0,152.0,45.0,3.0,5.0,4.0,7.0,1.0,5.0,0,0.1,0.0,-0.1,2.0,1.0,0.0,0.0,1.0
c997b942,69.0,92.0,914.0,210.0,42.0,46.0,15.0,25.0,5.0,9.0,2,0.5,0.3,1.5,7.0,5.0,2.0,0.0,8.0
3f10bd22,92.0,111.0,1408.0,381.0,48.0,52.0,41.0,47.0,2.0,5.0,1,0.4,0.3,0.6,3.0,4.0,0.0,0.0,4.0
ed45a7d7,11.0,13.0,190.0,85.0,3.0,4.0,7.0,8.0,1.0,1.0,0,0.0,0.0,0.0,0.0,0.0,0.0,0.0,2.0
244a31b9,306.0,351.0,6518.0,2042.0,99.0,108.0,146.0,162.0,58.0,73.0,0,0.0,0.1,0.0,1.0,17.0,1.0,0.0,23.0
c5bdb6e3,53.0,69.0,793.0,129.0,29.0,32.0,18.0,20.0,4.0,11.0,0,0.1,0.1,-0.1,1.0,3.0,1.0,0.0,4.0
0880e10b,56.0,79.0,1491.0,948.0,4.0,4.0,36.0,36.0,16.0,38.0,0,0.0,0.0,0.0,0.0,0.0,0.0,0.0,0.0
36a79857,55.0,84.0,993.0,425.0,27.0,37.0,16.0,21.0,9.0,16.0,2,0.8,1.2,1.2,5.0,8.0,6.0,0.0,11.0
8eef18aa,32.0,37.0,550.0,173.0,11.0,11.0,21.0,21.0,0.0,2.0,0,0.0,0.0,0.0,0.0,1.0,0.0,0.0,0.0
5853ac44,77.0,83.0,1370.0,584.0,28.0,29.0,44.0,45.0,3.0,7.0,0,0.0,0.1,0.0,0.0,4.0,1.0,0.0,4.0
06e5b0e4,65.0,83.0,1391.0,636.0,21.0,22.0,32.0,40.0,12.0,21.0,0,0.0,0.0,0.0,0.0,3.0,1.0,1.0,3.0
f40dd3c7,143.0,209.0,2273.0,1010.0,82.0,97.0,45.0,66.0,14.0,31.0,1,0.4,0.3,0.6,4.0,15.0,2.0,2.0,17.0
30fab1ee,30.0,37.0,551.0,163.0,9.0,12.0,16.0,17.0,4.0,6.0,0,0.0,0.0,0.0,1.0,5.0,0.0,0.0,7.0
a7d48b00,18.0,35.0,269.0,69.0,9.0,16.0,6.0,11.0,2.0,2.0,0,0.3,0.2,-0.3,2.0,0.0,2.0,1.0,3.0
a53649b7,113.0,144.0,1702.0,143.0,62.0,79.0,43.0,50.0,6.0,7.0,1,0.3,0.4,0.7,2.0,3.0,5.0,0.0,10.0
b91a6912,64.0,75.0,1017.0,310.0,33.0,35.0,26.0,28.0,3.0,4.0,0,0.0,0.1,0.0,1.0,3.0,4.0,0.0,10.0
56bcde74,47.0,67.0,1027.0,433.0,10.0,13.0,30.0,32.0,7.0,19.0,0,0.0,0.0,0.0,0.0,1.0,0.0,0.0,3.0
afb0c500,210.0,271.0,6020.0,4404.0,30.0,30.0,102.0,105.0,76.0,134.0,0,0.0,0.0,0.0,0.0,4.0,0.0,0.0,0.0
2ffa6348,233.0,254.0,4948.0,1759.0,62.0,66.0,136.0,143.0,33.0,42.0,2,0.2,0.3,1.8,1.0,13.0,0.0,0.0,12.0
a08b974a,30.0,38.0,392.0,83.0,20.0,20.0,9.0,13.0,0.0,1.0,1,0.1,0.1,0.9,2.0,2.0,0.0,0.0,1.0
ca607d59,35.0,46.0,474.0,59.0,22.0,23.0,8.0,12.0,2.0,4.0,0,0.2,0.2,-0.2,5.0,1.0,1.0,1.0,1.0
2bc17985,48.0,81.0,909.0,264.0,21.0,32.0,17.0,23.0,8.0,16.0,1,0.5,0.5,0.5,8.0,3.0,0.0,0.0,5.0
743ffce1,29.0,47.0,396.0,35.0,17.0,24.0,8.0,15.0,2.0,2.0,0,0.0,0.0,0.0,0.0,0.0,0.0,0.0,0.0
a8fbae1d,332.0,384.0,7816.0,2698.0,58.0,67.0,208.0,222.0,64.0,90.0,1,0.6,0.3,0.4,1.0,14.0,0.0,0.0,17.0
2b53f7a5,208.0,279.0,3321.0,962.0,113.0,136.0,64.0,85.0,19.0,36.0,2,2.0,1.5,0.0,20.0,26.0,12.0,1.0,38.0
fa73ccc7,190.0,234.0,3300.0,1080.0,90.0,109.0,78.0,89.0,19.0,25.0,0,0.0,0.1,0.0,0.0,27.0,3.0,0.0,28.0
2f72f79e,115.0,149.0,1707.0,594.0,70.0,78.0,41.0,52.0,3.0,13.0,1,0.2,0.1,0.8,3.0,5.0,3.0,3.0,11.0
095ec83c,20.0,28.0,296.0,37.0,9.0,11.0,8.0,9.0,1.0,2.0,0,0.2,0.2,-0.2,2.0,1.0,0.0,0.0,1.0
4534a352,159.0,174.0,3425.0,1047.0,31.0,35.0,111.0,118.0,17.0,21.0,0,0.0,0.0,0.0,1.0,11.0,0.0,0.0,16.0
6456e745,120.0,140.0,1537.0,330.0,79.0,84.0,30.0,34.0,4.0,6.0,0,0.1,0.1,-0.1,2.0,4.0,1.0,0.0,7.0
c0347e9b,46.0,51.0,704.0,178.0,24.0,25.0,20.0,23.0,1.0,2.0,0,0.0,0.0,0.0,0.0,4.0,0.0,0.0,2.0
5333d7de,5.0,9.0,68.0,23.0,3.0,4.0,2.0,3.0,0.0,2.0,0,0.0,0.0,0.0,0.0,0.0,0.0,0.0,0.0
03b6afa9,213.0,251.0,2807.0,886.0,121.0,134.0,74.0,82.0,3.0,7.0,0,0.3,0.1,-0.3,2.0,15.0,4.0,0.0,16.0
6578600f,31.0,43.0,376.0,21.0,22.0,24.0,7.0,13.0,0.0,1.0,0,0.0,0.0,0.0,1.0,1.0,0.0,0.0,0.0
2f88752d,84.0,105.0,1681.0,662.0,32.0,39.0,33.0,38.0,15.0,20.0,0,0.2,0.1,-0.2,4.0,9.0,4.0,0.0,16.0
a8f41212,39.0,60.0,509.0,170.0,27.0,34.0,8.0,12.0,1.0,6.0,1,0.7,0.4,0.3,3.0,4.0,4.0,0.0,9.0
44150beb,342.0,387.0,6935.0,1986.0,77.0,89.0,239.0,250.0,25.0,43.0,0,0.0,0.1,0.0,1.0,25.0,1.0,0.0,22.0
be855308,202.0,243.0,5094.0,2998.0,40.0,40.0,101.0,101.0,61.0,101.0,0,0.0,0.0,0.0,0.0,1.0,0.0,0.0,0.0
089c7323,20.0,24.0,315.0,63.0,7.0,7.0,11.0,14.0,1.0,2.0,0,0.0,0.0,0.0,0.0,1.0,0.0,0.0,1.0
e82adcab,167.0,200.0,2398.0,1053.0,90.0,105.0,61.0,69.0,6.0,10.0,0,0.1,0.2,-0.1,2.0,23.0,2.0,0.0,16.0
779847d6,221.0,267.0,4509.0,1862.0,74.0,80.0,112.0,127.0,32.0,50.0,0,0.0,0.0,0.0,1.0,19.0,0.0,0.0,16.0
16ea3bb1,98.0,130.0,1828.0,790.0,35.0,46.0,53.0,62.0,10.0,18.0,0,0.0,0.0,0.0,0.0,7.0,0.0,0.0,15.0
1e8dbb59,12.0,15.0,295.0,96.0,3.0,4.0,6.0,7.0,3.0,4.0,0,0.0,0.0,0.0,0.0,0.0,0.0,0.0,0.0
b682dcf6,17.0,28.0,379.0,140.0,3.0,3.0,12.0,14.0,2.0,11.0,0,0.0,0.0,0.0,1.0,1.0,0.0,0.0,2.0
e1bbb68d,60.0,77.0,1014.0,415.0,36.0,45.0,18.0,20.0,6.0,8.0,0,0.7,0.6,-0.7,3.0,10.0,3.0,0.0,18.0
dff153a4,63.0,70.0,1190.0,359.0,25.0,26.0,27.0,28.0,11.0,13.0,0,0.1,0.1,-0.1,1.0,5.0,0.0,0.0,5.0
52522325,6.0,8.0,96.0,54.0,4.0,4.0,1.0,2.0,1.0,2.0,0,0.1,0.1,-0.1,1.0,0.0,1.0,1.0,0.0
529f49ab,58.0,65.0,1013.0,396.0,24.0,28.0,29.0,29.0,4.0,6.0,0,0.0,0.1,0.0,0.0,9.0,0.0,0.0,5.0
4c5039bd,49.0,88.0,1314.0,821.0,11.0,11.0,23.0,23.0,14.0,52.0,0,0.0,0.0,0.0,0.0,0.0,0.0,0.0,0.0
1da13ab9,115.0,162.0,2273.0,1014.0,45.0,56.0,47.0,64.0,21.0,37.0,1,0.4,0.7,0.6,6.0,12.0,1.0,1.0,14.0
f7223718,168.0,191.0,3681.0,1151.0,48.0,50.0,80.0,83.0,36.0,51.0,0,0.0,0.0,0.0,0.0,5.0,0.0,0.0,5.0
79b0d6a0,139.0,169.0,3733.0,2284.0,20.0,20.0,69.0,69.0,49.0,79.0,0,0.0,0.0,0.0,0.0,0.0,0.0,0.0,0.0
a62c16d0,14.0,24.0,230.0,8.0,10.0,13.0,2.0,6.0,2.0,3.0,0,0.0,0.0,0.0,1.0,0.0,0.0,0.0,0.0
f3fa599d,265.0,340.0,4293.0,1650.0,135.0,153.0,112.0,131.0,17.0,42.0,0,0.1,0.1,-0.1,2.0,22.0,5.0,2.0,20.0
25146df0,57.0,64.0,1053.0,434.0,19.0,20.0,30.0,34.0,7.0,9.0,1,0.1,0.2,0.9,1.0,7.0,2.0,1.0,6.0
596cc50e,172.0,198.0,2991.0,609.0,71.0,78.0,85.0,92.0,12.0,20.0,0,0.3,0.5,-0.3,2.0,12.0,0.0,0.0,9.0
0d9b2d31,14.0,21.0,204.0,28.0,6.0,9.0,4.0,4.0,1.0,2.0,0,0.0,0.0,0.0,0.0,0.0,0.0,0.0,0.0
8b0d9f35,110.0,125.0,1805.0,613.0,52.0,59.0,45.0,48.0,9.0,13.0,0,0.0,0.2,0.0,0.0,9.0,1.0,0.0,10.0
3ca7254a,113.0,138.0,1629.0,449.0,64.0,71.0,35.0,42.0,7.0,12.0,0,0.7,0.8,-0.7,3.0,5.0,5.0,2.0,6.0
81255c03,25.0,39.0,466.0,137.0,12.0,13.0,7.0,15.0,5.0,9.0,0,0.8,0.1,-0.8,5.0,2.0,6.0,1.0,6.0
b684a484,22.0,45.0,261.0,90.0,14.0,24.0,5.0,14.0,0.0,2.0,0,0.4,0.2,-0.4,3.0,4.0,1.0,0.0,3.0
4a5a45c7,187.0,264.0,3585.0,1168.0,83.0,99.0,61.0,84.0,36.0,60.0,3,1.4,1.6,1.6,20.0,22.0,7.0,2.0,25.0
9d9e69df,45.0,67.0,731.0,258.0,21.0,28.0,21.0,28.0,2.0,6.0,0,0.4,0.3,-0.4,6.0,2.0,8.0,1.0,15.0
7af31216,151.0,183.0,3030.0,1136.0,64.0,65.0,59.0,68.0,26.0,46.0,0,0.0,0.0,0.0,0.0,15.0,1.0,0.0,9.0
eda8506a,116.0,146.0,2346.0,629.0,44.0,52.0,46.0,55.0,23.0,31.0,0,0.0,0.0,0.0,0.0,7.0,1.0,1.0,15.0
b7de5bad,87.0,114.0,1520.0,408.0,34.0,38.0,42.0,49.0,7.0,18.0,0,0.1,0.2,-0.1,1.0,3.0,3.0,1.0,6.0
a5549ec1,76.0,93.0,1323.0,465.0,30.0,36.0,38.0,41.0,7.0,14.0,0,0.0,0.0,0.0,0.0,2.0,0.0,0.0,6.0
ec61b68f,51.0,73.0,702.0,273.0,34.0,43.0,15.0,21.0,1.0,6.0,0,0.0,0.1,0.0,1.0,7.0,0.0,0.0,6.0
a2f2d806,35.0,55.0,469.0,73.0,13.0,21.0,14.0,19.0,1.0,3.0,1,0.5,0.5,0.5,4.0,0.0,2.0,1.0,3.0
f93e6e94,58.0,79.0,816.0,142.0,35.0,44.0,13.0,22.0,5.0,7.0,0,0.1,0.1,-0.1,1.0,3.0,2.0,0.0,7.0
6db16dda,4.0,5.0,67.0,3.0,1.0,1.0,3.0,3.0,0.0,0.0,0,0.0,0.0,0.0,0.0,0.0,0.0,0.0,0.0
8c725b43,122.0,133.0,2309.0,785.0,37.0,38.0,70.0,74.0,14.0,18.0,0,0.0,0.0,0.0,0.0,1.0,0.0,0.0,5.0
af686bed,230.0,259.0,3921.0,1073.0,106.0,114.0,91.0,104.0,21.0,25.0,1,0.5,0.3,0.5,5.0,21.0,2.0,0.0,27.0
10f1cd17,111.0,147.0,1880.0,594.0,54.0,67.0,46.0,59.0,9.0,16.0,0,0.3,0.4,-0.3,2.0,7.0,3.0,1.0,12.0
00b86f5e,134.0,204.0,4013.0,3144.0,33.0,33.0,46.0,47.0,53.0,121.0,0,0.0,0.0,0.0,0.0,5.0,0.0,0.0,0.0
4760b2f2,51.0,57.0,998.0,217.0,11.0,14.0,37.0,38.0,3.0,5.0,0,0.0,0.0,0.0,0.0,1.0,0.0,0.0,3.0
29b61deb,74.0,99.0,1052.0,360.0,46.0,57.0,23.0,30.0,3.0,4.0,0,0.0,0.1,0.0,1.0,6.0,2.0,0.0,10.0
67f0703d,82.0,97.0,1584.0,419.0,30.0,32.0,44.0,49.0,8.0,13.0,0,0.0,0.0,0.0,1.0,2.0,0.0,0.0,3.0
6637e6a7,138.0,199.0,2268.0,756.0,78.0,100.0,34.0,51.0,19.0,34.0,1,0.4,0.4,0.6,10.0,18.0,6.0,1.0,19.0
277da414,209.0,249.0,5827.0,4026.0,40.0,40.0,84.0,86.0,84.0,119.0,0,0.0,0.0,0.0,0.0,3.0,0.0,0.0,0.0
d03380ec,29.0,54.0,408.0,240.0,20.0,26.0,8.0,17.0,1.0,7.0,0,0.0,0.0,0.0,0.0,2.0,0.0,0.0,4.0
c68b1b13,21.0,30.0,357.0,134.0,14.0,18.0,4.0,6.0,3.0,4.0,0,0.1,0.1,-0.1,1.0,0.0,1.0,1.0,2.0
185a2732,31.0,41.0,474.0,186.0,21.0,25.0,7.0,11.0,3.0,4.0,0,0.1,0.1,-0.1,1.0,6.0,1.0,0.0,10.0
9c2e7413,1.0,3.0,17.0,19.0,0.0,1.0,1.0,1.0,0.0,1.0,0,0.0,0.0,0.0,0.0,0.0,0.0,0.0,0.0
8794e251,110.0,120.0,1645.0,434.0,62.0,66.0,39.0,44.0,5.0,5.0,0,0.6,0.6,-0.6,2.0,10.0,1.0,0.0,14.0
faed84db,103.0,117.0,1990.0,400.0,35.0,39.0,52.0,56.0,14.0,18.0,0,0.0,0.1,0.0,0.0,12.0,0.0,0.0,11.0
30e03a25,116.0,165.0,2690.0,919.0,30.0,34.0,61.0,70.0,24.0,55.0,0,0.0,0.0,0.0,0.0,3.0,0.0,0.0,5.0
53de807a,56.0,65.0,861.0,351.0,28.0,32.0,24.0,29.0,2.0,2.0,0,0.0,0.0,0.0,0.0,6.0,0.0,0.0,10.0
cbeed9e6,6.0,9.0,83.0,2.0,5.0,6.0,1.0,1.0,0.0,0.0,0,0.0,0.0,0.0,0.0,0.0,1.0,0.0,1.0
67b054d1,203.0,258.0,3819.0,1650.0,80.0,87.0,102.0,117.0,18.0,40.0,0,0.0,0.1,0.0,0.0,23.0,2.0,0.0,27.0
e150254d,40.0,60.0,695.0,179.0,20.0,24.0,10.0,17.0,7.0,11.0,0,0.1,0.1,-0.1,2.0,3.0,0.0,0.0,5.0
89f951b5,103.0,128.0,1872.0,580.0,50.0,54.0,39.0,48.0,13.0,23.0,0,0.1,0.2,-0.1,3.0,14.0,3.0,0.0,20.0
7483d9f9,341.0,408.0,6546.0,2986.0,118.0,129.0,183.0,194.0,35.0,73.0,0,0.1,0.1,-0.1,1.0,21.0,1.0,0.0,20.0
466fb2c5,45.0,68.0,1400.0,1112.0,9.0,9.0,20.0,20.0,16.0,39.0,0,0.0,0.0,0.0,0.0,3.0,0.0,0.0,0.0
3423f250,43.0,68.0,645.0,229.0,25.0,28.0,10.0,18.0,4.0,10.0,0,0.2,0.5,-0.2,1.0,3.0,4.0,0.0,8.0
9937ce4a,87.0,127.0,1060.0,164.0,59.0,78.0,17.0,23.0,3.0,7.0,1,0.4,0.4,0.6,4.0,6.0,0.0,0.0,4.0
a1d5bd30,114.0,146.0,1648.0,301.0,72.0,86.0,31.0,39.0,6.0,8.0,1,0.9,0.8,0.1,10.0,4.0,6.0,0.0,11.0
6c249ea7,122.0,161.0,1892.0,726.0,65.0,73.0,50.0,70.0,5.0,10.0,0,0.0,0.1,0.0,1.0,5.0,1.0,0.0,8.0
92d6bdc9,1.0,1.0,26.0,0.0,0.0,0.0,1.0,1.0,0.0,0.0,0,0.0,0.0,0.0,0.0,0.0,0.0,0.0,0.0
ae1159bf,69.0,71.0,1265.0,414.0,25.0,26.0,40.0,40.0,4.0,5.0,0,0.0,0.0,0.0,0.0,1.0,0.0,0.0,2.0
374ee424,164.0,207.0,4420.0,3231.0,41.0,41.0,69.0,71.0,54.0,95.0,0,0.0,0.0,0.0,0.0,0.0,0.0,0.0,0.0
c5cbbcff,106.0,122.0,1827.0,428.0,47.0,49.0,50.0,57.0,9.0,12.0,0,0.0,0.1,0.0,0.0,9.0,1.0,0.0,14.0
4bd00a50,148.0,166.0,2785.0,791.0,55.0,58.0,78.0,90.0,14.0,16.0,0,0.0,0.0,0.0,0.0,3.0,0.0,0.0,10.0
ba6d9ff6,75.0,105.0,999.0,288.0,48.0,56.0,16.0,27.0,4.0,6.0,2,0.6,0.3,1.4,8.0,7.0,3.0,0.0,12.0
d9ba39fc,229.0,280.0,3857.0,1457.0,100.0,111.0,110.0,132.0,15.0,25.0,0,0.3,0.5,-0.3,4.0,19.0,7.0,1.0,26.0
572498c7,51.0,70.0,677.0,214.0,31.0,35.0,15.0,20.0,2.0,7.0,0,0.0,0.1,0.0,1.0,1.0,2.0,0.0,3.0
6ff91a3a,30.0,37.0,553.0,80.0,12.0,14.0,14.0,17.0,3.0,5.0,0,0.0,0.0,0.0,1.0,2.0,0.0,0.0,4.0
335fa267,52.0,64.0,689.0,156.0,29.0,34.0,13.0,14.0,3.0,3.0,0,0.2,0.1,-0.2,4.0,3.0,1.0,0.0,6.0
4dedd469,183.0,254.0,3103.0,1293.0,90.0,107.0,73.0,96.0,14.0,36.0,0,0.5,0.5,-0.5,9.0,18.0,6.0,4.0,27.0
8d62d31a,200.0,234.0,4159.0,1189.0,41.0,49.0,128.0,142.0,27.0,36.0,0,0.0,0.0,0.0,0.0,14.0,0.0,0.0,15.0
85bed4ee,191.0,221.0,2956.0,678.0,103.0,112.0,64.0,75.0,15.0,18.0,2,0.5,0.5,1.5,6.0,16.0,8.0,1.0,24.0
2ab7149e,45.0,50.0,823.0,335.0,15.0,15.0,28.0,29.0,2.0,6.0,0,0.0,0.0,0.0,0.0,0.0,0.0,0.0,1.0
149895bf,21.0,30.0,274.0,90.0,11.0,13.0,7.0,10.0,1.0,1.0,0,0.7,0.3,-0.7,1.0,0.0,4.0,0.0,6.0
34e393f2,139.0,152.0,2372.0,604.0,62.0,67.0,48.0,53.0,19.0,22.0,0,0.2,0.1,-0.2,3.0,12.0,1.0,0.0,13.0
55e81c76,66.0,72.0,937.0,305.0,40.0,41.0,22.0,24.0,2.0,3.0,0,0.1,0.0,-0.1,1.0,5.0,1.0,0.0,10.0
ac4961c8,39.0,56.0,653.0,305.0,18.0,22.0,13.0,17.0,4.0,5.0,1,0.9,0.9,0.1,5.0,7.0,3.0,2.0,11.0
3ead85f9,265.0,288.0,4667.0,1984.0,114.0,117.0,126.0,132.0,19.0,32.0,0,0.0,0.1,0.0,0.0,20.0,2.0,0.0,13.0
fef20ac5,44.0,50.0,818.0,244.0,20.0,23.0,19.0,20.0,5.0,5.0,0,0.0,0.0,0.0,0.0,7.0,0.0,0.0,7.0
ca6edaa0,18.0,20.0,218.0,16.0,10.0,10.0,6.0,6.0,0.0,0.0,0,0.0,0.0,0.0,0.0,0.0,0.0,0.0,0.0
dea698d9,149.0,178.0,1885.0,317.0,101.0,116.0,33.0,39.0,7.0,9.0,2,1.7,0.6,0.3,6.0,12.0,7.0,0.0,23.0
81069528,142.0,199.0,2712.0,1021.0,57.0,69.0,63.0,74.0,20.0,47.0,1,0.8,0.1,0.2,3.0,13.0,3.0,2.0,20.0
a81dba8c,89.0,108.0,1403.0,331.0,54.0,56.0,24.0,28.0,10.0,16.0,2,0.9,0.5,1.1,6.0,12.0,3.0,0.0,12.0
13203c45,28.0,39.0,514.0,199.0,12.0,13.0,10.0,15.0,6.0,8.0,0,0.1,0.2,-0.1,1.0,2.0,4.0,2.0,5.0
a55d8df5,304.0,373.0,4931.0,1724.0,167.0,181.0,95.0,119.0,31.0,54.0,0,0.1,0.4,-0.1,4.0,23.0,7.0,0.0,35.0
6cbf8d0d,69.0,98.0,825.0,104.0,48.0,60.0,14.0,19.0,1.0,5.0,0,0.1,0.2,-0.1,2.0,4.0,0.0,0.0,4.0
b3dc6eca,139.0,149.0,2596.0,1124.0,49.0,51.0,77.0,78.0,12.0,18.0,0,0.0,0.0,0.0,0.0,2.0,0.0,0.0,6.0
625c144a,47.0,57.0,1135.0,818.0,7.0,7.0,32.0,32.0,8.0,18.0,0,0.0,0.0,0.0,0.0,0.0,0.0,0.0,1.0
009a4f60,117.0,180.0,2129.0,800.0,57.0,75.0,45.0,63.0,14.0,28.0,0,0.4,0.5,-0.4,5.0,4.0,7.0,5.0,9.0
a70b8345,190.0,285.0,5654.0,4672.0,35.0,36.0,90.0,91.0,64.0,157.0,0,0.0,0.0,0.0,0.0,2.0,0.0,0.0,0.0
fbbb9269,24.0,27.0,329.0,54.0,15.0,15.0,8.0,9.0,0.0,2.0,1,0.5,0.4,0.5,1.0,3.0,1.0,1.0,2.0
686cbe7d,6.0,8.0,68.0,8.0,2.0,2.0,3.0,4.0,0.0,0.0,0,0.0,0.0,0.0,0.0,1.0,0.0,0.0,0.0
595ccab1,174.0,229.0,5129.0,3960.0,19.0,19.0,95.0,98.0,60.0,111.0,0,0.0,0.0,0.0,1.0,5.0,0.0,0.0,0.0
3ec9f005,107.0,126.0,1458.0,290.0,65.0,69.0,34.0,44.0,3.0,5.0,0,0.3,0.6,-0.3,5.0,6.0,2.0,1.0,9.0
bc7dc64d,86.0,107.0,1473.0,366.0,44.0,51.0,30.0,38.0,11.0,15.0,0,0.9,1.0,-0.9,8.0,5.0,4.0,0.0,11.0
cad3fd4d,19.0,22.0,259.0,74.0,14.0,14.0,4.0,5.0,1.0,2.0,0,0.1,0.0,-0.1,1.0,1.0,2.0,0.0,3.0
972aeb2a,176.0,193.0,3408.0,1278.0,67.0,73.0,86.0,89.0,22.0,30.0,0,0.0,0.0,0.0,0.0,4.0,0.0,0.0,7.0
218e344d,94.0,111.0,1849.0,273.0,33.0,37.0,40.0,42.0,17.0,24.0,0,0.0,0.0,0.0,1.0,9.0,0.0,0.0,8.0
bf075f6b,5.0,11.0,53.0,22.0,3.0,3.0,1.0,3.0,0.0,1.0,0,0.0,0.0,0.0,0.0,0.0,0.0,0.0,0.0
f6af14b0,110.0,143.0,1526.0,300.0,62.0,74.0,38.0,46.0,4.0,10.0,1,0.3,0.2,0.7,3.0,11.0,2.0,0.0,18.0
4736039a,13.0,17.0,193.0,41.0,6.0,7.0,6.0,7.0,0.0,0.0,0,0.8,0.4,-0.8,3.0,0.0,0.0,0.0,1.0
1b4f1169,298.0,324.0,5235.0,1602.0,121.0,131.0,147.0,153.0,22.0,30.0,0,0.4,0.7,-0.4,4.0,29.0,7.0,0.0,37.0
5d873dfb,346.0,412.0,5884.0,1548.0,163.0,183.0,151.0,166.0,24.0,42.0,0,0.0,0.1,0.0,0.0,17.0,0.0,0.0,19.0
dbf053da,131.0,151.0,1686.0,266.0,88.0,98.0,36.0,42.0,5.0,7.0,0,0.9,1.0,-0.9,8.0,3.0,9.0,0.0,13.0
0d82903c,171.0,189.0,2788.0,954.0,82.0,86.0,73.0,80.0,11.0,17.0,0,0.2,0.2,-0.2,3.0,27.0,1.0,0.0,12.0
bced0375,220.0,263.0,3561.0,1261.0,103.0,117.0,93.0,103.0,15.0,25.0,1,0.3,0.5,0.7,6.0,23.0,3.0,0.0,31.0
466824fb,55.0,75.0,821.0,142.0,32.0,34.0,20.0,26.0,2.0,8.0,0,0.0,0.1,0.0,0.0,3.0,0.0,0.0,3.0
90d7dda6,69.0,85.0,1109.0,383.0,32.0,36.0,31.0,36.0,4.0,6.0,0,0.0,0.0,0.0,0.0,4.0,1.0,0.0,5.0
5e22e2a4,125.0,144.0,2350.0,568.0,50.0,58.0,57.0,59.0,17.0,24.0,0,0.1,0.1,-0.1,4.0,15.0,1.0,0.0,15.0
086d7db3,6.0,12.0,116.0,33.0,3.0,7.0,2.0,3.0,1.0,2.0,0,0.0,0.0,0.0,0.0,1.0,0.0,0.0,2.0
a6ee4f55,95.0,119.0,1470.0,312.0,55.0,55.0,34.0,43.0,5.0,16.0,1,0.4,0.4,0.6,2.0,3.0,2.0,1.0,8.0
04f661ea,13.0,15.0,232.0,80.0,5.0,6.0,5.0,5.0,2.0,3.0,0,0.1,0.2,-0.1,2.0,0.0,1.0,0.0,2.0
33591ff0,29.0,50.0,403.0,101.0,18.0,23.0,8.0,12.0,1.0,9.0,0,0.0,0.1,0.0,0.0,3.0,1.0,0.0,4.0
4315f30d,177.0,197.0,4081.0,1496.0,28.0,32.0,120.0,128.0,29.0,35.0,0,0.0,0.1,0.0,0.0,21.0,1.0,0.0,24.0
fe6e7156,20.0,21.0,349.0,124.0,11.0,11.0,6.0,6.0,3.0,3.0,0,0.0,0.2,0.0,0.0,0.0,3.0,1.0,4.0
52afb588,25.0,43.0,305.0,76.0,14.0,19.0,5.0,10.0,1.0,2.0,0,0.2,0.1,-0.2,2.0,2.0,0.0,0.0,4.0
049751d7,71.0,88.0,1138.0,217.0,43.0,51.0,22.0,27.0,6.0,7.0,0,0.0,0.1,0.0,1.0,5.0,2.0,0.0,7.0
5d4f7d61,15.0,19.0,165.0,25.0,11.0,15.0,3.0,3.0,0.0,0.0,0,0.0,0.0,0.0,0.0,1.0,0.0,0.0,1.0
f6bdc830,36.0,43.0,847.0,388.0,13.0,15.0,16.0,17.0,7.0,10.0,0,0.1,0.1,-0.1,1.0,2.0,1.0,0.0,3.0
1c341b14,15.0,29.0,254.0,97.0,8.0,9.0,5.0,11.0,2.0,8.0,0,0.1,0.2,-0.1,1.0,1.0,0.0,0.0,1.0
28c6e925,67.0,88.0,940.0,246.0,42.0,49.0,20.0,23.0,3.0,10.0,0,0.4,0.4,-0.4,6.0,5.0,3.0,0.0,6.0
57d9707f,22.0,30.0,326.0,91.0,13.0,18.0,9.0,10.0,0.0,1.0,0,0.1,0.1,-0.1,2.0,0.0,3.0,0.0,3.0
830a34ec,1.0,5.0,18.0,0.0,0.0,2.0,1.0,3.0,0.0,0.0,0,0.0,0.0,0.0,0.0,0.0,0.0,0.0,0.0
4db2157a,189.0,233.0,3458.0,808.0,80.0,85.0,73.0,87.0,29.0,49.0,1,0.3,0.2,0.7,5.0,11.0,1.0,0.0,20.0
7a2cf111,328.0,437.0,5638.0,2121.0,141.0,156.0,149.0,190.0,28.0,63.0,1,0.6,0.5,0.4,8.0,28.0,7.0,4.0,34.0
03e7a498,37.0,44.0,649.0,141.0,13.0,17.0,20.0,21.0,2.0,2.0,0,0.0,0.1,0.0,0.0,1.0,0.0,0.0,1.0
3260690c,1.0,2.0,8.0,5.0,1.0,2.0,0.0,0.0,0.0,0.0,0,0.0,0.0,0.0,0.0,0.0,1.0,0.0,1.0
d3aaad90,119.0,158.0,2089.0,708.0,56.0,67.0,48.0,61.0,12.0,20.0,0,0.6,0.7,-0.6,4.0,7.0,3.0,2.0,11.0
17e3e467,14.0,20.0,175.0,24.0,6.0,7.0,4.0,5.0,1.0,2.0,0,0.0,0.0,0.0,0.0,0.0,0.0,0.0,0.0
9c94165b,233.0,287.0,3464.0,1325.0,135.0,151.0,81.0,95.0,12.0,26.0,1,0.7,1.1,0.3,5.0,21.0,8.0,0.0,21.0
a81ed730,151.0,174.0,2388.0,627.0,73.0,81.0,57.0,64.0,11.0,16.0,0,0.1,0.2,-0.1,3.0,13.0,2.0,0.0,21.0
14a04bea,66.0,102.0,830.0,253.0,44.0,59.0,12.0,22.0,3.0,5.0,0,0.2,0.5,-0.2,3.0,6.0,4.0,1.0,5.0
57469b2d,5.0,10.0,56.0,12.0,5.0,8.0,0.0,2.0,0.0,0.0,0,0.1,0.0,-0.1,2.0,1.0,0.0,0.0,1.0
b9392438,108.0,131.0,2067.0,518.0,42.0,47.0,47.0,58.0,16.0,21.0,0,0.0,0.0,0.0,0.0,8.0,0.0,0.0,11.0
b69dfb42,153.0,197.0,4302.0,2893.0,22.0,22.0,82.0,82.0,48.0,92.0,0,0.0,0.0,0.0,0.0,0.0,0.0,0.0,0.0
03998238,7.0,13.0,109.0,16.0,3.0,5.0,4.0,7.0,0.0,1.0,0,0.0,0.0,0.0,0.0,0.0,1.0,0.0,1.0
313254a3,133.0,199.0,2544.0,851.0,62.0,79.0,50.0,75.0,19.0,38.0,0,0.1,0.1,-0.1,3.0,11.0,1.0,0.0,10.0
0eb83e1a,82.0,109.0,1348.0,406.0,47.0,59.0,23.0,30.0,10.0,18.0,1,1.4,0.8,-0.4,12.0,7.0,5.0,2.0,8.0
30af8b93,394.0,537.0,6493.0,2623.0,203.0,223.0,145.0,194.0,31.0,92.0,1,0.4,1.0,0.6,5.0,45.0,14.0,7.0,53.0
e2716bd0,88.0,106.0,1421.0,292.0,46.0,55.0,35.0,36.0,6.0,7.0,0,0.1,0.1,-0.1,2.0,11.0,1.0,0.0,14.0
e7aa9d7c,8.0,15.0,108.0,45.0,7.0,10.0,0.0,2.0,1.0,1.0,0,0.4,0.1,-0.4,3.0,1.0,0.0,0.0,1.0
ea83bfa6,27.0,28.0,550.0,390.0,9.0,9.0,15.0,15.0,3.0,4.0,0,0.0,0.0,0.0,0.0,0.0,0.0,0.0,0.0
5f3eaaf5,93.0,140.0,1514.0,444.0,44.0,57.0,34.0,51.0,10.0,15.0,0,0.3,0.4,-0.3,7.0,6.0,5.0,3.0,9.0
da4d670f,142.0,179.0,1913.0,405.0,78.0,88.0,48.0,58.0,5.0,12.0,1,0.5,0.6,0.5,5.0,12.0,8.0,1.0,16.0
f91fa277,1.0,1.0,15.0,0.0,1.0,1.0,0.0,0.0,0.0,0.0,0,0.0,0.0,0.0,0.0,0.0,0.0,0.0,0.0
36a6f28d,150.0,164.0,2395.0,557.0,78.0,82.0,48.0,51.0,16.0,16.0,0,0.1,0.1,-0.1,4.0,12.0,1.0,0.0,10.0
c6cf860f,14.0,24.0,223.0,112.0,7.0,8.0,6.0,13.0,1.0,3.0,0,0.0,0.0,0.0,0.0,1.0,0.0,0.0,2.0
2acd49b9,158.0,197.0,2262.0,622.0,96.0,108.0,46.0,56.0,7.0,19.0,0,0.0,0.2,0.0,1.0,14.0,3.0,0.0,23.0
fd9c4805,92.0,111.0,1885.0,340.0,45.0,50.0,29.0,34.0,17.0,20.0,0,0.1,0.1,-0.1,1.0,5.0,1.0,0.0,7.0
65857fdf,11.0,15.0,144.0,49.0,6.0,8.0,3.0,4.0,1.0,1.0,0,0.0,0.1,0.0,0.0,0.0,1.0,0.0,1.0
b6964eb6,293.0,326.0,5681.0,1806.0,85.0,96.0,178.0,189.0,26.0,36.0,0,0.5,0.8,-0.5,2.0,8.0,0.0,0.0,8.0
839c14e1,2.0,3.0,47.0,26.0,1.0,2.0,0.0,0.0,1.0,1.0,0,0.2,0.1,-0.2,1.0,0.0,1.0,1.0,0.0
59671448,132.0,164.0,1880.0,557.0,78.0,86.0,46.0,60.0,6.0,8.0,0,0.3,0.2,-0.3,3.0,4.0,2.0,1.0,3.0
5fa714d5,91.0,111.0,1407.0,342.0,48.0,54.0,33.0,38.0,7.0,15.0,0,0.0,0.0,0.0,0.0,4.0,0.0,0.0,5.0
78f13530,111.0,162.0,2007.0,454.0,53.0,67.0,43.0,64.0,12.0,19.0,1,0.8,0.7,0.2,7.0,6.0,6.0,3.0,14.0
0670ee51,102.0,110.0,2019.0,623.0,34.0,35.0,55.0,58.0,12.0,15.0,0,0.1,0.0,-0.1,1.0,7.0,0.0,0.0,6.0
c13ddd3e,8.0,9.0,99.0,24.0,5.0,5.0,3.0,3.0,0.0,0.0,0,0.0,0.0,0.0,0.0,0.0,0.0,0.0,1.0
9bc9a519,108.0,133.0,1872.0,349.0,45.0,56.0,57.0,66.0,5.0,7.0,0,0.1,0.1,-0.1,2.0,10.0,2.0,0.0,11.0
3626daea,176.0,233.0,2681.0,891.0,104.0,120.0,57.0,76.0,11.0,21.0,1,0.3,0.6,0.7,3.0,7.0,9.0,2.0,14.0
cf8ef0a1,73.0,96.0,1097.0,407.0,41.0,47.0,23.0,33.0,5.0,9.0,0,0.0,0.0,0.0,1.0,3.0,2.0,0.0,11.0
90339309,155.0,163.0,2861.0,928.0,58.0,62.0,84.0,85.0,12.0,13.0,0,0.0,0.0,0.0,0.0,7.0,0.0,0.0,5.0
ee3519f5,68.0,88.0,1099.0,281.0,34.0,41.0,26.0,32.0,6.0,8.0,0,0.0,0.0,0.0,1.0,3.0,0.0,0.0,5.0
f91e81c9,293.0,337.0,4496.0,1419.0,152.0,165.0,119.0,129.0,13.0,20.0,0,0.1,0.2,-0.1,3.0,20.0,2.0,1.0,16.0
1e1378e1,66.0,88.0,1045.0,285.0,33.0,41.0,29.0,35.0,3.0,7.0,0,0.0,0.1,0.0,1.0,8.0,1.0,0.0,7.0
a793f5a8,140.0,156.0,2377.0,762.0,75.0,79.0,44.0,50.0,16.0,18.0,0,0.1,0.3,-0.1,2.0,10.0,4.0,1.0,12.0
a62f8bf1,34.0,49.0,517.0,119.0,22.0,23.0,8.0,13.0,3.0,7.0,2,0.2,0.2,1.8,4.0,3.0,1.0,1.0,3.0
4e219ad2,25.0,28.0,378.0,104.0,14.0,14.0,9.0,10.0,2.0,2.0,0,0.1,0.2,-0.1,3.0,5.0,2.0,1.0,5.0
9614b550,216.0,273.0,4809.0,1524.0,41.0,56.0,138.0,155.0,32.0,52.0,0,0.0,0.1,0.0,1.0,14.0,0.0,0.0,16.0
bcf5058a,24.0,29.0,652.0,532.0,7.0,7.0,11.0,11.0,6.0,11.0,0,0.0,0.0,0.0,0.0,1.0,0.0,0.0,0.0
c71e97ba,264.0,322.0,4291.0,1073.0,122.0,127.0,121.0,131.0,11.0,39.0,0,0.0,0.4,0.0,1.0,18.0,1.0,0.0,17.0
4d0be953,58.0,74.0,972.0,321.0,28.0,33.0,24.0,30.0,5.0,9.0,0,0.0,0.0,0.0,1.0,4.0,1.0,0.0,5.0
3d62c18b,183.0,223.0,3359.0,954.0,66.0,74.0,104.0,113.0,12.0,29.0,0,0.0,0.0,0.0,0.0,4.0,0.0,0.0,12.0
50ff205b,329.0,390.0,6856.0,2918.0,92.0,101.0,187.0,199.0,45.0,82.0,0,0.3,0.9,-0.3,3.0,28.0,1.0,0.0,22.0
01b8a2b2,33.0,43.0,737.0,424.0,8.0,8.0,18.0,18.0,7.0,17.0,0,0.0,0.0,0.0,0.0,0.0,0.0,0.0,0.0
bb718263,72.0,108.0,1010.0,399.0,43.0,53.0,20.0,30.0,6.0,12.0,1,1.0,0.7,0.0,9.0,7.0,7.0,1.0,14.0
e92cd3f7,62.0,85.0,803.0,104.0,40.0,48.0,13.0,19.0,3.0,4.0,1,0.2,0.2,0.8,4.0,1.0,1.0,0.0,6.0
2475dcc6,58.0,86.0,994.0,307.0,29.0,35.0,16.0,28.0,10.0,14.0,0,0.6,1.0,-0.6,10.0,3.0,5.0,4.0,10.0
bd142efb,132.0,145.0,2307.0,867.0,56.0,57.0,72.0,76.0,4.0,10.0,0,0.0,0.0,0.0,0.0,0.0,0.0,0.0,1.0
31139973,14.0,19.0,396.0,338.0,1.0,1.0,8.0,9.0,5.0,9.0,0,0.0,0.0,0.0,0.0,0.0,0.0,0.0,0.0
a0f9b535,235.0,260.0,3930.0,1017.0,118.0,128.0,82.0,84.0,27.0,30.0,0,0.2,0.3,-0.2,3.0,22.0,5.0,0.0,38.0
031ebd52,15.0,20.0,247.0,51.0,9.0,12.0,5.0,6.0,1.0,1.0,0,0.0,0.0,0.0,0.0,0.0,0.0,0.0,0.0
90def3ab,17.0,20.0,279.0,100.0,9.0,11.0,8.0,8.0,0.0,1.0,0,0.0,0.0,0.0,0.0,3.0,0.0,0.0,3.0
a73c8f95,130.0,156.0,2447.0,826.0,48.0,51.0,70.0,79.0,11.0,25.0,0,0.0,0.0,0.0,0.0,7.0,0.0,0.0,4.0
ad9b2747,144.0,166.0,2603.0,631.0,62.0,68.0,74.0,82.0,8.0,15.0,0,0.0,0.1,0.0,0.0,16.0,1.0,0.0,17.0
7bf8ad6c,86.0,140.0,1350.0,412.0,48.0,64.0,28.0,41.0,8.0,21.0,1,1.1,0.5,-0.1,7.0,5.0,7.0,2.0,15.0
e73c9bb2,50.0,54.0,924.0,272.0,22.0,22.0,22.0,25.0,5.0,5.0,0,0.0,0.0,0.0,0.0,6.0,0.0,0.0,5.0
2ca35213,81.0,102.0,1518.0,777.0,34.0,42.0,39.0,43.0,7.0,14.0,0,0.0,0.0,0.0,0.0,6.0,0.0,0.0,3.0
6f51e382,84.0,90.0,2103.0,1398.0,18.0,18.0,38.0,39.0,28.0,33.0,0,0.0,0.0,0.0,0.0,0.0,0.0,0.0,0.0
bd2f622a,13.0,17.0,174.0,30.0,9.0,10.0,3.0,3.0,1.0,2.0,0,0.0,0.0,0.0,0.0,1.0,0.0,0.0,2.0
5148dcc5,114.0,163.0,1748.0,574.0,66.0,80.0,38.0,56.0,8.0,11.0,1,1.4,0.7,-0.4,7.0,14.0,9.0,1.0,22.0
efc33b33,0.0,0.0,0.0,0.0,0.0,0.0,0.0,0.0,0.0,0.0,0,0.0,0.0,0.0,0.0,0.0,0.0,0.0,0.0
5c26ca51,316.0,424.0,5382.0,1521.0,169.0,189.0,86.0,115.0,45.0,76.0,2,1.2,0.9,0.8,11.0,38.0,9.0,2.0,53.0
82e9b1bb,228.0,249.0,4769.0,1801.0,65.0,66.0,128.0,136.0,34.0,44.0,0,0.1,0.1,-0.1,3.0,16.0,0.0,0.0,8.0
df8d6029,210.0,248.0,3969.0,1630.0,82.0,87.0,101.0,120.0,25.0,35.0,0,0.0,0.1,0.0,0.0,20.0,2.0,0.0,26.0
dc45ac24,46.0,69.0,582.0,66.0,23.0,28.0,17.0,21.0,1.0,5.0,0,0.6,0.6,-0.6,7.0,1.0,1.0,0.0,3.0
1d2c3e5e,111.0,142.0,1645.0,362.0,61.0,69.0,37.0,48.0,7.0,15.0,1,0.1,0.2,0.9,1.0,10.0,0.0,0.0,12.0
d1b49282,31.0,60.0,371.0,120.0,22.0,36.0,8.0,14.0,0.0,2.0,0,0.0,0.3,0.0,0.0,2.0,1.0,0.0,3.0
fce2302c,302.0,370.0,5860.0,1861.0,105.0,116.0,163.0,182.0,32.0,57.0,1,0.4,0.7,0.6,4.0,36.0,9.0,2.0,37.0
6e44569a,102.0,129.0,1563.0,399.0,54.0,64.0,35.0,42.0,7.0,9.0,2,0.3,0.3,1.7,7.0,11.0,1.0,0.0,13.0
41034650,194.0,209.0,3309.0,1137.0,79.0,86.0,109.0,114.0,5.0,7.0,0,0.0,0.1,0.0,0.0,18.0,0.0,0.0,18.0
803e7aca,177.0,201.0,2834.0,890.0,87.0,96.0,73.0,80.0,11.0,14.0,0,0.2,0.2,-0.2,4.0,24.0,4.0,0.0,28.0
a919be14,24.0,31.0,260.0,56.0,17.0,21.0,6.0,7.0,0.0,1.0,0,0.0,0.0,0.0,1.0,1.0,1.0,0.0,3.0
2794a536,12.0,17.0,177.0,47.0,6.0,6.0,5.0,5.0,0.0,3.0,0,0.0,0.0,0.0,0.0,0.0,0.0,0.0,1.0
de4fe7a2,39.0,55.0,584.0,74.0,22.0,26.0,14.0,22.0,3.0,5.0,0,0.0,0.0,0.0,0.0,1.0,1.0,0.0,2.0
5ceba7fc,38.0,52.0,600.0,134.0,21.0,26.0,12.0,16.0,4.0,5.0,0,0.2,0.1,-0.2,3.0,7.0,0.0,0.0,4.0
b3af9be1,256.0,293.0,4801.0,1167.0,102.0,112.0,125.0,137.0,27.0,36.0,1,0.3,0.5,0.7,3.0,43.0,5.0,1.0,39.0
6aafdc27,201.0,247.0,4243.0,1031.0,53.0,63.0,114.0,129.0,30.0,47.0,0,0.0,0.7,0.0,1.0,7.0,1.0,0.0,8.0
7c106fcf,15.0,18.0,221.0,31.0,11.0,11.0,3.0,4.0,1.0,1.0,0,0.1,0.0,-0.1,1.0,1.0,1.0,1.0,1.0
ed1cc44a,323.0,380.0,6932.0,2502.0,73.0,87.0,209.0,224.0,39.0,61.0,0,0.0,0.1,0.0,1.0,33.0,0.0,0.0,27.0
9e1035f8,8.0,13.0,213.0,74.0,1.0,3.0,4.0,5.0,3.0,5.0,0,0.1,0.3,-0.1,1.0,0.0,1.0,1.0,0.0
58a9a4d9,56.0,74.0,969.0,243.0,28.0,35.0,21.0,24.0,6.0,10.0,1,0.1,0.1,0.9,2.0,8.0,2.0,1.0,13.0
f9edc384,102.0,153.0,1766.0,539.0,43.0,65.0,51.0,68.0,6.0,12.0,1,0.1,0.5,0.9,3.0,7.0,8.0,1.0,15.0
de488e56,30.0,41.0,461.0,157.0,18.0,19.0,11.0,17.0,1.0,5.0,0,0.0,0.0,0.0,1.0,1.0,0.0,0.0,2.0
a4b1028a,124.0,151.0,2102.0,861.0,54.0,57.0,63.0,73.0,7.0,16.0,0,0.7,0.3,-0.7,3.0,13.0,4.0,1.0,12.0
9d21da85,399.0,444.0,7958.0,3238.0,120.0,132.0,224.0,237.0,50.0,70.0,0,0.0,0.1,0.0,0.0,21.0,1.0,0.0,27.0
3ae14ed1,167.0,196.0,2135.0,405.0,101.0,107.0,48.0,58.0,4.0,7.0,2,1.2,1.3,0.8,12.0,6.0,8.0,1.0,15.0
5d4e9f31,53.0,65.0,948.0,182.0,28.0,31.0,19.0,23.0,6.0,10.0,0,0.2,0.1,-0.2,1.0,5.0,1.0,0.0,8.0
056d2d95,191.0,280.0,3711.0,1730.0,87.0,102.0,74.0,97.0,30.0,71.0,0,1.0,1.4,-1.0,12.0,16.0,10.0,8.0,22.0
77e39b04,17.0,23.0,208.0,54.0,12.0,14.0,3.0,5.0,1.0,2.0,0,0.0,0.0,0.0,1.0,1.0,0.0,0.0,2.0
41f0b196,67.0,88.0,1840.0,1256.0,12.0,12.0,36.0,36.0,19.0,40.0,0,0.0,0.0,0.0,0.0,1.0,0.0,0.0,0.0
5d0e0a1f,167.0,223.0,2664.0,583.0,84.0,97.0,71.0,92.0,8.0,22.0,1,0.4,0.2,0.6,4.0,15.0,3.0,0.0,11.0
f7e87032,143.0,212.0,1994.0,616.0,76.0,96.0,42.0,71.0,10.0,18.0,0,0.6,0.7,-0.6,3.0,11.0,8.0,3.0,19.0
3fa66cb2,17.0,20.0,286.0,74.0,6.0,6.0,10.0,11.0,1.0,3.0,0,0.0,0.0,0.0,0.0,1.0,0.0,0.0,2.0
4a51ba65,98.0,134.0,2730.0,1912.0,19.0,20.0,41.0,43.0,36.0,68.0,0,0.0,0.0,0.0,0.0,4.0,0.0,0.0,0.0
068f4dec,53.0,66.0,1006.0,151.0,30.0,33.0,14.0,18.0,9.0,13.0,0,0.0,0.1,0.0,2.0,4.0,0.0,0.0,3.0
3b996663,123.0,153.0,1956.0,593.0,56.0,61.0,53.0,60.0,8.0,19.0,1,0.3,0.3,0.7,3.0,7.0,4.0,3.0,8.0
9052e98c,51.0,74.0,1352.0,939.0,10.0,10.0,25.0,26.0,16.0,38.0,0,0.2,0.0,-0.2,1.0,3.0,0.0,0.0,0.0
c9817014,102.0,118.0,1856.0,388.0,40.0,45.0,54.0,56.0,8.0,15.0,0,0.0,0.1,0.0,1.0,4.0,1.0,0.0,7.0
1df4a109,178.0,209.0,3207.0,893.0,76.0,90.0,83.0,88.0,18.0,25.0,0,0.1,0.1,-0.1,1.0,17.0,0.0,0.0,16.0
a2d873dd,37.0,58.0,715.0,113.0,16.0,23.0,16.0,23.0,5.0,6.0,0,0.0,0.0,0.0,0.0,3.0,1.0,0.0,4.0
1a799243,89.0,119.0,1461.0,572.0,42.0,46.0,38.0,49.0,8.0,15.0,0,0.6,0.4,-0.6,1.0,4.0,1.0,1.0,12.0
bf25cb29,15.0,18.0,256.0,77.0,8.0,9.0,6.0,6.0,1.0,1.0,0,0.0,0.0,0.0,0.0,2.0,0.0,0.0,2.0
cfd68aa7,83.0,134.0,1975.0,1314.0,17.0,17.0,51.0,52.0,15.0,65.0,0,0.0,0.0,0.0,0.0,0.0,0.0,0.0,0.0
63567ebc,179.0,228.0,2751.0,875.0,109.0,122.0,57.0,71.0,11.0,30.0,0,0.1,0.1,-0.1,2.0,11.0,1.0,0.0,13.0
7b456af7,54.0,71.0,1245.0,847.0,12.0,12.0,31.0,31.0,11.0,27.0,0,0.0,0.0,0.0,0.0,0.0,0.0,0.0,0.0
7a4cea18,11.0,14.0,170.0,94.0,5.0,6.0,3.0,4.0,1.0,1.0,0,0.0,0.0,0.0,1.0,1.0,0.0,0.0,2.0
fb485406,45.0,60.0,761.0,123.0,21.0,26.0,16.0,16.0,5.0,8.0,0,0.2,0.3,-0.2,2.0,2.0,5.0,2.0,5.0
2bf50b37,6.0,12.0,72.0,12.0,4.0,4.0,2.0,7.0,0.0,0.0,0,0.0,0.0,0.0,0.0,0.0,0.0,0.0,0.0
cf9bdd43,229.0,266.0,3526.0,1431.0,121.0,129.0,94.0,105.0,10.0,23.0,0,0.1,0.0,-0.1,2.0,14.0,0.0,0.0,10.0
7287ea6b,22.0,30.0,362.0,94.0,10.0,14.0,6.0,8.0,3.0,3.0,0,0.1,0.0,-0.1,2.0,3.0,1.0,0.0,4.0
ee45fd85,178.0,241.0,3020.0,1021.0,89.0,106.0,65.0,88.0,17.0,34.0,0,0.3,0.5,-0.3,3.0,15.0,3.0,1.0,20.0
d682f554,47.0,76.0,675.0,92.0,28.0,36.0,15.0,25.0,3.0,7.0,0,0.2,0.2,-0.2,3.0,1.0,3.0,1.0,4.0
9f8e9423,143.0,164.0,2538.0,852.0,54.0,63.0,74.0,79.0,13.0,18.0,0,0.0,0.2,0.0,1.0,13.0,1.0,0.0,16.0
44ac04e9,121.0,146.0,1773.0,423.0,64.0,75.0,48.0,58.0,3.0,3.0,1,0.7,0.5,0.3,2.0,9.0,2.0,0.0,11.0
173eb3cd,117.0,152.0,2069.0,589.0,46.0,56.0,54.0,64.0,13.0,22.0,1,0.4,0.3,0.6,1.0,9.0,5.0,0.0,16.0
18fae4ac,295.0,376.0,5806.0,1889.0,120.0,143.0,124.0,143.0,44.0,70.0,1,0.6,0.4,0.4,10.0,43.0,4.0,1.0,44.0
7cb9de24,323.0,373.0,6532.0,2062.0,99.0,106.0,181.0,201.0,40.0,63.0,0,0.0,0.0,0.0,0.0,6.0,0.0,0.0,12.0
e8ef59da,15.0,20.0,202.0,72.0,7.0,8.0,5.0,6.0,0.0,1.0,0,0.0,0.0,0.0,2.0,1.0,0.0,0.0,2.0
24baba9d,161.0,223.0,2894.0,949.0,81.0,96.0,58.0,78.0,21.0,37.0,0,0.2,0.1,-0.2,4.0,9.0,2.0,1.0,10.0
aa982b0f,145.0,176.0,2261.0,699.0,79.0,88.0,54.0,60.0,8.0,14.0,0,1.1,0.7,-1.1,13.0,20.0,10.0,1.0,40.0
731302dc,54.0,72.0,817.0,197.0,31.0,35.0,17.0,21.0,5.0,11.0,0,0.7,0.9,-0.7,7.0,1.0,3.0,2.0,5.0
6412cc03,179.0,212.0,3552.0,861.0,74.0,81.0,67.0,75.0,34.0,46.0,1,0.8,0.9,0.2,11.0,19.0,11.0,4.0,25.0
08eb3b58,127.0,155.0,2515.0,892.0,56.0,64.0,47.0,53.0,22.0,29.0,0,0.3,0.3,-0.3,3.0,14.0,1.0,1.0,10.0
74d4cec6,50.0,89.0,795.0,155.0,26.0,38.0,16.0,25.0,5.0,12.0,1,0.9,0.7,0.1,4.0,3.0,3.0,0.0,8.0
e4d5e2ae,12.0,22.0,143.0,29.0,5.0,12.0,5.0,7.0,0.0,0.0,0,0.0,0.0,0.0,0.0,1.0,0.0,0.0,2.0
d46d048f,76.0,99.0,1234.0,403.0,41.0,47.0,28.0,37.0,5.0,7.0,0,0.0,0.0,0.0,0.0,4.0,1.0,0.0,5.0
0412b9cd,16.0,21.0,206.0,8.0,8.0,9.0,7.0,10.0,0.0,0.0,0,0.1,0.0,-0.1,2.0,0.0,0.0,0.0,0.0
79443529,16.0,25.0,265.0,26.0,8.0,12.0,3.0,5.0,3.0,4.0,1,0.3,0.1,0.7,2.0,0.0,1.0,0.0,2.0
64f69877,39.0,63.0,548.0,180.0,20.0,27.0,11.0,18.0,3.0,5.0,0,0.4,0.1,-0.4,3.0,6.0,2.0,0.0,6.0
72f87f25,24.0,38.0,327.0,69.0,20.0,24.0,2.0,6.0,2.0,6.0,0,0.6,0.3,-0.6,3.0,1.0,3.0,1.0,2.0
d2795011,71.0,95.0,1140.0,465.0,45.0,48.0,19.0,23.0,7.0,17.0,0,0.1,0.0,-0.1,1.0,9.0,0.0,0.0,8.0
46a8347f,125.0,155.0,2391.0,653.0,54.0,64.0,52.0,61.0,17.0,23.0,0,0.0,0.1,0.0,0.0,3.0,2.0,1.0,7.0
e3d3fbeb,34.0,44.0,671.0,153.0,15.0,21.0,11.0,13.0,8.0,9.0,0,0.0,0.0,0.0,0.0,2.0,0.0,0.0,3.0
7d7660da,31.0,58.0,494.0,122.0,17.0,25.0,11.0,19.0,2.0,8.0,1,0.1,0.2,0.9,2.0,1.0,2.0,1.0,4.0
9e525177,62.0,82.0,941.0,386.0,37.0,42.0,20.0,26.0,4.0,8.0,0,0.2,0.4,-0.2,2.0,6.0,2.0,1.0,7.0
c4e87b8b,11.0,20.0,146.0,52.0,5.0,8.0,2.0,5.0,1.0,1.0,0,0.0,0.0,0.0,0.0,3.0,0.0,0.0,2.0
dd676a97,35.0,52.0,540.0,153.0,19.0,23.0,12.0,20.0,3.0,5.0,0,0.0,0.3,0.0,0.0,2.0,2.0,0.0,5.0
c1851bfd,268.0,306.0,5103.0,1078.0,96.0,108.0,142.0,153.0,27.0,36.0,0,0.0,0.1,0.0,1.0,17.0,3.0,0.0,19.0
35e413f1,123.0,142.0,2244.0,714.0,48.0,52.0,59.0,62.0,11.0,21.0,0,0.0,0.1,0.0,0.0,14.0,2.0,0.0,12.0
4876c9ab,38.0,45.0,571.0,155.0,23.0,26.0,11.0,14.0,3.0,4.0,0,0.0,0.0,0.0,1.0,2.0,0.0,0.0,5.0
eb58eef0,8.0,9.0,59.0,11.0,5.0,5.0,1.0,1.0,0.0,0.0,0,0.0,0.0,0.0,0.0,0.0,0.0,0.0,0.0
83300259,21.0,23.0,335.0,45.0,13.0,14.0,7.0,8.0,1.0,1.0,0,0.0,0.1,0.0,0.0,0.0,0.0,0.0,0.0
0362c29e,185.0,236.0,3223.0,1205.0,88.0,99.0,70.0,81.0,20.0,40.0,1,0.2,0.2,0.8,2.0,9.0,3.0,0.0,15.0
e7fcf289,124.0,146.0,1781.0,471.0,71.0,77.0,42.0,48.0,6.0,10.0,1,0.6,0.9,0.4,8.0,8.0,4.0,0.0,19.0
3f30f12a,204.0,252.0,3627.0,1075.0,86.0,94.0,91.0,105.0,23.0,39.0,0,0.0,0.1,0.0,1.0,12.0,2.0,1.0,13.0
6190474d,72.0,93.0,1061.0,163.0,38.0,43.0,26.0,38.0,5.0,7.0,1,0.6,0.6,0.4,7.0,6.0,2.0,2.0,8.0
b003239d,32.0,34.0,695.0,210.0,9.0,9.0,17.0,19.0,6.0,6.0,0,0.0,0.0,0.0,0.0,1.0,0.0,0.0,3.0
7b9ecf02,177.0,214.0,3496.0,1409.0,57.0,61.0,96.0,105.0,22.0,44.0,0,0.0,0.0,0.0,1.0,12.0,0.0,0.0,14.0
e61b8aee,221.0,256.0,3815.0,1018.0,104.0,117.0,101.0,111.0,13.0,19.0,0,0.8,0.9,-0.8,11.0,33.0,10.0,1.0,41.0
6510079f,55.0,72.0,1085.0,239.0,27.0,29.0,17.0,23.0,11.0,17.0,0,0.0,0.1,0.0,1.0,8.0,2.0,1.0,11.0
f5c8b425,54.0,66.0,702.0,142.0,30.0,34.0,16.0,21.0,2.0,2.0,0,0.0,0.1,0.0,1.0,4.0,1.0,0.0,5.0
ca3478f9,4.0,6.0,41.0,4.0,3.0,4.0,1.0,2.0,0.0,0.0,0,0.0,0.0,0.0,0.0,0.0,0.0,0.0,0.0
6c5af908,159.0,186.0,3039.0,1021.0,64.0,72.0,70.0,80.0,22.0,26.0,0,0.6,0.5,-0.6,3.0,13.0,4.0,0.0,20.0
f50a668a,110.0,137.0,2326.0,939.0,32.0,38.0,59.0,67.0,18.0,28.0,0,0.0,0.1,0.0,0.0,6.0,1.0,0.0,7.0
88968486,277.0,334.0,5742.0,1798.0,69.0,75.0,176.0,190.0,31.0,58.0,0,0.0,0.0,0.0,1.0,21.0,0.0,0.0,21.0
d85c238b,139.0,177.0,2082.0,502.0,79.0,88.0,44.0,58.0,10.0,18.0,1,0.3,0.9,0.7,5.0,8.0,11.0,1.0,23.0
47dbe004,72.0,113.0,1144.0,337.0,33.0,44.0,32.0,43.0,4.0,10.0,0,0.2,0.2,-0.2,3.0,11.0,2.0,0.0,14.0
38fc10d2,7.0,11.0,75.0,16.0,6.0,8.0,1.0,2.0,0.0,1.0,0,0.0,0.0,0.0,1.0,0.0,0.0,0.0,1.0
83e4643e,36.0,38.0,625.0,120.0,13.0,13.0,19.0,20.0,2.0,2.0,0,0.0,0.0,0.0,0.0,2.0,0.0,0.0,5.0
45191c29,222.0,322.0,4026.0,1425.0,106.0,126.0,84.0,112.0,29.0,64.0,0,0.3,0.4,-0.3,4.0,15.0,11.0,5.0,22.0
9907b1c8,34.0,47.0,496.0,101.0,21.0,26.0,10.0,13.0,1.0,1.0,1,0.7,0.6,0.3,3.0,4.0,3.0,0.0,6.0
eca2b6b8,23.0,34.0,356.0,54.0,12.0,15.0,8.0,12.0,1.0,3.0,0,0.0,0.0,0.0,0.0,3.0,0.0,0.0,3.0
51cf8561,16.0,21.0,250.0,99.0,6.0,7.0,8.0,10.0,1.0,1.0,0,0.0,0.0,0.0,0.0,2.0,0.0,0.0,0.0
4a1abff3,230.0,297.0,2967.0,766.0,152.0,186.0,58.0,70.0,7.0,10.0,0,0.7,1.0,-0.7,13.0,15.0,13.0,0.0,31.0
5c7845f6,141.0,158.0,3077.0,894.0,34.0,37.0,90.0,100.0,17.0,20.0,0,0.0,0.0,0.0,0.0,8.0,0.0,0.0,11.0
3ee0dd59,73.0,91.0,1155.0,480.0,40.0,44.0,26.0,32.0,6.0,10.0,0,0.0,0.0,0.0,0.0,6.0,0.0,0.0,5.0
adfbe1f5,55.0,73.0,985.0,237.0,21.0,23.0,17.0,23.0,8.0,12.0,0,0.2,0.3,-0.2,4.0,4.0,5.0,0.0,9.0
5529a99a,4.0,6.0,50.0,0.0,3.0,3.0,1.0,2.0,0.0,0.0,0,0.0,0.0,0.0,0.0,0.0,0.0,0.0,0.0
79300479,107.0,125.0,1678.0,472.0,52.0,61.0,41.0,47.0,9.0,11.0,0,1.5,1.0,-1.5,8.0,8.0,8.0,0.0,22.0
37557ec4,31.0,32.0,395.0,75.0,21.0,21.0,9.0,10.0,0.0,0.0,0,0.0,0.0,0.0,0.0,3.0,0.0,0.0,4.0
