id,Gls,Sh,SoT,G/Sh,G/SoT,Dist,FK,PK,PKatt,xG,npxG,G-xG,np:G-xG
7f9c5d2d,0,3,1,0.0,0.0,9.6,0.0,0,0,1.0,1.0,-1.0,-1.0
be6faae0,0,0,0,0.0,0.0,0.0,0.0,0,0,0.0,0.0,0.0,0.0
81442ecb,2,17,4,0.12,0.5,26.5,1.0,0,0,0.9,0.9,1.1,1.1
a2c1a8d3,0,0,0,0.0,0.0,0.0,0.0,0,0,0.0,0.0,0.0,0.0
014aa7bd,0,10,3,0.0,0.0,25.9,0.0,0,0,0.4,0.4,-0.4,-0.4
18abe173,2,11,2,0.18,1.0,14.2,0.0,0,0,0.8,0.8,1.2,1.2
06efa9dc,0,22,6,0.0,0.0,20.4,0.0,0,0,1.4,1.4,-1.4,-1.4
31f5b89b,0,2,1,0.0,0.0,25.6,0.0,0,0,0.1,0.1,-0.1,-0.1
05439de2,1,12,3,0.08,0.33,20.5,5.0,0,0,0.7,0.7,0.3,0.3
455c26a4,0,1,1,0.0,0.0,16.4,0.0,0,0,0.0,0.0,0.0,0.0
99ea2ddd,0,2,1,0.0,0.0,36.4,0.0,0,0,0.0,0.0,0.0,0.0
4601e194,1,9,2,0.11,0.5,23.7,0.0,0,0,0.6,0.6,0.4,0.4
4bd414c1,0,1,0,0.0,0.0,33.6,0.0,0,0,0.0,0.0,0.0,0.0
036bba5f,1,18,3,0.06,0.33,22.7,2.0,0,0,0.9,0.9,0.1,0.1
bb08bce9,0,6,2,0.0,0.0,15.2,0.0,0,0,0.2,0.2,-0.2,-0.2
3d7e48ce,0,13,2,0.0,0.0,21.8,0.0,0,0,0.6,0.6,-0.6,-0.6
6c811eb7,2,22,8,0.09,0.25,23.4,0.0,0,0,1.4,1.4,0.6,0.6
b907d169,0,0,0,0.0,0.0,0.0,0.0,0,0,0.0,0.0,0.0,0.0
acc1aefa,0,4,0,0.0,0.0,26.4,0.0,0,0,0.1,0.1,-0.1,-0.1
f8405304,0,11,5,0.0,0.0,19.3,0.0,0,0,1.0,1.0,-1.0,-1.0
e6697917,2,11,5,0.18,0.4,23.3,2.0,0,0,0.7,0.7,1.3,1.3
f4290206,1,3,1,0.33,1.0,12.4,0.0,0,0,0.8,0.8,0.2,0.2
629081bd,0,0,0,0.0,0.0,0.0,0.0,0,0,0.0,0.0,0.0,0.0
852ddfb8,2,3,2,0.67,1.0,16.6,0.0,0,0,0.4,0.4,1.6,1.6
3ecc11d8,1,6,1,0.17,1.0,17.7,0.0,0,0,0.4,0.4,0.6,0.6
00eba9c9,0,1,0,0.0,0.0,27.5,0.0,0,0,0.0,0.0,0.0,0.0
f3b1d9a2,1,11,4,0.09,0.25,15.8,0.0,0,0,1.1,1.1,-0.1,-0.1
22721b88,0,0,0,0.0,0.0,0.0,0.0,0,0,0.0,0.0,0.0,0.0
fdd26d71,0,3,0,0.0,0.0,23.6,0.0,0,0,0.1,0.1,-0.1,-0.1
c93231dc,1,3,1,0.33,1.0,13.0,0.0,0,0,0.3,0.3,0.7,0.7
58afe001,0,8,0,0.0,0.0,28.6,1.0,0,0,0.3,0.3,-0.3,-0.3
2bef2bca,0,9,0,0.0,0.0,11.2,0.0,0,0,1.1,1.1,-1.1,-1.1
1e465e70,0,1,0,0.0,0.0,16.3,0.0,0,0,0.2,0.2,-0.2,-0.2
6091cf45,0,0,0,0.0,0.0,0.0,0.0,0,0,0.0,0.0,0.0,0.0
5d133e96,0,0,0,0.0,0.0,0.0,0.0,0,0,0.0,0.0,0.0,0.0
759d8dd7,0,4,2,0.0,0.0,21.3,0.0,0,0,0.2,0.2,-0.2,-0.2
9f0ea33f,0,0,0,0.0,0.0,0.0,0.0,0,0,0.0,0.0,0.0,0.0
45af8a54,4,26,10,0.15,0.4,21.6,2.0,0,1,3.7,3.0,0.3,1.0
7dcf86f6,9,51,20,0.16,0.4,20.1,6.0,1,2,7.5,5.9,1.5,2.1
d5dd5f1f,0,1,0,0.0,0.0,12.4,0.0,0,0,0.1,0.1,-0.1,-0.1
9fec8860,0,0,0,0.0,0.0,0.0,0.0,0,0,0.0,0.0,0.0,0.0
253a06b9,7,45,19,0.11,0.26,22.9,1.0,2,3,5.6,3.3,1.4,1.7
bfd381b3,0,7,0,0.0,0.0,24.4,0.0,0,0,0.4,0.4,-0.4,-0.4
075fe5a3,1,5,3,0.2,0.33,7.0,0.0,0,0,0.8,0.8,0.2,0.2
114bbdee,0,1,0,0.0,0.0,10.0,0.0,0,0,0.1,0.1,-0.1,-0.1
e4346678,0,0,0,0.0,0.0,0.0,0.0,0,0,0.0,0.0,0.0,0.0
518f2234,4,38,14,0.11,0.29,23.4,0.0,0,0,2.0,2.0,2.0,2.0
5ccc9672,0,7,2,0.0,0.0,21.3,0.0,0,0,0.4,0.4,-0.4,-0.4
1fe67e86,0,0,0,0.0,0.0,0.0,0.0,0,0,0.0,0.0,0.0,0.0
cee88597,0,5,1,0.0,0.0,17.5,0.0,0,0,0.3,0.3,-0.3,-0.3
35f6db55,3,32,10,0.09,0.3,14.8,0.0,0,0,3.0,3.0,0.0,0.0
03049c8c,0,4,2,0.0,0.0,16.8,0.0,0,0,0.5,0.5,-0.5,-0.5
aad53e64,1,5,3,0.2,0.33,15.8,0.0,0,0,0.3,0.3,0.7,0.7
200e89e1,1,2,2,0.5,0.5,11.1,0.0,0,0,0.8,0.8,0.2,0.2
45736cec,0,6,2,0.0,0.0,23.5,0.0,0,0,0.2,0.2,-0.2,-0.2
d637fc22,0,2,0,0.0,0.0,18.0,0.0,0,0,0.2,0.2,-0.2,-0.2
d8712bf9,0,4,0,0.0,0.0,32.7,0.0,0,0,0.1,0.1,-0.1,-0.1
f874dd44,0,0,0,0.0,0.0,0.0,0.0,0,0,0.0,0.0,0.0,0.0
ed5c5fa3,0,17,1,0.0,0.0,27.1,0.0,0,0,0.6,0.6,-0.6,-0.6
70d74ece,11,59,19,0.1,0.32,15.9,2.0,5,6,13.1,8.1,-2.1,-2.1
b6e50615,1,17,4,0.06,0.25,22.6,0.0,0,0,0.7,0.7,0.3,0.3
dc1c2fce,3,33,11,0.09,0.27,17.2,2.0,0,0,3.1,3.1,-0.1,-0.1
697295b1,0,12,5,0.0,0.0,19.2,0.0,0,0,0.8,0.8,-0.8,-0.8
47c609d5,6,27,13,0.22,0.46,11.8,0.0,0,0,6.1,6.1,-0.1,-0.1
506daeac,0,0,0,0.0,0.0,0.0,0.0,0,0,0.0,0.0,0.0,0.0
1657f448,0,0,0,0.0,0.0,0.0,0.0,0,0,0.0,0.0,0.0,0.0
0da6a13e,2,21,5,0.1,0.4,22.8,1.0,0,0,1.9,1.9,0.1,0.1
7f271d74,0,0,0,0.0,0.0,0.0,0.0,0,0,0.0,0.0,0.0,0.0
f6798fc3,0,0,0,0.0,0.0,0.0,0.0,0,0,0.0,0.0,0.0,0.0
d49f3e6b,2,30,9,0.07,0.22,16.2,1.0,0,1,3.8,3.0,-1.8,-1.0
fd771f95,7,35,17,0.2,0.41,15.7,1.0,0,0,5.7,5.7,1.3,1.3
2475cf9b,1,2,1,0.5,1.0,6.8,0.0,0,0,0.4,0.4,0.6,0.6
4accb7e0,1,8,4,0.13,0.25,13.4,0.0,0,0,0.8,0.8,0.2,0.2
10072610,0,0,0,0.0,0.0,0.0,0.0,0,0,0.0,0.0,0.0,0.0
7b5ab7f2,1,3,1,0.33,1.0,11.2,0.0,0,0,1.0,1.0,0.0,0.0
8f3565b3,2,31,9,0.06,0.22,11.7,0.0,0,0,3.4,3.4,-1.4,-1.4
edc98fac,0,12,3,0.0,0.0,12.0,0.0,0,0,1.2,1.2,-1.2,-1.2
5ab0ea87,0,4,1,0.0,0.0,23.0,0.0,0,0,0.2,0.2,-0.2,-0.2
69cbc8b6,0,14,3,0.0,0.0,9.6,0.0,0,0,1.6,1.6,-1.6,-1.6
fe05804b,0,1,0,0.0,0.0,13.2,0.0,0,0,0.0,0.0,0.0,0.0
41b3069f,0,5,2,0.0,0.0,8.6,0.0,0,0,0.5,0.5,-0.5,-0.5
af34f10d,0,0,0,0.0,0.0,0.0,0.0,0,0,0.0,0.0,0.0,0.0
7b9c2d84,0,15,2,0.0,0.0,22.8,0.0,0,0,0.7,0.7,-0.7,-0.7
873619c6,5,48,14,0.1,0.36,15.3,0.0,0,0,5.2,5.2,-0.2,-0.2
a6de370d,4,25,8,0.12,0.38,21.3,6.0,1,1,3.8,3.0,0.2,0.0
37f1cf47,0,0,0,0.0,0.0,0.0,0.0,0,0,0.0,0.0,0.0,0.0
5acc4a10,0,16,6,0.0,0.0,19.8,0.0,0,0,1.7,1.7,-1.7,-1.7
c4b888df,0,4,1,0.0,0.0,24.9,0.0,0,0,0.1,0.1,-0.1,-0.1
688b96e3,0,0,0,0.0,0.0,0.0,0.0,0,0,0.0,0.0,0.0,0.0
5b93209a,0,2,1,0.0,0.0,24.4,0.0,0,0,0.1,0.1,-0.1,-0.1
5b93209a,1,4,1,0.25,1.0,21.1,1.0,0,0,0.2,0.2,0.8,0.8
2dce876a,1,5,3,0.2,0.33,18.0,0.0,0,0,0.4,0.4,0.6,0.6
2dce876a,2,5,2,0.4,1.0,14.3,0.0,0,0,0.8,0.8,1.2,1.2
de39485a,1,35,12,0.03,0.08,17.2,1.0,0,0,3.0,3.0,-2.0,-2.0
4958bfb2,0,6,0,0.0,0.0,23.7,0.0,0,0,0.2,0.2,-0.2,-0.2
dee86451,2,15,6,0.13,0.33,13.9,0.0,0,0,2.1,2.1,-0.1,-0.1
4d224fe8,0,0,0,0.0,0.0,0.0,0.0,0,0,0.0,0.0,0.0,0.0
da76bab4,5,49,15,0.08,0.27,16.3,0.0,1,1,5.8,5.0,-0.8,-1.0
130a7a3f,3,31,9,0.1,0.33,18.5,2.0,0,0,2.3,2.3,0.7,0.7
274ab13c,1,7,4,0.14,0.25,9.5,0.0,0,0,0.7,0.7,0.3,0.3
527f063d,5,23,7,0.13,0.43,15.3,2.0,2,3,5.3,2.9,-0.3,0.1
c0617e2b,0,7,2,0.0,0.0,24.0,0.0,0,0,0.3,0.3,-0.3,-0.3
ae852b7d,0,0,0,0.0,0.0,0.0,0.0,0,0,0.0,0.0,0.0,0.0
5e1028e5,0,17,4,0.0,0.0,20.9,0.0,0,0,1.0,1.0,-1.0,-1.0
63c5e56b,0,0,0,0.0,0.0,0.0,0.0,0,0,0.0,0.0,0.0,0.0
873ce3a2,0,0,0,0.0,0.0,0.0,0.0,0,0,0.0,0.0,0.0,0.0
1cb49278,0,3,2,0.0,0.0,15.9,0.0,0,0,0.2,0.2,-0.2,-0.2
b8a642fc,3,27,8,0.11,0.38,18.7,0.0,0,0,3.0,3.0,0.0,0.0
ec1a731e,1,1,1,1.0,1.0,3.7,0.0,0,0,0.8,0.8,0.2,0.2
9a0408b6,1,18,4,0.06,0.25,20.3,0.0,0,0,2.0,2.0,-1.0,-1.0
33a61a52,0,6,3,0.0,0.0,14.6,0.0,0,0,0.5,0.5,-0.5,-0.5
85dace26,1,11,5,0.09,0.2,21.0,0.0,0,0,0.5,0.5,0.5,0.5
b3f62bfc,0,0,0,0.0,0.0,0.0,0.0,0,0,0.0,0.0,0.0,0.0
15937e17,1,8,5,0.13,0.2,16.4,0.0,0,0,0.4,0.4,0.6,0.6
5ae499d0,1,14,2,0.07,0.5,15.5,0.0,0,0,1.5,1.5,-0.5,-0.5
0f26ffd7,0,4,0,0.0,0.0,8.2,0.0,0,0,0.7,0.2,-0.7,-0.2
a6951bf8,1,7,1,0.14,1.0,16.0,0.0,0,0,1.0,1.0,0.0,0.0
fb938d24,0,0,0,0.0,0.0,0.0,0.0,0,0,0.0,0.0,0.0,0.0
01eb744d,5,31,12,0.16,0.42,14.8,0.0,0,0,4.7,4.7,0.3,0.3
c78b352d,0,4,0,0.0,0.0,22.5,0.0,0,0,0.1,0.1,-0.1,-0.1
808d48f3,0,9,6,0.0,0.0,14.0,0.0,0,0,0.9,0.9,-0.9,-0.9
76c2a023,1,10,6,0.1,0.17,21.5,1.0,0,0,1.0,1.0,0.0,0.0
1840e36d,0,0,0,0.0,0.0,0.0,0.0,0,0,0.0,0.0,0.0,0.0
1944818c,0,5,0,0.0,0.0,22.8,0.0,0,0,0.3,0.3,-0.3,-0.3
a56da3ba,0,1,0,0.0,0.0,9.5,0.0,0,0,0.2,0.2,-0.2,-0.2
cc2dd8a5,1,5,2,0.2,0.5,16.4,0.0,0,0,0.5,0.5,0.5,0.5
0abc51f2,0,2,0,0.0,0.0,11.4,0.0,0,0,0.2,0.2,-0.2,-0.2
192c89a6,0,3,0,0.0,0.0,21.5,0.0,0,0,0.1,0.1,-0.1,-0.1
dc62b55d,0,12,8,0.0,0.0,16.1,0.0,0,0,1.4,1.4,-1.4,-1.4
f9a225f5,0,1,1,0.0,0.0,15.9,0.0,0,0,0.1,0.1,-0.1,-0.1
f08490a6,2,11,4,0.09,0.25,16.7,0.0,1,1,2.7,1.9,-0.7,-0.9
070a3904,4,22,7,0.18,0.57,23.1,0.0,0,0,1.9,1.9,2.1,2.1
162efffd,1,8,3,0.13,0.33,25.9,0.0,0,0,0.3,0.3,0.7,0.7
84a85b48,0,0,0,0.0,0.0,0.0,0.0,0,0,0.0,0.0,0.0,0.0
fe641c1a,0,3,1,0.0,0.0,18.8,0.0,0,0,0.2,0.2,-0.2,-0.2
e7d2a50b,0,0,0,0.0,0.0,0.0,0.0,0,0,0.0,0.0,0.0,0.0
b19db005,5,39,14,0.13,0.36,17.8,0.0,0,0,2.9,2.9,2.1,2.1
d2110326,2,9,3,0.22,0.67,8.3,0.0,0,0,1.5,1.5,0.5,0.5
80211dc5,0,3,0,0.0,0.0,16.4,0.0,0,0,0.1,0.1,-0.1,-0.1
d61759ec,0,0,0,0.0,0.0,0.0,0.0,0,0,0.0,0.0,0.0,0.0
fc70e345,0,0,0,0.0,0.0,0.0,0.0,0,0,0.0,0.0,0.0,0.0
a461f098,0,1,0,0.0,0.0,26.3,0.0,0,0,0.0,0.0,0.0,0.0
a4971d84,0,4,0,0.0,0.0,13.5,0.0,0,0,0.2,0.2,-0.2,-0.2
ac295d9e,0,0,0,0.0,0.0,0.0,0.0,0,0,0.0,0.0,0.0,0.0
cc83b74d,0,2,1,0.0,0.0,17.3,0.0,0,0,0.0,0.0,0.0,0.0
3521abfe,0,0,0,0.0,0.0,0.0,0.0,0,0,0.0,0.0,0.0,0.0
5e95c000,0,0,0,0.0,0.0,0.0,0.0,0,0,0.0,0.0,0.0,0.0
93090f69,0,13,4,0.0,0.0,11.1,0.0,0,0,1.1,1.1,-1.1,-1.1
6db116ec,0,0,0,0.0,0.0,0.0,0.0,0,0,0.0,0.0,0.0,0.0
37e103f8,1,17,6,0.06,0.17,12.4,0.0,0,0,2.1,2.1,-1.1,-1.1
3e93f8cf,1,5,2,0.2,0.5,18.3,0.0,0,0,0.9,0.9,0.1,0.1
f7dc2ae5,0,6,0,0.0,0.0,16.6,0.0,0,0,0.6,0.6,-0.6,-0.6
fd47b4f2,0,13,1,0.0,0.0,14.6,1.0,0,0,0.6,0.6,-0.6,-0.6
db8f0eba,1,24,9,0.04,0.11,22.3,6.0,0,0,1.6,1.6,-0.6,-0.6
db8f0eba,0,2,0,0.0,0.0,29.8,0.0,0,0,0.1,0.1,-0.1,-0.1
04e17fd5,4,34,16,0.12,0.25,10.8,0.0,0,0,4.9,4.9,-0.9,-0.9
3f79a1c8,2,5,2,0.4,1.0,14.9,0.0,0,0,1.1,1.1,0.9,0.9
b0616e3d,0,12,4,0.0,0.0,22.9,2.0,0,0,0.6,0.6,-0.6,-0.6
db001fa9,0,11,1,0.0,0.0,25.5,0.0,0,0,0.5,0.5,-0.5,-0.5
4242011c,0,6,3,0.0,0.0,10.1,0.0,0,0,0.5,0.5,-0.5,-0.5
283c7121,2,15,6,0.13,0.33,26.9,2.0,0,0,0.5,0.5,1.5,1.5
3409de86,0,1,1,0.0,0.0,22.1,0.0,0,0,0.0,0.0,0.0,0.0
bed68338,1,16,5,0.06,0.2,18.5,1.0,0,0,1.1,1.1,-0.1,-0.1
66116290,2,18,4,0.06,0.25,16.5,0.0,1,1,2.7,1.9,-0.7,-0.9
72a84002,0,6,0,0.0,0.0,16.3,0.0,0,0,0.4,0.4,-0.4,-0.4
805a2a11,0,0,0,0.0,0.0,0.0,0.0,0,0,0.0,0.0,0.0,0.0
0ba976e4,3,39,10,0.08,0.3,13.5,1.0,0,0,5.6,5.6,-2.6,-2.6
89151b16,0,1,0,0.0,0.0,3.5,0.0,0,0,0.2,0.2,-0.2,-0.2
bece776f,2,24,6,0.04,0.17,21.6,9.0,1,1,2.4,1.6,-0.4,-0.6
51a3c4c8,0,1,0,0.0,0.0,10.6,0.0,0,0,0.0,0.0,0.0,0.0
15d0c248,0,2,1,0.0,0.0,10.8,0.0,0,0,0.2,0.2,-0.2,-0.2
8aafd64f,4,26,12,0.15,0.33,18.9,1.0,0,0,2.8,2.8,1.2,1.2
e5d01ecf,0,0,0,0.0,0.0,0.0,0.0,0,0,0.0,0.0,0.0,0.0
a01c3d54,0,0,0,0.0,0.0,0.0,0.0,0,0,0.0,0.0,0.0,0.0
aa677a35,3,13,7,0.15,0.29,12.0,0.0,1,1,2.4,1.6,0.6,0.4
f127d782,0,0,0,0.0,0.0,0.0,0.0,0,0,0.0,0.0,0.0,0.0
e08647d6,0,7,3,0.0,0.0,17.6,0.0,0,0,0.5,0.5,-0.5,-0.5
f25b010f,0,0,0,0.0,0.0,0.0,0.0,0,0,0.0,0.0,0.0,0.0
b86a64b2,1,8,1,0.13,1.0,14.4,0.0,0,0,0.5,0.5,0.5,0.5
dabb2827,0,0,0,0.0,0.0,0.0,0.0,0,0,0.0,0.0,0.0,0.0
41f32541,0,4,0,0.0,0.0,23.8,0.0,0,0,0.2,0.2,-0.2,-0.2
eb82b6f1,1,4,0,0.0,0.0,19.5,0.0,1,1,1.0,0.2,0.0,-0.2
45e17712,0,2,0,0.0,0.0,9.1,0.0,0,0,0.1,0.1,-0.1,-0.1
6c7762c3,1,3,2,0.33,0.5,12.5,0.0,0,0,0.4,0.4,0.6,0.6
29d0f2ac,0,1,0,0.0,0.0,14.5,0.0,0,0,0.1,0.1,-0.1,-0.1
a4b00319,0,8,0,0.0,0.0,23.6,0.0,0,0,0.4,0.4,-0.4,-0.4
91f7631f,0,7,2,0.0,0.0,25.8,0.0,0,0,0.2,0.2,-0.2,-0.2
a10361d2,1,28,13,0.04,0.08,23.2,3.0,0,0,1.5,1.5,-0.5,-0.5
90bbd822,4,28,15,0.14,0.27,17.8,0.0,0,0,2.1,2.1,1.9,1.9
e7f4603c,1,6,3,0.17,0.33,20.4,0.0,0,0,0.6,0.6,0.4,0.4
661e2822,0,0,0,0.0,0.0,0.0,0.0,0,0,0.0,0.0,0.0,0.0
240d3a0b,0,3,0,0.0,0.0,20.0,0.0,0,0,0.4,0.4,-0.4,-0.4
3e42f707,2,10,3,0.2,0.67,10.3,0.0,0,0,0.4,0.4,1.6,1.6
2bed3eab,1,4,1,0.25,1.0,7.3,0.0,0,0,1.4,1.4,-0.4,-0.4
7226539b,0,21,6,0.0,0.0,29.4,0.0,0,0,0.7,0.7,-0.7,-0.7
b418dbd4,2,36,6,0.06,0.33,15.1,0.0,0,0,3.1,3.1,-1.1,-1.1
5c96b017,1,16,3,0.06,0.33,17.9,0.0,0,0,1.6,1.6,-0.6,-0.6
4a633cfe,0,4,1,0.0,0.0,13.3,0.0,0,0,0.2,0.2,-0.2,-0.2
9a26fa06,0,0,0,0.0,0.0,0.0,0.0,0,0,0.0,0.0,0.0,0.0
475a738b,0,2,0,0.0,0.0,10.7,0.0,0,0,0.4,0.4,-0.4,-0.4
19cae58d,1,17,4,0.06,0.25,16.3,0.0,0,0,2.0,2.0,-1.0,-1.0
63d17038,0,0,0,0.0,0.0,0.0,0.0,0,0,0.0,0.0,0.0,0.0
6652cf96,0,7,2,0.0,0.0,15.8,0.0,0,0,0.4,0.4,-0.4,-0.4
18017beb,0,0,0,0.0,0.0,0.0,0.0,0,0,0.0,0.0,0.0,0.0
0e5ddc7c,0,0,0,0.0,0.0,0.0,0.0,0,0,0.0,0.0,0.0,0.0
4c2e9442,0,3,0,0.0,0.0,18.9,1.0,0,0,0.2,0.2,-0.2,-0.2
5a626448,1,13,5,0.08,0.2,22.3,0.0,0,0,1.1,1.1,-0.1,-0.1
6e4df551,0,16,6,0.0,0.0,22.1,0.0,0,0,1.1,1.1,-1.1,-1.1
bc6f5f06,0,4,1,0.0,0.0,6.0,0.0,0,0,0.7,0.7,-0.7,-0.7
4ac7608e,0,6,0,0.0,0.0,12.8,0.0,0,0,0.8,0.8,-0.8,-0.8
49d028db,0,5,1,0.0,0.0,8.6,0.0,0,0,0.7,0.7,-0.7,-0.7
1fc474ae,0,4,0,0.0,0.0,19.0,0.0,0,0,0.2,0.2,-0.2,-0.2
2c56a792,1,9,2,0.11,0.5,16.6,0.0,0,0,0.8,0.8,0.2,0.2
56545648,0,0,0,0.0,0.0,0.0,0.0,0,0,0.0,0.0,0.0,0.0
6f5f82c0,0,6,0,0.0,0.0,23.4,0.0,0,0,0.3,0.3,-0.3,-0.3
ee45d138,0,0,0,0.0,0.0,0.0,0.0,0,0,0.0,0.0,0.0,0.0
3f034750,0,0,0,0.0,0.0,0.0,0.0,0,0,0.0,0.0,0.0,0.0
8b298f56,0,3,2,0.0,0.0,23.1,1.0,0,0,0.2,0.2,-0.2,-0.2
df69b544,7,59,22,0.12,0.32,19.0,4.0,0,0,6.2,6.2,0.8,0.8
ef322658,1,6,3,0.17,0.33,22.8,1.0,0,0,0.2,0.2,0.8,0.8
32974271,0,11,3,0.0,0.0,17.7,0.0,0,0,1.0,1.0,-1.0,-1.0
32974271,2,8,4,0.25,0.5,15.5,0.0,0,0,1.0,1.0,1.0,1.0
0076ab7f,3,26,7,0.12,0.43,25.7,3.0,0,0,1.2,1.2,1.8,1.8
8e48dc61,0,1,0,0.0,0.0,23.7,0.0,0,0,0.0,0.0,0.0,0.0
7155e3e1,0,7,1,0.0,0.0,17.9,0.0,0,0,0.5,0.5,-0.5,-0.5
f7c12fbf,1,2,1,0.0,0.0,26.1,0.0,1,1,1.0,0.2,0.0,-0.2
ac454a4f,0,18,5,0.0,0.0,26.4,3.0,0,0,0.6,0.6,-0.6,-0.6
6b5ea2f4,5,23,10,0.22,0.5,14.1,0.0,0,0,2.5,2.5,2.5,2.5
0b2c8585,0,9,4,0.0,0.0,19.8,0.0,0,0,0.8,0.8,-0.8,-0.8
7e98cff1,0,11,1,0.0,0.0,19.1,0.0,0,0,0.5,0.5,-0.5,-0.5
8696bc90,1,17,3,0.06,0.33,20.1,1.0,0,0,0.9,0.9,0.1,0.1
e0979e74,0,0,0,0.0,0.0,0.0,0.0,0,0,0.0,0.0,0.0,0.0
a39bb753,0,1,0,0.0,0.0,29.4,0.0,0,1,0.8,0.1,-0.8,-0.1
8059806f,1,34,15,0.03,0.07,19.5,0.0,0,0,2.5,2.5,-1.5,-1.5
555f3a0b,2,7,4,0.29,0.5,16.4,0.0,0,0,1.5,1.5,0.5,0.5
132ac341,0,1,0,0.0,0.0,12.4,0.0,0,0,0.0,0.0,0.0,0.0
02d2c436,0,5,1,0.0,0.0,12.6,0.0,0,0,0.2,0.2,-0.2,-0.2
90162357,0,2,0,0.0,0.0,27.9,0.0,0,0,0.1,0.1,-0.1,-0.1
436a9dd0,0,4,1,0.0,0.0,20.5,2.0,0,0,0.2,0.2,-0.2,-0.2
a4995f48,0,0,0,0.0,0.0,0.0,0.0,0,0,0.0,0.0,0.0,0.0
e778654a,2,19,8,0.11,0.25,16.6,0.0,0,0,2.1,2.1,-0.1,-0.1
139560df,0,0,0,0.0,0.0,0.0,0.0,0,0,0.0,0.0,0.0,0.0
b85bf253,0,0,0,0.0,0.0,0.0,0.0,0,0,0.0,0.0,0.0,0.0
3701906c,0,3,2,0.0,0.0,21.9,0.0,0,0,0.3,0.3,-0.3,-0.3
974322dc,1,13,5,0.08,0.2,19.4,0.0,0,0,0.5,0.5,0.5,0.5
75645f0e,10,39,14,0.13,0.36,16.1,0.0,5,6,10.8,6.0,-0.8,-1.0
5ce0b5ba,1,8,3,0.13,0.33,19.2,0.0,0,0,0.7,0.7,0.3,0.3
8e92be30,1,3,1,0.33,1.0,12.0,0.0,0,0,0.2,0.2,0.8,0.8
a0b4bb3e,0,4,1,0.0,0.0,15.6,0.0,0,0,0.4,0.4,-0.4,-0.4
9c36ed83,2,16,7,0.13,0.29,13.8,0.0,0,0,2.5,2.5,-0.5,-0.5
4737cebe,0,0,0,0.0,0.0,0.0,0.0,0,0,0.0,0.0,0.0,0.0
9a76c2e9,1,5,1,0.2,1.0,19.8,0.0,0,0,0.5,0.5,0.5,0.5
eeba07f8,2,19,6,0.11,0.33,16.5,0.0,0,0,1.6,1.6,0.4,0.4
4c5b14d2,0,5,1,0.0,0.0,11.5,0.0,0,0,0.5,0.5,-0.5,-0.5
1bacc518,2,13,8,0.15,0.25,17.9,0.0,0,0,1.8,1.8,0.2,0.2
2a0c8ba4,0,10,3,0.0,0.0,20.0,3.0,0,0,0.8,0.8,-0.8,-0.8
0107757e,0,0,0,0.0,0.0,0.0,0.0,0,0,0.0,0.0,0.0,0.0
5b28b2f6,1,3,2,0.33,0.5,14.1,0.0,0,0,0.2,0.2,0.8,0.8
d87e2cae,1,13,4,0.0,0.0,18.8,1.0,1,1,2.2,1.5,-1.2,-1.5
6265208f,11,46,19,0.17,0.42,16.2,2.0,3,3,7.9,5.5,3.1,2.5
84399660,4,14,6,0.29,0.67,12.9,0.0,0,0,3.0,3.0,1.0,1.0
1633fc8a,0,2,0,0.0,0.0,10.5,0.0,0,0,0.1,0.1,-0.1,-0.1
360d70f8,0,2,1,0.0,0.0,17.4,0.0,0,0,0.0,0.0,0.0,0.0
7111d552,7,53,26,0.13,0.27,16.4,0.0,0,0,8.1,8.1,-1.1,-1.1
7d08063d,1,11,4,0.09,0.25,19.2,0.0,0,0,1.0,1.0,0.0,0.0
55634fb8,0,1,0,0.0,0.0,11.7,0.0,0,0,0.1,0.1,-0.1,-0.1
8455ad90,2,30,8,0.07,0.25,20.7,4.0,0,0,2.2,2.2,-0.2,-0.2
211589b8,0,5,1,0.0,0.0,20.1,0.0,0,0,0.3,0.3,-0.3,-0.3
5eebbfdf,0,1,0,0.0,0.0,29.0,0.0,0,0,0.0,0.0,0.0,0.0
05e19d6a,0,8,1,0.0,0.0,14.2,0.0,0,0,0.9,0.9,-0.9,-0.9
e897d8ba,2,31,9,0.03,0.11,16.6,0.0,1,1,3.3,2.6,-1.3,-1.6
4c3a6744,3,21,9,0.14,0.33,18.4,1.0,0,0,3.1,3.1,-0.1,-0.1
55126f3b,0,8,0,0.0,0.0,18.7,0.0,0,0,0.5,0.5,-0.5,-0.5
fc076f78,0,0,0,0.0,0.0,0.0,0.0,0,0,0.0,0.0,0.0,0.0
cce181df,0,11,0,0.0,0.0,19.7,0.0,0,0,0.7,0.7,-0.7,-0.7
4d1666ff,0,6,0,0.0,0.0,14.2,0.0,0,0,0.5,0.5,-0.5,-0.5
6ce1f46f,2,17,6,0.12,0.33,25.5,2.0,0,0,0.8,0.8,1.2,1.2
16aa3654,4,41,20,0.1,0.2,19.1,3.0,0,0,2.7,2.7,1.3,1.3
60abea75,1,5,1,0.2,1.0,26.0,0.0,0,0,0.2,0.2,0.8,0.8
e9241b40,0,6,2,0.0,0.0,18.0,0.0,0,0,0.5,0.5,-0.5,-0.5
abe66106,3,31,15,0.1,0.2,15.8,2.0,0,0,3.1,3.1,-0.1,-0.1
e7af9060,3,12,6,0.25,0.5,9.9,0.0,0,0,2.1,2.1,0.9,0.9
2bea832e,0,8,3,0.0,0.0,13.0,0.0,0,0,0.6,0.6,-0.6,-0.6
8e088e04,1,7,1,0.14,1.0,19.5,1.0,0,0,0.5,0.5,0.5,0.5
86ff856b,1,3,1,0.33,1.0,18.6,0.0,0,0,0.2,0.2,0.8,0.8
9a64e67e,0,5,2,0.0,0.0,17.6,0.0,0,0,0.3,0.3,-0.3,-0.3
2fa2a875,0,0,0,0.0,0.0,0.0,0.0,0,0,0.0,0.0,0.0,0.0
6c4776b1,0,0,0,0.0,0.0,0.0,0.0,0,0,0.0,0.0,0.0,0.0
6eaed4eb,4,29,12,0.14,0.33,28.0,13.0,0,0,1.9,1.9,2.1,2.1
59b7d823,0,9,1,0.0,0.0,26.7,0.0,0,0,0.2,0.2,-0.2,-0.2
4dbd0916,0,7,3,0.0,0.0,23.9,0.0,0,0,0.2,0.2,-0.2,-0.2
0a0cc13c,5,20,13,0.2,0.31,17.2,0.0,1,2,3.4,1.8,1.6,2.2
8d78e732,15,74,37,0.2,0.41,12.8,2.0,0,1,13.9,13.1,1.1,1.9
ff800ed8,1,1,1,1.0,1.0,10.5,0.0,0,0,0.2,0.2,0.8,0.8
38b0cf42,0,0,0,0.0,0.0,0.0,0.0,0,0,0.0,0.0,0.0,0.0
02c15616,1,14,3,0.07,0.33,17.3,0.0,0,0,1.0,1.0,0.0,0.0
d7553721,1,13,3,0.08,0.33,20.6,0.0,0,0,1.3,1.3,-0.3,-0.3
f03f284b,2,8,5,0.25,0.4,15.0,0.0,0,0,0.6,0.6,1.4,1.4
73683fa9,0,0,0,0.0,0.0,0.0,0.0,0,0,0.0,0.0,0.0,0.0
88050721,1,19,9,0.05,0.11,25.7,2.0,0,0,1.0,1.0,0.0,0.0
38699c72,0,23,6,0.0,0.0,16.8,0.0,0,0,1.7,1.7,-1.7,-1.7
ea610f00,0,0,0,0.0,0.0,0.0,0.0,0,0,0.0,0.0,0.0,0.0
b05e2dbd,1,13,6,0.08,0.17,26.2,2.0,0,1,1.6,0.8,-0.6,0.2
4a478107,3,24,15,0.13,0.2,14.8,0.0,0,0,3.8,3.8,-0.8,-0.8
3061e1ec,0,0,0,0.0,0.0,0.0,0.0,0,0,0.0,0.0,0.0,0.0
922da988,0,3,1,0.0,0.0,17.3,0.0,0,0,0.2,0.2,-0.2,-0.2
ed6ea4d9,0,10,3,0.0,0.0,15.8,0.0,0,0,0.7,0.7,-0.7,-0.7
5db04597,1,11,2,0.09,0.5,16.0,0.0,0,0,0.8,0.8,0.2,0.2
01a49bd2,0,0,0,0.0,0.0,0.0,0.0,0,0,0.0,0.0,0.0,0.0
d4808594,0,1,1,0.0,0.0,10.8,0.0,0,0,0.0,0.0,0.0,0.0
00b28772,0,6,3,0.0,0.0,16.9,0.0,0,0,0.4,0.4,-0.4,-0.4
cb574619,0,13,4,0.0,0.0,12.5,0.0,0,0,0.9,0.9,-0.9,-0.9
bbc19252,0,0,0,0.0,0.0,0.0,0.0,0,0,0.0,0.0,0.0,0.0
d4b73232,0,0,0,0.0,0.0,0.0,0.0,0,0,0.0,0.0,0.0,0.0
c20bdcd7,0,6,0,0.0,0.0,22.7,0.0,0,0,0.4,0.4,-0.4,-0.4
fbd6378b,0,1,1,0.0,0.0,9.0,0.0,0,0,0.1,0.1,-0.1,-0.1
ae86d473,1,17,2,0.06,0.5,14.6,0.0,0,0,1.5,1.3,-0.5,-0.3
133faa84,0,0,0,0.0,0.0,0.0,0.0,0,0,0.0,0.0,0.0,0.0
853b7c48,0,0,0,0.0,0.0,0.0,0.0,0,0,0.0,0.0,0.0,0.0
9f323c71,0,1,0,0.0,0.0,11.5,0.0,0,0,0.2,0.2,-0.2,-0.2
6f4c734d,0,2,0,0.0,0.0,28.0,0.0,0,0,0.0,0.0,0.0,0.0
f0da930c,1,16,5,0.06,0.2,14.7,0.0,0,0,1.3,1.3,-0.3,-0.3
5c4dc0ff,0,3,0,0.0,0.0,10.3,0.0,0,0,0.4,0.4,-0.4,-0.4
a83c19cf,0,8,4,0.0,0.0,17.0,0.0,0,0,0.9,0.9,-0.9,-0.9
0ae4e09a,0,6,2,0.0,0.0,15.6,0.0,0,0,0.6,0.6,-0.6,-0.6
0ae4e09a,0,3,0,0.0,0.0,16.8,0.0,0,0,0.2,0.2,-0.2,-0.2
e1e75690,0,0,0,0.0,0.0,0.0,0.0,0,0,0.0,0.0,0.0,0.0
2ae30661,0,3,2,0.0,0.0,13.7,0.0,0,0,0.6,0.6,-0.6,-0.6
ae48c5cb,3,10,4,0.3,0.75,12.0,0.0,0,0,1.4,1.4,1.6,1.6
c3e66ffe,2,15,2,0.13,1.0,12.1,0.0,0,0,1.5,1.5,0.5,0.5
3fc45c73,0,7,1,0.0,0.0,15.8,2.0,0,0,0.6,0.6,-0.6,-0.6
937c6ae6,0,1,0,0.0,0.0,26.5,0.0,0,0,0.0,0.0,0.0,0.0
11fd2b75,0,7,2,0.0,0.0,21.3,0.0,0,0,0.3,0.3,-0.3,-0.3
8fae77ea,0,0,0,0.0,0.0,0.0,0.0,0,0,0.0,0.0,0.0,0.0
02319ad7,0,1,0,0.0,0.0,12.6,0.0,0,0,0.0,0.0,0.0,0.0
64e8ed6d,5,33,10,0.15,0.5,14.1,0.0,0,2,5.9,4.3,-0.9,0.7
8aae94b9,0,1,0,0.0,0.0,6.5,0.0,0,0,0.1,0.1,-0.1,-0.1
3902e91b,2,14,6,0.14,0.33,16.1,0.0,0,0,1.5,1.5,0.5,0.5
8f696594,1,6,3,0.17,0.33,11.6,0.0,0,0,0.9,0.9,0.1,0.1
8f696594,1,2,1,0.5,1.0,13.3,0.0,0,0,0.3,0.3,0.7,0.7
1545cf15,0,1,0,0.0,0.0,23.9,0.0,0,0,0.0,0.0,0.0,0.0
c9e39d91,7,42,15,0.17,0.47,20.3,7.0,0,0,4.4,4.4,2.6,2.6
b151a3f2,0,0,0,0.0,0.0,0.0,0.0,0,0,0.0,0.0,0.0,0.0
3cefcaef,0,1,0,0.0,0.0,7.3,0.0,0,0,0.3,0.3,-0.3,-0.3
d080ed5e,1,26,10,0.04,0.1,16.4,0.0,0,1,2.9,2.1,-1.9,-1.1
7c4243d4,2,17,8,0.12,0.25,27.8,0.0,0,0,1.0,1.0,1.0,1.0
2784f898,3,14,4,0.21,0.75,16.4,0.0,0,0,1.2,1.2,1.8,1.8
19c36442,0,4,1,0.0,0.0,26.7,0.0,0,0,0.1,0.1,-0.1,-0.1
335039a2,6,21,4,0.14,0.75,15.4,1.0,3,3,4.5,2.1,1.5,0.9
1fda2b14,0,1,0,0.0,0.0,9.4,0.0,0,0,0.1,0.1,-0.1,-0.1
056269d7,0,5,0,0.0,0.0,11.7,0.0,0,0,0.4,0.4,-0.4,-0.4
bbf5c11b,3,32,9,0.09,0.33,13.4,0.0,0,0,4.7,4.7,-1.7,-1.7
ead61f73,1,4,2,0.25,0.5,23.0,1.0,0,0,0.6,0.6,0.4,0.4
e6777e6b,0,1,0,0.0,0.0,11.7,0.0,0,0,0.1,0.1,-0.1,-0.1
6025fab1,4,23,5,0.13,0.6,19.2,1.0,1,1,4.0,3.2,0.0,-0.2
608f2092,0,1,1,0.0,0.0,20.5,0.0,0,0,0.0,0.0,0.0,0.0
608f2092,0,3,0,0.0,0.0,19.6,0.0,0,0,0.1,0.1,-0.1,-0.1
23610943,0,10,1,0.0,0.0,19.6,0.0,0,0,0.7,0.7,-0.7,-0.7
9939e168,0,29,6,0.0,0.0,24.4,0.0,0,0,1.2,1.2,-1.2,-1.2
8ac501f5,1,20,4,0.05,0.25,26.1,3.0,0,0,0.9,0.9,0.1,0.1
28e957d7,0,1,0,0.0,0.0,8.2,0.0,0,0,0.1,0.1,-0.1,-0.1
374d5158,0,6,1,0.0,0.0,11.9,0.0,0,0,0.7,0.7,-0.7,-0.7
5cec2487,0,0,0,0.0,0.0,0.0,0.0,0,0,0.0,0.0,0.0,0.0
129af0db,7,43,19,0.16,0.37,13.2,0.0,0,0,6.2,6.2,0.8,0.8
b7d7f3bf,0,1,0,0.0,0.0,10.3,0.0,0,0,0.1,0.1,-0.1,-0.1
11b9265b,0,8,1,0.0,0.0,22.0,1.0,0,0,0.3,0.3,-0.3,-0.3
16e9d0ea,0,13,4,0.0,0.0,17.9,0.0,0,0,1.3,1.3,-1.3,-1.3
a21417e2,0,5,1,0.0,0.0,20.5,0.0,0,0,0.4,0.4,-0.4,-0.4
81f0781e,5,28,12,0.14,0.33,15.8,0.0,1,2,6.6,5.0,-1.6,-1.0
004d185e,0,14,3,0.0,0.0,17.6,0.0,0,0,1.5,1.5,-1.5,-1.5
f4c69aa6,0,14,4,0.0,0.0,20.9,0.0,0,0,0.8,0.8,-0.8,-0.8
a0255c67,0,0,0,0.0,0.0,0.0,0.0,0,0,0.0,0.0,0.0,0.0
a0255c67,0,0,0,0.0,0.0,0.0,0.0,0,0,0.0,0.0,0.0,0.0
3aa4a3be,0,0,0,0.0,0.0,0.0,0.0,0,0,0.0,0.0,0.0,0.0
dc1ce4f5,0,2,0,0.0,0.0,9.3,0.0,0,0,0.2,0.2,-0.2,-0.2
5487adcd,0,1,1,0.0,0.0,17.2,0.0,0,0,0.1,0.1,-0.1,-0.1
c05dfb74,0,20,4,0.0,0.0,19.1,1.0,0,0,2.5,2.5,-2.5,-2.5
228b0d9d,0,3,1,0.0,0.0,25.1,0.0,0,0,0.1,0.1,-0.1,-0.1
49a6ecbb,1,1,1,1.0,1.0,7.5,0.0,0,0,0.2,0.2,0.8,0.8
175ece4c,0,0,0,0.0,0.0,0.0,0.0,0,0,0.0,0.0,0.0,0.0
44e8521b,0,0,0,0.0,0.0,0.0,0.0,0,0,0.0,0.0,0.0,0.0
0cadc46d,10,47,18,0.17,0.44,16.1,0.0,2,3,8.0,5.7,2.0,2.3
b51b1b9c,0,16,2,0.0,0.0,19.9,0.0,0,0,1.4,1.4,-1.4,-1.4
2946f9a1,0,3,1,0.0,0.0,9.0,0.0,0,0,0.3,0.3,-0.3,-0.3
485e4939,0,3,0,0.0,0.0,10.6,0.0,0,0,0.2,0.2,-0.2,-0.2
f35430a4,0,3,1,0.0,0.0,15.0,0.0,0,0,0.0,0.0,0.0,0.0
c997b942,0,12,5,0.0,0.0,17.0,0.0,0,0,1.0,1.0,-1.0,-1.0
3f10bd22,0,6,2,0.0,0.0,23.9,0.0,0,0,0.2,0.2,-0.2,-0.2
63b0ca6b,1,13,6,0.08,0.17,16.3,0.0,0,0,1.2,1.2,-0.2,-0.2
5853ac44,1,4,1,0.25,1.0,11.1,0.0,0,0,0.4,0.4,0.6,0.6
c14bc029,1,11,5,0.09,0.2,20.6,0.0,0,0,1.1,1.1,-0.1,-0.1
81d5c497,0,1,0,0.0,0.0,12.8,0.0,0,0,0.1,0.1,-0.1,-0.1
c487901c,0,0,0,0.0,0.0,0.0,0.0,0,0,0.0,0.0,0.0,0.0
a6103274,0,1,0,0.0,0.0,15.1,0.0,0,0,0.1,0.1,-0.1,-0.1
a6103274,0,4,0,0.0,0.0,11.2,0.0,0,0,0.2,0.2,-0.2,-0.2
be170419,0,8,1,0.0,0.0,15.4,0.0,0,0,0.6,0.6,-0.6,-0.6
ee8508c0,0,0,0,0.0,0.0,0.0,0.0,0,0,0.0,0.0,0.0,0.0
2e3995cd,1,13,2,0.08,0.5,21.4,0.0,0,0,0.5,0.5,0.5,0.5
a08b974a,0,9,2,0.0,0.0,15.9,0.0,0,0,0.6,0.6,-0.6,-0.6
1d1691ad,0,1,0,0.0,0.0,10.6,0.0,0,0,0.4,0.4,-0.4,-0.4
3d99999d,0,3,1,0.0,0.0,29.1,0.0,0,0,0.0,0.0,0.0,0.0
4cee5954,0,4,1,0.0,0.0,30.2,2.0,0,0,0.1,0.1,-0.1,-0.1
a3e4bf46,1,12,3,0.08,0.33,24.9,1.0,0,0,0.5,0.5,0.5,0.5
5132b92c,0,3,1,0.0,0.0,21.0,0.0,0,0,0.2,0.2,-0.2,-0.2
7c363088,3,13,4,0.15,0.5,16.7,0.0,1,1,2.7,1.9,0.3,0.1
f9358b61,0,0,0,0.0,0.0,0.0,0.0,0,0,0.0,0.0,0.0,0.0
8c3c640c,2,8,5,0.13,0.2,19.8,0.0,1,1,2.1,1.3,-0.1,-0.3
9a93efc9,0,6,2,0.0,0.0,12.1,0.0,0,0,0.5,0.5,-0.5,-0.5
97852360,0,0,0,0.0,0.0,0.0,0.0,0,0,0.0,0.0,0.0,0.0
97852360,0,0,0,0.0,0.0,0.0,0.0,0,0,0.0,0.0,0.0,0.0
44150beb,0,1,0,0.0,0.0,9.5,0.0,0,0,0.0,0.0,0.0,0.0
962e54cb,1,17,4,0.06,0.25,18.1,0.0,0,0,0.9,0.9,0.1,0.1
ac8b2421,0,4,3,0.0,0.0,12.9,0.0,0,0,0.4,0.4,-0.4,-0.4
49dbab27,5,52,11,0.08,0.36,25.8,2.0,1,2,4.1,2.5,0.9,1.5
b906757a,0,5,2,0.0,0.0,14.7,0.0,0,0,0.3,0.3,-0.3,-0.3
7460ca0d,1,15,5,0.0,0.0,27.2,6.0,1,1,1.6,0.8,-0.6,-0.8
e2dcc60e,0,0,0,0.0,0.0,0.0,0.0,0,0,0.0,0.0,0.0,0.0
647d39d2,0,0,0,0.0,0.0,0.0,0.0,0,0,0.0,0.0,0.0,0.0
881ef58c,0,0,0,0.0,0.0,0.0,0.0,0,0,0.0,0.0,0.0,0.0
b7ca5c51,1,11,1,0.09,1.0,17.2,0.0,0,0,0.5,0.5,0.5,0.5
63f04c6c,0,17,6,0.0,0.0,18.1,0.0,0,0,0.8,0.8,-0.8,-0.8
0d9b2d31,6,17,9,0.35,0.67,16.5,0.0,0,0,3.5,3.5,2.5,2.5
1f079188,0,11,2,0.0,0.0,22.3,0.0,0,0,1.1,1.1,-1.1,-1.1
5496cc91,0,0,0,0.0,0.0,0.0,0.0,0,0,0.0,0.0,0.0,0.0
819aa8e7,0,8,3,0.0,0.0,13.5,0.0,0,0,0.8,0.8,-0.8,-0.8
a8f21b9f,0,29,8,0.0,0.0,21.5,0.0,0,0,1.6,1.6,-1.6,-1.6
3d79a68c,0,1,0,0.0,0.0,25.0,0.0,0,0,0.0,0.0,0.0,0.0
237a3851,0,27,7,0.0,0.0,22.8,1.0,0,0,1.4,1.4,-1.4,-1.4
a300ac7e,3,17,6,0.18,0.5,18.8,4.0,0,0,2.0,2.0,1.0,1.0
b7c04927,0,4,0,0.0,0.0,27.6,0.0,0,0,0.1,0.1,-0.1,-0.1
8c725b43,0,7,0,0.0,0.0,10.0,0.0,0,0,0.8,0.8,-0.8,-0.8
64ba07c0,0,1,0,0.0,0.0,16.8,0.0,0,0,0.0,0.0,0.0,0.0
540ec57b,2,23,9,0.09,0.22,13.5,0.0,0,0,3.0,3.0,-1.0,-1.0
adfc9123,0,3,0,0.0,0.0,8.9,0.0,0,0,0.4,0.4,-0.4,-0.4
7c388b20,1,22,7,0.05,0.14,18.8,0.0,0,0,1.9,1.9,-0.9,-0.9
54bcdeb0,0,19,9,0.0,0.0,18.1,0.0,0,0,1.6,1.6,-1.6,-1.6
ccbbe661,3,23,7,0.13,0.43,13.6,0.0,0,0,2.5,2.5,0.5,0.5
8e010ff4,2,3,2,0.67,1.0,12.7,0.0,0,0,0.6,0.6,1.4,1.4
1bda5842,0,11,3,0.0,0.0,19.6,0.0,0,0,0.7,0.7,-0.7,-0.7
fc8b614b,0,1,0,0.0,0.0,20.9,0.0,0,0,0.0,0.0,0.0,0.0
3c16d927,0,4,2,0.0,0.0,21.7,0.0,0,0,0.2,0.2,-0.2,-0.2
d1b060e2,1,6,4,0.17,0.25,13.9,0.0,0,0,0.7,0.7,0.3,0.3
2683eda7,3,37,11,0.08,0.27,13.7,0.0,0,0,5.5,5.5,-2.5,-2.5
39352da2,0,8,2,0.0,0.0,22.7,0.0,0,0,0.3,0.3,-0.3,-0.3
41fb0f4e,0,6,0,0.0,0.0,33.0,0.0,0,0,0.2,0.2,-0.2,-0.2
b857bd29,1,8,3,0.13,0.33,15.6,0.0,0,0,0.3,0.3,0.7,0.7
58ad9383,0,0,0,0.0,0.0,0.0,0.0,0,0,0.0,0.0,0.0,0.0
89f951b5,1,17,6,0.0,0.0,25.4,4.0,1,1,1.9,1.2,-0.9,-1.2
cc9256ef,3,30,15,0.1,0.2,20.4,1.0,0,1,3.6,2.8,-0.6,0.2
44e07fac,0,4,1,0.0,0.0,10.3,0.0,0,0,0.6,0.6,-0.6,-0.6
3423f250,4,42,11,0.1,0.36,17.3,5.0,0,0,5.4,5.4,-1.4,-1.4
3353737a,0,0,0,0.0,0.0,0.0,0.0,0,0,0.0,0.0,0.0,0.0
e358587b,0,0,0,0.0,0.0,0.0,0.0,0,0,0.0,0.0,0.0,0.0
6b21b7b5,1,4,2,0.25,0.5,8.3,0.0,0,0,0.8,0.8,0.2,0.2
3376a776,1,5,1,0.2,1.0,10.8,0.0,0,0,0.7,0.7,0.3,0.3
374ee424,0,0,0,0.0,0.0,0.0,0.0,0,0,0.0,0.0,0.0,0.0
14d5b7ac,0,0,0,0.0,0.0,0.0,0.0,0,0,0.0,0.0,0.0,0.0
b3b9b8b8,0,0,0,0.0,0.0,0.0,0.0,0,0,0.0,0.0,0.0,0.0
ce8039aa,0,10,1,0.0,0.0,22.0,1.0,0,0,0.6,0.6,-0.6,-0.6
d9ba39fc,0,6,2,0.0,0.0,29.0,0.0,0,0,0.1,0.1,-0.1,-0.1
65154df0,4,38,15,0.11,0.27,19.2,1.0,0,0,3.2,3.2,0.8,0.8
335fa267,3,11,5,0.27,0.6,14.5,0.0,0,0,1.6,1.6,1.4,1.4
a8981944,1,24,5,0.04,0.2,25.2,3.0,0,0,1.9,1.9,-0.9,-0.9
5f21b94c,0,2,0,0.0,0.0,16.2,0.0,0,0,0.2,0.2,-0.2,-0.2
37f827ec,0,9,2,0.0,0.0,11.0,0.0,0,0,0.4,0.4,-0.4,-0.4
85bed4ee,2,8,3,0.25,0.67,14.6,0.0,0,0,1.2,1.2,0.8,0.8
8cfc2f69,0,9,3,0.0,0.0,10.8,0.0,0,0,1.7,1.7,-1.7,-1.7
19709006,2,32,14,0.06,0.14,24.0,5.0,0,0,3.1,3.1,-1.1,-1.1
70f8e0bd,3,16,7,0.19,0.43,19.1,0.0,0,0,1.1,1.1,1.9,1.9
34e393f2,0,9,4,0.0,0.0,26.3,0.0,0,0,0.4,0.4,-0.4,-0.4
8f5e92a6,4,56,18,0.05,0.17,17.1,4.0,1,1,8.0,7.2,-4.0,-4.2
2fbe6af0,0,0,0,0.0,0.0,0.0,0.0,0,0,0.0,0.0,0.0,0.0
4b511457,1,17,3,0.06,0.33,17.5,0.0,0,0,1.4,1.4,-0.4,-0.4
35d4f151,0,6,0,0.0,0.0,19.4,0.0,0,0,0.3,0.3,-0.3,-0.3
18b896d6,1,16,4,0.06,0.25,13.3,0.0,0,0,1.4,1.4,-0.4,-0.4
a55d8df5,0,9,2,0.0,0.0,19.9,0.0,0,0,0.6,0.6,-0.6,-0.6
b3dc6eca,0,1,0,0.0,0.0,8.6,0.0,0,0,0.1,0.1,-0.1,-0.1
625c144a,0,0,0,0.0,0.0,0.0,0.0,0,0,0.0,0.0,0.0,0.0
b75ac54b,0,0,0,0.0,0.0,0.0,0.0,0,0,0.0,0.0,0.0,0.0
fbbb9269,0,5,1,0.0,0.0,22.6,0.0,0,0,0.2,0.2,-0.2,-0.2
686cbe7d,2,7,3,0.29,0.67,14.5,0.0,0,0,1.5,1.5,0.5,0.5
686cbe7d,1,1,1,1.0,1.0,2.9,0.0,0,0,0.5,0.5,0.5,0.5
13e0eb29,2,2,1,0.0,0.0,26.2,0.0,2,2,1.7,0.1,0.3,-0.1
405f267a,0,2,2,0.0,0.0,16.1,0.0,0,0,0.1,0.1,-0.1,-0.1
2a295d33,2,59,23,0.03,0.09,17.8,0.0,0,0,4.1,4.1,-2.1,-2.1
efecd633,0,4,1,0.0,0.0,16.5,0.0,0,0,0.2,0.2,-0.2,-0.2
bdb624a3,8,36,12,0.19,0.58,17.9,0.0,1,1,4.3,3.5,3.7,3.5
a254bbe0,0,10,5,0.0,0.0,22.9,0.0,0,0,0.5,0.5,-0.5,-0.5
70107d4d,0,14,5,0.0,0.0,23.1,0.0,0,0,0.7,0.7,-0.7,-0.7
60359288,1,8,1,0.13,1.0,18.1,1.0,0,0,0.6,0.6,0.4,0.4
ffacd3d5,0,5,1,0.0,0.0,18.5,0.0,0,0,0.4,0.4,-0.4,-0.4
79f2a5f5,0,0,0,0.0,0.0,0.0,0.0,0,0,0.0,0.0,0.0,0.0
f6ac68c1,0,1,0,0.0,0.0,8.1,0.0,0,0,0.2,0.2,-0.2,-0.2
a45eac1f,1,3,2,0.33,0.5,11.9,0.0,0,0,0.5,0.5,0.5,0.5
a62b4888,0,2,0,0.0,0.0,21.7,0.0,0,0,0.1,0.1,-0.1,-0.1
e2716bd0,1,15,8,0.07,0.13,14.9,0.0,0,0,1.9,1.9,-0.9,-0.9
ea83bfa6,0,0,0,0.0,0.0,0.0,0.0,0,0,0.0,0.0,0.0,0.0
5dcf3e90,0,0,0,0.0,0.0,0.0,0.0,0,0,0.0,0.0,0.0,0.0
19b776e9,1,18,8,0.06,0.13,12.7,0.0,0,0,2.9,2.9,-1.9,-1.9
5fa714d5,0,4,1,0.0,0.0,26.4,0.0,0,0,0.1,0.1,-0.1,-0.1
3ca6106c,0,2,0,0.0,0.0,14.4,0.0,0,0,0.3,0.3,-0.3,-0.3
fed17f5a,1,4,1,0.0,0.0,30.0,3.0,1,1,0.9,0.2,0.1,-0.2
8f8c6934,0,0,0,0.0,0.0,0.0,0.0,0,0,0.0,0.0,0.0,0.0
3aa74860,0,1,0,0.0,0.0,20.8,0.0,0,0,0.0,0.0,0.0,0.0
e4738e91,0,10,3,0.0,0.0,15.4,0.0,0,0,0.6,0.6,-0.6,-0.6
6a8a7af8,0,5,2,0.0,0.0,27.3,0.0,0,0,0.1,0.1,-0.1,-0.1
f553b2b3,2,29,9,0.07,0.22,12.3,0.0,0,0,3.7,3.7,-1.7,-1.7
220c11f1,6,20,12,0.15,0.25,13.2,0.0,3,4,6.7,3.5,-0.7,-0.5
ba5004e1,1,2,1,0.5,1.0,18.8,0.0,0,0,0.3,0.3,0.7,0.7
12c50af5,0,1,0,0.0,0.0,11.3,0.0,0,0,0.4,0.4,-0.4,-0.4
7106f0a0,0,0,0,0.0,0.0,0.0,0.0,0,0,0.0,0.0,0.0,0.0
4e219ad2,1,11,5,0.09,0.2,23.0,1.0,0,0,0.4,0.4,0.6,0.6
184fe4b2,0,0,0,0.0,0.0,0.0,0.0,0,0,0.0,0.0,0.0,0.0
e92cd3f7,9,40,19,0.23,0.47,12.5,0.0,0,0,7.9,7.9,1.1,1.1
34269bdf,0,5,2,0.0,0.0,17.1,0.0,0,0,0.3,0.3,-0.3,-0.3
4f255115,0,19,4,0.0,0.0,22.6,0.0,0,0,0.8,0.8,-0.8,-0.8
e73c9bb2,0,6,0,0.0,0.0,24.0,1.0,0,0,0.2,0.2,-0.2,-0.2
6f51e382,0,0,0,0.0,0.0,0.0,0.0,0,0,0.0,0.0,0.0,0.0
f36016a5,0,2,0,0.0,0.0,29.7,0.0,0,0,0.1,0.1,-0.1,-0.1
f36016a5,0,4,0,0.0,0.0,25.2,0.0,0,0,0.2,0.2,-0.2,-0.2
02ef8778,0,10,2,0.0,0.0,23.5,0.0,0,1,1.6,0.8,-1.6,-0.8
04e531b6,0,0,0,0.0,0.0,0.0,0.0,0,0,0.0,0.0,0.0,0.0
381dbcfc,0,0,0,0.0,0.0,0.0,0.0,0,0,0.0,0.0,0.0,0.0
9e1035f8,2,30,7,0.07,0.29,13.4,0.0,0,0,3.7,3.7,-1.7,-1.7
58a9a4d9,3,17,5,0.18,0.6,18.0,0.0,0,0,1.8,1.8,1.2,1.2
532e1e4f,0,7,2,0.0,0.0,10.1,0.0,0,0,0.7,0.7,-0.7,-0.7
d733aa38,0,0,0,0.0,0.0,0.0,0.0,0,0,0.0,0.0,0.0,0.0
0e4fef6e,0,19,3,0.0,0.0,21.1,0.0,0,0,0.8,0.8,-0.8,-0.8
e96b2583,0,0,0,0.0,0.0,0.0,0.0,0,0,0.0,0.0,0.0,0.0
fc647b34,2,10,3,0.1,0.33,20.1,0.0,1,2,2.6,1.0,-0.6,0.0
963829d0,0,5,1,0.0,0.0,21.7,0.0,0,0,0.2,0.2,-0.2,-0.2
f7e87032,1,1,1,1.0,1.0,3.2,0.0,0,0,0.7,0.7,0.3,0.3
068f4dec,0,0,0,0.0,0.0,0.0,0.0,0,0,0.0,0.0,0.0,0.0
f8eca1b6,8,53,17,0.13,0.41,18.2,9.0,1,2,5.3,3.8,2.7,3.2
2dd7e29d,0,1,1,0.0,0.0,16.9,0.0,0,0,0.2,0.2,-0.2,-0.2
592f3158,0,9,0,0.0,0.0,21.6,0.0,0,0,0.4,0.4,-0.4,-0.4
4acd733a,0,4,0,0.0,0.0,15.7,0.0,0,0,0.4,0.4,-0.4,-0.4
0a69de7b,1,3,1,0.33,1.0,8.7,0.0,0,0,0.2,0.2,0.8,0.8
f2c6ac01,0,3,1,0.0,0.0,31.8,0.0,0,0,0.1,0.1,-0.1,-0.1
0bc4e720,0,1,1,0.0,0.0,12.6,0.0,0,0,0.0,0.0,0.0,0.0
0959c2a2,7,49,17,0.14,0.41,23.9,2.0,0,0,3.0,3.0,4.0,4.0
106c142c,0,4,1,0.0,0.0,17.5,0.0,0,0,0.1,0.1,-0.1,-0.1
ee923664,0,0,0,0.0,0.0,0.0,0.0,0,0,0.0,0.0,0.0,0.0
fd51b456,2,7,3,0.29,0.67,20.6,0.0,0,0,0.9,0.9,1.1,1.1
35a6e5c7,8,43,20,0.19,0.4,19.9,0.0,0,0,4.4,4.4,3.6,3.6
4112ace5,0,3,1,0.0,0.0,16.3,0.0,0,0,0.5,0.5,-0.5,-0.5
1c2c55fc,1,5,2,0.2,0.5,14.6,1.0,0,0,0.2,0.2,0.8,0.8
b0fce72c,2,12,1,0.08,1.0,24.6,0.0,1,1,1.3,0.6,0.7,0.4
04965583,0,3,2,0.0,0.0,17.4,0.0,0,0,0.1,0.1,-0.1,-0.1
3a9c4b7b,0,8,1,0.0,0.0,18.9,0.0,0,0,0.5,0.5,-0.5,-0.5
636eae97,0,0,0,0.0,0.0,0.0,0.0,0,0,0.0,0.0,0.0,0.0
636eae97,1,15,3,0.07,0.33,22.1,0.0,0,0,0.9,0.9,0.1,0.1
57be54ec,0,4,1,0.0,0.0,11.6,0.0,0,0,0.3,0.3,-0.3,-0.3
bdc74a8f,0,1,0,0.0,0.0,16.5,0.0,0,0,0.1,0.1,-0.1,-0.1
cde52ef5,0,0,0,0.0,0.0,0.0,0.0,0,0,0.0,0.0,0.0,0.0
ab7bf91d,1,7,2,0.14,0.5,10.4,0.0,0,0,0.8,0.8,0.2,0.2
379dc075,1,18,7,0.06,0.14,12.8,0.0,0,0,2.3,2.3,-1.3,-1.3
6a99e0b1,5,45,16,0.11,0.31,15.0,0.0,0,1,5.5,4.7,-0.5,0.3
afdc14d7,4,41,14,0.1,0.29,17.0,0.0,0,0,3.2,3.2,0.8,0.8
5dfc6ad5,0,5,0,0.0,0.0,19.2,0.0,0,0,0.2,0.2,-0.2,-0.2
f6f6b6e8,0,8,1,0.0,0.0,20.8,0.0,0,0,0.4,0.4,-0.4,-0.4
5ca20b7a,0,1,0,0.0,0.0,32.7,0.0,0,0,0.0,0.0,0.0,0.0
968a1c2f,0,13,3,0.0,0.0,25.3,0.0,0,0,0.6,0.6,-0.6,-0.6
5c7845f6,1,4,1,0.25,1.0,18.2,0.0,0,0,0.5,0.5,0.5,0.5
3ee0dd59,1,7,2,0.14,0.5,20.1,0.0,0,0,0.7,0.7,0.3,0.3
