id,MP,Min,90s,Starts,Compl,Subs,unSub,PPM,onG,onGA,+/-,On-Off,onxG,onxGA,xG+/-,On-Off.1,MinGK,MPGK,StartsGK,90sGK
00242b75,20,1263,14.0,14,7,6,2,1.45,27,20.0,7.0,1.0,20.7,22.9,-2.2,-0.16,0,0,0,0.0
00963611,19,1598,17.8,18,16,1,0,0.84,22,31.0,-9.0,-0.04,22.9,23.0,-0.1,-0.12,0,0,0,0.0
009a4f60,18,1485,16.5,17,11,1,1,4.85,35,20.0,15.0,1.61,21.3,19.3,2.0,-0.07,0,0,0,0.0
00f518d8,10,127,1.4,0,0,10,7,1.5,2,4.0,-2.0,-2.1,2.6,2.4,0.2,-0.12,0,0,0,0.0
0118c54c,19,1216,13.5,13,9,6,3,1.32,27,23.0,4.0,0.41,19.3,20.1,-0.7,0.12,0,0,0,0.0
01834aa0,16,1227,13.6,15,11,1,5,1.56,31,19.0,12.0,1.0,19.7,19.3,0.4,0.44,0,0,0,0.0
028e70b9,0,0,0.0,0,0,0,1,0.0,0,0.0,0.0,0.0,0.0,0.0,0.0,0.0,0,0,0,0.0
042e8a49,15,813,9.0,8,2,7,0,2.2,28,6.0,22.0,0.82,20.7,6.2,14.6,0.75,0,0,0,0.0
048a1cbc,17,1480,16.4,17,12,0,2,1.82,34,25.0,9.0,-1.07,30.0,20.7,9.3,0.11,0,0,0,0.0
049751d7,13,754,8.4,9,1,4,1,2.23,9,5.0,4.0,0.18,7.6,7.3,0.3,0.04,0,0,0,0.0
054849d2,15,1165,12.9,14,8,1,0,1.2,17,20.0,-3.0,0.76,15.0,18.4,-3.4,0.58,0,0,0,0.0
056d2d95,18,1379,15.3,15,14,3,4,1.72,21,20.0,1.0,-0.98,16.8,16.8,0.0,-0.04,0,0,0,0.0
05ba9d7c,4,98,1.1,0,0,4,6,0.75,2,1.0,1.0,1.49,1.5,1.3,0.2,0.19,0,0,0,0.0
05d548d8,18,1247,13.9,15,11,3,3,2.22,27,15.0,12.0,0.13,24.4,16.8,7.6,0.03,0,0,0,0.0
05e2d5ea,10,211,2.3,0,0,10,4,1.1,3,4.0,-1.0,-0.63,2.5,3.5,-1.1,-0.4,0,0,0,0.0
05f99a4a,11,533,5.9,7,0,4,0,1.18,7,12.0,-5.0,-1.34,8.5,9.8,-1.3,-0.17,0,0,0,0.0
061e8e23,6,161,1.8,1,0,5,4,2.33,0,2.0,-2.0,-3.08,1.5,3.5,-2.0,-2.02,0,0,0,0.0
0674ebf1,0,0,0.0,0,0,0,3,0.0,0,0.0,0.0,0.0,0.0,0.0,0.0,0.0,0,0,0,0.0
07c7eb0c,21,1833,20.4,21,18,0,0,0.9,24,50.0,-26.0,1.17,21.2,40.9,-19.8,0.15,0,0,0,0.0
07d3bfec,7,263,2.9,3,0,4,4,0.14,3,6.0,-3.0,-0.55,3.5,5.4,-1.9,-0.66,0,0,0,0.0
0810b6df,0,0,0.0,0,0,0,4,0.0,0,0.0,0.0,0.0,0.0,0.0,0.0,0.0,0,0,0,0.0
08593525,2,34,0.4,1,0,1,4,1.5,0,0.0,0.0,0.55,0.6,0.1,0.5,1.55,0,0,0,0.0
088ca1bd,0,0,0.0,0,0,0,5,0.0,0,0.0,0.0,0.0,0.0,0.0,0.0,0.0,0,0,0,0.0
091c86e2,18,947,10.5,9,3,9,1,1.56,19,12.0,7.0,0.32,14.9,17.0,-2.1,-0.13,0,0,0,0.0
099e666f,19,1590,17.7,18,16,1,2,0.89,20,32.0,-12.0,-0.45,19.1,29.8,-10.7,-0.74,0,0,0,0.0
0a084b35,2,180,2.0,2,2,0,4,3.0,4,2.0,2.0,0.7,2.8,1.3,1.5,0.79,0,0,0,0.0
0a16eb36,17,633,7.0,6,1,11,4,0.76,5,16.0,-11.0,-0.29,6.3,12.1,-5.9,0.22,0,0,0,0.0
0a1cb833,22,1918,21.3,22,21,0,0,1.36,34,40.0,-6.0,1.17,23.8,34.2,-10.4,-1.23,1918,22,22,21.3
0a3c1b17,0,0,0.0,0,0,0,1,0.0,0,0.0,0.0,0.0,0.0,0.0,0.0,0.0,0,0,0,0.0
0a3f6cde,17,968,10.8,10,2,7,2,1.12,17,24.0,-7.0,1.39,13.4,20.2,-6.8,0.69,0,0,0,0.0
0a89e877,19,1413,15.7,15,10,4,2,1.84,27,25.0,2.0,-2.41,24.2,18.9,5.3,-1.3,0,0,0,0.0
0b45a8d7,1,5,0.1,0,0,1,0,0.0,0,0.0,0.0,0.05,0.0,0.0,0.0,0.09,0,0,0,0.0
0c61c77c,21,1577,17.5,18,9,3,0,0.95,22,31.0,-9.0,0.38,18.3,29.1,-10.8,-0.78,0,0,0,0.0
0c7a48f8,19,1500,16.7,16,10,3,0,1.37,28,22.0,6.0,1.49,24.0,20.2,3.8,-0.18,0,0,0,0.0
0c88efca,0,0,0.0,0,0,0,2,0.0,0,0.0,0.0,0.0,0.0,0.0,0.0,0.0,0,0,0,0.0
0cc5f4a5,14,866,9.6,10,5,4,2,1.14,12,15.0,-3.0,-1.44,9.8,13.7,-3.9,-0.48,0,0,0,0.0
0cf778df,21,1339,14.9,15,1,6,0,0.76,19,24.0,-5.0,0.51,18.2,19.4,-1.2,-0.3,0,0,0,0.0
0d55d942,17,1530,17.0,17,17,0,5,0.53,14,41.0,-27.0,-1.79,18.7,28.1,-9.4,-0.7,1530,17,17,17.0
0d8a37c2,4,330,3.7,3,3,1,9,0.75,5,9.0,-4.0,-1.25,3.5,5.5,-2.0,-0.55,330,4,3,3.7
0e0102eb,21,922,10.2,9,0,12,1,1.52,18,15.0,3.0,-0.39,13.5,16.7,-3.2,-0.33,0,0,0,0.0
0e6bc38c,16,962,10.7,12,4,4,1,2.0,31,12.0,19.0,-0.34,24.0,11.9,12.1,-0.08,0,0,0,0.0
0f59a7bf,19,1295,14.4,14,5,5,1,1.47,21,23.0,-2.0,-0.8,20.3,20.7,-0.4,0.22,0,0,0,0.0
0fbecd11,19,1527,17.0,18,14,1,1,1.53,26,22.0,4.0,0.43,21.4,23.4,-2.0,-0.09,0,0,0,0.0
1025db8e,21,1826,20.3,21,20,0,0,1.14,24,34.0,-10.0,0.68,22.7,33.0,-10.4,-0.13,0,0,0,0.0
10549b49,12,486,5.4,4,2,8,2,0.75,6,10.0,-4.0,-0.98,10.8,7.0,3.8,0.57,0,0,0,0.0
10745192,11,404,4.5,3,0,8,0,2.73,15,2.0,13.0,2.61,9.5,5.2,4.4,0.54,0,0,0,0.0
109bd9ea,0,0,0.0,0,0,0,1,0.0,0,0.0,0.0,0.0,0.0,0.0,0.0,0.0,0,0,0,0.0
1238a3f9,19,511,5.6,5,1,14,1,1.92,5,12.0,-7.0,-1.85,5.8,8.3,-2.6,-0.6,0,0,0,0.0
13203c45,10,258,2.8,3,0,7,1,4.67,4,4.0,0.0,2.78,3.3,4.5,-1.3,-0.32,0,0,0,0.0
13d23b29,1,13,0.1,0,0,1,7,0.0,0,0.0,0.0,-0.82,0.1,0.0,0.1,-0.14,0,0,0,0.0
13ddc856,13,786,8.7,10,2,3,0,0.46,10,25.0,-15.0,-0.59,10.6,20.2,-9.6,-0.19,0,0,0,0.0
13fe7b69,10,157,1.7,0,0,10,8,2.2,6,2.0,4.0,2.1,3.8,2.9,0.9,0.57,0,0,0,0.0
14a7af33,18,1287,14.3,16,3,2,1,1.61,24,30.0,-6.0,-0.29,16.8,21.6,-4.8,0.32,0,0,0,0.0
15413fa5,18,1259,14.0,15,9,3,2,2.06,26,15.0,11.0,-0.09,24.7,17.1,7.6,0.01,0,0,0,0.0
15b287da,20,1457,16.2,17,8,3,1,1.75,37,22.0,15.0,1.44,27.3,18.7,8.7,1.17,0,0,0,0.0
15f24fe7,3,233,2.6,3,1,0,0,0.67,3,3.0,0.0,0.57,2.9,1.4,1.5,0.66,0,0,0,0.0
15f3ec41,13,597,6.6,7,0,6,2,1.38,11,13.0,-2.0,-0.43,9.3,8.8,0.5,-0.29,0,0,0,0.0
170ad16a,0,0,0.0,0,0,0,2,0.0,0,0.0,0.0,0.0,0.0,0.0,0.0,0.0,0,0,0,0.0
17376543,18,1620,18.0,18,18,0,0,1.22,19,29.0,-10.0,-0.06,19.4,27.1,-7.7,0.39,1620,18,18,18.0
1866b0f1,1,11,0.1,0,0,1,1,0.0,0,1.0,-1.0,-9.05,0.5,0.4,0.1,0.09,0,0,0,0.0
19a967ab,17,1025,11.4,12,5,5,2,1.71,18,20.0,-2.0,-1.49,12.8,18.0,-5.2,-1.41,0,0,0,0.0
1a4b9094,0,0,0.0,0,0,0,7,0.0,0,0.0,0.0,0.0,0.0,0.0,0.0,0.0,0,0,0,0.0
1a5d7cb9,0,0,0.0,0,0,0,3,0.0,0,0.0,0.0,0.0,0.0,0.0,0.0,0.0,0,0,0,0.0
1ae836b1,20,1678,18.6,20,11,0,0,1.2,22,30.0,-8.0,0.76,19.4,30.9,-11.6,-0.79,0,0,0,0.0
1c86aa16,1,4,0.0,0,0,1,6,3.0,0,0.0,0.0,-0.55,0.0,0.0,0.0,-0.23,0,0,0,0.0
1cbe4984,19,1558,17.3,19,12,0,2,1.53,28,19.0,9.0,0.09,22.2,25.3,-3.1,-0.19,0,0,0,0.0
1d8e9add,17,1378,15.3,17,13,0,0,1.12,22,22.0,0.0,1.79,23.9,21.2,2.6,0.86,0,0,0,0.0
1df0c0b9,18,1461,16.2,16,14,2,1,1.28,20,25.0,-5.0,0.91,19.2,24.3,-5.2,0.7,0,0,0,0.0
1e274a0a,14,321,3.6,1,0,13,6,1.79,6,3.0,3.0,0.57,4.7,2.3,2.4,0.79,0,0,0,0.0
1e43fad8,5,450,5.0,5,5,0,15,1.4,2,1.0,1.0,1.79,5.5,4.8,0.7,0.7,450,5,5,5.0
1f2c7b55,0,0,0.0,0,0,0,4,0.0,0,0.0,0.0,0.0,0.0,0.0,0.0,0.0,0,0,0,0.0
1f3afdcb,16,803,8.9,9,5,7,5,1.38,18,15.0,3.0,0.57,16.6,12.7,3.9,0.28,0,0,0,0.0
1fc4f3d1,20,1059,11.8,12,3,8,1,1.45,18,25.0,-7.0,-0.59,13.1,23.4,-10.3,-0.91,0,0,0,0.0
1fffae99,21,989,11.0,11,1,10,1,1.38,16,18.0,-2.0,0.27,9.5,14.1,-4.6,0.06,0,0,0,0.0
20030c06,21,1890,21.0,21,21,0,1,2.0,44,25.0,19.0,1.9,38.1,21.6,16.5,1.76,0,0,0,0.0
202b3b68,19,1165,12.9,14,1,5,2,1.58,30,12.0,18.0,2.16,19.8,18.1,1.7,0.65,0,0,0,0.0
204dded0,20,1661,18.5,19,17,1,1,0.95,21,28.0,-7.0,0.75,23.9,23.1,0.9,0.18,0,0,0,0.0
2077ae86,13,622,6.9,7,1,6,0,1.69,14,8.0,6.0,0.54,10.3,9.8,0.5,0.31,0,0,0,0.0
220ace7e,17,1041,11.6,11,3,6,0,1.35,16,19.0,-3.0,0.12,13.9,17.9,-4.1,0.21,0,0,0,0.0
22798128,4,262,2.9,3,1,1,0,1.75,3,5.0,-2.0,-1.21,2.0,5.3,-3.3,-1.31,0,0,0,0.0
22919e97,19,558,6.2,3,0,16,3,1.16,10,12.0,-2.0,-0.2,10.2,9.8,0.4,-0.07,0,0,0,0.0
231c67ff,3,11,0.1,0,0,3,1,2.0,1,0.0,1.0,8.09,1.1,0.0,1.1,8.37,0,0,0,0.0
236f02cd,20,1614,17.9,18,10,2,2,1.3,34,28.0,6.0,2.06,25.7,26.9,-1.2,0.12,0,0,0,0.0
25877714,0,0,0.0,0,0,0,5,0.0,0,0.0,0.0,0.0,0.0,0.0,0.0,0.0,0,0,0,0.0
25ab9c9c,7,141,1.6,2,0,5,7,2.14,0,5.0,-5.0,-3.58,0.7,3.0,-2.3,-1.72,0,0,0,0.0
271b8617,16,750,8.3,9,1,7,2,1.44,17,8.0,9.0,1.52,11.3,10.1,1.3,0.41,0,0,0,0.0
27270af4,3,93,1.0,0,0,3,10,1.0,1,4.0,-3.0,-3.19,1.0,2.6,-1.5,-1.46,0,0,0,0.0
2770726a,12,559,6.2,7,0,5,2,1.58,7,11.0,-4.0,-1.09,9.0,7.6,1.4,0.12,0,0,0,0.0
277c49ed,17,1137,12.6,12,9,5,5,1.24,18,19.0,-1.0,-1.36,16.3,18.9,-2.6,-0.17,0,0,0,0.0
27d2618c,0,0,0.0,0,0,0,1,0.0,0,0.0,0.0,0.0,0.0,0.0,0.0,0.0,0,0,0,0.0
2903a856,19,1672,18.6,19,9,0,0,1.53,31,31.0,0.0,0.29,26.9,28.0,-1.0,0.21,0,0,0,0.0
2979c05a,17,832,9.2,8,2,9,2,0.76,6,23.0,-17.0,-0.82,7.8,20.6,-12.8,-0.7,0,0,0,0.0
29ddfb9c,1,15,0.2,0,0,1,2,1.0,0,0.0,0.0,0.5,0.1,0.4,-0.3,-1.67,0,0,0,0.0
29f7cfd9,19,1275,14.2,17,4,2,1,0.84,15,33.0,-18.0,0.26,14.2,29.0,-14.8,-0.18,0,0,0,0.0
2a29eb9b,11,958,10.6,11,7,0,6,2.09,21,12.0,9.0,1.37,18.4,13.6,4.7,0.58,0,0,0,0.0
2b114be3,20,1281,14.2,13,6,7,0,2.0,36,12.0,24.0,-0.76,26.5,14.0,12.5,-0.82,0,0,0,0.0
2b7c56b4,0,0,0.0,0,0,0,1,0.0,0,0.0,0.0,0.0,0.0,0.0,0.0,0.0,0,0,0,0.0
2b83fa49,2,59,0.7,1,0,1,8,1.5,0,2.0,-2.0,-1.74,0.2,1.4,-1.2,-0.88,0,0,0,0.0
2c0558b8,21,1495,16.6,18,5,3,0,2.05,45,16.0,29.0,-0.85,35.1,17.9,17.3,-0.54,0,0,0,0.0
2d61d13a,20,1676,18.6,20,16,0,0,0.9,24,31.0,-7.0,1.1,27.3,28.2,-0.9,0.25,0,0,0,0.0
2e77d607,6,507,5.6,6,5,0,1,2.0,15,9.0,6.0,1.25,9.6,8.7,0.8,0.34,0,0,0,0.0
2f3e911a,19,1444,16.0,17,12,2,3,1.37,21,25.0,-4.0,-1.42,20.8,23.4,-2.6,-0.22,0,0,0,0.0
2f7fec15,10,241,2.7,2,0,8,9,0.9,6,6.0,0.0,0.57,5.7,3.9,1.9,0.78,0,0,0,0.0
302527b2,22,1921,21.3,21,20,1,0,1.86,35,28.0,7.0,6.43,33.0,29.1,3.9,1.24,0,0,0,0.0
30261ba1,6,370,4.1,4,1,2,8,0.83,4,7.0,-3.0,-0.28,5.6,6.1,-0.5,-0.17,0,0,0,0.0
30941e96,21,1777,19.7,20,17,1,0,0.9,25,38.0,-13.0,-1.1,27.4,31.2,-3.8,-1.01,0,0,0,0.0
309ff595,0,0,0.0,0,0,0,2,0.0,0,0.0,0.0,0.0,0.0,0.0,0.0,0.0,0,0,0,0.0
30ae134d,22,851,9.5,8,0,14,0,1.95,18,15.0,3.0,-0.08,9.6,10.3,-0.7,-0.15,0,0,0,0.0
30c220c3,19,1636,18.2,19,14,0,0,1.26,27,36.0,-9.0,-1.02,21.6,27.9,-6.4,0.57,0,0,0,0.0
313254a3,19,1535,17.1,18,15,1,2,1.68,26,26.0,0.0,-0.61,24.7,25.0,-0.3,-0.71,0,0,0,0.0
33182cb8,7,379,4.2,4,0,3,0,1.0,3,7.0,-4.0,0.29,5.6,6.3,-0.7,0.27,0,0,0,0.0
33b554b7,13,460,5.1,4,2,9,6,0.69,3,14.0,-11.0,-1.26,6.7,7.5,-0.8,0.31,0,0,0,0.0
346d51d9,16,1264,14.0,14,11,2,0,1.31,28,24.0,4.0,0.91,20.2,21.5,-1.3,-0.01,0,0,0,0.0
34b0387f,22,1253,13.9,16,2,6,0,1.45,27,18.0,9.0,1.39,19.1,16.5,2.6,0.78,0,0,0,0.0
34b54da7,6,89,1.0,1,0,5,13,2.17,2,3.0,-1.0,-1.01,1.1,1.5,-0.4,-0.34,0,0,0,0.0
34e12499,22,1914,21.3,22,20,0,0,2.09,44,27.0,17.0,-0.56,36.5,25.8,10.8,-0.88,0,0,0,0.0
34e4343c,14,750,8.3,7,3,7,5,1.79,12,8.0,4.0,-0.54,13.7,9.6,4.1,-0.07,0,0,0,0.0
35d64857,21,1881,20.9,21,20,0,0,1.67,40,30.0,10.0,-1.34,31.2,25.1,6.1,1.29,0,0,0,0.0
35f67a30,6,130,1.4,0,0,6,2,0.0,1,1.0,0.0,0.58,2.5,2.1,0.3,0.33,0,0,0,0.0
36578017,3,28,0.3,0,0,3,10,1.33,1,2.0,-1.0,-3.21,0.6,0.7,-0.1,-0.08,0,0,0,0.0
36a3ff67,14,953,10.6,11,5,3,0,2.36,16,9.0,7.0,-0.3,15.2,10.0,5.2,-0.09,0,0,0,0.0
36a59ba4,12,582,6.5,6,3,6,1,1.08,10,9.0,1.0,0.28,9.6,8.3,1.4,0.42,0,0,0,0.0
36d9dabe,12,807,9.0,9,5,3,3,0.42,8,22.0,-14.0,-0.64,8.1,15.3,-7.1,-0.68,0,0,0,0.0
3745e8bd,14,465,5.2,4,1,10,1,0.64,8,15.0,-7.0,-0.23,6.8,10.7,-3.9,-0.47,0,0,0,0.0
378825c7,20,1788,19.9,20,17,0,0,1.4,35,32.0,3.0,2.03,29.9,27.0,2.9,2.42,0,0,0,0.0
37998008,4,360,4.0,4,4,0,18,1.0,4,11.0,-7.0,-2.58,4.7,5.4,-0.7,-0.23,360,4,4,4.0
37dc1a48,21,1447,16.1,19,2,2,0,1.67,31,21.0,10.0,0.28,23.4,20.3,3.2,-0.11,0,0,0,0.0
37f606f0,17,1181,13.1,17,2,0,0,1.06,18,25.0,-7.0,0.03,20.1,22.5,-2.4,-0.24,0,0,0,0.0
3b1ed320,14,431,4.8,3,2,11,4,0.86,5,9.0,-4.0,-0.37,6.8,7.5,-0.7,-0.06,0,0,0,0.0
3b61c9ec,9,557,6.2,7,2,2,1,1.56,10,7.0,3.0,-0.08,8.8,5.0,3.8,0.55,0,0,0,0.0
3bb625ac,20,1431,15.9,16,9,4,2,1.55,31,25.0,6.0,0.87,23.1,22.4,0.7,0.51,0,0,0,0.0
3c200e05,1,1,0.0,0,0,1,1,0.0,0,0.0,0.0,0.55,0.1,0.0,0.1,7.98,0,0,0,0.0
3c569f37,0,0,0.0,0,0,0,2,0.0,0,0.0,0.0,0.0,0.0,0.0,0.0,0.0,0,0,0,0.0
3c6089ab,15,913,10.1,12,5,3,0,1.8,28,7.0,21.0,0.21,24.4,8.0,16.3,0.82,0,0,0,0.0
3cd9e95a,0,0,0.0,0,0,0,20,0.0,0,0.0,0.0,0.0,0.0,0.0,0.0,0.0,0,0,0,0.0
3eb0f2df,3,31,0.3,0,0,3,7,0.67,1,1.0,0.0,0.6,0.1,0.5,-0.4,-0.69,0,0,0,0.0
3eeb80e0,17,789,8.8,7,1,10,2,1.35,11,13.0,-2.0,0.53,10.4,15.1,-4.7,-0.06,0,0,0,0.0
3effaa34,22,1288,14.3,15,4,7,0,1.91,33,19.0,14.0,0.46,27.9,14.7,13.2,0.61,0,0,0,0.0
3f6c3ae0,0,0,0.0,0,0,0,20,0.0,0,0.0,0.0,0.0,0.0,0.0,0.0,0.0,0,0,0,0.0
41bff4fa,9,353,3.9,3,2,6,8,1.33,4,7.0,-3.0,-0.21,5.1,6.5,-1.4,0.13,0,0,0,0.0
420c18a1,17,1530,17.0,17,17,0,0,3.31,33,22.0,11.0,-0.58,30.0,20.1,9.9,0.4,1530,17,17,17.0
437f2b00,22,1752,19.5,22,11,0,0,0.86,26,40.0,-14.0,-1.51,29.2,31.1,-1.9,-0.09,0,0,0,0.0
441197b8,21,1882,20.9,21,20,0,1,1.81,41,29.0,12.0,0.57,31.4,25.4,6.0,1.2,0,0,0,0.0
442b56fa,22,1883,20.9,21,18,1,0,1.5,38,29.0,9.0,-1.43,28.2,30.5,-2.3,0.54,0,0,0,0.0
44a20f0c,16,1041,11.6,12,11,4,5,1.31,13,21.0,-8.0,-0.31,12.4,20.8,-8.4,-0.47,0,0,0,0.0
458e3479,0,0,0.0,0,0,0,8,0.0,0,0.0,0.0,0.0,0.0,0.0,0.0,0.0,0,0,0,0.0
45a03961,19,1557,17.3,17,15,2,3,2.32,51,16.0,35.0,0.32,38.7,16.3,22.4,0.58,0,0,0,0.0
45e95f21,14,293,3.3,1,0,13,6,1.07,8,5.0,3.0,1.45,5.8,5.5,0.4,0.66,0,0,0,0.0
462475ed,6,378,4.2,5,0,1,0,2.0,12,7.0,5.0,1.3,6.7,7.0,-0.3,0.03,0,0,0,0.0
463503e2,1,90,1.0,1,1,0,6,0.0,1,3.0,-2.0,-0.86,0.2,4.1,-3.9,-3.64,0,0,0,0.0
4658e309,0,0,0.0,0,0,0,2,0.0,0,0.0,0.0,0.0,0.0,0.0,0.0,0.0,0,0,0,0.0
46750e9c,0,0,0.0,0,0,0,3,0.0,0,0.0,0.0,0.0,0.0,0.0,0.0,0.0,0,0,0,0.0
47064058,22,1980,22.0,22,22,0,0,0.86,29,41.0,-12.0,0.0,31.9,33.9,-2.0,0.0,1980,22,22,22.0
48035304,20,1755,19.5,20,19,0,0,1.25,35,37.0,-2.0,-0.5,28.9,30.9,-2.0,-0.12,0,0,0,0.0
48780156,2,4,0.0,0,0,2,12,1.5,0,0.0,0.0,0.32,0.1,0.2,-0.1,-1.29,0,0,0,0.0
49296448,21,1766,19.6,20,17,1,0,2.05,59,20.0,39.0,0.31,43.0,20.2,22.8,-0.07,0,0,0,0.0
496aeede,21,1685,18.7,21,12,0,0,1.33,31,31.0,0.0,0.31,27.1,27.9,-0.8,0.32,0,0,0,0.0
49fe9070,16,1151,12.8,13,5,3,0,1.75,23,13.0,10.0,-0.09,20.3,12.7,7.5,-0.28,0,0,0,0.0
4aea5077,10,341,3.8,4,1,6,7,1.5,4,11.0,-7.0,-2.18,5.6,6.3,-0.7,-0.12,0,0,0,0.0
4b96c347,16,525,5.8,5,0,11,2,1.19,5,11.0,-6.0,-1.59,6.4,10.2,-3.7,-0.74,0,0,0,0.0
4c5d6f58,0,0,0.0,0,0,0,4,0.0,0,0.0,0.0,0.0,0.0,0.0,0.0,0.0,0,0,0,0.0
4c6facae,22,1780,19.8,20,16,2,0,1.73,38,25.0,13.0,1.11,29.0,25.7,3.3,-0.57,0,0,0,0.0
4ccd8957,9,147,1.6,0,0,9,6,1.0,1,6.0,-5.0,-2.96,1.0,3.6,-2.6,-1.24,0,0,0,0.0
4cd41883,0,0,0.0,0,0,0,1,0.0,0,0.0,0.0,0.0,0.0,0.0,0.0,0.0,0,0,0,0.0
4e204552,11,294,3.3,3,0,8,4,1.27,4,7.0,-3.0,-0.44,5.4,5.0,0.4,0.26,0,0,0,0.0
4f16405e,21,1847,20.5,21,19,0,0,1.43,32,33.0,-1.0,4.01,22.8,29.6,-6.8,1.76,0,0,0,0.0
4f380a04,0,0,0.0,0,0,0,6,0.0,0,0.0,0.0,0.0,0.0,0.0,0.0,0.0,0,0,0,0.0
4f627629,7,593,6.6,6,6,1,10,0.43,4,13.0,-9.0,-1.69,6.5,7.7,-1.1,-0.41,0,0,0,0.0
501055d8,16,799,8.9,12,0,4,0,2.13,22,10.0,12.0,0.89,15.2,10.8,4.3,-0.08,0,0,0,0.0
5038a16d,0,0,0.0,0,0,0,1,0.0,0,0.0,0.0,0.0,0.0,0.0,0.0,0.0,0,0,0,0.0
50871bcc,14,464,5.2,2,1,12,1,1.79,6,8.0,-2.0,-1.58,8.2,7.5,0.7,-0.53,0,0,0,0.0
5154b2ba,5,267,3.0,3,2,2,10,0.8,2,5.0,-3.0,-0.96,2.7,3.9,-1.2,-0.61,0,0,0,0.0
526ea7cc,21,1574,17.5,18,12,3,0,1.29,23,30.0,-7.0,-0.4,19.8,24.5,-4.7,0.89,0,0,0,0.0
52afb588,8,182,2.0,1,0,7,2,1.5,2,6.0,-4.0,-2.33,0.6,4.3,-3.6,-2.14,0,0,0,0.0
53070b63,4,82,0.9,1,0,3,4,1.0,1,2.0,-1.0,-1.14,0.8,1.6,-0.8,-1.18,0,0,0,0.0
5360a956,1,19,0.2,0,0,1,0,3.0,1,0.0,1.0,2.81,0.1,0.3,-0.2,-1.95,0,0,0,0.0
54507986,0,0,0.0,0,0,0,5,0.0,0,0.0,0.0,0.0,0.0,0.0,0.0,0.0,0,0,0,0.0
5458f670,7,184,2.0,2,0,5,8,1.71,5,2.0,3.0,0.72,3.8,3.0,0.7,-0.39,0,0,0,0.0
54b4dc4e,19,1077,12.0,12,2,7,3,1.16,18,22.0,-4.0,-0.73,19.5,16.0,3.5,0.04,0,0,0,0.0
54e4866f,21,1460,16.2,18,0,3,0,1.95,31,17.0,14.0,2.77,28.3,18.6,9.7,1.72,0,0,0,0.0
5521f419,20,930,10.3,12,0,8,2,1.25,17,13.0,4.0,0.73,16.8,11.7,5.0,0.41,0,0,0,0.0
554bcc91,7,601,6.7,7,6,0,0,1.29,8,12.0,-4.0,-0.08,8.2,9.0,-0.8,0.55,0,0,0,0.0
555d5edd,17,695,7.7,6,2,11,4,1.41,16,14.0,2.0,0.4,11.0,8.6,2.5,0.08,0,0,0,0.0
5569bf9a,0,0,0.0,0,0,0,1,0.0,0,0.0,0.0,0.0,0.0,0.0,0.0,0.0,0,0,0,0.0
5584552e,0,0,0.0,0,0,0,3,0.0,0,0.0,0.0,0.0,0.0,0.0,0.0,0.0,0,0,0,0.0
56413b1f,10,493,5.5,4,0,6,0,0.8,7,10.0,-3.0,-0.73,7.4,8.6,-1.2,-0.66,0,0,0,0.0
56478677,0,0,0.0,0,0,0,2,0.0,0,0.0,0.0,0.0,0.0,0.0,0.0,0.0,0,0,0,0.0
5762be5c,19,1110,12.3,12,9,7,2,0.84,14,22.0,-8.0,-0.34,15.3,16.9,-1.7,-0.35,0,0,0,0.0
57d88cf9,21,1805,20.1,20,19,1,0,2.05,40,25.0,15.0,-0.79,34.6,24.6,10.1,-0.4,0,0,0,0.0
57ec75bf,4,194,2.2,2,1,2,7,1.0,1,6.0,-5.0,-1.06,0.5,5.1,-4.6,-1.29,0,0,0,0.0
582a5247,17,1059,11.8,11,6,6,1,1.0,14,18.0,-4.0,0.44,11.5,19.2,-7.7,-0.33,0,0,0,0.0
5853ac44,0,0,0.0,0,0,0,2,0.0,0,0.0,0.0,0.0,0.0,0.0,0.0,0.0,0,0,0,0.0
58a2e9f6,0,0,0.0,0,0,0,1,0.0,0,0.0,0.0,0.0,0.0,0.0,0.0,0.0,0,0,0,0.0
591477c9,11,612,6.8,7,6,4,9,0.64,4,14.0,-10.0,-0.15,6.6,11.2,-4.6,0.44,0,0,0,0.0
59e4b92e,21,1830,20.3,21,17,0,0,2.05,34,22.0,12.0,2.99,21.3,20.9,0.5,0.15,0,0,0,0.0
5ad50391,20,1396,15.5,15,13,5,2,1.9,31,21.0,10.0,-0.59,27.2,17.5,9.7,-0.28,0,0,0,0.0
5b74bf2b,0,0,0.0,0,0,0,6,0.0,0,0.0,0.0,0.0,0.0,0.0,0.0,0.0,0,0,0,0.0
5c4bf6ba,16,1440,16.0,16,16,0,1,1.38,23,24.0,-1.0,-0.73,20.1,22.7,-2.6,-0.23,1440,16,16,16.0
5c50fdbc,13,296,3.3,1,0,12,1,1.31,10,3.0,7.0,1.91,7.3,5.0,2.3,0.98,0,0,0,0.0
5c899683,2,49,0.5,0,0,2,15,3.0,1,0.0,1.0,1.04,1.2,0.7,0.4,0.28,0,0,0,0.0
5d4f7d61,13,919,10.2,10,6,3,0,0.69,15,21.0,-6.0,-1.1,16.3,17.6,-1.3,-0.75,0,0,0,0.0
5d8e331f,21,1832,20.4,21,17,0,0,1.81,32,29.0,3.0,0.15,31.4,27.1,4.3,0.91,0,0,0,0.0
5dc15574,8,176,2.0,0,0,8,4,1.88,4,4.0,0.0,-0.4,2.6,1.7,0.9,0.49,0,0,0,0.0
5ddb8f9f,13,772,8.6,8,3,5,3,1.62,17,11.0,6.0,0.92,10.5,12.5,-2.1,-0.23,0,0,0,0.0
5e080f73,1,53,0.6,0,0,1,0,0.0,2,2.0,0.0,0.56,0.5,2.0,-1.5,-2.09,0,0,0,0.0
5e66fa06,22,1930,21.4,22,18,0,0,0.86,26,37.0,-11.0,-0.51,27.7,28.1,-0.4,-1.42,0,0,0,0.0
5f517064,0,0,0.0,0,0,0,1,0.0,0,0.0,0.0,0.0,0.0,0.0,0.0,0.0,0,0,0,0.0
603cb947,21,1483,16.5,15,8,6,0,0.76,22,32.0,-10.0,-0.24,23.3,24.2,-0.9,0.13,0,0,0,0.0
60734200,0,0,0.0,0,0,0,1,0.0,0,0.0,0.0,0.0,0.0,0.0,0.0,0.0,0,0,0,0.0
610aa1e9,13,1096,12.2,13,11,0,0,1.15,19,23.0,-4.0,-0.33,18.8,18.1,0.7,-0.13,0,0,0,0.0
61590953,14,1092,12.1,12,9,2,3,0.86,21,32.0,-11.0,-0.81,19.2,20.8,-1.6,-0.09,0,0,0,0.0
6190474d,19,600,6.7,4,0,15,3,1.95,10,12.0,-2.0,-0.63,9.5,10.9,-1.4,-0.52,0,0,0,0.0
626fab5f,3,176,2.0,2,0,1,8,0.33,2,6.0,-4.0,-1.65,1.0,3.9,-2.9,-1.06,0,0,0,0.0
62ab9184,17,1153,12.8,14,9,3,0,1.82,31,12.0,19.0,2.35,19.8,17.9,1.9,0.69,0,0,0,0.0
635f2732,17,818,9.1,8,2,9,1,1.06,10,17.0,-7.0,-0.31,9.2,15.1,-5.9,-0.33,0,0,0,0.0
638a4d71,22,1832,20.4,22,12,0,0,1.36,27,38.0,-11.0,-2.97,22.6,32.0,-9.5,-0.22,0,0,0,0.0
640134d6,0,0,0.0,0,0,0,1,0.0,0,0.0,0.0,0.0,0.0,0.0,0.0,0.0,0,0,0,0.0
65857fdf,6,265,3.0,3,1,3,3,1.0,1,2.0,-1.0,-0.8,3.7,2.8000000000000003,0.8,1.58,0,0,0,0.0
65bf7e2b,1,1,0.0,0,0,1,6,3.0,0,0.0,0.0,0.55,0.0,0.0,0.0,-2.48,0,0,0,0.0
66385c46,2,9,0.1,0,0,2,1,3.0,4,0.0,4.0,39.82,1.1,0.2,0.9,8.97,0,0,0,0.0
663e080e,15,1350,15.0,15,15,0,6,2.07,33,17.0,16.0,0.78,28.1,14.3,13.8,0.66,1350,15,15,15.0
677da306,13,976,10.8,10,10,3,0,1.0,12,19.0,-7.0,-0.2,12.6,17.3,-4.6,0.14,0,0,0,0.0
689c9cf4,13,715,7.9,8,4,5,3,0.77,11,25.0,-14.0,-0.62,9.5,18.5,-9.0,-0.23,0,0,0,0.0
691bef82,3,127,1.4,1,1,2,4,2.0,3,4.0,-1.0,-2.85,2.8,2.6,0.1,-1.14,0,0,0,0.0
69374ff5,9,311,3.5,2,2,7,10,0.44,5,9.0,-4.0,-0.73,4.7,5.1,-0.4,0.46,0,0,0,0.0
697dc00a,5,227,2.5,3,0,2,7,1.8,3,5.0,-2.0,-1.46,2.4,4.0,-1.6,-0.56,0,0,0,0.0
699fb8db,4,341,3.8,4,3,0,5,0.0,2,14.0,-12.0,-2.18,4.0,11.0,-7.0,-1.06,0,0,0,0.0
6a52a6c6,1,25,0.3,0,0,1,3,0.0,0,0.0,0.0,1.2,0.0,0.6,-0.6,-1.84,0,0,0,0.0
6b8887c2,19,1185,13.2,15,2,4,1,1.11,19,20.0,-1.0,0.26,16.8,15.6,1.2,-0.05,0,0,0,0.0
6bcf5582,0,0,0.0,0,0,0,2,0.0,0,0.0,0.0,0.0,0.0,0.0,0.0,0.0,0,0,0,0.0
6bd5cd5d,21,1890,21.0,21,21,0,1,2.05,35,25.0,10.0,2.48,22.9,22.7,0.1,-0.11,0,0,0,0.0
6c731625,14,222,2.5,0,0,14,3,0.86,3,8.0,-5.0,-0.75,1.9,5.6,-3.7,-0.56,0,0,0,0.0
6ce43701,18,949,10.5,11,4,7,2,1.89,24,19.0,5.0,-0.66,19.8,15.2,4.5,-0.2,0,0,0,0.0
6e17c802,4,295,3.3,3,1,1,0,1.5,5,5.0,0.0,0.69,4.1,3.5,0.7,0.79,0,0,0,0.0
6e327d0d,0,0,0.0,0,0,0,2,0.0,0,0.0,0.0,0.0,0.0,0.0,0.0,0.0,0,0,0,0.0
6ebbc28a,0,0,0.0,0,0,0,2,0.0,0,0.0,0.0,0.0,0.0,0.0,0.0,0.0,0,0,0,0.0
6ec6fde0,18,1133,12.6,11,8,7,3,0.89,10,18.0,-8.0,-0.21,15.5,19.5,-4.0,-0.54,0,0,0,0.0
6ecbddf6,13,546,6.1,6,1,7,3,0.46,8,14.0,-6.0,-0.61,6.7,10.2,-3.5,-0.11,0,0,0,0.0
6f8cd6d0,21,1743,19.4,19,16,2,0,1.38,33,33.0,0.0,0.38,27.0,29.2,-2.3,-0.23,0,0,0,0.0
706a60e1,3,95,1.1,1,0,2,7,0.0,1,3.0,-2.0,-1.37,0.6,1.2,-0.7,-0.17,0,0,0,0.0
70b20322,0,0,0.0,0,0,0,1,0.0,0,0.0,0.0,0.0,0.0,0.0,0.0,0.0,0,0,0,0.0
70dcf94d,20,1346,15.0,19,0,1,0,1.95,23,17.0,6.0,0.12,15.7,13.2,2.5,0.49,0,0,0,0.0
71ec39ef,21,1864,20.7,21,17,0,0,0.95,26,36.0,-10.0,1.84,24.2,32.8,-8.6,0.71,0,0,0,0.0
7242b495,18,1050,11.7,11,6,7,3,1.89,20,11.0,9.0,0.87,12.7,10.5,2.3,0.39,0,0,0,0.0
72984eee,11,463,5.1,5,0,6,4,0.55,4,12.0,-8.0,-0.49,5.1,8.8,-3.7,-0.41,0,0,0,0.0
73000a79,8,312,3.5,4,0,4,9,1.25,7,9.0,-2.0,-0.68,5.0,4.6,0.4,-0.18,0,0,0,0.0
74f2e748,22,1749,19.4,20,9,2,0,1.27,34,30.0,4.0,1.76,31.2,24.2,7.0,0.81,0,0,0,0.0
763b8b37,0,0,0.0,0,0,0,1,0.0,0,0.0,0.0,0.0,0.0,0.0,0.0,0.0,0,0,0,0.0
76b2817e,1,61,0.7,1,0,0,1,1.0,1,2.0,-1.0,-1.33,1.1,0.8,0.3,0.34,0,0,0,0.0
76fa965f,18,912,10.1,11,1,7,3,1.0,16,20.0,-4.0,1.8,11.9,15.9,-3.9,1.1,0,0,0,0.0
778ccc44,4,72,0.8,1,0,3,11,0.25,0,3.0,-3.0,-3.37,1.1,0.8,0.3,0.31,0,0,0,0.0
792ffa71,8,101,1.1,0,0,8,3,1.88,2,1.0,1.0,1.13,2.3,0.7,1.6,1.41,0,0,0,0.0
79c90e45,18,967,10.7,9,5,9,2,0.83,12,16.0,-4.0,0.34,15.8,13.1,2.7,0.67,0,0,0,0.0
79ca3e23,13,689,7.7,9,0,4,2,1.08,11,15.0,-4.0,-0.52,11.3,11.5,-0.2,-0.21,0,0,0,0.0
79f7302a,4,204,2.3,2,1,2,13,3.0,5,1.0,4.0,1.41,1.8,2.7,-0.8,-0.26,0,0,0,0.0
7aac47fe,4,158,1.8,0,0,4,3,0.0,2,6.0,-4.0,-1.88,2.0,4.5,-2.5,-1.46,0,0,0,0.0
7bf9400b,4,322,3.6,4,3,0,0,1.0,5,5.0,0.0,1.41,4.2,3.8,0.3,0.59,0,0,0,0.0
7c56da38,17,1335,14.8,14,12,3,0,2.0,32,20.0,12.0,-0.03,28.8,15.8,13.1,0.53,0,0,0,0.0
7ca196eb,0,0,0.0,0,0,0,1,0.0,0,0.0,0.0,0.0,0.0,0.0,0.0,0.0,0,0,0,0.0
7cd6badb,17,1107,12.3,13,1,4,2,1.24,23,23.0,0.0,0.1,17.0,19.7,-2.7,-0.29,0,0,0,0.0
7d3e7da6,3,270,3.0,3,3,0,18,3.0,15,2.0,13.0,2.75,7.6,3.3,4.4,0.33,270,3,3,3.0
7d450ed3,20,1270,14.1,15,9,5,2,1.9,27,17.0,10.0,-0.31,24.6,16.5,8.1,-0.37,0,0,0,0.0
7e12a98d,9,663,7.4,7,6,2,6,1.56,9,13.0,-4.0,-1.02,9.0,10.6,-1.6,-0.18,0,0,0,0.0
7e82a78f,9,410,4.6,4,1,5,3,0.56,3,13.0,-10.0,-1.28,5.9,8.5,-2.7,-0.24,0,0,0,0.0
7ec723b7,4,88,1.0,1,0,3,7,1.0,1,3.0,-2.0,-1.57,1.7,1.3,0.4,0.48,0,0,0,0.0
7ed08d5c,9,345,3.8,2,0,7,11,2.0,9,5.0,4.0,-1.1,8.0,3.8,4.2,-0.09,0,0,0,0.0
7f609bfc,1,18,0.2,1,0,0,2,0.0,0,0.0,0.0,0.55,0.0,0.0,0.0,0.17,0,0,0,0.0
7f73bdf4,5,142,1.6,1,0,4,1,1.2,1,2.0,-1.0,-0.1,1.4,1.3,0.0,0.56,0,0,0,0.0
7fa4e703,14,503,5.6,4,0,10,4,1.93,15,9.0,6.0,0.34,11.1,7.3,3.8,0.19,0,0,0,0.0
7ffce688,0,0,0.0,0,0,0,3,0.0,0,0.0,0.0,0.0,0.0,0.0,0.0,0.0,0,0,0,0.0
809940aa,18,1014,11.3,12,2,6,0,0.78,9,22.0,-13.0,0.06,11.2,16.4,-5.2,-0.13,0,0,0,0.0
80f252f6,0,0,0.0,0,0,0,1,0.0,0,0.0,0.0,0.0,0.0,0.0,0.0,0.0,0,0,0,0.0
80f36c88,14,496,5.5,4,0,10,7,1.29,8,9.0,-1.0,0.49,7.2,6.2,1.0,0.36,0,0,0,0.0
815c314f,22,1914,21.3,22,19,0,0,0.91,27,39.0,-12.0,0.8,24.6,33.8,-9.2,0.79,0,0,0,0.0
826e8b63,4,289,3.2,4,1,0,0,1.5,4,5.0,-1.0,-1.0,3.9,3.2,0.7,-0.02,0,0,0,0.0
829aa60c,14,285,3.2,1,0,13,7,2.21,12,4.0,8.0,0.67,6.7,2.6,4.1,0.15,0,0,0,0.0
834d0be5,15,266,3.0,2,1,13,7,1.47,4,7.0,-3.0,-1.8,4.6,2.6,2.0,0.52,0,0,0,0.0
83b9c48f,4,146,1.6,2,0,2,1,0.0,0,5.0,-5.0,-1.86,1.0,5.1,-4.1,-1.65,0,0,0,0.0
83e0eeb4,0,0,0.0,0,0,0,15,0.0,0,0.0,0.0,0.0,0.0,0.0,0.0,0.0,0,0,0,0.0
83e1f40e,16,664,7.4,6,0,10,3,0.88,10,13.0,-3.0,0.14,12.1,9.7,2.4,0.47,0,0,0,0.0
857a5abe,18,1320,14.7,14,11,4,2,1.56,26,20.0,6.0,0.82,19.8,21.5,-1.8,-0.06,0,0,0,0.0
8593f88c,21,1855,20.6,21,20,0,0,1.9,33,29.0,4.0,0.91,32.5,26.3,6.2,2.47,0,0,0,0.0
861e0116,12,642,7.1,6,3,6,1,1.0,7,17.0,-10.0,-0.06,6.7,14.7,-8.0,-0.22,0,0,0,0.0
863ff1ee,22,1312,14.6,16,6,6,0,0.73,10,28.0,-18.0,-0.16,15.1,18.7,-3.6,0.44,0,0,0,0.0
864163f3,15,913,10.1,12,0,3,2,2.07,15,16.0,-1.0,-1.7,17.9,13.3,4.6,-0.16,0,0,0,0.0
86574238,21,1830,20.3,21,12,0,0,1.38,34,36.0,-2.0,-0.7,29.4,31.1,-1.6,0.12,0,0,0,0.0
86adbcc7,9,329,3.7,5,0,4,5,1.44,4,3.0,1.0,0.55,2.9,3.2,-0.4,-0.25,0,0,0,0.0
86c75897,19,1486,16.5,17,14,2,1,1.0,23,42.0,-19.0,0.85,18.4,33.8,-15.4,0.19,0,0,0,0.0
86e119e0,22,1908,21.2,22,16,0,0,1.5,37,27.0,10.0,-0.78,28.1,30.2,-2.1,0.99,0,0,0,0.0
87436846,22,1980,22.0,22,22,0,0,1.18,32,36.0,-4.0,0.0,29.9,27.3,2.5,0.0,1980,22,22,22.0
8778c910,12,1080,12.0,12,12,0,0,2.08,36,11.0,25.0,0.28,27.6,11.4,16.2,0.39,1080,12,12,12.0
8779ddf8,11,395,4.4,4,0,7,0,1.27,9,10.0,-1.0,-0.06,8.4,6.6,1.9,0.39,0,0,0,0.0
877bc844,22,1627,18.1,19,7,3,0,0.86,20,44.0,-24.0,0.2,19.7,33.3,-13.6,1.26,0,0,0,0.0
8872ed17,15,493,5.5,3,1,12,4,1.8,9,9.0,0.0,-0.48,8.7,6.5,2.2,0.52,0,0,0,0.0
88d4144a,12,553,6.1,4,3,8,8,1.0,7,10.0,-3.0,0.14,8.7,10.6,-1.9,0.21,0,0,0,0.0
88e357ef,22,1177,13.1,14,4,8,0,2.09,42,10.0,32.0,1.21,30.1,12.5,17.6,0.43,0,0,0,0.0
8a6ab963,1,90,1.0,1,1,0,10,0.0,1,2.0,-1.0,-1.05,2.5,0.4,2.1,1.92,90,1,1,1.0
8b6e0db2,3,94,1.0,1,0,2,0,0.33,0,1.0,-1.0,-0.43,2.1,1.3,0.8,1.29,0,0,0,0.0
8bf58a80,1,46,0.5,0,0,1,2,0.0,1,2.0,-1.0,-0.79,0.7,0.8,-0.1,0.12,0,0,0,0.0
8ce30c57,2,83,0.9,1,0,1,2,2.0,0,0.0,0.0,1.23,1.0,0.9,0.1,0.55,0,0,0,0.0
8e235926,22,1613,17.9,21,1,1,0,1.86,29,20.0,9.0,1.97,29.8,20.8,8.9,1.91,0,0,0,0.0
8eb55dbb,22,1549,17.2,21,0,1,0,1.95,25,22.0,3.0,-0.87,16.2,18.8,-2.6,-0.74,0,0,0,0.0
8f056768,18,1376,15.3,15,11,3,4,2.22,35,15.0,20.0,1.61,30.3,14.6,15.7,1.04,0,0,0,0.0
8f0f2230,12,409,4.5,4,1,8,4,0.83,4,9.0,-5.0,0.1,5.6,7.1,-1.5,0.07,0,0,0,0.0
8f325097,0,0,0.0,0,0,0,3,0.0,0,0.0,0.0,0.0,0.0,0.0,0.0,0.0,0,0,0,0.0
8fe2a392,22,1980,22.0,22,22,0,0,1.5,40,29.0,11.0,0.0,29.4,32.4,-3.0,0.0,0,0,0,0.0
8ff2354e,19,1070,11.9,11,3,8,1,2.0,25,13.0,12.0,0.42,20.9,10.1,10.8,0.43,0,0,0,0.0
9050f964,0,0,0.0,0,0,0,4,0.0,0,0.0,0.0,0.0,0.0,0.0,0.0,0.0,0,0,0,0.0
90c1f9a4,1,14,0.2,0,0,1,9,0.0,1,0.0,1.0,5.65,0.3,0.1,0.2,0.97,0,0,0,0.0
90d88154,0,0,0.0,0,0,0,1,0.0,0,0.0,0.0,0.0,0.0,0.0,0.0,0.0,0,0,0,0.0
923f4dda,13,976,10.8,12,7,1,1,0.77,13,22.0,-9.0,-0.65,13.7,14.9,-1.2,-0.26,0,0,0,0.0
92432bc6,20,725,8.1,6,2,14,2,1.9,20,8.0,12.0,1.06,16.1,8.4,7.7,0.38,0,0,0,0.0
924f9191,13,1071,11.9,13,10,0,0,1.38,18,14.0,4.0,1.92,19.5,15.6,4.0,0.92,0,0,0,0.0
925bbcdc,0,0,0.0,0,0,0,2,0.0,0,0.0,0.0,0.0,0.0,0.0,0.0,0.0,0,0,0,0.0
92a16062,18,1155,12.8,13,7,5,4,1.22,17,20.0,-3.0,-0.12,16.0,15.1,0.9,-0.11,0,0,0,0.0
92d83c27,21,1118,12.4,12,5,9,0,1.52,25,21.0,4.0,-0.41,17.7,16.6,1.1,0.51,0,0,0,0.0
9321b8ed,0,0,0.0,0,0,0,11,0.0,0,0.0,0.0,0.0,0.0,0.0,0.0,0.0,0,0,0,0.0
934e1968,20,1533,17.0,18,9,2,0,1.95,35,21.0,14.0,0.02,32.2,19.8,12.3,0.07,0,0,0,0.0
93cba339,7,187,2.1,1,0,6,2,0.57,2,9.0,-7.0,-3.07,3.1,5.4,-2.3,-0.71,0,0,0,0.0
94302c52,17,1479,16.4,16,16,1,0,1.29,27,27.0,0.0,0.72,22.3,19.9,2.3,0.11,0,0,0,0.0
943b9602,0,0,0.0,0,0,0,2,0.0,0,0.0,0.0,0.0,0.0,0.0,0.0,0.0,0,0,0,0.0
94c18565,20,1450,16.1,19,4,1,0,1.15,23,24.0,-1.0,0.45,22.8,19.2,3.6,0.41,0,0,0,0.0
95bb6ddc,11,780,8.7,8,4,3,2,2.27,19,12.0,7.0,0.43,17.6,9.1,8.5,1.24,0,0,0,0.0
9642c929,8,512,5.7,5,4,3,7,0.63,6,12.0,-6.0,0.17,6.7,7.8,-1.1,0.28,0,0,0,0.0
9662c9ec,14,389,4.3,3,2,11,6,1.36,1,10.0,-9.0,-0.89,1.4,9.1,-7.6,-0.98,0,0,0,0.0
96ad92d4,0,0,0.0,0,0,0,2,0.0,0,0.0,0.0,0.0,0.0,0.0,0.0,0.0,0,0,0,0.0
97d545ae,13,1045,11.6,12,11,1,0,1.38,17,19.0,-2.0,-0.27,15.4,17.3,-1.9,-0.16,0,0,0,0.0
99f7e9aa,11,328,3.6,3,1,8,8,1.18,6,8.0,-2.0,-0.06,7.0,4.6,2.4,0.77,0,0,0,0.0
9a2e0ccc,19,898,10.0,9,0,10,3,1.84,18,17.0,1.0,-1.31,14.2,13.7,0.5,-1.2,0,0,0,0.0
9a2e3a23,6,342,3.8,5,0,1,1,1.5,6,7.0,-1.0,0.34,5.2,5.5,-0.3,0.51,0,0,0,0.0
9ab16552,8,553,6.1,6,4,2,7,1.38,10,7.0,3.0,-0.08,5.9,8.2,-2.3,-0.84,0,0,0,0.0
9af1f9ff,0,0,0.0,0,0,0,2,0.0,0,0.0,0.0,0.0,0.0,0.0,0.0,0.0,0,0,0,0.0
9b688ae1,1,62,0.7,0,0,1,21,0.0,0,1.0,-1.0,-1.17,1.1,0.6,0.5,1.23,62,1,0,0.7
9ceb7642,5,282,3.1,3,0,2,2,0.6,2,11.0,-9.0,-1.76,2.5,7.3,-4.8,-0.64,0,0,0,0.0
9dff291c,0,0,0.0,0,0,0,9,0.0,0,0.0,0.0,0.0,0.0,0.0,0.0,0.0,0,0,0,0.0
9ec9c8b6,12,706,7.8,8,4,4,5,0.67,7,13.0,-6.0,0.65,8.7,11.9,-3.2,-0.01,0,0,0,0.0
9efa1d25,21,1779,19.8,21,14,0,0,1.81,41,24.0,17.0,3.1,30.6,22.6,8.0,1.76,0,0,0,0.0
9f77012e,22,1791,19.9,22,12,0,0,0.73,12,36.0,-24.0,-0.25,21.9,29.0,-7.0,0.44,0,0,0,0.0
9f941969,22,1980,22.0,22,22,0,0,0.86,24,54.0,-30.0,0.0,22.6,44.2,-21.6,0.0,1980,22,22,22.0
9ff8ec4a,5,68,0.8,0,0,5,4,2.2,1,0.0,1.0,1.23,0.7,0.2,0.5,0.73,0,0,0,0.0
a1257b5e,1,90,1.0,1,1,0,7,0.0,2,3.0,-1.0,-0.48,0.4,1.5,-1.0,-0.57,0,0,0,0.0
a167537f,22,1675,18.6,19,10,3,0,2.09,43,20.0,23.0,2.71,34.3,20.5,13.8,1.32,0,0,0,0.0
a2a85828,13,325,3.6,2,0,11,8,1.62,8,7.0,1.0,0.17,5.6,5.2,0.4,0.26,0,0,0,0.0
a2b1ed42,4,95,1.1,1,0,3,0,0.75,0,3.0,-3.0,-2.41,0.5,1.7,-1.2,-0.68,0,0,0,0.0
a396fb61,17,1129,12.5,11,11,6,1,0.76,15,29.0,-14.0,0.58,12.7,25.5,-12.8,-0.09,0,0,0,0.0
a3ddb1b9,3,46,0.5,0,0,3,1,1.0,2,7.0,-5.0,-9.83,0.6,1.2,-0.6,-1.4,0,0,0,0.0
a45241d5,1,22,0.2,0,0,1,0,0.0,0,1.0,-1.0,-4.96,0.0,1.1,-1.1,-5.3,0,0,0,0.0
a4effc55,8,576,6.4,6,5,2,3,0.75,8,12.0,-4.0,-0.18,8.8,10.5,-1.7,-0.4,0,0,0,0.0
a53b661f,7,437,4.9,6,0,1,0,0.14,3,11.0,-8.0,-1.41,4.9,9.2,-4.3,-1.03,0,0,0,0.0
a5ae8f8e,19,1431,15.9,16,15,3,0,1.58,28,31.0,-3.0,0.47,19.0,25.4,-6.5,0.16,0,0,0,0.0
a5ec3ede,17,1123,12.5,14,10,3,3,1.47,17,19.0,-2.0,-0.69,16.6,17.6,-0.9,0.06,0,0,0,0.0
a65ce836,16,910,10.1,9,6,7,5,1.94,23,14.0,9.0,0.13,17.2,12.1,5.1,-0.06,0,0,0,0.0
a6c58494,17,1398,15.5,17,6,0,0,0.94,17,26.0,-9.0,-0.27,19.5,18.4,1.1,0.18,0,0,0,0.0
a70b8345,18,1620,18.0,18,18,0,0,2.17,31,16.0,15.0,2.58,19.2,18.2,0.9,0.23,1620,18,18,18.0
a73c8f95,22,1942,21.6,22,20,0,0,1.27,35,35.0,0.0,0.0,34.1,28.1,6.0,0.45,0,0,0,0.0
a8567629,18,1058,11.8,12,6,6,3,1.33,23,17.0,6.0,1.1,18.3,13.3,5.0,0.34,0,0,0,0.0
a8ee54ad,19,1227,13.6,14,10,5,2,1.79,35,15.0,20.0,2.42,23.5,13.1,10.4,1.41,0,0,0,0.0
a9142dc3,7,113,1.3,1,0,6,11,1.86,1,1.0,0.0,0.0,1.0,0.8,0.3,-0.04,0,0,0,0.0
a92ab7be,22,1980,22.0,22,22,0,0,1.86,35,32.0,3.0,0.0,33.4,30.2,3.2,0.0,1980,22,22,22.0
a93b6f4e,12,890,9.9,9,9,3,6,1.92,16,8.0,8.0,0.81,11.0,8.1,2.9,0.51,0,0,0,0.0
a9a6fc08,0,0,0.0,0,0,0,17,0.0,0,0.0,0.0,0.0,0.0,0.0,0.0,0.0,0,0,0,0.0
aad48be9,16,1135,12.6,12,10,4,4,1.44,20,23.0,-3.0,0.19,13.5,21.2,-7.7,-0.37,0,0,0,0.0
ab096c6f,1,25,0.3,0,0,1,3,0.0,0,0.0,0.0,1.2,0.0,0.6,-0.6,-1.75,0,0,0,0.0
ab3f1bdf,11,966,10.7,11,10,0,10,0.82,11,22.0,-11.0,0.31,11.2,16.1,-4.9,-0.11,0,0,0,0.0
ab5b7dc1,22,1651,18.3,19,12,3,0,0.73,13,37.0,-24.0,-0.76,20.8,25.0,-4.2,1.0,0,0,0,0.0
ab679ecf,0,0,0.0,0,0,0,12,0.0,0,0.0,0.0,0.0,0.0,0.0,0.0,0.0,0,0,0,0.0
ab700320,18,1098,12.2,13,3,5,3,0.94,10,22.0,-12.0,-0.98,11.1,19.3,-8.2,-0.39,0,0,0,0.0
ad00b1a8,20,1546,17.2,19,12,1,0,1.15,25,24.0,1.0,1.1,22.2,20.3,1.9,-0.03,0,0,0,0.0
ad2b068c,0,0,0.0,0,0,0,1,0.0,0,0.0,0.0,0.0,0.0,0.0,0.0,0.0,0,0,0,0.0
ad3389d5,21,1889,21.0,21,20,0,0,1.33,35,34.0,1.0,1.04,31.7,27.8,3.9,-1.78,1889,21,21,21.0
ae44e8e2,13,747,8.3,10,2,3,0,1.92,21,8.0,13.0,1.2,15.7,5.9,9.9,0.77,0,0,0,0.0
ae7058f9,9,756,8.4,9,7,0,5,1.44,13,8.0,5.0,1.26,11.6,8.6,3.0,0.39,0,0,0,0.0
ae9b998d,2,4,0.0,0,0,2,2,0.0,0,1.0,-1.0,-22.68,0.4,0.7,-0.3,-7.75,0,0,0,0.0
aeed5c06,21,1719,19.1,21,11,0,0,1.33,31,28.0,3.0,1.19,29.5,23.5,6.0,0.36,0,0,0,0.0
af0d79a9,16,1167,13.0,13,10,3,0,1.0,19,25.0,-6.0,0.09,19.2,16.7,2.4,0.42,0,0,0,0.0
af104654,22,1980,22.0,22,22,0,0,0.91,27,40.0,-13.0,0.0,24.8,34.9,-10.1,0.0,1980,22,22,22.0
af842091,13,1027,11.4,12,8,1,5,1.0,15,19.0,-4.0,0.5,13.7,14.9,-1.2,0.73,0,0,0,0.0
b116c6e3,14,626,7.0,7,2,7,3,1.29,14,11.0,3.0,0.9,9.4,6.7,2.7,0.4,0,0,0,0.0
b1cd37e6,1,74,0.8,1,0,0,0,0.0,1,5.0,-4.0,-5.62,0.8,3.5,-2.7,-3.71,0,0,0,0.0
b3325a30,21,1466,16.3,19,5,2,0,0.9,19,30.0,-11.0,-0.33,17.7,26.8,-9.1,-0.38,0,0,0,0.0
b3b7f5a6,4,79,0.9,0,0,4,15,2.25,1,5.0,-4.0,-5.31,1.2,1.7,-0.4,-0.76,0,0,0,0.0
b4705807,6,323,3.6,3,2,3,1,1.33,7,2.0,5.0,1.01,4.0,4.4,-0.4,-0.41,0,0,0,0.0
b492126a,16,845,9.4,11,2,5,0,0.94,11,18.0,-7.0,-0.43,11.8,13.0,-1.2,-0.24,0,0,0,0.0
b4b08774,0,0,0.0,0,0,0,1,0.0,0,0.0,0.0,0.0,0.0,0.0,0.0,0.0,0,0,0,0.0
b4c816a9,17,1173,13.0,13,4,4,1,0.76,14,18.0,-4.0,0.7,13.0,19.6,-6.6,-0.12,0,0,0,0.0
b56dd813,4,360,4.0,4,4,0,18,1.0,5,8.0,-3.0,-1.92,6.4,4.6,1.9,-0.08,360,4,4,4.0
b684a484,20,1071,11.9,14,1,6,1,2.1,16,12.0,4.0,-0.06,13.4,12.9,0.5,0.07,0,0,0,0.0
b74277a0,11,556,6.2,6,3,5,4,2.36,25,9.0,16.0,0.88,14.7,8.4,6.4,-0.19,0,0,0,0.0
b76d296b,0,0,0.0,0,0,0,1,0.0,0,0.0,0.0,0.0,0.0,0.0,0.0,0.0,0,0,0,0.0
b77f44a4,15,964,10.7,10,10,5,6,1.27,21,22.0,-1.0,-0.09,16.2,17.5,-1.2,-0.05,0,0,0,0.0
b825a650,18,798,8.9,10,2,8,3,2.06,16,15.0,1.0,-1.18,14.7,10.3,4.3,-0.37,0,0,0,0.0
b8e740fb,13,296,3.3,1,0,12,7,2.15,10,4.0,6.0,-0.15,5.2,3.1,2.0,-0.65,0,0,0,0.0
b90c4a43,1,90,1.0,1,1,0,21,1.0,1,1.0,0.0,-0.57,0.2,1.9,-1.8,-2.08,90,1,1,1.0
b9ae8560,14,668,7.4,6,1,8,7,1.29,11,10.0,1.0,0.68,8.7,9.2,-0.4,0.59,0,0,0,0.0
ba115a40,7,341,3.8,3,0,4,0,3.0,13,2.0,11.0,2.52,7.9,4.2,3.8,0.55,0,0,0,0.0
bb13d261,0,0,0.0,0,0,0,4,0.0,0,0.0,0.0,0.0,0.0,0.0,0.0,0.0,0,0,0,0.0
bbd79358,3,72,0.8,0,0,3,1,1.0,1,1.0,0.0,1.42,1.1,2.1,-1.0,-0.28,0,0,0,0.0
bbd86530,14,663,7.4,5,4,9,2,1.93,19,9.0,10.0,1.22,12.8,9.1,3.7,0.41,0,0,0,0.0
bc249af8,7,323,3.6,3,0,4,0,0.86,4,7.0,-3.0,-0.29,4.8,5.1,-0.3,0.46,0,0,0,0.0
bc6bd723,18,1218,13.5,14,6,4,1,1.22,21,22.0,-1.0,-0.07,18.7,17.3,1.4,0.49,0,0,0,0.0
bcb2ccd8,6,540,6.0,6,6,0,0,1.33,10,10.0,0.0,-1.13,9.6,8.8,0.8,-0.79,540,6,6,6.0
bd142efb,21,1583,17.6,18,15,3,0,1.29,25,33.0,-8.0,-2.27,24.9,24.0,0.9,-1.08,0,0,0,0.0
bd527260,19,695,7.7,4,2,15,2,1.11,10,16.0,-6.0,-0.92,10.5,11.6,-1.1,-0.4,0,0,0,0.0
bd6351cd,4,224,2.5,2,0,2,0,2.25,7,3.0,4.0,-0.39,3.5,4.4,-0.9,-1.75,0,0,0,0.0
bd7d2e6d,5,404,4.5,5,3,0,6,1.4,3,7.0,-4.0,-1.58,4.4,4.0,0.3,0.08,0,0,0,0.0
bdedffac,1,90,1.0,1,1,0,12,3.0,2,0.0,2.0,1.24,1.2,0.1,1.0,0.32,90,1,1,1.0
be42a291,11,320,3.6,3,0,8,3,1.36,7,7.0,0.0,0.05,4.7,6.4,-1.7,-0.45,0,0,0,0.0
beb882a8,21,1573,17.5,17,10,4,0,1.81,26,27.0,-1.0,-0.94,23.2,24.5,-1.4,-1.08,0,0,0,0.0
bee0bab1,6,82,0.9,1,0,5,4,1.5,0,1.0,-1.0,-1.14,1.5,1.7,-0.2,-0.55,0,0,0,0.0
bf075f6b,12,555,6.2,6,1,6,1,2.08,9,10.0,-1.0,-0.41,9.6,9.2,0.5,-0.1,0,0,0,0.0
c05f2f8c,15,1175,13.1,15,9,0,1,1.27,19,27.0,-8.0,1.85,14.0,21.0,-7.1,1.09,0,0,0,0.0
c0b3669f,21,1689,18.8,20,6,1,0,1.81,37,20.0,17.0,2.45,26.7,20.9,5.7,0.54,0,0,0,0.0
c149016b,21,1842,20.5,21,18,0,0,0.9,25,35.0,-10.0,0.16,27.4,25.5,1.8,1.02,0,0,0,0.0
c18d22f5,3,88,1.0,1,0,2,14,0.33,0,3.0,-3.0,-2.59,0.3,1.4,-1.1,-0.67,0,0,0,0.0
c1b7847c,11,780,8.7,9,5,2,0,1.82,15,10.0,5.0,-0.4,14.1,8.1,5.9,-0.04,0,0,0,0.0
c2009df3,20,1744,19.4,20,18,0,0,1.25,31,32.0,-1.0,1.09,28.0,23.9,4.1,0.81,0,0,0,0.0
c2211709,21,1866,20.7,21,20,0,0,1.19,30,35.0,-5.0,-1.03,28.3,26.3,2.0,-0.35,0,0,0,0.0
c3d8705d,0,0,0.0,0,0,0,2,0.0,0,0.0,0.0,0.0,0.0,0.0,0.0,0.0,0,0,0,0.0
c3ee18ef,7,476,5.3,6,2,1,2,2.71,19,3.0,16.0,1.41,16.0,4.2,11.8,1.39,0,0,0,0.0
c41f7379,0,0,0.0,0,0,0,4,0.0,0,0.0,0.0,0.0,0.0,0.0,0.0,0.0,0,0,0,0.0
c455a2b2,15,903,10.0,10,2,5,0,1.27,14,14.0,0.0,0.33,14.4,12.0,2.4,0.23,0,0,0,0.0
c4987edc,18,1548,17.2,18,17,0,1,1.94,29,23.0,6.0,-0.07,18.4,18.7,-0.3,-0.13,0,0,0,0.0
c631f952,7,570,6.3,7,6,0,0,1.0,10,12.0,-2.0,-0.38,7.5,10.0,-2.5,-0.43,570,7,7,6.3
c64c01fc,15,1009,11.2,11,4,4,0,1.2,17,15.0,2.0,1.48,16.5,16.1,0.3,0.24,0,0,0,0.0
c6608135,1,27,0.3,0,0,1,0,1.0,0,0.0,0.0,0.51,0.1,1.1,-1.1,-3.59,0,0,0,0.0
c68b1b13,1,58,0.6,1,0,0,2,3.0,0,1.0,-1.0,-1.97,0.2,1.0,-0.8,-1.32,0,0,0,0.0
c68da769,21,553,6.1,4,1,17,1,1.76,8,13.0,-5.0,-1.89,7.7,10.6,-2.9,-0.97,0,0,0,0.0
c691bfe2,15,932,10.4,12,3,3,0,2.27,33,10.0,23.0,0.5,24.2,10.6,13.7,0.28,0,0,0,0.0
c6cf860f,2,17,0.2,0,0,2,3,3.0,0,0.0,0.0,-0.14,0.0,0.1,-0.1,-0.56,0,0,0,0.0
c7d84763,0,0,0.0,0,0,0,2,0.0,0,0.0,0.0,0.0,0.0,0.0,0.0,0.0,0,0,0,0.0
c89e8aae,0,0,0.0,0,0,0,22,0.0,0,0.0,0.0,0.0,0.0,0.0,0.0,0.0,0,0,0,0.0
c8b3a472,7,71,0.8,0,0,7,4,1.29,3,1.0,2.0,2.96,2.0,1.2,0.7,1.42,0,0,0,0.0
c8c60119,3,163,1.8,2,1,1,6,1.33,2,7.0,-5.0,-3.6,2.3,5.2,-2.9,-2.02,0,0,0,0.0
c967f6b8,8,381,4.2,3,3,5,13,2.13,8,3.0,5.0,0.79,5.0,7.6,-2.6,-1.03,0,0,0,0.0
ca591488,0,0,0.0,0,0,0,1,0.0,0,0.0,0.0,0.0,0.0,0.0,0.0,0.0,0,0,0,0.0
ca618d23,14,548,6.1,5,1,9,0,1.71,9,11.0,-2.0,-0.64,7.2,11.3,-4.1,-1.13,0,0,0,0.0
ca8033cb,6,379,4.2,4,4,2,3,1.5,5,3.0,2.0,-0.42,6.7,3.7,3.0,0.01,0,0,0,0.0
caffaf5a,22,1968,21.9,22,21,0,0,0.73,16,41.0,-25.0,6.36,24.1,32.3,-8.2,3.48,0,0,0,0.0
cb11b429,15,1006,11.2,14,0,1,0,1.67,22,15.0,7.0,0.26,15.9,13.8,2.1,0.66,0,0,0,0.0
cb64672e,2,25,0.3,0,0,2,8,3.0,0,1.0,-1.0,-5.63,0.2,0.2,0.0,-1.15,0,0,0,0.0
cb6d81b3,3,49,0.5,0,0,3,9,1.33,1,2.0,-1.0,-1.56,0.4,2.4,-2.0,-3.16,0,0,0,0.0
cb83822a,0,0,0.0,0,0,0,1,0.0,0,0.0,0.0,0.0,0.0,0.0,0.0,0.0,0,0,0,0.0
cbac6ec9,19,1710,19.0,19,19,0,3,0.84,22,34.0,-12.0,-0.96,25.4,24.6,0.8,0.17,1710,19,19,19.0
cc7c1706,0,0,0.0,0,0,0,2,0.0,0,0.0,0.0,0.0,0.0,0.0,0.0,0.0,0,0,0,0.0
cc83b74d,7,284,3.2,3,1,4,0,0.14,4,12.0,-8.0,-2.32,4.5,5.8,-1.3,-0.38,0,0,0,0.0
cc86b9a3,17,1167,13.0,15,6,2,0,2.06,36,15.0,21.0,-0.82,27.3,16.9,10.4,-0.9,0,0,0,0.0
cc971106,1,3,0.0,0,0,1,12,0.0,0,0.0,0.0,0.05,0.0,0.0,0.0,0.09,0,0,0,0.0
ccc6d365,0,0,0.0,0,0,0,4,0.0,0,0.0,0.0,0.0,0.0,0.0,0.0,0.0,0,0,0,0.0
cd59b9df,18,1620,18.0,18,18,0,1,2.33,40,19.0,21.0,1.92,32.1,22.2,9.9,0.08,1620,18,18,18.0
cd61c7af,1,6,0.1,0,0,1,0,0.0,0,0.0,0.0,0.5,0.1,0.0,0.0,0.53,0,0,0,0.0
cd682b6b,1,17,0.2,0,0,1,2,0.0,0,2.0,-2.0,-11.18,0.0,1.1,-1.1,-5.73,0,0,0,0.0
cd82452e,7,391,4.3,4,3,3,0,1.71,6,6.0,0.0,0.68,4.7,8.2,-3.5,-0.38,0,0,0,0.0
ce17b5eb,21,1890,21.0,21,21,0,0,1.76,42,30.0,12.0,0.57,32.3,25.5,6.7,2.08,1890,21,21,21.0
ce81d82d,1,1,0.0,0,0,1,3,3.0,0,0.0,0.0,0.0,0.0,0.0,0.0,-0.27,0,0,0,0.0
d01b9ad6,0,0,0.0,0,0,0,2,0.0,0,0.0,0.0,0.0,0.0,0.0,0.0,0.0,0,0,0,0.0
d01bbb6f,22,1584,17.6,20,1,2,0,1.86,32,24.0,8.0,1.59,29.1,21.3,7.8,1.48,0,0,0,0.0
d0975397,0,0,0.0,0,0,0,7,0.0,0,0.0,0.0,0.0,0.0,0.0,0.0,0.0,0,0,0,0.0
d1273f09,12,264,2.9,2,1,10,10,0.92,2,10.0,-8.0,-2.52,1.3,7.6,-6.3,-1.9,0,0,0,0.0
d1b49282,15,522,5.8,5,0,10,1,1.67,9,11.0,-2.0,-0.96,5.6,9.7,-4.1,-0.98,0,0,0,0.0
d1db4b83,3,63,0.7,0,0,3,1,0.33,0,2.0,-2.0,-1.73,0.6,2.5,-1.8,-2.3,0,0,0,0.0
d2416c2e,13,253,2.8,2,0,11,2,2.08,7,2.0,5.0,1.1,4.4,3.8,0.5,-0.6,0,0,0,0.0
d248cd8f,20,1707,19.0,20,18,0,0,2.0,54,16.0,38.0,0.36,42.2,17.2,25.0,1.07,0,0,0,0.0
d28339cb,3,270,3.0,3,3,0,18,1.0,5,4.0,1.0,0.96,3.8,4.2,-0.4,-0.17,270,3,3,3.0
d2a40856,0,0,0.0,0,0,0,2,0.0,0,0.0,0.0,0.0,0.0,0.0,0.0,0.0,0,0,0,0.0
d2c580ce,15,438,4.9,5,1,10,5,2.0,8,5.0,3.0,0.62,8.6,6.8,1.8,0.28,0,0,0,0.0
d3d77413,5,143,1.6,1,0,4,8,0.4,2,4.0,-2.0,-0.77,2.4,2.3,0.1,0.16,0,0,0,0.0
d4a2533d,6,271,3.0,3,0,3,6,1.17,2,5.0,-3.0,-1.73,2.1,4.5,-2.4,-0.76,0,0,0,0.0
d5980989,0,0,0.0,0,0,0,7,0.0,0,0.0,0.0,0.0,0.0,0.0,0.0,0.0,0,0,0,0.0
d6862409,19,1223,13.6,14,4,5,1,2.27,20,20.0,0.0,1.71,17.7,19.9,-2.3000000000000003,1.12,0,0,0,0.0
d6e53a3a,19,1336,14.8,15,12,4,1,1.95,40,11.0,29.0,0.0,29.0,13.6,15.4,-0.41,0,0,0,0.0
d75f3980,6,426,4.7,6,3,0,0,0.67,0,7.0,-7.0,-0.38,5.2,5.8,-0.6,0.34,0,0,0,0.0
d781d855,19,1578,17.5,18,14,1,0,1.95,46,18.0,28.0,-1.76,35.9,18.0,17.9,-0.73,0,0,0,0.0
d7f2715f,0,0,0.0,0,0,0,2,0.0,0,0.0,0.0,0.0,0.0,0.0,0.0,0.0,0,0,0,0.0
d82a310a,2,17,0.2,0,0,2,2,1.5,0,0.0,0.0,0.18,1.2,0.0,1.2,6.27,0,0,0,0.0
d9cfca3d,0,0,0.0,0,0,0,1,0.0,0,0.0,0.0,0.0,0.0,0.0,0.0,0.0,0,0,0,0.0
daa78200,0,0,0.0,0,0,0,1,0.0,0,0.0,0.0,0.0,0.0,0.0,0.0,0.0,0,0,0,0.0
db401046,22,1980,22.0,22,22,0,0,1.5,40,29.0,11.0,0.0,29.4,32.4,-3.0,0.0,1980,22,22,22.0
db4ed67b,5,198,2.2,3,1,2,4,2.4,2,1.0,1.0,-0.4,3.1,2.2,0.9,-0.14,0,0,0,0.0
dbd1b101,0,0,0.0,0,0,0,5,0.0,0,0.0,0.0,0.0,0.0,0.0,0.0,0.0,0,0,0,0.0
dc366c36,4,360,4.0,4,4,0,10,0.5,7,9.0,-2.0,0.06,5.0,8.3,-3.3,-0.39,360,4,4,4.0
dc62fbee,15,950,10.6,13,3,2,1,1.53,17,19.0,-2.0,0.25,9.5,16.0,-6.6,-0.33,0,0,0,0.0
dcfb17f4,14,731,8.1,7,1,7,1,1.57,13,10.0,3.0,0.59,13.4,7.4,6.1,0.75,0,0,0,0.0
dd2e62da,2,19,0.2,0,0,2,11,1.5,1,2.0,-1.0,-4.23,1.4,1.2,0.1,0.79,0,0,0,0.0
dd5bbe0d,3,66,0.7,0,0,3,1,0.0,1,2.0,-1.0,-0.85,2.1,1.8,0.3,0.92,0,0,0,0.0
dd676a97,10,133,1.5,0,0,10,10,1.7,0,4.0,-4.0,-3.05,1.1,3.7,-2.5,-1.94,0,0,0,0.0
de4cac2d,19,1370,15.2,17,5,2,0,1.0,20,24.0,-4.0,0.77,19.9,18.4,1.4,0.25,0,0,0,0.0
de838f86,22,1702,18.9,21,7,1,0,1.36,25,38.0,-13.0,-2.63,18.9,31.0,-12.1,-1.34,0,0,0,0.0
dee3013b,6,540,6.0,6,6,0,16,1.67,14,10.0,4.0,0.73,10.0,9.6,0.4,0.23,540,6,6,6.0
dfb6490a,17,148,1.6,0,0,17,3,1.41,5,8.0,-3.0,-1.92,3.4,4.6,-1.3,-0.74,0,0,0,0.0
e0b113a7,20,1596,17.7,19,15,1,0,1.25,32,31.0,1.0,0.29,27.9,24.7,3.2,-0.44,0,0,0,0.0
e110ea4b,12,328,3.6,3,0,9,6,0.67,2,5.0,-3.0,-0.93,3.4,5.3,-1.9,-0.53,0,0,0,0.0
e12b0b5b,18,798,8.9,10,0,8,1,1.72,17,18.0,-1.0,-1.1,11.2,11.8,-0.6,-0.49,0,0,0,0.0
e162b013,9,566,6.3,7,5,2,3,2.0,5,9.0,-4.0,-2.04,10.9,7.8,3.1,-0.07,0,0,0,0.0
e18098de,16,959,10.7,12,6,4,5,1.06,14,23.0,-9.0,-0.49,12.6,16.8,-4.2,0.12,0,0,0,0.0
e1830c52,1,1,0.0,0,0,1,4,3.0,0,0.0,0.0,0.32,0.0,0.0,0.0,0.45,0,0,0,0.0
e27da244,4,360,4.0,4,4,0,1,0.0,4,13.0,-9.0,-2.08,4.2,7.3,-3.1,-0.84,0,0,0,0.0
e280527c,15,628,7.0,7,2,8,3,2.27,22,3.0,19.0,1.13,16.9,3.7,13.2,1.05,0,0,0,0.0
e33c06cf,19,1242,13.8,14,11,5,1,1.95,30,21.0,9.0,-0.45,24.2,19.2,5.0,-0.47,0,0,0,0.0
e3d3fbeb,2,23,0.3,0,0,2,6,3.0,1,0.0,1.0,3.82,1.0,0.7,0.3,0.9,0,0,0,0.0
e4c18ef8,0,0,0.0,0,0,0,3,0.0,0,0.0,0.0,0.0,0.0,0.0,0.0,0.0,0,0,0,0.0
e547d3cf,4,226,2.5,2,1,2,1,0.0,2,4.0,-2.0,-0.28,2.8,4.7,-1.9,-0.74,0,0,0,0.0
e5649a78,21,1703,18.9,19,13,2,0,0.76,19,48.0,-29.0,-1.21,20.6,38.9,-18.3,0.09,0,0,0,0.0
e5a35ae9,11,351,3.9,4,0,7,8,1.18,7,6.0,1.0,-0.3,4.7,6.7,-2.0,-0.45,0,0,0,0.0
e5d85da8,21,1336,14.8,16,1,5,1,1.19,22,25.0,-3.0,-0.06,19.0,18.8,0.2,-0.31,0,0,0,0.0
e61bdd69,4,230,2.6,3,0,1,0,0.75,3,5.0,-2.0,-0.32,2.5,3.0,-0.5,-0.24,0,0,0,0.0
e6c43eec,13,524,5.8,4,3,9,7,1.15,6,9.0,-3.0,-1.38,5.5,9.5,-4.0,-0.75,0,0,0,0.0
e717705a,17,1277,14.2,14,11,3,3,0.71,8,23.0,-15.0,0.35,13.3,22.8,-9.5,-0.78,0,0,0,0.0
e75129bd,0,0,0.0,0,0,0,4,0.0,0,0.0,0.0,0.0,0.0,0.0,0.0,0.0,0,0,0,0.0
e79269bd,9,233,2.6,2,1,7,11,1.44,6,6.0,0.0,0.05,2.9,6.1,-3.2,-1.31,0,0,0,0.0
e7f3e8a7,15,790,8.8,9,1,6,0,0.93,9,8.0,1.0,1.17,9.8,11.7,-1.9,0.4,0,0,0,0.0
e7fcf289,7,357,4.0,3,1,4,0,1.43,7,6.0,1.0,0.31,6.4,4.1,2.2,0.36,0,0,0,0.0
e81f0356,0,0,0.0,0,0,0,2,0.0,0,0.0,0.0,0.0,0.0,0.0,0.0,0.0,0,0,0,0.0
e82adcab,16,925,10.3,11,4,5,1,1.44,15,14.0,1.0,0.18,16.5,10.8,5.7,0.54,0,0,0,0.0
e92cd3f7,1,6,0.1,0,0,1,1,1.0,0,0.0,0.0,-0.82,0.2,0.0,0.2,2.07,0,0,0,0.0
ea003d07,1,4,0.0,0,0,1,1,0.0,0,0.0,0.0,0.0,0.2,0.0,0.2,3.98,0,0,0,0.0
ea0893d6,7,237,2.6,2,0,5,0,1.29,2,2.0,0.0,0.62,3.2,2.7,0.5,0.8,0,0,0,0.0
ea42c03f,12,923,10.3,10,9,2,0,0.92,14,20.0,-6.0,0.01,10.8,17.0,-6.1,-0.26,0,0,0,0.0
eac044ad,13,541,6.0,4,1,9,5,1.38,13,11.0,2.0,1.21,11.4,7.7,3.7,0.96,0,0,0,0.0
eb3e717e,0,0,0.0,0,0,0,16,0.0,0,0.0,0.0,0.0,0.0,0.0,0.0,0.0,0,0,0,0.0
eb6e14be,16,1322,14.7,16,8,0,0,1.25,17,22.0,-5.0,0.62,17.7,18.9,-1.1,1.27,0,0,0,0.0
ebb32f3a,0,0,0.0,0,0,0,1,0.0,0,0.0,0.0,0.0,0.0,0.0,0.0,0.0,0,0,0,0.0
ed79b7d3,21,1667,18.5,21,11,0,0,1.0,23,34.0,-11.0,-0.31,21.2,28.1,-6.9,0.82,0,0,0,0.0
ee644761,5,450,5.0,5,5,0,0,1.4,2,1.0,1.0,1.79,5.5,4.8,0.7,0.7,0,0,0,0.0
ee7cdd0c,0,0,0.0,0,0,0,1,0.0,0,0.0,0.0,0.0,0.0,0.0,0.0,0.0,0,0,0,0.0
eec1f7f4,0,0,0.0,0,0,0,6,0.0,0,0.0,0.0,0.0,0.0,0.0,0.0,0.0,0,0,0,0.0
f0a37d36,18,1515,16.8,18,12,0,0,0.56,9,35.0,-26.0,-1.54,18.2,25.1,-6.9,-0.06,0,0,0,0.0
f1bc3876,1,5,0.1,0,0,1,1,0.0,0,0.0,0.0,0.5,0.0,0.1,-0.1,-1.83,0,0,0,0.0
f1e855eb,5,379,4.2,5,1,0,0,0.6,1,5.0,-4.0,0.29,4.6,5.3,-0.7,0.28,0,0,0,0.0
f24ea523,15,834,9.2,10,2,5,5,2.93,13,13.0,0.0,0.04,10.3,10.399999999999999,-0.2,-0.08,0,0,0,0.0
f26834c7,21,1831,20.3,21,13,0,0,1.38,31,31.0,0.0,-1.81,27.2,29.3,-2.1,-0.03,0,0,0,0.0
f26dee6b,0,0,0.0,0,0,0,3,0.0,0,0.0,0.0,0.0,0.0,0.0,0.0,0.0,0,0,0,0.0
f27680d9,15,1272,14.1,15,8,0,0,0.87,13,32.0,-19.0,0.05,13.3,28.8,-15.5,-0.33,0,0,0,0.0
f2dd9a21,13,961,10.7,12,7,1,1,1.08,15,17.0,-2.0,0.7,11.7,20.0,-8.3,-0.53,0,0,0,0.0
f36c432f,9,410,4.6,4,1,5,2,0.89,7,5.0,2.0,1.3,6.7,7.3,-0.6,0.4,0,0,0,0.0
f4ec4fd0,10,145,1.6,1,0,9,9,0.5,0,5.0,-5.0,-2.71,1.1,3.0,-1.9,-0.75,0,0,0,0.0
f503ef6e,7,146,1.6,0,0,7,6,0.57,0,3.0,-3.0,-1.41,1.4,4.3,-2.8,-1.37,0,0,0,0.0
f521b80a,22,1980,22.0,22,22,0,0,1.86,35,32.0,3.0,0.0,33.4,30.2,3.2,0.0,0,0,0,0.0
f582d5c1,1,1,0.0,0,0,1,12,3.0,0,0.0,0.0,-0.82,0.0,0.0,0.0,-0.71,0,0,0,0.0
f5c4fd91,1,14,0.2,0,0,1,3,3.0,0,0.0,0.0,-1.97,0.9,0.0,0.9,4.57,0,0,0,0.0
f631c17f,15,268,3.0,1,0,14,3,1.2,11,7.0,4.0,1.92,7.0,8.0,-0.9,0.16,0,0,0,0.0
f67c9d29,13,1164,12.9,13,12,0,4,2.08,22,16.0,6.0,0.24,14.5,16.1,-1.5,-0.32,0,0,0,0.0
f68b64fc,18,1207,13.4,14,9,4,0,1.28,19,23.0,-4.0,-1.11,18.7,20.5,-1.8,-0.08,0,0,0,0.0
f6bdc830,8,481,5.4,5,5,3,14,4.0,6,14.0,-8.0,-0.37,6.2,9.3,-3.1,-0.43,0,0,0,0.0
f76022e7,12,365,4.1,3,0,9,5,1.08,7,9.0,-2.0,0.01,5.6,8.3,-2.6,-0.82,0,0,0,0.0
f79759b4,0,0,0.0,0,0,0,1,0.0,0,0.0,0.0,0.0,0.0,0.0,0.0,0.0,0,0,0,0.0
f7aa75bd,19,1491,16.6,18,14,1,1,1.0,22,31.0,-9.0,0.19,17.7,25.4,-7.8,-0.04,0,0,0,0.0
f86ad3f5,20,1694,18.8,20,17,0,0,1.35,32,36.0,-4.0,0.73,21.9,28.8,-6.9,0.58,0,0,0,0.0
f86cd5df,1,8,0.1,0,0,1,1,0.0,0,0.0,0.0,-0.5,0.1,0.1,0.0,-0.11,0,0,0,0.0
f93e6e94,18,205,2.3,0,0,18,4,1.94,3,7.0,-4.0,-2.11,2.4,6.0,-3.6,-1.95,0,0,0,0.0
f9446dcd,5,272,3.0,2,2,3,0,0.4,3,6.0,-3.0,-1.73,2.8,7.4,-4.6,-1.61,0,0,0,0.0
f972644c,19,1111,12.3,12,5,7,1,1.0,18,27.0,-9.0,-0.31,13.8,20.7,-6.9,-0.24,0,0,0,0.0
f9dfb7ae,5,223,2.5,2,2,3,5,1.2,2,8.0,-6.0,-1.4,2.6,6.0,-3.5,-1.14,0,0,0,0.0
fa4cabd1,2,180,2.0,2,2,0,10,1.5,5,4.0,1.0,0.6,2.9,5.0,-2.1,-1.08,180,2,2,2.0
fa661778,15,871,9.7,9,4,6,1,2.47,22,8.0,14.0,1.12,15.6,9.3,6.4,0.22,0,0,0,0.0
fb377d11,13,661,7.3,7,3,6,2,0.92,6,9.0,-3.0,0.14,8.9,6.9,2.0,0.37,0,0,0,0.0
fbbc8e15,1,9,0.1,0,0,1,3,3.0,0,0.0,0.0,0.55,0.1,0.0,0.0,0.77,0,0,0,0.0
fc3697dd,12,639,7.1,7,1,5,1,1.0,7,7.0,0.0,1.74,9.8,9.2,0.5,0.69,0,0,0,0.0
fc62f087,5,436,4.8,5,4,0,6,2.6,11,4.0,7.0,0.8,7.9,4.6,3.3,-0.04,0,0,0,0.0
fc8fcbd1,3,236,2.6,3,1,0,0,1.0,1,5.0,-4.0,-1.11,2.0,3.4,-1.5,-0.06,0,0,0,0.0
fcb27134,13,825,9.2,11,4,2,5,1.85,19,11.0,8.0,0.09,15.5,7.9,7.5,0.19,0,0,0,0.0
fd53759d,14,558,6.2,5,2,9,0,1.07,9,7.0,2.0,0.7,9.0,5.6,3.3,0.59,0,0,0,0.0
fe37496d,0,0,0.0,0,0,0,4,0.0,0,0.0,0.0,0.0,0.0,0.0,0.0,0.0,0,0,0,0.0
fe46e261,12,386,4.3,2,1,10,6,0.83,3,8.0,-5.0,0.02,5.3,6.0,-0.6,0.31,0,0,0,0.0
fe641c1a,3,231,2.6,3,1,0,1,0.0,2,8.0,-6.0,-2.03,1.8,5.2,-3.3,-1.37,0,0,0,0.0
ff3d391c,12,256,2.8,1,0,11,9,0.58,3,5.0,-2.0,-0.23,5.4,5.1,0.2,0.07,0,0,0,0.0
ff5ea0bf,3,270,3.0,3,3,0,1,0.67,3,8.0,-5.0,-0.56,4.3,3.7,0.7,0.71,0,0,0,0.0
ff98492b,16,1051,11.7,14,4,2,0,1.13,19,18.0,1.0,1.35,18.4,17.9,0.5,0.28,0,0,0,0.0
