id,Cmp,Att,TotDist,PrgDist,Cmp.1,Att.1,Cmp.2,Att.2,Cmp.3,Att.3,Ast,xAG,xA,A-xAG,KP,1/3,PPA,CrsPA,PrgP
5bc43860,435,583,5499,1608,251,308,113,146,16,44,2,3.2,1.7,-1.2,33,33,12,2,64
f2bf1b0f,256,389,3621,842,162,218,55,87,22,31,2,2.5,1.8,-0.5,21,17,10,2,23
2b09d998,1012,1234,15235,4727,558,634,355,422,59,99,0,1.3,0.9,-1.3,23,99,12,0,126
c81d773d,474,592,9865,3618,117,134,307,347,46,95,0,0.0,0.1,0.0,1,29,2,0,36
288e1e13,236,306,4718,2088,83,94,118,138,31,66,0,0.1,0.2,-0.1,2,14,3,0,15
a6c58494,15,21,254,100,8,10,6,8,1,2,0,0.0,0.0,0.0,0,2,0,0,1
9b398aea,409,502,6269,2150,230,258,149,180,20,30,0,1.0,0.8,-1.0,7,26,13,5,38
a8c0acb7,259,345,4480,1887,131,159,102,128,23,40,0,0.0,0.1,0.0,1,20,3,1,31
89ac64a6,1213,1291,20932,6668,540,555,584,610,74,101,1,0.2,0.3,0.8,4,85,2,1,77
eaeca114,1165,1285,19234,6873,546,577,549,590,54,80,0,0.3,0.8,-0.3,6,101,8,1,104
b827d5b3,90,149,1447,551,49,61,23,34,12,34,0,0.9,0.4,-0.9,6,6,5,2,7
77e84962,842,980,15197,4456,393,424,299,340,121,153,0,1.1,1.2,-1.1,17,95,19,0,107
4abac767,37,49,557,145,19,25,14,14,2,7,0,0.0,0.0,0.0,1,2,1,0,6
cd1acf9d,1234,1682,23174,9415,582,659,453,591,180,371,2,5.5,4.5,-3.5,42,127,53,19,134
7a2e46a8,750,872,17325,11165,193,194,383,390,169,280,1,0.3,0.0,0.7,1,11,0,0,1
cea4ee8f,12,15,123,10,6,8,4,5,0,0,0,0.0,0.0,0.0,0,2,0,0,1
862a1c15,612,741,8397,2081,378,417,182,221,23,33,1,1.5,2.0,-0.5,17,36,23,2,101
15ab5a2b,192,246,2505,399,114,135,48,63,11,15,0,1.1,0.8,-1.1,9,11,6,2,21
1a4ef233,874,955,15152,5775,383,407,423,446,58,84,0,0.5,0.4,-0.5,5,52,1,0,62
e34fc66d,900,1132,21359,8385,206,228,530,574,159,305,0,0.4,0.4,-0.4,4,79,5,0,49
de31038e,55,74,814,268,28,34,22,26,2,3,0,0.5,0.6,-0.5,3,7,1,0,8
e4238fb1,265,364,3864,1057,156,179,72,102,20,37,0,0.6,0.8,-0.6,9,16,13,5,37
ac05f970,115,222,1780,343,59,93,43,80,9,25,2,1.1,0.6,0.9,12,10,5,1,20
99127249,319,413,4058,812,226,261,66,94,12,25,0,0.4,0.7,-0.4,8,14,8,0,28
05e8ca6d,8,12,108,44,5,5,3,5,0,0,0,0.0,0.0,0.0,0,2,0,0,0
2f965a72,32,47,998,834,10,10,10,10,12,26,0,0.0,0.0,0.0,0,0,0,0,0
328f7d51,258,354,3266,860,178,227,55,76,9,12,0,0.8,0.4,-0.8,9,19,9,0,35
68c720b5,189,257,2829,538,101,120,62,79,12,19,1,0.7,0.7,0.3,10,11,9,2,15
97333cf5,319,404,4988,1470,172,196,113,137,21,34,0,1.7,2.1,-1.7,12,28,21,5,52
28d596a0,491,567,10529,6207,184,186,199,200,106,179,0,0.0,0.0,0.0,0,5,0,0,0
d5dd5f1f,62,87,844,193,41,54,18,22,2,3,0,0.3,0.2,-0.3,3,2,2,1,3
9fec8860,26,43,421,176,13,16,10,16,2,8,0,0.0,0.0,0.0,0,0,0,0,0
5c2b4f07,420,619,6424,2884,231,296,151,219,27,60,0,0.9,0.7,-0.9,9,24,10,6,45
e5478b87,90,124,1049,138,63,76,19,26,1,4,0,1.0,0.3,-1.0,8,3,1,0,7
5dbefa9d,15,21,176,36,13,17,2,4,0,0,0,0.0,0.0,0.0,0,1,0,0,2
da052c14,407,533,5425,1064,253,287,126,166,12,30,1,1.6,1.3,-0.6,21,20,9,6,35
420d7c7d,396,564,6580,3318,213,254,136,188,38,78,1,1.1,1.1,-0.1,5,36,11,5,45
53cad200,658,815,9810,3412,369,401,265,325,14,58,0,1.0,1.0,-1.0,10,31,16,4,58
06df8256,387,424,7348,2660,130,142,221,235,34,43,0,0.5,0.1,-0.5,3,17,5,0,23
3a233281,253,408,4178,1042,137,179,72,114,31,64,2,2.3,2.7,-0.3,18,15,15,11,25
32e8417f,128,165,2009,529,66,82,42,51,11,20,0,0.4,0.4,-0.4,4,12,4,1,18
93feac6e,123,171,1243,278,83,106,20,32,1,4,2,0.7,0.4,1.3,8,10,5,0,13
2886c9b5,167,202,2736,761,90,103,61,69,11,18,0,0.7,0.5,-0.7,6,15,8,2,32
3ea50f67,380,541,4932,1427,245,314,97,144,15,31,1,1.4,1.4,-0.4,12,25,22,3,50
c91441dc,534,890,16944,13007,118,120,190,195,225,569,0,0.1,0.1,-0.1,1,39,1,0,1
30db8574,7,11,142,49,3,3,3,4,1,4,0,0.0,0.0,0.0,0,2,0,0,1
4115ce4e,203,246,3850,1536,69,82,109,120,21,35,0,0.1,0.1,-0.1,2,9,0,0,10
4115ce4e,60,66,1249,418,16,17,33,35,10,12,0,0.0,0.0,0.0,0,4,0,0,5
50dc94ce,46,61,502,115,31,34,8,8,1,2,0,0.1,0.1,-0.1,3,0,4,0,6
7b4de647,21,30,584,423,3,3,10,10,8,17,0,0.0,0.0,0.0,0,0,0,0,0
a39d11bc,411,537,7969,2273,145,170,219,249,44,101,1,0.2,0.2,0.8,3,18,2,0,19
5a04fd92,401,506,5556,1246,252,277,122,156,16,39,3,2.7,1.8,0.3,31,17,12,6,49
3b8674e6,736,878,11447,3164,367,412,300,335,39,70,2,0.8,0.7,1.2,11,54,9,4,75
505486d6,124,195,2041,1019,66,79,45,80,12,26,0,0.4,0.4,-0.4,4,10,1,0,14
87966294,2,3,38,7,1,1,1,1,0,0,0,0.0,0.0,0.0,0,0,0,0,0
de40e38c,15,21,253,126,6,7,8,10,1,3,0,0.0,0.0,0.0,0,0,0,0,0
d328a254,451,595,6706,1693,248,298,141,176,32,58,1,1.6,1.0,-0.6,14,25,5,2,44
6c203af0,514,571,7843,1774,266,281,208,225,25,33,0,0.5,0.3,-0.5,8,40,4,1,45
a4ac4b8f,181,240,3444,1571,59,72,100,118,18,42,1,0.2,0.3,0.8,1,7,0,0,10
ccce7025,867,1009,17883,6640,260,297,482,525,115,162,0,0.9,1.0,-0.9,7,41,2,0,48
79c84d1c,386,599,6272,1876,213,259,122,160,38,111,2,4.4,4.0,-2.4,36,30,19,7,51
c07b7c5c,66,92,913,321,43,54,16,23,4,7,0,0.2,0.1,-0.2,4,2,4,3,1
97220da2,33,53,466,54,21,33,9,15,2,3,0,0.1,0.1,-0.1,1,1,1,0,4
a2081c6b,17,21,283,57,7,8,10,11,0,1,0,0.0,0.0,0.0,0,0,0,0,0
7b5ab7f2,47,60,638,92,26,32,14,16,2,4,1,0.2,0.1,0.8,2,3,2,0,5
66b76d44,487,623,7739,2056,254,299,163,207,45,61,0,2.4,1.7,-2.4,23,59,22,0,87
bfc3b3a0,425,528,5788,1714,271,294,128,162,12,36,1,0.7,0.7,0.3,11,19,9,5,31
468a7a91,11,14,126,15,10,12,0,0,1,2,0,0.0,0.0,0.0,1,1,0,0,1
b2d31e83,855,1082,14328,5502,411,467,365,447,64,122,0,0.6,0.4,-0.6,10,60,7,1,71
85322440,2,2,45,41,0,0,2,2,0,0,0,0.0,0.0,0.0,0,1,0,0,1
16264a81,1090,1234,17094,4529,574,626,401,444,81,97,1,1.5,1.4,-0.5,24,92,26,4,128
a8748947,342,400,5634,1341,175,191,119,139,35,48,0,1.2,1.2,-1.2,10,37,11,4,50
94f8d10c,351,414,6957,2590,109,122,197,212,41,69,0,0.0,0.1,0.0,1,20,0,0,23
59e6e5bf,86,139,1009,175,53,79,19,33,3,5,0,0.3,0.2,-0.3,4,8,1,0,8
6f711f67,23,32,344,64,10,11,13,14,0,5,0,0.0,0.0,0.0,0,2,0,0,4
bd6351cd,1036,1220,16674,4147,578,621,363,430,81,123,1,0.9,1.5,0.1,12,80,36,9,106
4506aec5,4,5,37,0,3,4,1,1,0,0,0,0.5,0.0,-0.5,1,0,0,0,0
1137759d,23,43,268,76,14,18,4,15,1,2,0,0.0,0.0,0.0,1,2,1,0,2
b4a014b1,101,128,2087,802,30,36,57,66,14,24,0,0.0,0.0,0.0,0,8,0,0,10
966e28d0,111,135,1490,264,68,79,29,35,5,6,0,0.1,0.2,-0.1,1,6,2,0,11
4d224fe8,664,855,11745,3918,305,365,270,328,75,124,3,2.0,2.3,1.0,16,77,14,3,82
2389cdc2,592,777,10452,3693,268,301,273,333,43,109,1,0.7,0.9,0.3,8,49,15,9,67
197640fd,939,1176,13376,4901,590,668,275,351,43,82,2,1.5,1.7,0.5,14,57,15,8,63
e28868f3,609,721,9722,3187,332,363,227,262,40,57,0,0.4,0.5,-0.4,3,52,8,2,61
9cfbad36,19,29,210,53,12,16,5,8,0,1,0,0.1,0.1,-0.1,1,2,1,0,3
422862ea,4,5,67,9,2,2,2,2,0,0,0,0.0,0.0,0.0,0,1,0,0,0
5515376c,578,651,10708,3130,206,232,320,341,46,64,0,0.1,0.1,-0.1,1,26,1,0,32
dc6f5bdd,98,121,1933,860,39,42,47,52,12,23,0,0.0,0.0,0.0,0,5,0,0,5
d2424d1b,372,473,5244,1495,238,255,102,134,19,51,1,0.3,0.4,0.7,4,17,3,2,19
26ce2263,285,353,4492,1068,151,179,99,109,22,39,0,1.0,1.1,-1.0,14,26,12,1,46
b2f9c73e,76,93,945,248,55,66,10,13,4,4,0,0.1,0.1,-0.1,3,6,4,2,10
73341ace,1,1,29,17,0,0,1,1,0,0,0,0.0,0.1,0.0,0,0,1,0,1
0442183b,562,726,8750,3443,293,333,239,298,24,70,0,0.4,0.3,-0.4,5,45,4,3,46
2928dca2,970,1145,20653,7960,268,286,546,585,148,256,1,0.3,0.5,0.7,4,71,3,1,39
963a9201,93,110,1593,379,45,51,38,44,8,11,0,0.2,0.1,-0.2,2,10,2,1,13
0420d84f,431,536,7124,2718,208,235,186,220,30,58,0,0.3,0.5,-0.3,2,19,12,6,37
a8c19eb8,812,914,16635,5711,231,251,464,494,101,148,0,0.1,0.2,-0.1,2,58,2,0,52
700783e7,379,424,6766,2803,161,177,177,193,35,44,0,0.1,0.2,-0.1,2,23,3,0,20
2afc7272,509,646,8549,2670,244,277,207,241,44,79,2,2.2,2.0,-0.2,21,49,11,8,54
3e5e4e63,369,459,7884,2511,80,99,234,261,51,91,0,0.6,0.6,-0.6,3,18,2,1,19
dc64b8b3,480,609,8789,3371,186,212,248,296,38,84,0,0.5,0.2,-0.5,4,29,0,0,26
beb391dd,20,30,266,46,13,18,7,8,0,0,0,0.0,0.0,0.0,0,0,0,0,2
a190d597,71,98,798,110,42,47,17,23,1,1,0,0.3,0.4,-0.3,5,3,1,0,4
fdf3cb77,508,819,8840,4488,250,295,194,306,53,151,0,1.6,1.3,-1.6,16,51,16,10,73
0ef89a37,288,384,4081,977,180,210,82,112,17,36,0,0.5,0.8,-0.5,8,30,8,2,48
a5ca9127,0,0,0,0,0,0,0,0,0,0,0,0.0,0.0,0.0,0,0,0,0,0
4f974391,882,1109,14177,6575,498,531,301,375,73,147,0,2.6,2.3,-2.6,31,75,26,13,123
1daec722,892,1070,13610,4066,487,527,324,372,50,97,2,0.4,0.7,1.6,8,57,9,6,53
dc62b55d,70,95,920,150,47,58,14,17,5,11,0,0.5,0.1,-0.5,4,2,2,0,6
ca45605e,107,162,1326,290,66,89,32,46,1,4,3,2.3,1.2,0.7,10,5,5,1,11
d9565625,748,958,13474,4288,311,352,348,417,76,142,2,1.5,1.2,0.5,23,63,23,12,58
215f3907,103,146,1416,545,57,65,34,50,5,11,0,0.5,0.5,-0.5,6,15,6,0,16
a816dbfb,30,44,613,211,11,16,12,17,6,9,0,0.1,0.0,-0.1,2,5,0,0,4
f08490a6,6,11,99,8,3,5,2,2,1,1,0,0.0,0.0,0.0,1,0,1,1,0
60344e4f,368,458,6233,1581,185,210,145,163,33,56,2,1.4,1.4,0.6,9,29,20,5,48
44781702,809,973,13359,4652,396,439,337,382,55,102,2,2.1,1.2,-0.1,15,60,4,2,84
9228b07c,149,198,2537,707,73,93,59,69,14,26,0,0.1,0.2,-0.1,1,19,1,0,25
3e9e06cb,245,310,5404,2170,74,86,121,137,48,79,0,0.1,0.1,-0.1,1,25,0,0,18
3e9e06cb,232,274,4647,1734,69,75,129,142,32,51,0,0.0,0.1,0.0,1,17,0,0,7
e46012d4,851,1188,16061,4898,380,456,339,455,120,210,12,10.2,11.1,1.8,73,91,73,15,179
11f54bd5,37,47,543,223,22,29,10,13,2,2,0,0.3,0.2,-0.3,4,2,3,2,4
5a7301ae,135,155,2091,409,69,75,54,60,6,10,0,0.5,0.1,-0.5,5,10,0,0,10
5a7301ae,86,99,1466,282,45,50,32,32,8,8,0,0.0,0.0,0.0,2,4,1,1,6
2c44a35d,77,111,1183,224,47,55,19,30,7,9,1,0.3,0.3,0.7,4,4,2,1,9
9d8cf204,0,0,0,0,0,0,0,0,0,0,0,0.0,0.0,0.0,0,0,0,0,0
5c74c0f5,645,863,10615,2707,332,393,226,286,62,122,2,2.5,2.0,-0.5,30,84,18,3,100
11ff3d56,266,343,3996,893,153,176,92,116,14,29,0,0.1,0.1,-0.1,3,20,2,0,23
31c69ef1,1111,1201,20247,7392,402,423,625,659,74,100,0,0.1,0.2,-0.1,2,80,0,0,66
4a1a9578,203,256,3051,597,124,150,63,75,12,14,2,1.0,0.8,1.0,6,18,5,1,25
ac861941,1332,1543,25776,9954,487,527,671,724,150,242,1,1.2,0.4,-0.2,7,59,6,3,71
1b84dbe1,585,769,9282,3557,331,368,201,271,43,88,0,1.5,1.2,-1.5,14,33,19,11,51
a712ca2b,767,903,15789,5017,212,244,466,506,86,142,0,0.0,0.1,0.0,1,47,2,0,49
254147d4,157,213,2323,696,90,102,53,74,8,19,1,0.3,0.3,0.7,6,12,5,3,17
733f1a7d,10,14,86,17,9,10,0,1,0,1,0,0.0,0.0,0.0,0,0,0,0,1
d557d734,329,408,4896,1222,190,204,107,137,18,35,0,0.3,0.3,-0.3,6,14,5,3,20
67ac5bb8,1334,1494,24291,8620,527,554,697,744,98,162,0,0.2,0.4,-0.2,2,106,2,0,98
02b29014,211,259,2870,673,115,139,80,93,4,6,0,0.3,0.4,-0.3,4,13,3,0,20
ce4f40c7,689,841,11611,3681,331,372,289,343,55,78,2,1.6,0.9,0.4,19,80,7,0,96
69fdb896,116,141,1527,241,80,85,26,33,5,8,0,0.0,0.0,0.0,1,7,1,0,7
e0d1510a,30,38,457,153,17,21,11,12,2,5,0,0.0,0.0,0.0,0,2,0,0,2
3a949a25,19,22,345,228,8,8,4,4,4,7,0,0.0,0.0,0.0,0,2,0,0,0
7314bba4,2,4,20,9,2,2,0,0,0,1,0,0.0,0.0,0.0,0,0,0,0,0
282f75f3,1635,1816,31915,11716,555,583,868,912,188,279,0,0.1,0.4,-0.1,2,106,4,0,85
414184f7,9,15,131,25,5,7,4,7,0,1,0,0.0,0.0,0.0,0,0,1,0,3
fa9fa773,5,10,98,16,2,4,2,2,1,2,0,0.0,0.0,0.0,0,0,0,0,2
3bb7b8b4,765,889,18398,11962,166,168,409,413,189,306,1,0.2,0.2,0.8,1,7,0,0,0
0562b7f1,202,281,2332,438,145,179,40,64,3,6,2,0.9,0.6,1.1,12,7,9,0,29
007414dd,102,151,1197,337,70,87,19,31,4,9,0,0.3,0.4,-0.3,6,5,6,1,11
2fba6108,94,128,1194,298,64,85,23,32,3,3,1,0.9,1.0,0.1,6,3,3,0,8
c8387671,581,733,8640,2181,330,370,199,251,30,59,1,2.6,3.1,-1.6,18,54,31,6,95
47a34c4f,57,60,1031,224,23,23,27,29,6,6,0,0.0,0.0,0.0,0,3,2,0,2
68dc0dac,305,456,4384,1241,191,242,80,122,22,45,1,2.0,1.4,-1.0,16,21,14,6,33
df8b52a5,654,823,10238,2960,346,387,245,289,40,73,1,0.6,0.9,0.4,9,43,16,3,69
980522ec,813,1031,13451,3987,423,480,289,345,74,146,7,3.0,2.5,4.0,25,89,17,2,104
d38fdf53,794,983,11538,3760,458,513,273,332,35,64,3,2.6,2.0,0.4,23,52,25,10,82
f8fcd2a5,600,672,12037,4584,171,185,359,379,64,91,0,0.0,0.1,0.0,1,40,1,0,31
ae4fc6a4,566,721,8767,2451,327,373,173,212,47,100,3,2.8,2.0,0.2,34,51,17,1,69
9328b835,390,603,12116,9480,81,81,145,147,162,370,0,0.0,0.0,0.0,0,8,0,0,0
7f3b388c,892,1010,14476,3339,443,474,346,375,73,107,0,0.7,0.6,-0.7,8,62,7,0,83
9c221d14,1031,1196,19233,6574,361,404,583,629,78,140,0,0.3,0.4,-0.3,3,45,5,0,51
51a3c4c8,107,136,2160,720,37,44,52,62,17,26,0,0.0,0.0,0.0,0,3,1,0,4
8aafd64f,108,143,1584,503,68,76,31,39,7,20,0,0.4,0.5,-0.4,3,15,3,0,17
4596da74,51,64,653,78,35,40,13,17,2,2,2,0.3,0.3,1.7,3,1,2,0,3
507c7bdf,862,1177,14342,4799,459,538,268,349,101,183,6,9.2,6.3,-3.2,66,78,52,6,155
5ff4ab71,303,344,5838,1666,114,130,139,146,44,55,1,0.6,0.5,0.4,3,41,3,0,37
6ad43f9a,1,1,10,0,1,1,0,0,0,0,0,0.0,0.0,0.0,0,0,0,0,0
4c370d81,370,471,5002,1598,228,264,104,131,17,25,3,2.0,1.8,1.0,19,41,15,0,66
24f59bb2,180,242,2996,1281,75,95,94,113,9,25,0,0.4,0.3,-0.4,6,20,4,2,25
ed1e53f3,641,798,9728,1681,373,409,202,244,40,81,5,2.9,3.3,2.1,31,26,25,8,58
e82900ef,5,7,66,24,3,4,2,2,0,0,0,0.1,0.0,-0.1,2,0,0,0,1
132a82f1,117,140,1995,559,44,44,64,74,6,13,0,0.0,0.0,0.0,0,16,0,0,6
132a82f1,235,267,3706,907,112,120,117,128,4,16,0,0.0,0.1,0.0,0,11,0,0,10
82927de4,366,508,6242,1835,174,198,135,179,43,88,1,1.4,1.6,-0.4,12,40,6,2,49
9f1938ab,54,65,719,290,34,36,10,11,4,11,0,0.5,0.2,-0.5,2,8,0,0,8
c3e39f12,82,100,1970,1294,20,20,44,44,18,35,0,0.0,0.0,0.0,0,0,0,0,0
6722d4f0,2,2,12,2,1,1,0,0,0,0,0,0.0,0.0,0.0,0,1,0,0,0
d56543a0,85,122,1228,289,50,59,28,41,3,8,0,0.4,0.3,-0.4,5,4,4,1,9
b853e0ad,447,561,6940,1965,239,273,145,169,38,60,1,2.1,1.0,-1.1,21,38,7,2,50
c067631c,144,214,2073,710,83,94,52,84,4,15,0,0.1,0.3,-0.1,1,5,6,1,15
98d2c2c4,535,671,7995,2607,295,339,190,231,27,55,0,0.6,0.5,-0.6,9,43,4,3,45
1971591f,61,94,720,229,36,50,15,26,1,2,0,0.3,0.2,-0.3,5,9,3,0,13
c2731c10,398,503,6107,1469,214,244,146,172,22,45,1,2.1,1.3,-1.1,17,42,12,5,55
72c812f3,673,789,10991,2774,337,367,287,319,39,65,1,0.8,0.6,0.2,6,62,3,0,57
7aa8adfe,111,137,1299,138,84,97,20,21,2,2,2,1.0,0.8,1.0,2,1,1,0,5
4e015693,59,79,970,173,27,30,31,34,1,10,0,0.0,0.0,0.0,0,6,0,0,5
7ba6d84e,545,752,13592,9696,147,147,243,247,151,349,0,0.1,0.0,-0.1,1,2,1,0,0
01962d0d,43,67,518,118,23,30,11,17,2,2,2,0.5,0.4,1.5,2,3,1,0,6
f7b1d4e0,35,48,517,176,20,22,13,17,2,8,0,0.2,0.1,-0.2,1,2,0,0,5
32f60ed8,75,95,1122,345,47,58,17,21,7,9,0,0.1,0.2,-0.1,1,10,1,0,12
32f60ed8,412,668,6570,2388,216,288,125,177,52,142,5,5.7,4.1,-0.7,40,42,28,5,84
df10e27c,142,154,2460,520,63,67,64,67,13,16,0,0.1,0.4,-0.1,1,10,4,0,17
75fdd638,251,360,3150,833,158,191,65,88,7,13,1,1.3,1.7,-0.3,15,6,13,3,20
9f7c837d,69,87,1244,342,27,29,37,45,5,10,0,0.1,0.0,-0.1,1,7,0,0,5
8b57ad2c,18,31,263,67,8,12,6,9,1,3,0,0.0,0.0,0.0,0,1,0,0,1
f0caab96,147,173,2671,966,62,64,74,83,11,25,0,0.1,0.0,-0.1,1,10,1,0,7
7a11550b,1039,1214,20895,6680,294,333,615,669,114,178,0,0.2,0.6,-0.2,1,109,3,0,95
01e5f06e,101,119,1567,420,50,55,39,44,6,9,1,0.4,0.2,0.6,2,13,2,0,10
2bd83368,41,49,501,171,31,35,7,7,2,4,0,0.6,0.4,-0.6,3,5,1,0,4
2bd83368,193,280,2905,625,110,135,66,89,11,27,0,0.6,0.5,-0.6,8,8,11,2,19
4468ec10,446,652,7707,1692,219,244,161,214,53,142,1,2.7,3.1,-1.7,26,26,17,6,40
b0b4fd3e,560,675,8103,1389,348,381,174,203,24,44,4,4.0,3.9,0.0,33,18,19,0,51
f3354c07,94,153,1697,739,50,58,25,45,17,45,2,1.1,1.0,0.9,12,12,1,0,12
8aec0537,1019,1318,16707,4898,516,575,393,475,81,194,3,5.7,4.4,-2.7,45,84,34,3,151
ab13a5aa,543,763,14325,9622,138,140,221,226,173,381,0,0.0,0.0,0.0,0,3,0,0,1
e6bc67d7,138,201,2297,526,82,97,40,56,13,26,1,0.5,0.5,0.5,9,11,8,2,16
d0706b27,1103,1279,21990,8474,359,393,625,666,114,205,0,0.2,0.2,-0.2,3,79,1,0,68
82518f62,692,848,11974,3362,333,376,259,302,77,114,3,1.8,1.5,1.2,18,72,29,1,110
819b3158,801,937,12421,2883,425,475,290,324,58,76,3,2.6,3.0,0.4,30,91,26,1,115
56d838f7,4,4,72,17,1,1,3,3,0,0,0,0.0,0.0,0.0,0,0,0,0,2
1f44ac21,248,338,3103,617,146,182,73,99,5,6,4,3.8,2.5,0.2,18,11,16,0,38
da011f18,147,195,2592,748,79,92,52,68,16,26,0,0.3,0.2,-0.3,4,10,3,1,9
8c3078cd,13,14,172,25,9,9,4,5,0,0,0,0.0,0.0,0.0,0,1,0,0,1
aa849a12,431,697,6366,2466,250,311,118,196,34,106,5,3.1,3.1,1.9,34,40,27,10,65
fed7cb61,458,568,5515,1115,300,360,118,133,7,11,1,2.2,2.0,-1.2,25,26,15,2,53
4fd08daa,93,97,1886,436,20,20,68,70,5,6,0,0.0,0.0,0.0,0,12,0,0,9
169fd162,127,167,1824,418,75,94,39,48,7,9,1,1.0,0.4,0.0,8,7,6,1,19
e5a76dfe,425,671,12543,8838,80,80,186,188,159,400,0,0.0,0.0,0.0,0,11,1,0,0
935e6b8f,770,940,12839,3396,387,431,284,334,70,117,0,1.1,1.5,-1.1,13,90,20,3,100
76eca7e2,45,56,1510,1133,3,3,22,22,20,31,0,0.0,0.0,0.0,0,2,0,0,0
8a3c1dc7,486,676,7402,2526,276,321,160,226,34,88,2,1.5,1.7,0.5,13,39,21,9,63
92e7e919,414,580,5429,1567,259,301,104,147,19,61,3,3.5,2.4,-0.5,36,23,19,3,47
1780bb4a,302,368,4470,1376,183,201,98,121,14,29,0,0.0,0.1,0.0,1,32,5,1,41
bd8a5d95,69,87,1067,354,41,45,19,22,5,7,0,0.1,0.0,-0.1,1,7,1,0,7
d79a8c87,5,6,103,21,1,1,4,4,0,1,0,0.0,0.0,0.0,0,0,0,0,1
d0042ab9,107,148,2196,526,34,41,56,63,16,40,0,0.3,0.1,-0.3,3,9,1,0,9
a0666d3e,125,170,1856,623,73,85,42,58,7,16,0,0.0,0.1,0.0,1,12,3,0,13
bd9553e6,8,12,109,4,6,7,1,1,1,2,0,0.0,0.0,0.0,0,0,0,0,0
8b04d6c1,1417,1593,25221,6752,625,678,569,620,167,207,3,2.2,2.3,0.8,20,142,27,5,162
c92e1a31,122,165,1539,294,84,100,25,34,5,11,4,2.8,0.8,1.2,13,8,5,0,14
07802f7f,20,31,320,102,8,12,5,7,3,6,0,0.2,0.2,-0.2,1,4,0,0,4
07802f7f,114,162,1371,289,76,97,27,34,3,12,0,1.2,0.6,-1.2,9,7,4,0,12
8e92be30,60,84,850,185,36,52,16,19,4,4,0,0.5,0.2,-0.5,7,7,2,0,10
6ca5ec4b,788,1013,14108,4042,360,418,315,385,94,143,6,3.6,2.7,2.4,40,89,31,9,119
c931d9f9,24,40,256,66,18,22,5,10,0,3,0,0.3,0.3,-0.3,1,1,3,1,3
c931d9f9,76,117,1026,214,53,62,19,33,2,8,0,0.3,0.2,-0.3,4,2,6,1,12
1265a93a,630,732,9882,2615,351,372,215,252,49,72,1,1.7,1.4,-0.7,11,35,13,2,59
8449d35e,516,654,8891,2524,260,297,186,227,58,91,1,0.8,0.7,0.2,9,46,10,4,53
172e52d8,196,241,3815,1212,54,65,124,139,18,31,0,0.0,0.1,0.0,0,9,0,0,13
0f134faf,686,995,13559,5264,301,367,245,341,121,234,4,2.5,2.6,1.5,29,78,22,9,86
b66315ae,325,402,4807,1068,176,207,113,128,17,25,5,2.8,1.7,2.2,22,23,12,1,38
b561db50,67,100,772,173,45,58,15,23,1,6,1,0.7,0.3,0.3,4,4,3,0,8
c17bfb65,684,833,10065,2762,384,439,227,251,40,51,1,1.8,1.6,-0.8,19,52,16,3,88
9319781b,304,414,5484,1982,129,148,139,166,30,74,0,0.2,0.4,-0.2,3,24,8,4,34
0cd31129,189,344,2647,592,102,154,65,118,9,24,2,2.8,1.4,-0.8,21,9,12,3,24
4fb9c88f,118,138,1781,441,63,71,46,49,5,8,0,0.2,0.3,-0.2,2,9,3,0,17
45db685d,221,264,3732,1180,97,113,92,106,22,28,0,0.1,0.3,-0.1,3,28,6,0,43
45db685d,750,884,11997,3510,380,422,301,348,51,74,0,0.4,0.4,-0.4,7,87,9,0,80
178ae8f8,73,108,1000,285,41,58,20,28,4,7,1,0.8,0.3,0.2,8,5,2,1,10
570bb4b9,74,123,1311,552,32,44,29,46,8,21,0,0.8,0.9,-0.8,10,7,8,3,17
fb614c44,667,819,10404,3063,371,408,239,282,39,81,0,0.3,0.5,-0.3,7,48,12,7,47
0db5d2c8,272,339,4632,1970,118,133,138,170,12,29,0,0.1,0.1,-0.1,1,23,0,0,22
15f24fe7,2,4,26,0,1,2,1,1,0,0,0,0.0,0.0,0.0,0,0,0,0,0
cc77354e,701,828,11598,3398,345,385,263,289,63,87,1,0.8,0.6,0.2,7,56,5,0,75
21a66f6a,412,596,7779,2793,188,242,143,186,66,104,2,4.2,2.0,-2.2,41,61,33,4,123
b9fbae28,107,129,1516,296,70,73,31,39,3,7,0,0.3,0.3,-0.3,3,9,3,1,9
c5b7c315,2,4,21,8,2,2,0,1,0,0,0,0.0,0.0,0.0,0,1,0,0,0
18b999f4,139,188,1850,476,83,94,40,53,4,9,3,1.4,0.8,1.6,11,2,9,3,21
51dbeea9,689,826,12101,4287,287,328,348,383,44,82,0,0.2,0.2,-0.2,2,43,1,0,39
f25c8e3a,129,168,1778,584,76,88,41,52,6,8,0,0.7,0.2,-0.7,8,15,2,0,15
f31def1e,388,490,7746,3403,112,128,214,236,51,104,2,0.1,0.4,1.9,3,29,3,2,15
d0f72bf1,1143,1386,22319,8191,397,431,619,672,113,251,0,0.0,0.2,0.0,1,92,4,0,85
282679b4,108,148,1411,387,61,69,28,34,5,17,0,0.2,0.2,-0.2,5,6,5,0,16
ea6bc03a,814,1058,15813,7071,264,314,449,522,91,184,0,0.1,0.2,-0.1,1,75,3,0,68
5ed9b537,231,269,4039,1693,91,103,124,139,13,21,0,0.0,0.2,0.0,0,10,1,0,12
0313a347,973,1131,17855,5917,360,398,529,570,75,136,0,0.5,0.4,-0.5,4,39,4,2,26
da974c7b,909,1056,15842,6117,411,438,415,459,67,127,0,0.4,0.4,-0.4,5,66,5,0,60
8d3c902d,159,206,2545,705,79,101,51,60,17,23,0,0.6,0.3,-0.6,5,11,2,0,16
79c0821a,595,703,10058,3122,285,323,247,273,45,72,1,1.2,1.2,-0.2,11,88,14,1,86
77cf6852,0,0,0,0,0,0,0,0,0,0,0,0.0,0.0,0.0,0,0,0,0,0
df3cda47,373,490,5147,1297,219,261,116,148,17,36,5,3.0,3.5,2.0,29,9,23,6,44
41e7ef1c,28,41,408,135,12,13,14,19,0,3,0,0.0,0.0,0.0,0,1,1,1,2
99813635,262,317,3033,656,173,194,57,74,6,9,1,1.0,1.2,0.0,14,23,9,1,33
f4e433d4,228,288,3281,815,126,144,90,109,4,20,0,0.2,0.7,-0.2,4,14,8,5,24
26f6dca8,74,90,1162,258,35,42,30,33,5,9,0,0.0,0.1,0.0,0,6,2,0,12
119b9a8e,440,481,7404,2134,215,225,184,199,34,44,0,0.2,0.3,-0.2,4,46,5,0,46
cf7fb13a,63,82,881,326,40,46,21,27,2,4,0,0.0,0.0,0.0,0,5,0,0,4
450ab6fc,21,26,433,190,4,6,14,16,3,3,0,0.0,0.0,0.0,0,1,0,0,1
ecad9aa5,372,428,6487,1763,167,188,166,181,33,40,0,0.2,0.3,-0.2,5,50,5,0,47
0bdda685,10,13,180,73,5,5,5,5,0,0,0,0.0,0.0,0.0,0,2,0,0,3
2b471f99,119,137,2029,542,59,68,48,52,10,12,0,0.1,0.3,-0.1,1,6,4,1,10
4f28a6ff,735,849,13582,5090,273,282,385,426,64,115,2,0.6,0.7,1.4,5,43,6,4,46
2628fd2b,673,871,16989,10685,160,160,355,357,158,352,0,0.0,0.0,0.0,1,10,0,0,0
9b5ce51a,829,1013,13003,4658,407,466,345,390,46,97,0,0.6,1.2,-0.6,9,73,13,1,79
efb9215a,10,12,163,71,2,2,7,8,0,0,0,0.0,0.0,0.0,0,0,0,0,1
b57e066e,387,421,5599,846,237,248,130,138,11,15,0,0.8,1.0,-0.8,7,22,8,3,31
41f08ac8,49,86,600,118,33,50,12,17,1,10,1,1.2,0.3,-0.2,5,2,3,1,6
f5deef4c,360,390,6263,2010,134,142,201,210,20,33,0,0.0,0.0,0.0,0,19,0,0,17
810e3c74,225,283,3393,880,117,133,82,98,14,27,0,0.7,0.5,-0.7,11,27,7,1,32
bba30585,356,429,6969,2284,118,130,203,228,33,59,0,0.0,0.0,0.0,0,17,0,0,27
8f62b6ee,493,625,11886,7412,151,153,211,212,131,256,0,0.0,0.0,0.0,0,12,0,0,0
ed9f7cfe,397,570,6965,2269,184,215,167,229,38,97,0,0.5,0.6,-0.5,7,18,11,6,20
e97fd090,550,643,8300,2108,319,359,196,216,25,31,0,1.0,1.3,-1.0,8,58,10,0,67
a2b105e0,654,828,10981,3203,314,367,259,302,61,102,3,2.8,2.1,0.2,18,59,15,4,84
b2856bc0,2,4,18,3,1,1,0,0,0,1,0,0.0,0.0,0.0,0,0,1,0,1
6f7d826d,877,1058,15083,3645,377,422,369,420,87,154,5,2.6,1.6,2.4,27,58,12,3,71
c6e8cf1f,31,33,498,72,15,15,14,14,1,2,0,0.0,0.0,0.0,0,3,0,0,3
b5bf1770,242,343,4488,1641,96,107,111,150,25,68,0,0.1,0.1,-0.1,1,20,1,0,20
83d074ff,907,1033,14942,3656,446,492,377,401,63,88,0,1.4,1.4,-1.4,20,88,14,1,88
ee38d9c5,520,680,8853,2501,242,277,202,252,53,105,5,3.3,2.9,1.7,38,74,13,2,93
bf34eebd,59,74,872,193,32,36,19,26,5,6,0,0.1,0.1,-0.1,4,5,3,0,8
d8931174,323,374,6515,1867,100,105,176,198,42,63,0,0.3,0.0,-0.3,2,21,0,0,14
892d5bb1,540,640,8967,1753,282,312,196,226,52,79,4,3.3,3.2,0.7,26,23,27,6,52
c6220452,7,8,83,30,5,6,2,2,0,0,0,0.0,0.1,0.0,0,1,1,0,1
e3a5814e,304,379,5020,1813,150,171,120,145,26,42,0,0.4,0.5,-0.4,6,35,6,3,33
6b6c793c,398,478,5736,1695,254,277,112,133,19,37,0,0.1,0.4,-0.1,1,25,2,0,28
a572e291,231,289,3462,923,124,138,87,102,12,26,0,0.1,0.1,-0.1,2,19,2,0,25
758dd7f0,4,7,68,34,2,3,2,3,0,0,0,0.0,0.0,0.0,0,0,0,0,1
3544641e,48,70,632,157,29,39,11,12,3,5,1,0.5,0.2,0.5,5,6,2,0,6
bb5fbd2b,659,908,11792,2782,306,359,261,344,75,143,4,4.9,4.0,-0.9,36,43,34,11,94
4d960fc3,1,1,56,37,0,0,0,0,1,1,0,0.0,0.0,0.0,0,1,0,0,1
59878425,2,3,34,5,1,2,1,1,0,0,0,0.0,0.0,0.0,0,0,0,0,0
8b788c01,107,133,1316,409,70,78,28,33,2,6,2,0.9,0.8,1.1,5,9,4,0,15
48a5a5d6,576,781,9087,1931,301,351,207,257,47,99,2,5.1,4.6,-3.1,39,25,30,3,74
7956236f,572,781,15553,10357,104,104,303,306,164,364,0,0.3,0.2,-0.3,2,16,0,0,0
bac46a10,1073,1233,19388,6542,418,447,563,598,77,157,0,0.3,1.0,-0.3,6,72,5,0,68
feb5d972,93,100,1356,284,48,51,39,41,1,3,0,0.0,0.0,0.0,1,7,0,0,11
50e6dc35,91,130,1030,137,63,83,16,23,3,4,0,0.6,0.1,-0.6,5,4,0,0,5
b217ef29,573,664,10290,3447,224,253,297,321,43,68,0,0.2,0.9,-0.2,3,40,6,0,44
4bcf39f6,141,192,1821,169,95,114,36,49,4,6,0,0.5,0.2,-0.5,6,6,2,0,8
493924a7,68,94,1051,383,40,43,24,35,4,9,1,0.4,0.4,0.6,2,4,5,3,8
6afaebf2,372,552,5812,1715,216,264,108,164,33,69,3,2.8,2.8,0.2,26,16,29,9,49
90f91999,442,586,7939,2874,212,250,157,195,59,99,2,1.5,1.9,0.5,9,65,12,4,68
4e5a4cbc,551,694,10991,4153,157,185,323,377,65,117,0,0.8,0.3,-0.8,7,34,3,1,33
01c3aff5,141,177,2176,634,72,91,46,54,10,15,0,0.2,0.2,-0.2,4,13,7,1,27
fc15fb84,361,519,6109,1753,187,223,118,150,43,99,2,3.0,2.7,-1.0,23,26,15,8,39
d93c2511,245,296,3902,1110,126,149,92,104,18,26,0,0.2,0.5,-0.2,3,20,2,0,22
8df7a2fb,808,1074,15435,6288,303,361,395,478,100,196,0,0.2,0.5,-0.2,3,37,4,0,38
33887998,213,268,4987,3402,69,69,87,88,53,107,0,0.0,0.0,0.0,0,4,0,0,0
1598599e,235,271,3596,729,125,136,91,100,12,17,0,0.0,0.1,0.0,2,9,1,0,17
fed96827,615,747,11587,4294,208,233,349,387,54,107,0,0.2,0.5,-0.2,3,28,2,0,28
6b625ac2,458,741,11571,7555,101,104,239,244,115,387,0,0.0,0.0,0.0,0,11,1,0,0
10ec4169,1,1,11,0,1,1,0,0,0,0,0,0.0,0.0,0.0,0,0,0,0,0
2ce2508a,132,162,2256,678,61,67,57,69,11,18,0,0.2,0.2,-0.2,2,11,1,0,14
2f90f6b8,395,515,7127,2509,179,198,164,192,43,93,1,0.8,1.5,0.2,10,46,13,4,50
6d5701f2,156,174,2741,956,57,62,90,99,7,11,0,0.0,0.0,0.0,0,10,0,0,7
8397a50c,873,1042,17165,6828,269,301,499,538,96,182,1,0.6,0.8,0.4,3,59,4,0,58
5cbd1eb0,623,893,10108,5046,320,387,257,347,37,108,2,0.8,0.8,1.2,8,55,11,5,64
74618572,383,481,5294,1207,250,280,109,139,13,22,1,2.7,2.8,-1.7,14,19,15,0,44
3925dbd6,239,396,3701,801,138,205,71,112,24,38,1,2.1,1.1,-1.1,15,21,7,1,35
01ce9e70,186,317,2565,459,103,165,54,84,10,18,0,0.3,0.4,-0.3,4,16,5,0,20
c4720845,1,2,13,0,1,1,0,1,0,0,0,0.0,0.0,0.0,0,0,0,0,0
16e9d0ea,156,220,2102,756,91,115,53,69,2,9,1,0.6,0.2,0.4,6,4,4,2,9
9674002f,577,767,8632,2203,343,400,165,216,44,83,2,2.9,2.8,-0.9,29,54,26,5,97
2b622f01,39,55,517,162,26,32,12,17,0,1,0,0.0,0.1,0.0,1,2,4,1,8
f5a00fa4,718,878,13337,3559,257,290,363,416,79,119,2,2.3,1.7,-0.3,31,90,22,4,121
92868cb5,1,1,14,0,1,1,0,0,0,0,0,0.0,0.0,0.0,0,0,0,0,0
049a888d,49,68,526,201,36,46,7,11,0,4,0,0.0,0.3,0.0,0,5,3,0,7
de112b84,131,204,1975,499,76,94,45,63,5,17,1,0.7,1.2,0.3,7,4,14,2,25
1d5cab82,61,78,819,126,42,50,15,17,3,5,1,0.5,0.2,0.5,3,5,2,0,6
30d4a2e5,802,1054,12651,4847,429,484,303,393,50,117,0,1.2,0.9,-1.2,17,76,21,11,85
ecada4fc,100,160,3368,2717,11,11,40,40,49,107,0,0.0,0.0,0.0,0,3,0,0,0
6b47c5db,520,599,7949,2020,273,292,204,229,25,47,0,0.0,0.1,0.0,2,40,0,0,38
c5bdb6e3,35,39,407,63,24,25,6,7,2,2,1,0.1,0.2,0.9,2,0,2,1,1
a9dc785c,256,407,8398,7133,52,53,80,83,123,269,0,0.0,0.0,0.0,0,8,0,0,0
7ba2eaa9,177,240,2905,727,103,116,49,73,20,37,0,1.2,1.2,-1.2,13,8,6,3,18
44bfb6c5,1205,1457,26071,7067,381,422,583,647,230,337,0,0.9,0.9,-0.9,19,143,10,1,143
00242715,38,50,749,255,10,11,24,26,4,8,0,0.0,0.0,0.0,0,2,0,0,2
39769cff,493,707,8028,3440,238,292,216,295,28,78,1,0.8,0.7,0.2,7,37,14,2,51
a53649b7,186,229,2656,329,119,138,51,60,9,11,0,0.5,0.8,-0.5,6,7,6,0,15
e6af02e0,518,653,9516,1788,247,291,182,207,76,112,1,1.8,1.0,-0.8,20,52,12,3,55
4d77b365,158,241,2404,495,73,104,51,78,13,16,3,4.0,1.9,-1.0,20,7,7,1,19
7f94982c,0,0,0,0,0,0,0,0,0,0,0,0.0,0.0,0.0,0,0,0,0,0
df0a4c90,364,498,5868,2041,189,236,139,187,27,48,2,1.9,1.5,0.1,8,44,5,1,43
089667a5,166,214,2785,650,72,85,84,103,7,16,0,0.2,0.2,-0.2,4,19,3,0,21
74b2cd7e,174,214,3409,1119,46,57,105,119,19,33,0,0.2,0.1,-0.2,2,2,1,0,4
c4486bac,579,821,9642,2820,304,346,202,273,57,140,5,4.3,3.2,0.7,40,48,22,7,74
e7ee38c3,65,111,1755,1256,14,15,28,28,23,68,0,0.0,0.0,0.0,0,2,0,0,0
828657ff,594,709,9580,2063,316,356,225,257,40,61,1,1.8,1.3,-0.8,11,56,8,0,48
6612cd8c,4,6,54,0,3,3,1,1,0,0,0,0.0,0.0,0.0,0,0,0,0,0
c06d1086,41,55,613,128,27,34,7,10,5,6,0,0.1,0.1,-0.1,3,4,1,0,5
2944f86f,97,129,1481,384,54,67,33,43,6,11,1,0.5,0.7,0.5,5,11,3,0,15
ee950928,2,3,16,0,2,2,0,0,0,1,0,0.0,0.0,0.0,0,0,0,0,0
2f9e4435,77,114,1202,446,43,55,25,38,6,10,2,1.0,0.4,1.0,5,11,5,3,6
38c7feef,73,99,1206,331,38,42,24,33,7,13,0,0.9,0.2,-0.9,5,8,2,0,12
d00d45ab,3,3,24,0,3,3,0,0,0,0,0,0.0,0.0,0.0,0,0,0,0,0
a78ff07f,673,830,11673,2861,338,395,254,297,67,99,0,0.3,0.3,-0.3,3,82,3,0,73
dc7f8a28,62,72,1020,146,32,33,26,29,3,7,0,0.2,0.3,-0.2,3,2,5,1,7
e0bc6fdc,252,318,3561,1091,159,171,68,91,15,26,0,0.3,0.4,-0.3,6,16,7,2,22
9b6f7fd5,494,628,7768,2327,263,305,167,208,42,62,2,1.0,1.2,1.0,14,50,16,2,82
529f49ab,1056,1229,18579,5679,474,527,446,502,111,157,0,0.9,1.1,-0.9,19,138,13,1,135
230f0471,396,517,5831,2105,234,258,136,180,18,53,0,0.4,0.6,-0.4,4,16,6,2,20
a6b461e7,108,134,1814,501,50,58,45,55,8,15,0,0.0,0.0,0.0,0,8,0,0,5
ac7e7b1c,8,8,104,0,5,5,3,3,0,0,0,0.0,0.0,0.0,0,0,0,0,0
6639e500,522,807,9798,3389,247,313,169,238,89,185,6,4.9,3.5,1.1,54,67,19,9,89
75a72a99,5,6,52,11,5,6,0,0,0,0,0,0.0,0.0,0.0,0,0,0,0,0
819aa8e7,118,171,1698,469,75,89,28,43,9,18,1,1.5,0.6,-0.5,11,13,6,0,20
6fe90922,496,764,8774,2600,243,300,172,262,67,147,5,3.9,3.8,1.1,32,19,26,18,43
6dfd8f05,415,604,5883,2333,249,298,134,189,19,62,2,1.5,1.3,0.5,12,32,8,4,40
53552942,18,21,228,32,11,12,5,5,0,0,0,0.0,0.0,0.0,0,0,0,0,2
4f565d77,53,58,849,165,25,29,25,25,2,3,0,0.0,0.0,0.0,1,5,0,0,3
515ebe8d,71,82,1364,602,32,34,27,29,9,14,0,0.0,0.0,0.0,0,7,0,0,9
4806ec67,520,845,16770,12886,120,121,172,174,223,541,1,0.1,0.3,0.9,2,36,1,0,1
e541326e,426,571,7655,2731,164,206,212,257,38,81,0,0.6,0.5,-0.6,4,25,0,0,26
7fcc71d8,350,520,5736,1725,183,239,112,168,36,64,0,1.9,1.4,-1.9,28,25,31,5,76
4b40d9ca,389,568,10800,7422,78,78,178,184,130,303,0,0.0,0.0,0.0,0,9,0,0,1
27d0a506,24,32,328,78,14,15,7,9,1,4,0,0.0,0.0,0.0,0,1,1,1,1
86695068,128,175,1795,394,77,89,39,51,6,16,0,0.0,0.1,0.0,0,5,3,0,11
b9403c99,12,14,203,44,6,7,5,6,1,1,0,0.1,0.0,-0.1,1,1,0,0,1
1bf33a9a,185,229,2467,412,123,141,46,57,8,13,1,0.5,0.3,0.5,11,12,1,0,16
466fb2c5,475,695,12213,8452,120,125,225,228,130,338,0,0.0,0.0,0.0,0,19,2,0,5
1544f145,449,543,6358,1654,266,302,142,171,22,30,2,1.6,0.7,0.4,18,47,13,0,60
a1d5bd30,410,542,5853,1402,270,320,95,118,26,44,3,2.5,2.1,0.5,18,22,32,2,54
98ea5115,630,981,21217,16677,86,90,254,260,289,627,0,0.1,0.1,-0.1,2,46,3,0,10
28b40c9c,1225,1420,26749,9288,291,330,715,771,210,296,0,0.0,0.2,0.0,1,94,0,0,91
ab651565,0,1,0,0,0,0,0,1,0,0,0,0.0,0.0,0.0,0,0,0,0,0
803ae100,622,819,9749,2546,332,395,212,257,51,93,1,1.9,1.1,-0.9,22,52,21,8,65
0f7533cd,516,743,7955,2695,269,331,190,265,29,71,1,1.3,1.1,-0.3,15,30,26,8,46
1c7012b8,1287,1465,23548,6416,593,660,509,533,161,221,1,2.4,1.2,-1.4,30,170,8,3,172
0a3d6d2b,120,146,2302,723,40,49,65,74,15,23,0,0.3,0.0,-0.3,1,8,0,0,9
fa031b34,138,194,2057,553,76,101,38,53,11,15,2,1.4,1.2,0.6,11,12,8,2,20
7a1f2c08,26,35,351,74,17,18,9,13,0,2,0,0.0,0.0,0.0,0,1,0,0,0
71ef519e,12,18,150,23,8,8,3,4,0,2,0,0.0,0.0,0.0,0,0,0,0,0
2e4f5f03,1073,1353,18141,5526,521,582,448,539,85,170,5,3.8,3.9,1.2,34,59,23,11,95
289601e6,831,1134,14294,5857,368,427,363,468,81,178,1,0.9,1.2,0.1,15,61,26,15,77
da27e268,664,864,10747,4344,342,397,244,303,54,113,1,0.9,1.0,0.1,17,109,11,0,115
17acc2ed,29,61,1170,1037,3,3,8,9,17,48,0,0.0,0.0,0.0,0,0,0,0,0
6434f10d,1976,2162,36521,8917,788,850,925,984,228,270,4,3.7,3.0,0.3,28,215,24,2,197
1fb1c435,274,390,4040,732,145,185,83,120,23,40,1,1.5,0.7,-0.5,13,19,11,2,30
57c94db2,163,254,2548,959,90,117,55,74,13,40,0,1.0,0.7,-1.0,7,12,6,4,16
a3d94a58,777,895,14294,5107,291,327,397,420,71,101,0,0.3,0.5,-0.3,3,50,7,0,59
4b511457,28,30,453,79,10,11,15,16,2,2,0,0.0,0.2,0.0,0,0,2,0,4
dea698d9,121,162,1412,258,85,97,27,39,1,5,0,0.4,0.2,-0.4,6,7,1,0,12
1b804500,3,4,37,18,2,2,1,2,0,0,0,0.0,0.0,0.0,0,3,0,0,0
b318a643,22,29,203,35,15,21,3,3,0,0,0,0.2,0.1,-0.2,2,2,1,0,1
10a10454,83,94,1363,377,39,43,33,35,7,11,0,0.2,0.5,-0.2,3,6,4,0,10
c64c01fc,13,26,215,17,7,10,4,9,2,2,0,0.2,0.1,-0.2,2,1,0,0,0
903b6e8b,584,808,14374,9600,146,149,307,316,129,335,0,0.0,0.0,0.0,0,9,0,0,0
e280527c,128,159,2061,632,67,79,51,60,8,11,0,0.4,0.2,-0.4,5,15,3,1,20
2b16cb1a,197,282,3307,998,103,132,71,104,19,25,3,1.9,1.3,1.1,13,16,21,3,42
bc7dc64d,685,910,10151,2364,409,468,194,244,51,107,8,5.5,4.0,2.5,52,31,43,11,64
e342ad68,473,623,6033,1747,301,359,122,159,16,27,5,4.7,3.8,0.3,43,26,44,3,77
972aeb2a,1448,1592,25643,10159,595,635,737,794,94,124,1,0.9,0.2,0.1,4,83,2,0,77
0b33f6ad,849,1156,15648,7132,344,395,414,524,85,201,1,0.6,0.5,0.4,7,79,7,4,80
1b4f1169,132,140,2321,539,59,62,60,63,11,12,0,0.0,0.1,0.0,1,17,1,0,12
1b4f1169,98,117,1654,405,44,50,44,47,9,14,0,0.0,0.1,0.0,0,6,0,0,8
da7b447d,356,406,6434,1902,127,133,208,224,18,40,0,0.1,0.2,-0.1,1,28,1,1,25
6a713852,571,748,13022,8424,184,185,274,283,106,265,0,0.0,0.0,0.0,0,11,0,0,0
dbf053da,308,372,3764,881,212,239,69,80,7,14,1,1.6,1.6,-0.6,22,8,19,0,36
6e7f1353,5,7,55,12,3,4,1,2,0,0,0,0.0,0.0,0.0,0,0,0,0,1
9744ff80,122,164,1810,518,75,83,32,43,12,26,0,0.6,0.6,-0.6,7,10,7,4,15
ac0d576d,46,59,608,143,27,32,14,17,1,2,1,0.2,0.2,0.8,2,4,3,1,8
8790f988,118,177,2014,378,63,85,31,52,17,21,0,0.7,0.5,-0.7,13,14,5,1,17
2964fd20,45,65,968,374,15,18,22,26,7,11,0,0.0,0.0,0.0,1,9,0,0,10
52afb588,10,15,123,12,5,6,3,5,0,1,0,0.0,0.0,0.0,0,0,0,0,0
c8aa95da,860,1141,17848,7108,291,344,433,509,131,262,0,1.0,1.3,-1.0,12,89,13,1,94
3312f911,519,685,8420,2164,252,311,206,247,43,80,0,0.6,0.7,-0.6,8,42,6,0,66
d04b94db,671,827,10395,3366,378,415,244,301,40,75,1,0.6,0.7,0.4,9,52,10,4,64
efd2ec23,16,29,305,99,7,16,7,8,2,3,0,0.0,0.0,0.0,1,1,0,0,4
35141f4c,650,825,12974,5777,209,238,353,403,79,152,0,0.2,0.2,-0.2,3,49,2,1,33
6aa3e78b,280,390,4093,1075,178,213,81,120,16,29,0,1.1,1.1,-1.1,6,16,11,3,22
9c94165b,1102,1346,16978,6283,630,691,378,447,68,131,2,2.2,1.8,-0.2,21,107,22,11,91
3727dd3c,19,26,442,176,5,6,8,10,4,8,0,0.0,0.0,0.0,0,4,0,0,3
3727dd3c,64,80,1382,511,22,24,31,34,11,21,0,0.2,0.2,-0.2,4,14,3,1,11
3eb22ec9,1008,1181,16252,2824,541,584,361,411,75,120,5,2.5,3.2,2.5,24,59,25,9,94
86e7deaf,1460,1617,27717,11083,533,562,777,810,139,216,2,0.4,0.6,1.6,4,90,10,0,82
26d3b5be,19,30,274,82,9,13,5,9,2,2,0,0.0,0.4,0.0,1,3,1,0,3
8e16dd48,181,220,2520,613,94,110,56,62,9,11,0,0.2,0.5,-0.2,4,12,8,1,21
6250083a,154,191,2273,598,82,93,62,71,4,10,0,0.3,0.1,-0.3,4,8,4,1,15
20b104bc,678,874,11604,5165,326,365,278,340,63,134,1,0.6,0.9,0.4,7,57,17,10,65
17695062,19,22,279,75,9,9,7,7,2,3,0,0.3,0.2,-0.3,3,1,2,0,2
839c14e1,19,24,257,54,10,10,8,10,0,3,0,0.0,0.0,0.0,0,0,0,0,3
839c14e1,2,2,27,20,2,2,0,0,0,0,0,0.0,0.0,0.0,0,1,0,0,2
e77dc3b2,192,283,2567,580,118,157,53,68,10,13,4,2.0,1.2,2.0,10,10,6,0,25
886f9aac,38,48,559,210,17,21,17,20,1,3,0,0.0,0.1,0.0,2,2,3,0,10
6613c819,505,694,8406,2523,248,325,189,244,48,71,1,0.9,0.8,0.1,11,46,8,3,65
ae59b359,459,518,6880,1735,256,273,166,190,22,27,0,0.1,0.2,-0.1,2,32,1,0,35
0a6cb1b1,141,177,2746,1078,37,40,90,105,11,23,1,0.1,0.1,0.9,2,18,1,0,13
21166ff4,39,49,667,208,17,18,21,26,1,5,0,0.0,0.0,0.0,0,2,0,0,3
9bc9a519,5,9,60,4,4,5,1,1,0,0,0,0.0,0.0,0.0,0,0,0,0,0
558807c0,72,126,1054,369,41,52,26,47,3,12,0,0.0,0.0,0.0,0,6,1,1,2
6992791d,22,28,329,71,12,14,9,11,0,1,0,0.1,0.2,-0.1,2,3,0,0,4
b2626673,9,23,82,32,7,8,1,7,0,3,0,0.1,0.0,-0.1,1,0,0,0,0
6adbc307,23,28,398,107,9,10,13,17,1,1,0,0.0,0.0,0.0,0,3,0,0,3
6adbc307,129,159,2687,1048,39,45,70,81,19,29,0,0.2,0.1,-0.2,3,8,1,1,11
b400bde0,345,465,4328,978,215,256,92,126,12,20,2,3.0,2.2,-1.0,23,18,23,6,40
5eecec3d,990,1052,16861,4967,459,476,445,467,72,86,2,1.3,0.8,0.7,5,75,2,0,75
f4d296e4,844,1070,12028,5458,494,559,290,366,33,75,1,2.3,1.1,-1.3,12,77,12,3,100
a62f8bf1,45,66,754,157,24,32,13,16,7,11,0,0.2,0.2,-0.2,5,4,2,0,8
df04eb4b,202,276,2557,708,134,169,46,59,8,20,1,0.8,0.5,0.2,7,11,10,2,27
b017b770,30,68,416,135,18,37,10,20,1,3,0,0.1,0.0,-0.1,1,4,0,0,6
e9971f2d,78,87,1251,504,41,45,31,34,5,7,0,0.0,0.0,0.0,0,4,1,1,5
e514ab62,216,283,3539,1469,107,123,93,106,13,44,0,0.3,0.6,-0.3,7,16,5,0,31
15ea812b,1005,1210,20298,7792,326,362,547,616,126,213,0,1.4,1.5,-1.4,10,72,2,0,68
5c0da4a4,360,526,5787,1531,200,243,111,156,34,84,4,2.2,1.0,1.8,15,22,8,3,36
7120a04d,70,91,924,161,47,55,15,22,4,5,0,0.1,0.1,-0.1,2,3,1,0,7
77d7c96f,689,948,10879,4410,368,429,266,367,43,92,4,1.2,1.2,2.8,16,42,14,10,60
fc027d02,363,456,5650,2395,201,227,140,170,20,36,0,0.6,0.4,-0.6,3,26,3,1,35
56f7a928,1022,1244,16977,5734,495,552,397,460,96,157,1,3.7,2.8,-2.7,24,128,26,7,143
fce2302c,223,302,4132,1321,93,109,106,132,21,44,0,0.2,0.3,-0.2,3,24,6,1,25
a105d46a,193,291,3020,1392,113,131,70,107,8,35,0,0.7,0.9,-0.7,4,11,7,4,21
b3af9be1,337,413,5874,1867,135,155,163,189,29,50,1,0.6,0.2,0.4,4,36,6,2,47
e7ca0439,111,136,2100,721,41,48,61,67,9,20,0,0.0,0.0,0.0,0,1,0,0,1
e09f279b,305,518,3796,1255,196,283,67,123,13,28,3,3.1,2.0,-0.1,19,36,18,4,49
9a28eba4,231,345,3483,895,138,186,62,90,20,34,1,2.4,2.5,-1.4,16,13,16,11,27
999ceb5f,97,125,1641,548,44,53,47,54,5,10,1,0.2,0.1,0.8,1,16,1,0,8
fe558029,244,324,7221,5230,83,83,82,83,78,157,0,0.0,0.0,0.0,0,4,0,0,0
21512407,1160,1627,22300,9897,500,574,437,579,200,394,4,7.3,7.4,-3.3,70,104,62,20,144
38ceb24a,85,112,1431,390,43,51,33,43,8,13,1,0.3,0.4,0.7,4,4,9,1,17
38ceb24a,379,529,6222,1920,199,236,124,178,40,63,2,2.1,2.1,-0.1,23,42,25,7,67
f315ca93,276,360,4761,1235,132,152,102,123,34,65,3,0.8,0.8,2.2,13,11,6,3,18
dd549382,51,63,553,115,36,41,9,11,1,4,0,0.7,0.7,-0.7,5,1,2,0,3
531a4aa8,15,23,213,39,9,10,4,6,1,5,0,0.0,0.0,0.0,0,1,0,0,0
e06683ca,1360,1514,27157,9660,440,473,759,811,146,203,0,0.2,0.5,-0.2,2,98,2,0,76
9f8e9423,679,786,12970,4157,218,241,404,436,49,93,0,0.1,0.3,-0.1,3,60,3,0,44
45963054,91,170,1318,274,44,71,32,59,5,10,4,0.7,0.4,3.3,11,7,4,1,8
dad4b285,902,1077,15890,5334,359,399,462,521,65,112,1,0.5,0.8,0.5,7,123,8,4,115
6412cc03,124,157,1913,443,69,77,46,55,5,14,2,2.1,0.9,-0.1,5,15,5,1,17
08eb3b58,3,4,42,30,1,1,2,3,0,0,0,0.0,0.0,0.0,0,1,0,0,1
b937e490,15,24,223,26,7,10,7,10,0,0,0,0.0,0.0,0.0,0,2,0,0,0
8b529245,54,99,643,185,34,51,12,22,2,5,1,0.6,0.3,0.4,5,6,2,0,6
1ecb65be,32,45,453,96,18,21,10,16,1,4,0,0.4,0.3,-0.4,3,3,1,1,2
86dd77d1,971,1117,16810,4929,437,470,439,485,82,129,0,0.2,0.8,-0.2,5,112,6,3,107
984a5a64,498,686,7225,2918,302,343,148,217,28,65,0,0.9,1.4,-0.9,10,34,18,6,49
9e525177,298,360,4053,1483,198,214,75,97,12,19,0,0.7,0.5,-0.7,7,23,4,2,23
d3ce0e89,652,881,15637,9913,184,186,313,316,154,371,0,0.0,0.0,0.0,0,6,0,0,0
8a7ff278,501,670,8181,3708,250,285,201,254,34,97,0,0.1,0.2,-0.1,2,37,3,1,49
3515d404,1039,1364,17961,5425,500,562,393,485,112,242,2,4.5,3.7,-2.5,51,112,20,10,124
aed3a70f,266,378,3248,641,172,227,64,87,8,11,4,2.4,1.9,1.6,20,22,11,1,30
c40b6180,941,1078,17677,6434,348,377,489,545,95,133,0,0.1,0.3,-0.1,3,81,4,1,72
c4e87b8b,84,116,1009,255,55,70,16,21,4,9,1,0.7,0.9,0.3,8,6,1,0,13
ce5143da,183,222,2130,354,118,137,47,54,2,6,2,2.5,1.2,-0.5,16,15,7,0,21
35e413f1,1156,1392,19740,6632,522,574,537,615,76,142,2,1.4,2.3,0.6,16,151,26,8,167
4d90ce8c,3,8,54,21,2,3,0,2,1,3,0,0.0,0.0,0.0,0,0,1,1,0
dd323728,441,680,7996,2872,202,245,165,237,60,148,0,1.3,1.1,-1.3,12,24,12,8,27
8b9ebd03,427,545,7276,1482,215,253,147,181,51,78,2,2.5,1.4,-0.5,28,27,19,1,70
a3b03921,499,617,7762,1879,276,310,168,199,38,58,2,3.4,2.2,-1.4,19,54,14,5,71
c596fcb0,106,148,1343,237,69,87,26,31,3,7,3,1.5,1.5,1.5,13,8,4,0,14
c6dc9ecd,131,175,1959,328,75,85,46,57,7,18,0,0.1,0.2,-0.1,2,7,4,0,16
2500cef9,153,216,2009,414,102,119,33,48,7,19,2,2.2,0.8,-0.2,9,16,7,0,20
4b803b3c,235,324,4531,1996,80,103,133,154,21,57,0,0.5,0.1,-0.5,4,27,2,1,30
4e9a0555,66,106,786,149,40,67,16,25,4,5,0,0.3,0.3,-0.3,3,3,1,0,4
4e9a0555,34,57,437,73,22,35,9,17,1,2,0,0.1,0.0,-0.1,2,5,0,0,2
a5212312,651,818,13636,4635,185,218,357,412,104,171,0,0.5,0.4,-0.5,2,53,2,0,42
e61b8aee,972,1153,15942,4238,480,540,384,443,82,102,5,3.9,3.2,1.1,37,108,28,2,145
c1fe2a48,374,479,6395,1537,161,194,172,196,30,54,1,1.1,0.3,-0.1,6,22,2,0,36
be927d03,567,763,10039,4073,268,301,240,300,51,121,0,0.8,0.6,-0.8,10,44,13,4,67
b2bc3b1f,368,460,5033,1064,241,272,99,117,15,27,2,2.4,2.1,-0.4,21,13,25,2,45
384d58d9,142,159,1982,521,82,89,46,47,5,6,0,0.0,0.1,0.0,1,8,0,0,5
e8271ad9,417,579,5995,3152,237,278,131,181,23,53,1,1.9,1.9,-0.9,18,32,12,5,45
51cf8561,1016,1174,16505,4848,510,551,421,482,59,87,1,1.0,1.6,0.0,11,115,28,4,148
6622454d,209,328,3471,1305,117,136,66,105,21,59,1,1.4,1.2,-0.4,10,18,13,6,35
ce4246f5,522,610,10113,3240,178,192,278,306,59,96,0,0.0,0.1,0.0,0,9,2,0,16
79300479,844,1060,13240,3932,432,493,300,372,71,109,6,6.2,5.4,-0.2,54,77,55,2,167
