id,Player,Nation,Pos,Squad,Age,Born,90s,Cmp,Att,Cmp%,TotDist,PrgDist,Cmp.1,Att.1,Cmp%.1,Cmp.2,Att.2,Cmp%.2,Cmp.3,Att.3,Cmp%.3,Ast,xAG,xA,A-xAG,KP,1/3,PPA,CrsPA,PrgP,Matches
22919e97,Sargis Adamyan,am ARM,"FW,MF",Köln,29-282,1993,6.2,106,151,70.2,1733,426,53,64,82.8,41,55,74.5,9,14,64.3,2,0.7,1.1,+1.3,8,6,10,2,20,Matches
501055d8,Karim Adeyemi,de GER,"FW,MF",Dortmund,21-042,2002,8.9,210,287,73.2,2631,763,129,158,81.6,56,71,78.9,6,15,40.0,2,2.0,1.7,0.0,13,12,11,0,27,Matches
dcfb17f4,Amine Adli,fr FRA,FW,Leverkusen,22-295,2000,8.1,216,282,76.6,3069,728,128,158,81.0,63,76,82.9,13,21,61.9,2,1.2,1.2,+0.8,14,17,5,1,26,Matches
cb6d81b3,Felix Agu,de GER,"DF,FW",Werder Bremen,23-155,1999,0.5,16,25,64.0,299,144,4,5,80.0,9,10,90.0,2,6,33.3,0,0.1,0.1,-0.1,1,1,1,0,2,Matches
a6c58494,Naouirou Ahamada,fr FRA,MF,Stuttgart,20-337,2002,15.5,449,529,84.9,6965,1651,223,242,92.1,187,204,91.7,21,40,52.5,2,1.2,0.9,+0.8,15,38,7,2,56,Matches
462475ed,Ludovic Ajorque,fr FRA,"FW,MF",Mainz 05,29-004,1994,4.2,64,128,50.0,1155,283,34,62,54.8,14,34,41.2,12,14,85.7,1,0.6,0.9,+0.4,5,8,2,0,10,Matches
6ec6fde0,Kevin Akpoguma,ng NGA,DF,Hoffenheim,27-316,1995,12.6,480,610,78.7,9015,3464,163,189,86.2,261,296,88.2,48,97,49.5,0,0.4,0.7,-0.4,3,52,6,2,57,Matches
834d0be5,Lucas Alario,ar ARG,FW,Eint Frankfurt,30-144,1992,3.0,43,64,67.2,602,130,24,34,70.6,13,18,72.2,4,5,80.0,0,0.0,0.2,0.0,1,3,0,0,5,Matches
00f518d8,Faride Alidou,de GER,"DF,MF",Eint Frankfurt,21-226,2001,1.4,43,58,74.1,664,267,22,23,95.7,18,26,69.2,2,5,40.0,0,0.3,0.1,-0.3,1,5,5,1,10,Matches
8ce30c57,Éder Álvarez Balanta,co COL,MF,Schalke 04,30-001,1993,0.9,18,30,60.0,386,96,4,6,66.7,10,13,76.9,4,9,44.4,0,0.0,0.0,0.0,2,3,0,0,2,Matches
cd682b6b,Lukáš Ambros,cz CZE,MF,Wolfsburg,18-269,2004,0.2,3,3,100.0,43,4,2,2,100.0,1,1,100.0,0,0,,0,0.0,0.0,0.0,0,0,0,0,0,Matches
555d5edd,Nadiem Amiri,de GER,"MF,FW",Leverkusen,26-125,1996,7.7,290,342,84.8,4760,1117,145,157,92.4,106,117,90.6,29,43,67.4,1,0.8,1.0,+0.2,10,31,7,1,36,Matches
e0b113a7,Robert Andrich,de GER,MF,Leverkusen,28-160,1994,17.7,822,984,83.5,13600,3833,401,453,88.5,331,390,84.9,60,88,68.2,2,0.9,0.7,+1.1,12,62,9,2,74,Matches
30941e96,Angeliño,es ESP,DF,Hoffenheim,26-056,1997,19.7,705,1064,66.3,13194,5095,303,354,85.6,297,427,69.6,95,218,43.6,5,4.4,4.8,+0.6,39,52,35,18,73,Matches
5e66fa06,Waldemar Anton,de GER,DF,Stuttgart,26-224,1996,21.4,1061,1342,79.1,20972,8173,352,411,85.6,594,680,87.4,111,209,53.1,0,0.8,1.0,-0.8,7,68,10,4,87,Matches
0a3f6cde,Christopher Antwi-Adjei,gh GHA,"FW,MF",Bochum,29-022,1994,10.8,187,317,59.0,3054,1074,101,129,78.3,60,108,55.6,19,49,38.8,6,2.8,2.0,+3.2,19,5,18,9,16,Matches
56413b1f,Charles Aránguiz,cl CHI,MF,Leverkusen,33-318,1989,5.5,248,311,79.7,3706,1211,136,154,88.3,84,96,87.5,15,39,38.5,0,0.2,0.2,-0.2,3,21,3,0,32,Matches
86e119e0,Maximilian Arnold,de GER,MF,Wolfsburg,28-278,1994,21.2,812,1086,74.8,18457,6036,215,248,86.7,413,486,85.0,169,312,54.2,2,3.3,3.7,-1.3,31,70,15,2,97,Matches
13ddc856,Takuma Asano,jp JPN,"FW,MF",Bochum,28-111,1994,8.7,120,168,71.4,1609,481,78,98,79.6,36,48,75.0,2,7,28.6,0,0.6,0.9,-0.6,11,11,9,2,19,Matches
35f67a30,Fisnik Asllani,xk KVX,FW,Hoffenheim,20-205,2002,1.4,30,50,60.0,306,35,22,35,62.9,4,6,66.7,0,0,,0,0.2,0.1,-0.2,3,1,0,0,0,Matches
fe46e261,Mehmet-Can Aydin,de GER,DF,Schalke 04,21-020,2002,4.3,94,162,58.0,1719,636,43,60,71.7,39,63,61.9,10,20,50.0,0,0.7,0.2,-0.7,2,4,1,1,4,Matches
ce81d82d,Ayman Azhil,ma MAR,MF,Leverkusen,21-325,2001,0.0,0,0,,0,0,0,0,,0,0,,0,0,,0,0.0,0.0,0.0,0,0,0,0,0,Matches
10549b49,Sardar Azmoun,ir IRN,"FW,MF",Leverkusen,28-059,1995,5.4,81,127,63.8,1247,463,41,62,66.1,23,34,67.6,8,12,66.7,1,2.1,0.9,-1.1,10,12,4,0,20,Matches
f582d5c1,Sanoussy Ba,de GER,DF,RB Leipzig,19-055,2004,0.0,0,0,,0,0,0,0,,0,0,,0,0,,0,0.0,0.0,0.0,0,0,0,0,0,Matches
a8567629,Mitchel Bakker,nl NED,"MF,DF",Leverkusen,22-254,2000,11.8,508,643,79.0,8002,2507,279,318,87.7,188,238,79.0,32,61,52.5,2,1.9,1.2,+0.1,13,22,11,2,42,Matches
442b56fa,Ridle Baku,de GER,DF,Wolfsburg,24-327,1998,20.9,887,1133,78.3,16430,5472,349,402,86.8,433,524,82.6,94,160,58.8,1,2.9,3.5,-1.9,21,86,25,8,97,Matches
a2a85828,Aymen Barkok,ma MAR,MF,Mainz 05,24-284,1998,3.6,95,138,68.8,1405,499,52,65,80.0,33,47,70.2,5,9,55.6,1,0.3,0.9,+0.7,4,6,5,1,18,Matches
00242b75,Leandro Barreiro Martins,lu LUX,MF,Mainz 05,23-057,2000,14.0,233,344,67.7,3276,1095,140,176,79.5,71,100,71.0,10,33,30.3,2,1.9,0.8,+0.1,10,28,3,1,37,Matches
e61bdd69,Gil Bastião Dias,pt POR,FW,Stuttgart,26-154,1996,2.6,70,105,66.7,1123,280,31,43,72.1,33,40,82.5,3,8,37.5,0,0.5,0.4,-0.5,5,6,4,1,8,Matches
44a20f0c,Maximilian Bauer,de GER,DF,Augsburg,23-020,2000,11.6,295,413,71.4,6140,2592,100,118,84.7,152,178,85.4,41,109,37.6,0,0.3,0.1,-0.3,2,22,2,0,25,Matches
47064058,Oliver Baumann,de GER,GK,Hoffenheim,32-272,1990,22.0,772,959,80.5,18797,12809,194,194,100.0,372,377,98.7,198,376,52.7,0,0.0,0.0,0.0,1,11,0,0,1,Matches
bd7d2e6d,Timo Baumgartl,de GER,DF,Union Berlin,26-362,1996,4.5,190,235,80.9,3582,1311,73,78,93.6,99,109,90.8,17,45,37.8,0,0.1,0.2,-0.1,2,15,4,2,21,Matches
69374ff5,Julian Baumgartlinger,at AUT,MF,Augsburg,35-058,1988,3.5,113,141,80.1,2155,558,40,51,78.4,59,68,86.8,12,16,75.0,0,0.0,0.1,0.0,1,10,6,1,16,Matches
437f2b00,Christoph Baumgartner,at AUT,"MF,FW",Hoffenheim,23-212,1999,19.5,452,668,67.7,6937,2138,240,315,76.2,149,204,73.0,35,61,57.4,3,3.8,3.8,-0.8,19,46,24,2,77,Matches
fbbc8e15,Noah Joel Sarenren Bazee,ng NGA,FW,Augsburg,26-192,1996,0.1,1,1,100.0,10,5,1,1,100.0,0,0,,0,0,,0,0.1,0.0,-0.1,1,0,0,0,0,Matches
a53b661f,Ihlas Bebou,tg TOG,FW,Hoffenheim,28-312,1994,4.9,56,89,62.9,708,127,36,46,78.3,13,20,65.0,2,7,28.6,0,0.2,0.3,-0.2,5,4,2,0,6,Matches
8eb55dbb,Sheraldo Becker,sr SUR,FW,Union Berlin,28-020,1995,17.2,208,357,58.3,3628,952,82,135,60.7,84,127,66.1,29,48,60.4,4,2.8,3.7,+1.2,27,11,32,23,24,Matches
30ae134d,Kevin Behrens,de GER,FW,Union Berlin,32-026,1991,9.5,175,283,61.8,2342,639,100,147,68.0,55,82,67.1,7,11,63.6,1,0.6,1.0,+0.4,13,18,14,1,39,Matches
857a5abe,Stefan Bell,de GER,DF,Mainz 05,31-189,1991,14.7,534,694,76.9,10445,5075,198,234,84.6,243,278,87.4,87,151,57.6,0,0.5,0.7,-0.5,7,41,7,1,52,Matches
bee0bab1,Karim Bellarabi,de GER,FW,Leverkusen,32-327,1990,0.9,34,51,66.7,440,160,23,30,76.7,11,18,61.1,0,2,0.0,0,0.0,0.0,0.0,0,4,0,0,3,Matches
57d88cf9,Jude Bellingham,eng ENG,MF,Dortmund,19-245,2003,20.1,875,1084,80.7,15488,5034,389,453,85.9,335,391,85.7,110,155,71.0,4,2.4,2.5,+1.6,22,115,32,2,182,Matches
378825c7,Ramy Bensebaini,dz ALG,DF,M'Gladbach,27-319,1995,19.9,814,1059,76.9,13911,5455,402,451,89.1,320,391,81.8,75,151,49.7,0,1.5,1.6,-1.5,11,63,19,1,75,Matches
eb6e14be,Mergim Berisha,de GER,FW,Augsburg,24-294,1998,14.7,135,289,46.7,2349,957,59,99,59.6,55,106,51.9,16,50,32.0,4,2.6,2.8,+1.4,19,17,8,3,23,Matches
7aac47fe,Ermin Bičakčić,ba BIH,DF,Hoffenheim,33-036,1990,1.8,58,79,73.4,1224,554,16,19,84.2,34,44,77.3,8,16,50.0,0,0.0,0.0,0.0,0,4,1,0,6,Matches
07d3bfec,Tom Bischof,de GER,"MF,FW",Hoffenheim,17-246,2005,2.9,68,91,74.7,1048,306,35,44,79.5,21,26,80.8,7,11,63.6,0,0.7,0.8,-0.7,5,6,3,1,11,Matches
dc62fbee,Leonardo Bittencourt,de GER,"MF,DF",Werder Bremen,29-072,1993,10.6,336,472,71.2,5034,1213,186,216,86.1,122,165,73.9,15,47,31.9,0,0.5,0.7,-0.5,6,24,9,1,30,Matches
663e080e,Janis Blaswich,de GER,GK,RB Leipzig,31-303,1991,15.0,549,623,88.1,11891,6221,151,151,100.0,312,313,99.7,84,156,53.8,0,0.0,0.0,0.0,0,8,0,0,1,Matches
691bef82,Daley Blind,nl NED,"DF,MF",Bayern Munich,32-357,1990,1.4,82,94,87.2,1596,634,27,29,93.1,48,53,90.6,7,9,77.8,0,0.1,0.3,-0.1,2,8,1,0,10,Matches
f4ec4fd0,Kevin-Prince Boateng,gh GHA,MF,Hertha BSC,35-360,1987,1.6,73,98,74.5,1253,421,35,43,81.4,31,40,77.5,7,9,77.8,0,0.1,0.1,-0.1,2,9,0,0,9,Matches
635f2732,Jean-Paul Boëtius,nl NED,MF,Hertha BSC,28-344,1994,9.1,240,328,73.2,4198,1590,101,127,79.5,93,118,78.8,31,51,60.8,0,0.7,0.8,-0.7,13,28,9,0,48,Matches
36578017,Yvandro Borges Sanches,lu LUX,"FW,MF",M'Gladbach,18-281,2004,0.3,8,9,88.9,113,17,2,2,100.0,3,4,75.0,1,1,100.0,0,0.0,0.0,0.0,0,0,1,1,0,Matches
01834aa0,Sebastiaan Bornauw,be BEL,DF,Wolfsburg,23-344,1999,13.6,628,744,84.4,11964,4390,208,232,89.7,369,407,90.7,49,91,53.8,0,0.1,0.1,-0.1,1,28,0,0,44,Matches
c68da769,Rafael Borré,co COL,"FW,MF",Eint Frankfurt,27-167,1995,6.1,165,224,73.7,2423,539,98,117,83.8,48,65,73.8,11,19,57.9,2,1.3,1.4,+0.7,10,11,4,2,15,Matches
a167537f,Julian Brandt,de GER,"MF,FW",Dortmund,26-303,1996,18.6,730,958,76.2,10897,2892,423,480,88.1,183,244,75.0,73,135,54.1,4,6.5,5.4,-2.5,53,36,26,6,77,Matches
d28339cb,Fabian Bredlow,de GER,GK,Stuttgart,27-364,1995,3.0,112,124,90.3,2619,1477,24,24,100.0,57,57,100.0,30,42,71.4,0,0.0,0.0,0.0,0,0,0,0,0,Matches
d4a2533d,Josip Brekalo,hr CRO,"MF,FW",Wolfsburg,24-251,1998,3.0,103,148,69.6,1684,475,57,65,87.7,31,41,75.6,11,20,55.0,1,0.4,0.4,+0.6,5,10,4,0,13,Matches
e27da244,John Brooks,us USA,DF,Hoffenheim,30-032,1993,4.0,206,262,78.6,4058,1623,73,80,91.3,107,123,87.0,23,46,50.0,0,0.0,0.0,0.0,0,5,1,0,16,Matches
bbd79358,Moritz Broschinski,de GER,FW,Bochum,22-159,2000,0.8,10,16,62.5,131,28,8,12,66.7,1,1,100.0,1,2,50.0,0,0.0,0.0,0.0,0,0,0,0,0,Matches
f0a37d36,Cédric Brunner,ch SUI,DF,Schalke 04,29-012,1994,16.8,519,780,66.5,9682,4304,199,234,85.0,257,356,72.2,58,152,38.2,0,1.0,1.5,-1.0,11,33,16,11,54,Matches
4e204552,Jacob Bruun Larsen,dk DEN,FW,Hoffenheim,24-163,1998,3.3,56,77,72.7,738,134,37,46,80.4,15,18,83.3,1,5,20.0,0,0.3,0.4,-0.3,5,5,2,0,4,Matches
45e95f21,Lee Buchanan,eng ENG,"DF,FW",Werder Bremen,21-359,2001,3.3,112,161,69.6,2184,828,46,55,83.6,46,65,70.8,19,39,48.7,0,0.5,0.5,-0.5,3,13,3,1,16,Matches
ab5b7dc1,Marius Bülter,de GER,"FW,MF",Schalke 04,29-337,1993,18.3,304,502,60.6,4625,1530,184,228,80.7,87,147,59.2,20,53,37.7,0,3.2,2.7,-3.2,26,28,29,14,58,Matches
05e2d5ea,Delano Burgzorg,nl NED,"FW,MF",Mainz 05,24-114,1998,2.3,31,42,73.8,371,55,22,27,81.5,5,5,100.0,1,2,50.0,1,0.1,0.2,+0.9,1,1,1,0,3,Matches
05f99a4a,Jonathan Burkardt,de GER,"MF,FW",Mainz 05,22-233,2000,5.9,71,109,65.1,1119,317,37,46,80.4,23,32,71.9,8,14,57.1,2,1.1,1.6,+0.9,7,3,9,2,14,Matches
f631c17f,Oliver Burke,sct SCO,"FW,MF",Werder Bremen,25-328,1997,3.0,53,81,65.4,655,185,32,50,64.0,15,18,83.3,1,4,25.0,0,0.3,0.1,-0.3,4,4,3,0,7,Matches
b4705807,Aurélio Buta,pt POR,DF,Eint Frankfurt,26-019,1997,3.6,141,184,76.6,2074,705,82,96,85.4,48,62,77.4,7,14,50.0,1,0.3,0.2,+0.7,2,9,4,1,10,Matches
10745192,Jamie Bynoe-Gittens,eng ENG,FW,Dortmund,18-205,2004,4.5,92,119,77.3,1081,317,65,77,84.4,19,25,76.0,1,7,14.3,1,0.7,1.0,+0.3,2,9,5,0,9,Matches
0118c54c,Anthony Caci,fr FRA,DF,Mainz 05,25-243,1997,13.5,505,688,73.4,10758,4677,165,198,83.3,234,296,79.1,97,165,58.8,1,1.5,1.5,-0.5,13,59,14,8,54,Matches
d1db4b83,Kerim Calhanoglu,de GER,DF,Schalke 04,20-187,2002,0.7,30,42,71.4,574,388,14,16,87.5,10,15,66.7,6,8,75.0,0,0.2,0.2,-0.2,3,0,2,1,3,Matches
d1273f09,Daniel Caligiuri,it ITA,"DF,MF",Augsburg,35-045,1988,2.9,91,138,65.9,1598,828,40,49,81.6,34,53,64.2,12,27,44.4,0,0.4,0.3,-0.4,4,8,4,0,11,Matches
a65ce836,Emre Can,de GER,MF,Dortmund,29-048,1994,10.1,543,615,88.3,9710,2763,209,227,92.1,249,269,92.6,61,83,73.5,0,0.3,0.4,-0.3,6,44,1,0,40,Matches
bd6351cd,João Cancelo,pt POR,"FW,DF",Bayern Munich,28-278,1994,2.5,143,177,80.8,2209,585,88,95,92.6,47,58,81.0,7,17,41.2,1,0.4,0.6,+0.6,4,4,3,2,7,Matches
5e080f73,Irvin Cardona,fr FRA,MF,Augsburg,25-205,1997,0.6,5,10,50.0,64,18,3,4,75.0,2,3,66.7,0,2,0.0,0,0.0,0.0,0.0,0,1,0,0,0,Matches
db401046,Koen Casteels,be BEL,GK,Wolfsburg,30-249,1992,22.0,796,1020,78.0,24196,16613,107,108,99.1,342,346,98.8,345,563,61.3,1,0.0,0.1,+1.0,0,24,0,0,1,Matches
ae7058f9,Julian Chabot,de GER,DF,Köln,25-017,1998,8.4,413,489,84.5,8432,2727,123,133,92.5,243,270,90.0,47,81,58.0,1,0.6,0.0,+0.4,2,24,0,0,18,Matches
b3b7f5a6,Timothy Chandler,us USA,DF,Eint Frankfurt,32-337,1990,0.9,31,53,58.5,680,507,7,19,36.8,16,22,72.7,7,9,77.8,0,0.0,0.0,0.0,1,7,0,0,7,Matches
48780156,Fabio Chiarodia,it ITA,DF,Werder Bremen,17-269,2005,0.0,1,2,50.0,17,17,0,0,,1,2,50.0,0,0,,0,0.0,0.0,0.0,0,0,0,0,1,Matches
af104654,Oliver Christensen,dk DEN,GK,Hertha BSC,23-344,1999,22.0,541,814,66.5,15941,12297,91,91,100.0,252,258,97.7,198,461,43.0,0,0.0,0.0,0.0,0,10,0,0,1,Matches
c6608135,Darko Churlinov,mk MKD,FW,Stuttgart,22-233,2000,0.3,0,0,,0,0,0,0,,0,0,,0,0,,0,0.0,0.0,0.0,0,0,0,0,0,Matches
6e17c802,Tolga Ciğerci,tr TUR,MF,Hertha BSC,30-343,1992,3.3,118,155,76.1,1920,533,54,65,83.1,52,68,76.5,8,12,66.7,1,0.1,0.1,+0.9,3,13,1,0,13,Matches
dd5bbe0d,David Čolina,hr CRO,"DF,MF",Augsburg,22-225,2000,0.7,18,31,58.1,288,158,12,17,70.6,4,6,66.7,2,6,33.3,0,0.0,0.0,0.0,1,2,1,0,2,Matches
042e8a49,Kingsley Coman,fr FRA,"FW,MF",Bayern Munich,26-261,1996,9.0,375,469,80.0,5874,1267,211,234,90.2,125,155,80.6,29,50,58.0,4,3.1,3.7,+0.9,28,18,25,10,41,Matches
5ddb8f9f,Danny da Costa,de GER,DF,Mainz 05,29-231,1993,8.6,238,387,61.5,4293,2198,89,120,74.2,122,190,64.2,17,51,33.3,2,0.8,1.1,+1.2,9,27,14,7,40,Matches
05ba9d7c,Tanguy Coulibaly,fr FRA,"FW,DF",Stuttgart,22-011,2001,1.1,41,57,71.9,610,218,27,29,93.1,10,14,71.4,3,6,50.0,0,0.3,0.4,-0.3,1,5,2,1,6,Matches
eac044ad,Moanes Dabbur,il ISR,FW,Hoffenheim,30-291,1992,6.0,131,186,70.4,1645,518,79,105,75.2,34,45,75.6,5,10,50.0,0,0.7,0.9,-0.7,9,10,6,0,26,Matches
dee3013b,Finn Dahmen,de GER,GK,Mainz 05,24-339,1998,6.0,132,200,66.0,4207,3224,20,20,100.0,60,60,100.0,52,120,43.3,0,0.0,0.0,0.0,0,10,0,0,0,Matches
db4ed67b,Mahmoud Dahoud,de GER,MF,Dortmund,27-059,1996,2.2,117,155,75.5,2109,697,53,64,82.8,50,52,96.2,13,27,48.1,0,0.4,0.1,-0.4,3,14,0,0,15,Matches
d3d77413,Muhammed Damar,de GER,MF,Hoffenheim,18-326,2004,1.6,50,63,79.4,663,179,28,32,87.5,19,21,90.5,0,2,0.0,0,0.2,0.1,-0.2,3,5,1,0,9,Matches
41bff4fa,Márton Dárdai,de GER,DF,Hertha BSC,21-017,2002,3.9,101,157,64.3,2094,1012,30,39,76.9,57,73,78.1,14,44,31.8,0,0.1,0.1,-0.1,3,10,1,0,15,Matches
3eb0f2df,Vladimír Darida,cz CZE,MF,Hertha BSC,32-205,1990,0.3,8,12,66.7,101,6,5,6,83.3,2,3,66.7,0,1,0.0,0,0.0,0.0,0.0,0,0,0,0,0,Matches
d781d855,Alphonso Davies,ca CAN,DF,Bayern Munich,22-119,2000,17.5,1064,1219,87.3,16766,4614,564,615,91.7,420,460,91.3,58,90,64.4,4,2.7,3.3,+1.3,34,88,25,1,100,Matches
fe641c1a,Thomas Delaney,dk DEN,MF,Hoffenheim,31-179,1991,2.6,91,132,68.9,1716,689,37,45,82.2,43,54,79.6,10,26,38.5,0,0.0,0.0,0.0,0,8,0,0,9,Matches
54b4dc4e,Kerem Demirbay,de GER,MF,Leverkusen,29-241,1993,12.0,576,766,75.2,9922,3275,277,317,87.4,217,262,82.8,63,144,43.8,3,1.9,3.2,+1.1,20,51,10,4,62,Matches
ed79b7d3,Ermedin Demirović,ba BIH,"MF,FW",Augsburg,24-341,1998,18.5,181,381,47.5,2502,932,107,180,59.4,57,109,52.3,6,25,24.0,2,2.7,2.3,-0.7,21,20,14,5,35,Matches
7bf9400b,Sepp van den Berg,nl NED,DF,Schalke 04,21-071,2001,3.6,127,152,83.6,2537,896,39,41,95.1,71,77,92.2,15,30,50.0,0,0.0,0.0,0.0,0,5,0,0,5,Matches
aeed5c06,Moussa Diaby,fr FRA,FW,Leverkusen,23-237,1999,19.1,481,644,74.7,7279,1661,271,329,82.4,149,193,77.2,37,68,54.4,3,5.0,4.1,-2.0,38,31,34,12,63,Matches
fc62f087,Abdou Diallo,sn SEN,"DF,MF",RB Leipzig,26-301,1996,4.8,296,345,85.8,5556,2367,117,126,92.9,146,161,90.7,31,52,59.6,0,0.1,0.3,-0.1,1,22,4,0,22,Matches
d82a310a,Justin Diehl,de GER,"MF,FW",Köln,18-094,2004,0.2,2,2,100.0,15,0,2,2,100.0,0,0,,0,0,,0,0.0,0.0,0.0,0,0,0,0,0,Matches
8779ddf8,Florian Dietz,de GER,FW,Köln,24-210,1998,4.4,39,76,51.3,487,111,27,40,67.5,7,20,35.0,2,5,40.0,0,0.3,0.5,-0.3,4,4,0,0,5,Matches
95bb6ddc,Junior Dina Ebimbe,fr FRA,"DF,MF",Eint Frankfurt,22-100,2000,8.7,243,340,71.5,3625,1214,144,178,80.9,80,108,74.1,12,34,35.3,1,1.4,1.1,-0.4,8,19,6,1,28,Matches
4ccd8957,Eren Dinkçi,de GER,"FW,MF",Werder Bremen,21-078,2001,1.6,29,50,58.0,483,73,14,23,60.9,13,19,68.4,2,4,50.0,0,0.2,0.3,-0.2,3,1,1,0,4,Matches
d01bbb6f,Ritsu Doan,jp JPN,"FW,MF",Freiburg,24-258,1998,17.6,309,430,71.9,4580,1207,187,230,81.3,87,116,75.0,19,29,65.5,3,2.1,3.2,+0.9,18,26,21,4,47,Matches
f67c9d29,Danilho Doekhi,nl NED,DF,Union Berlin,24-244,1998,12.9,407,514,79.2,7205,2501,170,193,88.1,198,237,83.5,31,62,50.0,1,0.1,0.5,+0.9,2,38,2,0,43,Matches
cc83b74d,Kasper Dolberg,dk DEN,"FW,MF",Hoffenheim,25-146,1997,3.2,40,54,74.1,499,71,22,27,81.5,12,17,70.6,1,1,100.0,0,0.4,0.2,-0.4,3,1,3,0,4,Matches
7f73bdf4,Niklas Dorsch,de GER,MF,Augsburg,25-045,1998,1.6,55,78,70.5,1033,251,20,29,69.0,28,37,75.7,6,9,66.7,0,0.0,0.1,0.0,0,1,2,0,5,Matches
9a2e3a23,Dion Drena Beljo,hr CRO,FW,Augsburg,21-000,2002,3.8,50,82,61.0,629,112,25,43,58.1,19,25,76.0,0,2,0.0,0,0.2,0.2,-0.2,4,3,3,1,5,Matches
809940aa,Dominick Drexler,de GER,"MF,FW",Schalke 04,32-279,1990,11.3,225,347,64.8,3403,1088,116,161,72.0,73,106,68.9,15,31,48.4,3,1.7,1.2,+1.3,12,24,12,5,34,Matches
638a4d71,Marvin Ducksch,de GER,FW,Werder Bremen,28-359,1994,20.4,387,621,62.3,6449,1707,194,247,78.5,118,197,59.9,46,117,39.3,5,3.7,4.6,+1.3,39,23,14,5,34,Matches
79ca3e23,Ondrej Duda,sk SVK,MF,Köln,28-086,1994,7.7,208,279,74.6,3598,866,97,115,84.3,82,101,81.2,20,37,54.1,0,0.7,0.8,-0.7,8,28,5,1,40,Matches
beb882a8,Maximilian Eggestein,de GER,MF,Freiburg,26-083,1996,17.5,429,560,76.6,6514,2042,232,277,83.8,151,179,84.4,23,38,60.5,2,0.9,1.2,+1.1,14,58,11,1,59,Matches
2f7fec15,Lilian Egloff,de GER,"MF,FW",Stuttgart,20-193,2002,2.7,42,73,57.5,574,201,29,39,74.4,11,16,68.8,1,5,20.0,0,0.4,0.8,-0.4,4,3,3,0,7,Matches
76b2817e,Kingsley Ehizibue,nl NED,DF,Köln,27-280,1995,0.7,15,24,62.5,275,142,8,10,80.0,3,6,50.0,4,6,66.7,0,0.0,0.0,0.0,0,1,1,0,2,Matches
e7f3e8a7,Chidera Ejuke,ng NGA,"FW,MF",Hertha BSC,25-058,1998,8.8,210,265,79.2,3133,683,118,139,84.9,63,77,81.8,19,24,79.2,3,1.1,0.8,+1.9,8,26,9,0,36,Matches
48035304,Nico Elvedi,ch SUI,DF,M'Gladbach,26-152,1996,19.5,1251,1352,92.5,23117,7240,448,478,93.7,680,703,96.7,108,140,77.1,0,0.3,0.4,-0.3,5,33,0,0,54,Matches
c149016b,Wataru Endo,jp JPN,MF,Stuttgart,30-020,1993,20.5,671,873,76.9,12198,3655,276,340,81.2,304,366,83.1,78,116,67.2,2,2.1,2.1,-0.1,25,80,17,0,95,Matches
554bcc91,Arne Engels,be BEL,MF,Augsburg,19-174,2003,6.7,186,278,66.9,3561,1548,82,101,81.2,72,99,72.7,29,57,50.9,2,1.5,1.3,+0.5,15,32,6,1,37,Matches
1e43fad8,Ralf Fährmann,de GER,GK,Schalke 04,34-155,1988,5.0,158,212,74.5,4795,3761,20,21,95.2,78,78,100.0,59,112,52.7,0,0.0,0.0,0.0,0,6,0,0,0,Matches
677da306,Ohis Felix Uduokhai,de GER,DF,Augsburg,25-173,1997,10.8,362,496,73.0,7044,2305,121,147,82.3,202,243,83.1,35,84,41.7,1,0.2,0.3,+0.8,2,24,2,0,36,Matches
3bb625ac,Edimilson Fernandes,ch SUI,DF,Mainz 05,26-320,1996,15.9,504,689,73.1,10566,3860,183,203,90.1,218,268,81.3,94,186,50.5,2,0.7,1.2,+1.3,8,40,9,3,39,Matches
79f7302a,Kilian Fischer,de GER,DF,Wolfsburg,22-140,2000,2.3,95,120,79.2,1435,823,54,59,91.5,35,46,76.1,4,9,44.4,0,0.0,0.0,0.0,0,7,0,0,9,Matches
a92ab7be,Mark Flekken,nl NED,GK,Freiburg,29-261,1993,22.0,663,919,72.1,22016,16375,58,60,96.7,312,317,98.4,292,535,54.6,0,0.1,0.2,-0.1,2,39,3,0,0,Matches
9642c929,Florian Flick,de GER,MF,Schalke 04,22-304,2000,5.7,129,185,69.7,2170,656,64,82,78.0,50,63,79.4,11,25,44.0,0,0.0,0.1,0.0,1,13,0,0,12,Matches
9a2e0ccc,Emil Forsberg,se SWE,"MF,FW",RB Leipzig,31-129,1991,10.0,284,344,82.6,3928,1046,179,203,88.2,79,91,86.8,12,20,60.0,3,1.3,1.0,+1.7,9,37,11,0,43,Matches
76fa965f,Philipp Förster,de GER,MF,Bochum,28-025,1995,10.1,275,373,73.7,4349,1519,151,173,87.3,89,119,74.8,26,50,52.0,5,1.9,1.7,+3.1,14,33,11,4,41,Matches
a9142dc3,Timothy Fosu-Mensah,nl NED,DF,Leverkusen,25-058,1998,1.3,61,76,80.3,860,177,40,45,88.9,18,22,81.8,1,4,25.0,0,0.0,0.0,0.0,2,1,1,0,5,Matches
626fab5f,Raphael Framberger,de GER,"DF,FW",Augsburg,27-176,1995,2.0,33,64,51.6,404,291,22,27,81.5,9,19,47.4,0,10,0.0,0,0.0,0.1,0.0,1,2,1,0,3,Matches
697dc00a,Bartol Franjić,hr CRO,MF,Wolfsburg,23-046,2000,2.5,61,79,77.2,929,258,33,36,91.7,21,27,77.8,4,7,57.1,1,0.1,0.1,+0.9,2,6,1,0,4,Matches
33182cb8,Michael Frey,ch SUI,FW,Schalke 04,28-225,1994,4.2,60,110,54.5,815,275,34,63,54.0,18,26,69.2,2,3,66.7,2,1.0,0.5,+1.0,6,9,3,1,14,Matches
f86ad3f5,Marco Friedl,at AUT,DF,Werder Bremen,24-350,1998,18.8,978,1195,81.8,21152,7725,308,330,93.3,470,533,88.2,184,296,62.2,0,0.5,1.3,-0.5,8,87,13,5,83,Matches
b77f44a4,Marvin Friedrich,de GER,DF,M'Gladbach,27-078,1995,10.7,630,740,85.1,11849,3795,225,241,93.4,351,377,93.1,50,104,48.1,0,0.4,0.6,-0.4,4,16,0,0,30,Matches
74f2e748,Jeremie Frimpong,nl NED,"DF,MF",Leverkusen,22-081,2000,19.4,626,801,78.2,8167,2710,434,496,87.5,152,200,76.0,18,41,43.9,4,4.5,4.0,-0.5,27,28,20,7,47,Matches
0cf778df,Chris Führich,de GER,"FW,MF",Stuttgart,25-051,1998,14.9,361,478,75.5,5947,1388,186,216,86.1,136,167,81.4,30,60,50.0,0,2.8,2.1,-2.8,18,30,13,1,59,Matches
4b96c347,Angelo Fulgini,fr FRA,MF,Mainz 05,26-193,1996,5.8,188,238,79.0,2496,683,123,139,88.5,48,69,69.6,6,15,40.0,1,0.8,0.4,+0.2,8,13,10,1,29,Matches
4f16405e,Niclas Füllkrug,de GER,FW,Werder Bremen,30-020,1993,20.5,414,666,62.2,6523,1512,233,321,72.6,115,191,60.2,44,69,63.8,3,2.4,2.4,+0.6,25,38,20,1,67,Matches
f27680d9,Cristian Gamboa,cr CRC,DF,Bochum,33-128,1989,14.1,389,583,66.7,8094,3389,142,173,82.1,161,233,69.1,82,152,53.9,0,0.5,0.7,-0.5,9,46,14,9,47,Matches
6c731625,Silvère Ganvoula M'Boussy,cg CGO,FW,Bochum,26-252,1996,2.5,43,78,55.1,552,157,30,46,65.2,12,22,54.5,0,4,0.0,0,0.5,0.2,-0.5,5,7,5,0,10,Matches
37f606f0,Dennis Geiger,de GER,MF,Hoffenheim,24-264,1998,13.1,470,564,83.3,8686,2988,197,214,92.1,202,228,88.6,58,88,65.9,2,2.0,1.8,0.0,27,49,8,0,75,Matches
62ab9184,Yannick Gerhardt,de GER,MF,Wolfsburg,28-353,1994,12.8,294,400,73.5,4807,1549,160,190,84.2,106,138,76.8,22,40,55.0,1,0.8,1.3,+0.2,12,38,6,1,53,Matches
7242b495,Niko Gießelmann,de GER,DF,Union Berlin,31-156,1991,11.7,413,615,67.2,7771,2891,189,229,82.5,156,231,67.5,63,120,52.5,2,1.5,1.8,+0.5,20,30,19,10,40,Matches
17376543,Rafał Gikiewicz,pl POL,GK,Augsburg,35-126,1987,18.0,643,882,72.9,19090,13503,99,101,98.0,312,319,97.8,231,460,50.2,0,0.0,0.1,0.0,0,20,1,0,0,Matches
f521b80a,Matthias Ginter,de GER,DF,Freiburg,29-041,1994,22.0,1013,1233,82.2,20685,7839,291,336,86.6,583,652,89.4,132,219,60.3,1,0.6,1.1,+0.4,7,88,8,1,90,Matches
88e357ef,Serge Gnabry,de GER,"FW,MF",Bayern Munich,27-230,1995,13.1,476,595,80.0,6745,1804,307,353,87.0,134,162,82.7,26,45,57.8,4,3.1,3.4,+0.9,21,30,25,4,60,Matches
83b9c48f,Jacek Góralski,pl POL,MF,Bochum,30-161,1992,1.6,31,39,79.5,488,138,14,17,82.4,12,12,100.0,3,6,50.0,0,0.1,0.0,-0.1,2,0,0,0,3,Matches
cc86b9a3,Leon Goretzka,de GER,MF,Bayern Munich,28-023,1995,13.0,546,662,82.5,7903,2577,305,340,89.7,182,220,82.7,28,46,60.9,1,1.6,1.7,-0.6,15,50,13,0,75,Matches
9efa1d25,Mario Götze,de GER,MF,Eint Frankfurt,30-271,1992,19.8,737,973,75.7,10683,3081,420,489,85.9,235,297,79.1,40,87,46.0,1,4.2,4.2,-3.2,27,62,24,6,95,Matches
1025db8e,Jeffrey Gouweleeuw,nl NED,DF,Augsburg,31-234,1991,20.3,645,961,67.1,14287,5943,193,251,76.9,339,404,83.9,107,267,40.1,1,1.9,1.2,-0.9,9,67,13,1,59,Matches
b8e740fb,Ryan Gravenberch,nl NED,MF,Bayern Munich,20-289,2002,3.3,157,184,85.3,2305,539,91,100,91.0,52,60,86.7,7,11,63.6,0,0.3,0.4,-0.3,4,15,5,0,19,Matches
8e235926,Michael Gregoritsch,at AUT,FW,Freiburg,28-317,1994,17.9,221,401,55.1,2817,880,132,206,64.1,58,112,51.8,10,21,47.6,3,2.0,2.4,+1.0,19,22,15,1,45,Matches
f9dfb7ae,Leo Greiml,at AUT,DF,Schalke 04,21-241,2001,2.5,100,125,80.0,2128,676,22,25,88.0,65,73,89.0,12,25,48.0,0,0.0,0.1,0.0,0,4,1,0,7,Matches
54e4866f,Vincenzo Grifo,it ITA,"FW,MF",Freiburg,29-328,1993,16.2,625,854,73.2,11108,3463,291,342,85.1,239,301,79.4,76,162,46.9,4,4.7,5.1,-0.7,39,53,36,3,92,Matches
37998008,Lennart Grill,de GER,GK,Union Berlin,24-035,1999,4.0,121,173,69.9,3837,3067,18,18,100.0,57,58,98.3,46,96,47.9,0,0.0,0.0,0.0,0,8,0,0,0,Matches
14a7af33,Christian Groß,de GER,MF,Werder Bremen,34-021,1989,14.3,460,564,81.6,7017,2036,249,284,87.7,162,202,80.2,29,37,78.4,0,0.3,0.5,-0.3,4,43,5,2,40,Matches
ae9b998d,Brajan Gruda,de GER,MF,Mainz 05,18-274,2004,0.0,2,4,50.0,49,17,1,3,33.3,0,0,,1,1,100.0,0,0.1,0.0,-0.1,1,0,1,1,0,Matches
1fc4f3d1,Ilia Gruev,bg BUL,MF,Werder Bremen,22-299,2000,11.8,460,533,86.3,7582,2068,221,244,90.6,199,220,90.5,33,50,66.0,0,0.2,0.9,-0.2,5,36,9,2,44,Matches
f2dd9a21,Carlos Gruezo,ec ECU,MF,Augsburg,27-316,1995,10.7,199,276,72.1,4090,1319,63,80,78.8,88,110,80.0,40,70,57.1,0,0.3,0.4,-0.3,6,25,6,0,29,Matches
048a1cbc,Raphaël Guerreiro,pt POR,DF,Dortmund,29-069,1993,16.4,937,1125,83.3,13384,5196,566,621,91.1,290,346,83.8,41,85,48.2,6,3.4,4.2,+2.6,29,92,26,5,115,Matches
e6c43eec,Josuha Guilavogui,fr FRA,"MF,DF",Wolfsburg,32-163,1990,5.8,196,252,77.8,3870,1197,72,91,79.1,93,117,79.5,30,37,81.1,0,0.4,0.8,-0.4,4,21,5,0,19,Matches
923f4dda,Sehrou Guirassy,gn GUI,FW,Stuttgart,26-354,1996,10.8,184,268,68.7,2576,419,112,139,80.6,53,74,71.6,8,19,42.1,0,0.8,0.5,-0.8,11,9,4,0,19,Matches
bcb2ccd8,Péter Gulácsi,hu HUN,GK,RB Leipzig,32-299,1990,6.0,189,215,87.9,4257,2285,44,44,100.0,112,112,100.0,33,59,55.9,0,0.0,0.0,0.0,0,3,0,0,0,Matches
25ab9c9c,Manuel Gulde,de GER,"DF,FW",Freiburg,32-017,1991,1.6,74,88,84.1,1424,379,27,30,90.0,39,40,97.5,8,16,50.0,0,0.0,0.0,0.0,0,5,0,0,5,Matches
1df0c0b9,Robert Gumny,pl POL,DF,Augsburg,24-270,1998,16.2,403,622,64.8,7001,2904,185,238,77.7,169,248,68.1,39,101,38.6,1,0.6,0.8,+0.4,7,23,7,4,42,Matches
8593f88c,Christian Günter,de GER,"DF,MF",Freiburg,30-001,1993,20.6,674,943,71.5,11408,3975,321,372,86.3,244,335,72.8,66,156,42.3,3,4.2,3.9,-1.2,44,34,26,19,52,Matches
5ad50391,Joško Gvardiol,hr CRO,DF,RB Leipzig,21-037,2002,15.5,1203,1360,88.5,24043,8678,369,399,92.5,689,730,94.4,138,208,66.3,0,0.4,0.6,-0.4,7,73,7,1,80,Matches
70dcf94d,Janik Haberer,de GER,MF,Union Berlin,28-333,1994,15.0,279,404,69.1,4198,1122,153,195,78.5,89,130,68.5,17,28,60.7,1,1.0,0.8,0.0,13,30,8,2,39,Matches
a5ec3ede,Alexander Hack,de GER,DF,Mainz 05,29-174,1993,12.5,426,580,73.4,9059,4734,142,169,84.0,191,235,81.3,86,147,58.5,0,0.1,0.8,-0.1,4,35,4,1,52,Matches
cd82452e,André Hahn,de GER,"FW,MF",Augsburg,32-200,1990,4.3,33,83,39.8,542,216,15,25,60.0,13,26,50.0,2,17,11.8,0,0.0,0.0,0.0,1,7,1,0,8,Matches
92432bc6,Amadou Haidara,ml MLI,MF,RB Leipzig,25-029,1998,8.1,356,431,82.6,6010,1907,168,198,84.8,149,168,88.7,32,48,66.7,1,0.8,0.8,+0.2,5,40,8,0,37,Matches
ba115a40,Sébastien Haller,ci CIV,FW,Dortmund,28-252,1994,3.8,70,101,69.3,850,155,45,58,77.6,18,27,66.7,2,5,40.0,1,1.3,1.0,-0.3,7,3,2,0,5,Matches
8ff2354e,Marcel Halstenberg,de GER,DF,RB Leipzig,31-155,1991,11.9,661,824,80.2,11201,3704,312,346,90.2,300,357,84.0,41,79,51.9,1,0.7,0.8,+0.3,8,37,10,3,43,Matches
2e77d607,Andreas Hanche-Olsen,no NOR,DF,Mainz 05,26-043,1997,5.6,156,246,63.4,3137,1407,58,78,74.4,73,102,71.6,24,60,40.0,1,0.0,0.2,+1.0,1,20,3,0,16,Matches
f24ea523,Genki Haraguchi,jp JPN,MF,Stuttgart,31-296,1991,3.7,110,135,81.5,1710,460,59,68,86.8,37,41,90.2,8,11,72.7,1,0.3,0.2,+0.7,6,16,1,1,15,Matches
f24ea523,Genki Haraguchi,jp JPN,MF,Union Berlin,31-296,1991,5.5,119,159,74.8,1900,486,51,65,78.5,47,58,81.0,10,14,71.4,0,0.3,0.4,-0.3,7,15,3,0,17,Matches
9ab16552,Makoto Hasebe,jp JPN,DF,Eint Frankfurt,39-042,1984,6.1,342,389,87.9,6647,2174,103,113,91.2,209,224,93.3,28,44,63.6,0,0.4,0.1,-0.4,1,11,1,0,15,Matches
50871bcc,Thorgan Hazard,be BEL,"FW,DF",Dortmund,29-337,1993,5.2,235,324,72.5,3790,1328,121,151,80.1,92,118,78.0,18,41,43.9,0,0.9,0.9,-0.9,11,17,7,1,28,Matches
c2009df3,Jonas Hector,de GER,DF,Köln,32-278,1990,19.4,829,1126,73.6,15500,5369,359,409,87.8,342,428,79.9,115,226,50.9,1,2.7,2.8,-1.7,23,53,12,8,86,Matches
699fb8db,Dominique Heintz,de GER,DF,Bochum,29-198,1993,3.8,103,118,87.3,2075,603,36,39,92.3,52,54,96.3,14,24,58.3,0,0.0,0.0,0.0,0,5,1,0,7,Matches
0a89e877,Benjamin Henrichs,de GER,"DF,MF",RB Leipzig,26-006,1997,15.7,712,953,74.7,11868,3832,369,422,87.4,278,348,79.9,53,119,44.5,1,1.0,2.5,0.0,12,59,15,5,64,Matches
c3ee18ef,Lucas Hernández,fr FRA,DF,Bayern Munich,27-015,1996,5.3,337,377,89.4,6346,2535,133,140,95.0,153,170,90.0,43,51,84.3,0,0.2,0.1,-0.2,1,29,2,0,34,Matches
dfb6490a,Patrick Herrmann,de GER,"FW,MF",M'Gladbach,32-017,1991,1.6,64,92,69.6,969,376,34,37,91.9,24,34,70.6,3,11,27.3,0,0.4,0.6,-0.4,3,7,3,1,6,Matches
0c7a48f8,Piero Hincapié,ec ECU,DF,Leverkusen,21-051,2002,16.7,906,1098,82.5,15082,4860,443,479,92.5,396,457,86.7,59,121,48.8,0,0.7,0.5,-0.7,5,35,5,3,50,Matches
5521f419,Adam Hložek,cz CZE,"FW,MF",Leverkusen,20-219,2002,10.3,191,258,74.0,2765,822,118,142,83.1,48,64,75.0,16,25,64.0,3,2.5,1.3,+0.5,17,17,5,0,28,Matches
5d8e331f,Nicolas Höfler,de GER,MF,Freiburg,32-357,1990,20.4,750,891,84.2,12503,3424,319,358,89.1,342,392,87.2,53,78,67.9,1,0.9,0.5,+0.1,4,58,4,0,68,Matches
2903a856,Jonas Hofmann,de GER,"FW,MF",M'Gladbach,30-230,1992,18.6,685,930,73.7,11890,3732,327,373,87.7,239,306,78.1,83,164,50.6,7,7.0,6.1,0.0,62,37,25,5,63,Matches
877bc844,Philipp Hofmann,de GER,FW,Bochum,29-336,1993,18.1,275,478,57.5,3658,849,181,280,64.6,76,147,51.7,8,13,61.5,1,1.7,2.1,-0.7,15,22,10,0,40,Matches
ca618d23,Lucas Höler,de GER,"FW,MF",Freiburg,28-234,1994,6.1,128,203,63.1,1788,377,66,96,68.8,45,64,70.3,5,10,50.0,0,0.7,0.7,-0.7,4,9,5,1,15,Matches
2979c05a,Gerrit Holtmann,ph PHI,FW,Bochum,27-341,1995,9.2,142,244,58.2,1784,487,95,122,77.9,33,59,55.9,5,22,22.7,1,0.8,0.8,+0.2,10,4,8,4,8,Matches
2b83fa49,Jannes Horn,de GER,"DF,FW",Bochum,26-023,1997,0.7,15,19,78.9,211,120,6,7,85.7,6,7,85.7,0,0,,0,0.0,0.0,0.0,0,0,0,0,0,Matches
ad3389d5,Lukáš Hrádecký,fi FIN,GK,Leverkusen,33-097,1989,21.0,528,721,73.2,13694,9954,118,121,97.5,249,253,98.4,158,344,45.9,0,0.0,0.0,0.0,0,6,1,0,0,Matches
94302c52,Timo Hübers,de GER,DF,Köln,26-224,1996,16.4,806,977,82.5,17061,5964,186,209,89.0,518,574,90.2,97,174,55.7,0,0.1,0.5,-0.1,2,35,2,0,46,Matches
15f3ec41,Callum Hudson-Odoi,eng ENG,"FW,MF",Leverkusen,22-114,2000,6.6,202,242,83.5,3371,760,111,125,88.8,67,77,87.0,21,29,72.4,1,0.8,0.9,+0.2,13,18,7,1,30,Matches
05d548d8,Mats Hummels,de GER,DF,Dortmund,34-075,1988,13.9,862,986,87.4,18670,5980,233,260,89.6,460,485,94.8,158,212,74.5,0,0.6,0.5,-0.6,4,50,3,1,64,Matches
b116c6e3,Denis Huseinbasic,de GER,"MF,FW",Köln,21-241,2001,7.0,171,221,77.4,2432,602,99,112,88.4,55,67,82.1,9,16,56.3,1,0.3,0.5,+0.7,4,22,3,0,25,Matches
054849d2,Iago,br BRA,"DF,MF",Augsburg,25-343,1997,12.9,318,532,59.8,5759,3128,126,160,78.8,150,245,61.2,35,88,39.8,1,0.9,1.5,+0.1,8,27,11,4,43,Matches
f5c4fd91,Arijon Ibrahimović,de GER,MF,Bayern Munich,17-080,2005,0.2,7,8,87.5,120,9,4,4,100.0,2,3,66.7,1,1,100.0,0,0.1,0.0,-0.1,1,0,0,0,0,Matches
271b8617,Marcus Ingvartsen,dk DEN,"FW,MF",Mainz 05,27-056,1996,8.3,124,194,63.9,1686,364,74,107,69.2,39,57,68.4,4,8,50.0,0,0.2,0.2,-0.2,4,8,3,0,18,Matches
97d545ae,Ko Itakura,jp JPN,DF,M'Gladbach,26-033,1997,11.6,817,888,92.0,14812,5145,290,302,96.0,480,509,94.3,44,64,68.8,2,0.2,0.3,+1.8,3,35,4,0,30,Matches
204dded0,Hiroki Ito,jp JPN,DF,Stuttgart,23-293,1999,18.5,1056,1296,81.5,23108,8385,302,345,87.5,569,632,90.0,174,286,60.8,1,1.5,1.9,-0.5,16,88,7,1,103,Matches
8bf58a80,Andreas Ivan,ro ROU,MF,Schalke 04,28-050,1995,0.5,9,11,81.8,100,42,7,7,100.0,1,1,100.0,0,0,,0,0.0,0.0,0.0,0,2,0,0,2,Matches
34b0387f,Lee Jae-sung,kr KOR,MF,Mainz 05,30-203,1992,13.9,389,537,72.4,5911,1404,210,258,81.4,133,178,74.7,27,50,54.0,3,1.8,2.3,+1.2,17,37,16,3,49,Matches
a93b6f4e,Paul Jaeckel,de GER,DF,Union Berlin,24-222,1998,9.9,358,444,80.6,6964,2631,123,134,91.8,193,213,90.6,37,83,44.6,0,0.0,0.6,0.0,0,34,3,1,24,Matches
a8ee54ad,Kristijan Jakić,hr CRO,"DF,MF",Eint Frankfurt,25-291,1997,13.6,561,743,75.5,9756,4116,238,281,84.7,272,325,83.7,41,97,42.3,0,0.7,0.8,-0.7,6,32,5,1,48,Matches
fa4cabd1,Jan Jakob Olschowsky,de GER,GK,M'Gladbach,21-103,2001,2.0,70,91,76.9,1737,1105,13,13,100.0,41,41,100.0,16,37,43.2,0,0.0,0.0,0.0,0,2,0,0,0,Matches
689c9cf4,Saidy Janko,gm GAM,DF,Bochum,27-130,1995,7.9,199,291,68.4,3448,967,95,126,75.4,81,112,72.3,21,42,50.0,0,0.1,0.2,-0.1,1,16,3,0,17,Matches
34b54da7,Tony Jantschke,de GER,"DF,MF",M'Gladbach,32-328,1990,1.0,57,64,89.1,1031,282,18,19,94.7,33,36,91.7,5,8,62.5,0,0.0,0.0,0.0,0,0,0,0,1,Matches
3eeb80e0,Fredrik Jensen,fi FIN,"FW,MF",Augsburg,25-173,1997,8.8,140,259,54.1,2660,981,64,89,71.9,48,88,54.5,23,54,42.6,1,1.4,1.6,-0.4,13,20,11,2,23,Matches
ee644761,Moritz Jenz,de GER,DF,Schalke 04,23-305,1999,5.0,183,235,77.9,4032,1561,51,61,83.6,107,118,90.7,25,53,47.2,0,0.0,0.0,0.0,0,10,0,0,7,Matches
f36c432f,Stevan Jovetić,me MNE,"FW,MF",Hertha BSC,33-119,1989,4.6,98,158,62.0,1720,672,49,79,62.0,35,51,68.6,11,14,78.6,2,0.8,0.3,+1.2,8,19,5,1,20,Matches
de838f86,Anthony Jung,de GER,"DF,FW",Werder Bremen,31-118,1991,18.9,758,971,78.1,11973,3780,398,447,89.0,287,357,80.4,49,101,48.5,4,1.2,1.3,+2.8,16,39,15,7,46,Matches
0a084b35,Josip Juranović,hr CRO,DF,Union Berlin,27-197,1995,2.0,62,92,67.4,1027,458,29,33,87.9,23,33,69.7,7,15,46.7,1,0.1,0.1,+0.9,1,3,1,1,3,Matches
2d61d13a,Ozan Kabak,tr TUR,DF,Hoffenheim,22-341,2000,18.6,843,1005,83.9,15922,4909,309,347,89.0,454,508,89.4,74,117,63.2,2,1.3,1.0,+0.7,4,48,2,0,56,Matches
79c90e45,Pavel Kadeřábek,cz CZE,DF,Hoffenheim,30-310,1992,10.7,373,529,70.5,5939,2268,194,232,83.6,157,209,75.1,17,60,28.3,0,1.0,2.2,-1.0,10,19,15,14,29,Matches
94c18565,Florian Kainz,at AUT,"FW,MF",Köln,30-128,1992,16.1,432,725,59.6,8477,3797,165,195,84.6,182,271,67.2,75,193,38.9,6,5.5,5.5,+0.5,38,50,33,9,103,Matches
15f24fe7,Sasa Kalajdzic,at AUT,FW,Stuttgart,25-237,1997,2.6,40,63,63.5,689,172,19,30,63.3,14,22,63.6,4,5,80.0,3,0.6,0.3,+2.4,6,3,0,0,4,Matches
091c86e2,Felix Kalu Nmecha,de GER,MF,Wolfsburg,22-142,2000,10.5,231,324,71.3,3836,1117,111,142,78.2,98,125,78.4,15,31,48.4,3,1.1,0.7,+1.9,9,30,5,1,34,Matches
15b287da,Daichi Kamada,jp JPN,"MF,FW",Eint Frankfurt,26-208,1996,16.2,669,823,81.3,11030,3316,334,374,89.3,267,310,86.1,51,92,55.4,4,1.9,2.2,+2.1,20,79,12,3,87,Matches
202b3b68,Jakub Kamiński,pl POL,"FW,MF",Wolfsburg,20-269,2002,12.9,236,330,71.5,3304,1086,138,169,81.7,74,99,74.7,9,22,40.9,2,1.6,1.9,+0.4,15,16,19,3,46,Matches
463503e2,Marcin Kamiński,pl POL,DF,Schalke 04,31-045,1992,1.0,13,17,76.5,250,121,6,6,100.0,3,4,75.0,3,6,50.0,0,0.0,0.0,0.0,0,0,0,0,0,Matches
b825a650,Kevin Kampl,si SVN,MF,RB Leipzig,32-143,1990,8.9,514,571,90.0,8687,2188,237,259,91.5,225,240,93.8,39,46,84.8,1,0.5,0.7,+0.5,4,44,6,1,48,Matches
b4c816a9,Wilfried Kanga,ci CIV,FW,Hertha BSC,25-008,1998,13.0,130,209,62.2,1617,216,77,114,67.5,35,62,56.5,4,6,66.7,0,1.2,0.9,-1.2,19,6,4,1,10,Matches
8f0f2230,Kenan Karaman,tr TUR,FW,Schalke 04,28-361,1994,4.5,54,86,62.8,661,189,37,52,71.2,15,22,68.2,0,0,,0,0.1,0.3,-0.1,2,4,3,0,8,Matches
5762be5c,Atakan Karazor,de GER,MF,Stuttgart,26-139,1996,12.3,549,646,85.0,9519,2728,241,275,87.6,252,281,89.7,44,62,71.0,1,0.5,0.5,+0.5,12,43,4,0,43,Matches
778ccc44,Thomas Kastanaras,gr GRE,"FW,DF",Stuttgart,20-051,2003,0.8,14,17,82.4,175,38,8,9,88.9,3,3,100.0,1,1,100.0,0,0.1,0.0,-0.1,1,2,1,1,2,Matches
de4cac2d,Silas Katompa,cd COD,"FW,DF",Stuttgart,24-146,1998,15.2,207,283,73.1,3161,802,111,139,79.9,75,94,79.8,11,20,55.0,2,1.2,1.8,+0.8,13,14,12,3,30,Matches
d2c580ce,Yannik Keitel,de GER,MF,Freiburg,23-014,2000,4.9,149,185,80.5,2599,516,70,76,92.1,61,79,77.2,16,23,69.6,2,0.1,0.2,+1.9,3,15,2,0,20,Matches
815c314f,Marc-Oliver Kempf,de GER,DF,Hertha BSC,28-032,1995,21.3,742,957,77.5,14142,5944,278,317,87.7,379,449,84.4,76,148,51.4,0,0.2,0.5,-0.2,4,45,5,0,59,Matches
099e666f,Jonjoe Kenny,eng ENG,DF,Hertha BSC,25-351,1997,17.7,658,899,73.2,12168,5804,265,317,83.6,306,390,78.5,71,141,50.4,1,1.1,1.2,-0.1,11,66,7,5,73,Matches
59e4b92e,Rani Khedira,de GER,MF,Union Berlin,29-033,1994,20.3,491,658,74.6,7968,1890,231,277,83.4,210,265,79.2,33,72,45.8,0,0.3,0.4,-0.3,5,42,4,1,46,Matches
610aa1e9,Luca Kilian,de GER,DF,Köln,23-181,1999,12.2,578,673,85.9,11467,3267,142,162,87.7,376,396,94.9,55,99,55.6,0,0.1,0.2,-0.1,2,36,0,0,48,Matches
49296448,Joshua Kimmich,de GER,MF,Bayern Munich,28-021,1995,19.6,1474,1746,84.4,27481,9000,621,661,93.9,628,704,89.2,198,324,61.1,4,3.7,5.4,+0.3,46,184,44,2,203,Matches
ca8033cb,Lukas Klostermann,de GER,DF,RB Leipzig,26-271,1996,4.2,259,301,86.0,4899,1465,90,101,89.1,146,157,93.0,21,36,58.3,0,0.0,0.1,0.0,0,10,2,0,13,Matches
19a967ab,Ansgar Knauff,de GER,DF,Eint Frankfurt,21-050,2002,11.4,339,518,65.4,5177,2233,177,227,78.0,135,201,67.2,19,43,44.2,1,1.3,1.5,-0.3,4,21,10,4,29,Matches
6bd5cd5d,Robin Knoche,de GER,DF,Union Berlin,30-283,1992,21.0,872,1093,79.8,18640,7190,234,265,88.3,494,550,89.8,138,242,57.0,0,0.1,0.2,-0.1,2,56,1,0,55,Matches
cd59b9df,Gregor Kobel,ch SUI,GK,Dortmund,25-085,1997,18.0,588,727,80.9,15123,9116,105,105,100.0,315,319,98.7,165,298,55.4,0,0.0,0.0,0.0,0,8,0,0,0,Matches
0fbecd11,Dominik Kohr,de GER,MF,Mainz 05,29-029,1994,17.0,572,792,72.2,9400,3256,277,337,82.2,231,305,75.7,41,98,41.8,0,0.5,0.8,-0.5,11,75,10,0,97,Matches
c0b3669f,Randal Kolo Muani,fr FRA,FW,Eint Frankfurt,24-086,1998,18.8,257,409,62.8,3399,753,152,225,67.6,75,112,67.0,11,20,55.0,10,3.4,2.7,+6.6,22,17,16,2,37,Matches
ab096c6f,Timothée Kolodziejczak,fr FRA,DF,Schalke 04,31-151,1991,0.3,14,17,82.4,289,157,8,8,100.0,3,5,60.0,3,4,75.0,0,0.0,0.0,0.0,0,4,0,0,0,Matches
86574238,Kouadio Koné,fr FRA,MF,M'Gladbach,21-288,2001,20.3,862,1008,85.5,13639,4451,447,495,90.3,344,381,90.3,51,77,66.2,1,1.0,1.0,0.0,14,102,12,0,127,Matches
1f3afdcb,Odilon Kossonou,ci CIV,DF,Leverkusen,22-056,2001,8.9,450,540,83.3,7353,2548,206,232,88.8,207,232,89.2,27,48,56.3,1,0.1,0.5,+0.9,3,34,2,1,37,Matches
b1cd37e6,Filip Kostić,rs SRB,"DF,MF",Eint Frankfurt,30-120,1992,0.8,23,40,57.5,469,260,8,11,72.7,12,16,75.0,3,11,27.3,0,0.1,0.1,-0.1,1,1,1,0,4,Matches
dc366c36,Tomáš Koubek,cz CZE,GK,Augsburg,30-187,1992,4.0,108,166,65.1,4145,3368,7,7,100.0,47,47,100.0,54,112,48.2,0,0.0,0.0,0.0,0,10,0,0,0,Matches
f1e855eb,Soichiro Kozuki,jp JPN,"FW,MF",Schalke 04,22-069,2000,4.2,52,85,61.2,950,298,27,36,75.0,17,31,54.8,8,12,66.7,0,0.3,0.4,-0.3,4,3,3,2,10,Matches
e717705a,Alex Král,cz CZE,MF,Schalke 04,24-286,1998,14.2,291,440,66.1,5131,1729,114,166,68.7,134,170,78.8,27,61,44.3,0,0.2,0.6,-0.2,4,32,3,1,45,Matches
603cb947,Andrej Kramarić,hr CRO,"MF,FW",Hoffenheim,31-255,1991,16.5,509,643,79.2,7796,1563,286,323,88.5,158,198,79.8,40,60,66.7,3,1.3,1.8,+1.7,23,58,18,3,68,Matches
496aeede,Christoph Kramer,de GER,MF,M'Gladbach,32-010,1991,18.7,797,969,82.2,11555,3448,453,505,89.7,264,315,83.8,37,61,60.7,0,1.7,1.5,-1.7,13,46,11,2,66,Matches
9f77012e,Tom Krauß,de GER,MF,Schalke 04,21-252,2001,19.9,425,585,72.6,6490,2104,216,278,77.7,169,204,82.8,23,47,48.9,0,0.3,0.7,-0.3,5,35,7,0,60,Matches
f9446dcd,Max Kruse,de GER,"MF,FW",Wolfsburg,34-347,1988,3.0,90,121,74.4,1644,240,36,49,73.5,42,48,87.5,9,12,75.0,0,0.1,0.2,-0.1,3,4,3,1,7,Matches
2a29eb9b,Lukas Kübler,de GER,DF,Freiburg,30-183,1992,10.6,325,471,69.0,5653,1600,147,180,81.7,125,178,70.2,38,82,46.3,0,0.1,0.2,-0.1,2,33,3,0,26,Matches
9ceb7642,Pierre Kunde,cm CMR,MF,Bochum,27-218,1995,3.1,82,149,55.0,1399,522,38,51,74.5,35,59,59.3,8,34,23.5,0,0.1,0.1,-0.1,2,11,2,1,13,Matches
f1bc3876,Alou Kuol,au AUS,FW,Stuttgart,22-155,2000,0.1,1,1,100.0,12,0,1,1,100.0,0,0,,0,0,,0,0.0,0.0,0.0,0,0,0,0,0,Matches
2770726a,Daniel Kyereh,gh GHA,"MF,FW",Freiburg,26-358,1996,6.2,139,182,76.4,1649,285,97,118,82.2,26,35,74.3,4,8,50.0,0,0.3,0.8,-0.3,3,3,3,1,11,Matches
277c49ed,Maxence Lacroix,fr FRA,DF,Wolfsburg,22-329,2000,12.6,631,733,86.1,13277,5105,152,171,88.9,394,420,93.8,79,127,62.2,0,0.1,0.1,-0.1,1,37,0,0,47,Matches
22798128,Aïssa Laïdouni,tn TUN,MF,Union Berlin,26-078,1996,2.9,74,100,74.0,1299,398,33,39,84.6,34,42,81.0,6,11,54.5,0,0.2,0.2,-0.2,1,11,6,1,11,Matches
c1b7847c,Konrad Laimer,at AUT,MF,RB Leipzig,25-278,1997,8.7,250,331,75.5,3836,1262,136,159,85.5,89,109,81.7,16,33,48.5,0,1.5,0.9,-1.5,9,23,7,1,41,Matches
4aea5077,Stefan Lainer,at AUT,DF,M'Gladbach,30-186,1992,3.8,213,264,80.7,3320,1093,115,131,87.8,80,99,80.8,13,21,61.9,0,0.2,0.3,-0.2,1,15,2,0,15,Matches
591477c9,Vassilis Lambropoulos,gr GRE,DF,Bochum,32-335,1990,6.8,163,240,67.9,3268,1379,51,61,83.6,97,124,78.2,15,52,28.8,0,0.1,0.3,-0.1,1,11,2,0,27,Matches
72984eee,Jordan Larsson,se SWE,"FW,MF",Schalke 04,25-254,1997,5.1,87,117,74.4,1236,400,49,58,84.5,27,33,81.8,4,10,40.0,0,0.5,0.6,-0.5,4,7,5,0,12,Matches
33b554b7,Danny Latza,de GER,MF,Schalke 04,33-084,1989,5.1,173,220,78.6,2927,749,76,84,90.5,81,98,82.7,11,21,52.4,0,0.0,0.2,0.0,1,12,4,2,22,Matches
c4987edc,Diogo Leite,pt POR,DF,Union Berlin,24-037,1999,17.2,740,943,78.5,15288,5787,225,266,84.6,401,469,85.5,106,179,59.2,1,0.4,0.5,+0.6,4,70,2,0,82,Matches
7e12a98d,Maxim Leitsch,de GER,DF,Mainz 05,24-287,1998,7.4,249,328,75.9,4691,1687,105,127,82.7,114,142,80.3,27,50,54.0,0,0.0,0.1,0.0,1,16,1,0,25,Matches
792ffa71,Tim Lemperle,de GER,FW,Köln,21-024,2002,1.1,21,38,55.3,299,119,13,17,76.5,5,11,45.5,2,3,66.7,0,1.1,1.1,-1.1,3,4,2,0,5,Matches
bbd86530,Christopher Lenz,de GER,DF,Eint Frankfurt,28-160,1994,7.4,289,390,74.1,5231,2112,130,149,87.2,111,141,78.7,39,77,50.6,2,1.4,1.8,+0.6,14,22,12,7,28,Matches
13fe7b69,Jamie Leweling,de GER,FW,Union Berlin,22-003,2001,1.7,22,29,75.9,335,40,10,13,76.9,6,9,66.7,3,3,100.0,1,0.2,0.2,+0.8,1,0,1,1,2,Matches
302527b2,Philipp Lienhart,at AUT,DF,Freiburg,26-233,1996,21.3,1094,1284,85.2,23961,6849,255,292,87.3,671,724,92.7,162,244,66.4,0,0.3,0.4,-0.3,3,56,2,0,65,Matches
d6e53a3a,Matthijs de Ligt,nl NED,DF,Bayern Munich,23-201,1999,14.8,1096,1201,91.3,21540,7353,328,349,94.0,670,709,94.5,93,122,76.2,0,0.1,0.4,-0.1,4,90,5,1,78,Matches
37dc1a48,Jesper Lindstrøm,dk DEN,"MF,FW",Eint Frankfurt,23-000,2000,16.1,277,442,62.7,3696,1030,175,231,75.8,70,112,62.5,14,38,36.8,2,2.8,3.3,-0.8,18,14,15,3,27,Matches
c455a2b2,Dejan Ljubicic,at AUT,MF,Köln,25-144,1997,10.0,242,326,74.2,4013,1140,123,149,82.6,87,110,79.1,25,38,65.8,0,1.0,1.1,-1.0,15,22,10,2,34,Matches
07c7eb0c,Anthony Losilla,fr FRA,MF,Bochum,36-356,1986,20.4,476,696,68.4,8090,2592,217,291,74.6,202,281,71.9,41,81,50.6,2,0.7,0.6,+1.3,8,40,4,2,66,Matches
0c61c77c,Dodi Lukebakio,be BEL,"FW,MF",Hertha BSC,25-158,1997,17.5,280,417,67.1,4377,973,158,213,74.2,69,102,67.6,34,57,59.6,1,2.7,3.4,-1.7,15,11,16,5,25,Matches
8a6ab963,Andrey Lunyov,ru RUS,GK,Leverkusen,31-108,1991,1.0,35,44,79.5,880,696,9,9,100.0,17,19,89.5,9,16,56.3,0,0.0,0.0,0.0,0,1,0,0,0,Matches
ab700320,Arne Maier,de GER,MF,Augsburg,24-052,1999,12.2,285,414,68.8,4904,1649,139,175,79.4,106,140,75.7,31,58,53.4,0,0.9,1.2,-0.9,17,30,10,0,44,Matches
e5d85da8,Linton Maina,de GER,"FW,MF",Köln,23-251,1999,14.8,269,398,67.6,4119,1035,147,182,80.8,94,129,72.9,17,42,40.5,5,3.9,3.1,+1.1,24,21,14,6,38,Matches
864163f3,Donyell Malen,nl NED,FW,Dortmund,24-041,1999,10.1,220,303,72.6,3163,791,121,144,84.0,66,91,72.5,16,34,47.1,1,1.8,2.3,-0.8,16,18,10,4,21,Matches
c691bfe2,Sadio Mané,sn SEN,FW,Bayern Munich,30-325,1992,10.4,210,287,73.2,3090,879,129,157,82.2,65,81,80.2,11,17,64.7,3,2.5,2.0,+0.5,15,10,22,3,31,Matches
706a60e1,Myziane Maolida,fr FRA,"FW,MF",Hertha BSC,24-015,1999,1.1,8,15,53.3,129,30,4,7,57.1,3,6,50.0,1,1,100.0,0,0.2,0.5,-0.2,1,1,0,0,0,Matches
0e0102eb,Omar Marmoush,eg EGY,FW,Wolfsburg,24-022,1999,10.2,188,287,65.5,2866,719,108,151,71.5,57,81,70.4,17,29,58.6,1,0.5,1.1,+0.5,6,21,10,1,38,Matches
92a16062,Eric Martel,de GER,MF,Köln,20-306,2002,12.8,403,513,78.6,6704,1485,171,205,83.4,194,230,84.3,25,47,53.2,0,0.4,0.5,-0.4,3,25,5,2,34,Matches
2f3e911a,Aarón Martín,es ESP,DF,Mainz 05,25-313,1997,16.0,615,814,75.6,10087,4044,318,345,92.2,223,283,78.8,57,138,41.3,3,2.4,2.9,+0.6,23,60,25,15,71,Matches
a396fb61,Erhan Mašović,rs SRB,DF,Bochum,24-099,1998,12.5,380,471,80.7,7429,2615,126,144,87.5,209,236,88.6,40,77,51.9,0,0.5,0.5,-0.5,7,27,1,0,37,Matches
ab3f1bdf,Henning Matriciani,de GER,DF,Schalke 04,22-352,2000,10.7,360,470,76.6,6957,2378,120,139,86.3,205,244,84.0,31,67,46.3,0,0.1,0.2,-0.1,1,14,2,1,18,Matches
00963611,Konstantinos Mavropanos,gr GRE,DF,Stuttgart,25-080,1997,17.8,847,1025,82.6,18530,6933,252,298,84.6,430,471,91.3,163,230,70.9,1,1.0,0.8,0.0,10,61,11,2,77,Matches
826e8b63,Philipp Max,de GER,DF,Eint Frankfurt,29-152,1993,3.2,158,215,73.5,2518,939,85,98,86.7,59,80,73.8,13,31,41.9,0,0.4,0.9,-0.4,4,9,6,3,10,Matches
0e6bc38c,Eric Maxim Choupo-Moting,cm CMR,FW,Bayern Munich,33-343,1989,10.7,199,261,76.2,2563,724,123,149,82.6,48,59,81.4,7,12,58.3,2,1.7,2.0,+0.3,14,21,10,1,37,Matches
b74277a0,Noussair Mazraoui,ma MAR,DF,Bayern Munich,25-107,1997,6.2,383,443,86.5,5450,1974,233,260,89.6,132,149,88.6,10,19,52.6,3,0.8,0.7,+2.2,10,27,6,2,42,Matches
e162b013,Thomas Meunier,be BEL,DF,Dortmund,31-170,1991,6.3,318,429,74.1,5561,2066,145,172,84.3,127,167,76.0,34,58,58.6,0,0.6,0.8,-0.6,6,27,11,5,30,Matches
b56dd813,Alexander Meyer,de GER,GK,Dortmund,31-322,1991,4.0,175,196,89.3,4158,2540,36,37,97.3,94,94,100.0,45,63,71.4,0,0.0,0.0,0.0,0,0,0,0,0,Matches
1e274a0a,Sven Michel,de GER,FW,Union Berlin,32-229,1990,3.6,66,125,52.8,883,206,42,62,67.7,12,22,54.5,5,15,33.3,0,0.7,0.2,-0.7,3,3,4,2,6,Matches
f76022e7,Enzo Millot,fr FRA,MF,Stuttgart,20-227,2002,4.1,124,156,79.5,1773,474,65,75,86.7,46,56,82.1,5,11,45.5,0,0.4,1.0,-0.4,5,10,6,0,14,Matches
88d4144a,Maximilian Mittelstädt,de GER,DF,Hertha BSC,25-348,1997,6.1,231,340,67.9,3401,1629,138,156,88.5,74,117,63.2,13,49,26.5,0,0.7,0.8,-0.7,8,18,5,3,24,Matches
34e4343c,Anthony Modeste,fr FRA,FW,Dortmund,34-321,1988,8.3,64,111,57.7,801,157,35,53,66.0,19,38,50.0,1,3,33.3,1,1.1,0.4,-0.1,7,4,4,1,7,Matches
9ec9c8b6,Tobias Mohr,de GER,"DF,MF",Schalke 04,27-189,1995,7.8,265,435,60.9,5562,2542,94,116,81.0,113,163,69.3,51,124,41.1,2,0.8,1.3,+1.2,15,21,8,3,24,Matches
29ddfb9c,Clinton Mola,eng ENG,DF,Stuttgart,21-351,2001,0.2,3,6,50.0,52,24,1,1,100.0,2,3,66.7,0,1,0.0,0,0.0,0.0,0.0,0,0,0,0,0,Matches
7e82a78f,Florent Mollet,fr FRA,MF,Schalke 04,31-102,1991,4.6,113,152,74.3,1664,410,59,71,83.1,39,45,86.7,5,15,33.3,0,0.4,0.5,-0.4,4,12,2,1,14,Matches
6ce43701,Youssoufa Moukoko,de GER,FW,Dortmund,18-101,2004,10.5,115,163,70.6,1492,253,62,77,80.5,33,42,78.6,5,8,62.5,3,0.9,0.6,+2.1,8,6,5,0,10,Matches
cbac6ec9,Florian Müller,de GER,GK,Stuttgart,25-108,1997,19.0,597,733,81.4,15453,10711,130,131,99.2,299,304,98.4,164,292,56.2,0,0.1,0.1,-0.1,2,7,1,0,2,Matches
3c6089ab,Thomas Müller,de GER,"FW,MF",Bayern Munich,33-169,1989,10.1,358,468,76.5,4930,1496,196,230,85.2,126,161,78.3,11,27,40.7,6,4.3,4.4,+1.7,23,19,21,1,55,Matches
2c0558b8,Jamal Musiala,de GER,"MF,FW",Bayern Munich,20-003,2003,16.6,563,683,82.4,7770,1642,334,383,87.2,181,204,88.7,17,30,56.7,7,4.7,3.2,+2.3,35,40,23,1,77,Matches
9ff8ec4a,Suliman Mustapha,at AUT,"FW,MF",Mainz 05,21-281,2001,0.8,10,19,52.6,137,57,6,10,60.0,3,7,42.9,0,0,,0,0.0,0.0,0.0,0,1,1,0,2,Matches
441197b8,Obite N'Dicka,fr FRA,DF,Eint Frankfurt,23-193,1999,20.9,1045,1216,85.9,17893,7136,454,491,92.5,506,562,90.0,69,129,53.5,0,0.0,0.2,0.0,1,28,3,0,55,Matches
e110ea4b,Nathan N'Goumou,fr FRA,FW,M'Gladbach,22-352,2000,3.6,81,110,73.6,1063,330,52,62,83.9,18,26,69.2,4,7,57.1,0,0.2,0.3,-0.2,2,1,4,3,6,Matches
61590953,Stanley N'Soki,fr FRA,DF,Hoffenheim,23-326,1999,12.1,559,682,82.0,10327,4330,226,255,88.6,260,299,87.0,61,107,57.0,0,0.3,0.4,-0.3,3,55,3,0,58,Matches
30261ba1,Nikolas Nartey,dk DEN,"DF,MF",Stuttgart,23-007,2000,4.1,165,205,80.5,2688,1011,86,97,88.7,65,78,83.3,11,23,47.8,0,0.2,0.2,-0.2,3,15,4,1,16,Matches
e79269bd,Luca Netz,de GER,"DF,FW",M'Gladbach,19-290,2003,2.6,98,128,76.6,1418,413,56,62,90.3,36,47,76.6,3,12,25.0,2,0.9,0.8,+1.1,2,2,0,0,3,Matches
8778c910,Manuel Neuer,de GER,GK,Bayern Munich,36-339,1986,12.0,449,504,89.1,10571,7280,96,96,100.0,234,238,98.3,118,169,69.8,0,0.0,0.0,0.0,0,1,0,0,1,Matches
36a59ba4,Florian Neuhaus,de GER,MF,M'Gladbach,25-350,1997,6.5,190,248,76.6,2963,1012,102,116,87.9,66,88,75.0,13,23,56.5,0,1.7,1.0,-1.7,8,22,7,1,33,Matches
bc249af8,Jessic Ngankam,de GER,"FW,MF",Hertha BSC,22-224,2000,3.6,22,36,61.1,209,50,15,19,78.9,3,7,42.9,0,2,0.0,0,0.2,0.1,-0.2,2,1,2,0,3,Matches
d6862409,Florian Niederlechner,de GER,"FW,MF",Augsburg,32-128,1990,10.1,118,200,59.0,1833,417,57,89,64.0,47,67,70.1,5,16,31.3,1,0.4,0.7,+0.6,5,13,6,0,18,Matches
d6862409,Florian Niederlechner,de GER,FW,Hertha BSC,32-128,1990,3.5,38,58,65.5,558,87,22,26,84.6,13,19,68.4,2,4,50.0,0,0.1,0.3,-0.1,2,5,1,0,6,Matches
a45241d5,Justin Njinmah,de GER,FW,Dortmund,22-106,2000,0.2,0,2,0.0,0,0,0,0,,0,0,,0,0,,0,0.0,0.0,0.0,0,0,0,0,0,Matches
7c56da38,Christopher Nkunku,fr FRA,"FW,MF",RB Leipzig,25-107,1997,14.8,370,460,80.4,5677,1461,214,246,87.0,99,116,85.3,37,56,66.1,1,2.5,2.6,-1.5,30,26,24,2,59,Matches
0cc5f4a5,Lukas Nmecha,de GER,FW,Wolfsburg,24-077,1998,9.6,127,191,66.5,1852,293,67,89,75.3,40,59,67.8,9,11,81.8,0,0.3,0.3,-0.3,5,17,4,0,15,Matches
5458f670,Hugo Novoa,es ESP,"DF,FW",RB Leipzig,20-059,2003,2.0,77,108,71.3,1064,275,48,53,90.6,23,33,69.7,2,7,28.6,0,0.0,0.1,0.0,2,1,0,0,4,Matches
bdedffac,Ørjan Nyland,no NOR,GK,RB Leipzig,32-172,1990,1.0,27,30,90.0,779,469,6,6,100.0,11,11,100.0,10,13,76.9,0,0.0,0.0,0.0,0,2,0,0,0,Matches
57ec75bf,Tim Oermann,de GER,DF,Bochum,19-146,2003,2.2,39,51,76.5,738,268,14,16,87.5,18,19,94.7,6,12,50.0,0,0.0,0.0,0.0,0,1,0,0,0,Matches
dd2e62da,Finn Ole Becker,de GER,MF,Hoffenheim,22-266,2000,0.2,6,7,85.7,82,24,2,2,100.0,2,2,100.0,0,0,,0,0.1,0.2,-0.1,1,0,1,0,1,Matches
86adbcc7,Mathias Olesen,lu LUX,MF,Köln,21-345,2001,3.7,66,88,75.0,1145,234,31,38,81.6,26,32,81.3,6,10,60.0,0,0.1,0.1,-0.1,2,5,1,1,7,Matches
ae44e8e2,Dani Olmo,es ESP,"MF,FW",RB Leipzig,24-298,1998,8.3,264,351,75.2,3811,1148,140,165,84.8,87,112,77.7,16,30,53.3,4,2.6,3.3,+1.4,21,21,18,1,42,Matches
c631f952,Jonas Omlin,ch SUI,GK,M'Gladbach,29-050,1994,6.3,283,343,82.5,6867,4507,68,69,98.6,146,149,98.0,69,125,55.2,0,0.1,0.0,-0.1,1,2,0,0,0,Matches
f26834c7,Karim Onisiwo,at AUT,"FW,MF",Mainz 05,30-349,1992,20.3,259,456,56.8,3818,770,141,226,62.4,88,137,64.2,11,24,45.8,1,2.3,2.9,-1.3,27,21,16,4,36,Matches
20030c06,Willi Orban,hu HUN,DF,RB Leipzig,30-118,1992,21.0,1421,1607,88.4,28644,10120,388,423,91.7,859,914,94.0,167,239,69.9,0,0.2,0.3,-0.2,3,83,0,0,85,Matches
86c75897,Ivan Ordets,ua UKR,DF,Bochum,30-236,1992,16.5,445,599,74.3,8948,2972,121,163,74.2,269,321,83.8,47,96,49.0,0,0.3,0.4,-0.3,3,16,3,0,34,Matches
0a16eb36,Jordi Osei-Tutu,eng ENG,"DF,FW",Bochum,24-150,1998,7.0,120,170,70.6,1813,724,66,80,82.5,40,57,70.2,10,18,55.6,0,0.2,0.5,-0.2,4,9,5,1,16,Matches
9662c9ec,Patrick Osterhage,de GER,"MF,FW",Bochum,23-028,2000,4.3,105,154,68.2,1366,412,66,84,78.6,28,40,70.0,4,10,40.0,0,0.2,0.3,-0.2,3,5,4,1,10,Matches
1cbe4984,Paulo Otávio,br BRA,DF,Wolfsburg,28-098,1994,17.3,654,894,73.2,11830,4673,284,337,84.3,308,388,79.4,56,131,42.7,5,1.9,2.4,+3.1,14,54,20,12,77,Matches
36d9dabe,Thomas Ouwejan,nl NED,DF,Schalke 04,26-152,1996,9.0,280,464,60.3,5417,2974,111,140,79.3,128,179,71.5,36,110,32.7,1,1.2,1.7,-0.2,17,21,14,6,40,Matches
8b6e0db2,Reece Oxford,eng ENG,DF,Augsburg,24-075,1998,1.0,28,52,53.8,638,273,2,5,40.0,22,31,71.0,3,14,21.4,0,0.1,0.1,-0.1,1,2,1,0,4,Matches
15413fa5,Salih Özcan,tr TUR,MF,Dortmund,25-049,1998,14.0,696,798,87.2,11102,3055,344,380,90.5,257,296,86.8,58,74,78.4,1,0.4,0.4,+0.6,7,58,5,1,61,Matches
66385c46,Levin Öztunalı,de GER,MF,Union Berlin,26-351,1996,0.1,1,1,100.0,18,15,0,0,,1,1,100.0,0,0,,1,0.2,0.1,+0.8,1,0,1,0,1,Matches
e82adcab,Exequiel Palacios,ar ARG,MF,Leverkusen,24-147,1998,10.3,569,660,86.2,8677,2603,287,324,88.6,227,249,91.2,27,39,69.2,1,0.9,1.2,+0.1,10,49,9,1,60,Matches
5dc15574,Miloš Pantović,rs SRB,MF,Union Berlin,26-237,1996,2.0,41,62,66.1,604,218,23,28,82.1,13,22,59.1,3,7,42.9,0,0.0,0.2,0.0,0,2,2,1,4,Matches
13d23b29,Antonios Papadopoulos,de GER,DF,Dortmund,23-172,1999,0.1,17,19,89.5,348,123,5,5,100.0,10,12,83.3,2,2,100.0,0,0.0,0.0,0.0,0,1,0,0,1,Matches
5c50fdbc,Kevin Paredes,us USA,"FW,MF",Wolfsburg,19-298,2003,3.3,81,108,75.0,1210,389,43,53,81.1,27,32,84.4,6,11,54.5,1,1.1,0.7,-0.1,6,7,9,2,14,Matches
1866b0f1,Marco Pašalić,hr CRO,MF,Dortmund,22-168,2000,0.1,6,7,85.7,69,32,4,4,100.0,2,3,66.7,0,0,,0,0.0,0.0,0.0,0,2,0,0,3,Matches
5c899683,Felix Passlack,de GER,DF,Dortmund,24-276,1998,0.5,21,28,75.0,459,191,7,9,77.8,10,11,90.9,4,7,57.1,0,0.0,0.0,0.0,1,1,1,1,4,Matches
53070b63,Paulinho,br BRA,FW,Leverkusen,22-229,2000,0.9,23,28,82.1,279,86,16,19,84.2,5,6,83.3,0,0,,0,0.0,0.0,0.0,0,1,0,0,4,Matches
45a03961,Benjamin Pavard,fr FRA,DF,Bayern Munich,26-338,1996,17.3,1338,1530,87.5,23086,8654,581,633,91.8,631,699,90.3,99,148,66.9,1,2.2,2.5,-1.2,15,106,17,7,124,Matches
0a1cb833,Jiří Pavlenka,cz CZE,GK,Werder Bremen,30-321,1992,21.3,563,784,71.8,17481,13228,92,93,98.9,240,243,98.8,230,442,52.0,0,0.0,0.1,0.0,0,10,0,0,0,Matches
5154b2ba,Kristian Pedersen,dk DEN,DF,Köln,28-209,1994,3.0,115,161,71.4,2084,969,45,54,83.3,55,73,75.3,12,23,52.2,0,0.1,0.0,-0.1,2,6,1,0,10,Matches
582a5247,Mads Pedersen,dk DEN,"DF,MF",Augsburg,26-181,1996,11.8,274,404,67.8,4513,1549,131,159,82.4,113,171,66.1,20,43,46.5,0,0.4,0.4,-0.4,6,14,8,4,25,Matches
b684a484,Jordan Pefok,us USA,FW,Union Berlin,26-309,1996,11.9,121,225,53.8,1461,433,78,117,66.7,25,59,42.4,5,13,38.5,4,1.1,0.8,+2.9,14,13,8,0,21,Matches
c18d22f5,Peter Pekarík,sk SVK,DF,Hertha BSC,36-122,1986,1.0,28,38,73.7,455,179,14,16,87.5,13,17,76.5,1,4,25.0,0,0.0,0.0,0.0,0,0,0,0,3,Matches
3b61c9ec,Luca Pellegrini,it ITA,DF,Eint Frankfurt,23-359,1999,6.2,292,431,67.7,5244,2035,140,164,85.4,106,137,77.4,38,90,42.2,0,0.8,0.9,-0.8,8,16,4,2,22,Matches
a2b1ed42,Ricardo Pepi,us USA,FW,Augsburg,20-051,2003,1.1,18,27,66.7,223,7,10,15,66.7,6,7,85.7,0,0,,0,0.1,0.0,-0.1,2,0,0,0,1,Matches
ff3d391c,Juan Perea,co COL,FW,Stuttgart,23-006,2000,2.8,33,52,63.5,467,143,21,28,75.0,7,12,58.3,3,5,60.0,0,0.6,0.4,-0.6,1,4,2,1,4,Matches
f93e6e94,Nils Petersen,de GER,FW,Freiburg,34-085,1988,2.3,22,47,46.8,252,25,14,22,63.6,4,13,30.8,2,5,40.0,0,0.0,0.0,0.0,1,0,1,0,2,Matches
f503ef6e,Lukas Petkov,de GER,"MF,FW",Augsburg,22-120,2000,1.6,18,34,52.9,295,96,9,16,56.3,5,9,55.6,3,6,50.0,0,0.0,0.1,0.0,0,3,0,0,2,Matches
83e1f40e,Luca Pfeiffer,de GER,FW,Stuttgart,26-193,1996,7.4,122,191,63.9,1887,475,67,94,71.3,39,62,62.9,10,15,66.7,0,1.0,1.1,-1.0,12,8,5,1,19,Matches
061e8e23,Maximilian Philipp,de GER,FW,Wolfsburg,29-000,1994,1.3,27,42,64.3,427,64,17,19,89.5,7,9,77.8,2,9,22.2,0,0.0,0.1,0.0,1,1,1,0,1,Matches
061e8e23,Maximilian Philipp,de GER,MF,Werder Bremen,29-000,1994,0.5,12,15,80.0,221,24,3,6,50.0,7,7,100.0,1,1,100.0,0,0.0,0.0,0.0,0,0,1,0,2,Matches
526ea7cc,Amos Pieper,de GER,DF,Werder Bremen,25-043,1998,17.5,743,943,78.8,14910,5250,232,274,84.7,399,458,87.1,105,183,57.4,1,0.2,0.6,+0.8,2,52,7,3,60,Matches
f7aa75bd,Marvin Plattenhardt,de GER,DF,Hertha BSC,31-034,1992,16.6,547,811,67.4,9439,4704,264,294,89.8,212,303,70.0,58,175,33.1,2,2.8,3.3,-0.8,25,26,6,4,63,Matches
bc6bd723,Alassane Pléa,fr FRA,FW,M'Gladbach,29-356,1993,13.5,372,541,68.8,5770,2168,201,242,83.1,109,162,67.3,35,67,52.2,8,3.0,4.2,+5.0,28,51,25,5,70,Matches
ea003d07,Joel Pohjanpalo,fi FIN,"FW,MF",Leverkusen,28-169,1994,0.0,0,1,0.0,0,0,0,0,,0,0,,0,1,0.0,0,0.0,0.0,0.0,0,0,0,0,0,Matches
3745e8bd,Sebastian Polter,de GER,"FW,MF",Schalke 04,31-334,1991,5.2,63,116,54.3,830,187,37,59,62.7,19,33,57.6,1,4,25.0,2,0.4,0.4,+1.6,5,3,3,0,6,Matches
7f609bfc,Stefan Posch,at AUT,DF,Hoffenheim,25-291,1997,0.2,8,12,66.7,163,27,1,3,33.3,6,6,100.0,1,2,50.0,0,0.0,0.0,0.0,0,0,0,0,0,Matches
d2416c2e,Yussuf Poulsen,dk DEN,FW,RB Leipzig,28-259,1994,2.8,41,77,53.2,441,87,20,34,58.8,9,24,37.5,2,5,40.0,0,0.7,1.0,-0.7,4,3,1,0,4,Matches
924f9191,Grischa Prömel,de GER,MF,Hoffenheim,28-051,1995,11.9,273,347,78.7,4286,961,148,172,86.0,99,116,85.3,18,33,54.5,1,1.1,0.7,-0.1,8,19,3,1,27,Matches
c68b1b13,Tymoteusz Puchacz,pl POL,DF,Union Berlin,24-037,1999,0.6,22,36,61.1,367,71,12,15,80.0,8,12,66.7,2,7,28.6,0,0.0,0.0,0.0,1,0,0,0,2,Matches
3c200e05,Joshua Quarshie,de GER,MF,Hoffenheim,18-218,2004,0.0,0,2,0.0,0,0,0,0,,0,2,0.0,0,0,,0,0.0,0.0,0.0,0,0,0,0,0,Matches
b90c4a43,Diant Ramaj,de GER,GK,Eint Frankfurt,21-163,2001,1.0,21,25,84.0,501,271,5,5,100.0,12,12,100.0,4,8,50.0,0,0.0,0.0,0.0,0,0,0,0,0,Matches
c8b3a472,Nicolai Rapp,de GER,"MF,DF",Werder Bremen,26-078,1996,0.8,47,59,79.7,905,278,20,24,83.3,17,21,81.0,8,11,72.7,0,0.0,0.0,0.0,0,3,1,0,5,Matches
7d450ed3,David Raum,de GER,"DF,FW",RB Leipzig,24-313,1998,14.1,625,846,73.9,10435,3272,320,358,89.4,232,297,78.1,58,138,42.0,1,2.9,2.9,-1.9,23,33,17,11,45,Matches
cc971106,Rocco Reitz,de GER,MF,M'Gladbach,20-276,2002,0.0,2,2,100.0,30,0,1,1,100.0,1,1,100.0,0,0,,0,0.0,0.0,0.0,0,0,0,0,0,Matches
36a3ff67,Marco Reus,de GER,MF,Dortmund,33-274,1989,10.6,261,339,77.0,3333,849,150,183,82.0,83,97,85.6,6,19,31.6,4,1.8,0.8,+2.2,15,16,5,0,26,Matches
1ae836b1,Elvis Rexhbeçaj,de GER,MF,Augsburg,25-120,1997,18.6,398,611,65.1,7211,2511,161,219,73.5,184,255,72.2,42,92,45.7,0,0.6,0.5,-0.6,8,54,9,1,68,Matches
7fa4e703,Gio Reyna,us USA,"FW,MF",Dortmund,20-108,2002,5.6,174,225,77.3,2509,653,102,120,85.0,51,69,73.9,8,14,57.1,0,1.0,1.6,-1.0,8,8,11,2,20,Matches
f972644c,Marco Richter,de GER,"MF,FW",Hertha BSC,25-097,1997,12.3,277,437,63.4,4790,1792,130,159,81.8,96,147,65.3,35,79,44.3,3,1.7,1.5,+1.3,12,18,16,4,43,Matches
9f941969,Manuel Riemann,de GER,GK,Bochum,34-173,1988,22.0,688,1139,60.4,27227,23918,60,61,98.4,184,189,97.4,444,878,50.6,0,0.1,0.6,-0.1,2,89,6,1,15,Matches
e12b0b5b,Sebastian Rode,de GER,MF,Eint Frankfurt,32-141,1990,8.9,404,484,83.5,6411,2031,207,230,90.0,159,183,86.9,28,45,62.2,1,0.7,1.0,+0.3,8,53,6,0,54,Matches
ea42c03f,Agustín Rogel,uy URU,DF,Hertha BSC,25-135,1997,10.3,298,396,75.3,6196,2560,74,100,74.0,181,212,85.4,38,70,54.3,1,0.1,0.1,+0.9,1,9,0,0,16,Matches
90c1f9a4,Tom Rothe,de GER,DF,Dortmund,18-123,2004,0.2,9,11,81.8,154,18,3,4,75.0,6,6,100.0,0,1,0.0,0,0.0,0.0,0.0,0,0,0,0,0,Matches
13203c45,Jérôme Roussillon,fr FRA,"MF,DF",Wolfsburg,30-054,1993,0.2,3,7,42.9,40,5,2,3,66.7,1,3,33.3,0,0,,0,0.0,0.0,0.0,1,0,0,0,0,Matches
13203c45,Jérôme Roussillon,fr FRA,DF,Union Berlin,30-054,1993,2.6,88,131,67.2,1267,490,53,67,79.1,32,44,72.7,1,9,11.1,0,0.0,0.1,0.0,0,6,1,1,7,Matches
80f36c88,Sebastian Rudy,de GER,MF,Hoffenheim,33-001,1990,5.5,201,273,73.6,3748,1291,83,99,83.8,81,98,82.7,30,53,56.6,1,0.4,1.0,+0.6,7,21,4,3,26,Matches
c64c01fc,Georginio Rutter,fr FRA,FW,Hoffenheim,20-315,2002,11.2,95,158,60.1,1518,455,50,74,67.6,30,51,58.8,10,12,83.3,2,2.3,3.2,-0.3,10,11,9,0,25,Matches
009a4f60,Julian Ryerson,no NOR,DF,Union Berlin,25-104,1997,11.5,350,501,69.9,5692,2097,183,215,85.1,121,167,72.5,33,81,40.7,0,0.5,1.7,-0.5,8,22,12,8,32,Matches
009a4f60,Julian Ryerson,no NOR,DF,Dortmund,25-104,1997,5.0,260,333,78.1,4023,1435,135,158,85.4,96,120,80.0,19,30,63.3,0,0.7,0.8,-0.7,5,19,4,4,22,Matches
a70b8345,Frederik Rønnow,dk DEN,GK,Union Berlin,30-209,1992,18.0,540,770,70.1,16393,12883,88,88,100.0,263,263,100.0,188,416,45.2,0,0.0,0.1,0.0,1,34,2,0,0,Matches
e280527c,Marcel Sabitzer,at AUT,MF,Bayern Munich,28-349,1994,7.0,402,466,86.3,6205,1668,210,230,91.3,159,181,87.8,19,32,59.4,1,0.4,0.6,+0.6,6,36,5,0,52,Matches
e1830c52,Dikeni Salifou,tg TOG,MF,Werder Bremen,19-266,2003,0.0,0,0,,0,0,0,0,,0,0,,0,0,,0,0.0,0.0,0.0,0,0,0,0,0,Matches
bf075f6b,Roland Sallai,hu HUN,"MF,FW",Freiburg,25-283,1997,6.2,132,180,73.3,1856,401,78,93,83.9,37,52,71.2,7,15,46.7,0,0.5,0.3,-0.5,8,8,6,3,11,Matches
08593525,Diadie Samassékou,ml MLI,"MF,FW",Hoffenheim,27-049,1996,0.4,17,20,85.0,252,66,6,7,85.7,10,11,90.9,0,1,0.0,0,0.0,0.0,0.0,0,2,0,0,1,Matches
2b114be3,Leroy Sané,de GER,"MF,FW",Bayern Munich,27-049,1996,14.2,590,724,81.5,8006,2090,361,419,86.2,176,206,85.4,25,43,58.1,3,2.7,3.4,+0.3,21,39,29,0,87,Matches
6a52a6c6,Sidi Sané,de GER,FW,Schalke 04,19-314,2003,0.3,7,7,100.0,103,6,1,1,100.0,3,3,100.0,1,1,100.0,0,0.0,0.0,0.0,0,0,0,0,0,Matches
236f02cd,Joe Scally,us USA,DF,M'Gladbach,20-060,2002,17.9,675,852,79.2,10576,3112,356,403,88.3,268,315,85.1,41,83,49.4,0,1.0,1.8,-1.0,8,24,12,6,42,Matches
52afb588,Kevin Schade,de GER,"FW,MF",Freiburg,21-094,2001,2.0,26,55,47.3,326,84,14,25,56.0,8,13,61.5,0,1,0.0,0,0.0,0.5,0.0,0,5,1,0,3,Matches
049751d7,András Schäfer,hu HUN,MF,Union Berlin,23-322,1999,8.4,165,225,73.3,2541,542,86,104,82.7,66,81,81.5,7,21,33.3,0,0.2,0.6,-0.2,3,21,2,1,22,Matches
93cba339,Derry Scherhant,de GER,FW,Hertha BSC,20-111,2002,2.1,18,26,69.2,198,36,8,11,72.7,6,10,60.0,0,0,,0,0.1,0.0,-0.1,1,0,0,0,1,Matches
5d4f7d61,Patrik Schick,cz CZE,FW,Leverkusen,27-036,1996,10.2,170,248,68.5,2081,425,106,151,70.2,46,68,67.6,3,5,60.0,0,0.5,0.4,-0.5,9,3,7,1,11,Matches
bd527260,Kingsley Schindler,de GER,"DF,MF",Köln,29-232,1993,7.7,211,345,61.2,3893,1561,83,106,78.3,100,151,66.2,23,57,40.4,0,0.3,0.4,-0.3,4,21,7,2,32,Matches
8f056768,Xaver Schlager,at AUT,MF,RB Leipzig,25-154,1997,15.3,683,823,83.0,12012,3611,329,364,90.4,284,326,87.1,68,97,70.1,1,0.7,1.0,+0.3,7,69,8,1,62,Matches
f6bdc830,Keven Schlotterbeck,de GER,DF,Freiburg,25-307,1997,0.2,6,6,100.0,87,17,3,3,100.0,3,3,100.0,0,0,,0,0.0,0.0,0.0,0,0,0,0,0,Matches
f6bdc830,Keven Schlotterbeck,de GER,DF,Bochum,25-307,1997,5.2,137,203,67.5,2945,1077,41,59,69.5,75,100,75.0,20,40,50.0,0,0.3,0.1,-0.3,3,11,1,0,13,Matches
34e12499,Nico Schlotterbeck,de GER,DF,Dortmund,23-090,1999,21.3,1381,1611,85.7,27478,9566,493,534,92.3,699,758,92.2,178,280,63.6,4,1.2,1.1,+2.8,12,120,9,0,140,Matches
220ace7e,Romano Schmid,at AUT,MF,Werder Bremen,23-033,2000,11.6,396,529,74.9,5913,2058,220,273,80.6,126,153,82.4,31,51,60.8,2,0.9,1.6,+1.1,13,40,15,2,53,Matches
b9ae8560,Niklas Schmidt,de GER,MF,Werder Bremen,25-000,1998,7.4,278,374,74.3,5340,1494,126,148,85.1,97,126,77.0,50,74,67.6,0,0.6,0.9,-0.6,7,35,12,3,32,Matches
ad00b1a8,Benno Schmitz,de GER,DF,Köln,28-104,1994,17.2,563,916,61.5,10041,5338,246,304,80.9,250,397,63.0,59,153,38.6,0,1.8,2.1,-1.8,12,62,25,12,81,Matches
87436846,Marvin Schwäbe,de GER,GK,Köln,27-310,1995,22.0,736,914,80.5,18985,11783,107,108,99.1,447,454,98.5,182,349,52.1,0,0.0,0.0,0.0,0,12,1,0,0,Matches
0d55d942,Alexander Schwolow,de GER,GK,Schalke 04,30-272,1992,17.0,425,637,66.7,14134,11413,70,71,98.6,175,178,98.3,178,383,46.5,0,0.1,0.1,-0.1,1,23,1,0,0,Matches
8872ed17,Paul Seguin,de GER,MF,Union Berlin,27-337,1995,5.5,171,245,69.8,2908,833,73,92,79.3,77,101,76.2,14,35,40.0,3,2.0,2.3,+1.0,10,15,14,8,32,Matches
1238a3f9,Davie Selke,de GER,FW,Hertha BSC,28-040,1995,3.1,41,68,60.3,456,160,25,33,75.8,9,16,56.3,0,1,0.0,1,0.9,0.6,+0.1,4,5,0,0,5,Matches
1238a3f9,Davie Selke,de GER,FW,Köln,28-040,1995,2.5,22,49,44.9,269,35,14,27,51.9,7,14,50.0,0,0,,0,0.0,0.0,0.0,1,0,0,0,1,Matches
b3325a30,Suat Serdar,de GER,MF,Hertha BSC,25-324,1997,16.3,325,462,70.3,5842,1664,148,192,77.1,138,177,78.0,36,55,65.5,1,0.8,0.9,+0.2,12,40,7,0,60,Matches
313254a3,Kiliann Sildillia,fr FRA,"DF,MF",Freiburg,20-289,2002,17.1,600,844,71.1,11359,4038,242,305,79.3,249,346,72.0,95,140,67.9,2,0.6,1.2,+1.4,7,56,6,3,60,Matches
3effaa34,André Silva,pt POR,FW,RB Leipzig,27-115,1995,14.3,275,375,73.3,3433,711,188,228,82.5,59,83,71.1,8,11,72.7,3,2.2,2.6,+0.8,22,14,10,0,30,Matches
fcb27134,Mohamed Simakan,fr FRA,DF,RB Leipzig,22-302,2000,9.2,567,679,83.5,9710,3393,267,286,93.4,246,278,88.5,45,85,52.9,1,0.3,0.4,+0.7,2,47,7,1,52,Matches
7ec723b7,Eduardo Simões,pt POR,DF,Hoffenheim,20-364,2002,1.0,60,68,88.2,1119,317,21,24,87.5,36,39,92.3,3,5,60.0,0,0.0,0.0,0.0,0,5,1,0,10,Matches
73000a79,Daley Sinkgraven,nl NED,"DF,MF",Leverkusen,27-240,1995,3.5,146,192,76.0,2284,627,88,99,88.9,44,58,75.9,12,28,42.9,1,0.9,0.3,+0.1,4,10,2,1,9,Matches
0d8a37c2,Tobias Sippel,de GER,GK,M'Gladbach,34-344,1988,3.7,119,180,66.1,2654,1872,36,36,100.0,58,59,98.3,24,84,28.6,0,0.0,0.0,0.0,0,2,0,0,0,Matches
c6cf860f,Hugo Siquet,be BEL,DF,Freiburg,20-235,2002,0.2,5,7,71.4,59,44,4,4,100.0,1,3,33.3,0,0,,0,0.0,0.0,0.0,0,0,0,0,0,Matches
65857fdf,Tim Skarke,de GER,"DF,MF",Union Berlin,26-175,1996,0.6,22,36,61.1,338,71,11,16,68.8,11,14,78.6,0,5,0.0,0,0.0,0.0,0.0,1,1,1,1,0,Matches
65857fdf,Tim Skarke,de GER,"FW,MF",Schalke 04,26-175,1996,2.4,43,74,58.1,737,219,20,28,71.4,17,30,56.7,5,8,62.5,0,0.4,0.4,-0.4,6,3,2,2,7,Matches
c2211709,Ellyes Skhiri,tn TUN,MF,Köln,27-295,1995,20.7,939,1078,87.1,16824,5025,374,417,89.7,463,510,90.8,87,103,84.5,1,1.1,1.2,-0.1,17,74,10,2,107,Matches
ff98492b,Robert Skov,dk DEN,DF,Hoffenheim,26-285,1996,11.7,408,579,70.5,7240,2466,186,216,86.1,177,244,72.5,38,87,43.7,2,1.6,1.9,+0.4,17,28,18,7,41,Matches
c967f6b8,Hrvoje Smolčić,hr CRO,DF,Eint Frankfurt,22-196,2000,4.2,218,272,80.1,4007,1782,82,96,85.4,118,132,89.4,16,34,47.1,0,0.0,0.0,0.0,0,8,0,0,15,Matches
c05f2f8c,Danilo Soares,br BRA,DF,Bochum,31-123,1991,13.1,487,662,73.6,8550,2944,220,259,84.9,203,270,75.2,53,97,54.6,0,0.2,0.4,-0.2,6,46,8,1,58,Matches
4f627629,Nikola Soldo,hr CRO,DF,Köln,22-035,2001,6.6,269,347,77.5,5697,1567,58,72,80.6,174,191,91.1,37,73,50.7,0,0.0,0.0,0.0,1,11,1,0,15,Matches
420c18a1,Yann Sommer,ch SUI,GK,Bayern Munich,34-074,1988,7.0,243,278,87.4,5421,3547,60,60,100.0,135,136,99.3,48,80,60.0,0,0.0,0.0,0.0,0,2,0,0,1,Matches
420c18a1,Yann Sommer,ch SUI,GK,M'Gladbach,34-074,1988,10.0,499,609,81.9,11448,7432,124,125,99.2,280,285,98.2,94,196,48.0,0,0.0,0.0,0.0,0,5,0,0,0,Matches
af0d79a9,Borna Sosa,hr CRO,"DF,MF",Stuttgart,25-039,1998,13.0,598,833,71.8,10134,4472,308,348,88.5,215,306,70.3,62,145,42.8,6,4.1,5.9,+1.9,41,43,36,23,70,Matches
4c6facae,Djibril Sow,ch SUI,MF,Eint Frankfurt,26-023,1997,19.8,895,1051,85.2,15059,4646,398,448,88.8,413,459,90.0,59,85,69.4,0,0.8,0.9,-0.8,12,84,14,1,121,Matches
0f59a7bf,Anton Stach,de GER,MF,Mainz 05,24-106,1998,14.4,375,559,67.1,5973,2183,196,257,76.3,127,178,71.3,34,72,47.2,3,2.2,2.7,+0.8,21,42,12,1,74,Matches
861e0116,Kostas Stafylidis,gr GRE,"DF,MF",Bochum,29-089,1993,7.1,207,274,75.5,3862,1374,92,102,90.2,89,114,78.1,24,46,52.2,2,0.3,0.3,+1.7,4,16,4,3,24,Matches
1fffae99,Jens Stage,dk DEN,MF,Werder Bremen,26-113,1996,11.0,220,335,65.7,3275,1078,131,165,79.4,72,105,68.6,9,27,33.3,1,0.7,0.9,+0.3,10,18,11,3,32,Matches
7ed08d5c,Josip Stanišić,hr CRO,DF,Bayern Munich,22-333,2000,3.8,316,350,90.3,4955,1416,168,175,96.0,122,134,91.0,19,29,65.5,0,0.0,0.4,0.0,1,23,6,2,43,Matches
aad48be9,Niklas Stark,de GER,DF,Werder Bremen,27-321,1995,12.6,630,762,82.7,12703,5013,193,214,90.2,346,393,88.0,87,134,64.9,0,0.3,0.3,-0.3,3,41,4,0,46,Matches
99f7e9aa,Pascal Stenzel,de GER,DF,Stuttgart,26-346,1996,3.6,170,219,77.6,3718,1389,68,75,90.7,57,72,79.2,44,66,66.7,1,0.6,0.6,+0.4,8,10,4,2,12,Matches
3b1ed320,Angelo Stiller,de GER,MF,Hoffenheim,21-331,2001,4.8,182,240,75.8,2941,800,99,117,84.6,61,75,81.3,16,26,61.5,1,0.5,0.5,+0.5,3,13,4,0,20,Matches
7cd6badb,Lars Stindl,de GER,"FW,MF",M'Gladbach,34-187,1988,12.3,360,463,77.8,5627,1556,185,222,83.3,131,160,81.9,24,39,61.5,6,3.7,2.5,+2.3,23,37,12,0,44,Matches
e5649a78,Kevin Stöger,at AUT,MF,Bochum,29-186,1993,18.9,748,1072,69.8,13736,5093,344,412,83.5,265,366,72.4,114,222,51.4,1,3.9,4.9,-2.9,46,100,27,6,133,Matches
e33c06cf,Niklas Süle,de GER,DF,Dortmund,27-179,1995,13.8,961,1077,89.2,17652,5760,400,428,93.5,422,462,91.3,116,144,80.6,2,1.3,0.9,+0.7,10,59,4,1,81,Matches
e18098de,Ivan Šunjić,hr CRO,MF,Hertha BSC,26-143,1996,10.7,261,345,75.7,4308,1439,137,162,84.6,92,115,80.0,22,42,52.4,0,0.2,0.4,-0.2,4,33,4,0,30,Matches
92d83c27,Mattias Svanberg,se SWE,MF,Wolfsburg,24-055,1999,12.4,215,316,68.0,3460,1136,99,138,71.7,82,106,77.4,21,40,52.5,4,2.9,2.0,+1.1,15,21,12,2,48,Matches
934e1968,Dominik Szoboszlai,hu HUN,"MF,FW",RB Leipzig,22-127,2000,17.0,758,941,80.6,12677,3516,406,466,87.1,238,283,84.1,84,122,68.9,8,6.3,6.3,+1.7,43,65,30,3,91,Matches
e92cd3f7,Alexander Sørloth,no NOR,FW,RB Leipzig,27-086,1995,0.1,2,2,100.0,21,0,2,2,100.0,0,0,,0,0,,0,0.0,0.0,0.0,0,0,0,0,0,Matches
bd142efb,Jonathan Tah,de GER,DF,Leverkusen,27-018,1996,17.6,924,1034,89.4,17316,6115,333,353,94.3,510,548,93.1,77,115,67.0,0,0.4,0.2,-0.4,5,37,1,0,34,Matches
a73c8f95,Edmond Tapsoba,bf BFA,DF,Leverkusen,24-027,1999,21.6,1293,1514,85.4,24333,9506,482,533,90.4,669,730,91.6,131,218,60.1,0,0.9,1.0,-0.9,4,98,5,0,103,Matches
27270af4,Niklas Tauer,de GER,"DF,MF",Mainz 05,22-012,2001,1.0,50,56,89.3,757,260,30,33,90.9,19,20,95.0,1,2,50.0,0,0.0,0.1,0.0,0,5,2,1,6,Matches
829aa60c,Mathys Tel,fr FRA,FW,Bayern Munich,17-308,2005,3.2,102,125,81.6,1470,206,59,67,88.1,39,47,83.0,3,3,100.0,0,0.4,0.2,-0.4,5,5,3,1,8,Matches
0b45a8d7,Semir Telalovic,de GER,MF,M'Gladbach,23-068,1999,0.1,0,0,,0,0,0,0,,0,0,,0,0,,0,0.0,0.0,0.0,0,0,0,0,0,Matches
863ff1ee,Simon Terodde,de GER,FW,Schalke 04,34-364,1988,14.6,163,245,66.5,2285,330,87,115,75.7,56,82,68.3,7,11,63.6,0,1.2,0.8,-1.2,12,11,5,0,14,Matches
ff5ea0bf,Malick Thiaw,de GER,DF,Schalke 04,21-205,2001,3.0,108,123,87.8,2266,690,25,30,83.3,72,79,91.1,11,14,78.6,0,0.0,0.0,0.0,0,4,0,0,3,Matches
fd53759d,Jan Thielmann,de GER,FW,Köln,20-279,2002,6.2,90,142,63.4,1505,332,46,62,74.2,34,43,79.1,7,17,41.2,1,0.1,0.4,+0.9,3,7,3,1,6,Matches
d1b49282,Morten Thorsby,no NOR,MF,Union Berlin,26-300,1996,5.8,76,119,63.9,1051,340,50,66,75.8,22,37,59.5,2,7,28.6,1,0.3,0.1,+0.7,3,9,0,0,8,Matches
6f8cd6d0,Marcus Thuram,fr FRA,FW,M'Gladbach,25-207,1997,19.4,263,360,73.1,3435,619,162,201,80.6,75,100,75.0,5,10,50.0,3,1.9,1.0,+1.1,15,9,13,0,35,Matches
6b8887c2,Steffen Tigges,de GER,FW,Köln,24-213,1998,13.2,147,256,57.4,2124,529,88,132,66.7,46,74,62.2,8,17,47.1,1,1.3,0.9,-0.3,12,16,7,1,23,Matches
e547d3cf,Umut Tohumcu,de GER,MF,Hoffenheim,18-202,2004,2.5,47,59,79.7,824,242,20,24,83.3,21,22,95.5,4,7,57.1,0,0.0,0.1,0.0,1,8,0,0,7,Matches
b492126a,Tiago Tomás,pt POR,"FW,MF",Stuttgart,20-258,2002,9.4,122,202,60.4,1821,503,72,97,74.2,34,55,61.8,10,23,43.5,2,2.6,1.5,-0.6,12,5,9,3,13,Matches
c8c60119,Almamy Touré,ml MLI,DF,Eint Frankfurt,26-307,1996,1.8,80,101,79.2,1377,381,29,34,85.3,43,52,82.7,5,9,55.6,0,0.0,0.0,0.0,0,7,0,0,6,Matches
71ec39ef,Lucas Tousart,fr FRA,MF,Hertha BSC,25-306,1997,20.7,369,598,61.7,6168,2305,179,262,68.3,137,192,71.4,36,77,46.8,1,0.6,1.0,+0.4,11,56,4,1,64,Matches
ce17b5eb,Kevin Trapp,de GER,GK,Eint Frankfurt,32-236,1990,21.0,381,568,67.1,9911,6448,76,77,98.7,200,204,98.0,103,280,36.8,0,0.0,0.0,0.0,0,4,0,0,0,Matches
056d2d95,Christopher Trimmel,at AUT,DF,Union Berlin,36-005,1987,15.3,450,741,60.7,7894,3347,206,249,82.7,183,261,70.1,46,183,25.1,5,2.2,2.0,+2.8,21,35,15,11,40,Matches
35d64857,Tuta,br BRA,DF,Eint Frankfurt,23-240,1999,20.9,991,1245,79.6,18434,6493,344,385,89.4,552,637,86.7,83,183,45.4,0,0.3,0.3,-0.3,2,47,0,0,60,Matches
7d3e7da6,Sven Ulreich,de GER,GK,Bayern Munich,34-210,1988,3.0,110,131,84.0,2282,1531,41,41,100.0,53,54,98.1,16,35,45.7,0,0.0,0.0,0.0,0,0,0,0,0,Matches
cd61c7af,Lauren Ulrich,de GER,MF,Stuttgart,18-029,2005,0.1,4,5,80.0,52,7,3,3,100.0,1,2,50.0,0,0,,0,0.0,0.0,0.0,0,1,0,0,1,Matches
d248cd8f,Dayot Upamecano,fr FRA,DF,Bayern Munich,24-125,1998,19.0,1498,1667,89.9,30543,11285,422,456,92.5,893,942,94.8,177,245,72.2,1,0.3,0.8,+0.7,6,161,6,0,127,Matches
af842091,Filip Uremović,hr CRO,DF,Hertha BSC,26-018,1997,11.4,337,428,78.7,6475,1782,101,127,79.5,213,233,91.4,20,56,35.7,0,0.0,0.1,0.0,1,9,0,0,7,Matches
d75f3980,Jere Uronen,fi FIN,DF,Schalke 04,28-231,1994,4.7,172,241,71.4,3209,1366,75,88,85.2,72,90,80.0,22,45,48.9,0,0.7,0.6,-0.7,5,9,3,3,17,Matches
a3ddb1b9,Mark Uth,de GER,"MF,FW",Köln,31-189,1991,0.5,11,15,73.3,181,42,5,7,71.4,5,5,100.0,1,3,33.3,0,0.0,0.0,0.0,0,2,0,0,1,Matches
fb377d11,Josha Vagnoman,de GER,"DF,MF",Stuttgart,22-080,2000,7.3,168,228,73.7,2601,786,90,112,80.4,60,86,69.8,12,18,66.7,0,0.3,0.3,-0.3,5,10,2,1,16,Matches
6ecbddf6,Ruben Vargas,ch SUI,"MF,FW",Augsburg,24-208,1998,6.1,89,167,53.3,1535,534,39,54,72.2,42,82,51.2,5,17,29.4,1,0.8,1.2,+0.2,6,12,7,2,21,Matches
fc8fcbd1,Renato Veiga,pt POR,DF,Augsburg,19-215,2003,2.6,75,133,56.4,1721,541,17,28,60.7,39,52,75.0,18,46,39.1,0,0.1,0.0,-0.1,1,3,3,1,3,Matches
a5ae8f8e,Miloš Veljković,rs SRB,DF,Werder Bremen,27-156,1995,15.9,684,842,81.2,15175,6406,163,187,87.2,393,439,89.5,120,193,62.2,0,0.3,0.2,-0.3,3,40,1,0,40,Matches
8fe2a392,Mickey van de Ven,nl NED,DF,Wolfsburg,21-316,2001,22.0,1000,1150,87.0,20378,6703,281,309,90.9,604,639,94.5,109,172,63.4,1,0.5,0.6,+0.5,4,57,5,0,58,Matches
5360a956,Gabriel Vidovic,hr CRO,FW,Bayern Munich,19-090,2003,0.2,10,13,76.9,102,23,7,8,87.5,2,3,66.7,0,0,,1,0.1,0.1,+0.9,2,0,1,0,1,Matches
1d8e9add,Kevin Vogt,de GER,DF,Hoffenheim,31-159,1991,15.3,870,977,89.0,18625,8465,231,250,92.4,495,529,93.6,136,181,75.1,0,0.1,0.6,-0.1,2,67,7,0,87,Matches
f86cd5df,Aster Vranckx,be BEL,MF,Wolfsburg,20-148,2002,0.1,2,3,66.7,32,10,1,1,100.0,1,2,50.0,0,0,,0,0.0,0.0,0.0,0,0,0,0,0,Matches
e3d3fbeb,Robert Wagner,de GER,MF,Freiburg,19-230,2003,0.3,6,9,66.7,77,14,2,2,100.0,3,5,60.0,0,0,,0,0.0,0.0,0.0,0,0,0,0,0,Matches
e5a35ae9,Luca Waldschmidt,de GER,FW,Wolfsburg,26-286,1996,3.9,74,97,76.3,951,130,46,55,83.6,21,28,75.0,3,6,50.0,0,0.0,0.5,0.0,0,5,1,0,5,Matches
cb64672e,Paul Wanner,de GER,MF,Bayern Munich,17-068,2005,0.3,7,9,77.8,86,27,4,5,80.0,2,3,66.7,0,0,,0,0.1,0.1,-0.1,1,0,1,0,1,Matches
346d51d9,Julian Weigl,de GER,MF,M'Gladbach,27-174,1995,14.0,683,773,88.4,12133,3063,295,321,91.9,325,355,91.5,55,78,70.5,0,0.4,0.6,-0.4,2,32,5,0,46,Matches
231c67ff,Nelson Weiper,de GER,"MF,FW",Mainz 05,17-349,2005,0.1,5,5,100.0,45,2,4,4,100.0,0,0,,0,0,,0,0.0,0.0,0.0,0,0,0,0,0,Matches
30c220c3,Mitchell Weiser,de GER,"DF,FW",Werder Bremen,28-314,1994,18.2,613,850,72.1,10136,4567,320,381,84.0,221,302,73.2,55,99,55.6,7,3.5,3.9,+3.5,24,64,28,7,84,Matches
dd676a97,Noah Weißhaupt,de GER,"FW,MF",Freiburg,21-162,2001,1.5,22,37,59.5,351,93,9,15,60.0,4,6,66.7,5,8,62.5,0,0.8,0.6,-0.8,3,0,0,0,1,Matches
1c86aa16,Marcel Wenig,de GER,MF,Eint Frankfurt,18-301,2004,0.0,9,10,90.0,120,11,7,7,100.0,1,2,50.0,1,1,100.0,0,0.0,0.0,0.0,0,0,0,0,0,Matches
49fe9070,Timo Werner,de GER,"FW,MF",RB Leipzig,26-360,1996,12.8,285,392,72.7,4148,875,162,192,84.4,96,131,73.3,14,23,60.9,2,2.0,1.7,0.0,8,28,9,0,27,Matches
f68b64fc,Silvan Widmer,ch SUI,DF,Mainz 05,29-361,1993,13.4,437,624,70.0,7347,3071,230,271,84.9,165,238,69.3,37,86,43.0,0,0.8,0.7,-0.8,9,33,13,2,40,Matches
cb11b429,Patrick Wimmer,at AUT,"FW,MF",Wolfsburg,21-275,2001,11.2,207,341,60.7,3144,1108,109,152,71.7,71,96,74.0,14,39,35.9,5,3.0,3.9,+2.0,24,17,15,4,40,Matches
2077ae86,Jonas Wind,dk DEN,FW,Wolfsburg,24-022,1999,6.9,118,175,67.4,1403,394,89,111,80.2,24,40,60.0,1,3,33.3,0,0.7,1.1,-0.7,7,19,5,0,16,Matches
a1257b5e,Frederik Winther,dk DEN,DF,Augsburg,22-056,2001,1.0,22,35,62.9,456,203,5,8,62.5,12,15,80.0,4,8,50.0,1,0.1,0.0,+0.9,1,1,1,0,1,Matches
e7fcf289,Florian Wirtz,de GER,"FW,MF",Leverkusen,19-302,2003,4.0,144,186,77.4,2506,772,71,84,84.5,47,58,81.0,20,33,60.6,3,0.9,1.0,+2.1,10,17,9,2,27,Matches
be42a291,Hannes Wolf,at AUT,FW,M'Gladbach,23-319,1999,3.6,93,118,78.8,1213,154,52,61,85.2,28,30,93.3,4,7,57.1,1,0.1,0.2,+0.9,2,2,1,0,6,Matches
fa661778,Marius Wolf,de GER,"DF,FW",Dortmund,27-278,1995,9.7,395,522,75.7,6502,2328,198,228,86.8,148,185,80.0,38,67,56.7,1,1.5,1.7,-0.5,11,27,16,8,37,Matches
6190474d,Jeong Woo-yeong,kr KOR,"MF,FW",Freiburg,23-162,1999,6.7,170,218,78.0,2338,552,102,121,84.3,48,58,82.8,7,11,63.6,1,1.0,1.4,0.0,5,10,5,3,16,Matches
ea0893d6,Kelvin Yeboah,it ITA,"FW,MF",Augsburg,22-299,2000,2.6,21,47,44.7,372,139,8,15,53.3,11,18,61.1,2,3,66.7,1,0.3,0.4,+0.7,4,3,1,1,4,Matches
caffaf5a,Maya Yoshida,jp JPN,DF,Schalke 04,34-189,1988,21.9,825,1074,76.8,17832,6271,198,247,80.2,508,557,91.2,116,241,48.1,0,0.0,0.4,0.0,2,49,6,0,63,Matches
a4effc55,Dan-Axel Zagadou,fr FRA,DF,Stuttgart,23-271,1999,6.4,339,409,82.9,6752,2569,106,122,86.9,191,213,89.7,42,64,65.6,0,0.3,0.1,-0.3,6,26,1,0,18,Matches
fc3697dd,Rodrigo Zalazar,uy URU,"MF,FW",Schalke 04,23-201,1999,7.1,103,180,57.2,1884,692,46,66,69.7,32,45,71.1,19,46,41.3,1,1.7,1.9,-0.7,15,7,6,2,13,Matches
65bf7e2b,Aaron Zehnter,de GER,DF,Augsburg,18-121,2004,0.0,0,2,0.0,0,0,0,0,,0,1,0.0,0,1,0.0,0,0.0,0.0,0.0,0,0,0,0,0,Matches
5c4bf6ba,Robin Zentner,de GER,GK,Mainz 05,28-124,1994,16.0,276,501,55.1,9381,7415,31,31,100.0,114,120,95.0,131,348,37.6,0,0.1,0.2,-0.1,1,12,1,0,4,Matches
9b688ae1,Michael Zetterer,de GER,GK,Werder Bremen,27-232,1995,0.7,21,32,65.6,726,535,2,2,100.0,7,7,100.0,12,23,52.2,0,0.0,0.0,0.0,0,1,0,0,0,Matches
29f7cfd9,Simon Zoller,de GER,FW,Bochum,31-248,1991,14.2,187,296,63.2,2872,584,110,156,70.5,60,97,61.9,13,19,68.4,1,0.9,0.5,+0.1,7,15,3,0,18,Matches
