id,Player,Nation,Pos,Squad,Age,Born,90s,Cmp,Att,Cmp%,TotDist,PrgDist,Cmp.1,Att.1,Cmp%.1,Cmp.2,Att.2,Cmp%.2,Cmp.3,Att.3,Cmp%.3,Ast,xAG,xA,A-xAG,KP,1/3,PPA,CrsPA,PrgP,Matches
7f9c5d2d,Abner,br BRA,DF,Betis,22-278,2000,4.0,153,208,73.6,2306,1004,83,95,87.4,54,76,71.1,8,19,42.1,0,0.2,0.4,-0.2,1,10,2,1,11,Matches
be6faae0,Álvaro Aceves,es ESP,GK,Valladolid,19-218,2003,0.1,7,8,87.5,149,113,2,2,100.0,4,4,100.0,1,2,50.0,0,0.0,0.0,0.0,0,0,0,0,0,Matches
81442ecb,Marcos Acuña,ar ARG,DF,Sevilla,31-124,1991,12.4,571,780,73.2,10837,4126,259,288,89.9,224,294,76.2,80,168,47.6,1,2.3,3.2,-1.3,21,34,27,12,66,Matches
a2c1a8d3,Julen Agirrezabala,es ESP,GK,Athletic Club,22-065,2000,1.5,42,56,75.0,1171,766,3,3,100.0,29,30,96.7,10,23,43.5,0,0.0,0.0,0.0,0,1,0,0,0,Matches
014aa7bd,Álvaro Aguado,es ESP,MF,Valladolid,26-304,1996,13.1,587,707,83.0,11996,3334,223,252,88.5,235,268,87.7,113,156,72.4,2,1.1,1.4,+0.9,23,69,7,1,88,Matches
18abe173,Joseph Aidoo,gh GHA,DF,Celta Vigo,27-153,1995,22.8,972,1142,85.1,19848,6199,256,295,86.8,607,657,92.4,104,167,62.3,0,0.0,0.2,0.0,1,55,4,0,68,Matches
06efa9dc,Sergio Akieme,es ESP,DF,Almería,25-075,1997,22.9,757,980,77.2,12386,4584,391,441,88.7,296,361,82.0,48,119,40.3,0,2.0,2.0,-2.0,20,43,20,16,54,Matches
31f5b89b,Paul Akouokou,ci CIV,MF,Betis,25-071,1997,2.6,94,101,93.1,1642,327,40,42,95.2,33,35,94.3,14,15,93.3,0,0.0,0.1,0.0,0,8,1,0,6,Matches
05439de2,David Alaba,at AUT,DF,Real Madrid,30-250,1992,17.2,869,993,87.5,12581,4421,510,532,95.9,276,315,87.6,44,79,55.7,3,1.1,1.3,+1.9,16,58,9,4,60,Matches
455c26a4,Ángel Alarcón,es ESP,"MF,FW",Barcelona,18-290,2004,0.2,4,5,80.0,40,7,4,4,100.0,0,1,0.0,0,0,,0,0.0,0.0,0.0,0,0,0,0,0,Matches
99ea2ddd,Tomás Alarcón,cl CHI,MF,Cádiz,24-041,1999,2.5,78,95,82.1,1688,582,28,32,87.5,27,34,79.4,20,25,80.0,0,0.1,0.1,-0.1,2,11,1,0,9,Matches
4601e194,Jordi Alba,es ESP,DF,Barcelona,33-345,1989,11.1,901,1064,84.7,14270,4262,487,529,92.1,326,377,86.5,64,102,62.7,3,5.2,4.9,-2.2,27,101,35,12,114,Matches
4bd414c1,Raúl Albiol,es ESP,DF,Villarreal,37-178,1985,19.9,1092,1238,88.2,23670,8898,266,290,91.7,631,676,93.3,186,252,73.8,0,0.0,0.4,0.0,2,82,5,0,85,Matches
036bba5f,Rubén Alcaraz,es ESP,MF,Cádiz,31-304,1991,12.7,412,524,78.6,7985,2403,167,198,84.3,164,186,88.2,65,107,60.7,0,1.0,0.8,-1.0,13,43,8,5,45,Matches
bb08bce9,Omar Alderete,py PAR,DF,Getafe,26-065,1996,10.0,258,415,62.2,5232,2554,84,113,74.3,141,177,79.7,32,113,28.3,1,0.6,0.7,+0.4,3,29,5,0,43,Matches
3d7e48ce,Iván Alejo,es ESP,"MF,FW",Cádiz,28-019,1995,8.6,116,210,55.2,1665,491,73,99,73.7,25,50,50.0,10,30,33.3,1,1.2,0.8,-0.2,11,5,10,9,7,Matches
6c811eb7,Carles Aleñá,es ESP,MF,Getafe,25-055,1998,17.1,490,634,77.3,8226,2009,236,276,85.5,167,211,79.1,57,88,64.8,2,0.8,1.0,+1.2,10,50,15,4,70,Matches
b907d169,Alejandro Alfaro,es ESP,MF,Elche,20-259,2002,0.2,1,1,100.0,3,0,0,0,,0,0,,0,0,,0,0.0,0.0,0.0,0,0,0,0,0,Matches
acc1aefa,Ángel Algobia,es ESP,MF,Getafe,23-251,1999,9.4,348,423,82.3,6142,1247,154,178,86.5,140,157,89.2,42,61,68.9,0,0.1,0.3,-0.1,3,25,4,4,31,Matches
f8405304,Mohamed Ali Cho,fr FRA,FW,Real Sociedad,19-041,2004,3.5,46,73,63.0,640,180,31,35,88.6,10,23,43.5,2,8,25.0,2,1.5,1.1,+0.5,5,2,5,3,4,Matches
e6697917,Domingos André Ribeiro Almeida,pt POR,MF,Valencia,22-275,2000,15.8,613,763,80.3,10014,3349,322,358,89.9,213,255,83.5,56,108,51.9,3,1.9,2.1,+1.1,22,83,21,7,110,Matches
f4290206,Marcos Alonso,es ESP,DF,Barcelona,32-063,1990,7.2,536,589,91.0,10021,3440,206,219,94.1,274,291,94.2,50,64,78.1,0,0.2,0.6,-0.2,4,41,6,3,49,Matches
629081bd,Carlos Álvarez,es ESP,FW,Sevilla,19-207,2003,0.1,,,,,,,,,,,,,,,0,,,,,,,,,Matches
852ddfb8,Gastón Álvarez,uy URU,DF,Getafe,22-342,2000,9.0,211,323,65.3,3400,1702,116,129,89.9,74,127,58.3,17,47,36.2,0,0.2,0.2,-0.2,3,17,3,2,24,Matches
3ecc11d8,Yeray Álvarez,es ESP,DF,Athletic Club,28-036,1995,19.1,859,1054,81.5,18031,6774,285,320,89.1,441,488,90.4,124,220,56.4,1,0.9,0.6,+0.1,12,110,8,4,118,Matches
00eba9c9,Selim Amallah,ma MAR,MF,Valladolid,26-106,1996,0.6,18,24,75.0,309,81,9,11,81.8,5,7,71.4,3,3,100.0,0,0.0,0.0,0.0,0,3,1,0,4,Matches
f3b1d9a2,Amath,sn SEN,"MF,FW",Mallorca,26-228,1996,5.7,96,124,77.4,1295,359,63,70,90.0,23,34,67.6,4,7,57.1,0,0.8,0.4,-0.8,2,5,4,2,8,Matches
22721b88,Jordan Amavi,fr FRA,DF,Getafe,28-357,1994,2.1,51,96,53.1,779,372,28,39,71.8,18,36,50.0,3,11,27.3,0,0.0,0.0,0.0,0,2,0,0,5,Matches
fdd26d71,Fabrizio Angileri,ar ARG,DF,Getafe,28-351,1994,5.8,134,229,58.5,2338,890,62,79,78.5,57,98,58.2,11,31,35.5,0,0.0,0.1,0.0,0,13,1,0,15,Matches
c93231dc,Anuar,ma MAR,"MF,FW",Valladolid,28-045,1995,2.3,30,40,75.0,363,114,18,23,78.3,9,10,90.0,0,0,,0,0.4,0.0,-0.4,4,3,0,0,3,Matches
58afe001,Mauro Arambarri,uy URU,MF,Getafe,27-152,1995,9.2,292,373,78.3,5880,1792,101,114,88.6,133,155,85.8,52,91,57.1,1,1.5,1.5,-0.5,14,29,4,2,30,Matches
2bef2bca,Ronald Araújo,uy URU,DF,Barcelona,23-359,1999,10.8,580,655,88.5,11301,3496,200,216,92.6,311,334,93.1,64,93,68.8,1,0.4,0.4,+0.6,2,53,1,0,41,Matches
1e465e70,Sergio Arribas,es ESP,FW,Real Madrid,21-152,2001,0.1,8,9,88.9,102,32,6,6,100.0,2,3,66.7,0,0,,0,0.0,0.0,0.0,1,1,1,0,2,Matches
6091cf45,Roberto Arroyo,es ESP,MF,Valladolid,19-188,2003,0.2,0,5,0.0,0,0,0,0,,0,0,,0,1,0.0,0,0.0,0.0,0.0,0,0,0,0,0,Matches
5d133e96,Ricard Artero,es ESP,FW,Girona,20-024,2003,0.1,5,6,83.3,46,15,5,6,83.3,0,0,,0,0,,0,0.0,0.0,0.0,0,0,0,0,0,Matches
759d8dd7,Santiago Arzamendia,py PAR,"DF,MF",Cádiz,24-300,1998,4.3,114,170,67.1,1857,812,61,74,82.4,39,53,73.6,9,25,36.0,0,0.6,0.2,-0.6,6,8,3,0,10,Matches
9f0ea33f,Sergio Asenjo,es ESP,GK,Valladolid,33-246,1989,6.0,140,207,67.6,4282,3054,21,21,100.0,69,71,97.2,48,112,42.9,0,0.0,0.0,0.0,0,3,0,0,0,Matches
45af8a54,Marco Asensio,es ESP,"FW,MF",Real Madrid,27-039,1996,7.4,314,384,81.8,4846,923,182,198,91.9,88,102,86.3,31,57,54.4,3,2.0,1.4,+1.0,16,26,7,2,28,Matches
7dcf86f6,Iago Aspas,es ESP,FW,Celta Vigo,35-212,1987,21.5,642,830,77.3,9760,2189,376,445,84.5,182,241,75.5,54,74,73.0,3,4.1,3.6,-1.1,59,54,28,2,100,Matches
d5dd5f1f,Pierre-Emerick Aubameyang,ga GAB,FW,Barcelona,33-256,1989,0.1,3,3,100.0,59,26,0,0,,3,3,100.0,0,0,,0,0.0,0.0,0.0,0,0,0,0,0,Matches
9fec8860,Ludwig Augustinsson,se SWE,DF,Mallorca,28-314,1994,0.8,21,30,70.0,289,105,15,16,93.8,5,9,55.6,1,5,20.0,0,0.0,0.0,0.0,1,0,0,0,0,Matches
253a06b9,Ezequiel Ávila,ar ARG,"FW,MF",Osasuna,29-023,1994,14.0,212,387,54.8,4425,1256,100,140,71.4,60,108,55.6,49,101,48.5,2,1.7,2.0,+0.3,17,21,22,13,29,Matches
bfd381b3,Iddrisu Baba,gh GHA,MF,Mallorca,27-038,1996,11.1,283,341,83.0,5106,1362,118,131,90.1,129,144,89.6,31,49,63.3,0,0.2,0.2,-0.2,3,30,1,0,30,Matches
075fe5a3,Srđan Babić,rs SRB,DF,Almería,26-313,1996,19.5,740,871,85.0,14722,5374,237,256,92.6,402,445,90.3,93,148,62.8,0,0.2,0.3,-0.2,6,30,2,1,40,Matches
114bbdee,Loïc Bade,fr FRA,DF,Sevilla,22-324,2000,5.0,344,384,89.6,6251,2163,137,142,96.5,176,188,93.6,29,42,69.0,0,0.1,0.1,-0.1,1,27,0,0,22,Matches
e4346678,Édgar Badía,es ESP,GK,Elche,31-017,1992,23.0,453,652,69.5,14703,11567,55,56,98.2,202,212,95.3,195,379,51.5,0,0.0,0.0,0.0,0,10,0,0,0,Matches
518f2234,Alex Baena,es ESP,"MF,FW",Villarreal,21-224,2001,13.1,342,438,78.1,5463,1540,173,193,89.6,128,157,81.5,28,44,63.6,1,3.2,2.1,-2.2,21,37,20,1,62,Matches
5ccc9672,Alejandro Balde,es ESP,DF,Barcelona,19-134,2003,15.4,900,1001,89.9,13132,2496,528,558,94.6,307,330,93.0,44,67,65.7,4,3.0,3.1,+1.0,13,50,10,5,48,Matches
1fe67e86,Mikel Balenziaga,es ESP,DF,Athletic Club,35-000,1988,0.5,28,37,75.7,419,130,15,16,93.8,12,15,80.0,1,3,33.3,0,0.0,0.1,0.0,0,1,2,1,4,Matches
cee88597,Iván Balliu,al ALB,DF,Rayo Vallecano,31-059,1992,22.5,967,1245,77.7,15977,6280,484,528,91.7,381,485,78.6,82,163,50.3,0,1.8,1.9,-1.8,23,65,22,11,90,Matches
35f6db55,Léo Baptistão,br BRA,"FW,MF",Almería,30-187,1992,12.0,240,351,68.4,3927,1059,116,143,81.1,86,119,72.3,22,46,47.8,1,0.9,0.8,+0.1,12,18,9,2,37,Matches
03049c8c,Keidi Bare,al ALB,MF,Espanyol,25-185,1997,3.7,140,168,83.3,2395,603,65,77,84.4,56,60,93.3,17,25,68.0,0,0.2,0.1,-0.2,2,15,1,0,15,Matches
aad53e64,Kike Barja,es ESP,"FW,MF",Osasuna,25-334,1997,5.9,146,224,65.2,2274,535,80,98,81.6,43,71,60.6,13,31,41.9,2,1.3,1.3,+0.7,13,3,14,10,15,Matches
200e89e1,Ander Barrenetxea,es ESP,"DF,FW",Real Sociedad,21-064,2001,4.5,147,187,78.6,2209,712,75,84,89.3,58,67,86.6,6,16,37.5,0,0.0,0.1,0.0,1,8,1,0,13,Matches
45736cec,Pablo Barrios,es ESP,MF,Atlético Madrid,19-259,2003,4.3,224,270,83.0,3518,951,117,130,90.0,84,100,84.0,14,22,63.6,0,0.1,0.1,-0.1,2,30,1,0,28,Matches
d637fc22,Rodrigo Battaglia,ar ARG,MF,Mallorca,31-232,1991,7.5,184,229,80.3,2873,889,93,104,89.4,77,92,83.7,11,20,55.0,0,0.0,0.1,0.0,1,24,1,0,19,Matches
d8712bf9,Bebé,cv CPV,FW,Rayo Vallecano,32-232,1990,0.7,21,38,55.3,411,101,8,9,88.9,9,17,52.9,4,7,57.1,0,0.1,0.1,-0.1,2,2,1,1,1,Matches
f874dd44,Héctor Bellerín,es ESP,DF,Barcelona,27-347,1995,1.6,77,96,80.2,1146,419,48,52,92.3,21,25,84.0,5,8,62.5,0,0.1,0.5,-0.1,1,10,4,0,13,Matches
ed5c5fa3,Fran Beltrán,es ESP,MF,Celta Vigo,24-026,1999,20.3,1075,1201,89.5,19676,4375,421,454,92.7,517,553,93.5,112,147,76.2,1,1.3,1.8,-0.3,17,81,10,2,91,Matches
70d74ece,Karim Benzema,fr FRA,FW,Real Madrid,35-072,1987,13.5,540,627,86.1,6491,1243,369,409,90.2,109,118,92.4,15,20,75.0,3,3.7,3.1,-0.7,33,35,26,0,73,Matches
b6e50615,Yuri Berchiche,es ESP,DF,Athletic Club,33-019,1990,12.5,589,738,79.8,9811,3820,284,315,90.2,250,300,83.3,44,70,62.9,1,0.7,1.1,+0.3,9,64,21,8,80,Matches
dc1c2fce,Álex Berenguer,es ESP,FW,Athletic Club,27-240,1995,16.3,402,595,67.6,5854,1610,250,289,86.5,94,155,60.6,38,91,41.8,1,2.8,2.8,-1.8,31,17,23,7,54,Matches
697295b1,Pedro Bigas,es ESP,DF,Elche,32-167,1990,14.7,543,682,79.6,10567,4786,203,221,91.9,268,299,89.6,66,134,49.3,0,0.0,0.2,0.0,0,51,1,1,54,Matches
47c609d5,El Bilal Touré,ml MLI,FW,Almería,21-149,2001,11.9,159,224,71.0,1893,257,109,134,81.3,39,58,67.2,1,1,100.0,2,1.1,0.6,+0.9,12,8,2,1,9,Matches
506daeac,Blanco,es ESP,MF,Cádiz,22-221,2000,1.8,57,61,93.4,818,137,31,33,93.9,22,24,91.7,1,1,100.0,0,0.0,0.1,0.0,1,3,1,0,2,Matches
1657f448,Lautaro Blanco,ar ARG,"MF,DF",Elche,24-010,1999,2.7,62,106,58.5,1267,796,31,36,86.1,17,34,50.0,14,33,42.4,1,0.2,0.2,+0.8,3,7,4,3,9,Matches
0da6a13e,Theo Bongonda,cd COD,MF,Cádiz,27-101,1995,10.5,152,237,64.1,2086,480,99,127,78.0,37,52,71.2,10,36,27.8,2,0.6,0.8,+1.4,8,4,3,0,15,Matches
7f271d74,Wassim Boullif,es ESP,"DF,MF",Espanyol,18-026,2005,1.0,15,17,88.2,314,104,6,6,100.0,5,5,100.0,4,5,80.0,0,0.0,0.0,0.0,0,2,0,0,2,Matches
f6798fc3,Yassine Bounou,ma MAR,GK,Sevilla,31-330,1991,20.5,604,806,74.9,15733,10984,131,131,100.0,285,293,97.3,186,378,49.2,0,0.0,0.0,0.0,0,6,0,0,1,Matches
d49f3e6b,Lucas Boyé,ar ARG,FW,Elche,27-001,1996,15.8,298,380,78.4,4106,826,167,192,87.0,80,96,83.3,19,23,82.6,2,1.3,1.1,+0.7,16,20,17,5,39,Matches
fd771f95,Martin Braithwaite,dk DEN,"FW,MF",Espanyol,31-269,1991,16.2,174,280,62.1,2426,567,112,152,73.7,39,66,59.1,12,20,60.0,1,1.0,0.6,0.0,8,14,7,2,31,Matches
2475cf9b,Juan Brandáriz,es ESP,DF,Almería,23-364,1999,9.5,361,435,83.0,6180,2241,160,172,93.0,179,199,89.9,19,49,38.8,0,0.0,0.1,0.0,0,19,2,1,19,Matches
4accb7e0,Darko Brašanac,rs SRB,MF,Osasuna,31-017,1992,10.4,272,338,80.5,4162,1115,144,161,89.4,104,126,82.5,11,18,61.1,1,0.7,0.6,+0.3,7,33,7,2,42,Matches
10072610,Claudio Bravo,cl CHI,GK,Betis,39-322,1983,5.0,90,152,59.2,2710,2094,21,21,100.0,33,35,94.3,35,93,37.6,0,0.0,0.0,0.0,0,2,0,0,1,Matches
7b5ab7f2,Bryan,es ESP,"DF,MF",Sevilla,22-018,2001,2.4,99,129,76.7,1366,473,56,67,83.6,39,48,81.3,0,6,0.0,0,0.2,0.2,-0.2,3,2,4,0,6,Matches
8f3565b3,Ante Budimir,hr CRO,FW,Osasuna,31-222,1991,11.3,104,178,58.4,1202,175,71,103,68.9,26,50,52.0,0,5,0.0,0,0.6,0.5,-0.6,9,5,2,0,12,Matches
edc98fac,Santiago Bueno,uy URU,DF,Girona,24-112,1998,21.9,1056,1225,86.2,20963,7164,348,381,91.3,569,619,91.9,126,196,64.3,1,1.0,0.6,0.0,5,94,3,1,99,Matches
5ab0ea87,Sergio Busquets,es ESP,MF,Barcelona,34-228,1988,15.3,992,1118,88.7,17523,4798,453,494,91.7,414,455,91.0,104,124,83.9,1,0.8,1.7,+0.2,11,122,13,2,128,Matches
69cbc8b6,Leandro Cabrera,uy URU,DF,Espanyol,31-257,1991,19.3,628,876,71.7,13517,6140,186,225,82.7,330,396,83.3,105,226,46.5,0,0.8,0.6,-0.8,8,55,9,2,56,Matches
fe05804b,Cala,es ESP,DF,Cádiz,33-095,1989,1.5,30,38,78.9,792,274,4,5,80.0,14,17,82.4,12,16,75.0,0,0.0,0.0,0.0,0,0,0,0,2,Matches
41b3069f,Fernando Calero,es ESP,"DF,MF",Espanyol,27-168,1995,13.6,442,553,79.9,8741,3306,160,181,88.4,215,249,86.3,63,110,57.3,0,0.1,0.3,-0.1,3,45,3,0,46,Matches
af34f10d,Alexander Callens,pe PER,DF,Girona,30-301,1992,0.6,40,47,85.1,570,185,19,20,95.0,19,25,76.0,0,0,,0,0.0,0.0,0.0,0,4,1,0,5,Matches
7b9c2d84,Eduardo Camavinga,fr FRA,"MF,DF",Real Madrid,20-111,2002,12.5,722,797,90.6,11337,3075,363,393,92.4,283,300,94.3,50,61,82.0,1,1.0,1.3,0.0,13,79,10,1,105,Matches
873619c6,Sergio Camello,es ESP,FW,Rayo Vallecano,22-019,2001,18.5,261,331,78.9,3694,430,147,174,84.5,88,110,80.0,12,18,66.7,3,1.9,1.3,+1.1,19,8,6,0,24,Matches
a6de370d,Sergio Canales,es ESP,"FW,MF",Betis,32-013,1991,16.7,684,909,75.2,10483,2976,368,417,88.2,207,266,77.8,63,125,50.4,2,3.6,2.8,-1.6,32,70,33,7,93,Matches
37f1cf47,Ander Capa,es ESP,"DF,MF",Athletic Club,31-021,1992,0.2,12,16,75.0,182,68,8,8,100.0,3,4,75.0,1,2,50.0,0,0.0,0.1,0.0,1,1,1,1,2,Matches
5acc4a10,Étienne Capoue,fr FRA,MF,Villarreal,34-233,1988,16.0,662,758,87.3,10488,2460,332,367,90.5,278,305,91.1,31,52,59.6,0,0.6,0.6,-0.6,5,83,5,0,70,Matches
c4b888df,Isaac Carcelen,es ESP,DF,Cádiz,29-312,1993,13.7,423,535,79.1,6910,2648,206,226,91.2,179,228,78.5,26,53,49.1,0,0.4,0.3,-0.4,4,31,8,5,43,Matches
688b96e3,Juan Carlos,es ESP,GK,Girona,35-040,1988,10.0,288,340,84.7,7160,4635,52,53,98.1,170,176,96.6,66,111,59.5,0,0.0,0.0,0.0,0,1,0,0,0,Matches
5b93209a,José Carlos Lazo,es ESP,"MF,FW",Almería,27-013,1996,0.2,3,4,75.0,49,2,2,3,66.7,1,1,100.0,0,0,,0,0.0,0.0,0.0,0,0,0,0,0,Matches
5b93209a,José Carlos Lazo,es ESP,"MF,FW",Espanyol,27-013,1996,1.7,21,30,70.0,277,46,9,12,75.0,8,9,88.9,2,4,50.0,1,0.2,0.1,+0.8,2,0,3,1,3,Matches
2dce876a,Carmona,es ESP,"MF,DF",Elche,21-031,2002,4.8,90,134,67.2,1280,529,57,67,85.1,26,40,65.0,4,11,36.4,0,0.1,0.1,-0.1,2,3,2,0,6,Matches
2dce876a,Carmona,es ESP,DF,Sevilla,21-031,2002,5.9,269,330,81.5,4412,1380,131,142,92.3,118,147,80.3,17,32,53.1,1,0.4,0.2,+0.6,2,24,3,2,11,Matches
de39485a,Yannick Carrasco,be BEL,"MF,DF",Atlético Madrid,29-178,1993,13.1,433,539,80.3,6002,1714,276,296,93.2,108,139,77.7,21,47,44.7,0,1.9,1.8,-1.9,22,23,14,4,43,Matches
4958bfb2,Dani Carvajal,es ESP,DF,Real Madrid,31-049,1992,13.8,745,872,85.4,12085,2752,399,439,90.9,274,313,87.5,58,85,68.2,2,1.5,1.4,+0.5,13,44,13,5,37,Matches
dee86451,William Carvalho,pt POR,MF,Betis,30-328,1992,17.0,976,1133,86.1,16253,4899,488,535,91.2,365,415,88.0,91,123,74.0,1,0.8,1.2,+0.2,14,112,12,1,136,Matches
4d224fe8,Casemiro,br BRA,MF,Real Madrid,31-006,1992,0.1,7,8,87.5,134,50,6,6,100.0,0,0,,1,2,50.0,0,0.0,0.0,0.0,0,1,0,0,0,Matches
da76bab4,Valentín Castellanos,ar ARG,FW,Girona,24-149,1998,18.5,163,267,61.0,2207,518,95,137,69.3,44,78,56.4,11,15,73.3,0,0.8,1.2,-0.8,10,14,10,1,23,Matches
130a7a3f,Samu Castillejo,es ESP,FW,Valencia,28-042,1995,11.4,324,419,77.3,5060,1428,172,198,86.9,111,135,82.2,25,51,49.0,0,1.0,1.0,-1.0,16,36,15,3,52,Matches
274ab13c,Catena,es ESP,DF,Rayo Vallecano,28-124,1994,22.0,1004,1215,82.6,24166,9551,199,227,87.7,562,612,91.8,238,353,67.4,1,0.8,0.3,+0.2,4,77,2,0,76,Matches
527f063d,Edinson Cavani,uy URU,FW,Valencia,36-015,1987,10.5,188,255,73.7,2997,394,111,143,77.6,53,68,77.9,20,24,83.3,1,1.3,0.7,-0.3,10,9,2,0,11,Matches
c0617e2b,Dani Ceballos,es ESP,MF,Real Madrid,26-206,1996,8.4,702,768,91.4,11331,3354,353,378,93.4,253,265,95.5,63,74,85.1,1,0.9,1.1,+0.1,18,115,8,1,108,Matches
ae852b7d,Álex Centelles,es ESP,DF,Almería,25-113,1997,0.1,3,5,60.0,46,19,0,1,0.0,2,3,66.7,0,0,,0,0.0,0.0,0.0,0,0,0,0,0,Matches
5e1028e5,Franco Cervi,ar ARG,MF,Celta Vigo,28-279,1994,15.0,385,543,70.9,5671,1702,225,265,84.9,123,164,75.0,23,63,36.5,2,1.1,1.4,+0.9,15,29,13,4,39,Matches
63c5e56b,Pep Chavarría,es ESP,"FW,DF",Rayo Vallecano,24-325,1998,1.1,41,63,65.1,627,194,21,27,77.8,15,20,75.0,2,7,28.6,0,0.1,0.1,-0.1,3,2,1,0,4,Matches
873ce3a2,Pape Cheikh Diop,sn SEN,MF,Elche,25-205,1997,0.4,9,14,64.3,166,55,3,6,50.0,6,6,100.0,0,2,0.0,0,0.0,0.0,0.0,0,0,0,0,0,Matches
1cb49278,Andreas Christensen,dk DEN,DF,Barcelona,26-325,1996,11.0,827,881,93.9,15119,4821,310,334,92.8,448,456,98.2,60,79,75.9,1,0.4,0.6,+0.6,5,51,3,0,55,Matches
b8a642fc,Samuel Chukwueze,ng NGA,"FW,MF",Villarreal,23-283,1999,13.5,378,501,75.4,5860,1137,213,246,86.6,125,163,76.7,32,49,65.3,3,2.4,1.9,+0.6,23,12,24,5,37,Matches
ec1a731e,Víctor Chust,es ESP,DF,Cádiz,22-361,2000,9.5,326,395,82.5,7219,2697,92,103,89.3,152,172,88.4,73,104,70.2,0,0.0,0.1,0.0,1,20,1,0,21,Matches
9a0408b6,Pathé Ciss,sn SEN,"MF,DF",Rayo Vallecano,28-350,1994,10.7,432,519,83.2,8436,2287,169,190,88.9,200,228,87.7,59,78,75.6,0,0.2,0.2,-0.2,4,49,3,0,49,Matches
33a61a52,Carlos Clerc,es ESP,"DF,MF",Elche,31-008,1992,15.8,536,747,71.8,7910,3199,320,369,86.7,171,236,72.5,31,87,35.6,1,1.1,1.3,-0.1,6,28,11,6,43,Matches
85dace26,Álex Collado,es ESP,MF,Elche,23-313,1999,6.0,176,218,80.7,2509,495,107,116,92.2,47,57,82.5,12,22,54.5,1,0.9,1.1,+0.1,12,14,4,1,16,Matches
b3f62bfc,Diego Collado,es ESP,FW,Villarreal,22-051,2001,0.1,5,7,71.4,111,15,2,3,66.7,2,2,100.0,1,1,100.0,0,0.0,0.0,0.0,0,0,0,0,1,Matches
15937e17,Eray Cömert,ch SUI,DF,Valencia,25-025,1998,15.4,734,848,86.6,15788,5479,183,206,88.8,440,467,94.2,104,150,69.3,0,0.1,0.2,-0.1,3,43,2,0,48,Matches
5ae499d0,Santi Comesaña,es ESP,MF,Rayo Vallecano,26-147,1996,14.7,537,639,84.0,8841,2520,266,296,89.9,212,248,85.5,43,57,75.4,0,0.8,0.8,-0.8,17,63,7,0,87,Matches
0f26ffd7,Copete,es ESP,DF,Mallorca,23-142,1999,15.1,453,578,78.4,8892,3977,166,186,89.2,217,246,88.2,66,118,55.9,0,0.2,0.1,-0.2,2,40,3,0,41,Matches
a6951bf8,Francis Coquelin,fr FRA,MF,Villarreal,31-292,1991,8.3,265,311,85.2,3778,803,152,167,91.0,80,88,90.9,14,20,70.0,0,1.0,1.2,-1.0,6,19,3,1,29,Matches
fb938d24,Jesús Corona,mx MEX,FW,Sevilla,30-054,1993,0.7,16,20,80.0,239,6,9,9,100.0,6,8,75.0,1,3,33.3,0,0.2,0.1,-0.2,1,0,0,0,1,Matches
01eb744d,Ángel Correa,ar ARG,"FW,MF",Atlético Madrid,27-357,1995,10.2,276,352,78.4,3545,840,184,208,88.5,60,80,75.0,12,27,44.4,0,2.6,2.6,-2.6,17,19,15,2,36,Matches
c78b352d,Thierry Correia,pt POR,DF,Valencia,23-357,1999,15.7,763,990,77.1,12835,4390,401,455,88.1,270,345,78.3,78,142,54.9,0,0.5,1.2,-0.5,9,71,14,7,72,Matches
808d48f3,Jaume Costa,es ESP,DF,Mallorca,34-348,1988,18.4,592,797,74.3,9947,3669,291,332,87.7,245,321,76.3,48,96,50.0,1,1.7,2.2,-0.7,22,44,20,12,53,Matches
76c2a023,Samu Costa,pt POR,MF,Almería,22-094,2000,13.3,537,686,78.3,10237,3300,218,249,87.6,240,280,85.7,72,115,62.6,0,0.4,0.6,-0.4,7,39,3,0,55,Matches
1840e36d,Thibaut Courtois,be BEL,GK,Real Madrid,30-294,1992,17.0,517,609,84.9,12520,8138,112,113,99.1,293,297,98.7,109,194,56.2,0,0.1,0.0,-0.1,1,3,0,0,0,Matches
1944818c,Yan Couto,br BRA,"DF,MF",Girona,20-271,2002,7.6,296,392,75.5,4711,1353,156,175,89.1,104,138,75.4,24,48,50.0,1,1.1,1.3,-0.1,9,23,14,6,37,Matches
a56da3ba,Juan Cruz Armada,es ESP,DF,Osasuna,30-216,1992,16.0,540,718,75.2,9026,4099,263,293,89.8,229,298,76.8,42,100,42.0,0,0.8,0.8,-0.8,11,51,14,10,48,Matches
cc2dd8a5,Juan Cruz,es ESP,FW,Betis,22-310,2000,1.9,22,36,61.1,254,65,14,16,87.5,5,11,45.5,0,4,0.0,0,0.1,0.1,-0.1,2,0,0,0,1,Matches
0abc51f2,Jorge Cuenca,es ESP,DF,Villarreal,23-104,1999,4.0,238,277,85.9,4564,1698,83,89,93.3,133,143,93.0,21,40,52.5,0,0.1,0.2,-0.1,1,15,2,0,20,Matches
192c89a6,Braian Cufré,ar ARG,DF,Mallorca,26-076,1996,2.4,76,92,82.6,1256,437,40,43,93.0,25,29,86.2,7,12,58.3,0,0.0,0.1,0.0,1,4,1,0,7,Matches
dc62b55d,Matheus Cunha,br BRA,"FW,MF",Atlético Madrid,23-278,1999,4.2,64,85,75.3,790,203,48,55,87.3,9,13,69.2,3,4,75.0,2,0.8,0.4,+1.2,6,6,2,0,7,Matches
f9a225f5,Curro,es ESP,MF,Almería,27-057,1996,0.5,21,28,75.0,310,133,10,12,83.3,4,6,66.7,3,4,75.0,0,0.2,0.2,-0.2,2,1,1,0,1,Matches
f08490a6,Arnaut Danjuma,nl NED,FW,Villarreal,26-029,1997,5.3,70,95,73.7,999,169,44,61,72.1,20,26,76.9,2,3,66.7,0,0.4,0.3,-0.4,5,3,3,2,2,Matches
070a3904,Sergi Darder,es ESP,MF,Espanyol,29-069,1993,22.7,691,971,71.2,13615,5301,262,309,84.8,312,378,82.5,106,237,44.7,1,4.3,4.1,-3.3,50,98,32,5,144,Matches
162efffd,Rodrigo De Paul,ar ARG,MF,Atlético Madrid,28-281,1994,11.4,615,754,81.6,10790,3429,312,347,89.9,208,248,83.9,75,114,65.8,2,3.4,2.1,-1.4,26,88,28,5,99,Matches
84a85b48,Alberto Del Moral,es ESP,MF,Villarreal,22-224,2000,0.1,0,1,0.0,0,0,0,0,,0,0,,0,1,0.0,0,0.0,0.0,0.0,0,0,0,0,0,Matches
fe641c1a,Thomas Delaney,dk DEN,MF,Sevilla,31-179,1991,3.4,140,164,85.4,2173,461,71,76,93.4,54,64,84.4,8,14,57.1,0,0.1,0.6,-0.1,2,6,3,1,7,Matches
e7d2a50b,Fran Delgado,es ESP,DF,Betis,21-233,2001,0.1,7,8,87.5,110,13,4,4,100.0,3,3,100.0,0,1,0.0,0,0.0,0.0,0.0,0,0,0,0,0,Matches
b19db005,Ousmane Dembélé,fr FRA,FW,Barcelona,25-290,1997,12.2,499,647,77.1,7876,1528,297,331,89.7,147,189,77.8,43,78,55.1,5,3.7,3.8,+1.3,34,19,29,4,58,Matches
d2110326,Mouctar Diakhaby,gn GUI,DF,Valencia,26-072,1996,14.8,560,675,83.0,11925,4332,151,176,85.8,314,348,90.2,88,138,63.8,0,0.2,0.1,-0.2,3,43,1,0,41,Matches
80211dc5,Mamady Diarra,ml MLI,"MF,DF",Cádiz,22-248,2000,0.7,8,9,88.9,103,26,4,5,80.0,3,3,100.0,0,0,,0,0.0,0.0,0.0,0,0,0,0,0,Matches
d61759ec,Youba Diarra,ml MLI,MF,Cádiz,24-342,1998,0.5,16,19,84.2,300,22,6,6,100.0,7,7,100.0,3,5,60.0,0,0.0,0.0,0.0,0,1,0,0,1,Matches
fc70e345,Stole Dimitrievski,mk MKD,GK,Rayo Vallecano,29-066,1993,22.0,408,666,61.3,11725,8520,70,70,100.0,198,201,98.5,139,388,35.8,0,0.0,0.0,0.0,1,11,0,0,0,Matches
a461f098,Malcom Abdulai Ares Djalo,es ESP,FW,Athletic Club,21-140,2001,0.1,7,7,100.0,92,20,5,5,100.0,2,2,100.0,0,0,,0,0.0,0.0,0.0,0,0,0,0,1,Matches
a4971d84,Djené,tg TOG,DF,Getafe,31-060,1991,19.1,588,732,80.3,10651,4147,246,273,90.1,273,305,89.5,59,123,48.0,1,0.3,0.8,+0.7,3,35,7,5,44,Matches
ac295d9e,Marko Dmitrović,rs SRB,GK,Sevilla,31-036,1992,2.5,72,100,72.0,2155,1601,12,12,100.0,35,35,100.0,25,52,48.1,0,0.0,0.0,0.0,0,1,0,0,0,Matches
cc83b74d,Kasper Dolberg,dk DEN,FW,Sevilla,25-146,1997,2.2,19,28,67.9,257,27,13,18,72.2,3,5,60.0,2,3,66.7,1,0.4,0.0,+0.6,1,1,0,0,2,Matches
3521abfe,Carlos Dominguez,es ESP,DF,Celta Vigo,22-018,2001,0.2,11,12,91.7,176,75,7,7,100.0,2,2,100.0,2,3,66.7,0,0.0,0.0,0.0,0,1,0,0,1,Matches
5e95c000,John Donald,es ESP,DF,Elche,22-183,2000,1.7,28,33,84.8,405,165,14,16,87.5,12,13,92.3,1,2,50.0,0,0.0,0.0,0.0,0,0,0,0,0,Matches
93090f69,Domingos Duarte,pt POR,DF,Getafe,27-356,1995,21.5,578,738,78.3,12030,4814,184,217,84.8,290,348,83.3,99,161,61.5,2,0.8,0.1,+1.2,4,38,0,0,44,Matches
6db116ec,Pablo Durán,es ESP,"MF,DF",Celta Vigo,22-035,2001,0.4,14,21,66.7,201,13,10,14,71.4,3,4,75.0,1,3,33.3,0,0.0,0.0,0.0,0,0,0,0,0,Matches
37e103f8,Hugo Duro,es ESP,"FW,MF",Valencia,23-111,1999,8.0,120,161,74.5,1464,144,81,100,81.0,27,39,69.2,1,3,33.3,0,0.7,0.3,-0.7,7,7,1,0,7,Matches
3e93f8cf,Íñigo Eguaras,es ESP,MF,Almería,30-359,1992,7.9,335,400,83.8,5889,2177,162,180,90.0,131,147,89.1,36,54,66.7,1,0.6,1.2,+0.4,9,43,10,2,51,Matches
f7dc2ae5,Aritz Elustondo,es ESP,DF,Real Sociedad,28-338,1994,11.4,487,595,81.8,8345,2928,220,245,89.8,224,268,83.6,34,59,57.6,1,1.0,0.4,0.0,4,29,5,2,38,Matches
fd47b4f2,Rodrigo Ely,br BRA,DF,Almería,29-118,1993,21.1,741,922,80.4,16176,6213,179,205,87.3,440,484,90.9,118,218,54.1,0,0.2,0.3,-0.2,3,32,3,0,32,Matches
db8f0eba,Adri Embarba,es ESP,"FW,MF",Almería,30-298,1992,9.4,201,325,61.8,3760,1051,85,108,78.7,69,103,67.0,35,71,49.3,3,2.3,1.3,+0.7,20,12,4,1,27,Matches
db8f0eba,Adri Embarba,es ESP,FW,Espanyol,30-298,1992,0.4,4,6,66.7,80,37,2,3,66.7,1,2,50.0,1,1,100.0,0,0.0,0.1,0.0,0,0,0,0,0,Matches
04e17fd5,Youssef En-Nesyri,ma MAR,FW,Sevilla,25-273,1997,9.4,87,137,63.5,1346,144,51,73,69.9,28,42,66.7,4,7,57.1,0,0.1,0.2,-0.1,3,2,0,0,5,Matches
3f79a1c8,Gonzalo Escalante,ar ARG,MF,Cádiz,29-339,1993,4.0,130,166,78.3,1997,551,76,88,86.4,44,53,83.0,8,19,42.1,0,0.1,0.2,-0.1,3,15,3,2,16,Matches
b0616e3d,Sergio Escudero,es ESP,DF,Valladolid,33-180,1989,8.8,282,389,72.5,4614,1790,144,157,91.7,101,126,80.2,27,73,37.0,0,0.5,0.4,-0.5,8,11,8,4,20,Matches
db001fa9,Alfonso Espino,uy URU,DF,Cádiz,31-055,1992,20.7,565,884,63.9,9515,4334,280,345,81.2,222,317,70.0,50,153,32.7,3,1.0,1.2,+2.0,15,46,13,8,62,Matches
4242011c,Bernardo Espinosa,co COL,DF,Girona,33-233,1989,9.4,491,558,88.0,9050,3588,179,200,89.5,273,294,92.9,35,57,61.4,1,0.0,0.1,+1.0,1,16,0,0,19,Matches
283c7121,Edu Expósito,es ESP,MF,Espanyol,26-212,1996,10.5,269,369,72.9,4834,1359,107,129,82.9,122,149,81.9,29,64,45.3,2,1.8,1.4,+0.2,15,33,12,1,51,Matches
3409de86,Nicolás Ezequiel Fernández,ar ARG,"MF,DF",Elche,23-049,2000,3.6,99,130,76.2,1474,630,59,64,92.2,27,32,84.4,8,22,36.4,0,0.3,0.5,-0.3,5,9,7,4,17,Matches
bed68338,Abdessamad Ezzalzouli,ma MAR,"FW,MF",Osasuna,21-074,2001,7.6,178,261,68.2,2470,629,110,135,81.5,52,74,70.3,10,18,55.6,2,1.3,2.3,+0.7,6,5,16,6,20,Matches
66116290,Radamel Falcao,co COL,"FW,MF",Rayo Vallecano,37-019,1986,5.4,94,126,74.6,1263,181,62,75,82.7,26,32,81.3,4,6,66.7,0,0.1,0.2,-0.1,2,7,1,0,13,Matches
72a84002,Fali,es ESP,"DF,MF",Cádiz,29-201,1993,12.2,288,372,77.4,6724,2705,69,83,83.1,152,177,85.9,65,105,61.9,0,0.2,0.1,-0.2,3,33,2,0,38,Matches
805a2a11,Mamadou Fall,sn SEN,DF,Villarreal,20-100,2002,0.3,13,16,81.3,254,64,3,3,100.0,8,9,88.9,2,3,66.7,0,0.0,0.0,0.0,0,0,1,1,1,Matches
0ba976e4,Ansu Fati,es ESP,FW,Barcelona,20-121,2002,9.6,311,366,85.0,3821,522,227,252,90.1,66,74,89.2,8,11,72.7,3,1.0,0.9,+2.0,9,11,6,0,21,Matches
89151b16,Zouhair Feddal,ma MAR,DF,Valladolid,34-059,1989,4.2,159,201,79.1,3405,1439,44,49,89.8,83,96,86.5,26,48,54.2,0,0.1,0.0,-0.1,2,6,1,0,5,Matches
bece776f,Nabil Fekir,fr FRA,MF,Betis,29-226,1993,10.7,378,484,78.1,4729,1390,226,259,87.3,90,105,85.7,18,56,32.1,2,2.6,2.4,-0.6,22,35,15,1,42,Matches
51a3c4c8,Felipe,br BRA,DF,Atlético Madrid,33-289,1989,2.2,121,132,91.7,2265,847,44,45,97.8,66,72,91.7,10,12,83.3,0,0.0,0.0,0.0,1,15,0,0,20,Matches
15d0c248,Luiz Felipe,it ITA,DF,Betis,25-344,1997,10.5,401,468,85.7,7229,2893,161,176,91.5,184,202,91.1,47,69,68.1,0,0.1,0.1,-0.1,1,17,0,0,22,Matches
8aafd64f,João Félix,pt POR,"FW,MF",Atlético Madrid,23-111,1999,7.2,171,228,75.0,2307,680,98,113,86.7,42,60,70.0,11,29,37.9,3,1.5,1.0,+1.5,10,14,10,1,27,Matches
e5d01ecf,Kiko Femenía,es ESP,DF,Villarreal,32-027,1991,9.9,511,601,85.0,8120,2285,258,278,92.8,213,241,88.4,28,54,51.9,0,0.6,0.4,-0.6,7,34,9,4,45,Matches
a01c3d54,Aitor Fernández,es ESP,GK,Osasuna,31-302,1991,12.0,288,452,63.7,10290,8723,26,27,96.3,109,115,94.8,153,308,49.7,0,0.0,0.0,0.0,0,16,0,0,1,Matches
aa677a35,Álex Fernández,es ESP,"MF,FW",Cádiz,30-137,1992,14.8,499,591,84.4,8423,2445,256,276,92.8,172,195,88.2,57,93,61.3,0,1.3,1.2,-1.3,14,46,3,2,55,Matches
f127d782,Álvaro Fernández,es ESP,GK,Espanyol,24-322,1998,11.0,232,358,64.8,9065,7578,19,19,100.0,83,85,97.6,130,252,51.6,0,0.2,0.1,-0.2,1,17,0,0,0,Matches
e08647d6,Carlos Fernández,es ESP,FW,Real Sociedad,26-283,1996,3.2,55,83,66.3,795,183,27,38,71.1,23,31,74.2,0,3,0.0,0,0.4,0.2,-0.4,5,2,2,0,8,Matches
f25b010f,Federico Fernández,ar ARG,DF,Elche,34-008,1989,1.0,8,14,57.1,204,130,1,2,50.0,5,8,62.5,2,4,50.0,0,0.0,0.0,0.0,0,0,0,0,0,Matches
b86a64b2,Joaquín Fernández,es ESP,DF,Valladolid,26-274,1996,14.6,522,632,82.6,10983,4393,151,164,92.1,282,320,88.1,79,123,64.2,0,0.1,0.1,-0.1,2,30,2,0,27,Matches
dabb2827,Fernando,es ESP,GK,Almería,32-264,1990,22.0,572,811,70.5,16745,12074,74,75,98.7,298,305,97.7,198,426,46.5,0,0.0,0.0,0.0,0,9,0,0,0,Matches
41f32541,Fernando,br BRA,"MF,DF",Sevilla,35-219,1987,12.7,639,714,89.5,11472,2833,273,294,92.9,299,320,93.4,57,79,72.2,0,0.1,0.3,-0.1,5,45,2,0,50,Matches
eb82b6f1,Fidel,es ESP,"MF,FW",Elche,33-125,1989,7.0,178,275,64.7,2630,880,106,127,83.5,45,72,62.5,17,44,38.6,1,0.7,0.6,+0.3,9,20,7,0,36,Matches
45e17712,Dimitri Foulquier,fr FRA,"DF,MF",Valencia,29-343,1993,9.4,275,406,67.7,4373,1719,140,169,82.8,112,155,72.3,16,45,35.6,1,0.7,1.0,+0.3,4,23,9,5,29,Matches
6c7762c3,Juan Foyth,ar ARG,DF,Villarreal,25-048,1998,10.0,535,616,86.9,9319,3452,244,266,91.7,239,263,90.9,45,67,67.2,0,1.1,0.9,-1.1,7,54,6,1,56,Matches
29d0f2ac,Iván Fresneda,es ESP,DF,Valladolid,18-154,2004,8.5,372,465,80.0,5934,1771,197,229,86.0,138,164,84.1,28,47,59.6,0,0.8,0.6,-0.8,10,25,6,4,32,Matches
a4b00319,Javi Galán,es ESP,DF,Celta Vigo,28-102,1994,22.1,989,1290,76.7,16568,5027,472,536,88.1,420,515,81.6,77,169,45.6,1,2.8,2.5,-1.8,32,40,29,14,68,Matches
91f7631f,Iñigo Ruiz de Galarreta,es ESP,MF,Mallorca,29-207,1993,16.5,654,786,83.2,11722,3047,299,340,87.9,267,291,91.8,68,109,62.4,0,0.7,0.9,-0.7,12,71,11,0,81,Matches
a10361d2,Aleix García,es ESP,MF,Girona,25-246,1997,22.3,1205,1446,83.3,21563,6800,580,620,93.5,408,460,88.7,165,270,61.1,5,6.1,5.8,-1.1,63,134,20,10,129,Matches
90bbd822,Álvaro García,es ESP,"FW,MF",Rayo Vallecano,30-125,1992,19.4,394,625,63.0,6129,1821,224,280,80.0,131,211,62.1,27,75,36.0,2,3.0,3.1,-1.0,30,18,28,18,43,Matches
e7f4603c,Borja García,es ESP,"FW,MF",Girona,32-119,1990,3.2,75,88,85.2,1052,288,42,45,93.3,23,27,85.2,4,7,57.1,0,0.4,0.2,-0.4,2,7,4,0,12,Matches
661e2822,Carlos García,es ESP,DF,Cádiz,22-237,2000,0.3,20,24,83.3,497,122,2,5,40.0,14,15,93.3,4,4,100.0,1,0.1,0.0,+0.9,1,0,0,0,2,Matches
240d3a0b,Dani García,es ESP,MF,Athletic Club,32-281,1990,7.4,268,344,77.9,4541,1407,129,153,84.3,107,126,84.9,26,51,51.0,1,0.1,0.2,+0.9,3,44,3,1,33,Matches
3e42f707,David García,es ESP,DF,Osasuna,29-015,1994,19.5,698,866,80.6,14382,5646,238,273,87.2,336,383,87.7,116,194,59.8,0,0.3,0.2,-0.3,4,73,3,0,66,Matches
2bed3eab,Eric García,es ESP,DF,Barcelona,22-051,2001,10.0,756,825,91.6,14710,5168,258,271,95.2,400,419,95.5,91,120,75.8,0,0.0,0.2,0.0,0,77,2,0,65,Matches
7226539b,Francisco Garcia,es ESP,DF,Rayo Vallecano,23-199,1999,22.9,1058,1330,79.5,17230,5310,521,572,91.1,443,532,83.3,68,148,45.9,2,0.9,1.0,+1.1,17,86,17,14,97,Matches
b418dbd4,Raúl García,es ESP,"FW,MF",Athletic Club,36-233,1986,6.9,124,194,63.9,1986,419,69,91,75.8,38,67,56.7,14,25,56.0,2,1.1,0.6,+0.9,6,13,5,0,22,Matches
5c96b017,Rubén García,es ESP,"MF,FW",Osasuna,29-230,1993,7.9,282,376,75.0,4689,1220,162,182,89.0,68,95,71.6,39,71,54.9,2,1.3,1.3,+0.7,16,16,8,1,31,Matches
4a633cfe,Unai García,es ESP,DF,Osasuna,31-026,1992,15.1,509,644,79.0,11067,4012,136,149,91.3,290,337,86.1,76,145,52.4,1,0.1,0.2,+0.9,3,37,2,1,41,Matches
9a26fa06,Felix Garreta,es ESP,DF,Betis,18-314,2004,1.0,34,40,85.0,709,206,11,13,84.6,16,18,88.9,7,8,87.5,0,0.0,0.0,0.0,0,2,0,0,2,Matches
475a738b,Sékou Gassama,sn SEN,FW,Valladolid,27-299,1995,0.4,7,9,77.8,87,0,5,7,71.4,2,2,100.0,0,0,,0,0.0,0.0,0.0,1,0,0,0,0,Matches
19cae58d,Gavi,es ESP,"MF,FW",Barcelona,18-208,2004,17.1,651,760,85.7,9341,1767,415,450,92.2,180,211,85.3,38,52,73.1,2,2.4,2.5,-0.4,28,63,28,3,78,Matches
63d17038,Paulo Gazzaniga,ar ARG,GK,Girona,31-058,1992,13.0,364,494,73.7,10290,7705,87,87,100.0,154,161,95.7,122,242,50.4,0,0.0,0.0,0.0,0,8,0,0,0,Matches
6652cf96,Óscar Gil,es ESP,DF,Espanyol,25-309,1997,16.5,450,581,77.5,7487,2168,201,232,86.6,196,235,83.4,35,67,52.2,1,2.5,1.5,-1.5,8,13,7,4,20,Matches
18017beb,Álvaro Giménez,es ESP,FW,Cádiz,31-286,1991,0.2,2,2,100.0,21,6,1,1,100.0,1,1,100.0,0,0,,0,0.0,0.0,0.0,0,0,0,0,1,Matches
0e5ddc7c,Dani Gómez,es ESP,"MF,FW",Espanyol,24-214,1998,0.8,9,13,69.2,134,22,6,6,100.0,3,5,60.0,0,0,,0,0.0,0.0,0.0,1,0,1,0,3,Matches
4c2e9442,Maxi Gómez,uy URU,FW,Valencia,26-199,1996,1.2,9,14,64.3,131,3,5,5,100.0,2,4,50.0,1,3,33.3,0,0.2,0.2,-0.2,2,0,0,0,0,Matches
5a626448,Moi Gómez,es ESP,"MF,FW",Osasuna,28-251,1994,20.5,941,1126,83.6,17684,4518,423,455,93.0,355,400,88.8,138,210,65.7,2,3.5,4.1,-1.5,41,118,27,9,129,Matches
6e4df551,Papu Gómez,ar ARG,"MF,FW",Sevilla,35-014,1988,7.4,337,386,87.3,5842,1809,175,185,94.6,120,139,86.3,35,47,74.5,1,0.5,1.1,+0.5,7,40,14,3,64,Matches
bc6f5f06,Sergi Gómez,es ESP,DF,Espanyol,30-338,1992,15.0,557,648,86.0,12002,4089,146,156,93.6,332,347,95.7,77,139,55.4,0,0.1,0.2,-0.1,2,29,1,0,28,Matches
4ac7608e,Diego González,es ESP,DF,Elche,28-032,1995,9.1,272,340,80.0,5733,2349,75,84,89.3,145,161,90.1,43,80,53.8,0,0.0,0.0,0.0,0,15,1,0,9,Matches
49d028db,Édgar González,es ESP,DF,Betis,25-334,1997,12.7,532,600,88.7,9657,3501,222,242,91.7,257,280,91.8,48,66,72.7,0,0.8,0.6,-0.8,2,10,0,0,23,Matches
1fc474ae,Giovanni González,uy URU,DF,Mallorca,28-162,1994,6.8,193,253,76.3,3096,1199,111,128,86.7,70,92,76.1,11,26,42.3,2,1.2,0.5,+0.8,5,12,5,3,17,Matches
2c56a792,Nicolás González,es ESP,MF,Valencia,21-057,2002,6.6,375,419,89.5,6266,1661,181,194,93.3,168,182,92.3,22,33,66.7,0,0.3,0.7,-0.3,5,62,4,0,46,Matches
56545648,Roberto González,es ESP,"FW,MF",Betis,22-054,2001,0.6,25,29,86.2,374,121,12,14,85.7,8,8,100.0,3,5,60.0,0,0.3,0.2,-0.3,3,2,0,0,2,Matches
6f5f82c0,Andoni Gorosabel,es ESP,DF,Real Sociedad,26-209,1996,8.2,398,468,85.0,6265,2212,214,233,91.8,146,169,86.4,26,39,66.7,0,0.4,0.5,-0.4,5,14,10,3,33,Matches
ee45d138,José Gragera,es ESP,"DF,MF",Espanyol,22-091,2000,1.6,71,82,86.6,1397,558,21,25,84.0,41,47,87.2,7,7,100.0,0,0.0,0.1,0.0,0,2,0,0,5,Matches
3f034750,Ivo Grbić,hr CRO,GK,Atlético Madrid,27-042,1996,2.3,41,87,47.1,1330,1018,6,7,85.7,17,17,100.0,18,63,28.6,0,0.0,0.0,0.0,0,0,0,0,0,Matches
8b298f56,Clément Grenier,fr FRA,MF,Mallorca,32-053,1991,6.8,216,298,72.5,3569,1018,111,128,86.7,70,92,76.1,25,58,43.1,0,0.7,1.0,-0.7,9,24,6,2,34,Matches
df69b544,Antoine Griezmann,fr FRA,"FW,MF",Atlético Madrid,31-345,1991,16.8,632,844,74.9,9981,2961,341,391,87.2,199,257,77.4,58,126,46.0,7,5.9,5.2,+1.1,43,57,28,8,81,Matches
ef322658,Andrés Guardado,mx MEX,"MF,FW",Betis,36-154,1986,8.7,394,473,83.3,7547,2362,177,196,90.3,160,183,87.4,54,74,73.0,1,1.1,0.9,-0.1,9,34,5,0,48,Matches
32974271,Sergi Guardiola,es ESP,FW,Valladolid,31-276,1991,5.6,74,117,63.2,948,149,47,65,72.3,18,26,69.2,3,5,60.0,0,0.1,0.2,-0.1,2,1,1,1,3,Matches
32974271,Sergi Guardiola,es ESP,FW,Cádiz,31-276,1991,1.9,36,49,73.5,407,80,24,27,88.9,8,14,57.1,1,1,100.0,0,0.1,0.1,-0.1,3,0,1,0,3,Matches
0076ab7f,Nemanja Gudelj,rs SRB,"DF,MF",Sevilla,31-105,1991,18.8,982,1065,92.2,16776,5374,421,446,94.4,486,510,95.3,55,80,68.8,0,0.2,0.4,-0.2,3,78,2,0,69,Matches
8e48dc61,Ander Guevara,es ESP,MF,Real Sociedad,25-237,1997,1.5,108,120,90.0,1663,379,58,59,98.3,43,47,91.5,4,7,57.1,0,0.7,0.3,-0.7,4,20,1,0,9,Matches
7155e3e1,Pape Gueye,sn SEN,MF,Sevilla,24-036,1999,3.9,128,156,82.1,2627,685,53,59,89.8,52,61,85.2,23,31,74.2,2,0.7,0.2,+1.3,3,17,1,0,20,Matches
f7c12fbf,Hugo Guillamón,es ESP,MF,Valencia,23-029,2000,13.9,661,804,82.2,12469,3246,280,315,88.9,256,303,84.5,104,140,74.3,4,1.5,1.4,+2.5,22,69,9,1,74,Matches
ac454a4f,Gerard Gumbau,es ESP,MF,Elche,28-073,1994,16.8,570,746,76.4,11264,3574,238,272,87.5,204,247,82.6,103,166,62.0,3,2.4,2.6,+0.6,31,57,13,4,80,Matches
6b5ea2f4,Gorka Guruzeta,es ESP,"FW,MF",Athletic Club,26-170,1996,6.6,113,153,73.9,1600,280,58,71,81.7,35,47,74.5,7,8,87.5,0,0.3,0.4,-0.3,4,6,3,0,13,Matches
0b2c8585,Raúl Guti,es ESP,MF,Elche,26-061,1996,9.3,230,283,81.3,3413,969,135,155,87.1,58,68,85.3,22,35,62.9,0,0.0,0.2,0.0,0,16,2,0,19,Matches
7e98cff1,Miguel Gutiérrez,es ESP,DF,Girona,21-217,2001,17.3,684,859,79.6,10722,3087,379,423,89.6,244,301,81.1,47,85,55.3,2,2.4,2.1,-0.4,16,51,17,10,68,Matches
8696bc90,Munir El Haddadi,ma MAR,"MF,FW",Getafe,27-181,1995,5.0,126,187,67.4,1736,450,72,91,79.1,38,49,77.6,7,20,35.0,0,0.2,0.4,-0.2,3,8,3,2,15,Matches
e0979e74,Haissem Hassan,fr FRA,MF,Villarreal,21-021,2002,0.3,11,12,91.7,230,26,5,5,100.0,4,5,80.0,2,2,100.0,0,0.0,0.0,0.0,1,3,0,0,0,Matches
a39bb753,Eden Hazard,be BEL,FW,Real Madrid,32-053,1991,1.1,62,69,89.9,737,95,41,46,89.1,11,12,91.7,3,3,100.0,0,0.1,0.2,-0.1,3,4,0,0,1,Matches
8059806f,Luiz Henrique,br BRA,FW,Betis,22-058,2001,13.9,266,357,74.5,3674,645,168,201,83.6,76,98,77.6,10,20,50.0,1,1.1,0.8,-0.1,8,9,5,2,15,Matches
555f3a0b,Mario Hermoso,es ESP,DF,Atlético Madrid,27-256,1995,8.9,436,508,85.8,9424,3642,130,141,92.2,225,240,93.8,76,113,67.3,0,0.3,0.1,-0.3,4,22,3,0,27,Matches
132ac341,Aridane Hernández,gq EQG,DF,Osasuna,33-343,1989,7.6,266,321,82.9,5326,1678,94,103,91.3,135,155,87.1,37,61,60.7,0,0.0,0.1,0.0,0,12,0,0,9,Matches
02d2c436,Luis Hernández,es ESP,DF,Cádiz,33-321,1989,21.0,662,903,73.3,14243,5824,192,213,90.1,343,408,84.1,118,258,45.7,0,0.7,0.6,-0.7,7,43,4,3,53,Matches
90162357,Mario Hernández,es ESP,"DF,FW",Rayo Vallecano,24-035,1999,0.4,8,11,72.7,143,27,4,6,66.7,2,2,100.0,2,3,66.7,0,0.0,0.0,0.0,0,0,0,0,0,Matches
436a9dd0,Ander Herrera,es ESP,MF,Athletic Club,33-199,1989,3.4,170,197,86.3,2423,679,101,113,89.4,51,56,91.1,9,15,60.0,1,0.6,0.5,+0.4,5,14,3,0,16,Matches
a4995f48,Sergio Herrera,es ESP,GK,Osasuna,29-269,1993,11.0,249,395,63.0,9099,7627,17,17,100.0,101,102,99.0,130,273,47.6,0,0.0,0.0,0.0,1,23,0,0,0,Matches
e778654a,Yangel Herrera,ve VEN,"MF,FW",Girona,25-053,1998,8.6,252,324,77.8,3847,1023,137,154,89.0,82,104,78.8,21,36,58.3,2,0.9,0.7,+1.1,9,27,7,1,39,Matches
139560df,Omar El Hilali,ma MAR,"DF,MF",Espanyol,19-170,2003,1.0,21,35,60.0,356,128,8,12,66.7,13,17,76.5,0,5,0.0,0,0.0,0.0,0.0,1,0,0,0,0,Matches
b85bf253,Martin Hongla,cm CMR,"DF,MF",Valladolid,24-350,1998,3.4,104,141,73.8,2332,705,24,27,88.9,55,64,85.9,21,42,50.0,0,0.0,0.0,0.0,0,7,0,0,7,Matches
3701906c,Pablo Ibáñez,es ESP,MF,Osasuna,24-162,1998,3.7,93,138,67.4,1585,479,47,55,85.5,34,48,70.8,10,20,50.0,1,0.6,0.1,+0.4,7,13,2,0,22,Matches
974322dc,Iglesias,es ESP,DF,Getafe,24-241,1998,15.2,392,632,62.0,7110,3045,176,216,81.5,159,234,67.9,48,141,34.0,0,0.5,0.9,-0.5,9,25,16,10,34,Matches
75645f0e,Borja Iglesias,es ESP,FW,Betis,30-043,1993,16.9,244,328,74.4,2833,367,164,205,80.0,41,58,70.7,10,12,83.3,3,2.3,1.4,+0.7,14,6,6,0,16,Matches
5ce0b5ba,Asier Illarramendi,es ESP,MF,Real Sociedad,32-358,1990,7.4,340,397,85.6,5149,1228,193,213,90.6,121,137,88.3,18,28,64.3,0,0.2,0.2,-0.2,4,35,1,0,33,Matches
8e92be30,Alexander Isak,se SWE,FW,Real Sociedad,23-161,1999,1.7,17,30,56.7,236,60,11,14,78.6,6,9,66.7,0,2,0.0,0,0.1,0.0,-0.1,2,0,1,0,3,Matches
a0b4bb3e,Isco,es ESP,"MF,FW",Sevilla,30-314,1992,8.9,346,417,83.0,5315,1337,192,211,91.0,109,124,87.9,27,50,54.0,2,1.7,1.1,+0.3,17,45,8,0,37,Matches
9c36ed83,Nicolas Jackson,sn SEN,FW,Villarreal,21-254,2001,8.8,104,145,71.7,1569,400,57,82,69.5,35,44,79.5,7,8,87.5,2,1.5,0.8,+0.5,8,13,9,0,25,Matches
4737cebe,Adnan Januzaj,be BEL,FW,Sevilla,28-024,1995,0.5,15,24,62.5,229,35,10,12,83.3,4,5,80.0,1,3,33.3,0,0.0,0.0,0.0,0,0,0,0,1,Matches
9a76c2e9,Javi,es ESP,DF,Girona,24-303,1998,5.6,287,348,82.5,4373,1876,156,180,86.7,105,121,86.8,17,25,68.0,1,0.4,0.4,+0.6,3,27,6,1,33,Matches
eeba07f8,Luis Javier Suárez,co COL,FW,Almería,25-089,1997,5.4,115,156,73.7,1688,220,73,90,81.1,28,38,73.7,8,15,53.3,1,0.7,0.4,+0.3,5,5,1,1,6,Matches
4c5b14d2,Joaquín,es ESP,"MF,FW",Betis,41-223,1981,3.0,154,188,81.9,2245,591,91,97,93.8,45,54,83.3,11,21,52.4,1,1.0,1.2,0.0,14,8,6,2,19,Matches
1bacc518,Frenkie de Jong,nl NED,MF,Barcelona,25-293,1997,17.3,1162,1300,89.4,18397,5822,637,677,94.1,417,454,91.9,81,102,79.4,1,1.9,3.3,-0.9,24,135,31,3,143,Matches
2a0c8ba4,Joan Jordán,es ESP,MF,Sevilla,28-238,1994,13.0,733,836,87.7,12591,3583,366,394,92.9,279,305,91.5,75,102,73.5,1,0.5,0.6,+0.5,7,100,4,0,89,Matches
0107757e,Filip Jörgensen,dk DEN,GK,Villarreal,20-319,2002,1.0,29,35,82.9,459,223,11,11,100.0,18,19,94.7,0,5,0.0,0,0.0,0.0,0.0,0,0,0,0,0,Matches
5b28b2f6,Josan,es ESP,"DF,MF",Elche,33-088,1989,4.9,115,159,72.3,1842,548,61,72,84.7,38,58,65.5,11,21,52.4,0,0.2,0.1,-0.2,4,8,2,0,10,Matches
d87e2cae,Willian José,br BRA,FW,Betis,31-098,1991,4.0,126,156,80.8,1686,335,77,87,88.5,34,43,79.1,7,10,70.0,0,0.1,0.2,-0.1,3,3,3,0,10,Matches
6265208f,Joselu,es ESP,FW,Espanyol,32-339,1990,19.2,282,470,60.0,4081,955,168,244,68.9,74,134,55.2,20,36,55.6,2,1.8,1.4,+0.2,13,27,6,0,45,Matches
84399660,Juanmi,es ESP,FW,Betis,29-285,1993,7.5,164,194,84.5,2172,385,104,114,91.2,43,49,87.8,6,11,54.5,0,1.0,0.8,-1.0,5,6,2,0,12,Matches
1633fc8a,Juanpe,es ESP,DF,Girona,31-305,1991,9.8,460,546,84.2,9072,3497,141,156,90.4,251,273,91.9,63,100,63.0,0,0.1,0.3,-0.1,1,22,0,0,27,Matches
360d70f8,Lago Junior,ci CIV,"FW,MF",Mallorca,32-060,1990,0.6,12,18,66.7,154,31,6,7,85.7,3,5,60.0,1,2,50.0,0,0.0,0.0,0.0,0,0,0,0,0,Matches
7111d552,Vinicius Júnior,br BRA,FW,Real Madrid,22-232,2000,21.5,600,773,77.6,7648,1474,404,457,88.4,136,170,80.0,22,44,50.0,4,5.3,4.5,-1.3,42,19,34,2,54,Matches
7d08063d,Tino Kadewere,zw ZIM,"MF,FW",Mallorca,27-055,1996,3.1,52,76,68.4,784,190,26,33,78.8,18,26,69.2,4,9,44.4,0,0.5,0.1,-0.5,1,4,0,0,2,Matches
55634fb8,Kaiky,br BRA,DF,Almería,19-048,2004,5.4,140,173,80.9,2797,1079,47,51,92.2,68,76,89.5,21,38,55.3,0,0.0,0.0,0.0,0,11,1,0,10,Matches
8455ad90,Lee Kangin,kr KOR,"MF,FW",Mallorca,22-010,2001,18.8,435,620,70.2,7482,2338,214,255,83.9,151,188,80.3,51,122,41.8,4,3.1,2.9,+0.9,34,41,21,7,58,Matches
211589b8,Jon Karrikaburu,es ESP,FW,Real Sociedad,20-163,2002,1.0,11,18,61.1,164,66,5,7,71.4,2,4,50.0,2,3,66.7,0,0.3,0.1,-0.3,1,2,1,0,4,Matches
5eebbfdf,Kenedy,br BRA,"FW,MF",Valladolid,27-021,1996,0.9,15,25,60.0,156,47,11,14,78.6,3,6,50.0,0,3,0.0,0,0.0,0.0,0.0,0,1,0,0,0,Matches
05e19d6a,Franck Kessié,ci CIV,MF,Barcelona,26-072,1996,5.8,191,219,87.2,2776,536,115,125,92.0,60,67,89.6,10,12,83.3,1,0.5,0.6,+0.5,5,11,2,0,17,Matches
e897d8ba,Kike,es ESP,FW,Osasuna,33-096,1989,7.4,107,145,73.8,1342,174,72,84,85.7,25,37,67.6,2,5,40.0,0,0.6,0.6,-0.6,7,7,6,0,12,Matches
4c3a6744,Justin Kluivert,nl NED,"FW,MF",Valencia,23-300,1999,8.8,169,244,69.3,2632,578,102,127,80.3,45,62,72.6,16,34,47.1,0,1.7,1.0,-1.7,16,12,10,4,15,Matches
55126f3b,Koke,es ESP,MF,Atlético Madrid,31-052,1992,15.2,856,1003,85.3,12987,4287,468,504,92.9,275,318,86.5,64,102,62.7,2,1.1,0.9,+0.9,18,84,12,2,101,Matches
fc076f78,Luca Koleosho,ca CAN,"FW,DF",Espanyol,18-167,2004,0.3,7,12,58.3,93,21,4,5,80.0,3,5,60.0,0,0,,0,0.0,0.0,0.0,0,0,0,0,0,Matches
cce181df,Geoffrey Kondogbia,cf CTA,MF,Atlético Madrid,30-014,1993,10.7,529,593,89.2,8348,2533,285,307,92.8,178,195,91.3,42,56,75.0,2,0.9,0.3,+1.1,5,41,3,0,40,Matches
4d1666ff,Jules Koundé,fr FRA,DF,Barcelona,24-109,1998,13.5,915,1034,88.5,15823,5238,422,461,91.5,398,428,93.0,79,107,73.8,2,1.3,1.3,+0.7,6,109,8,2,87,Matches
6ce1f46f,Toni Kroos,de GER,MF,Real Madrid,33-056,1990,14.2,1326,1459,90.9,25038,8972,554,570,97.2,561,590,95.1,180,248,72.6,2,2.5,3.0,-0.5,31,216,16,6,180,Matches
16aa3654,Takefusa Kubo,jp JPN,"FW,MF",Real Sociedad,21-270,2001,16.6,392,535,73.3,5108,1377,240,281,85.4,111,149,74.5,14,33,42.4,3,3.6,3.1,-0.6,19,20,17,3,48,Matches
60abea75,César de la Hoz,es ESP,MF,Almería,30-336,1992,11.5,291,363,80.2,5490,1984,122,135,90.4,124,147,84.4,39,61,63.9,0,0.9,0.6,-0.9,4,35,3,1,32,Matches
e9241b40,Luca de la Torre,us USA,MF,Celta Vigo,24-282,1998,6.4,198,238,83.2,2884,535,115,129,89.1,64,70,91.4,10,19,52.6,2,1.2,0.6,+0.8,10,20,5,1,26,Matches
abe66106,Érik Lamela,ar ARG,"FW,MF",Sevilla,30-362,1992,14.1,422,551,76.6,5915,1075,245,293,83.6,130,162,80.2,22,32,68.8,0,1.1,1.0,-1.1,19,24,18,1,53,Matches
e7af9060,Cyle Larin,ca CAN,FW,Valladolid,27-318,1995,2.9,28,41,68.3,374,55,13,19,68.4,8,10,80.0,2,2,100.0,0,0.3,0.0,-0.3,2,2,0,0,4,Matches
2bea832e,Latasa,es ESP,"FW,DF",Getafe,21-343,2001,1.4,22,42,52.4,357,130,9,15,60.0,10,16,62.5,1,2,50.0,0,0.0,0.1,0.0,0,3,1,0,6,Matches
8e088e04,Toni Lato,es ESP,"DF,MF",Valencia,25-100,1997,7.3,283,346,81.8,4464,1411,146,157,93.0,111,132,84.1,18,40,45.0,0,0.8,0.8,-0.8,11,26,9,2,29,Matches
86ff856b,Lázaro,br BRA,"MF,FW",Almería,20-354,2002,2.8,75,97,77.3,1072,386,45,51,88.2,17,26,65.4,7,11,63.6,0,0.2,0.2,-0.2,5,14,2,1,10,Matches
9a64e67e,Robin Le Normand,fr FRA,DF,Real Sociedad,26-110,1996,18.1,874,980,89.2,16985,5407,281,313,89.8,488,522,93.5,93,126,73.8,0,0.1,0.2,-0.1,3,51,1,0,65,Matches
2fa2a875,Benjamin Lecomte,fr FRA,GK,Espanyol,31-309,1991,10.0,179,275,65.1,6302,5234,21,21,100.0,66,67,98.5,92,184,50.0,0,0.1,0.0,-0.1,1,5,0,0,0,Matches
6c4776b1,Jeremías Ledesma,ar ARG,GK,Cádiz,30-016,1993,23.0,393,764,51.4,14857,12472,41,42,97.6,149,152,98.0,203,567,35.8,0,0.0,0.1,0.0,1,25,1,0,0,Matches
6eaed4eb,Florian Lejeune,fr FRA,DF,Rayo Vallecano,31-285,1991,19.5,774,976,79.3,18227,6912,172,199,86.4,449,491,91.4,150,263,57.0,0,0.2,0.3,-0.2,5,84,4,0,54,Matches
59b7d823,Iñigo Lekue,es ESP,DF,Athletic Club,29-301,1993,13.1,579,746,77.6,9594,3275,285,328,86.9,243,307,79.2,39,75,52.0,1,0.4,0.5,+0.6,10,53,7,5,59,Matches
4dbd0916,Thomas Lemar,fr FRA,MF,Atlético Madrid,27-109,1995,7.7,380,455,83.5,5695,1606,219,234,93.6,113,134,84.3,31,51,60.8,2,1.5,1.0,+0.5,18,39,13,5,39,Matches
0a0cc13c,Sergio León,es ESP,FW,Valladolid,34-054,1989,11.1,100,149,67.1,1518,257,53,66,80.3,32,48,66.7,6,13,46.2,1,0.7,0.5,+0.3,9,4,5,1,16,Matches
8d78e732,Robert Lewandowski,pl POL,FW,Barcelona,34-192,1988,17.6,338,443,76.3,4724,936,208,245,84.9,91,120,75.8,18,25,72.0,5,3.5,2.9,+1.5,20,29,21,2,59,Matches
ff800ed8,Pol Lirola,es ESP,DF,Elche,25-200,1997,6.3,208,288,72.2,3322,1156,114,133,85.7,70,95,73.7,14,35,40.0,0,0.7,0.6,-0.7,6,10,3,2,19,Matches
38b0cf42,Javier Llabrés,es ESP,FW,Mallorca,20-171,2002,0.2,4,4,100.0,37,12,4,4,100.0,0,0,,0,0,,0,0.0,0.0,0.0,0,0,0,0,0,Matches
02c15616,Marcos Llorente,es ESP,"MF,DF",Atlético Madrid,28-030,1995,13.6,443,558,79.4,6453,1704,247,273,90.5,143,184,77.7,25,44,56.8,0,2.4,2.2,-2.4,18,26,19,3,56,Matches
d7553721,Giovani Lo Celso,ar ARG,"MF,FW",Villarreal,26-326,1996,5.8,222,267,83.1,3483,930,118,132,89.4,80,95,84.2,17,22,77.3,0,0.2,0.4,-0.2,4,18,9,0,40,Matches
f03f284b,David López,es ESP,DF,Girona,33-143,1989,10.4,566,627,90.3,10551,3543,204,220,92.7,311,323,96.3,43,68,63.2,1,0.3,0.1,+0.7,5,38,1,0,34,Matches
73683fa9,Diego López,es ESP,GK,Rayo Vallecano,41-118,1981,1.0,22,29,75.9,462,309,7,8,87.5,11,11,100.0,4,10,40.0,0,0.0,0.0,0.0,0,0,0,0,0,Matches
88050721,Unai López,es ESP,MF,Rayo Vallecano,27-122,1995,9.7,532,660,80.6,10063,2750,225,251,89.6,204,236,86.4,88,133,66.2,2,0.8,1.1,+1.2,14,73,7,2,67,Matches
38699c72,Anthony Lozano,hn HON,FW,Cádiz,29-310,1993,13.2,156,234,66.7,1966,444,92,119,77.3,46,69,66.7,4,10,40.0,0,0.5,0.8,-0.5,7,15,5,1,25,Matches
ea610f00,Pol Lozano,es ESP,MF,Espanyol,23-146,1999,0.2,5,8,62.5,91,46,2,3,66.7,2,3,66.7,1,2,50.0,0,0.0,0.0,0.0,0,0,0,0,0,Matches
b05e2dbd,José Luis Gayà,es ESP,DF,Valencia,27-280,1995,17.1,821,1090,75.3,14140,5159,419,445,94.2,292,385,75.8,91,199,45.7,2,3.7,3.8,-1.7,38,64,24,18,75,Matches
4a478107,José Luis Morales,es ESP,"FW,MF",Villarreal,35-221,1987,9.5,123,183,67.2,1667,341,82,104,78.8,30,47,63.8,6,8,75.0,0,1.0,0.7,-1.0,6,4,6,2,10,Matches
3061e1ec,Andriy Lunin,ua UKR,GK,Real Madrid,24-018,1999,6.0,175,192,91.1,4036,2664,40,40,100.0,100,102,98.0,35,49,71.4,0,0.0,0.0,0.0,0,0,0,0,0,Matches
922da988,Awer Mabil,au AUS,"MF,FW",Cádiz,27-167,1995,1.8,34,54,63.0,422,149,22,28,78.6,6,10,60.0,2,9,22.2,0,0.0,0.0,0.0,1,4,0,0,4,Matches
ed6ea4d9,Darwin Machís,ve VEN,FW,Valladolid,30-022,1993,3.5,74,109,67.9,1455,384,32,40,80.0,26,30,86.7,14,29,48.3,1,1.9,1.5,-0.9,7,3,8,8,6,Matches
5db04597,Pablo Maffeo,es ESP,DF,Mallorca,25-232,1997,19.3,539,770,70.0,9296,3878,264,290,91.0,216,306,70.6,54,135,40.0,3,1.9,1.3,+1.1,18,35,19,14,36,Matches
01a49bd2,Lisandro Magallán,ar ARG,DF,Elche,29-155,1993,3.5,51,70,72.9,1012,476,18,21,85.7,26,27,96.3,6,19,31.6,0,0.0,0.0,0.0,0,4,0,0,5,Matches
d4808594,Jon Magunacelaya,es ESP,"MF,FW",Real Sociedad,22-231,2000,0.7,8,16,50.0,150,56,4,10,40.0,3,4,75.0,1,1,100.0,0,0.4,0.5,-0.4,2,0,0,0,0,Matches
00b28772,Nemanja Maksimović,rs SRB,MF,Getafe,28-034,1995,9.2,181,228,79.4,2845,525,86,107,80.4,74,88,84.1,11,21,52.4,0,0.2,0.3,-0.2,4,10,2,2,15,Matches
cb574619,Hugo Mallo,es ESP,DF,Celta Vigo,31-252,1991,14.4,620,801,77.4,9732,4103,313,344,91.0,249,317,78.5,37,77,48.1,0,0.9,1.0,-0.9,7,40,17,9,43,Matches
bbc19252,Mickael Malsa,mq MTQ,MF,Valladolid,27-140,1995,0.8,13,20,65.0,156,92,7,9,77.8,5,8,62.5,0,0,,0,0.0,0.0,0.0,0,3,0,0,5,Matches
d4b73232,Giorgi Mamardashvili,ge GEO,GK,Valencia,22-153,2000,23.0,498,697,71.4,13108,9397,114,114,100.0,244,247,98.8,137,329,41.6,0,0.0,0.0,0.0,0,6,0,0,1,Matches
c20bdcd7,Reinildo Mandava,mz MOZ,DF,Atlético Madrid,29-039,1994,20.6,918,1067,86.0,13160,5166,545,583,93.5,300,343,87.5,38,83,45.8,0,0.5,0.8,-0.5,9,51,7,3,71,Matches
fbd6378b,Aïssa Mandi,dz ALG,DF,Villarreal,31-130,1991,4.9,279,309,90.3,5188,1785,98,105,93.3,145,155,93.5,28,34,82.4,0,0.0,0.1,0.0,1,14,1,0,17,Matches
ae86d473,Maranhão,br BRA,"FW,MF",Valencia,26-132,1996,4.8,40,59,67.8,593,157,20,30,66.7,17,22,77.3,1,3,33.3,0,0.4,0.2,-0.4,3,4,1,0,6,Matches
133faa84,Marcão,br BRA,DF,Sevilla,26-269,1996,4.0,184,211,87.2,3043,1232,90,97,92.8,85,91,93.4,8,19,42.1,0,0.0,0.0,0.0,0,16,0,0,13,Matches
853b7c48,Agustín Marchesín,ar ARG,GK,Celta Vigo,34-350,1988,19.0,449,635,70.7,12898,9202,81,81,100.0,206,212,97.2,161,337,47.8,0,0.0,0.0,0.0,0,6,0,0,1,Matches
9f323c71,Óscar de Marcos,es ESP,DF,Athletic Club,33-321,1989,19.8,940,1208,77.8,15627,5920,484,548,88.3,371,463,80.1,71,134,53.0,4,2.6,2.7,+1.4,26,107,31,15,127,Matches
6f4c734d,José Mari,es ESP,MF,Cádiz,35-085,1987,3.6,125,152,82.2,2686,915,40,48,83.3,51,56,91.1,29,39,74.4,0,0.3,0.1,-0.3,5,26,1,0,18,Matches
f0da930c,José María Giménez,uy URU,DF,Atlético Madrid,28-040,1995,12.9,536,625,85.8,10632,3825,177,197,89.8,284,312,91.0,66,100,66.0,0,0.1,0.1,-0.1,3,31,0,0,32,Matches
5c4dc0ff,Mariano,do DOM,FW,Real Madrid,29-212,1993,0.6,12,15,80.0,178,41,10,12,83.3,1,2,50.0,1,1,100.0,0,0.4,0.6,-0.4,1,1,0,0,1,Matches
a83c19cf,Pablo Marín,es ESP,MF,Real Sociedad,19-241,2003,3.8,123,161,76.4,1750,362,76,89,85.4,34,45,75.6,9,12,75.0,0,0.8,0.4,-0.8,6,8,2,0,15,Matches
0ae4e09a,Roger Martí,es ESP,FW,Elche,32-057,1991,7.3,118,160,73.8,1447,357,72,82,87.8,22,32,68.8,7,13,53.8,1,0.7,0.4,+0.3,10,7,3,2,7,Matches
0ae4e09a,Roger Martí,es ESP,FW,Cádiz,32-057,1991,3.3,48,62,77.4,451,48,36,45,80.0,6,8,75.0,0,0,,0,0.3,0.0,-0.3,1,1,0,0,1,Matches
e1e75690,Ander Martin,es ESP,"MF,FW",Real Sociedad,22-105,2000,0.5,12,24,50.0,175,71,7,9,77.8,4,9,44.4,0,1,0.0,0,0.1,0.0,-0.1,2,2,0,0,3,Matches
2ae30661,Andrés Martín,es ESP,"FW,MF",Rayo Vallecano,23-233,1999,1.6,24,55,43.6,405,115,12,21,57.1,7,13,53.8,3,11,27.3,0,0.5,0.2,-0.5,1,1,3,2,3,Matches
ae48c5cb,Iván Martín,es ESP,MF,Girona,24-015,1999,6.6,197,241,81.7,2635,506,112,125,89.6,67,77,87.0,6,12,50.0,1,1.0,0.7,0.0,6,8,3,1,14,Matches
c3e66ffe,Arnau Martinez,es ESP,DF,Girona,19-310,2003,17.0,701,872,80.4,10338,3781,428,471,90.9,211,259,81.5,44,89,49.4,2,2.1,1.5,-0.1,23,38,16,11,61,Matches
3fc45c73,Iñigo Martínez,es ESP,DF,Athletic Club,31-288,1991,9.0,431,507,85.0,8927,3323,142,159,89.3,213,236,90.3,68,97,70.1,0,0.2,0.1,-0.2,4,38,2,0,40,Matches
937c6ae6,Roger Martínez,es ESP,DF,Espanyol,18-330,2004,0.1,5,5,100.0,104,26,2,2,100.0,2,2,100.0,1,1,100.0,0,0.0,0.0,0.0,0,1,0,0,1,Matches
11fd2b75,Omar Mascarell,es ESP,MF,Elche,30-027,1993,19.2,704,836,84.2,12763,3627,308,343,89.8,300,336,89.3,78,123,63.4,0,0.6,0.6,-0.6,11,72,1,1,80,Matches
8fae77ea,Jordi Masip,es ESP,GK,Valladolid,34-057,1989,16.9,448,622,72.0,12604,9031,59,59,100.0,241,243,99.2,144,314,45.9,0,0.0,0.0,0.0,0,7,0,0,0,Matches
02319ad7,Jaime Mata,es ESP,FW,Getafe,34-128,1988,0.5,11,15,73.3,168,14,6,7,85.7,4,6,66.7,1,1,100.0,0,0.0,0.0,0.0,0,1,0,0,1,Matches
64e8ed6d,Borja Mayoral,es ESP,FW,Getafe,25-330,1997,20.8,409,550,74.4,5738,1000,249,298,83.6,98,135,72.6,30,41,73.2,0,1.4,1.7,-1.4,11,24,11,2,33,Matches
8aae94b9,Mamadou Mbaye,sn SEN,DF,Cádiz,24-246,1998,6.0,141,194,72.7,2896,1116,52,65,80.0,69,85,81.2,20,35,57.1,0,0.1,0.1,-0.1,1,10,2,0,10,Matches
3902e91b,Gonzalo Melero,es ESP,MF,Almería,29-058,1994,12.0,386,444,86.9,6294,1555,183,204,89.7,155,173,89.6,32,40,80.0,3,1.4,0.8,+1.6,14,43,9,0,61,Matches
8f696594,Memphis,nl NED,FW,Barcelona,29-016,1994,1.3,53,66,80.3,735,209,34,38,89.5,14,16,87.5,3,7,42.9,0,0.1,0.2,-0.1,3,3,2,0,7,Matches
8f696594,Memphis,nl NED,FW,Atlético Madrid,29-016,1994,0.8,32,39,82.1,411,140,23,28,82.1,8,9,88.9,0,0,,0,0.3,0.3,-0.3,2,3,2,0,7,Matches
1545cf15,Houboulang Mendes,fr FRA,DF,Almería,24-301,1998,8.2,203,287,70.7,3047,1284,117,130,90.0,66,100,66.0,14,41,34.1,1,0.3,0.2,+0.7,4,11,4,2,14,Matches
c9e39d91,Brais Méndez,es ESP,MF,Real Sociedad,26-053,1997,18.6,721,916,78.7,11564,2868,399,451,88.5,211,266,79.3,78,131,59.5,3,2.2,2.6,+0.8,31,67,21,3,91,Matches
b151a3f2,Diego Méndez,es ESP,MF,Rayo Vallecano,19-184,2003,0.0,1,2,50.0,13,2,1,2,50.0,0,0,,0,0,,0,0.0,0.0,0.0,0,0,0,0,0,Matches
3cefcaef,Ferland Mendy,fr FRA,DF,Real Madrid,27-266,1995,12.5,648,708,91.5,8911,2253,416,438,95.0,177,199,88.9,30,33,90.9,1,0.6,0.6,+0.4,13,45,8,0,48,Matches
d080ed5e,Mikel Merino,es ESP,MF,Real Sociedad,26-252,1996,15.8,640,843,75.9,10109,3459,325,386,84.2,247,307,80.5,42,89,47.2,7,3.0,2.3,+4.0,24,96,20,3,94,Matches
7c4243d4,Roque Mesa,es ESP,MF,Valladolid,33-267,1989,12.7,539,656,82.2,10560,3139,209,245,85.3,227,254,89.4,86,124,69.4,1,0.9,0.7,+0.1,16,70,12,3,84,Matches
2784f898,Éder Militão,br BRA,DF,Real Madrid,25-042,1998,16.5,859,984,87.3,16264,5243,343,366,93.7,396,429,92.3,99,154,64.3,0,0.3,0.4,-0.3,3,62,2,0,45,Matches
19c36442,Luis Milla,es ESP,MF,Getafe,28-145,1994,13.8,563,719,78.3,10250,3445,270,301,89.7,198,244,81.1,77,134,57.5,0,0.9,1.1,-0.9,21,74,3,2,72,Matches
335039a2,Pere Milla,es ESP,"FW,MF",Elche,30-159,1992,13.4,292,413,70.7,4488,1405,157,202,77.7,91,115,79.1,27,49,55.1,1,1.1,0.9,-0.1,12,38,10,2,52,Matches
1fda2b14,Marko Milovanović,rs SRB,FW,Almería,19-209,2003,0.2,4,9,44.4,53,7,1,2,50.0,2,4,50.0,0,0,,0,0.0,0.0,0.0,0,0,0,0,1,Matches
056269d7,Óscar Mingueza,es ESP,DF,Celta Vigo,23-292,1999,12.7,636,797,79.8,10880,4537,321,352,91.2,255,301,84.7,53,113,46.9,0,1.1,1.0,-1.1,10,62,11,4,59,Matches
bbf5c11b,Rafa Mir,es ESP,FW,Sevilla,25-256,1997,9.0,109,153,71.2,1461,203,68,80,85.0,31,48,64.6,3,6,50.0,0,0.8,0.8,-0.8,6,5,0,0,7,Matches
ead61f73,Juan Miranda,es ESP,"DF,FW",Betis,23-041,2000,4.0,139,205,67.8,2150,1022,76,92,82.6,41,59,69.5,14,37,37.8,0,0.9,0.5,-0.9,7,13,7,1,20,Matches
e6777e6b,Stefan Mitrović,rs SRB,DF,Getafe,32-283,1990,11.6,291,354,82.2,6279,2776,78,91,85.7,163,183,89.1,46,70,65.7,0,0.0,0.0,0.0,0,6,0,0,11,Matches
6025fab1,Luka Modrić,hr CRO,MF,Real Madrid,37-173,1985,14.0,920,1063,86.5,14348,4453,501,537,93.3,296,338,87.6,85,124,68.5,3,3.6,2.8,-0.6,30,113,16,2,126,Matches
608f2092,Johan Mojica,co COL,DF,Villarreal,30-192,1992,6.3,285,351,81.2,4836,1191,133,144,92.4,121,136,89.0,25,41,61.0,0,0.9,0.9,-0.9,9,17,3,3,19,Matches
608f2092,Johan Mojica,co COL,"DF,MF",Elche,30-192,1992,3.0,127,178,71.3,1917,658,64,73,87.7,54,69,78.3,5,21,23.8,0,0.3,0.2,-0.3,3,5,4,1,9,Matches
23610943,Nahuel Molina,ar ARG,DF,Atlético Madrid,24-329,1998,18.3,831,1137,73.1,12856,5018,467,522,89.5,280,406,69.0,60,133,45.1,1,1.9,2.3,-0.9,21,46,30,13,69,Matches
9939e168,Jon Moncayola,es ESP,"MF,FW",Osasuna,24-292,1998,16.4,639,785,81.4,12573,4372,259,288,89.9,275,312,88.1,95,155,61.3,0,0.7,0.8,-0.7,11,96,11,4,90,Matches
8ac501f5,Monchu,es ESP,MF,Valladolid,23-169,1999,13.2,512,652,78.5,10025,2783,221,247,89.5,193,234,82.5,86,144,59.7,1,1.5,1.3,-0.5,17,58,4,2,59,Matches
28e957d7,César Montes,mx MEX,DF,Espanyol,26-005,1997,4.5,109,152,71.7,2442,781,23,26,88.5,67,80,83.8,19,44,43.2,0,0.0,0.0,0.0,0,4,0,0,6,Matches
374d5158,Gonzalo Montiel,ar ARG,DF,Sevilla,26-059,1997,9.7,409,533,76.7,6061,2181,220,251,87.6,156,200,78.0,20,47,42.6,1,1.0,1.3,0.0,11,38,7,3,32,Matches
5cec2487,Martín Montoya,es ESP,DF,Betis,31-321,1991,2.0,84,112,75.0,1223,459,46,49,93.9,27,33,81.8,5,19,26.3,0,0.3,0.3,-0.3,2,5,2,1,7,Matches
129af0db,Álvaro Morata,es ESP,FW,Atlético Madrid,30-129,1992,14.1,186,297,62.6,2507,417,117,163,71.8,46,81,56.8,13,22,59.1,1,0.8,0.5,+0.2,12,5,4,1,15,Matches
b7d7f3bf,Jon Morcillo,es ESP,"FW,MF",Athletic Club,24-167,1998,0.8,32,44,72.7,525,156,18,20,90.0,10,13,76.9,3,7,42.9,1,0.3,0.2,+0.7,4,0,3,1,2,Matches
11b9265b,Alberto Moreno,es ESP,DF,Villarreal,30-239,1992,8.3,339,423,80.1,5698,1561,153,171,89.5,159,181,87.8,18,40,45.0,0,0.8,0.5,-0.8,8,9,12,4,20,Matches
16e9d0ea,Álex Moreno,es ESP,DF,Betis,29-266,1993,15.0,525,695,75.5,7787,3493,298,332,89.8,180,247,72.9,31,69,44.9,3,1.5,1.4,+1.5,9,38,13,4,44,Matches
a21417e2,Diego Moreno,es ESP,DF,Osasuna,21-253,2001,5.9,181,277,65.3,3109,1018,73,90,81.1,86,120,71.7,18,51,35.3,0,0.1,0.2,-0.1,2,13,2,1,11,Matches
81f0781e,Gerard Moreno,es ESP,FW,Villarreal,30-328,1992,10.3,230,326,70.6,3702,956,110,146,75.3,93,123,75.6,20,24,83.3,2,2.0,1.1,0.0,15,22,15,1,45,Matches
004d185e,Tete Morente,es ESP,"MF,DF",Elche,26-087,1996,10.0,249,332,75.0,3681,1117,158,181,87.3,59,83,71.1,22,36,61.1,0,0.2,0.5,-0.2,4,19,6,3,25,Matches
f4c69aa6,Ilaix Moriba,gn GUI,MF,Valencia,20-041,2003,7.5,255,316,80.7,3986,1198,145,166,87.3,86,106,81.1,20,27,74.1,1,0.6,0.6,+0.4,7,30,6,1,44,Matches
a0255c67,Manu Morlanes,es ESP,MF,Villarreal,24-048,1999,1.8,36,46,78.3,596,151,19,21,90.5,13,15,86.7,4,7,57.1,0,0.0,0.0,0.0,0,6,0,0,6,Matches
a0255c67,Manu Morlanes,es ESP,"MF,DF",Mallorca,24-048,1999,0.3,18,21,85.7,328,72,9,10,90.0,5,7,71.4,4,4,100.0,0,0.0,0.0,0.0,0,1,1,0,1,Matches
3aa4a3be,Loren Morón,es ESP,FW,Betis,29-061,1993,0.2,3,4,75.0,29,0,3,3,100.0,0,1,0.0,0,0,,0,0.0,0.0,0.0,0,0,0,0,0,Matches
dc1ce4f5,Cristhian Mosquera,co COL,DF,Valencia,18-247,2004,1.6,53,65,81.5,828,314,29,33,87.9,20,23,87.0,4,9,44.4,0,0.0,0.0,0.0,0,0,0,0,1,Matches
5487adcd,Abdul Mumin,gh GHA,DF,Rayo Vallecano,24-268,1998,2.1,90,111,81.1,1852,450,25,30,83.3,54,58,93.1,11,23,47.8,0,0.0,0.0,0.0,1,5,0,0,4,Matches
c05dfb74,Iker Muniain,es ESP,"MF,FW",Athletic Club,30-072,1992,14.0,668,825,81.0,10551,3202,364,410,88.8,224,267,83.9,57,102,55.9,3,3.1,2.9,-0.1,34,66,18,3,115,Matches
228b0d9d,Aihen Muñoz,es ESP,DF,Real Sociedad,25-197,1997,8.7,366,456,80.3,6068,2049,169,192,88.0,173,203,85.2,22,45,48.9,0,0.3,0.5,-0.3,6,12,9,6,15,Matches
49a6ecbb,Álvaro Muñoz,uy URU,FW,Real Madrid,18-230,2004,0.2,4,6,66.7,57,22,2,2,100.0,2,4,50.0,0,0,,1,0.3,0.1,+0.7,1,0,1,0,1,Matches
175ece4c,Iker Muñoz,es ESP,MF,Osasuna,20-116,2002,0.2,8,8,100.0,132,38,4,4,100.0,2,2,100.0,1,1,100.0,0,0.0,0.0,0.0,0,1,0,0,2,Matches
44e8521b,Pablo Muñoz,es ESP,MF,Rayo Vallecano,19-178,2003,0.1,2,2,100.0,23,15,2,2,100.0,0,0,,0,0,,0,0.0,0.0,0.0,0,1,0,0,1,Matches
0cadc46d,Vedat Muriqi,xk KVX,FW,Mallorca,28-311,1994,20.3,296,513,57.7,4075,818,184,257,71.6,84,169,49.7,13,33,39.4,2,1.5,1.1,+0.5,15,25,2,0,37,Matches
b51b1b9c,Yunus Musah,us USA,MF,Valencia,20-092,2002,17.1,485,602,80.6,8275,1828,230,272,84.6,201,233,86.3,39,53,73.6,2,1.4,1.5,+0.6,12,47,7,2,71,Matches
2946f9a1,Nacho,es ESP,DF,Real Madrid,33-042,1990,8.3,491,532,92.3,7590,2556,264,280,94.3,194,206,94.2,22,30,73.3,0,0.2,0.6,-0.2,4,33,3,0,29,Matches
485e4939,Juanjo Narváez,co COL,"MF,FW",Valladolid,28-017,1995,1.6,25,36,69.4,270,31,18,22,81.8,5,7,71.4,0,1,0.0,0,0.0,0.0,0.0,0,0,0,0,0,Matches
f35430a4,Matija Nastasić,rs SRB,DF,Mallorca,29-338,1993,7.4,198,243,81.5,4204,1881,64,75,85.3,102,108,94.4,32,57,56.1,0,0.0,0.1,0.0,0,23,3,0,22,Matches
c997b942,Roberto Navarro,es ESP,"MF,FW",Real Sociedad,20-323,2002,3.8,98,134,73.1,1307,379,60,73,82.2,22,33,66.7,7,12,58.3,0,1.2,1.1,-1.2,11,8,3,0,13,Matches
3f10bd22,Jesús Navas,es ESP,"DF,FW",Sevilla,37-100,1985,13.3,687,891,77.1,12004,3244,335,370,90.5,273,346,78.9,66,115,57.4,0,2.0,2.2,-2.0,20,39,30,10,68,Matches
63b0ca6b,Álvaro Negredo,es ESP,FW,Cádiz,37-193,1985,6.2,77,129,59.7,1225,218,41,60,68.3,20,32,62.5,9,21,42.9,2,2.0,1.4,0.0,7,6,1,0,11,Matches
5853ac44,Tanguy Nianzou,fr FRA,DF,Sevilla,20-267,2002,12.1,544,621,87.6,9720,3232,202,221,91.4,307,326,94.2,31,60,51.7,0,0.0,0.1,0.0,1,49,0,0,51,Matches
c14bc029,Saúl Ñíguez,es ESP,"MF,DF",Atlético Madrid,28-100,1994,6.9,234,310,75.5,3377,758,141,165,85.5,80,104,76.9,9,20,45.0,1,0.1,0.3,+0.9,1,13,3,0,22,Matches
81d5c497,Fernando Niño,es ESP,"MF,FW",Villarreal,22-128,2000,0.2,5,5,100.0,64,0,3,3,100.0,2,2,100.0,0,0,,0,0.0,0.0,0.0,0,0,0,0,0,Matches
c487901c,Diego Noguerol,es ESP,"FW,DF",Valencia,20-292,2002,0.1,3,3,100.0,28,0,3,3,100.0,0,0,,0,0,,0,0.0,0.0,0.0,0,0,0,0,0,Matches
a6103274,Randy Ntekja,fr FRA,"FW,MF",Elche,25-085,1997,1.1,18,29,62.1,181,30,16,24,66.7,1,2,50.0,0,0,,0,0.0,0.1,0.0,1,1,0,0,1,Matches
a6103274,Randy Ntekja,fr FRA,"FW,MF",Rayo Vallecano,25-085,1997,1.3,49,65,75.4,752,155,23,31,74.2,20,21,95.2,3,6,50.0,0,0.0,0.1,0.0,1,7,1,0,6,Matches
be170419,Unai Núñez,es ESP,DF,Celta Vigo,26-030,1997,21.0,1011,1163,86.9,20650,7358,299,328,91.2,588,638,92.2,119,184,64.7,0,0.1,0.2,-0.1,3,72,0,0,80,Matches
ee8508c0,Jan Oblak,si SVN,GK,Atlético Madrid,30-053,1993,20.7,393,612,64.2,11466,8587,73,73,100.0,177,180,98.3,140,353,39.7,0,0.0,0.0,0.0,0,3,0,0,0,Matches
2e3995cd,Brian Ocampo,uy URU,"MF,FW",Cádiz,23-249,1999,12.4,274,369,74.3,3842,1055,176,206,85.4,61,86,70.9,22,41,53.7,1,1.7,1.7,-0.7,16,13,16,6,23,Matches
a08b974a,Lucas Ocampos,ar ARG,"FW,MF",Sevilla,28-233,1994,4.4,136,169,80.5,1923,338,80,93,86.0,47,58,81.0,4,6,66.7,0,0.6,0.4,-0.6,5,5,4,1,13,Matches
1d1691ad,Álvaro Odriozola,es ESP,DF,Real Madrid,27-077,1995,0.3,16,17,94.1,206,55,12,13,92.3,4,4,100.0,0,0,,0,0.1,0.1,-0.1,1,0,1,1,1,Matches
3d99999d,Olasagasti,es ESP,"MF,DF",Real Sociedad,22-197,2000,0.7,39,48,81.3,645,118,19,25,76.0,18,19,94.7,2,3,66.7,0,0.0,0.0,0.0,0,6,1,0,2,Matches
4cee5954,Lucas Olaza,uy URU,DF,Valladolid,28-223,1994,12.4,472,620,76.1,8017,3261,211,242,87.2,207,245,84.5,41,90,45.6,0,0.7,0.8,-0.7,12,23,12,6,44,Matches
a3e4bf46,Brian Oliván,es ESP,DF,Espanyol,28-334,1994,21.2,562,906,62.0,10644,5289,243,299,81.3,220,344,64.0,84,214,39.3,5,3.6,3.3,+1.4,26,58,23,18,61,Matches
5132b92c,Lucas Oliveira Rosa,br BRA,DF,Valladolid,22-332,2000,6.4,177,246,72.0,2629,901,101,113,89.4,61,86,70.9,9,25,36.0,0,0.5,0.4,-0.5,4,3,3,1,11,Matches
7c363088,Aimar Oroz,es ESP,"MF,FW",Osasuna,21-094,2001,11.8,313,402,77.9,4435,1021,197,224,87.9,86,112,76.8,16,26,61.5,1,0.7,0.8,+0.3,13,22,13,0,41,Matches
f9358b61,Pedro Ortiz,es ESP,MF,Sevilla,22-194,2000,0.0,1,1,100.0,12,0,1,1,100.0,0,0,,0,0,,0,0.0,0.0,0.0,0,0,0,0,0,Matches
8c3c640c,Mikel Oyarzabal,es ESP,"FW,MF",Real Sociedad,25-314,1997,4.7,120,150,80.0,1645,345,73,78,93.6,37,43,86.0,4,11,36.4,1,1.6,1.0,-0.6,6,8,5,1,16,Matches
9a93efc9,Cenk Özkacar,tr TUR,DF,Valencia,22-146,2000,5.7,310,367,84.5,5880,2138,121,135,89.6,159,175,90.9,29,44,65.9,0,0.1,0.2,-0.1,1,27,1,0,29,Matches
97852360,Fernando Pacheco,es ESP,GK,Almería,30-287,1992,1.0,20,31,64.5,617,423,2,2,100.0,10,11,90.9,8,17,47.1,0,0.0,0.0,0.0,0,1,0,0,0,Matches
97852360,Fernando Pacheco,es ESP,GK,Espanyol,30-287,1992,2.0,52,84,61.9,1844,1431,6,6,100.0,18,18,100.0,28,60,46.7,0,0.0,0.0,0.0,0,2,0,0,0,Matches
44150beb,Jon Pacheco,es ESP,DF,Real Sociedad,22-052,2001,7.5,454,500,90.8,8831,2590,140,147,95.2,259,270,95.9,50,70,71.4,0,0.0,0.1,0.0,0,29,0,0,25,Matches
962e54cb,Gonçalo Paciência,pt POR,"FW,MF",Celta Vigo,28-212,1994,4.5,50,87,57.5,754,174,29,42,69.0,16,25,64.0,3,8,37.5,0,0.4,0.2,-0.4,3,5,1,1,4,Matches
ac8b2421,Helibelton Palacios,co COL,DF,Elche,29-263,1993,14.9,429,571,75.1,7032,3340,221,246,89.8,160,203,78.8,37,89,41.6,0,0.8,0.9,-0.8,7,35,7,4,30,Matches
49dbab27,Isaac Palazón Camacho,es ESP,"FW,MF",Rayo Vallecano,28-064,1994,19.5,588,803,73.2,9947,2471,299,333,89.8,202,260,77.7,67,154,43.5,5,3.1,3.2,+1.9,35,43,26,3,71,Matches
b906757a,Aitor Paredes,es ESP,DF,Athletic Club,22-306,2000,2.6,109,128,85.2,2249,589,32,37,86.5,58,61,95.1,17,26,65.4,0,0.0,0.0,0.0,0,5,0,0,10,Matches
7460ca0d,Daniel Parejo,es ESP,MF,Villarreal,33-319,1989,22.5,1305,1541,84.7,24268,7925,556,595,93.4,549,615,89.3,168,267,62.9,3,2.9,3.6,+0.1,32,179,25,3,156,Matches
e2dcc60e,Moises Parra Gutierrez,es ESP,FW,Getafe,20-250,2002,0.1,3,3,100.0,29,17,3,3,100.0,0,0,,0,0,,0,0.0,0.0,0.0,0,0,0,0,0,Matches
647d39d2,Raúl Parra,es ESP,"DF,MF",Cádiz,23-095,1999,0.4,4,10,40.0,101,55,1,2,50.0,2,5,40.0,1,2,50.0,0,0.0,0.0,0.0,0,1,0,0,1,Matches
881ef58c,Javier Pastore,ar ARG,MF,Elche,33-254,1989,0.1,6,8,75.0,81,49,3,3,100.0,0,1,0.0,1,1,100.0,0,0.0,0.0,0.0,0,1,0,0,1,Matches
b7ca5c51,Gabriel Paulista,br BRA,DF,Valencia,32-095,1990,9.7,450,526,85.6,8967,3637,154,172,89.5,229,254,90.2,62,89,69.7,0,0.2,0.3,-0.2,4,40,4,0,44,Matches
63f04c6c,Alfonso Pedraza,es ESP,DF,Villarreal,26-326,1996,9.6,309,407,75.9,4737,1212,165,183,90.2,123,155,79.4,12,31,38.7,1,0.7,0.4,+0.3,7,12,9,2,18,Matches
0d9b2d31,Pedri,es ESP,MF,Barcelona,20-096,2002,18.1,1021,1170,87.3,18534,3960,479,523,91.6,384,433,88.7,140,169,82.8,0,3.4,3.8,-3.4,34,125,22,1,148,Matches
1f079188,Rubén Peña,es ESP,"DF,MF",Osasuna,31-226,1991,7.3,204,291,70.1,3249,1529,110,122,90.2,74,106,69.8,16,41,39.0,1,0.7,1.1,+0.3,8,20,8,6,31,Matches
5496cc91,Alberto Perea,es ESP,MF,Cádiz,32-072,1990,0.5,10,12,83.3,114,30,6,7,85.7,3,3,100.0,0,1,0.0,0,0.0,0.0,0.0,0,0,0,0,2,Matches
819aa8e7,Ayoze Pérez,es ESP,FW,Betis,29-215,1993,2.3,39,52,75.0,445,153,23,29,79.3,11,13,84.6,0,0,,0,0.4,0.4,-0.4,3,6,3,0,7,Matches
a8f21b9f,Carles Pérez,es ESP,"MF,FW",Celta Vigo,25-013,1998,12.4,300,356,84.3,4477,874,162,183,88.5,112,130,86.2,13,21,61.9,3,0.7,0.7,+2.3,13,22,10,1,33,Matches
3d79a68c,Francisco Perez,es ESP,"FW,DF",Valencia,20-173,2002,0.7,28,35,80.0,393,52,12,15,80.0,14,16,87.5,0,1,0.0,0,0.0,0.0,0.0,0,1,0,0,2,Matches
237a3851,Kike Pérez,es ESP,MF,Valladolid,26-015,1997,17.0,648,857,75.6,11903,3349,297,357,83.2,242,290,83.4,93,148,62.8,2,1.2,1.6,+0.8,20,76,14,4,100,Matches
a300ac7e,Lucas Pérez,es ESP,FW,Cádiz,34-172,1988,7.0,169,236,71.6,2634,646,96,106,90.6,48,63,76.2,17,48,35.4,0,0.6,1.0,-0.6,4,13,7,3,14,Matches
b7c04927,Luis Pérez,es ESP,DF,Valladolid,28-025,1995,9.8,337,440,76.6,5195,1832,190,208,91.3,111,150,74.0,24,43,55.8,1,0.5,0.5,+0.5,6,24,9,9,31,Matches
8c725b43,Germán Pezzella,ar ARG,DF,Betis,31-247,1991,16.9,748,848,88.2,14169,5373,266,279,95.3,410,437,93.8,66,116,56.9,0,0.1,0.3,-0.1,3,33,1,0,34,Matches
64ba07c0,Ronaël Pierre-Gabriel,fr FRA,DF,Espanyol,24-261,1998,0.8,25,35,71.4,473,192,9,10,90.0,13,15,86.7,3,5,60.0,0,0.0,0.0,0.0,0,1,1,1,4,Matches
540ec57b,Yeremi Pino,es ESP,"MF,FW",Villarreal,20-132,2002,14.8,328,443,74.0,4732,872,199,233,85.4,98,132,74.2,20,30,66.7,2,2.2,2.0,-0.2,16,9,10,2,32,Matches
adfc9123,Gerard Piqué,es ESP,DF,Barcelona,36-027,1987,4.3,353,385,91.7,7375,2268,102,112,91.1,193,199,97.0,56,66,84.8,0,0.0,0.1,0.0,1,47,0,0,35,Matches
7c388b20,Óscar Plano,es ESP,"FW,MF",Valladolid,32-018,1991,16.9,368,496,74.2,5564,1475,194,251,77.3,126,154,81.8,24,38,63.2,1,1.4,1.3,-0.4,12,43,16,4,54,Matches
54bcdeb0,Gonzalo Plata,ec ECU,"FW,MF",Valladolid,22-120,2000,12.7,308,396,77.8,3836,722,203,234,86.8,76,94,80.9,8,18,44.4,2,1.4,1.4,+0.6,14,12,7,2,24,Matches
ccbbe661,Ezequiel Ponce,ar ARG,"FW,MF",Elche,25-337,1997,10.2,173,233,74.2,2067,332,114,141,80.9,29,38,76.3,8,13,61.5,0,0.4,0.3,-0.4,7,18,3,0,14,Matches
8e010ff4,Francisco Portillo,es ESP,"FW,MF",Almería,32-261,1990,4.0,193,245,78.8,2892,1028,102,118,86.4,69,82,84.1,12,21,57.1,0,0.1,0.8,-0.1,2,28,10,1,41,Matches
1bda5842,Portu,es ESP,"DF,MF",Getafe,30-284,1992,10.7,291,409,71.1,4574,1627,148,171,86.5,111,150,74.0,19,44,43.2,2,0.8,1.5,+1.2,13,18,15,9,23,Matches
fc8b614b,José Pozo,es ESP,MF,Rayo Vallecano,26-351,1996,0.8,29,39,74.4,402,109,19,23,82.6,5,10,50.0,3,3,100.0,0,0.1,0.2,-0.1,2,2,2,0,5,Matches
3c16d927,Alejandro Pozo Pozo,es ESP,DF,Almería,24-007,1999,11.5,487,668,72.9,8192,3389,250,277,90.3,181,235,77.0,47,108,43.5,1,2.4,1.6,-1.4,13,25,11,8,40,Matches
d1b060e2,Abdón Prats,es ESP,"FW,MF",Mallorca,30-084,1992,2.1,37,49,75.5,562,110,16,23,69.6,12,15,80.0,4,5,80.0,0,0.1,0.0,-0.1,2,2,1,0,5,Matches
2683eda7,Javi Puado,es ESP,"FW,MF",Espanyol,24-280,1998,15.3,239,306,78.1,3452,636,130,156,83.3,75,93,80.6,13,22,59.1,1,1.4,1.2,-0.4,12,8,11,1,30,Matches
39352da2,Arnau Puigmal,es ESP,"MF,DF",Almería,22-050,2001,3.6,103,144,71.5,1522,509,64,74,86.5,33,48,68.8,6,15,40.0,0,0.2,0.1,-0.2,5,5,3,0,10,Matches
41fb0f4e,Domingos Quina,pt POR,MF,Elche,23-103,1999,3.1,122,147,83.0,2173,674,54,60,90.0,56,62,90.3,10,15,66.7,0,0.4,0.5,-0.4,3,16,4,1,17,Matches
b857bd29,Antonio Raillo,es ESP,DF,Mallorca,31-144,1991,22.0,698,817,85.4,14675,5134,170,197,86.3,443,469,94.5,81,132,61.4,1,0.5,0.3,+0.5,3,25,0,0,37,Matches
58ad9383,Predrag Rajković,rs SRB,GK,Mallorca,27-121,1995,23.0,499,783,63.7,17662,14178,60,61,98.4,190,193,98.4,244,523,46.7,0,0.1,0.1,-0.1,1,25,0,0,2,Matches
89f951b5,Ivan Rakitić,hr CRO,MF,Sevilla,34-356,1988,11.0,598,729,82.0,10214,2702,314,351,89.5,211,239,88.3,58,98,59.2,2,1.2,1.5,+0.8,15,67,14,3,83,Matches
cc9256ef,Largie Ramazani,be BEL,"FW,MF",Almería,22-002,2001,12.2,168,250,67.2,2735,733,91,122,74.6,57,76,75.0,15,26,57.7,0,0.7,1.1,-0.7,10,17,10,2,25,Matches
44e07fac,Chris Ramos,es ESP,"FW,MF",Cádiz,26-042,1997,0.6,4,13,30.8,40,0,3,6,50.0,0,3,0.0,0,0,,0,0.0,0.0,0.0,1,0,0,0,0,Matches
3423f250,Raphinha,br BRA,FW,Barcelona,26-077,1996,12.2,518,705,73.5,8851,2084,273,317,86.1,159,199,79.9,66,129,51.2,4,4.4,5.3,-0.4,29,23,44,10,62,Matches
3353737a,Sergio Reguilón,es ESP,DF,Atlético Madrid,26-075,1996,1.0,48,61,78.7,715,243,28,29,96.6,17,21,81.0,2,4,50.0,0,0.0,0.1,0.0,1,5,0,0,6,Matches
e358587b,Pepe Reina,es ESP,GK,Villarreal,40-182,1982,8.0,249,301,82.7,5812,3761,49,52,94.2,149,150,99.3,50,98,51.0,0,0.0,0.0,0.0,0,1,0,0,0,Matches
6b21b7b5,Reinier,br BRA,"MF,FW",Girona,21-041,2002,3.6,94,118,79.7,1188,321,65,73,89.0,27,33,81.8,0,2,0.0,0,0.2,0.3,-0.2,3,2,5,0,9,Matches
3376a776,Karim Rekik,nl NED,DF,Sevilla,28-089,1994,7.4,443,471,94.1,7872,2589,176,181,97.2,237,245,96.7,25,37,67.6,1,0.0,0.1,+1.0,3,33,2,1,37,Matches
374ee424,Álex Remiro,es ESP,GK,Real Sociedad,27-342,1995,23.0,600,832,72.1,18178,13600,94,95,98.9,281,287,97.9,225,443,50.8,0,0.0,0.0,0.0,0,19,0,0,1,Matches
14d5b7ac,Alejandro Revuelta Montero,es ESP,DF,Getafe,22-319,2000,0.0,0,0,,0,0,0,0,,0,0,,0,0,,0,0.0,0.0,0.0,0,0,0,0,0,Matches
b3b9b8b8,Chadi Riad,es ESP,MF,Barcelona,19-257,2003,0.0,1,1,100.0,7,5,1,1,100.0,0,0,,0,0,,0,0.0,0.0,0.0,0,0,0,0,0,Matches
ce8039aa,Nico Ribaudo,es ESP,"FW,MF",Espanyol,21-324,2001,5.3,111,147,75.5,1703,330,60,72,83.3,39,48,81.3,7,17,41.2,2,0.3,0.2,+1.7,5,11,2,0,13,Matches
d9ba39fc,Diego Rico,es ESP,DF,Real Sociedad,30-006,1993,14.3,583,776,75.1,9807,4367,295,337,87.5,240,310,77.4,39,99,39.4,0,1.1,1.4,-1.1,9,42,16,8,44,Matches
65154df0,Rodrigo Riquelme,es ESP,"MF,FW",Girona,22-333,2000,15.7,310,442,70.1,4281,1426,191,234,81.6,88,126,69.8,14,43,32.6,2,2.2,2.1,-0.2,19,30,21,5,60,Matches
335fa267,Sergi Roberto,es ESP,"DF,MF",Barcelona,31-022,1992,7.9,512,557,91.9,7607,1649,307,320,95.9,162,177,91.5,34,41,82.9,1,0.6,0.9,+0.4,4,53,6,3,59,Matches
a8981944,Lucas Robertone,ar ARG,MF,Almería,25-348,1997,18.4,603,787,76.6,10897,3798,273,311,87.8,217,257,84.4,87,167,52.1,5,4.5,3.3,+0.5,36,68,25,10,90,Matches
5f21b94c,Joel Roca,es ESP,"MF,FW",Girona,17-267,2005,0.7,23,31,74.2,347,60,16,21,76.2,5,7,71.4,2,3,66.7,0,0.0,0.0,0.0,1,0,0,0,1,Matches
37f827ec,Enzo Roco,cl CHI,DF,Elche,30-197,1992,15.4,476,584,81.5,9370,3960,151,180,83.9,256,283,90.5,60,95,63.2,0,0.0,0.3,0.0,1,32,4,0,32,Matches
85bed4ee,Rodrigo,es ESP,"FW,MF",Betis,22-289,2000,10.0,386,453,85.2,5458,1450,215,233,92.3,115,135,85.2,24,36,66.7,1,0.7,0.7,+0.3,7,27,14,2,50,Matches
8cfc2f69,Ángel Rodríguez,es ESP,"FW,MF",Mallorca,35-309,1987,2.7,37,51,72.5,490,127,20,23,87.0,8,13,61.5,3,6,50.0,0,0.0,0.0,0.0,2,4,0,0,3,Matches
19709006,Óscar Rodríguez Arnaiz,es ESP,MF,Celta Vigo,24-246,1998,14.0,618,782,79.0,10179,2955,330,368,89.7,203,249,81.5,65,122,53.3,0,1.5,1.4,-1.5,16,83,8,1,85,Matches
70f8e0bd,Dani Rodríguez,es ESP,MF,Mallorca,34-268,1988,14.8,351,440,79.8,5623,1405,191,217,88.0,110,135,81.5,34,55,61.8,3,1.3,1.0,+1.7,18,28,13,0,52,Matches
34e393f2,Guido Rodríguez,ar ARG,MF,Betis,28-323,1994,17.4,779,896,86.9,12611,4006,376,412,91.3,305,337,90.5,64,95,67.4,0,0.2,0.5,-0.2,6,70,3,0,65,Matches
8f5e92a6,Rodrygo,br BRA,FW,Real Madrid,22-051,2001,15.2,497,566,87.8,5845,1142,347,380,91.3,92,102,90.2,18,22,81.8,5,5.2,3.8,-0.2,29,33,11,2,37,Matches
2fbe6af0,Iván Romero,es ESP,MF,Sevilla,21-325,2001,0.1,1,3,33.3,12,2,1,2,50.0,0,1,0.0,0,0,,0,0.0,0.0,0.0,0,0,0,0,0,Matches
4b511457,Oriol Romeu,es ESP,MF,Girona,31-158,1991,19.0,815,941,86.6,13992,3864,369,401,92.0,331,365,90.7,81,119,68.1,0,0.6,0.9,-0.6,12,71,9,2,82,Matches
35d4f151,Rubén,es ESP,"DF,MF",Espanyol,22-025,2001,5.1,127,182,69.8,2028,647,70,81,86.4,44,65,67.7,9,25,36.0,1,0.9,0.6,+0.1,4,8,1,0,8,Matches
18b896d6,Antonio Rüdiger,de GER,DF,Real Madrid,29-363,1993,15.6,848,926,91.6,15826,5158,305,319,95.6,462,485,95.3,74,101,73.3,0,0.1,0.5,-0.1,2,48,4,0,35,Matches
a55d8df5,Aitor Ruibal,es ESP,"DF,FW",Betis,26-344,1996,10.2,384,488,78.7,6159,2186,209,233,89.7,124,162,76.5,35,59,59.3,0,1.5,0.8,-1.5,10,31,7,3,36,Matches
b3dc6eca,Víctor Ruiz,es ESP,DF,Betis,34-035,1989,5.1,182,218,83.5,3220,1479,78,88,88.6,89,96,92.7,12,29,41.4,0,0.2,0.2,-0.2,2,6,0,0,9,Matches
625c144a,Gerónimo Rulli,ar ARG,GK,Villarreal,30-285,1992,14.0,464,543,85.5,11876,7752,82,83,98.8,270,271,99.6,109,184,59.2,0,0.0,0.0,0.0,0,6,0,0,0,Matches
b75ac54b,Franco Russo,ar ARG,DF,Mallorca,28-127,1994,1.6,46,60,76.7,957,445,17,23,73.9,22,24,91.7,7,13,53.8,0,0.0,0.0,0.0,0,4,0,0,1,Matches
fbbb9269,Youssouf Sabaly,sn SEN,DF,Betis,29-361,1993,12.1,527,639,82.5,7576,3041,294,323,91.0,185,227,81.5,22,45,48.9,0,0.5,0.2,-0.5,8,35,7,1,54,Matches
686cbe7d,Umar Sadiq,ng NGA,FW,Almería,26-027,1997,2.7,22,36,61.1,254,34,11,15,73.3,8,11,72.7,0,0,,0,0.2,0.1,-0.2,3,0,1,0,2,Matches
686cbe7d,Umar Sadiq,ng NGA,FW,Real Sociedad,26-027,1997,0.9,13,13,100.0,162,35,9,9,100.0,1,1,100.0,1,1,100.0,0,0.0,0.0,0.0,0,0,0,0,1,Matches
13e0eb29,Samuel Sáiz,es ESP,MF,Girona,32-038,1991,2.7,122,162,75.3,1903,476,71,82,86.6,36,46,78.3,10,15,66.7,0,0.2,0.3,-0.2,3,13,7,2,17,Matches
405f267a,Salvi,es ESP,"FW,MF",Rayo Vallecano,31-336,1991,3.1,58,108,53.7,873,263,40,48,83.3,12,27,44.4,5,14,35.7,0,0.5,0.5,-0.5,3,3,5,2,8,Matches
2a295d33,Samuel,br BRA,"FW,MF",Valencia,23-068,1999,21.5,583,760,76.7,7926,1773,353,403,87.6,171,222,77.0,24,50,48.0,0,1.1,2.0,-1.1,17,30,20,5,64,Matches
efecd633,Fede San Emeterio,es ESP,MF,Cádiz,25-350,1997,11.3,312,393,79.4,5239,1443,157,180,87.2,120,141,85.1,26,45,57.8,0,0.0,0.1,0.0,1,27,1,0,21,Matches
bdb624a3,Oihan Sancet,es ESP,MF,Athletic Club,22-310,2000,17.5,495,597,82.9,7231,1811,288,320,90.0,161,191,84.3,27,38,71.1,0,1.8,1.3,-1.8,22,52,14,0,90,Matches
a254bbe0,Antonio Sánchez,es ESP,MF,Mallorca,26-059,1997,7.1,204,269,75.8,3646,799,95,116,81.9,77,94,81.9,25,35,71.4,0,0.5,0.5,-0.5,3,17,4,2,25,Matches
70107d4d,Iván Sánchez,es ESP,"FW,MF",Valladolid,30-159,1992,9.1,291,360,80.8,4807,1391,136,156,87.2,119,131,90.8,24,41,58.5,0,1.3,1.2,-1.3,11,27,10,5,46,Matches
60359288,Javi Sánchez,es ESP,DF,Valladolid,25-352,1997,18.4,685,830,82.5,13747,4871,229,258,88.8,352,382,92.1,93,159,58.5,0,0.0,0.4,0.0,1,40,2,0,51,Matches
ffacd3d5,Manuel Sánchez,es ESP,DF,Osasuna,22-189,2000,11.5,419,522,80.3,6055,1961,253,283,89.4,128,163,78.5,25,48,52.1,1,0.9,1.7,+0.1,11,34,15,10,51,Matches
79f2a5f5,Esteban Saveljich,me MNE,FW,Rayo Vallecano,31-285,1991,0.0,0,0,,0,0,0,0,,0,0,,0,0,,0,0.0,0.0,0.0,0,0,0,0,0,Matches
f6ac68c1,Stefan Savić,me MNE,DF,Atlético Madrid,32-052,1991,14.6,720,817,88.1,13480,5380,279,296,94.3,353,394,89.6,78,102,76.5,0,0.0,0.1,0.0,1,49,1,0,62,Matches
a45eac1f,Haris Seferović,ch SUI,"FW,MF",Celta Vigo,31-007,1992,1.7,21,37,56.8,286,55,13,21,61.9,3,8,37.5,2,3,66.7,0,0.2,0.2,-0.2,2,2,1,0,2,Matches
a62b4888,Jaime Seoane,es ESP,MF,Getafe,26-038,1997,3.3,79,99,79.8,1352,421,34,41,82.9,28,33,84.8,9,15,60.0,0,0.3,0.3,-0.3,6,7,1,0,6,Matches
e2716bd0,David Silva,es ESP,MF,Real Sociedad,37-052,1986,12.4,547,655,83.5,8658,1792,276,313,88.2,196,230,85.2,47,63,74.6,2,1.9,1.4,+0.1,14,59,20,2,97,Matches
ea83bfa6,Rui Silva,pt POR,GK,Betis,29-022,1994,18.0,424,631,67.2,13032,9903,73,74,98.6,174,179,97.2,175,374,46.8,0,0.0,0.2,0.0,0,12,1,0,0,Matches
5dcf3e90,Unai Simón,es ESP,GK,Athletic Club,25-263,1997,21.5,471,644,73.1,13100,9650,70,71,98.6,259,265,97.7,141,304,46.4,0,0.0,0.0,0.0,0,11,0,0,2,Matches
19b776e9,Rubén Sobrino,es ESP,"MF,FW",Cádiz,30-273,1992,14.3,224,301,74.4,2852,674,130,166,78.3,67,74,90.5,7,12,58.3,1,0.6,0.5,+0.4,11,13,1,1,13,Matches
5fa714d5,Alex Sola,es ESP,DF,Real Sociedad,23-265,1999,3.7,146,185,78.9,2536,625,55,63,87.3,75,87,86.2,11,24,45.8,0,0.1,0.1,-0.1,2,5,1,1,3,Matches
3ca6106c,Augusto Solari,ar ARG,"MF,FW",Celta Vigo,31-057,1992,2.2,79,99,79.8,1132,293,45,50,90.0,27,31,87.1,4,8,50.0,1,0.2,0.3,+0.8,3,6,2,0,10,Matches
fed17f5a,Carlos Soler,es ESP,MF,Valencia,26-058,1997,2.7,92,123,74.8,1388,378,52,59,88.1,23,28,82.1,9,24,37.5,0,0.2,0.2,-0.2,4,5,4,0,13,Matches
8f8c6934,David Soria,es ESP,GK,Getafe,29-331,1993,23.0,382,663,57.6,16619,14301,26,28,92.9,94,99,94.9,262,532,49.2,0,0.1,0.1,-0.1,2,22,1,0,0,Matches
3aa74860,Hugo Sotelo,es ESP,MF,Celta Vigo,19-072,2003,0.2,20,23,87.0,265,86,11,12,91.7,9,9,100.0,0,1,0.0,0,0.0,0.0,0.0,0,2,0,0,2,Matches
e4738e91,Dyego Sousa,pt POR,FW,Almería,33-168,1989,3.9,72,104,69.2,953,236,38,54,70.4,28,34,82.4,1,4,25.0,1,0.8,0.8,+0.2,6,0,4,0,10,Matches
6a8a7af8,Vinicius Souza,br BRA,MF,Espanyol,23-257,1999,20.0,531,666,79.7,9200,2371,244,280,87.1,216,257,84.0,53,84,63.1,0,0.4,0.4,-0.4,7,60,2,1,62,Matches
f553b2b3,Jørgen Strand Larsen,no NOR,FW,Celta Vigo,23-023,2000,12.7,156,228,68.4,1985,277,89,128,69.5,39,56,69.6,7,12,58.3,3,1.9,0.9,+1.1,8,7,2,0,9,Matches
220c11f1,Cristhian Stuani,uy URU,FW,Girona,36-140,1986,7.5,75,99,75.8,934,85,48,57,84.2,16,26,61.5,4,6,66.7,0,0.9,0.6,-0.9,6,4,3,0,8,Matches
ba5004e1,Damián Suárez,uy URU,DF,Getafe,34-308,1988,10.0,365,525,69.5,6291,2835,189,223,84.8,126,163,77.3,39,105,37.1,0,1.1,1.0,-1.1,15,32,11,5,46,Matches
12c50af5,Denis Suárez,es ESP,MF,Espanyol,29-054,1994,2.5,84,103,81.6,1269,331,51,56,91.1,26,31,83.9,6,14,42.9,0,0.3,0.3,-0.3,3,5,2,1,6,Matches
7106f0a0,Mario Suárez,es ESP,"DF,MF",Rayo Vallecano,36-005,1987,0.1,2,3,66.7,28,6,1,1,100.0,1,2,50.0,0,0,,0,0.0,0.0,0.0,0,0,0,0,0,Matches
4e219ad2,Suso,es ESP,"MF,FW",Sevilla,29-102,1993,4.9,223,278,80.2,3944,954,119,124,96.0,75,96,78.1,27,45,60.0,1,1.2,1.1,-0.2,10,17,13,3,39,Matches
184fe4b2,Williot Swedberg,se SWE,MF,Celta Vigo,19-028,2004,0.4,11,12,91.7,148,37,7,8,87.5,3,3,100.0,0,0,,0,0.0,0.1,0.0,0,1,1,0,3,Matches
e92cd3f7,Alexander Sørloth,no NOR,FW,Real Sociedad,27-086,1995,17.0,213,303,70.3,2664,347,137,168,81.5,57,87,65.5,5,8,62.5,1,1.3,0.8,-0.3,20,9,6,1,14,Matches
34269bdf,Renato Tapia,pe PER,"MF,DF",Celta Vigo,27-216,1995,8.8,403,467,86.3,7542,1930,165,180,91.7,178,193,92.2,54,82,65.9,0,0.7,0.4,-0.7,8,39,3,0,38,Matches
4f255115,Aurélien Tchouaméni,fr FRA,MF,Real Madrid,23-033,2000,12.4,827,890,92.9,13371,4055,417,435,95.9,343,373,92.0,48,56,85.7,2,1.3,1.2,+0.7,11,72,7,0,81,Matches
e73c9bb2,Alex Telles,br BRA,DF,Sevilla,30-076,1992,9.4,332,450,73.8,5558,2074,174,192,90.6,113,152,74.3,35,82,42.7,2,0.9,1.0,+1.1,13,25,14,10,22,Matches
6f51e382,Marc-André ter Stegen,de GER,GK,Barcelona,30-305,1992,23.0,731,867,84.3,18410,12403,139,141,98.6,376,383,98.2,213,340,62.6,0,0.1,0.0,-0.1,1,7,0,0,3,Matches
f36016a5,Ramón Terrats,es ESP,MF,Villarreal,22-134,2000,0.9,58,70,82.9,818,196,39,43,90.7,16,18,88.9,3,8,37.5,0,0.4,0.3,-0.4,2,4,3,0,10,Matches
f36016a5,Ramón Terrats,es ESP,MF,Girona,22-134,2000,2.4,77,96,80.2,1216,290,44,48,91.7,23,31,74.2,8,10,80.0,0,0.0,0.0,0.0,1,5,1,0,6,Matches
02ef8778,Raúl de Tomás,es ESP,FW,Rayo Vallecano,28-135,1994,1.5,22,29,75.9,353,47,13,16,81.3,6,7,85.7,2,3,66.7,0,0.2,0.3,-0.2,1,0,2,0,3,Matches
04e531b6,Pablo Torre,es ESP,"MF,FW",Barcelona,19-332,2003,0.3,13,17,76.5,169,58,9,11,81.8,4,4,100.0,0,2,0.0,0,0.0,0.1,0.0,0,2,1,0,3,Matches
381dbcfc,David Torres,es ESP,DF,Valladolid,19-361,2003,1.1,59,78,75.6,962,239,28,31,90.3,28,32,87.5,3,8,37.5,0,0.0,0.0,0.0,1,5,0,0,4,Matches
9e1035f8,Ferrán Torres,es ESP,FW,Barcelona,23-000,2000,9.3,271,355,76.3,4170,950,156,177,88.1,88,113,77.9,22,40,55.0,0,2.8,3.1,-2.8,17,7,20,9,29,Matches
58a9a4d9,Óliver Torres,es ESP,"MF,FW",Sevilla,28-111,1994,17.6,666,851,78.3,11284,2829,358,410,87.3,207,261,79.3,78,118,66.1,1,2.5,2.7,-1.5,26,78,19,6,108,Matches
532e1e4f,Pau Torres,es ESP,DF,Villarreal,26-044,1997,20.0,1070,1253,85.4,22112,7447,336,368,91.3,559,610,91.6,164,243,67.5,0,0.6,0.6,-0.6,10,116,6,0,123,Matches
d733aa38,Roberto Torres,es ESP,"FW,MF",Osasuna,33-359,1989,0.1,12,13,92.3,223,50,5,5,100.0,2,3,66.7,3,3,100.0,0,0.3,0.2,-0.3,2,0,0,0,0,Matches
0e4fef6e,Lucas Torró,es ESP,MF,Osasuna,28-225,1994,18.4,626,761,82.3,9776,2643,332,380,87.4,236,276,85.5,38,64,59.4,0,0.1,0.3,-0.1,5,54,0,0,68,Matches
e96b2583,Nabil Touaizi,ma MAR,MF,Espanyol,22-028,2001,0.0,1,1,100.0,17,0,0,0,,1,1,100.0,0,0,,0,0.0,0.0,0.0,0,0,0,0,1,Matches
fc647b34,Óscar Trejo,ar ARG,"MF,FW",Rayo Vallecano,34-309,1988,15.1,519,646,80.3,7182,1918,316,352,89.8,151,186,81.2,26,50,52.0,3,2.0,1.7,+1.0,27,68,14,2,77,Matches
963829d0,Manu Trigueros,es ESP,"MF,FW",Villarreal,31-135,1991,4.5,228,255,89.4,3344,814,133,141,94.3,84,97,86.6,7,10,70.0,0,0.1,0.3,-0.1,2,22,5,0,38,Matches
f7e87032,Viktor Tsyhankov,ua UKR,MF,Girona,25-106,1997,2.0,50,70,71.4,648,144,28,34,82.4,12,17,70.6,3,3,100.0,2,0.3,0.2,+1.7,4,0,1,0,8,Matches
068f4dec,Beñat Turrientes,es ESP,"MF,FW",Real Sociedad,21-029,2002,1.2,40,47,85.1,707,113,20,23,87.0,14,14,100.0,5,9,55.6,0,0.2,0.0,-0.2,2,3,0,0,2,Matches
f8eca1b6,Enes Ünal,tr TUR,FW,Getafe,25-295,1997,22.2,309,494,62.6,3694,767,202,277,72.9,67,131,51.1,10,20,50.0,3,2.1,1.0,+0.9,19,25,10,2,28,Matches
2dd7e29d,Oscar Ureña,es ESP,MF,Girona,20-059,2003,1.1,15,22,68.2,192,19,7,10,70.0,6,6,100.0,0,2,0.0,0,0.0,0.0,0.0,0,1,0,0,1,Matches
592f3158,Óscar Valentín,es ESP,MF,Rayo Vallecano,28-193,1994,16.3,604,733,82.4,11051,3665,271,310,87.4,247,286,86.4,76,113,67.3,0,0.8,1.0,-0.8,14,103,3,1,91,Matches
4acd733a,Valery,es ESP,"MF,DF",Girona,23-098,1999,6.6,190,217,87.6,2726,599,114,122,93.4,53,61,86.9,13,15,86.7,2,1.0,0.5,+1.0,15,7,7,2,13,Matches
0a69de7b,Enrique Valiente,es ESP,DF,Sevilla,20-312,2002,4.1,177,211,83.9,3258,1273,69,74,93.2,89,100,89.0,18,32,56.3,1,0.2,0.0,+0.8,1,9,1,0,14,Matches
f2c6ac01,Martin Valjent,sk SVK,DF,Mallorca,27-080,1995,18.5,609,756,80.6,11686,4822,242,266,91.0,284,323,87.9,77,145,53.1,0,0.1,0.1,-0.1,2,40,2,1,36,Matches
0bc4e720,Manu Vallejo,es ESP,"FW,MF",Girona,26-015,1997,2.3,68,89,76.4,1029,232,41,50,82.0,22,29,75.9,4,5,80.0,1,0.3,0.3,+0.7,3,8,3,1,10,Matches
0959c2a2,Federico Valverde,uy URU,"FW,MF",Real Madrid,24-222,1998,19.7,982,1126,87.2,14694,2883,582,620,93.9,295,342,86.3,73,100,73.0,2,4.1,3.3,-2.1,32,76,32,5,102,Matches
106c142c,Jesus Vazquez,es ESP,"DF,MF",Valencia,20-058,2003,2.1,83,105,79.0,1031,397,63,69,91.3,18,27,66.7,1,5,20.0,0,0.1,0.3,-0.1,1,5,0,0,8,Matches
ee923664,Kevin Vázquez,es ESP,"MF,DF",Celta Vigo,29-343,1993,1.0,43,53,81.1,743,324,22,26,84.6,14,17,82.4,4,6,66.7,0,0.1,0.1,-0.1,2,7,3,2,5,Matches
fd51b456,Lucas Vázquez,es ESP,DF,Real Madrid,31-243,1991,4.8,311,356,87.4,4682,1047,177,190,93.2,107,123,87.0,18,26,69.2,0,0.8,1.0,-0.8,9,12,14,3,22,Matches
35a6e5c7,Gabriel Veiga,es ESP,MF,Celta Vigo,20-278,2002,14.3,368,477,77.1,5870,1853,189,226,83.6,130,172,75.6,33,47,70.2,3,1.4,1.7,+1.6,15,48,16,2,64,Matches
4112ace5,Unai Vencedor Paris,es ESP,MF,Athletic Club,22-106,2000,1.6,81,91,89.0,1556,418,37,39,94.9,27,31,87.1,15,17,88.2,0,0.0,0.0,0.0,1,11,0,0,11,Matches
1c2c55fc,Gonzalo Verdú,es ESP,DF,Elche,34-131,1988,5.2,169,210,80.5,3653,1354,35,41,85.4,114,120,95.0,19,45,42.2,0,0.0,0.0,0.0,0,5,0,0,6,Matches
b0fce72c,Mikel Vesga,es ESP,MF,Athletic Club,29-284,1993,18.5,831,1007,82.5,15146,4754,371,435,85.3,333,380,87.6,107,140,76.4,2,1.1,1.3,+0.9,16,135,15,3,139,Matches
04965583,Aleix Vidal,es ESP,"MF,FW",Espanyol,33-192,1989,9.7,197,276,71.4,3393,828,107,130,82.3,66,93,71.0,22,33,66.7,1,1.5,0.9,-0.5,10,14,7,2,18,Matches
3a9c4b7b,Nacho Vidal,es ESP,DF,Osasuna,28-036,1995,9.9,354,459,77.1,5686,2416,180,202,89.1,138,168,82.1,26,62,41.9,0,0.6,0.5,-0.6,3,21,5,2,31,Matches
636eae97,Toni Villa,es ESP,MF,Valladolid,28-053,1995,1.0,20,32,62.5,258,109,13,16,81.3,5,8,62.5,1,3,33.3,0,0.0,0.0,0.0,1,2,0,0,4,Matches
636eae97,Toni Villa,es ESP,"MF,FW",Girona,28-053,1995,7.3,186,244,76.2,2560,899,113,129,87.6,54,73,74.0,8,17,47.1,2,1.1,0.9,+0.9,10,13,6,4,31,Matches
57be54ec,Asier Villalibre,es ESP,FW,Athletic Club,25-152,1997,1.1,11,18,61.1,163,39,6,9,66.7,5,6,83.3,0,0,,0,0.2,0.0,-0.2,2,1,1,0,2,Matches
bdc74a8f,Gonzalo Villar,es ESP,MF,Getafe,24-343,1998,2.3,99,120,82.5,1560,396,52,58,89.7,33,40,82.5,9,12,75.0,0,0.1,0.1,-0.1,1,11,3,0,12,Matches
cde52ef5,Iván Villar,es ESP,GK,Celta Vigo,25-235,1997,4.0,73,121,60.3,2224,1599,11,12,91.7,37,39,94.9,25,68,36.8,0,0.0,0.0,0.0,1,2,0,0,0,Matches
ab7bf91d,Daniel Vivian,es ESP,DF,Athletic Club,23-229,1999,15.1,624,771,80.9,13231,4951,179,201,89.1,347,385,90.1,96,159,60.4,0,0.0,0.2,0.0,1,58,1,0,66,Matches
379dc075,Shon Weissman,il ISR,FW,Valladolid,27-015,1996,8.3,70,91,76.9,749,113,52,61,85.2,12,16,75.0,1,3,33.3,0,0.2,0.4,-0.2,3,3,0,0,4,Matches
6a99e0b1,Iñaki Williams,gh GHA,FW,Athletic Club,28-259,1994,18.5,274,430,63.7,3717,802,163,211,77.3,79,131,60.3,14,31,45.2,2,2.1,1.9,-0.1,18,16,12,3,31,Matches
afdc14d7,Nico Williams,es ESP,"FW,MF",Athletic Club,20-232,2002,19.2,414,609,68.0,5930,1378,246,283,86.9,132,192,68.8,23,53,43.4,4,3.2,2.4,+0.8,27,17,26,8,53,Matches
5dfc6ad5,Axel Witsel,be BEL,"DF,MF",Atlético Madrid,34-048,1989,14.3,724,778,93.1,11938,3914,326,340,95.9,348,368,94.6,32,44,72.7,0,0.3,0.4,-0.3,3,46,1,0,46,Matches
f6f6b6e8,Jawad El Yamiq,ma MAR,DF,Valladolid,31-000,1992,8.2,359,429,83.7,6872,2492,144,162,88.9,166,187,88.8,43,66,65.2,0,0.1,0.2,-0.1,1,14,1,0,19,Matches
5ca20b7a,Joseba Zaldúa,es ESP,DF,Cádiz,30-250,1992,7.1,190,277,68.6,3001,1133,104,119,87.4,68,100,68.0,15,42,35.7,1,0.0,0.2,+1.0,2,11,2,2,13,Matches
968a1c2f,Oier Zarraga,es ESP,"MF,FW",Athletic Club,24-056,1999,5.6,173,229,75.5,2707,681,91,107,85.0,68,89,76.4,9,15,60.0,0,0.4,0.5,-0.4,8,21,5,3,21,Matches
5c7845f6,Igor Zubeldia,es ESP,DF,Real Sociedad,25-336,1997,17.0,804,928,86.6,15749,5584,256,286,89.5,467,501,93.2,78,128,60.9,1,0.4,0.3,+0.6,2,41,4,1,64,Matches
3ee0dd59,Martín Zubimendi,es ESP,MF,Real Sociedad,24-027,1999,20.8,950,1125,84.4,16475,5414,428,479,89.4,440,489,90.0,68,112,60.7,2,1.0,1.3,+1.0,10,109,12,0,117,Matches
