id,Tkl,TklW,Def 3rd,Mid 3rd,Att 3rd,Tkl.1,Att,Lost,Blocks,Sh,Pass,Int,Tkl+Int,Clr,Err
1339039e,1.0,1,0.0,0.0,1.0,0.0,2.0,2.0,0.0,0.0,0.0,2,3.0,1.0,0.0
8f5cdf66,4.0,3,3.0,1.0,0.0,2.0,4.0,2.0,1.0,0.0,1.0,0,4.0,1.0,0.0
f417a1fa,9.0,6,6.0,1.0,2.0,3.0,8.0,5.0,7.0,2.0,5.0,3,12.0,0.0,0.0
b96b595c,4.0,2,4.0,0.0,0.0,2.0,3.0,1.0,3.0,1.0,2.0,4,8.0,16.0,0.0
81442ecb,9.0,5,7.0,2.0,0.0,8.0,9.0,1.0,0.0,0.0,0.0,2,11.0,3.0,0.0
82e12fe7,9.0,8,4.0,2.0,3.0,1.0,3.0,2.0,5.0,1.0,4.0,1,10.0,0.0,0.0
65d62814,0.0,0,0.0,0.0,0.0,0.0,0.0,0.0,0.0,0.0,0.0,0,0.0,4.0,1.0
ee926a02,16.0,11,10.0,6.0,0.0,7.0,13.0,6.0,5.0,3.0,2.0,3,19.0,3.0,0.0
501055d8,1.0,1,0.0,0.0,1.0,1.0,3.0,2.0,3.0,0.0,3.0,2,3.0,1.0,0.0
dcfb17f4,3.0,1,1.0,2.0,0.0,0.0,1.0,1.0,6.0,0.0,6.0,0,3.0,0.0,0.0
89ac64a6,12.0,6,5.0,7.0,0.0,4.0,7.0,3.0,7.0,2.0,5.0,2,14.0,9.0,0.0
eaeca114,6.0,3,2.0,3.0,1.0,0.0,1.0,1.0,1.0,0.0,1.0,4,10.0,3.0,0.0
05439de2,6.0,2,0.0,5.0,1.0,4.0,5.0,1.0,6.0,5.0,1.0,1,7.0,7.0,0.0
834d0be5,0.0,0,0.0,0.0,0.0,0.0,0.0,0.0,0.0,0.0,0.0,0,0.0,0.0,0.0
4601e194,0.0,0,0.0,0.0,0.0,0.0,1.0,1.0,3.0,2.0,1.0,0,0.0,1.0,0.0
77e84962,15.0,8,5.0,6.0,4.0,5.0,9.0,4.0,4.0,0.0,4.0,7,22.0,0.0,0.0
cd1acf9d,18.0,12,10.0,7.0,1.0,15.0,23.0,8.0,4.0,1.0,3.0,4,22.0,2.0,0.0
4288f249,1.0,1,0.0,1.0,0.0,0.0,0.0,0.0,2.0,2.0,0.0,0,1.0,2.0,0.0
00f518d8,2.0,2,2.0,0.0,0.0,0.0,1.0,1.0,2.0,0.0,2.0,1,3.0,0.0,0.0
7a2e46a8,0.0,0,0.0,0.0,0.0,0.0,2.0,2.0,0.0,0.0,0.0,0,0.0,1.0,1.0
f4290206,5.0,2,3.0,1.0,1.0,3.0,6.0,3.0,7.0,4.0,3.0,6,11.0,18.0,0.0
8ce30c57,0.0,0,0.0,0.0,0.0,0.0,0.0,0.0,1.0,1.0,0.0,2,2.0,1.0,0.0
8b3ab7ad,15.0,8,6.0,8.0,1.0,8.0,12.0,4.0,5.0,1.0,4.0,11,26.0,18.0,0.0
15ab5a2b,3.0,2,0.0,1.0,2.0,0.0,3.0,3.0,1.0,0.0,1.0,2,5.0,1.0,0.0
555d5edd,3.0,2,1.0,0.0,2.0,2.0,4.0,2.0,0.0,0.0,0.0,2,5.0,1.0,0.0
e0b113a7,10.0,7,3.0,6.0,1.0,5.0,6.0,1.0,13.0,7.0,6.0,5,15.0,10.0,0.0
df525574,0.0,0,0.0,0.0,0.0,0.0,0.0,0.0,0.0,0.0,0.0,0,0.0,0.0,0.0
a2ea941d,2.0,2,1.0,0.0,1.0,1.0,1.0,0.0,1.0,0.0,1.0,1,3.0,0.0,0.0
56413b1f,4.0,2,1.0,1.0,2.0,1.0,2.0,1.0,3.0,2.0,1.0,2,6.0,3.0,0.0
353eb529,0.0,0,0.0,0.0,0.0,0.0,0.0,0.0,0.0,0.0,0.0,0,0.0,0.0,0.0
2bef2bca,1.0,0,1.0,0.0,0.0,0.0,0.0,0.0,2.0,1.0,1.0,0,1.0,0.0,0.0
b1313ec4,4.0,1,0.0,4.0,0.0,1.0,6.0,5.0,4.0,1.0,3.0,1,5.0,1.0,0.0
e2ae54db,5.0,3,2.0,2.0,1.0,1.0,2.0,1.0,1.0,0.0,1.0,0,5.0,1.0,0.0
28d596a0,0.0,0,0.0,0.0,0.0,0.0,1.0,1.0,0.0,0.0,0.0,1,1.0,1.0,0.0
184ad240,2.0,2,1.0,1.0,0.0,0.0,0.0,0.0,2.0,0.0,2.0,0,2.0,2.0,0.0
45af8a54,1.0,0,0.0,1.0,0.0,1.0,2.0,1.0,3.0,0.0,3.0,4,5.0,2.0,0.0
0fdcef0e,4.0,1,2.0,1.0,1.0,2.0,2.0,0.0,0.0,0.0,0.0,2,6.0,5.0,0.0
92fffd91,7.0,3,2.0,3.0,2.0,2.0,9.0,7.0,2.0,0.0,2.0,3,10.0,1.0,0.0
d5dd5f1f,0.0,0,0.0,0.0,0.0,0.0,1.0,1.0,4.0,0.0,4.0,0,0.0,3.0,0.0
32feb0cf,1.0,0,0.0,0.0,1.0,0.0,0.0,0.0,0.0,0.0,0.0,0,1.0,0.0,0.0
f0677ed7,11.0,7,4.0,5.0,2.0,4.0,7.0,3.0,6.0,2.0,4.0,3,14.0,5.0,0.0
10549b49,0.0,0,0.0,0.0,0.0,0.0,0.0,0.0,0.0,0.0,0.0,0,0.0,0.0,0.0
53cad200,7.0,5,5.0,1.0,1.0,5.0,5.0,0.0,5.0,0.0,5.0,3,10.0,6.0,1.0
ca002b1a,2.0,0,1.0,1.0,0.0,0.0,1.0,1.0,0.0,0.0,0.0,0,2.0,1.0,0.0
78f21137,12.0,8,8.0,4.0,0.0,5.0,11.0,6.0,12.0,3.0,9.0,15,27.0,10.0,0.0
a1232f4e,6.0,5,2.0,4.0,0.0,4.0,5.0,1.0,4.0,4.0,0.0,15,21.0,8.0,0.0
32e8417f,6.0,4,1.0,3.0,2.0,5.0,6.0,1.0,0.0,0.0,0.0,1,7.0,0.0,0.0
a8567629,9.0,5,2.0,3.0,4.0,7.0,8.0,1.0,6.0,0.0,6.0,4,13.0,5.0,0.0
5ccc9672,0.0,0,0.0,0.0,0.0,0.0,1.0,1.0,2.0,0.0,2.0,0,0.0,1.0,0.0
7c3ed041,11.0,6,3.0,7.0,1.0,3.0,11.0,8.0,5.0,4.0,1.0,13,24.0,12.0,1.0
f449640d,2.0,2,1.0,1.0,0.0,1.0,2.0,1.0,4.0,2.0,2.0,5,7.0,1.0,0.0
6f1d7aa8,2.0,1,0.0,2.0,0.0,1.0,1.0,0.0,0.0,0.0,0.0,0,2.0,0.0,0.0
88ce7ddc,0.0,0,0.0,0.0,0.0,0.0,0.0,0.0,0.0,0.0,0.0,0,0.0,1.0,0.0
6928979a,10.0,6,5.0,5.0,0.0,3.0,9.0,6.0,8.0,0.0,8.0,2,12.0,6.0,0.0
712dd708,9.0,3,4.0,4.0,1.0,4.0,8.0,4.0,11.0,7.0,4.0,3,12.0,5.0,0.0
6caffe81,0.0,0,0.0,0.0,0.0,0.0,0.0,0.0,0.0,0.0,0.0,0,0.0,0.0,0.0
45736cec,0.0,0,0.0,0.0,0.0,0.0,0.0,0.0,0.0,0.0,0.0,0,0.0,0.0,0.0
a36524bf,14.0,9,8.0,4.0,2.0,7.0,11.0,4.0,9.0,4.0,5.0,7,21.0,23.0,0.0
29b7b767,0.0,0,0.0,0.0,0.0,0.0,2.0,2.0,0.0,0.0,0.0,0,0.0,0.0,0.0
75b86fb3,10.0,4,9.0,0.0,1.0,5.0,7.0,2.0,7.0,4.0,3.0,6,16.0,15.0,0.0
37d39918,8.0,1,7.0,1.0,0.0,3.0,5.0,2.0,3.0,1.0,2.0,10,18.0,14.0,0.0
d1eda5f0,3.0,1,2.0,0.0,1.0,2.0,2.0,0.0,1.0,0.0,1.0,0,3.0,0.0,0.0
e3756e72,1.0,1,1.0,0.0,0.0,0.0,2.0,2.0,2.0,0.0,2.0,0,1.0,2.0,0.0
f874dd44,4.0,3,1.0,2.0,1.0,2.0,3.0,1.0,3.0,2.0,1.0,1,5.0,1.0,0.0
57d88cf9,11.0,6,5.0,3.0,3.0,6.0,12.0,6.0,17.0,4.0,13.0,11,22.0,5.0,0.0
db092d3b,22.0,11,10.0,8.0,4.0,5.0,8.0,3.0,3.0,0.0,3.0,6,28.0,2.0,0.0
3b8674e6,12.0,7,4.0,7.0,1.0,6.0,8.0,2.0,5.0,2.0,3.0,5,17.0,4.0,0.0
70d74ece,1.0,1,1.0,0.0,0.0,0.0,1.0,1.0,2.0,0.0,2.0,0,1.0,2.0,0.0
713c144a,13.0,9,2.0,8.0,3.0,7.0,10.0,3.0,5.0,0.0,5.0,4,17.0,0.0,0.0
a29b1131,3.0,1,0.0,1.0,2.0,1.0,1.0,0.0,2.0,0.0,2.0,1,4.0,1.0,0.0
67b09a18,0.0,0,0.0,0.0,0.0,0.0,0.0,0.0,1.0,0.0,1.0,0,0.0,1.0,0.0
17370b95,10.0,6,9.0,1.0,0.0,4.0,7.0,3.0,6.0,3.0,3.0,5,15.0,16.0,1.0
433dc9a2,11.0,7,9.0,1.0,1.0,7.0,9.0,2.0,3.0,1.0,2.0,0,11.0,2.0,0.0
505486d6,15.0,6,9.0,3.0,3.0,5.0,7.0,2.0,11.0,1.0,10.0,6,21.0,14.0,0.0
d00fd50a,4.0,1,3.0,1.0,0.0,2.0,8.0,6.0,2.0,0.0,2.0,6,10.0,4.0,0.0
6c203af0,2.0,1,2.0,0.0,0.0,1.0,2.0,1.0,4.0,1.0,3.0,2,4.0,2.0,0.0
663e080e,0.0,0,0.0,0.0,0.0,0.0,0.0,0.0,0.0,0.0,0.0,0,0.0,2.0,0.0
691bef82,17.0,10,6.0,6.0,5.0,10.0,14.0,4.0,6.0,2.0,4.0,4,21.0,9.0,1.0
73b9fa8a,1.0,0,0.0,0.0,1.0,0.0,0.0,0.0,0.0,0.0,0.0,0,1.0,0.0,0.0
08fe932d,0.0,0,0.0,0.0,0.0,0.0,1.0,1.0,2.0,1.0,1.0,2,2.0,3.0,0.0
7713c72a,7.0,5,5.0,2.0,0.0,2.0,3.0,1.0,11.0,9.0,2.0,7,14.0,30.0,1.0
415568b5,14.0,4,10.0,2.0,2.0,5.0,9.0,4.0,1.0,0.0,1.0,7,21.0,6.0,0.0
52ec54d0,2.0,0,1.0,1.0,0.0,2.0,4.0,2.0,6.0,6.0,0.0,2,4.0,14.0,0.0
4d1c4a5d,1.0,0,1.0,0.0,0.0,0.0,0.0,0.0,0.0,0.0,0.0,0,1.0,0.0,0.0
c68da769,1.0,1,0.0,0.0,1.0,0.0,6.0,6.0,2.0,0.0,2.0,0,1.0,0.0,0.0
f6798fc3,0.0,0,0.0,0.0,0.0,0.0,1.0,1.0,0.0,0.0,0.0,0,0.0,3.0,2.0
7c473e12,1.0,0,1.0,0.0,0.0,1.0,1.0,0.0,1.0,1.0,0.0,7,8.0,7.0,0.0
a167537f,7.0,3,2.0,3.0,2.0,2.0,10.0,8.0,5.0,1.0,4.0,2,9.0,4.0,0.0
5fd5ed86,6.0,3,5.0,1.0,0.0,2.0,5.0,3.0,6.0,2.0,4.0,5,11.0,13.0,0.0
4c184730,0.0,0,0.0,0.0,0.0,0.0,0.0,0.0,0.0,0.0,0.0,0,0.0,0.0,0.0
97220da2,2.0,1,0.0,0.0,2.0,0.0,1.0,1.0,1.0,1.0,0.0,0,2.0,0.0,0.0
33b8d077,8.0,6,5.0,2.0,1.0,3.0,5.0,2.0,4.0,2.0,2.0,1,9.0,1.0,0.0
7b5ab7f2,0.0,0,0.0,0.0,0.0,0.0,2.0,2.0,2.0,0.0,2.0,2,2.0,0.0,0.0
3235182a,6.0,3,4.0,2.0,0.0,5.0,9.0,4.0,3.0,0.0,3.0,2,8.0,2.0,0.0
3aca6420,8.0,3,6.0,1.0,1.0,4.0,8.0,4.0,3.0,0.0,3.0,0,8.0,3.0,0.0
eaeefc50,2.0,1,2.0,0.0,0.0,1.0,1.0,0.0,0.0,0.0,0.0,0,2.0,2.0,0.0
5ab0ea87,8.0,8,1.0,6.0,1.0,4.0,7.0,3.0,2.0,0.0,2.0,4,12.0,2.0,1.0
b4705807,2.0,1,1.0,1.0,0.0,1.0,1.0,0.0,1.0,0.0,1.0,0,2.0,2.0,0.0
10745192,0.0,0,0.0,0.0,0.0,0.0,0.0,0.0,0.0,0.0,0.0,0,0.0,0.0,0.0
e34e086c,0.0,0,0.0,0.0,0.0,0.0,0.0,0.0,0.0,0.0,0.0,0,0.0,0.0,0.0
2146785a,3.0,2,3.0,0.0,0.0,1.0,2.0,1.0,3.0,1.0,2.0,1,4.0,1.0,0.0
cd0fa27b,10.0,7,3.0,4.0,3.0,6.0,13.0,7.0,3.0,1.0,2.0,5,15.0,4.0,0.0
7b9c2d84,11.0,6,7.0,3.0,1.0,3.0,8.0,5.0,8.0,0.0,8.0,2,13.0,2.0,0.0
a65ce836,14.0,10,5.0,8.0,1.0,7.0,9.0,2.0,13.0,4.0,9.0,10,24.0,4.0,1.0
bd6351cd,0.0,0,0.0,0.0,0.0,0.0,1.0,1.0,2.0,0.0,2.0,0,0.0,0.0,0.0
bd6351cd,10.0,7,3.0,5.0,2.0,4.0,8.0,4.0,3.0,0.0,3.0,3,13.0,3.0,0.0
6885cc44,8.0,4,5.0,2.0,1.0,5.0,8.0,3.0,9.0,0.0,9.0,4,12.0,9.0,0.0
707b98f1,0.0,0,0.0,0.0,0.0,0.0,1.0,1.0,0.0,0.0,0.0,0,0.0,0.0,0.0
4a5839fa,5.0,1,3.0,1.0,1.0,3.0,4.0,1.0,2.0,1.0,1.0,3,8.0,11.0,0.0
3ce20eda,5.0,2,4.0,1.0,0.0,1.0,5.0,4.0,2.0,1.0,1.0,4,9.0,16.0,0.0
2dce876a,6.0,4,5.0,0.0,1.0,3.0,7.0,4.0,7.0,4.0,3.0,3,9.0,10.0,1.0
de39485a,7.0,4,3.0,3.0,1.0,4.0,8.0,4.0,6.0,0.0,6.0,1,8.0,1.0,0.0
88ced02c,3.0,2,2.0,1.0,0.0,2.0,4.0,2.0,2.0,1.0,1.0,4,7.0,15.0,0.0
4958bfb2,9.0,4,4.0,4.0,1.0,6.0,9.0,3.0,5.0,1.0,4.0,2,11.0,12.0,0.0
966e28d0,2.0,1,0.0,2.0,0.0,0.0,4.0,4.0,3.0,1.0,2.0,0,2.0,0.0,0.0
2ef08833,0.0,0,0.0,0.0,0.0,0.0,0.0,0.0,2.0,1.0,1.0,0,0.0,1.0,0.0
c0617e2b,3.0,1,0.0,3.0,0.0,0.0,0.0,0.0,1.0,0.0,1.0,0,3.0,0.0,0.0
a33a0dc0,2.0,1,0.0,1.0,1.0,0.0,0.0,0.0,1.0,0.0,1.0,2,4.0,0.0,0.0
5515376c,4.0,4,4.0,0.0,0.0,3.0,6.0,3.0,3.0,3.0,0.0,4,8.0,12.0,0.0
b3b7f5a6,0.0,0,0.0,0.0,0.0,0.0,0.0,0.0,0.0,0.0,0.0,0,0.0,0.0,0.0
71031a25,2.0,1,0.0,2.0,0.0,0.0,3.0,3.0,5.0,0.0,5.0,1,3.0,2.0,0.0
b0f7e36c,0.0,0,0.0,0.0,0.0,0.0,0.0,0.0,2.0,0.0,2.0,0,0.0,0.0,0.0
d2424d1b,7.0,3,1.0,5.0,1.0,3.0,5.0,2.0,4.0,2.0,2.0,4,11.0,4.0,0.0
262e5a82,9.0,5,4.0,3.0,2.0,1.0,3.0,2.0,2.0,1.0,1.0,3,12.0,1.0,0.0
163bbd4a,3.0,1,0.0,0.0,3.0,1.0,3.0,2.0,4.0,0.0,4.0,1,4.0,6.0,0.0
1cb49278,4.0,1,2.0,1.0,1.0,1.0,1.0,0.0,2.0,2.0,0.0,3,7.0,4.0,0.0
b3a712de,9.0,8,7.0,1.0,1.0,4.0,6.0,2.0,4.0,2.0,2.0,9,18.0,8.0,0.0
5219ab4a,6.0,1,3.0,3.0,0.0,2.0,5.0,3.0,4.0,1.0,3.0,5,11.0,2.0,0.0
b9beb6c5,5.0,2,3.0,0.0,2.0,2.0,7.0,5.0,2.0,0.0,2.0,4,9.0,0.0,0.0
1fbbfbde,8.0,3,6.0,2.0,0.0,5.0,6.0,1.0,4.0,2.0,2.0,6,14.0,18.0,1.0
75c2e240,0.0,0,0.0,0.0,0.0,0.0,0.0,0.0,0.0,0.0,0.0,0,0.0,2.0,0.0
bfde3de5,0.0,0,0.0,0.0,0.0,0.0,3.0,3.0,0.0,0.0,0.0,1,1.0,2.0,0.0
042e8a49,9.0,7,2.0,6.0,1.0,3.0,4.0,1.0,6.0,0.0,6.0,1,10.0,0.0,0.0
5ef3d210,0.0,0,0.0,0.0,0.0,0.0,0.0,0.0,1.0,0.0,1.0,0,0.0,1.0,0.0
6fee9966,1.0,1,1.0,0.0,0.0,1.0,1.0,0.0,0.0,0.0,0.0,0,1.0,1.0,0.0
c693347d,1.0,1,0.0,1.0,0.0,0.0,0.0,0.0,3.0,0.0,3.0,0,1.0,1.0,0.0
edeb21ff,11.0,4,7.0,2.0,2.0,5.0,7.0,2.0,4.0,1.0,3.0,3,14.0,10.0,0.0
01eb744d,2.0,0,0.0,1.0,1.0,2.0,3.0,1.0,9.0,2.0,7.0,0,2.0,0.0,1.0
45b9b619,2.0,1,1.0,1.0,0.0,0.0,2.0,2.0,1.0,0.0,1.0,0,2.0,1.0,0.0
7b4c1f6e,2.0,2,1.0,1.0,0.0,1.0,1.0,0.0,0.0,0.0,0.0,1,3.0,0.0,0.0
93fffbcf,0.0,0,0.0,0.0,0.0,0.0,0.0,0.0,0.0,0.0,0.0,0,0.0,3.0,0.0
9dff291c,0.0,0,0.0,0.0,0.0,0.0,0.0,0.0,0.0,0.0,0.0,1,1.0,1.0,0.0
1840e36d,0.0,0,0.0,0.0,0.0,0.0,1.0,1.0,0.0,0.0,0.0,0,0.0,1.0,1.0
0ab1f153,12.0,7,8.0,4.0,0.0,8.0,12.0,4.0,7.0,0.0,7.0,8,20.0,4.0,0.0
1daec722,11.0,8,6.0,4.0,1.0,7.0,7.0,0.0,3.0,0.0,3.0,3,14.0,4.0,0.0
dc62b55d,2.0,1,0.0,0.0,2.0,1.0,1.0,0.0,4.0,0.0,4.0,1,3.0,0.0,0.0
44eb9093,2.0,1,0.0,2.0,0.0,1.0,3.0,2.0,1.0,1.0,0.0,2,4.0,3.0,0.0
94b2001f,7.0,2,6.0,1.0,0.0,3.0,6.0,3.0,3.0,0.0,3.0,7,14.0,11.0,0.0
f08490a6,0.0,0,0.0,0.0,0.0,0.0,0.0,0.0,0.0,0.0,0.0,0,0.0,0.0,0.0
06a1d642,2.0,1,1.0,1.0,0.0,1.0,3.0,2.0,2.0,1.0,1.0,4,6.0,0.0,0.0
96e0490d,11.0,8,9.0,2.0,0.0,3.0,7.0,4.0,2.0,1.0,1.0,5,16.0,12.0,0.0
40f65c01,3.0,2,2.0,0.0,1.0,1.0,2.0,1.0,0.0,0.0,0.0,0,3.0,0.0,0.0
d781d855,15.0,5,9.0,5.0,1.0,5.0,9.0,4.0,10.0,2.0,8.0,4,19.0,4.0,0.0
44781702,6.0,6,0.0,4.0,2.0,3.0,5.0,2.0,2.0,1.0,1.0,4,10.0,11.0,1.0
c9009a1f,3.0,1,2.0,1.0,0.0,0.0,0.0,0.0,3.0,3.0,0.0,4,7.0,13.0,0.0
cf15bbb1,5.0,4,2.0,2.0,1.0,1.0,1.0,0.0,4.0,0.0,4.0,2,7.0,3.0,0.0
e46012d4,3.0,2,1.0,2.0,0.0,1.0,2.0,1.0,2.0,0.0,2.0,0,3.0,1.0,0.0
2ef7c612,2.0,1,2.0,0.0,0.0,1.0,4.0,3.0,7.0,1.0,6.0,3,5.0,0.0,0.0
162efffd,4.0,2,1.0,1.0,2.0,1.0,3.0,2.0,7.0,0.0,7.0,3,7.0,2.0,0.0
ae4e2852,1.0,1,0.0,1.0,0.0,1.0,1.0,0.0,1.0,0.0,1.0,1,2.0,0.0,0.0
bc6e544a,19.0,11,13.0,5.0,1.0,10.0,12.0,2.0,5.0,1.0,4.0,9,28.0,19.0,1.0
fe641c1a,2.0,2,0.0,2.0,0.0,1.0,3.0,2.0,2.0,1.0,1.0,1,3.0,5.0,0.0
b19db005,11.0,7,3.0,4.0,4.0,4.0,5.0,1.0,1.0,0.0,1.0,2,13.0,0.0,0.0
54b4dc4e,7.0,5,1.0,6.0,0.0,1.0,6.0,5.0,3.0,0.0,3.0,3,10.0,1.0,0.0
5976f83e,4.0,1,2.0,1.0,1.0,2.0,4.0,2.0,3.0,1.0,2.0,1,5.0,0.0,0.0
230a2fac,12.0,7,8.0,4.0,0.0,6.0,8.0,2.0,6.0,2.0,4.0,9,21.0,19.0,0.0
19cda00b,1.0,0,0.0,0.0,1.0,0.0,0.0,0.0,0.0,0.0,0.0,0,1.0,0.0,0.0
aeed5c06,4.0,2,1.0,2.0,1.0,2.0,3.0,1.0,4.0,0.0,4.0,0,4.0,0.0,0.0
fc62f087,4.0,2,2.0,2.0,0.0,1.0,2.0,1.0,1.0,1.0,0.0,1,5.0,4.0,0.0
31c69ef1,9.0,6,4.0,5.0,0.0,3.0,5.0,2.0,5.0,1.0,4.0,4,13.0,12.0,0.0
407feb71,3.0,2,2.0,1.0,0.0,1.0,1.0,0.0,2.0,1.0,1.0,0,3.0,0.0,0.0
4a1a9578,4.0,2,2.0,0.0,2.0,2.0,3.0,1.0,3.0,1.0,2.0,0,4.0,0.0,0.0
ac861941,7.0,5,1.0,6.0,0.0,2.0,5.0,3.0,4.0,3.0,1.0,8,15.0,23.0,2.0
f179ee11,13.0,7,7.0,3.0,3.0,6.0,7.0,1.0,7.0,4.0,3.0,4,17.0,10.0,0.0
970b8574,2.0,1,1.0,1.0,0.0,1.0,2.0,1.0,4.0,2.0,2.0,5,7.0,9.0,0.0
95bb6ddc,8.0,6,3.0,5.0,0.0,2.0,5.0,3.0,0.0,0.0,0.0,1,9.0,4.0,0.0
ac295d9e,0.0,0,0.0,0.0,0.0,0.0,0.0,0.0,1.0,0.0,1.0,0,0.0,0.0,0.0
d557d734,1.0,1,1.0,0.0,0.0,1.0,1.0,0.0,2.0,0.0,2.0,2,3.0,1.0,0.0
cc83b74d,0.0,0,0.0,0.0,0.0,0.0,0.0,0.0,2.0,0.0,2.0,1,1.0,1.0,0.0
08f5afaa,0.0,0,0.0,0.0,0.0,0.0,0.0,0.0,0.0,0.0,0.0,0,0.0,6.0,1.0
1a992676,1.0,0,1.0,0.0,0.0,0.0,1.0,1.0,0.0,0.0,0.0,0,1.0,0.0,0.0
15ea94de,0.0,0,0.0,0.0,0.0,0.0,1.0,1.0,0.0,0.0,0.0,0,0.0,2.0,0.0
481c9ece,4.0,4,2.0,1.0,1.0,2.0,3.0,1.0,5.0,1.0,4.0,3,7.0,6.0,0.0
3bb7f478,2.0,1,1.0,1.0,0.0,2.0,3.0,1.0,4.0,0.0,4.0,0,2.0,10.0,0.0
3bb7b8b4,0.0,0,0.0,0.0,0.0,0.0,0.0,0.0,0.0,0.0,0.0,0,0.0,3.0,0.0
c8d1c3a5,10.0,4,6.0,3.0,1.0,7.0,11.0,4.0,3.0,1.0,2.0,2,12.0,9.0,0.0
57760e66,3.0,0,3.0,0.0,0.0,1.0,6.0,5.0,1.0,0.0,1.0,1,4.0,1.0,0.0
5b92d896,0.0,0,0.0,0.0,0.0,0.0,0.0,0.0,0.0,0.0,0.0,0,0.0,0.0,0.0
c8387671,6.0,3,2.0,4.0,0.0,3.0,4.0,1.0,8.0,0.0,8.0,3,9.0,4.0,0.0
cf007308,7.0,1,1.0,6.0,0.0,4.0,5.0,1.0,3.0,0.0,3.0,0,7.0,1.0,0.0
df8b52a5,14.0,9,3.0,4.0,7.0,5.0,12.0,7.0,4.0,0.0,4.0,3,17.0,11.0,0.0
04e17fd5,3.0,2,0.0,0.0,3.0,2.0,4.0,2.0,1.0,0.0,1.0,2,5.0,3.0,0.0
12dcbdcc,8.0,5,4.0,3.0,1.0,7.0,9.0,2.0,2.0,0.0,2.0,0,8.0,1.0,0.0
1e4319ac,2.0,2,0.0,2.0,0.0,0.0,0.0,0.0,1.0,1.0,0.0,0,2.0,0.0,0.0
577efaec,14.0,7,8.0,6.0,0.0,5.0,14.0,9.0,6.0,1.0,5.0,11,25.0,9.0,0.0
6f3cc2fe,4.0,3,0.0,3.0,1.0,1.0,4.0,3.0,3.0,1.0,2.0,1,5.0,4.0,0.0
7f3b388c,9.0,4,2.0,6.0,1.0,1.0,8.0,7.0,5.0,2.0,3.0,9,18.0,4.0,0.0
366be751,2.0,0,1.0,1.0,0.0,0.0,3.0,3.0,4.0,0.0,4.0,1,3.0,0.0,0.0
762179d9,2.0,1,1.0,1.0,0.0,1.0,4.0,3.0,3.0,0.0,3.0,7,9.0,2.0,0.0
bceda5ff,4.0,3,3.0,1.0,0.0,0.0,0.0,0.0,1.0,0.0,1.0,0,4.0,2.0,0.0
0ba976e4,1.0,1,0.0,1.0,0.0,0.0,1.0,1.0,2.0,0.0,2.0,0,1.0,0.0,0.0
51a3c4c8,4.0,4,3.0,1.0,0.0,1.0,1.0,0.0,4.0,3.0,1.0,1,5.0,5.0,1.0
8aafd64f,1.0,1,1.0,0.0,0.0,1.0,2.0,1.0,0.0,0.0,0.0,0,1.0,0.0,0.0
8aafd64f,2.0,0,0.0,1.0,1.0,1.0,1.0,0.0,1.0,0.0,1.0,0,2.0,0.0,0.0
ef491564,1.0,0,1.0,0.0,0.0,1.0,1.0,0.0,2.0,1.0,1.0,0,1.0,2.0,0.0
5ff4ab71,19.0,7,7.0,8.0,4.0,8.0,13.0,5.0,4.0,1.0,3.0,9,28.0,2.0,0.0
5ff4ab71,2.0,2,0.0,2.0,0.0,1.0,4.0,3.0,4.0,1.0,3.0,0,2.0,0.0,0.0
d9d43555,1.0,0,0.0,0.0,1.0,1.0,2.0,1.0,3.0,0.0,3.0,1,2.0,0.0,0.0
41f32541,0.0,0,0.0,0.0,0.0,0.0,1.0,1.0,0.0,0.0,0.0,1,1.0,0.0,0.0
4c370d81,7.0,2,3.0,4.0,0.0,1.0,2.0,1.0,6.0,0.0,6.0,4,11.0,2.0,0.0
ed1e53f3,2.0,1,2.0,0.0,0.0,1.0,1.0,0.0,3.0,0.0,3.0,5,7.0,0.0,0.0
132a82f1,6.0,4,3.0,3.0,0.0,4.0,6.0,2.0,1.0,0.0,1.0,1,7.0,3.0,0.0
58c6b67c,1.0,1,1.0,0.0,0.0,0.0,0.0,0.0,0.0,0.0,0.0,0,1.0,0.0,0.0
e73659d3,1.0,1,0.0,1.0,0.0,0.0,1.0,1.0,2.0,0.0,2.0,1,2.0,1.0,0.0
9a2e0ccc,8.0,4,2.0,3.0,3.0,4.0,10.0,6.0,3.0,0.0,3.0,1,9.0,1.0,0.0
c3e39f12,0.0,0,0.0,0.0,0.0,0.0,0.0,0.0,0.0,0.0,0.0,0,0.0,0.0,0.0
a9142dc3,1.0,1,0.0,0.0,1.0,0.0,0.0,0.0,0.0,0.0,0.0,1,2.0,0.0,0.0
f620b04f,0.0,0,0.0,0.0,0.0,0.0,0.0,0.0,0.0,0.0,0.0,0,0.0,3.0,0.0
74f2e748,8.0,5,3.0,3.0,2.0,7.0,11.0,4.0,4.0,1.0,3.0,5,13.0,7.0,0.0
fd4d5f81,2.0,0,1.0,0.0,1.0,1.0,1.0,0.0,4.0,0.0,4.0,0,2.0,1.0,0.0
c235e803,3.0,1,2.0,1.0,0.0,3.0,3.0,0.0,1.0,0.0,1.0,3,6.0,10.0,0.0
3b387cc7,0.0,0,0.0,0.0,0.0,0.0,0.0,0.0,0.0,0.0,0.0,0,0.0,0.0,0.0
ce30bfc8,6.0,2,1.0,3.0,2.0,1.0,2.0,1.0,5.0,0.0,5.0,2,8.0,0.0,0.0
1971591f,4.0,3,0.0,1.0,3.0,2.0,2.0,0.0,2.0,0.0,2.0,0,4.0,0.0,0.0
5b3d1a7a,3.0,1,2.0,1.0,0.0,2.0,4.0,2.0,13.0,3.0,10.0,9,12.0,5.0,0.0
c2731c10,5.0,4,1.0,3.0,1.0,1.0,4.0,3.0,0.0,0.0,0.0,4,9.0,3.0,0.0
2bed3eab,4.0,2,3.0,1.0,0.0,2.0,3.0,1.0,1.0,0.0,1.0,4,8.0,5.0,0.0
18dd3219,2.0,2,2.0,0.0,0.0,2.0,4.0,2.0,3.0,1.0,2.0,2,4.0,7.0,0.0
19cae58d,7.0,6,2.0,3.0,2.0,2.0,4.0,2.0,4.0,1.0,3.0,5,12.0,1.0,0.0
8827bf46,1.0,1,1.0,0.0,0.0,0.0,0.0,0.0,2.0,0.0,2.0,0,1.0,0.0,0.0
8d3d3b0a,4.0,3,1.0,0.0,3.0,0.0,2.0,2.0,5.0,0.0,5.0,4,8.0,3.0,0.0
41eebdf5,0.0,0,0.0,0.0,0.0,0.0,1.0,1.0,6.0,3.0,3.0,4,4.0,5.0,0.0
1338e42b,3.0,3,3.0,0.0,0.0,2.0,2.0,0.0,0.0,0.0,0.0,2,5.0,2.0,0.0
16ceb862,2.0,2,0.0,2.0,0.0,1.0,3.0,2.0,3.0,0.0,3.0,2,4.0,7.0,0.0
88e357ef,5.0,1,2.0,2.0,1.0,2.0,11.0,9.0,5.0,0.0,5.0,0,5.0,2.0,0.0
0d4fd3a0,10.0,6,7.0,3.0,0.0,4.0,6.0,2.0,6.0,4.0,2.0,4,14.0,24.0,0.0
56f6f826,6.0,3,1.0,5.0,0.0,3.0,7.0,4.0,8.0,3.0,5.0,5,11.0,19.0,0.0
7a11550b,4.0,2,2.0,2.0,0.0,3.0,3.0,0.0,2.0,1.0,1.0,5,9.0,6.0,2.0
6e4df551,2.0,2,0.0,1.0,1.0,1.0,3.0,2.0,0.0,0.0,0.0,3,5.0,0.0,0.0
01e5f06e,4.0,1,2.0,2.0,0.0,1.0,1.0,0.0,4.0,0.0,4.0,2,6.0,2.0,0.0
f4b52308,1.0,0,1.0,0.0,0.0,1.0,1.0,0.0,0.0,0.0,0.0,0,1.0,0.0,0.0
c275947b,8.0,4,3.0,3.0,2.0,5.0,7.0,2.0,5.0,0.0,5.0,3,11.0,0.0,0.0
cc86b9a3,12.0,9,5.0,6.0,1.0,4.0,9.0,5.0,5.0,1.0,4.0,1,13.0,5.0,1.0
2d970560,15.0,10,12.0,1.0,2.0,8.0,11.0,3.0,1.0,0.0,1.0,2,17.0,8.0,0.0
9efa1d25,6.0,2,2.0,3.0,1.0,3.0,11.0,8.0,4.0,1.0,3.0,3,9.0,1.0,0.0
3cd7820a,12.0,6,2.0,10.0,0.0,5.0,9.0,4.0,3.0,0.0,3.0,4,16.0,1.0,0.0
62182b1d,0.0,0,0.0,0.0,0.0,0.0,1.0,1.0,0.0,0.0,0.0,0,0.0,1.0,0.0
b8e740fb,6.0,5,2.0,3.0,1.0,2.0,3.0,1.0,2.0,1.0,1.0,3,9.0,3.0,0.0
3f034750,0.0,0,0.0,0.0,0.0,0.0,1.0,1.0,0.0,0.0,0.0,0,0.0,0.0,0.0
b0b4fd3e,3.0,2,2.0,1.0,0.0,2.0,4.0,2.0,3.0,0.0,3.0,3,6.0,1.0,0.0
df69b544,7.0,5,3.0,3.0,1.0,4.0,7.0,3.0,5.0,1.0,4.0,2,9.0,1.0,0.0
ffbbc83b,1.0,1,1.0,0.0,0.0,1.0,6.0,5.0,1.0,0.0,1.0,0,1.0,0.0,0.0
b1f4086c,21.0,9,11.0,4.0,6.0,14.0,27.0,13.0,8.0,3.0,5.0,13,34.0,13.0,0.0
8b8e759d,3.0,3,3.0,0.0,0.0,0.0,0.0,0.0,1.0,0.0,1.0,3,6.0,10.0,0.0
0076ab7f,3.0,2,2.0,0.0,1.0,1.0,8.0,7.0,4.0,2.0,2.0,2,5.0,14.0,0.0
e6bc67d7,0.0,0,0.0,0.0,0.0,0.0,0.0,0.0,0.0,0.0,0.0,0,0.0,1.0,0.0
5ea8ef20,4.0,3,1.0,2.0,1.0,3.0,5.0,2.0,3.0,2.0,1.0,6,10.0,1.0,0.0
048a1cbc,7.0,4,2.0,3.0,2.0,1.0,3.0,2.0,5.0,2.0,3.0,9,16.0,10.0,0.0
7155e3e1,1.0,0,1.0,0.0,0.0,0.0,0.0,0.0,0.0,0.0,0.0,1,2.0,0.0,0.0
bcb2ccd8,0.0,0,0.0,0.0,0.0,0.0,0.0,0.0,0.0,0.0,0.0,0,0.0,0.0,2.0
819b3158,5.0,3,0.0,3.0,2.0,2.0,3.0,1.0,3.0,0.0,3.0,3,8.0,1.0,0.0
5ad50391,9.0,5,5.0,4.0,0.0,4.0,8.0,4.0,1.0,1.0,0.0,4,13.0,17.0,1.0
1f44ac21,1.0,0,0.0,1.0,0.0,1.0,1.0,0.0,1.0,0.0,1.0,1,2.0,0.0,0.0
92432bc6,9.0,7,3.0,5.0,1.0,2.0,2.0,0.0,4.0,0.0,4.0,8,17.0,3.0,0.0
e42d61c7,5.0,2,3.0,1.0,1.0,1.0,7.0,6.0,2.0,0.0,2.0,7,12.0,5.0,0.0
d2fd7c14,5.0,3,2.0,0.0,3.0,5.0,5.0,0.0,2.0,0.0,2.0,2,7.0,1.0,0.0
ba115a40,0.0,0,0.0,0.0,0.0,0.0,0.0,0.0,1.0,0.0,1.0,0,0.0,0.0,0.0
8ff2354e,1.0,0,0.0,1.0,0.0,0.0,3.0,3.0,2.0,0.0,2.0,6,7.0,2.0,0.0
e7d59f4f,1.0,0,0.0,1.0,0.0,1.0,2.0,1.0,3.0,1.0,2.0,3,4.0,1.0,0.0
cb4f24c6,0.0,0,0.0,0.0,0.0,0.0,0.0,0.0,0.0,0.0,0.0,1,1.0,1.0,1.0
9ab16552,2.0,2,1.0,1.0,0.0,1.0,2.0,1.0,7.0,2.0,5.0,2,4.0,9.0,0.0
78f85621,5.0,1,2.0,3.0,0.0,2.0,3.0,1.0,4.0,0.0,4.0,3,8.0,5.0,0.0
8454388c,12.0,5,6.0,3.0,3.0,7.0,8.0,1.0,6.0,0.0,6.0,4,16.0,12.0,0.0
fed7cb61,4.0,1,0.0,2.0,2.0,1.0,4.0,3.0,7.0,1.0,6.0,1,5.0,2.0,0.0
a39bb753,0.0,0,0.0,0.0,0.0,0.0,1.0,1.0,1.0,0.0,1.0,1,1.0,0.0,0.0
50871bcc,3.0,1,1.0,2.0,0.0,3.0,6.0,3.0,3.0,1.0,2.0,3,6.0,3.0,0.0
40d08dcd,7.0,5,4.0,2.0,1.0,4.0,7.0,3.0,0.0,0.0,0.0,2,9.0,3.0,0.0
61f63784,8.0,3,7.0,0.0,1.0,1.0,2.0,1.0,9.0,7.0,2.0,7,15.0,22.0,0.0
935e6b8f,7.0,2,1.0,2.0,4.0,4.0,7.0,3.0,2.0,0.0,2.0,3,10.0,1.0,0.0
ffed43e3,1.0,1,0.0,0.0,1.0,0.0,0.0,0.0,0.0,0.0,0.0,0,1.0,4.0,0.0
0a89e877,4.0,1,2.0,2.0,0.0,4.0,6.0,2.0,2.0,1.0,1.0,0,4.0,3.0,0.0
555f3a0b,1.0,1,0.0,0.0,1.0,1.0,3.0,2.0,2.0,1.0,1.0,2,3.0,9.0,0.0
c3ee18ef,3.0,2,3.0,0.0,0.0,2.0,3.0,1.0,3.0,2.0,1.0,8,11.0,2.0,0.0
d4c9725f,14.0,7,6.0,7.0,1.0,6.0,7.0,1.0,4.0,0.0,4.0,3,17.0,4.0,2.0
92e7e919,10.0,4,5.0,2.0,3.0,2.0,6.0,4.0,2.0,0.0,2.0,1,11.0,3.0,0.0
0c7a48f8,19.0,11,10.0,8.0,1.0,11.0,15.0,4.0,4.0,2.0,2.0,6,25.0,14.0,0.0
5521f419,2.0,2,2.0,0.0,0.0,0.0,3.0,3.0,2.0,0.0,2.0,0,2.0,7.0,0.0
d92ab59f,5.0,1,3.0,2.0,0.0,4.0,8.0,4.0,2.0,0.0,2.0,4,9.0,10.0,0.0
ad3389d5,0.0,0,0.0,0.0,0.0,0.0,0.0,0.0,0.0,0.0,0.0,0,0.0,1.0,1.0
15f3ec41,2.0,1,1.0,0.0,1.0,2.0,4.0,2.0,0.0,0.0,0.0,3,5.0,1.0,0.0
05d548d8,8.0,5,3.0,5.0,0.0,4.0,9.0,5.0,10.0,5.0,5.0,7,15.0,17.0,0.0
8b04d6c1,9.0,7,7.0,2.0,0.0,7.0,14.0,7.0,7.0,4.0,3.0,11,20.0,5.0,0.0
ba492306,0.0,0,0.0,0.0,0.0,0.0,1.0,1.0,0.0,0.0,0.0,1,1.0,1.0,0.0
33651873,4.0,1,4.0,0.0,0.0,2.0,6.0,4.0,7.0,3.0,4.0,5,9.0,21.0,0.0
a0b4bb3e,6.0,3,3.0,3.0,0.0,3.0,11.0,8.0,2.0,0.0,2.0,5,11.0,1.0,0.0
1f994616,0.0,0,0.0,0.0,0.0,0.0,0.0,0.0,0.0,0.0,0.0,0,0.0,0.0,1.0
29fbdc88,7.0,2,1.0,6.0,0.0,3.0,7.0,4.0,3.0,1.0,2.0,6,13.0,1.0,0.0
d97cccc9,4.0,3,2.0,2.0,0.0,2.0,2.0,0.0,1.0,1.0,0.0,1,5.0,1.0,1.0
a8ee54ad,20.0,10,11.0,8.0,1.0,11.0,21.0,10.0,7.0,3.0,4.0,3,23.0,18.0,2.0
1265a93a,11.0,7,8.0,3.0,0.0,6.0,9.0,3.0,7.0,1.0,6.0,1,12.0,4.0,0.0
4737cebe,2.0,1,1.0,1.0,0.0,1.0,1.0,0.0,0.0,0.0,0.0,1,3.0,1.0,0.0
eeba07f8,1.0,0,0.0,1.0,0.0,1.0,1.0,0.0,2.0,0.0,2.0,0,1.0,1.0,0.0
213f0daf,4.0,2,2.0,2.0,0.0,1.0,4.0,3.0,0.0,0.0,0.0,1,5.0,1.0,0.0
b244e804,12.0,7,9.0,2.0,1.0,4.0,10.0,6.0,7.0,3.0,4.0,5,17.0,12.0,0.0
cd1629bc,5.0,5,4.0,1.0,0.0,3.0,5.0,2.0,5.0,4.0,1.0,5,10.0,5.0,0.0
ee644761,8.0,4,5.0,3.0,0.0,4.0,8.0,4.0,16.0,11.0,5.0,8,16.0,15.0,1.0
79083382,1.0,1,0.0,1.0,0.0,0.0,0.0,0.0,2.0,2.0,0.0,0,1.0,4.0,0.0
f9bd541e,2.0,0,2.0,0.0,0.0,1.0,3.0,2.0,2.0,1.0,1.0,7,9.0,5.0,0.0
c16c4e3b,4.0,0,2.0,1.0,1.0,3.0,4.0,1.0,5.0,0.0,5.0,2,6.0,3.0,0.0
4fb9c88f,2.0,0,0.0,2.0,0.0,1.0,1.0,0.0,3.0,0.0,3.0,1,3.0,0.0,0.0
1bacc518,4.0,3,1.0,3.0,0.0,1.0,3.0,2.0,5.0,1.0,4.0,3,7.0,2.0,0.0
2a0c8ba4,4.0,2,2.0,2.0,0.0,2.0,5.0,3.0,6.0,3.0,3.0,4,8.0,2.0,1.0
45db685d,14.0,6,8.0,4.0,2.0,5.0,7.0,2.0,13.0,0.0,13.0,11,25.0,6.0,0.0
2b65fe46,1.0,0,0.0,1.0,0.0,0.0,3.0,3.0,3.0,0.0,3.0,3,4.0,0.0,0.0
178ae8f8,3.0,2,2.0,1.0,0.0,1.0,1.0,0.0,1.0,0.0,1.0,0,3.0,1.0,0.0
7111d552,5.0,4,3.0,2.0,0.0,1.0,3.0,2.0,6.0,0.0,6.0,0,5.0,1.0,0.0
0a084b35,12.0,7,8.0,3.0,1.0,9.0,11.0,2.0,4.0,2.0,2.0,5,17.0,9.0,0.0
2a9f6b4d,2.0,1,0.0,2.0,0.0,0.0,1.0,1.0,3.0,0.0,3.0,0,2.0,2.0,0.0
c066d1a5,4.0,3,1.0,1.0,2.0,1.0,2.0,1.0,1.0,0.0,1.0,0,4.0,0.0,0.0
85f7d1be,13.0,7,9.0,4.0,0.0,4.0,7.0,3.0,10.0,5.0,5.0,5,18.0,17.0,0.0
df064106,13.0,5,6.0,5.0,2.0,4.0,16.0,12.0,9.0,0.0,9.0,14,27.0,5.0,0.0
15b287da,14.0,8,6.0,6.0,2.0,9.0,15.0,6.0,8.0,3.0,5.0,8,22.0,7.0,0.0
4da9191b,0.0,0,0.0,0.0,0.0,0.0,1.0,1.0,2.0,1.0,1.0,4,4.0,1.0,1.0
17458720,0.0,0,0.0,0.0,0.0,0.0,0.0,0.0,0.0,0.0,0.0,0,0.0,0.0,0.0
0ca476cc,4.0,1,0.0,3.0,1.0,4.0,6.0,2.0,1.0,0.0,1.0,0,4.0,0.0,0.0
b825a650,6.0,5,3.0,2.0,1.0,2.0,3.0,1.0,1.0,0.0,1.0,2,8.0,1.0,1.0
21a66f6a,1.0,0,0.0,1.0,0.0,0.0,2.0,2.0,2.0,1.0,1.0,2,3.0,6.0,0.0
23a10591,0.0,0,0.0,0.0,0.0,0.0,0.0,0.0,0.0,0.0,0.0,0,0.0,1.0,0.0
3d50bcdb,1.0,1,0.0,1.0,0.0,0.0,0.0,0.0,1.0,0.0,1.0,0,1.0,0.0,0.0
316de854,6.0,3,3.0,1.0,2.0,1.0,3.0,2.0,4.0,0.0,4.0,1,7.0,0.0,0.0
05e19d6a,6.0,2,2.0,3.0,1.0,2.0,3.0,1.0,2.0,0.0,2.0,2,8.0,0.0,0.0
862fa9fb,2.0,1,2.0,0.0,0.0,2.0,3.0,1.0,4.0,3.0,1.0,10,12.0,21.0,0.0
49296448,14.0,7,6.0,7.0,1.0,6.0,20.0,14.0,10.0,2.0,8.0,14,28.0,5.0,0.0
aef6e670,2.0,2,1.0,1.0,0.0,0.0,0.0,0.0,1.0,0.0,1.0,2,4.0,2.0,0.0
82c615f8,10.0,5,8.0,1.0,1.0,3.0,11.0,8.0,5.0,2.0,3.0,5,15.0,12.0,0.0
8b8a56ce,3.0,1,2.0,1.0,0.0,2.0,4.0,2.0,4.0,2.0,2.0,2,5.0,11.0,0.0
2b0852db,21.0,11,6.0,10.0,5.0,9.0,18.0,9.0,10.0,2.0,8.0,4,25.0,2.0,0.0
15fd5593,0.0,0,0.0,0.0,0.0,0.0,4.0,4.0,1.0,0.0,1.0,0,0.0,2.0,0.0
c2a30c01,0.0,0,0.0,0.0,0.0,0.0,1.0,1.0,0.0,0.0,0.0,0,0.0,1.0,0.0
ca8033cb,3.0,1,3.0,0.0,0.0,2.0,3.0,1.0,3.0,1.0,2.0,0,3.0,0.0,0.0
19a967ab,9.0,6,7.0,2.0,0.0,0.0,3.0,3.0,3.0,1.0,2.0,5,14.0,1.0,0.0
cd59b9df,0.0,0,0.0,0.0,0.0,0.0,0.0,0.0,0.0,0.0,0.0,0,0.0,1.0,0.0
ff74841d,1.0,0,1.0,0.0,0.0,1.0,1.0,0.0,0.0,0.0,0.0,0,1.0,1.0,0.0
6747869d,0.0,0,0.0,0.0,0.0,0.0,0.0,0.0,0.0,0.0,0.0,0,0.0,0.0,0.0
55126f3b,2.0,1,1.0,1.0,0.0,0.0,3.0,3.0,2.0,1.0,1.0,1,3.0,0.0,0.0
3935e52e,5.0,3,3.0,2.0,0.0,3.0,4.0,1.0,1.0,0.0,1.0,1,6.0,3.0,0.0
c0b3669f,4.0,4,0.0,3.0,1.0,0.0,0.0,0.0,4.0,2.0,2.0,2,6.0,0.0,0.0
5ed9b537,2.0,1,1.0,1.0,0.0,0.0,0.0,0.0,4.0,3.0,1.0,1,3.0,7.0,0.0
cce181df,8.0,4,1.0,6.0,1.0,5.0,5.0,0.0,4.0,0.0,4.0,7,15.0,2.0,0.0
aee634bf,10.0,7,3.0,6.0,1.0,5.0,11.0,6.0,8.0,1.0,7.0,2,12.0,12.0,1.0
6f639ec7,1.0,1,1.0,0.0,0.0,1.0,3.0,2.0,1.0,0.0,1.0,1,2.0,0.0,0.0
1f3afdcb,10.0,6,7.0,3.0,0.0,5.0,5.0,0.0,3.0,1.0,2.0,4,14.0,20.0,0.0
b1cd37e6,8.0,4,3.0,2.0,3.0,6.0,16.0,10.0,3.0,1.0,2.0,0,8.0,4.0,0.0
da974c7b,8.0,5,7.0,1.0,0.0,5.0,7.0,2.0,14.0,6.0,8.0,5,13.0,11.0,0.0
4d1666ff,7.0,3,5.0,2.0,0.0,7.0,8.0,1.0,1.0,1.0,0.0,3,10.0,2.0,0.0
79c0821a,6.0,4,2.0,3.0,1.0,3.0,5.0,2.0,5.0,0.0,5.0,3,9.0,1.0,0.0
9606f0b2,0.0,0,0.0,0.0,0.0,0.0,0.0,0.0,0.0,0.0,0.0,0,0.0,0.0,0.0
6ce1f46f,13.0,8,3.0,9.0,1.0,4.0,7.0,3.0,5.0,1.0,4.0,3,16.0,1.0,0.0
817c6964,5.0,4,2.0,3.0,0.0,2.0,6.0,4.0,2.0,0.0,2.0,3,8.0,3.0,0.0
47420f02,0.0,0,0.0,0.0,0.0,0.0,1.0,1.0,0.0,0.0,0.0,0,0.0,0.0,0.0
292a652a,0.0,0,0.0,0.0,0.0,0.0,0.0,0.0,0.0,0.0,0.0,0,0.0,0.0,0.0
df3cda47,3.0,1,0.0,2.0,1.0,1.0,2.0,1.0,2.0,0.0,2.0,0,3.0,0.0,0.0
dea88efd,8.0,6,6.0,0.0,2.0,5.0,12.0,7.0,3.0,0.0,3.0,1,9.0,5.0,0.0
c1b7847c,6.0,3,3.0,2.0,1.0,1.0,3.0,2.0,4.0,0.0,4.0,1,7.0,2.0,0.0
abe66106,4.0,1,3.0,1.0,0.0,2.0,3.0,1.0,6.0,0.0,6.0,2,6.0,0.0,0.0
8e034340,7.0,3,2.0,3.0,2.0,1.0,3.0,2.0,3.0,0.0,3.0,0,7.0,1.0,0.0
119b9a8e,0.0,0,0.0,0.0,0.0,0.0,1.0,1.0,0.0,0.0,0.0,2,2.0,2.0,0.0
e7af9060,0.0,0,0.0,0.0,0.0,0.0,0.0,0.0,0.0,0.0,0.0,0,0.0,0.0,0.0
8b929ec2,0.0,0,0.0,0.0,0.0,0.0,0.0,0.0,0.0,0.0,0.0,1,1.0,1.0,0.0
da9018ca,23.0,17,12.0,10.0,1.0,7.0,20.0,13.0,5.0,0.0,5.0,9,32.0,6.0,0.0
20730eae,1.0,1,0.0,1.0,0.0,0.0,0.0,0.0,2.0,0.0,2.0,2,3.0,6.0,0.0
4dbd0916,1.0,1,0.0,0.0,1.0,0.0,1.0,1.0,2.0,0.0,2.0,1,2.0,0.0,0.0
4f28a6ff,13.0,7,7.0,5.0,1.0,6.0,7.0,1.0,2.0,1.0,1.0,5,18.0,14.0,0.0
bbd86530,5.0,2,2.0,3.0,0.0,3.0,5.0,2.0,2.0,0.0,2.0,2,7.0,3.0,0.0
1b82f8df,8.0,4,4.0,3.0,1.0,3.0,9.0,6.0,6.0,0.0,6.0,14,22.0,5.0,0.0
8d78e732,5.0,4,0.0,1.0,4.0,1.0,1.0,0.0,3.0,0.0,3.0,1,6.0,6.0,0.0
b57e066e,1.0,1,0.0,1.0,0.0,0.0,0.0,0.0,2.0,1.0,1.0,0,1.0,0.0,0.0
d6e53a3a,3.0,2,1.0,2.0,0.0,0.0,0.0,0.0,3.0,2.0,1.0,7,10.0,11.0,0.0
37dc1a48,4.0,2,3.0,1.0,0.0,1.0,5.0,4.0,11.0,0.0,11.0,2,6.0,1.0,0.0
58f077c0,0.0,0,0.0,0.0,0.0,0.0,0.0,0.0,0.0,0.0,0.0,0,0.0,4.0,0.0
99a8ddc9,13.0,6,7.0,4.0,2.0,7.0,18.0,11.0,10.0,1.0,9.0,10,23.0,7.0,0.0
02c15616,2.0,1,1.0,1.0,0.0,1.0,1.0,0.0,3.0,0.0,3.0,2,4.0,3.0,0.0
8f62b6ee,0.0,0,0.0,0.0,0.0,0.0,0.0,0.0,0.0,0.0,0.0,1,1.0,2.0,0.0
e9fda01d,2.0,2,1.0,1.0,0.0,1.0,1.0,0.0,0.0,0.0,0.0,0,2.0,0.0,0.0
e1cbb531,15.0,8,6.0,6.0,3.0,9.0,14.0,5.0,7.0,2.0,5.0,2,17.0,1.0,1.0
a8a874f1,9.0,5,2.0,3.0,4.0,4.0,6.0,2.0,6.0,0.0,6.0,2,11.0,2.0,0.0
e97fd090,6.0,4,0.0,6.0,0.0,2.0,4.0,2.0,4.0,1.0,3.0,7,13.0,2.0,0.0
20b9f052,0.0,0,0.0,0.0,0.0,0.0,0.0,0.0,0.0,0.0,0.0,0,0.0,1.0,0.0
8e50599a,0.0,0,0.0,0.0,0.0,0.0,0.0,0.0,0.0,0.0,0.0,0,0.0,0.0,0.0
a69e4806,4.0,1,2.0,1.0,1.0,1.0,5.0,4.0,6.0,0.0,6.0,2,6.0,2.0,0.0
881cd6be,22.0,13,6.0,15.0,1.0,8.0,24.0,16.0,7.0,0.0,7.0,24,46.0,9.0,0.0
5eae500a,1.0,1,0.0,0.0,1.0,0.0,0.0,0.0,0.0,0.0,0.0,0,1.0,0.0,0.0
0df2b165,6.0,3,2.0,4.0,0.0,5.0,15.0,10.0,4.0,1.0,3.0,9,15.0,12.0,0.0
3061e1ec,0.0,0,0.0,0.0,0.0,0.0,0.0,0.0,0.0,0.0,0.0,0,0.0,1.0,0.0
7be09c86,0.0,0,0.0,0.0,0.0,0.0,0.0,0.0,0.0,0.0,0.0,0,0.0,1.0,0.0
395451fc,7.0,3,0.0,5.0,2.0,1.0,4.0,3.0,9.0,2.0,7.0,7,14.0,1.0,0.0
892d5bb1,8.0,5,1.0,3.0,4.0,4.0,8.0,4.0,1.0,0.0,1.0,1,9.0,1.0,0.0
fcb38f57,0.0,0,0.0,0.0,0.0,0.0,0.0,0.0,0.0,0.0,0.0,0,0.0,0.0,0.0
864163f3,1.0,0,1.0,0.0,0.0,0.0,0.0,0.0,3.0,0.0,3.0,2,3.0,1.0,0.0
c20bdcd7,11.0,8,9.0,2.0,0.0,9.0,10.0,1.0,8.0,1.0,7.0,5,16.0,7.0,0.0
c691bfe2,10.0,6,1.0,4.0,5.0,4.0,5.0,1.0,10.0,1.0,9.0,4,14.0,2.0,0.0
7a20d90a,2.0,1,2.0,0.0,0.0,1.0,2.0,1.0,4.0,3.0,1.0,3,5.0,8.0,0.0
133faa84,7.0,5,3.0,4.0,0.0,5.0,6.0,1.0,7.0,2.0,5.0,1,8.0,9.0,0.0
f0da930c,6.0,3,4.0,2.0,0.0,4.0,7.0,3.0,3.0,2.0,1.0,6,12.0,20.0,0.0
5c4dc0ff,0.0,0,0.0,0.0,0.0,0.0,0.0,0.0,0.0,0.0,0.0,0,0.0,0.0,0.0
148af9a8,0.0,0,0.0,0.0,0.0,0.0,0.0,0.0,0.0,0.0,0.0,0,0.0,0.0,0.0
f0021247,7.0,4,2.0,4.0,1.0,3.0,12.0,9.0,5.0,0.0,5.0,3,10.0,5.0,0.0
82a39b66,8.0,4,2.0,4.0,2.0,4.0,7.0,3.0,4.0,2.0,2.0,3,11.0,5.0,1.0
d5f2f82b,5.0,3,2.0,3.0,0.0,4.0,8.0,4.0,6.0,4.0,2.0,3,8.0,20.0,0.0
b4ecc6b6,1.0,0,1.0,0.0,0.0,0.0,1.0,1.0,1.0,0.0,1.0,1,2.0,6.0,0.0
f7036e1c,6.0,5,1.0,2.0,3.0,1.0,2.0,1.0,4.0,1.0,3.0,4,10.0,2.0,0.0
f3945e07,7.0,4,1.0,4.0,2.0,2.0,2.0,0.0,1.0,0.0,1.0,0,7.0,0.0,0.0
55abe554,1.0,1,1.0,0.0,0.0,1.0,4.0,3.0,2.0,0.0,2.0,3,4.0,0.0,1.0
feb5d972,5.0,3,3.0,1.0,1.0,2.0,3.0,1.0,1.0,0.0,1.0,1,6.0,0.0,0.0
b217ef29,8.0,3,4.0,4.0,0.0,5.0,6.0,1.0,0.0,0.0,0.0,3,11.0,3.0,0.0
33144cc5,1.0,1,1.0,0.0,0.0,0.0,1.0,1.0,1.0,0.0,1.0,2,3.0,0.0,0.0
1adcf39e,10.0,4,9.0,1.0,0.0,6.0,9.0,3.0,13.0,4.0,9.0,9,19.0,35.0,0.0
826e8b63,1.0,1,0.0,0.0,1.0,1.0,3.0,2.0,3.0,0.0,3.0,1,2.0,1.0,0.0
0e6bc38c,6.0,4,2.0,3.0,1.0,0.0,1.0,1.0,6.0,0.0,6.0,0,6.0,2.0,0.0
b74277a0,13.0,9,8.0,4.0,1.0,7.0,11.0,4.0,3.0,1.0,2.0,3,16.0,11.0,0.0
42fd9c7f,0.0,0,0.0,0.0,0.0,0.0,1.0,1.0,0.0,0.0,0.0,0,0.0,3.0,0.0
e76cb9cc,14.0,6,10.0,2.0,2.0,5.0,5.0,0.0,4.0,1.0,3.0,4,18.0,6.0,0.0
64b08de7,0.0,0,0.0,0.0,0.0,0.0,0.0,0.0,0.0,0.0,0.0,0,0.0,1.0,0.0
f3a97d02,0.0,0,0.0,0.0,0.0,0.0,0.0,0.0,0.0,0.0,0.0,0,0.0,2.0,0.0
6800f515,3.0,1,2.0,1.0,0.0,2.0,5.0,3.0,2.0,0.0,2.0,5,8.0,4.0,0.0
01c3aff5,6.0,3,2.0,2.0,2.0,4.0,7.0,3.0,10.0,2.0,8.0,5,11.0,3.0,0.0
3b0108d6,0.0,0,0.0,0.0,0.0,0.0,1.0,1.0,0.0,0.0,0.0,0,0.0,0.0,0.0
0a6dbbf7,10.0,6,6.0,4.0,0.0,3.0,8.0,5.0,6.0,4.0,2.0,10,20.0,34.0,0.0
95f5aae8,9.0,9,5.0,3.0,1.0,4.0,10.0,6.0,6.0,2.0,4.0,9,18.0,11.0,1.0
38f8ce7f,4.0,3,2.0,1.0,1.0,3.0,3.0,0.0,1.0,0.0,1.0,0,4.0,0.0,0.0
48b3dd60,1.0,0,1.0,0.0,0.0,1.0,1.0,0.0,0.0,0.0,0.0,0,1.0,0.0,0.0
8f696594,0.0,0,0.0,0.0,0.0,0.0,0.0,0.0,0.0,0.0,0.0,0,0.0,0.0,0.0
a30e23de,3.0,3,3.0,0.0,0.0,2.0,3.0,1.0,0.0,0.0,0.0,0,3.0,2.0,0.0
f20e4cc9,9.0,6,5.0,3.0,1.0,6.0,13.0,7.0,10.0,1.0,9.0,0,9.0,6.0,0.0
33887998,0.0,0,0.0,0.0,0.0,0.0,0.0,0.0,0.0,0.0,0.0,0,0.0,0.0,0.0
3cefcaef,3.0,2,2.0,0.0,1.0,3.0,3.0,0.0,1.0,0.0,1.0,3,6.0,4.0,0.0
9413b19f,0.0,0,0.0,0.0,0.0,0.0,0.0,0.0,0.0,0.0,0.0,0,0.0,2.0,1.0
d70ce98e,2.0,2,0.0,1.0,1.0,0.0,1.0,1.0,2.0,0.0,2.0,3,5.0,0.0,0.0
f49c4ae9,5.0,2,1.0,2.0,2.0,1.0,1.0,0.0,1.0,0.0,1.0,3,8.0,0.0,0.0
e162b013,13.0,7,8.0,4.0,1.0,7.0,10.0,3.0,6.0,1.0,5.0,6,19.0,10.0,0.0
b56dd813,0.0,0,0.0,0.0,0.0,0.0,0.0,0.0,0.0,0.0,0.0,0,0.0,0.0,0.0
d436eb94,0.0,0,0.0,0.0,0.0,0.0,0.0,0.0,0.0,0.0,0.0,1,1.0,5.0,0.0
85613cf0,2.0,1,0.0,1.0,1.0,1.0,3.0,2.0,2.0,0.0,2.0,1,3.0,0.0,0.0
2784f898,6.0,3,4.0,2.0,0.0,5.0,6.0,1.0,6.0,3.0,3.0,8,14.0,18.0,0.0
2f90f6b8,9.0,7,5.0,3.0,1.0,2.0,3.0,1.0,1.0,0.0,1.0,1,10.0,0.0,0.0
e0f8151c,11.0,9,10.0,0.0,1.0,5.0,5.0,0.0,6.0,5.0,1.0,15,26.0,30.0,0.0
bbf5c11b,0.0,0,0.0,0.0,0.0,0.0,0.0,0.0,1.0,0.0,1.0,0,0.0,5.0,0.0
34693494,3.0,2,2.0,1.0,0.0,2.0,2.0,0.0,1.0,1.0,0.0,0,3.0,0.0,0.0
46152b69,11.0,6,6.0,5.0,0.0,7.0,11.0,4.0,13.0,5.0,8.0,8,19.0,8.0,0.0
dd0daf32,11.0,6,6.0,3.0,2.0,3.0,11.0,8.0,6.0,2.0,4.0,9,20.0,5.0,0.0
34e4343c,2.0,0,2.0,0.0,0.0,0.0,2.0,2.0,5.0,2.0,3.0,0,2.0,6.0,0.0
6025fab1,3.0,1,1.0,1.0,1.0,1.0,2.0,1.0,1.0,0.0,1.0,6,9.0,2.0,0.0
cfdacb90,11.0,2,7.0,2.0,2.0,3.0,11.0,8.0,1.0,0.0,1.0,7,18.0,3.0,0.0
b62878a5,4.0,2,1.0,3.0,0.0,2.0,4.0,2.0,3.0,0.0,3.0,5,9.0,3.0,0.0
25b74470,9.0,3,6.0,1.0,2.0,3.0,6.0,3.0,4.0,1.0,3.0,0,9.0,2.0,0.0
23610943,7.0,3,3.0,1.0,3.0,4.0,9.0,5.0,2.0,1.0,1.0,1,8.0,4.0,0.0
374d5158,5.0,5,0.0,5.0,0.0,3.0,5.0,2.0,2.0,0.0,2.0,4,9.0,6.0,1.0
47b7e3af,0.0,0,0.0,0.0,0.0,0.0,1.0,1.0,0.0,0.0,0.0,1,1.0,3.0,0.0
129af0db,0.0,0,0.0,0.0,0.0,0.0,0.0,0.0,1.0,0.0,1.0,0,0.0,3.0,0.0
ef88f778,1.0,1,0.0,1.0,0.0,0.0,3.0,3.0,4.0,0.0,4.0,1,2.0,3.0,0.0
a650c75b,5.0,1,3.0,1.0,1.0,1.0,1.0,0.0,3.0,1.0,2.0,2,7.0,3.0,0.0
736157b7,12.0,6,4.0,6.0,2.0,3.0,4.0,1.0,3.0,2.0,1.0,4,16.0,8.0,0.0
6ce43701,2.0,1,1.0,0.0,1.0,0.0,0.0,0.0,0.0,0.0,0.0,0,2.0,0.0,0.0
9674002f,12.0,5,3.0,6.0,3.0,5.0,11.0,6.0,7.0,1.0,6.0,4,16.0,1.0,0.0
2b622f01,3.0,2,1.0,1.0,1.0,1.0,1.0,0.0,2.0,0.0,2.0,0,3.0,0.0,0.0
049a888d,1.0,1,0.0,1.0,0.0,1.0,3.0,2.0,0.0,0.0,0.0,1,2.0,0.0,0.0
049a888d,6.0,1,4.0,2.0,0.0,3.0,6.0,3.0,2.0,0.0,2.0,0,6.0,1.0,0.0
dbfbdf06,2.0,2,1.0,1.0,0.0,2.0,2.0,0.0,0.0,0.0,0.0,0,2.0,0.0,0.0
ac73ec79,1.0,1,0.0,1.0,0.0,1.0,1.0,0.0,1.0,0.0,1.0,1,2.0,1.0,0.0
3c6089ab,0.0,0,0.0,0.0,0.0,0.0,3.0,3.0,4.0,1.0,3.0,1,1.0,2.0,0.0
4567a0b4,0.0,0,0.0,0.0,0.0,0.0,0.0,0.0,3.0,1.0,2.0,1,1.0,0.0,0.0
2c0558b8,1.0,1,0.0,0.0,1.0,0.0,6.0,6.0,4.0,0.0,4.0,4,5.0,1.0,0.0
3e9bd29d,7.0,2,5.0,2.0,0.0,5.0,7.0,2.0,3.0,0.0,3.0,7,14.0,16.0,0.0
441197b8,12.0,6,7.0,5.0,0.0,4.0,8.0,4.0,7.0,2.0,5.0,13,25.0,25.0,0.0
2946f9a1,5.0,3,3.0,2.0,0.0,3.0,9.0,6.0,5.0,4.0,1.0,13,18.0,13.0,0.0
3f10bd22,2.0,1,2.0,0.0,0.0,1.0,2.0,1.0,5.0,1.0,4.0,5,7.0,5.0,0.0
e7281ea9,3.0,2,3.0,0.0,0.0,0.0,2.0,2.0,0.0,0.0,0.0,1,4.0,3.0,0.0
5cdddffa,6.0,1,3.0,3.0,0.0,2.0,5.0,3.0,5.0,1.0,4.0,4,10.0,0.0,0.0
4f1e6a0b,11.0,7,3.0,5.0,3.0,2.0,4.0,2.0,10.0,2.0,8.0,1,12.0,1.0,0.0
953597a1,1.0,1,0.0,1.0,0.0,0.0,0.0,0.0,1.0,1.0,0.0,0,1.0,2.0,0.0
8778c910,0.0,0,0.0,0.0,0.0,0.0,0.0,0.0,0.0,0.0,0.0,0,0.0,0.0,0.0
c2a15a27,0.0,0,0.0,0.0,0.0,0.0,0.0,0.0,0.0,0.0,0.0,0,0.0,0.0,0.0
69384e5d,3.0,1,1.0,0.0,2.0,2.0,8.0,6.0,1.0,0.0,1.0,2,5.0,2.0,0.0
5853ac44,2.0,1,1.0,1.0,0.0,0.0,1.0,1.0,0.0,0.0,0.0,2,4.0,5.0,0.0
f6a90edd,17.0,12,6.0,9.0,2.0,7.0,12.0,5.0,8.0,4.0,4.0,5,22.0,8.0,0.0
c14bc029,10.0,6,3.0,5.0,2.0,5.0,6.0,1.0,7.0,0.0,7.0,4,14.0,5.0,0.0
7c56da38,6.0,4,3.0,2.0,1.0,0.0,2.0,2.0,1.0,0.0,1.0,4,10.0,3.0,0.0
5458f670,0.0,0,0.0,0.0,0.0,0.0,0.0,0.0,0.0,0.0,0.0,0,0.0,0.0,0.0
4d77b365,3.0,3,2.0,1.0,0.0,0.0,1.0,1.0,3.0,0.0,3.0,1,4.0,1.0,0.0
4ab12002,0.0,0,0.0,0.0,0.0,0.0,0.0,0.0,1.0,0.0,1.0,0,0.0,2.0,0.0
fb495bb8,18.0,7,4.0,10.0,4.0,4.0,13.0,9.0,9.0,2.0,7.0,11,29.0,4.0,0.0
ee8508c0,0.0,0,0.0,0.0,0.0,0.0,0.0,0.0,0.0,0.0,0.0,0,0.0,2.0,0.0
a08b974a,0.0,0,0.0,0.0,0.0,0.0,0.0,0.0,0.0,0.0,0.0,1,1.0,1.0,1.0
a04e47f0,2.0,2,0.0,1.0,1.0,0.0,1.0,1.0,0.0,0.0,0.0,0,2.0,0.0,0.0
f7750aa0,11.0,2,6.0,4.0,1.0,7.0,9.0,2.0,11.0,5.0,6.0,7,18.0,17.0,0.0
ca607d59,4.0,0,0.0,3.0,1.0,3.0,4.0,1.0,4.0,0.0,4.0,0,4.0,0.0,0.0
41c12f75,15.0,12,10.0,5.0,0.0,6.0,9.0,3.0,5.0,0.0,5.0,4,19.0,14.0,0.0
ae44e8e2,3.0,2,3.0,0.0,0.0,2.0,2.0,0.0,0.0,0.0,0.0,0,3.0,0.0,0.0
e9c0c1b2,0.0,0,0.0,0.0,0.0,0.0,0.0,0.0,0.0,0.0,0.0,0,0.0,2.0,0.0
751a0fb5,9.0,5,3.0,5.0,1.0,5.0,11.0,6.0,7.0,2.0,5.0,6,15.0,14.0,0.0
20030c06,9.0,5,5.0,2.0,2.0,6.0,8.0,2.0,8.0,5.0,3.0,8,17.0,25.0,0.0
43a166b4,0.0,0,0.0,0.0,0.0,0.0,0.0,0.0,0.0,0.0,0.0,0,0.0,1.0,0.0
ee950928,5.0,4,1.0,4.0,0.0,2.0,6.0,4.0,1.0,0.0,1.0,2,7.0,0.0,0.0
c1242d4e,0.0,0,0.0,0.0,0.0,0.0,0.0,0.0,0.0,0.0,0.0,0,0.0,0.0,1.0
8c90fd7a,5.0,2,0.0,2.0,3.0,4.0,5.0,1.0,0.0,0.0,0.0,0,5.0,5.0,0.0
0d267745,14.0,11,13.0,1.0,0.0,6.0,12.0,6.0,13.0,5.0,8.0,9,23.0,28.0,0.0
28b1f3ce,17.0,13,8.0,8.0,1.0,6.0,16.0,10.0,10.0,0.0,10.0,1,18.0,2.0,0.0
15413fa5,5.0,2,2.0,3.0,0.0,3.0,13.0,10.0,6.0,0.0,6.0,11,16.0,6.0,0.0
e82adcab,3.0,1,0.0,2.0,1.0,1.0,2.0,1.0,4.0,0.0,4.0,1,4.0,2.0,1.0
dc7f8a28,1.0,0,0.0,1.0,0.0,1.0,1.0,0.0,3.0,0.0,3.0,0,1.0,0.0,0.0
13d23b29,0.0,0,0.0,0.0,0.0,0.0,0.0,0.0,0.0,0.0,0.0,0,0.0,0.0,0.0
dff153a4,10.0,3,6.0,3.0,1.0,6.0,10.0,4.0,7.0,4.0,3.0,3,13.0,0.0,0.0
5c899683,3.0,1,1.0,1.0,1.0,2.0,2.0,0.0,2.0,0.0,2.0,0,3.0,2.0,0.0
3392603d,0.0,0,0.0,0.0,0.0,0.0,0.0,0.0,0.0,0.0,0.0,0,0.0,5.0,2.0
a62c16d0,3.0,2,1.0,2.0,0.0,0.0,1.0,1.0,2.0,0.0,2.0,0,3.0,6.0,0.0
53070b63,2.0,2,1.0,1.0,0.0,2.0,2.0,0.0,0.0,0.0,0.0,0,2.0,0.0,0.0
45a03961,10.0,7,7.0,3.0,0.0,4.0,5.0,1.0,9.0,5.0,4.0,10,20.0,16.0,0.0
25146df0,17.0,8,12.0,5.0,0.0,6.0,8.0,2.0,7.0,7.0,0.0,3,20.0,29.0,1.0
58ae47b2,1.0,1,0.0,0.0,1.0,1.0,2.0,1.0,0.0,0.0,0.0,1,2.0,0.0,0.0
0d9b2d31,7.0,2,2.0,5.0,0.0,2.0,8.0,6.0,7.0,0.0,7.0,5,12.0,1.0,1.0
3b61c9ec,7.0,3,1.0,5.0,1.0,4.0,7.0,3.0,4.0,0.0,4.0,3,10.0,5.0,0.0
cc1c5035,0.0,0,0.0,0.0,0.0,0.0,0.0,0.0,0.0,0.0,0.0,0,0.0,0.0,0.0
c906ce0f,7.0,4,7.0,0.0,0.0,5.0,6.0,1.0,3.0,3.0,0.0,6,13.0,15.0,0.0
fc4e7637,13.0,9,12.0,1.0,0.0,6.0,15.0,9.0,5.0,2.0,3.0,5,18.0,8.0,0.0
8fd9996f,5.0,4,3.0,2.0,0.0,3.0,4.0,1.0,2.0,1.0,1.0,4,9.0,5.0,0.0
121101a4,8.0,4,7.0,1.0,0.0,5.0,5.0,0.0,10.0,7.0,3.0,14,22.0,54.0,1.0
4c62d0c8,0.0,0,0.0,0.0,0.0,0.0,0.0,0.0,0.0,0.0,0.0,0,0.0,0.0,0.0
6fe90922,17.0,6,7.0,8.0,2.0,9.0,19.0,10.0,8.0,5.0,3.0,4,21.0,17.0,1.0
51a56075,6.0,4,5.0,1.0,0.0,5.0,10.0,5.0,6.0,4.0,2.0,3,9.0,20.0,0.0
24228180,8.0,5,2.0,5.0,1.0,3.0,12.0,9.0,2.0,0.0,2.0,2,10.0,6.0,0.0
6db16dda,2.0,2,0.0,2.0,0.0,0.0,0.0,0.0,3.0,0.0,3.0,0,2.0,1.0,0.0
4f565d77,0.0,0,0.0,0.0,0.0,0.0,0.0,0.0,0.0,0.0,0.0,1,1.0,0.0,0.0
307877be,3.0,1,1.0,1.0,1.0,0.0,1.0,1.0,3.0,1.0,2.0,1,4.0,8.0,0.0
b5b2e1ba,2.0,1,0.0,1.0,1.0,1.0,3.0,2.0,0.0,0.0,0.0,0,2.0,1.0,0.0
5db20508,0.0,0,0.0,0.0,0.0,0.0,1.0,1.0,0.0,0.0,0.0,0,0.0,1.0,0.0
adfc9123,3.0,2,0.0,3.0,0.0,1.0,2.0,1.0,3.0,2.0,1.0,3,6.0,8.0,0.0
55a1cac2,5.0,2,1.0,3.0,1.0,2.0,6.0,4.0,2.0,0.0,2.0,0,5.0,1.0,0.0
d697a2d0,0.0,0,0.0,0.0,0.0,0.0,0.0,0.0,0.0,0.0,0.0,0,0.0,0.0,0.0
5e861944,8.0,5,2.0,5.0,1.0,4.0,5.0,1.0,1.0,0.0,1.0,1,9.0,4.0,0.0
27d0a506,14.0,10,9.0,3.0,2.0,11.0,14.0,3.0,7.0,1.0,6.0,4,18.0,12.0,0.0
d2416c2e,1.0,0,0.0,1.0,0.0,1.0,2.0,1.0,2.0,0.0,2.0,0,1.0,1.0,0.0
1bf33a9a,2.0,1,0.0,1.0,1.0,1.0,2.0,1.0,1.0,0.0,1.0,2,4.0,0.0,0.0
8794e251,16.0,8,7.0,7.0,2.0,6.0,8.0,2.0,9.0,2.0,7.0,5,21.0,3.0,0.0
89f951b5,9.0,4,2.0,4.0,3.0,2.0,8.0,6.0,5.0,2.0,3.0,4,13.0,3.0,0.0
f63cda26,8.0,4,0.0,5.0,3.0,0.0,3.0,3.0,4.0,0.0,4.0,0,8.0,5.0,0.0
08511d65,7.0,4,3.0,4.0,0.0,5.0,9.0,4.0,9.0,6.0,3.0,10,17.0,24.0,0.0
d720e834,0.0,0,0.0,0.0,0.0,0.0,0.0,0.0,0.0,0.0,0.0,0,0.0,1.0,0.0
3423f250,8.0,7,3.0,3.0,2.0,2.0,6.0,4.0,4.0,1.0,3.0,4,12.0,3.0,0.0
6e058f06,4.0,3,0.0,3.0,1.0,0.0,1.0,1.0,1.0,0.0,1.0,1,5.0,1.0,0.0
7d450ed3,10.0,5,7.0,2.0,1.0,8.0,14.0,6.0,7.0,1.0,6.0,5,15.0,12.0,0.0
536cebe5,5.0,2,2.0,3.0,0.0,1.0,5.0,4.0,2.0,0.0,2.0,1,6.0,0.0,0.0
ae1159bf,10.0,7,5.0,5.0,0.0,6.0,7.0,1.0,4.0,2.0,2.0,3,13.0,17.0,0.0
3376a776,0.0,0,0.0,0.0,0.0,0.0,0.0,0.0,0.0,0.0,0.0,0,0.0,0.0,0.0
c5cbbcff,14.0,9,8.0,6.0,0.0,11.0,14.0,3.0,4.0,0.0,4.0,4,18.0,10.0,0.0
36a3ff67,4.0,2,1.0,1.0,2.0,1.0,3.0,2.0,3.0,0.0,3.0,1,5.0,0.0,0.0
7fa4e703,2.0,2,0.0,2.0,0.0,1.0,4.0,3.0,2.0,0.0,2.0,2,4.0,0.0,1.0
fa031b34,3.0,1,1.0,2.0,0.0,3.0,5.0,2.0,4.0,2.0,2.0,2,5.0,0.0,0.0
7e56d3db,6.0,2,4.0,1.0,1.0,2.0,6.0,4.0,7.0,4.0,3.0,6,12.0,8.0,0.0
335fa267,5.0,1,2.0,3.0,0.0,3.0,4.0,1.0,2.0,0.0,2.0,4,9.0,1.0,0.0
2e4f5f03,1.0,0,1.0,0.0,0.0,0.0,3.0,3.0,1.0,0.0,1.0,2,3.0,4.0,0.0
c738a5ec,0.0,0,0.0,0.0,0.0,0.0,0.0,0.0,0.0,0.0,0.0,0,0.0,0.0,0.0
e12b0b5b,7.0,3,4.0,3.0,0.0,1.0,3.0,2.0,1.0,0.0,1.0,3,10.0,1.0,0.0
6434f10d,12.0,6,6.0,4.0,2.0,7.0,10.0,3.0,4.0,1.0,3.0,6,18.0,2.0,0.0
8f5e92a6,6.0,3,2.0,3.0,1.0,2.0,3.0,1.0,6.0,3.0,3.0,3,9.0,3.0,0.0
a3d94a58,14.0,9,3.0,10.0,1.0,9.0,16.0,7.0,4.0,2.0,2.0,9,23.0,11.0,0.0
ed45c4a5,15.0,6,7.0,7.0,1.0,5.0,6.0,1.0,3.0,0.0,3.0,8,23.0,5.0,0.0
90c1f9a4,0.0,0,0.0,0.0,0.0,0.0,0.0,0.0,4.0,1.0,3.0,1,1.0,4.0,0.0
4b3e1a38,6.0,5,4.0,2.0,0.0,4.0,6.0,2.0,8.0,4.0,4.0,1,7.0,22.0,1.0
18b896d6,7.0,4,4.0,3.0,0.0,4.0,4.0,0.0,4.0,1.0,3.0,4,11.0,13.0,0.0
14b8fcdf,2.0,2,0.0,2.0,0.0,1.0,1.0,0.0,2.0,1.0,1.0,3,5.0,4.0,0.0
0b5a292a,3.0,3,3.0,0.0,0.0,1.0,2.0,1.0,2.0,2.0,0.0,3,6.0,3.0,0.0
c0c7ff58,3.0,0,1.0,1.0,1.0,2.0,8.0,6.0,2.0,0.0,2.0,1,4.0,2.0,0.0
12e7ac0a,0.0,0,0.0,0.0,0.0,0.0,1.0,1.0,1.0,0.0,1.0,0,0.0,0.0,0.0
4535e4bb,0.0,0,0.0,0.0,0.0,0.0,0.0,0.0,0.0,0.0,0.0,0,0.0,0.0,0.0
009a4f60,0.0,0,0.0,0.0,0.0,0.0,0.0,0.0,0.0,0.0,0.0,0,0.0,4.0,1.0
e280527c,10.0,8,7.0,2.0,1.0,5.0,7.0,2.0,4.0,1.0,3.0,5,15.0,3.0,0.0
ee251371,5.0,3,2.0,2.0,1.0,4.0,6.0,2.0,3.0,0.0,3.0,2,7.0,3.0,0.0
be6a794c,4.0,3,1.0,3.0,0.0,3.0,4.0,1.0,1.0,0.0,1.0,2,6.0,1.0,0.0
e342ad68,2.0,1,1.0,1.0,0.0,1.0,4.0,3.0,2.0,0.0,2.0,2,4.0,0.0,0.0
032f894e,3.0,0,2.0,1.0,0.0,2.0,3.0,1.0,3.0,1.0,2.0,1,4.0,0.0,0.0
2c0f8e9e,7.0,3,0.0,6.0,1.0,0.0,0.0,0.0,3.0,0.0,3.0,0,7.0,0.0,0.0
da7b447d,0.0,0,0.0,0.0,0.0,0.0,0.0,0.0,0.0,0.0,0.0,0,0.0,1.0,0.0
2f33776f,0.0,0,0.0,0.0,0.0,0.0,0.0,0.0,0.0,0.0,0.0,0,0.0,0.0,0.0
0d82903c,3.0,2,2.0,1.0,0.0,0.0,0.0,0.0,2.0,0.0,2.0,5,8.0,6.0,0.0
dccd127f,5.0,3,1.0,4.0,0.0,1.0,1.0,0.0,2.0,1.0,1.0,4,9.0,9.0,0.0
2b114be3,7.0,6,0.0,4.0,3.0,3.0,6.0,3.0,1.0,0.0,1.0,4,11.0,0.0,0.0
a6ee4f55,7.0,5,7.0,0.0,0.0,6.0,7.0,1.0,4.0,1.0,3.0,2,9.0,8.0,0.0
24051310,13.0,9,8.0,4.0,1.0,6.0,9.0,3.0,5.0,1.0,4.0,7,20.0,19.0,0.0
eaefa2d0,0.0,0,0.0,0.0,0.0,0.0,0.0,0.0,1.0,1.0,0.0,0,0.0,0.0,0.0
9744ff80,1.0,1,1.0,0.0,0.0,1.0,1.0,0.0,1.0,0.0,1.0,0,1.0,0.0,0.0
f6ac68c1,3.0,1,2.0,0.0,1.0,2.0,3.0,1.0,1.0,0.0,1.0,2,5.0,7.0,0.0
5d4f7d61,2.0,2,0.0,1.0,1.0,0.0,2.0,2.0,3.0,0.0,3.0,1,3.0,3.0,0.0
8f056768,11.0,7,4.0,7.0,0.0,7.0,12.0,5.0,12.0,3.0,9.0,5,16.0,2.0,1.0
34e12499,10.0,8,6.0,4.0,0.0,4.0,7.0,3.0,5.0,3.0,2.0,3,13.0,14.0,1.0
f07a0fe5,7.0,7,6.0,0.0,1.0,5.0,7.0,2.0,9.0,5.0,4.0,4,11.0,18.0,0.0
28c6e925,19.0,14,13.0,5.0,1.0,9.0,15.0,6.0,14.0,3.0,11.0,8,27.0,5.0,0.0
3260690c,3.0,1,0.0,1.0,2.0,1.0,1.0,0.0,4.0,1.0,3.0,0,3.0,2.0,0.0
6aa3e78b,9.0,7,4.0,3.0,2.0,2.0,4.0,2.0,1.0,0.0,1.0,2,11.0,8.0,1.0
fcea4f04,6.0,2,4.0,2.0,0.0,3.0,7.0,4.0,4.0,0.0,4.0,4,10.0,2.0,0.0
03998238,0.0,0,0.0,0.0,0.0,0.0,1.0,1.0,0.0,0.0,0.0,0,0.0,2.0,0.0
3effaa34,6.0,3,2.0,1.0,3.0,3.0,3.0,0.0,6.0,0.0,6.0,1,7.0,1.0,0.0
8f0435c7,10.0,7,9.0,1.0,0.0,6.0,9.0,3.0,10.0,3.0,7.0,11,21.0,27.0,0.0
3eb22ec9,6.0,2,2.0,2.0,2.0,4.0,9.0,5.0,2.0,0.0,2.0,2,8.0,2.0,0.0
70cf63ca,9.0,4,1.0,4.0,4.0,5.0,11.0,6.0,5.0,1.0,4.0,1,10.0,0.0,0.0
86e7deaf,8.0,6,6.0,1.0,1.0,3.0,3.0,0.0,5.0,4.0,1.0,6,14.0,23.0,0.0
fcb27134,16.0,9,5.0,9.0,2.0,10.0,17.0,7.0,2.0,0.0,2.0,11,27.0,6.0,0.0
343c0d52,3.0,2,0.0,2.0,1.0,1.0,2.0,1.0,3.0,0.0,3.0,0,3.0,2.0,0.0
a086ae11,0.0,0,0.0,0.0,0.0,0.0,0.0,0.0,0.0,0.0,0.0,0,0.0,0.0,0.0
6250083a,2.0,2,0.0,2.0,0.0,1.0,4.0,3.0,1.0,0.0,1.0,2,4.0,4.0,0.0
b35a7399,2.0,2,1.0,1.0,0.0,1.0,2.0,1.0,4.0,1.0,3.0,2,4.0,12.0,0.0
c50cee19,4.0,2,1.0,2.0,1.0,2.0,3.0,1.0,2.0,0.0,2.0,0,4.0,3.0,0.0
30f5ffa9,9.0,6,7.0,2.0,0.0,4.0,5.0,1.0,11.0,9.0,2.0,4,13.0,23.0,0.0
c967f6b8,1.0,1,1.0,0.0,0.0,0.0,0.0,0.0,2.0,0.0,2.0,5,6.0,12.0,0.0
2ccd89a3,3.0,1,3.0,0.0,0.0,2.0,3.0,1.0,1.0,0.0,1.0,2,5.0,3.0,0.0
fed17f5a,4.0,4,2.0,0.0,2.0,1.0,2.0,1.0,1.0,0.0,1.0,3,7.0,1.0,0.0
0670ee51,5.0,4,3.0,1.0,1.0,2.0,2.0,0.0,7.0,3.0,4.0,3,8.0,13.0,0.0
420c18a1,0.0,0,0.0,0.0,0.0,0.0,0.0,0.0,0.0,0.0,0.0,0,0.0,0.0,0.0
c13ddd3e,0.0,0,0.0,0.0,0.0,0.0,1.0,1.0,0.0,0.0,0.0,0,0.0,1.0,0.0
4c6facae,11.0,7,3.0,6.0,2.0,6.0,10.0,4.0,8.0,1.0,7.0,17,28.0,3.0,0.0
74b7375f,9.0,6,4.0,4.0,1.0,0.0,3.0,3.0,3.0,0.0,3.0,4,13.0,5.0,0.0
688fcea2,2.0,1,0.0,1.0,1.0,0.0,1.0,1.0,4.0,2.0,2.0,4,6.0,0.0,0.0
2d65a822,0.0,0,0.0,0.0,0.0,0.0,0.0,0.0,0.0,0.0,0.0,0,0.0,4.0,0.0
90339309,8.0,5,5.0,2.0,1.0,2.0,3.0,1.0,2.0,0.0,2.0,7,15.0,6.0,0.0
690d1049,3.0,1,1.0,1.0,1.0,1.0,6.0,5.0,8.0,2.0,6.0,3,6.0,2.0,0.0
eca17cf2,0.0,0,0.0,0.0,0.0,0.0,0.0,0.0,0.0,0.0,0.0,0,0.0,2.0,0.0
7ed08d5c,5.0,3,2.0,2.0,1.0,3.0,3.0,0.0,6.0,1.0,5.0,2,7.0,6.0,1.0
5cfec13d,0.0,0,0.0,0.0,0.0,0.0,0.0,0.0,3.0,3.0,0.0,0,0.0,5.0,0.0
d0b8e745,0.0,0,0.0,0.0,0.0,0.0,0.0,0.0,0.0,0.0,0.0,0,0.0,0.0,0.0
ee3519f5,18.0,11,12.0,5.0,1.0,10.0,28.0,18.0,2.0,1.0,1.0,12,30.0,21.0,1.0
b400bde0,6.0,1,2.0,4.0,0.0,2.0,4.0,2.0,2.0,0.0,2.0,0,6.0,2.0,0.0
5eecec3d,2.0,2,2.0,0.0,0.0,1.0,1.0,0.0,2.0,1.0,1.0,3,5.0,0.0,0.0
1e1378e1,5.0,3,1.0,1.0,3.0,3.0,10.0,7.0,9.0,1.0,8.0,4,9.0,3.0,0.0
a793f5a8,9.0,6,7.0,1.0,1.0,4.0,7.0,3.0,1.0,0.0,1.0,6,15.0,5.0,1.0
e33c06cf,5.0,5,5.0,0.0,0.0,3.0,4.0,1.0,8.0,5.0,3.0,6,11.0,21.0,0.0
141b0bd2,12.0,8,9.0,3.0,0.0,8.0,11.0,3.0,7.0,4.0,3.0,5,17.0,11.0,0.0
4e219ad2,3.0,2,0.0,2.0,1.0,0.0,4.0,4.0,2.0,1.0,1.0,1,4.0,1.0,0.0
33a6a650,12.0,6,11.0,1.0,0.0,6.0,8.0,2.0,12.0,6.0,6.0,9,21.0,27.0,0.0
d820a7c8,0.0,0,0.0,0.0,0.0,0.0,2.0,2.0,0.0,0.0,0.0,3,3.0,3.0,0.0
29c91632,5.0,1,5.0,0.0,0.0,3.0,3.0,0.0,7.0,5.0,2.0,4,9.0,15.0,1.0
01b8a2b2,0.0,0,0.0,0.0,0.0,0.0,1.0,1.0,0.0,0.0,0.0,0,0.0,1.0,0.0
934e1968,8.0,6,3.0,4.0,1.0,4.0,13.0,9.0,7.0,0.0,7.0,1,9.0,4.0,0.0
c8829a58,1.0,1,0.0,0.0,1.0,1.0,2.0,1.0,0.0,0.0,0.0,2,3.0,1.0,0.0
2475dcc6,6.0,3,1.0,3.0,2.0,4.0,8.0,4.0,8.0,1.0,7.0,0,6.0,5.0,0.0
bd142efb,8.0,6,3.0,5.0,0.0,4.0,8.0,4.0,8.0,5.0,3.0,2,10.0,26.0,0.0
e9971f2d,1.0,1,1.0,0.0,0.0,1.0,1.0,0.0,0.0,0.0,0.0,0,1.0,0.0,0.0
a73c8f95,6.0,5,4.0,2.0,0.0,4.0,5.0,1.0,2.0,1.0,1.0,4,10.0,18.0,0.0
4c2a5d34,7.0,5,0.0,3.0,4.0,3.0,8.0,5.0,5.0,0.0,5.0,1,8.0,10.0,0.0
b056e3da,0.0,0,0.0,0.0,0.0,0.0,0.0,0.0,0.0,0.0,0.0,0,0.0,4.0,0.0
a65c844b,11.0,8,2.0,4.0,5.0,4.0,9.0,5.0,9.0,3.0,6.0,4,15.0,7.0,0.0
be765073,11.0,5,6.0,5.0,0.0,8.0,11.0,3.0,7.0,4.0,3.0,6,17.0,13.0,1.0
30d75bfb,14.0,9,4.0,7.0,3.0,9.0,12.0,3.0,8.0,4.0,4.0,7,21.0,6.0,0.0
ad9b2747,6.0,3,3.0,3.0,0.0,3.0,6.0,3.0,4.0,0.0,4.0,4,10.0,3.0,0.0
d0a39bdf,7.0,2,5.0,2.0,0.0,2.0,6.0,4.0,4.0,1.0,3.0,3,10.0,15.0,0.0
f4d8ce5a,2.0,2,0.0,1.0,1.0,1.0,5.0,4.0,0.0,0.0,0.0,0,2.0,0.0,0.0
4f255115,8.0,6,4.0,3.0,1.0,4.0,4.0,0.0,5.0,0.0,5.0,4,12.0,2.0,0.0
829aa60c,1.0,1,1.0,0.0,0.0,1.0,1.0,0.0,3.0,0.0,3.0,2,3.0,0.0,0.0
e73c9bb2,8.0,4,3.0,1.0,4.0,4.0,7.0,3.0,7.0,2.0,5.0,4,12.0,10.0,1.0
6f51e382,0.0,0,0.0,0.0,0.0,0.0,0.0,0.0,0.0,0.0,0.0,0,0.0,0.0,0.0
6b994195,2.0,2,1.0,1.0,0.0,2.0,2.0,0.0,1.0,1.0,0.0,1,3.0,1.0,0.0
ff5ea0bf,7.0,3,4.0,3.0,0.0,3.0,5.0,2.0,2.0,1.0,1.0,3,10.0,2.0,0.0
b7c19c48,2.0,0,0.0,2.0,0.0,0.0,1.0,1.0,3.0,1.0,2.0,2,4.0,10.0,0.0
a5420709,10.0,5,3.0,4.0,3.0,6.0,9.0,3.0,2.0,0.0,2.0,3,13.0,4.0,0.0
41034650,4.0,1,1.0,3.0,0.0,1.0,1.0,0.0,9.0,6.0,3.0,8,12.0,14.0,1.0
7edfbb8a,9.0,7,4.0,5.0,0.0,3.0,5.0,2.0,4.0,2.0,2.0,1,10.0,10.0,0.0
0db169ae,12.0,8,3.0,8.0,1.0,5.0,6.0,1.0,6.0,3.0,3.0,1,13.0,5.0,0.0
04e531b6,2.0,2,0.0,2.0,0.0,0.0,0.0,0.0,1.0,1.0,0.0,1,3.0,0.0,1.0
9e1035f8,2.0,2,0.0,0.0,2.0,1.0,2.0,1.0,0.0,0.0,0.0,0,2.0,1.0,0.0
ab708880,0.0,0,0.0,0.0,0.0,0.0,0.0,0.0,0.0,0.0,0.0,0,0.0,1.0,0.0
ce17b5eb,0.0,0,0.0,0.0,0.0,0.0,0.0,0.0,0.0,0.0,0.0,0,0.0,0.0,0.0
77e39b04,5.0,4,1.0,4.0,0.0,2.0,4.0,2.0,3.0,0.0,3.0,2,7.0,3.0,0.0
41f0b196,0.0,0,0.0,0.0,0.0,0.0,1.0,1.0,0.0,0.0,0.0,0,0.0,1.0,1.0
f315ca93,5.0,3,1.0,4.0,0.0,2.0,3.0,1.0,4.0,2.0,2.0,2,7.0,4.0,0.0
aa34ed38,1.0,0,1.0,0.0,0.0,0.0,2.0,2.0,2.0,1.0,1.0,0,1.0,0.0,0.0
35d64857,18.0,10,12.0,5.0,1.0,8.0,20.0,12.0,6.0,0.0,6.0,8,26.0,25.0,1.0
d3dc62d1,0.0,0,0.0,0.0,0.0,0.0,0.0,0.0,0.0,0.0,0.0,0,0.0,0.0,0.0
c9817014,29.0,17,10.0,18.0,1.0,7.0,14.0,7.0,8.0,0.0,8.0,13,42.0,8.0,1.0
1a799243,7.0,1,2.0,3.0,2.0,3.0,9.0,6.0,3.0,0.0,3.0,4,11.0,13.0,0.0
7d3e7da6,0.0,0,0.0,0.0,0.0,0.0,0.0,0.0,0.0,0.0,0.0,0,0.0,0.0,0.0
1880614f,3.0,3,1.0,1.0,1.0,1.0,2.0,1.0,0.0,0.0,0.0,1,4.0,0.0,0.0
d248cd8f,11.0,5,7.0,4.0,0.0,5.0,6.0,1.0,7.0,3.0,4.0,11,22.0,17.0,0.0
b997c3de,10.0,8,3.0,6.0,1.0,3.0,13.0,10.0,6.0,3.0,3.0,10,20.0,10.0,0.0
0a69de7b,5.0,3,4.0,1.0,0.0,4.0,4.0,0.0,4.0,1.0,3.0,1,6.0,3.0,0.0
c2111b45,2.0,2,1.0,0.0,1.0,2.0,2.0,0.0,1.0,1.0,0.0,0,2.0,2.0,0.0
0959c2a2,12.0,3,4.0,4.0,4.0,6.0,12.0,6.0,10.0,1.0,9.0,8,20.0,5.0,0.0
e06683ca,3.0,2,2.0,1.0,0.0,0.0,2.0,2.0,4.0,4.0,0.0,1,4.0,18.0,0.0
392a7aea,5.0,3,2.0,2.0,1.0,2.0,5.0,3.0,10.0,2.0,8.0,4,9.0,11.0,0.0
08990838,3.0,1,3.0,0.0,0.0,2.0,3.0,1.0,7.0,6.0,1.0,7,10.0,22.0,0.0
fd51b456,4.0,1,1.0,3.0,0.0,0.0,3.0,3.0,1.0,0.0,1.0,3,7.0,4.0,0.0
4a56052c,16.0,9,5.0,10.0,1.0,6.0,9.0,3.0,4.0,1.0,3.0,2,18.0,5.0,0.0
5eaf85b5,0.0,0,0.0,0.0,0.0,0.0,0.0,0.0,0.0,0.0,0.0,0,0.0,0.0,0.0
6bc49da7,1.0,0,1.0,0.0,0.0,1.0,1.0,0.0,2.0,0.0,2.0,0,1.0,0.0,0.0
1467af0d,22.0,13,9.0,10.0,3.0,7.0,17.0,10.0,10.0,5.0,5.0,6,28.0,0.0,1.0
3b029691,6.0,5,2.0,3.0,1.0,1.0,7.0,6.0,6.0,1.0,5.0,11,17.0,1.0,0.0
03df04ff,0.0,0,0.0,0.0,0.0,0.0,1.0,1.0,1.0,0.0,1.0,0,0.0,3.0,0.0
79443529,1.0,1,0.0,1.0,0.0,0.0,2.0,2.0,2.0,1.0,1.0,0,1.0,4.0,0.0
aed44b64,5.0,2,2.0,2.0,1.0,2.0,5.0,3.0,3.0,2.0,1.0,2,7.0,5.0,0.0
d0d8dd44,9.0,4,8.0,1.0,0.0,3.0,4.0,1.0,6.0,4.0,2.0,4,13.0,17.0,0.0
86dd77d1,1.0,0,0.0,1.0,0.0,0.0,1.0,1.0,0.0,0.0,0.0,2,3.0,3.0,0.0
cb64672e,0.0,0,0.0,0.0,0.0,0.0,0.0,0.0,0.0,0.0,0.0,1,1.0,0.0,0.0
a8b8af8d,0.0,0,0.0,0.0,0.0,0.0,0.0,0.0,1.0,1.0,0.0,1,1.0,6.0,0.0
f9acca3a,3.0,1,2.0,1.0,0.0,1.0,3.0,2.0,2.0,0.0,2.0,1,4.0,3.0,0.0
49fe9070,2.0,0,1.0,1.0,0.0,0.0,5.0,5.0,3.0,0.0,3.0,0,2.0,1.0,1.0
83300259,1.0,0,0.0,1.0,0.0,1.0,1.0,0.0,1.0,0.0,1.0,2,3.0,4.0,0.0
c19a2df1,1.0,1,1.0,0.0,0.0,1.0,1.0,0.0,0.0,0.0,0.0,0,1.0,0.0,0.0
5dfc6ad5,6.0,3,4.0,2.0,0.0,3.0,6.0,3.0,10.0,9.0,1.0,3,9.0,8.0,0.0
4b803b3c,9.0,6,6.0,2.0,1.0,3.0,5.0,2.0,3.0,1.0,2.0,0,9.0,5.0,0.0
fa661778,2.0,2,0.0,1.0,1.0,2.0,4.0,2.0,2.0,0.0,2.0,2,4.0,2.0,0.0
e9b0ccaf,3.0,1,1.0,1.0,1.0,1.0,2.0,1.0,0.0,0.0,0.0,1,4.0,2.0,0.0
cb641b9d,1.0,1,0.0,0.0,1.0,0.0,0.0,0.0,0.0,0.0,0.0,0,1.0,0.0,0.0
94721522,1.0,0,1.0,0.0,0.0,0.0,2.0,2.0,0.0,0.0,0.0,3,4.0,2.0,0.0
6b9960cf,2.0,2,1.0,1.0,0.0,2.0,4.0,2.0,0.0,0.0,0.0,0,2.0,0.0,0.0
384d58d9,0.0,0,0.0,0.0,0.0,0.0,0.0,0.0,0.0,0.0,0.0,2,2.0,0.0,0.0
6bb2c084,11.0,6,4.0,3.0,4.0,3.0,5.0,2.0,3.0,1.0,2.0,12,23.0,4.0,0.0
3b12b11f,2.0,2,2.0,0.0,0.0,1.0,1.0,0.0,0.0,0.0,0.0,1,3.0,0.0,0.0
f15b778f,4.0,0,2.0,2.0,0.0,2.0,6.0,4.0,7.0,1.0,6.0,3,7.0,2.0,0.0
d19ef4ef,2.0,1,0.0,1.0,1.0,0.0,1.0,1.0,4.0,1.0,3.0,0,2.0,0.0,0.0
a5296e55,3.0,0,0.0,3.0,0.0,0.0,1.0,1.0,2.0,0.0,2.0,3,6.0,2.0,1.0
6622454d,0.0,0,0.0,0.0,0.0,0.0,4.0,4.0,6.0,1.0,5.0,2,2.0,0.0,0.0
adfbe1f5,7.0,4,4.0,2.0,1.0,0.0,2.0,2.0,4.0,0.0,4.0,4,11.0,3.0,0.0
37557ec4,1.0,0,0.0,0.0,1.0,0.0,0.0,0.0,1.0,1.0,0.0,4,5.0,2.0,0.0
