id,CrdY,CrdR,2CrdY,Fls,Fld,Off,PKwon,PKcon,OG
7f9c5d2d,2,0,0,7,2,0,0.0,1.0,0
be6faae0,0,0,0,0,0,0,0.0,0.0,0
81442ecb,6,1,0,22,23,1,0.0,1.0,0
a2c1a8d3,0,0,0,0,0,0,0.0,0.0,0
014aa7bd,3,0,0,7,17,0,0.0,1.0,0
18abe173,4,0,0,13,9,0,0.0,1.0,0
06efa9dc,4,0,0,18,15,0,0.0,0.0,0
31f5b89b,2,0,0,4,3,0,0.0,0.0,0
05439de2,3,0,0,7,3,0,0.0,1.0,0
455c26a4,0,0,0,2,1,0,0.0,0.0,0
99ea2ddd,2,1,1,4,3,0,0.0,0.0,0
4601e194,4,1,1,7,3,8,0.0,0.0,0
4bd414c1,5,0,0,16,12,0,0.0,0.0,0
036bba5f,8,1,1,27,21,0,0.0,0.0,0
bb08bce9,4,0,0,12,6,0,0.0,0.0,0
3d7e48ce,9,1,1,29,26,1,0.0,1.0,0
6c811eb7,10,1,1,43,39,2,0.0,0.0,0
b907d169,0,0,0,2,0,0,0.0,0.0,0
acc1aefa,2,0,0,20,8,0,0.0,0.0,0
f8405304,1,0,0,5,7,2,1.0,0.0,0
e6697917,2,0,0,17,22,0,0.0,0.0,0
f4290206,1,0,0,7,5,0,0.0,1.0,0
629081bd,1,0,0,1,0,0,0.0,0.0,0
852ddfb8,4,1,0,15,9,0,0.0,1.0,0
3ecc11d8,5,1,0,16,18,1,0.0,1.0,0
00eba9c9,0,1,0,1,2,1,0.0,0.0,0
f3b1d9a2,2,0,0,15,7,3,1.0,0.0,0
22721b88,2,1,1,2,2,1,0.0,0.0,0
fdd26d71,2,1,0,7,1,0,0.0,1.0,0
c93231dc,1,0,0,3,6,1,0.0,0.0,0
58afe001,4,1,1,19,11,0,0.0,0.0,1
2bef2bca,4,0,0,6,6,1,0.0,0.0,0
1e465e70,0,0,0,0,0,0,0.0,0.0,0
6091cf45,0,0,0,0,0,0,0.0,0.0,0
5d133e96,0,0,0,0,0,0,0.0,0.0,0
759d8dd7,0,0,0,4,2,0,0.0,0.0,0
9f0ea33f,0,0,0,0,2,0,0.0,0.0,0
45af8a54,1,0,0,6,7,1,1.0,1.0,0
7dcf86f6,4,0,0,11,46,9,0.0,0.0,0
d5dd5f1f,0,0,0,0,0,0,0.0,0.0,0
9fec8860,0,0,0,0,0,0,0.0,0.0,0
253a06b9,6,1,0,13,31,11,0.0,0.0,0
bfd381b3,4,0,0,26,17,0,0.0,0.0,0
075fe5a3,3,0,0,15,2,0,0.0,0.0,0
114bbdee,0,0,0,3,1,0,0.0,0.0,0
e4346678,2,0,0,1,2,0,0.0,1.0,0
518f2234,11,1,1,39,38,1,1.0,1.0,0
5ccc9672,2,0,0,18,13,2,0.0,0.0,0
1fe67e86,0,0,0,1,0,0,0.0,0.0,0
cee88597,4,0,0,24,22,5,0.0,1.0,2
35f6db55,5,0,0,24,13,6,0.0,0.0,0
03049c8c,0,0,0,9,7,0,0.0,0.0,0
aad53e64,1,0,0,10,10,4,0.0,0.0,0
200e89e1,3,0,0,11,3,0,0.0,0.0,0
45736cec,1,0,0,5,5,0,0.0,0.0,0
d637fc22,5,0,0,11,11,0,0.0,2.0,0
d8712bf9,1,0,0,2,2,0,0.0,0.0,0
f874dd44,0,0,0,2,0,0,0.0,0.0,0
ed5c5fa3,3,0,0,16,9,2,0.0,0.0,0
70d74ece,1,0,0,7,4,16,2.0,0.0,0
b6e50615,6,1,1,17,16,2,0.0,0.0,0
dc1c2fce,0,0,0,30,18,13,0.0,0.0,0
697295b1,3,2,0,9,10,0,1.0,1.0,0
47c609d5,0,0,0,25,4,13,0.0,0.0,0
506daeac,0,0,0,2,1,0,0.0,0.0,0
1657f448,1,0,0,1,0,0,0.0,0.0,0
0da6a13e,0,0,0,7,17,3,0.0,0.0,0
7f271d74,0,0,0,1,0,0,0.0,0.0,0
f6798fc3,2,0,0,0,1,0,0.0,0.0,0
d49f3e6b,3,1,0,34,27,8,0.0,0.0,0
fd771f95,3,1,0,13,26,8,0.0,0.0,0
2475cf9b,2,0,0,5,1,0,0.0,0.0,0
4accb7e0,4,0,0,14,13,3,0.0,0.0,0
10072610,1,0,0,0,0,0,0.0,0.0,0
7b5ab7f2,1,0,0,4,3,0,0.0,0.0,0
8f3565b3,2,0,0,28,17,7,1.0,0.0,0
edc98fac,5,1,1,24,23,2,1.0,0.0,0
5ab0ea87,6,1,1,20,30,0,0.0,0.0,0
69cbc8b6,5,2,1,20,10,1,0.0,0.0,1
fe05804b,0,0,0,1,5,0,0.0,0.0,0
41b3069f,3,0,0,15,7,1,0.0,0.0,0
af34f10d,0,0,0,1,0,0,0.0,0.0,0
7b9c2d84,3,0,0,17,44,3,0.0,0.0,0
873619c6,1,0,0,9,16,10,0.0,0.0,0
a6de370d,4,1,1,8,22,3,0.0,0.0,0
37f1cf47,0,0,0,2,0,0,0.0,0.0,0
5acc4a10,1,0,0,12,27,0,0.0,0.0,0
c4b888df,2,2,0,11,15,1,0.0,1.0,0
688b96e3,0,0,0,0,0,0,0.0,0.0,0
5b93209a,0,0,0,1,1,0,0.0,0.0,0
5b93209a,0,0,0,2,5,0,0.0,0.0,0
2dce876a,4,1,1,14,4,1,0.0,0.0,0
2dce876a,6,1,1,14,6,0,0.0,0.0,0
de39485a,1,0,0,12,9,3,0.0,0.0,0
4958bfb2,3,0,0,11,10,4,0.0,1.0,0
dee86451,4,1,0,19,23,1,0.0,0.0,0
4d224fe8,0,0,0,1,0,0,0.0,0.0,0
da76bab4,7,0,0,29,29,20,0.0,0.0,0
130a7a3f,6,0,0,28,29,5,0.0,0.0,0
274ab13c,9,1,1,18,14,1,0.0,0.0,0
527f063d,4,0,0,13,6,10,0.0,0.0,0
c0617e2b,2,0,0,8,19,0,0.0,0.0,0
ae852b7d,0,1,0,0,0,0,0.0,0.0,0
5e1028e5,0,1,0,21,27,1,0.0,0.0,0
63c5e56b,1,0,0,4,3,0,0.0,0.0,0
873ce3a2,0,1,0,1,0,0,0.0,0.0,0
1cb49278,2,0,0,11,5,0,0.0,0.0,0
b8a642fc,1,0,0,11,19,6,0.0,0.0,0
ec1a731e,3,0,0,8,2,1,0.0,1.0,0
9a0408b6,4,0,0,28,10,0,0.0,0.0,0
33a61a52,1,0,0,14,14,2,0.0,0.0,0
85dace26,1,0,0,8,6,1,0.0,0.0,0
b3f62bfc,0,0,0,0,0,0,0.0,0.0,0
15937e17,4,1,0,20,10,1,0.0,0.0,0
5ae499d0,3,0,0,30,14,2,0.0,0.0,0
0f26ffd7,6,0,0,28,16,2,0.0,1.0,0
a6951bf8,2,0,0,11,7,0,0.0,0.0,0
fb938d24,0,0,0,1,3,0,0.0,0.0,0
01eb744d,2,1,0,9,14,5,0.0,0.0,0
c78b352d,3,0,0,25,35,1,1.0,0.0,0
808d48f3,6,0,0,22,26,6,0.0,0.0,0
76c2a023,3,0,0,34,26,3,0.0,0.0,0
1840e36d,0,0,0,0,2,0,0.0,0.0,0
1944818c,1,0,0,7,9,1,0.0,0.0,0
a56da3ba,5,0,0,13,7,1,0.0,0.0,0
cc2dd8a5,0,0,0,3,2,1,0.0,0.0,0
0abc51f2,1,0,0,4,1,0,0.0,1.0,0
192c89a6,0,0,0,5,3,2,0.0,0.0,0
dc62b55d,2,0,0,7,6,1,0.0,0.0,0
f9a225f5,1,0,0,1,0,0,0.0,0.0,0
f08490a6,0,0,0,2,7,3,0.0,0.0,0
070a3904,2,0,0,16,53,2,0.0,0.0,0
162efffd,3,0,0,17,26,0,0.0,0.0,0
84a85b48,0,0,0,0,0,0,0.0,0.0,0
fe641c1a,3,0,0,4,5,1,0.0,0.0,0
e7d2a50b,0,0,0,0,0,0,0.0,0.0,0
b19db005,4,0,0,14,13,3,0.0,0.0,0
d2110326,6,1,1,14,5,1,0.0,0.0,0
80211dc5,0,0,0,1,1,0,0.0,0.0,0
d61759ec,1,0,0,1,0,0,0.0,0.0,0
fc70e345,3,0,0,0,2,0,0.0,0.0,0
a461f098,0,0,0,0,0,0,0.0,0.0,0
a4971d84,6,0,0,24,26,1,0.0,1.0,0
ac295d9e,1,0,0,0,1,0,0.0,0.0,0
cc83b74d,0,0,0,2,4,0,0.0,0.0,0
3521abfe,0,0,0,0,0,0,0.0,0.0,0
5e95c000,0,1,0,2,1,0,0.0,0.0,0
93090f69,7,0,0,23,18,1,0.0,1.0,1
6db116ec,0,0,0,1,0,1,0.0,0.0,0
37e103f8,3,0,0,11,20,3,0.0,0.0,0
3e93f8cf,4,0,0,6,5,0,0.0,0.0,0
f7dc2ae5,4,1,0,17,8,0,0.0,0.0,0
fd47b4f2,5,1,1,17,8,2,0.0,0.0,1
db8f0eba,5,1,1,12,14,7,0.0,0.0,0
db8f0eba,0,0,0,1,1,0,0.0,0.0,0
04e17fd5,3,0,0,3,5,10,0.0,0.0,0
3f79a1c8,2,0,0,7,2,0,0.0,0.0,0
b0616e3d,2,0,0,9,8,1,0.0,0.0,0
db001fa9,6,0,0,31,19,1,0.0,2.0,0
4242011c,3,0,0,7,6,0,0.0,1.0,0
283c7121,3,0,0,13,21,0,0.0,0.0,0
3409de86,2,0,0,7,7,0,0.0,0.0,1
bed68338,3,1,1,17,17,0,0.0,0.0,0
66116290,4,0,0,14,11,11,0.0,0.0,0
72a84002,4,0,0,11,15,1,0.0,0.0,0
805a2a11,0,0,0,1,0,0,0.0,0.0,0
0ba976e4,2,0,0,12,9,7,0.0,0.0,0
89151b16,1,0,0,4,2,0,0.0,1.0,0
bece776f,4,1,0,21,39,7,1.0,0.0,0
51a3c4c8,0,0,0,4,3,0,0.0,0.0,0
15d0c248,1,3,0,7,5,0,0.0,0.0,0
8aafd64f,5,0,0,16,23,3,0.0,0.0,0
e5d01ecf,0,0,0,6,8,0,0.0,0.0,0
a01c3d54,1,0,0,0,0,0,0.0,0.0,0
aa677a35,0,0,0,3,12,0,0.0,0.0,0
f127d782,0,0,0,0,2,0,0.0,0.0,0
e08647d6,4,0,0,9,6,6,0.0,0.0,0
f25b010f,0,0,0,0,0,0,0.0,0.0,0
b86a64b2,3,0,0,10,6,2,0.0,0.0,0
dabb2827,2,0,0,0,4,0,0.0,0.0,0
41f32541,2,1,0,13,7,0,0.0,0.0,1
eb82b6f1,3,0,0,4,9,6,0.0,0.0,0
45e17712,3,0,0,19,5,0,0.0,0.0,0
6c7762c3,2,0,0,17,5,0,0.0,1.0,0
29d0f2ac,1,0,0,7,12,0,0.0,0.0,0
a4b00319,2,0,0,30,46,4,0.0,0.0,0
91f7631f,7,0,0,38,23,0,0.0,0.0,0
a10361d2,1,0,0,13,26,0,0.0,0.0,0
90bbd822,4,0,0,23,18,7,1.0,0.0,0
e7f4603c,1,0,0,2,7,2,0.0,0.0,0
661e2822,0,0,0,0,0,0,0.0,0.0,0
240d3a0b,3,0,0,16,9,0,0.0,0.0,0
3e42f707,6,1,0,37,12,0,0.0,1.0,0
2bed3eab,3,0,0,13,4,0,0.0,1.0,0
7226539b,1,0,0,16,15,3,0.0,2.0,0
b418dbd4,2,0,0,10,15,6,0.0,0.0,0
5c96b017,2,0,0,9,8,0,0.0,0.0,0
4a633cfe,6,1,0,17,2,0,0.0,1.0,0
9a26fa06,0,0,0,2,1,0,0.0,0.0,0
475a738b,0,0,0,1,0,0,0.0,0.0,0
19cae58d,5,0,0,53,36,7,0.0,0.0,0
63d17038,2,0,0,0,5,0,0.0,0.0,0
6652cf96,7,0,0,31,24,0,0.0,0.0,0
18017beb,0,0,0,1,1,1,0.0,0.0,0
0e5ddc7c,2,0,0,2,2,4,0.0,0.0,0
4c2e9442,0,0,0,4,3,1,0.0,0.0,0
5a626448,4,0,0,11,21,1,0.0,0.0,0
6e4df551,4,0,0,4,14,2,0.0,1.0,0
bc6f5f06,1,1,0,6,4,0,0.0,0.0,0
4ac7608e,4,0,0,16,5,0,0.0,1.0,0
49d028db,6,1,1,15,9,0,0.0,0.0,0
1fc474ae,3,0,0,9,11,0,0.0,0.0,0
2c56a792,1,0,0,14,5,0,0.0,1.0,1
56545648,1,0,0,1,4,0,0.0,0.0,0
6f5f82c0,2,0,0,7,7,0,0.0,0.0,0
ee45d138,1,0,0,4,2,0,0.0,0.0,0
3f034750,1,0,0,0,1,0,0.0,0.0,0
8b298f56,7,0,0,19,13,0,0.0,0.0,0
df69b544,0,0,0,16,24,5,0.0,0.0,0
ef322658,4,0,0,10,6,0,0.0,0.0,0
32974271,1,0,0,14,9,4,0.0,0.0,0
32974271,0,0,0,2,3,1,0.0,0.0,0
0076ab7f,5,0,0,12,14,0,0.0,0.0,0
8e48dc61,1,0,0,2,3,0,0.0,0.0,0
7155e3e1,1,0,0,8,20,0,0.0,0.0,0
f7c12fbf,5,0,0,25,29,0,0.0,1.0,1
ac454a4f,8,0,0,32,9,0,0.0,0.0,0
6b5ea2f4,1,0,0,13,4,12,0.0,0.0,0
0b2c8585,1,0,0,7,16,0,0.0,0.0,0
7e98cff1,5,0,0,16,13,0,0.0,0.0,0
8696bc90,3,0,0,10,23,1,0.0,0.0,0
e0979e74,0,0,0,0,1,0,0.0,0.0,0
a39bb753,0,0,0,0,3,0,0.0,0.0,0
8059806f,4,0,0,13,27,2,0.0,0.0,0
555f3a0b,5,2,2,9,5,1,0.0,0.0,0
132ac341,0,0,0,6,5,0,0.0,0.0,0
02d2c436,5,1,1,12,4,2,0.0,0.0,0
90162357,0,0,0,0,0,0,0.0,0.0,0
436a9dd0,3,1,0,11,4,0,0.0,0.0,0
a4995f48,3,0,0,1,1,0,0.0,1.0,0
e778654a,2,0,0,29,18,1,0.0,0.0,0
139560df,1,0,0,0,2,0,0.0,0.0,0
b85bf253,2,0,0,7,1,0,0.0,1.0,0
3701906c,0,0,0,9,4,1,0.0,0.0,0
974322dc,3,0,0,29,13,1,0.0,0.0,0
75645f0e,0,1,0,30,37,15,0.0,0.0,0
5ce0b5ba,3,0,0,15,10,0,0.0,0.0,0
8e92be30,0,0,0,1,0,0,0.0,0.0,0
a0b4bb3e,5,0,0,11,34,6,0.0,0.0,0
9c36ed83,1,0,0,20,11,6,0.0,0.0,0
4737cebe,0,0,0,1,2,0,0.0,0.0,0
9a76c2e9,1,0,0,2,8,0,0.0,0.0,0
eeba07f8,1,0,0,13,6,2,0.0,0.0,0
4c5b14d2,2,0,0,0,6,0,0.0,0.0,0
1bacc518,2,0,0,18,21,1,0.0,0.0,0
2a0c8ba4,5,0,0,20,11,0,0.0,0.0,0
0107757e,0,0,0,0,0,0,0.0,0.0,0
5b28b2f6,3,0,0,6,6,4,0.0,1.0,0
d87e2cae,0,0,0,2,2,0,0.0,0.0,0
6265208f,1,0,0,12,48,7,2.0,0.0,0
84399660,3,0,0,8,16,14,0.0,0.0,0
1633fc8a,3,0,0,8,1,0,0.0,1.0,0
360d70f8,0,0,0,3,1,0,0.0,0.0,0
7111d552,6,0,0,38,84,15,1.0,0.0,0
7d08063d,0,0,0,3,1,0,0.0,0.0,0
55634fb8,5,0,0,7,3,0,0.0,1.0,0
8455ad90,6,0,0,29,30,1,0.0,0.0,0
211589b8,1,0,0,3,4,3,0.0,0.0,0
5eebbfdf,1,0,0,3,0,0,0.0,0.0,0
05e19d6a,4,0,0,13,10,2,0.0,0.0,0
e897d8ba,3,0,0,20,18,4,2.0,0.0,0
4c3a6744,2,0,0,11,12,2,1.0,0.0,0
55126f3b,4,0,0,14,19,0,0.0,0.0,0
fc076f78,0,0,0,0,0,0,0.0,0.0,0
cce181df,4,0,0,15,18,2,0.0,0.0,0
4d1666ff,1,0,0,13,7,1,0.0,0.0,1
6ce1f46f,2,1,1,16,20,0,0.0,0.0,0
16aa3654,2,0,0,24,26,16,1.0,0.0,0
60abea75,4,0,0,16,5,0,0.0,1.0,0
e9241b40,1,0,0,16,4,2,0.0,0.0,0
abe66106,7,1,1,48,16,7,0.0,0.0,0
e7af9060,1,0,0,5,5,10,0.0,0.0,0
2bea832e,0,0,0,5,5,0,0.0,0.0,0
8e088e04,1,0,0,5,6,4,0.0,0.0,0
86ff856b,0,0,0,1,5,1,0.0,0.0,0
9a64e67e,4,0,0,21,17,1,0.0,0.0,1
2fa2a875,1,1,0,1,0,0,0.0,0.0,1
6c4776b1,0,0,0,1,5,0,0.0,1.0,0
6eaed4eb,5,1,1,18,8,4,0.0,1.0,0
59b7d823,1,0,0,14,5,1,0.0,0.0,0
4dbd0916,0,0,0,4,7,1,0.0,0.0,0
0a0cc13c,0,1,0,5,16,14,0.0,0.0,0
8d78e732,2,1,1,26,26,12,0.0,0.0,0
ff800ed8,1,0,0,3,3,0,0.0,0.0,0
38b0cf42,0,0,0,0,0,2,0.0,0.0,0
02c15616,2,0,0,20,11,1,0.0,0.0,0
d7553721,1,0,0,7,14,3,0.0,0.0,0
f03f284b,3,0,0,9,9,3,0.0,0.0,0
73683fa9,0,0,0,0,0,0,0.0,0.0,0
88050721,1,0,0,15,13,1,0.0,0.0,0
38699c72,3,0,0,35,27,7,0.0,0.0,0
ea610f00,1,0,0,1,0,0,0.0,0.0,0
b05e2dbd,3,0,0,8,11,6,1.0,0.0,0
4a478107,1,0,0,4,9,3,0.0,0.0,0
3061e1ec,0,0,0,0,0,0,0.0,0.0,0
922da988,0,0,0,0,3,0,0.0,0.0,0
ed6ea4d9,1,0,0,7,7,1,0.0,0.0,0
5db04597,4,1,0,20,36,3,0.0,0.0,0
01a49bd2,0,1,0,4,1,0,0.0,0.0,0
d4808594,0,0,0,1,1,0,0.0,0.0,0
00b28772,0,0,0,6,5,0,0.0,0.0,0
cb574619,3,0,0,30,14,4,0.0,1.0,0
bbc19252,0,0,0,2,0,0,0.0,0.0,0
d4b73232,2,0,0,1,2,0,0.0,1.0,0
c20bdcd7,4,0,0,32,30,0,0.0,0.0,0
fbd6378b,0,0,0,10,5,2,0.0,0.0,0
ae86d473,2,1,0,9,12,1,0.0,0.0,0
133faa84,2,0,0,5,6,0,0.0,0.0,0
853b7c48,2,0,0,0,4,0,0.0,0.0,0
9f323c71,4,0,0,29,10,2,0.0,0.0,1
6f4c734d,2,0,0,4,7,0,0.0,0.0,0
f0da930c,6,0,0,9,5,0,0.0,1.0,0
5c4dc0ff,2,0,0,3,0,1,0.0,0.0,0
a83c19cf,1,0,0,12,2,0,0.0,0.0,0
0ae4e09a,2,0,0,16,11,4,0.0,0.0,0
0ae4e09a,1,0,0,9,5,6,0.0,0.0,0
e1e75690,0,0,0,2,0,0,0.0,0.0,0
2ae30661,1,0,0,4,3,0,0.0,0.0,0
ae48c5cb,0,0,0,7,2,1,1.0,0.0,0
c3e66ffe,7,0,0,18,42,5,0.0,0.0,0
3fc45c73,1,0,0,8,9,2,0.0,0.0,0
937c6ae6,0,0,0,0,0,0,0.0,0.0,0
11fd2b75,5,0,0,17,13,0,0.0,0.0,0
8fae77ea,2,0,0,0,3,0,0.0,0.0,0
02319ad7,2,0,0,5,1,0,0.0,0.0,0
64e8ed6d,4,0,0,14,32,7,1.0,0.0,0
8aae94b9,0,0,0,3,1,2,0.0,0.0,0
3902e91b,3,0,0,13,22,3,0.0,0.0,0
8f696594,0,0,0,2,2,1,0.0,0.0,0
8f696594,1,0,0,1,1,0,0.0,0.0,0
1545cf15,1,0,0,8,3,0,0.0,1.0,0
c9e39d91,5,0,0,43,34,1,0.0,0.0,0
b151a3f2,0,0,0,0,0,0,0.0,0.0,0
3cefcaef,2,0,0,4,17,0,0.0,0.0,0
d080ed5e,4,0,0,42,28,2,0.0,0.0,0
7c4243d4,5,0,0,28,24,0,0.0,1.0,0
2784f898,2,0,0,20,24,1,0.0,1.0,0
19c36442,3,1,1,18,10,1,0.0,1.0,0
335039a2,4,0,0,13,33,7,1.0,0.0,0
1fda2b14,1,0,0,2,0,0,0.0,0.0,0
056269d7,2,0,0,16,6,1,0.0,2.0,0
bbf5c11b,1,0,0,9,8,12,0.0,0.0,0
ead61f73,0,0,0,4,5,0,0.0,0.0,0
e6777e6b,3,0,0,7,3,0,0.0,0.0,0
6025fab1,5,0,0,16,12,1,0.0,0.0,0
608f2092,0,0,0,3,12,0,0.0,0.0,0
608f2092,2,0,0,4,3,0,0.0,1.0,0
23610943,5,1,0,14,10,1,0.0,0.0,0
9939e168,4,0,0,22,7,2,1.0,0.0,0
8ac501f5,7,0,0,30,13,0,0.0,1.0,0
28e957d7,2,0,0,4,3,0,0.0,0.0,0
374d5158,4,1,0,11,5,9,0.0,0.0,0
5cec2487,0,0,0,1,2,0,0.0,0.0,0
129af0db,3,0,0,25,40,19,0.0,0.0,0
b7d7f3bf,0,0,0,1,1,0,0.0,0.0,0
11b9265b,5,0,0,17,5,1,0.0,0.0,0
16e9d0ea,1,0,0,17,19,1,0.0,1.0,0
a21417e2,0,0,0,3,4,1,0.0,0.0,0
81f0781e,2,0,0,8,7,11,0.0,0.0,0
004d185e,3,0,0,19,15,5,1.0,1.0,0
f4c69aa6,4,1,1,24,25,0,0.0,0.0,0
a0255c67,0,1,0,1,1,0,0.0,0.0,0
a0255c67,0,0,0,1,0,0,0.0,0.0,0
3aa4a3be,1,0,0,2,0,0,0.0,0.0,0
dc1ce4f5,0,0,0,0,1,0,0.0,0.0,0
5487adcd,0,0,0,1,3,0,0.0,0.0,0
c05dfb74,2,0,0,9,48,0,0.0,0.0,0
228b0d9d,0,0,0,14,4,0,0.0,0.0,0
49a6ecbb,0,0,0,1,0,1,0.0,0.0,0
175ece4c,0,0,0,3,1,0,0.0,0.0,0
44e8521b,0,0,0,2,1,0,0.0,0.0,0
0cadc46d,4,1,0,38,22,20,0.0,0.0,0
b51b1b9c,8,0,0,28,26,2,0.0,0.0,0
2946f9a1,4,0,0,10,8,2,0.0,0.0,1
485e4939,0,0,0,1,9,1,0.0,0.0,0
f35430a4,2,0,0,10,0,1,0.0,0.0,0
c997b942,2,0,0,8,6,5,0.0,0.0,0
3f10bd22,3,0,0,4,22,5,0.0,0.0,1
63b0ca6b,0,0,0,3,7,3,0.0,0.0,0
5853ac44,1,1,0,8,9,0,0.0,0.0,0
c14bc029,7,0,0,25,2,1,0.0,1.0,0
81d5c497,0,0,0,1,0,0,0.0,0.0,0
c487901c,0,0,0,1,0,0,0.0,0.0,0
a6103274,0,0,0,2,2,0,0.0,0.0,0
a6103274,0,1,0,4,5,0,0.0,0.0,0
be170419,6,0,0,19,18,1,0.0,0.0,1
ee8508c0,1,0,0,0,3,0,0.0,0.0,0
2e3995cd,2,0,0,32,27,2,0.0,0.0,0
a08b974a,3,0,0,4,7,3,0.0,0.0,0
1d1691ad,0,0,0,0,0,0,0.0,0.0,0
3d99999d,0,0,0,1,4,0,0.0,0.0,0
4cee5954,3,0,0,10,14,2,0.0,0.0,0
a3e4bf46,6,0,0,27,12,3,0.0,0.0,0
5132b92c,1,0,0,10,8,1,0.0,0.0,0
7c363088,4,0,0,21,34,2,0.0,0.0,0
f9358b61,0,0,0,0,0,0,0.0,0.0,0
8c3c640c,0,0,0,3,7,5,0.0,0.0,0
9a93efc9,1,0,0,3,5,0,0.0,0.0,0
97852360,0,0,0,0,0,0,0.0,0.0,0
97852360,0,0,0,0,0,0,0.0,0.0,0
44150beb,2,0,0,9,5,0,0.0,1.0,0
962e54cb,2,1,0,10,12,0,0.0,0.0,0
ac8b2421,5,0,0,23,13,0,0.0,0.0,0
49dbab27,4,0,0,23,63,7,0.0,0.0,0
b906757a,1,0,0,5,2,0,0.0,0.0,0
7460ca0d,3,0,0,17,43,0,0.0,0.0,0
e2dcc60e,0,0,0,0,0,0,0.0,0.0,0
647d39d2,0,0,0,0,0,0,0.0,0.0,0
881ef58c,0,0,0,1,0,0,0.0,0.0,0
b7ca5c51,2,1,0,9,9,0,0.0,1.0,0
63f04c6c,1,0,0,12,11,1,0.0,0.0,0
0d9b2d31,2,0,0,8,36,3,0.0,0.0,0
1f079188,1,1,0,16,4,0,0.0,0.0,0
5496cc91,0,0,0,0,2,0,0.0,0.0,0
819aa8e7,0,0,0,4,3,1,2.0,0.0,0
a8f21b9f,3,0,0,19,18,5,0.0,0.0,0
3d79a68c,1,0,0,2,2,2,0.0,0.0,0
237a3851,5,0,0,31,40,3,0.0,0.0,0
a300ac7e,3,0,0,5,4,6,0.0,0.0,0
b7c04927,2,0,0,8,11,2,0.0,0.0,0
8c725b43,2,2,0,13,12,1,0.0,0.0,0
64ba07c0,2,1,1,3,2,0,0.0,0.0,0
540ec57b,3,0,0,42,30,9,0.0,0.0,0
adfc9123,2,1,0,7,2,0,0.0,0.0,0
7c388b20,2,0,0,18,35,4,1.0,0.0,0
54bcdeb0,0,0,0,7,23,2,1.0,0.0,0
ccbbe661,2,0,0,27,7,7,1.0,0.0,0
8e010ff4,1,0,0,1,2,1,0.0,0.0,0
1bda5842,5,1,1,15,15,6,0.0,0.0,0
fc8b614b,0,0,0,2,3,0,0.0,0.0,0
3c16d927,0,0,0,4,8,0,0.0,0.0,0
d1b060e2,0,0,0,2,4,1,0.0,0.0,0
2683eda7,3,0,0,9,14,4,0.0,0.0,0
39352da2,3,0,0,2,7,1,0.0,1.0,0
41fb0f4e,3,1,1,5,11,0,0.0,0.0,0
b857bd29,7,0,0,27,17,2,1.0,0.0,0
58ad9383,3,0,0,1,3,0,0.0,1.0,0
89f951b5,3,1,0,12,17,1,0.0,0.0,0
cc9256ef,4,0,0,23,11,10,0.0,0.0,0
44e07fac,0,0,0,4,2,0,0.0,0.0,0
3423f250,5,0,0,8,22,10,0.0,0.0,0
3353737a,2,1,1,1,3,1,0.0,0.0,0
e358587b,1,0,0,0,0,0,0.0,0.0,0
6b21b7b5,1,0,0,2,10,1,0.0,0.0,0
3376a776,1,0,0,13,3,0,0.0,0.0,0
374ee424,1,0,0,0,0,0,0.0,0.0,0
14d5b7ac,0,0,0,0,0,0,0.0,0.0,0
b3b9b8b8,0,0,0,0,0,0,0.0,0.0,0
ce8039aa,3,0,0,15,14,1,0.0,0.0,0
d9ba39fc,3,0,0,19,23,1,0.0,0.0,0
65154df0,0,0,0,17,24,4,0.0,0.0,0
335fa267,1,0,0,8,8,1,0.0,0.0,0
a8981944,6,0,0,25,50,3,0.0,0.0,0
5f21b94c,1,0,0,1,4,0,0.0,0.0,0
37f827ec,6,1,1,30,9,0,0.0,4.0,0
85bed4ee,0,0,0,4,23,1,1.0,0.0,0
8cfc2f69,0,0,0,5,5,2,0.0,0.0,0
19709006,4,0,0,16,20,1,0.0,0.0,0
70f8e0bd,6,0,0,32,23,1,0.0,0.0,0
34e393f2,5,0,0,23,30,1,0.0,0.0,0
8f5e92a6,1,0,0,13,28,6,2.0,0.0,0
2fbe6af0,1,0,0,1,1,0,0.0,0.0,0
4b511457,6,0,0,38,13,0,0.0,1.0,0
35d4f151,1,0,0,8,3,0,0.0,0.0,0
18b896d6,1,0,0,5,2,0,0.0,0.0,0
a55d8df5,3,0,0,16,11,2,0.0,0.0,0
b3dc6eca,0,0,0,4,2,1,0.0,0.0,0
625c144a,1,0,0,0,1,0,0.0,0.0,0
b75ac54b,0,0,0,0,2,0,0.0,0.0,0
fbbb9269,0,0,0,12,21,0,0.0,0.0,0
686cbe7d,1,0,0,9,2,7,0.0,0.0,0
686cbe7d,0,0,0,3,1,4,0.0,0.0,0
13e0eb29,1,0,0,3,4,2,0.0,0.0,0
405f267a,2,0,0,3,5,2,0.0,0.0,0
2a295d33,3,0,0,29,36,12,2.0,0.0,0
efecd633,6,0,0,34,15,0,0.0,0.0,0
bdb624a3,2,0,0,26,33,1,0.0,0.0,0
a254bbe0,4,0,0,15,11,0,1.0,1.0,0
70107d4d,0,0,0,8,25,1,0.0,0.0,0
60359288,9,0,0,24,4,0,0.0,1.0,0
ffacd3d5,1,0,0,8,8,0,1.0,0.0,0
79f2a5f5,0,0,0,0,0,0,0.0,0.0,0
f6ac68c1,2,2,0,21,6,0,0.0,0.0,0
a45eac1f,1,0,0,1,2,2,0.0,0.0,0
a62b4888,0,0,0,4,4,0,0.0,0.0,0
e2716bd0,2,0,0,13,16,0,0.0,0.0,0
ea83bfa6,2,0,0,0,0,0,0.0,0.0,0
5dcf3e90,1,0,0,0,1,0,0.0,0.0,0
19b776e9,5,0,0,32,30,5,0.0,0.0,0
5fa714d5,1,0,0,3,8,0,0.0,0.0,0
3ca6106c,0,0,0,7,3,0,0.0,0.0,0
fed17f5a,0,0,0,2,4,0,0.0,0.0,0
8f8c6934,1,0,0,1,2,0,0.0,0.0,0
3aa74860,0,0,0,0,0,0,0.0,0.0,0
e4738e91,1,0,0,7,6,3,0.0,0.0,0
6a8a7af8,7,1,1,47,32,0,0.0,0.0,0
f553b2b3,3,0,0,28,31,8,1.0,0.0,0
220c11f1,5,0,0,24,14,5,0.0,0.0,0
ba5004e1,2,0,0,18,4,1,0.0,0.0,0
12c50af5,0,0,0,5,3,0,0.0,0.0,0
7106f0a0,0,0,0,0,0,0,0.0,0.0,0
4e219ad2,1,0,0,4,9,5,0.0,0.0,0
184fe4b2,1,0,0,1,1,0,0.0,0.0,0
e92cd3f7,3,0,0,25,9,13,0.0,0.0,0
34269bdf,5,1,1,12,10,0,0.0,1.0,0
4f255115,1,0,0,19,16,0,0.0,0.0,0
e73c9bb2,4,0,0,15,8,1,0.0,0.0,0
6f51e382,0,0,0,0,1,0,0.0,0.0,0
f36016a5,0,0,0,1,4,0,0.0,0.0,0
f36016a5,0,0,0,3,3,0,0.0,0.0,0
02ef8778,1,0,0,6,2,6,0.0,0.0,0
04e531b6,0,0,0,1,0,0,0.0,0.0,0
381dbcfc,0,0,0,0,1,0,0.0,0.0,0
9e1035f8,4,1,0,12,19,6,0.0,0.0,0
58a9a4d9,1,0,0,14,33,5,0.0,0.0,0
532e1e4f,8,0,0,14,14,0,2.0,0.0,0
d733aa38,0,0,0,0,0,0,0.0,0.0,0
0e4fef6e,7,0,0,41,23,0,0.0,0.0,0
e96b2583,0,0,0,0,0,0,0.0,0.0,0
fc647b34,8,0,0,53,47,3,0.0,0.0,0
963829d0,2,1,0,6,8,1,0.0,0.0,0
f7e87032,0,0,0,3,3,1,0.0,0.0,0
068f4dec,0,0,0,2,1,0,0.0,0.0,0
f8eca1b6,4,0,0,33,54,14,0.0,0.0,0
2dd7e29d,0,0,0,2,1,0,0.0,0.0,0
592f3158,7,0,0,49,25,1,0.0,0.0,0
4acd733a,1,0,0,1,10,2,1.0,1.0,0
0a69de7b,1,1,0,4,1,0,0.0,1.0,0
f2c6ac01,7,0,0,20,4,0,0.0,1.0,0
0bc4e720,0,0,0,1,6,1,2.0,0.0,0
0959c2a2,2,0,0,9,11,3,0.0,0.0,0
106c142c,1,0,0,3,1,0,0.0,0.0,0
ee923664,0,0,0,5,1,0,0.0,0.0,0
fd51b456,1,0,0,8,5,2,0.0,0.0,0
35a6e5c7,4,1,0,23,14,3,0.0,0.0,0
4112ace5,2,0,0,8,2,0,0.0,0.0,0
1c2c55fc,1,2,0,9,2,0,0.0,0.0,0
b0fce72c,3,0,0,28,12,0,1.0,0.0,1
04965583,4,0,0,17,15,1,0.0,0.0,0
3a9c4b7b,2,0,0,21,12,0,0.0,0.0,0
636eae97,0,0,0,0,1,1,0.0,0.0,0
636eae97,2,0,0,5,16,5,0.0,0.0,0
57be54ec,0,0,0,3,1,0,0.0,0.0,0
bdc74a8f,2,0,0,10,4,0,0.0,0.0,0
cde52ef5,0,0,0,0,0,0,0.0,0.0,0
ab7bf91d,4,0,0,21,12,0,0.0,0.0,0
379dc075,1,0,0,5,8,7,0.0,0.0,0
6a99e0b1,0,0,0,19,17,18,0.0,0.0,0
afdc14d7,1,0,0,15,18,9,1.0,0.0,0
5dfc6ad5,2,0,0,10,9,0,0.0,0.0,0
f6f6b6e8,0,1,0,4,3,0,0.0,0.0,0
5ca20b7a,4,0,0,11,4,2,0.0,0.0,0
968a1c2f,3,0,0,10,10,0,0.0,0.0,0
5c7845f6,5,0,0,25,7,0,0.0,0.0,1
3ee0dd59,8,0,0,33,19,1,0.0,0.0,0
