id,Player,Nation,Pos,Squad,Age,Born,90s,GA,PKA,FK,CK,OG,PSxG,PSxG/SoT,PSxG+/-,/90,Cmp,Att,Cmp%,Att.1,Thr,Launch%,AvgLen,Att.2,Launch%.1,AvgLen.1,Opp,Stp,Stp%,#OPA,#OPA/90,AvgDist,Matches
9e17ccff,Doğan Alemdar,tr TUR,GK,Rennes,20-123,2002,2.5,4,0,0,0,0,3.9,0.36,-0.1,-0.06,14,34,41.2,52,4,46.2,35.5,19,52.6,42.0,40,2,5.0,3,1.20,13.1,Matches
28dabd43,Paul Bernardoni,fr FRA,GK,Angers,25-317,1997,17.0,38,4,1,6,2,31.3,0.32,-4.7,-0.28,52,154,33.8,313,82,31.0,31.5,121,47.1,39.1,223,16,7.2,12,0.71,11.9,Matches
3d214e5f,Marco Bizot,nl NED,GK,Brest,31-356,1991,24.0,42,5,0,8,2,41.5,0.28,+1.5,+0.06,120,295,40.7,502,98,39.2,35.6,185,53.0,42.1,357,14,3.9,16,0.67,11.3,Matches
967f34d3,Rubén Blanco,es ESP,GK,Marseille,27-219,1995,4.0,5,0,0,1,2,2.9,0.18,-0.1,-0.02,11,41,26.8,117,21,23.9,28.6,36,36.1,33.3,56,0,0.0,4,1.00,20.3,Matches
6a9e4913,Joaquín Blázquez,ar ARG,GK,Brest,22-032,2001,1.0,0,0,0,0,0,0.2,0.06,+0.2,+0.17,8,13,61.5,18,3,61.1,45.7,11,18.2,26.3,11,2,18.2,0,0.00,3.5,Matches
db87a2c4,Marcin Bułka,pl POL,GK,Nice,23-148,1999,2.0,2,0,0,0,0,3.1,0.52,+1.1,+0.56,8,20,40.0,49,11,20.4,28.1,18,55.6,44.2,26,2,7.7,3,1.50,13.8,Matches
8608f269,Matis Carvalho,pt POR,GK,Montpellier,23-307,1999,1.5,3,0,0,0,0,1.9,0.24,-1.1,-0.70,14,43,32.6,38,4,78.9,49.4,14,92.9,61.4,38,2,5.3,0,0.00,8.3,Matches
f5dfc256,Leonardo César Jardim,br BRA,GK,Lille,27-346,1995,6.0,13,2,,,,,,,,,,,,,,,,,,,,,,,,Matches
b3d76d84,Lucas Chevalier,fr FRA,GK,Lille,21-115,2001,19.0,19,1,2,1,2,19.2,0.25,+2.2,+0.11,39,162,24.1,547,80,24.7,29.0,62,43.5,37.0,193,18,9.3,9,0.47,11.5,Matches
2434f24a,Benoît Costil,fr FRA,GK,Auxerre,35-241,1987,19.0,41,3,0,3,0,34.0,0.33,-7.0,-0.37,132,292,45.2,454,72,41.9,36.8,137,74.5,51.7,285,3,1.1,11,0.58,13.1,Matches
477e50ce,Rémy Descamps,fr FRA,GK,Nantes,26-249,1996,1.0,1,0,0,0,0,1.5,0.25,+0.5,+0.48,5,9,55.6,20,9,25.0,33.2,6,66.7,46.5,11,1,9.1,0,0.00,7.0,Matches
f41a69e6,Mory Diaw,sn SEN,GK,Clermont Foot,29-252,1993,25.0,34,7,0,3,0,39.0,0.28,+5.0,+0.20,155,395,39.2,759,124,41.4,37.4,184,44.0,38.9,315,23,7.3,18,0.72,11.9,Matches
eedea60b,Yehvann Diouf,fr FRA,GK,Reims,23-105,1999,18.0,12,0,0,1,0,18.8,0.25,+6.8,+0.38,77,185,41.6,472,107,30.7,32.9,117,34.2,35.4,278,28,10.1,19,1.06,13.1,Matches
08f5afaa,Gianluigi Donnarumma,it ITA,GK,Paris S-G,24-004,1999,25.0,23,1,1,2,1,26.9,0.26,+4.9,+0.20,39,113,34.5,524,115,15.1,23.6,138,24.6,26.6,260,23,8.8,22,0.88,13.9,Matches
0e12089d,Maxime Dupé,fr FRA,GK,Toulouse,29-362,1993,25.0,45,3,2,6,2,40.5,0.28,-2.5,-0.10,101,251,40.2,681,111,25.7,30.1,167,45.5,37.8,339,24,7.1,16,0.64,10.0,Matches
9d420dad,Yahia Fofana,fr FRA,GK,Angers,22-192,2000,8.0,15,1,0,2,1,13.1,0.28,-0.9,-0.12,26,91,28.6,190,49,34.2,33.3,53,49.1,41.0,105,11,10.5,5,0.63,12.0,Matches
db3164e1,Gauthier Gallon,fr FRA,GK,Troyes,29-312,1993,18.0,41,4,0,6,2,32.2,0.30,-6.8,-0.38,45,197,22.8,400,69,31.5,31.5,133,53.4,40.1,278,15,5.4,7,0.39,10.3,Matches
3814120d,Bingourou Kamara,sn SEN,GK,Montpellier,26-131,1996,4.5,11,1,0,2,0,9.1,0.29,-1.9,-0.41,18,57,31.6,95,19,42.1,35.4,35,48.6,39.9,52,3,5.8,2,0.44,11.2,Matches
4e7db402,Alban Lafont,fr FRA,GK,Nantes,24-037,1999,24.0,29,4,1,2,3,30.6,0.26,+4.6,+0.19,126,351,35.9,611,135,38.3,36.0,172,68.0,49.5,327,27,8.3,20,0.83,11.3,Matches
2fa2a875,Benjamin Lecomte,fr FRA,GK,Montpellier,31-309,1991,6.0,6,0,0,0,0,8.0,0.26,+2.0,+0.34,28,75,37.3,132,24,38.6,34.6,49,49.0,39.8,86,5,5.8,3,0.50,12.8,Matches
1e7aea56,Benjamin Leroy,fr FRA,GK,Ajaccio,33-328,1989,21.1,40,5,1,8,0,32.1,0.31,-7.9,-0.38,132,336,39.3,435,50,53.1,38.6,129,81.4,51.5,238,12,5.0,37,1.75,17.6,Matches
fd78b105,Mateusz Lis,pl POL,GK,Troyes,26-002,1997,7.0,14,2,0,1,0,14.8,0.27,+0.8,+0.11,35,105,33.3,198,33,39.9,35.7,65,40.0,34.1,129,10,7.8,11,1.57,14.8,Matches
f00de885,Anthony Lopes,pt POR,GK,Lyon,32-151,1990,21.3,24,4,2,5,0,24.2,0.25,+0.2,+0.01,72,197,36.5,498,92,31.9,32.2,132,28.8,31.2,244,13,5.3,14,0.66,13.4,Matches
20b9f052,Pau López,es ESP,GK,Marseille,28-078,1994,21.0,20,4,0,1,1,23.6,0.25,+4.6,+0.22,72,190,37.9,587,92,23.0,30.4,113,48.7,38.6,228,14,6.1,23,1.10,15.4,Matches
1d2d5cc8,Steve Mandanda,fr FRA,GK,Rennes,37-338,1985,22.5,24,1,0,5,1,24.6,0.29,+1.6,+0.07,124,303,40.9,646,96,34.4,33.0,121,66.9,45.5,252,20,7.9,30,1.33,16.7,Matches
c4173f1a,Vito Mannone,it ITA,GK,Lorient,34-364,1988,11.9,17,1,2,2,0,18.9,0.29,+1.9,+0.16,29,115,25.2,295,67,26.4,29.4,77,48.1,37.4,224,8,3.6,7,0.59,11.1,Matches
dc29b608,Yvon Mvogo,ch SUI,GK,Lorient,28-268,1994,13.1,19,0,0,2,1,16.0,0.26,-2.0,-0.15,67,174,38.5,321,51,35.5,32.3,105,57.1,41.8,278,13,4.7,7,0.53,10.2,Matches
afb0c500,Alexander Nübel,de GER,GK,Monaco,26-152,1996,25.0,34,4,1,2,2,31.1,0.23,-0.9,-0.04,137,302,45.4,570,131,33.0,32.5,175,65.1,46.3,302,22,7.3,23,0.92,12.9,Matches
c631f952,Jonas Omlin,ch SUI,GK,Montpellier,29-050,1994,13.0,26,3,0,2,2,24.1,0.28,+0.1,0.00,53,161,32.9,330,77,32.1,31.7,85,64.7,47.3,209,14,6.7,12,0.93,12.0,Matches
0810b6df,Patrick Pentz,at AUT,GK,Reims,26-058,1997,7.0,14,2,0,2,1,11.9,0.34,-1.1,-0.16,29,94,30.9,152,25,44.7,36.3,59,44.1,38.7,103,8,7.8,4,0.57,12.2,Matches
1b729a98,Ghjuvanni Quilichini,fr FRA,GK,Ajaccio,20-181,2002,0.9,0,0,0,0,0,0.8,0.24,+0.8,+0.93,6,24,25.0,26,2,61.5,43.8,8,100.0,61.0,25,2,8.0,0,0.00,7.5,Matches
67f649be,Ionuț Radu,ro ROU,GK,Auxerre,25-277,1997,6.0,7,0,0,0,1,6.4,0.24,+0.4,+0.06,38,107,35.5,176,26,46.0,37.9,32,81.3,52.2,75,5,6.7,4,0.67,13.0,Matches
7f41ee30,Rémy Riou,fr FRA,GK,Lyon,35-207,1987,3.7,4,2,0,0,0,3.7,0.14,-0.3,-0.09,8,21,38.1,100,21,16.0,27.1,24,20.8,25.3,41,5,12.2,5,1.36,16.4,Matches
60d90c55,Brice Samba,cg CGO,GK,Lens,28-310,1994,25.0,20,2,0,5,1,21.4,0.24,+2.4,+0.09,108,265,40.8,727,101,33.0,32.1,97,25.8,29.1,252,19,7.5,35,1.40,17.0,Matches
53af52f3,Kasper Schmeichel,dk DEN,GK,Nice,36-116,1986,23.0,19,1,2,3,0,22.5,0.24,+3.5,+0.15,126,280,45.0,615,79,32.8,33.5,194,40.2,35.7,336,16,4.8,14,0.61,12.9,Matches
834b5c4c,Matz Sels,be BEL,GK,Strasbourg,31-003,1992,25.0,43,9,0,5,0,42.3,0.27,-0.7,-0.03,105,288,36.5,539,91,40.8,35.3,127,53.5,42.8,361,23,6.4,21,0.84,12.0,Matches
f19f32b1,François-Joseph Sollacaro,fr FRA,GK,Ajaccio,28-345,1994,3.0,6,0,0,1,0,4.1,0.59,-1.9,-0.63,8,33,24.2,49,7,51.0,38.1,14,57.1,41.4,21,1,4.8,5,1.67,16.4,Matches
