id,Player,Nation,Pos,Squad,Age,Born,90s,GA,PKA,FK,CK,OG,PSxG,PSxG/SoT,PSxG+/-,/90,Cmp,Att,Cmp%,Att.1,Thr,Launch%,AvgLen,Att.2,Launch%.1,AvgLen.1,Opp,Stp,Stp%,#OPA,#OPA/90,AvgDist,Matches
7a2e46a8,Alisson,br BRA,GK,Liverpool,30-150,1992,23.0,28,2,0,0,2,35.3,0.33,+9.3,+0.40,67,159,42.1,744,143,17.5,26.3,126,23.0,29.8,256,12,4.7,47,2.04,19.8,Matches
2f965a72,Alphonse Areola,fr FRA,GK,West Ham,30-002,1993,1.4,2,1,0,0,0,1.7,0.24,-0.3,-0.19,11,24,45.8,33,3,45.5,34.5,13,69.2,48.1,19,0,0.0,1,0.70,14.3,Matches
28d596a0,Kepa Arrizabalaga,es ESP,GK,Chelsea,28-149,1994,15.5,13,0,1,2,2,16.6,0.27,+5.6,+0.36,37,102,36.3,462,78,14.1,24.6,105,35.2,30.8,209,9,4.3,32,2.06,17.5,Matches
c91441dc,Gavin Bazunu,ie IRL,GK,Southampton,21-009,2002,24.0,41,0,1,5,4,25.9,0.27,-11.1,-0.46,178,501,35.5,711,109,53.3,39.4,174,70.1,52.0,342,30,8.8,34,1.42,14.5,Matches
7b4de647,Asmir Begović,ba BIH,GK,Everton,35-254,1987,1.0,0,0,0,0,0,0.5,0.12,+0.5,+0.49,4,13,30.8,22,5,36.4,34.9,8,62.5,46.8,23,1,4.3,0,0.00,5.0,Matches
3a949a25,Martin Dúbravka,sk SVK,GK,Newcastle Utd,34-045,1989,0.7,0,0,0,0,0,1.1,0.21,+1.1,+1.42,3,6,50.0,16,8,18.8,21.1,6,50.0,30.0,13,1,7.7,0,0.00,12.5,Matches
3bb7b8b4,Ederson,br BRA,GK,Manchester City,29-196,1993,25.0,25,3,1,2,1,19.4,0.28,-4.6,-0.18,74,179,41.3,773,114,19.0,27.9,115,27.8,32.3,201,18,9.0,29,1.16,15.8,Matches
9328b835,Łukasz Fabiański,pl POL,GK,West Ham,37-317,1985,22.6,27,1,0,0,1,27.2,0.27,+1.2,+0.05,121,325,37.2,447,107,51.9,39.3,153,60.8,45.3,323,21,6.5,12,0.53,11.8,Matches
c3e39f12,Fraser Forster,eng ENG,GK,Tottenham,34-349,1988,4.0,6,0,0,2,0,4.1,0.31,-1.9,-0.49,9,24,37.5,75,26,20.0,27.6,24,37.5,32.5,46,1,2.2,6,1.50,19.5,Matches
7ba6d84e,David de Gea,es ESP,GK,Manchester Utd,32-114,1990,24.0,28,1,2,5,1,25.8,0.27,-1.2,-0.05,81,267,30.3,638,85,31.5,31.4,109,60.6,45.9,347,8,2.3,20,0.83,15.4,Matches
ab13a5aa,Vicente Guaita,es ESP,GK,Crystal Palace,36-050,1987,24.0,31,1,0,4,1,29.8,0.27,-0.2,-0.01,109,303,36.0,573,124,37.0,33.3,186,48.9,37.4,389,25,6.4,25,1.04,13.1,Matches
e5a76dfe,Dean Henderson,eng ENG,GK,Nott'ham Forest,25-354,1997,18.0,31,2,1,5,0,26.9,0.28,-4.1,-0.23,108,334,32.3,513,107,47.2,38.5,156,59.0,45.3,291,20,6.9,27,1.50,15.6,Matches
76eca7e2,Wayne Hennessey,wls WAL,GK,Nott'ham Forest,36-036,1987,2.0,4,0,0,1,0,3.8,0.35,-0.2,-0.10,16,26,61.5,41,8,41.5,37.1,15,60.0,41.9,22,0,0.0,2,1.00,17.8,Matches
2628fd2b,Bernd Leno,de GER,GK,Fulham,30-362,1992,23.0,29,3,1,4,0,33.9,0.27,+4.9,+0.21,99,287,34.5,701,120,31.2,31.6,168,40.5,36.8,301,23,7.6,31,1.35,14.8,Matches
8f62b6ee,Hugo Lloris,fr FRA,GK,Tottenham,36-065,1986,21.0,29,1,0,2,1,25.7,0.26,-2.3,-0.11,68,179,38.0,459,94,30.7,31.3,163,23.3,24.9,274,16,5.8,26,1.24,14.1,Matches
7956236f,Emiliano Martínez,ar ARG,GK,Aston Villa,30-180,1992,21.4,31,2,1,5,4,25.5,0.26,-1.5,-0.07,116,304,38.2,639,84,36.6,33.7,138,50.7,42.2,283,39,13.8,26,1.22,14.3,Matches
33887998,Edouard Mendy,sn SEN,GK,Chelsea,31-000,1992,8.5,12,0,0,4,0,11.7,0.35,-0.3,-0.03,27,76,35.5,212,42,23.1,28.1,56,48.2,37.3,117,8,6.8,9,1.06,13.8,Matches
6b625ac2,Illan Meslier,fr FRA,GK,Leeds United,22-364,2000,24.0,39,2,1,4,1,32.2,0.28,-5.8,-0.24,74,331,22.4,553,135,41.4,34.6,186,54.8,42.7,301,26,8.6,49,2.04,16.2,Matches
ecada4fc,Keylor Navas,cr CRC,GK,Nott'ham Forest,36-076,1986,4.0,7,0,0,1,0,6.7,0.37,-0.3,-0.08,34,88,38.6,113,19,51.3,39.3,45,66.7,46.0,77,5,6.5,5,1.25,10.4,Matches
a9dc785c,Neto,br BRA,GK,Bournemouth,33-225,1989,13.5,17,4,0,3,1,20.0,0.26,+4.0,+0.30,95,224,42.4,297,62,49.8,38.6,109,69.7,45.8,283,22,7.8,14,1.04,11.4,Matches
e7ee38c3,Robin Olsen,se SWE,GK,Aston Villa,33-052,1990,2.6,7,1,0,3,0,5.5,0.30,-1.5,-0.58,12,52,23.1,87,17,43.7,37.5,24,58.3,46.1,38,4,10.5,3,1.14,16.2,Matches
4806ec67,Jordan Pickford,eng ENG,GK,Everton,28-359,1994,23.0,32,3,1,4,0,34.8,0.29,+2.8,+0.12,172,477,36.1,639,107,52.7,40.7,203,69.0,51.5,338,12,3.6,30,1.30,15.5,Matches
4b40d9ca,Nick Pope,eng ENG,GK,Newcastle Utd,30-316,1992,22.2,15,1,0,5,0,17.2,0.24,+2.2,+0.10,78,238,32.8,445,146,33.5,33.1,123,72.4,53.0,282,21,7.4,52,2.34,19.3,Matches
466fb2c5,Aaron Ramsdale,eng ENG,GK,Arsenal,24-291,1998,24.0,23,2,0,3,1,21.4,0.27,-0.6,-0.02,76,277,27.4,604,121,36.6,33.9,89,62.9,51.2,253,16,6.3,26,1.08,15.4,Matches
98ea5115,David Raya,es ESP,GK,Brentford,27-167,1995,23.0,30,1,0,7,2,30.5,0.24,+2.5,+0.11,214,533,40.2,806,106,50.6,39.3,173,72.3,52.7,368,37,10.1,35,1.52,15.8,Matches
17acc2ed,Marek Rodák,sk SVK,GK,Fulham,26-078,1996,2.0,2,0,0,0,0,2.0,0.51,0.0,+0.01,16,47,34.0,46,3,73.9,46.0,15,86.7,60.0,26,1,3.8,2,1.00,14.0,Matches
903b6e8b,José Sá,pt POR,GK,Wolves,30-043,1993,24.0,33,1,0,4,1,28.7,0.27,-3.3,-0.14,86,275,31.3,622,117,27.5,30.2,182,57.1,44.1,367,27,7.4,22,0.92,13.7,Matches
6a713852,Robert Sánchez,es ESP,GK,Brighton,25-103,1997,22.0,29,5,0,4,3,24.1,0.26,-1.9,-0.09,56,201,27.9,616,98,24.7,29.3,127,38.6,35.9,220,17,7.7,13,0.59,12.5,Matches
fe558029,Mark Travers,ie IRL,GK,Bournemouth,23-287,1999,10.5,31,2,0,8,2,22.1,0.34,-6.9,-0.66,70,146,47.9,215,47,38.1,32.6,109,58.7,45.7,206,5,2.4,4,0.38,9.6,Matches
d3ce0e89,Danny Ward,wls WAL,GK,Leicester City,29-252,1993,24.0,42,2,2,5,4,33.6,0.30,-4.4,-0.19,90,291,30.9,691,148,30.7,30.7,185,42.7,35.5,338,21,6.2,36,1.50,15.3,Matches
