id,MP,Min,90s,Starts,Compl,Subs,unSub,PPM,onG,onGA,+/-,On-Off,onxG,onxGA,xG+/-,On-Off.1,MinGK,MPGK,StartsGK,90sGK
00242715,2,160,1.8,2,0,0,0,1.5,1,2.0,-1.0,0.47,1.5,3.2,-1.7,-0.44,0,0,0,0.0
007414dd,15,541,6.0,5,0,10,1,0.33,4,9.0,-5.0,0.11,6.6,6.8,-0.2,0.44,0,0,0,0.0
00b77ecf,0,0,0.0,0,0,0,1,0.0,0,0.0,0.0,0.0,0.0,0.0,0.0,0.0,0,0,0,0.0
00f0482f,0,0,0.0,0,0,0,1,0.0,0,0.0,0.0,0.0,0.0,0.0,0.0,0.0,0,0,0,0.0
012c975a,0,0,0.0,0,0,0,1,0.0,0,0.0,0.0,0.0,0.0,0.0,0.0,0.0,0,0,0,0.0
01962d0d,15,212,2.4,1,0,14,2,0.8,6,3.0,3.0,1.87,3.7,2.7,1.0,0.7,0,0,0,0.0
01c3aff5,5,375,4.2,4,1,1,0,0.8,3,5.0,-2.0,-0.08,3.3,4.5,-1.2,-0.1,0,0,0,0.0
01ce9e70,20,1119,12.4,12,8,8,4,0.85,10,33.0,-23.0,-1.59,8.7,22.8,-14.1,-0.6,0,0,0,0.0
01e5f06e,6,147,1.6,0,0,6,15,3.0,4,4.0,0.0,-1.67,3.3,2.7,0.7,-0.93,0,0,0,0.0
0284bd0d,0,0,0.0,0,0,0,3,0.0,0,0.0,0.0,0.0,0.0,0.0,0.0,0.0,0,0,0,0.0
02b29014,14,588,6.5,6,5,8,4,1.14,3,8.0,-5.0,-0.19,7.9,10.1,-2.2,0.31,0,0,0,0.0
0313a347,24,2062,22.9,23,22,1,0,1.29,28,37.0,-9.0,-1.31,26.4,36.0,-9.5,-1.48,0,0,0,0.0
0420d84f,16,1127,12.5,13,7,3,7,0.88,10,14.0,-4.0,0.64,13.8,20.7,-6.8,0.04,0,0,0,0.0
0442183b,18,1386,15.4,16,12,2,2,0.78,13,21.0,-8.0,-0.29,14.1,22.6,-8.5,-0.23,0,0,0,0.0
049a888d,5,182,2.0,2,0,3,0,0.6,1,1.0,0.0,0.09,3.5,2.2,1.4,0.8,0,0,0,0.0
04eb7d82,0,0,0.0,0,0,0,4,0.0,0,0.0,0.0,0.0,0.0,0.0,0.0,0.0,0,0,0,0.0
0562b7f1,22,1124,12.5,12,2,10,1,1.09,12,15.0,-3.0,0.37,12.3,16.7,-4.4,0.25,0,0,0,0.0
05e8ca6d,6,49,0.5,0,0,6,8,1.17,0,1.0,-1.0,-1.54,0.2,0.4,-0.1,0.11,0,0,0,0.0
06df8256,5,450,5.0,5,5,0,2,1.2,2,2.0,0.0,0.11,7.1,4.8,2.4,0.68,0,0,0,0.0
07802f7f,23,979,10.9,9,3,14,1,2.93,12,14.0,-2.0,1.35,16.8,13.9,2.9,1.71,0,0,0,0.0
089667a5,13,584,6.5,6,3,7,2,0.92,5,14.0,-9.0,-0.53,6.7,13.7,-7.0,-0.76,0,0,0,0.0
08eb3b58,2,16,0.2,0,0,2,1,1.5,0,1.0,-1.0,-4.58,0.2,0.3,-0.1,0.12,0,0,0,0.0
0a3d6d2b,8,357,4.0,3,3,5,7,0.88,2,9.0,-7.0,-1.61,2.9,9.3,-6.4,-1.37,0,0,0,0.0
0a6cb1b1,4,360,4.0,4,4,0,0,1.5,8,7.0,1.0,0.6,5.5,7.7,-2.1,-0.07,0,0,0,0.0
0b33f6ad,21,1889,21.0,21,20,0,1,0.71,17,38.0,-21.0,-0.67,19.7,26.3,-6.5,0.43,0,0,0,0.0
0bdda685,1,23,0.3,0,0,1,1,0.0,0,1.0,-1.0,-3.32,0.4,0.4,0.0,0.45,0,0,0,0.0
0cd31129,24,1971,21.9,22,14,2,0,1.04,17,36.0,-19.0,1.51,22.4,33.4,-10.9,0.29,0,0,0,0.0
0d85a4e8,0,0,0.0,0,0,0,13,0.0,0,0.0,0.0,0.0,0.0,0.0,0.0,0.0,0,0,0,0.0
0db5d2c8,13,745,8.3,8,6,5,7,1.85,12,12.0,0.0,-0.48,12.8,13.3,-0.5,-0.31,0,0,0,0.0
0ef89a37,20,788,8.8,7,1,13,1,1.1,9,9.0,0.0,0.52,9.2,8.4,0.9,0.71,0,0,0,0.0
0f134faf,23,1765,19.6,23,8,0,0,1.52,30,26.0,4.0,-0.68,25.4,23.9,1.5,-0.43,0,0,0,0.0
0f7533cd,24,1952,21.7,24,10,0,0,1.63,30,28.0,2.0,-0.81,26.4,35.5,-9.1,-0.44,0,0,0,0.0
10a10454,9,234,2.6,1,0,8,6,0.44,3,2.0,1.0,1.65,3.8,3.9,-0.1,0.9,0,0,0,0.0
10b9fa99,0,0,0.0,0,0,0,3,0.0,0,0.0,0.0,0.0,0.0,0.0,0.0,0.0,0,0,0,0.0
10d221cd,0,0,0.0,0,0,0,24,0.0,0,0.0,0.0,0.0,0.0,0.0,0.0,0.0,0,0,0,0.0
10ec4169,1,8,0.1,0,0,1,4,0.0,0,0.0,0.0,1.0,0.0,0.2,-0.2,-2.03,0,0,0,0.0
1137759d,5,77,0.9,0,0,5,7,1.6,0,2.0,-2.0,-2.74,0.8,1.7,-1.0,-1.33,0,0,0,0.0
1148323a,0,0,0.0,0,0,0,1,0.0,0,0.0,0.0,0.0,0.0,0.0,0.0,0.0,0,0,0,0.0
114bbdee,0,0,0.0,0,0,0,1,0.0,0,0.0,0.0,0.0,0.0,0.0,0.0,0.0,0,0,0,0.0
119b9a8e,7,556,6.2,6,6,1,8,2.29,12,7.0,5.0,-1.0,13.2,6.0,7.2,-0.14,0,0,0,0.0
11f54bd5,6,110,1.2,0,0,6,9,0.17,0,2.0,-2.0,-0.58,1.4,2.4,-1.0,0.02,0,0,0,0.0
11ff3d56,15,746,8.3,10,4,5,8,0.93,5,16.0,-11.0,-0.63,5.8,12.3,-6.5,-0.64,0,0,0,0.0
1265a93a,11,850,9.4,10,8,1,0,1.91,13,11.0,2.0,0.49,11.3,10.1,1.2,0.31,0,0,0,0.0
130e085a,0,0,0.0,0,0,0,4,0.0,0,0.0,0.0,0.0,0.0,0.0,0.0,0.0,0,0,0,0.0
132a82f1,6,477,5.3,4,4,2,0,2.0,8,10.0,-2.0,-0.72,4.6,6.0,-1.5,-0.41,0,0,0,0.0
1544f145,21,1430,15.9,17,6,4,0,1.29,20,25.0,-5.0,0.06,18.3,25.7,-7.4,-0.34,0,0,0,0.0
1598599e,12,478,5.3,4,1,8,8,1.67,9,7.0,2.0,0.8,8.3,8.3,0.0,0.61,0,0,0,0.0
15ab5a2b,19,716,8.0,6,4,13,5,2.32,20,9.0,11.0,-0.26,15.8,9.2,6.5,-0.66,0,0,0,0.0
15ea812b,24,2160,24.0,24,24,0,0,0.88,17,32.0,-15.0,0.0,25.4,39.0,-13.6,0.0,0,0,0,0.0
15f24fe7,1,45,0.5,1,0,0,0,3.0,1,0.0,1.0,2.68,0.6,0.6,0.0,0.45,0,0,0,0.0
15f3ec41,0,0,0.0,0,0,0,3,0.0,0,0.0,0.0,0.0,0.0,0.0,0.0,0.0,0,0,0,0.0
16264a81,21,1819,20.2,20,17,1,0,1.67,36,25.0,11.0,1.1,32.6,23.2,9.4,0.44,0,0,0,0.0
169fd162,17,690,7.7,9,1,8,2,1.06,8,9.0,-1.0,0.73,7.2,8.6,-1.4,0.33,0,0,0,0.0
16e9d0ea,6,354,3.9,2,1,4,0,1.5,7,4.0,3.0,1.31,5.2,6.4,-1.3,0.03,0,0,0,0.0
172e52d8,7,515,5.7,6,5,1,1,1.57,13,10.0,3.0,0.29,7.4,7.5,-0.1,-0.21,0,0,0,0.0
17695062,5,52,0.6,0,0,5,4,2.4,0,1.0,-1.0,-3.01,0.8,0.6,0.2,-0.68,0,0,0,0.0
1780bb4a,11,814,9.0,10,3,1,2,1.27,15,16.0,-1.0,-0.68,11.7,10.7,1.0,-0.05,0,0,0,0.0
17850779,0,0,0.0,0,0,0,3,0.0,0,0.0,0.0,0.0,0.0,0.0,0.0,0.0,0,0,0,0.0
178ae8f8,7,319,3.5,3,0,4,0,1.71,3,4.0,-1.0,-0.85,6.0,5.3,0.7,-0.23,0,0,0,0.0
17acc2ed,2,180,2.0,2,2,0,23,1.0,2,2.0,0.0,-0.22,2.7,2.1,0.6,0.72,180,2,2,2.0
18b999f4,12,713,7.9,9,1,3,0,1.33,13,9.0,4.0,0.45,10.6,11.2,-0.6,0.41,0,0,0,0.0
1900032e,0,0,0.0,0,0,0,7,0.0,0,0.0,0.0,0.0,0.0,0.0,0.0,0.0,0,0,0,0.0
190163f3,0,0,0.0,0,0,0,2,0.0,0,0.0,0.0,0.0,0.0,0.0,0.0,0.0,0,0,0,0.0
1961b2aa,0,0,0.0,0,0,0,1,0.0,0,0.0,0.0,0.0,0.0,0.0,0.0,0.0,0,0,0,0.0
1971591f,6,475,5.3,6,1,0,0,1.33,4,6.0,-2.0,-1.06,8.3,7.3,1.1,-0.23,0,0,0,0.0
197640fd,23,1995,22.2,22,20,1,1,1.04,34,37.0,-3.0,1.5,26.1,36.6,-10.5,0.07,0,0,0,0.0
1a4ef233,17,1365,15.2,15,14,2,5,0.88,18,23.0,-5.0,-0.22,16.2,23.7,-7.5,-0.03,0,0,0,0.0
1b4f1169,10,404,4.5,4,2,6,12,3.25,5,4.0,1.0,-0.39,6.6,3.5999999999999996,2.8000000000000003,0.92,0,0,0,0.0
1b804500,1,1,0.0,0,0,1,10,0.0,0,0.0,0.0,0.63,0.1,0.0,0.1,8.56,0,0,0,0.0
1b84dbe1,18,1243,13.8,16,9,2,0,1.28,17,24.0,-7.0,-0.41,13.1,23.2,-10.1,-0.91,0,0,0,0.0
1bf33a9a,16,609,6.8,6,0,10,1,1.38,8,8.0,0.0,0.12,8.3,8.4,-0.1,0.07,0,0,0,0.0
1c7012b8,24,2160,24.0,24,24,0,0,0.96,23,29.0,-6.0,0.0,31.0,26.4,4.6,0.0,0,0,0,0.0
1d5cab82,6,213,2.4,2,0,4,0,2.17,5,4.0,1.0,-0.04,4.2,2.8,1.4,0.17,0,0,0,0.0
1daec722,20,1345,14.9,17,8,3,1,1.25,14,16.0,-2.0,-0.13,17.0,21.7,-4.7,-0.68,0,0,0,0.0
1e159d70,0,0,0.0,0,0,0,11,0.0,0,0.0,0.0,0.0,0.0,0.0,0.0,0.0,0,0,0,0.0
1ecb65be,6,199,2.2,1,0,5,9,0.67,0,5.0,-5.0,-1.48,2.4,3.2,-0.9,-0.03,0,0,0,0.0
1f44ac21,24,1932,21.5,23,14,1,0,2.17,60,22.0,38.0,1.49,47.7,17.9,29.8,0.8,0,0,0,0.0
1fb1c435,18,1296,14.4,17,5,1,0,1.0,18,24.0,-6.0,0.0,18.8,22.2,-3.4,-0.1,0,0,0,0.0
2093823e,0,0,0.0,0,0,0,2,0.0,0,0.0,0.0,0.0,0.0,0.0,0.0,0.0,0,0,0,0.0
20b104bc,23,1953,21.7,23,19,0,0,0.91,21,41.0,-20.0,1.69,18.1,35.7,-17.6,0.33,0,0,0,0.0
21166ff4,2,79,0.9,1,0,1,13,1.5,0,1.0,-1.0,-0.92,0.2,1.2,-1.1,-0.78,0,0,0,0.0
2140e999,0,0,0.0,0,0,0,2,0.0,0,0.0,0.0,0.0,0.0,0.0,0.0,0.0,0,0,0,0.0
21512407,23,2017,22.4,23,19,0,0,1.78,33,13.0,20.0,0.89,36.5,20.9,15.7,2.56,0,0,0,0.0
215f3907,12,313,3.5,1,0,11,8,1.25,6,5.0,1.0,-0.02,5.8,3.5,2.4,0.64,0,0,0,0.0
21a66f6a,25,2235,24.8,25,22,0,0,1.8,46,34.0,12.0,6.48,35.2,29.0,6.2,0.55,0,0,0,0.0
21a866b7,0,0,0.0,0,0,0,2,0.0,0,0.0,0.0,0.0,0.0,0.0,0.0,0.0,0,0,0,0.0
22f6ed2c,0,0,0.0,0,0,0,2,0.0,0,0.0,0.0,0.0,0.0,0.0,0.0,0.0,0,0,0,0.0
230f0471,13,988,11.0,11,9,2,0,0.69,7,17.0,-10.0,-0.53,10.9,18.1,-7.2,-0.17,0,0,0,0.0
2389cdc2,20,1380,15.3,15,11,5,1,1.2,20,26.0,-6.0,-0.16,18.8,21.6,-2.9,0.45,0,0,0,0.0
2411c7f7,0,0,0.0,0,0,0,2,0.0,0,0.0,0.0,0.0,0.0,0.0,0.0,0.0,0,0,0,0.0
24f59bb2,8,479,5.3,4,3,4,9,0.63,2,7.0,-5.0,-0.67,4.9,6.6,-1.7,-0.15,0,0,0,0.0
2500cef9,23,999,11.1,10,1,13,0,1.52,17,11.0,6.0,0.46,17.3,12.9,4.4,0.5,0,0,0,0.0
254147d4,12,578,6.4,6,2,6,8,0.83,5,11.0,-6.0,-0.02,5.6,7.1,-1.5,0.17,0,0,0,0.0
2628fd2b,23,2070,23.0,23,23,0,2,1.61,34,29.0,5.0,0.22,28.7,38.3,-9.6,-0.72,2070,23,23,23.0
26ce2263,19,1036,11.5,12,2,7,5,0.89,8,22.0,-14.0,-0.26,9.0,18.8,-9.8,-0.02,0,0,0,0.0
26d3b5be,5,102,1.1,1,0,4,2,0.6,1,3.0,-2.0,-1.2,1.5,2.4,-0.8,-0.18,0,0,0,0.0
26f6dca8,6,134,1.5,1,0,5,18,0.67,1,2.0,-1.0,-0.45,2.0,1.6,0.4,0.1,0,0,0,0.0
27d0a506,2,76,0.8,1,0,1,2,1.5,1,3.0,-2.0,-2.91,1.0,1.5,-0.4,-0.79,0,0,0,0.0
282679b4,14,280,3.1,0,0,14,2,0.79,5,5.0,0.0,0.48,6.3,4.5,1.8,0.89,0,0,0,0.0
282f75f3,22,1979,22.0,22,21,0,0,1.59,39,29.0,10.0,0.45,35.9,26.4,9.5,0.98,0,0,0,0.0
28300a16,0,0,0.0,0,0,0,22,0.0,0,0.0,0.0,0.0,0.0,0.0,0.0,0.0,0,0,0,0.0
2886c9b5,13,439,4.9,4,0,9,1,1.15,7,6.0,1.0,-0.13,6.2,5.0,1.2,0.13,0,0,0,0.0
288e1e13,8,695,7.7,7,6,1,2,1.13,10,8.0,2.0,0.75,11.5,8.5,2.9,0.28,0,0,0,0.0
289601e6,22,1918,21.3,22,21,0,0,1.64,31,22.0,9.0,1.51,28.3,30.9,-2.6,1.61,0,0,0,0.0
28b40c9c,25,2247,25.0,25,24,0,0,1.56,36,31.0,5.0,0.2,31.3,40.4,-9.1,-3.2,0,0,0,0.0
28d596a0,16,1395,15.5,16,15,0,6,1.31,14,13.0,1.0,0.42,19.2,17.6,1.6,0.47,1395,16,16,15.5
2928dca2,22,1970,21.9,22,21,0,1,0.95,15,28.0,-13.0,0.35,22.2,35.2,-13.0,-0.33,0,0,0,0.0
2944f86f,12,442,4.9,4,0,8,3,1.42,7,8.0,-1.0,-0.65,6.5,8.7,-2.2,-0.75,0,0,0,0.0
2964fd20,4,160,1.8,2,0,2,3,1.75,1,1.0,0.0,1.08,2.1,2.7,-0.5,0.24,0,0,0,0.0
2afc7272,19,1486,16.5,17,13,2,0,0.84,17,34.0,-17.0,0.17,12.8,27.2,-14.4,-0.09,0,0,0,0.0
2b09d998,22,1976,22.0,22,21,0,0,1.0,26,33.0,-7.0,1.15,28.2,29.0,-0.8,1.88,0,0,0,0.0
2b16cb1a,15,726,8.1,7,2,8,1,1.73,12,9.0,3.0,-0.77,11.9,10.1,1.8,-0.63,0,0,0,0.0
2b471f99,5,282,3.1,4,1,1,0,2.0,4,5.0,-1.0,0.35,2.8,5.4,-2.6,-0.48,0,0,0,0.0
2b622f01,9,99,1.1,0,0,9,3,1.78,4,1.0,3.0,2.39,2.5,0.5,2.0,1.69,0,0,0,0.0
2bd83368,19,1199,13.4,12,7,7,1,1.55,11,13.0,-2.0,0.77,15.2,18.8,-3.5999999999999996,0.43,0,0,0,0.0
2c44a35d,11,408,4.5,3,0,8,8,0.18,2,13.0,-11.0,-1.76,4.2,8.4,-4.1,-0.48,0,0,0,0.0
2c6835e5,0,0,0.0,0,0,0,1,0.0,0,0.0,0.0,0.0,0.0,0.0,0.0,0.0,0,0,0,0.0
2ce2508a,11,293,3.3,2,1,9,12,1.45,4,3.0,1.0,0.84,3.2,4.9,-1.7,-0.06,0,0,0,0.0
2e4f5f03,21,1592,17.7,18,11,3,0,1.67,29,20.0,9.0,0.32,32.3,23.4,8.9,0.54,0,0,0,0.0
2f90f6b8,17,679,7.5,6,2,11,2,1.59,8,7.0,1.0,-0.45,13.4,10.6,2.8,-0.01,0,0,0,0.0
2f965a72,3,129,1.4,0,0,3,18,1.0,4,2.0,2.0,1.75,2.9,2.5,0.4,0.09,129,3,0,1.4
2f9e4435,5,405,4.5,5,3,0,0,1.0,4,7.0,-3.0,0.51,5.5,8.5,-3.0,0.21,0,0,0,0.0
2fba6108,15,420,4.7,5,0,10,8,2.27,8,1.0,7.0,1.19,9.4,4.4,5.0,0.78,0,0,0,0.0
30d4a2e5,24,2048,22.8,24,21,0,0,0.88,17,31.0,-14.0,0.19,24.5,36.9,-12.5,0.32,0,0,0,0.0
30db8574,4,21,0.2,0,0,4,3,2.0,1,0.0,1.0,4.02,0.3,0.3,0.0,0.01,0,0,0,0.0
31c69ef1,17,1189,13.2,13,11,4,4,2.47,39,11.0,28.0,1.19,28.3,10.6,17.6,0.12,0,0,0,0.0
328f7d51,19,1094,12.2,11,3,8,3,0.63,12,20.0,-8.0,0.52,12.5,14.1,-1.6,0.47,0,0,0,0.0
32e7ce92,0,0,0.0,0,0,0,7,0.0,0,0.0,0.0,0.0,0.0,0.0,0.0,0.0,0,0,0,0.0
32e8417f,8,348,3.9,4,0,4,10,2.13,7,3.0,4.0,0.72,8.0,4.9,3.2,0.53,0,0,0,0.0
32e9d210,0,0,0.0,0,0,0,2,0.0,0,0.0,0.0,0.0,0.0,0.0,0.0,0.0,0,0,0,0.0
32f60ed8,23,1916,21.3,22,17,1,0,1.55,18,35.0,-17.0,1.01,24.7,31.2,-6.4,1.4,0,0,0,0.0
3312f911,24,1790,19.9,21,10,3,0,1.13,20,25.0,-5.0,0.96,19.5,26.9,-7.4,0.59,0,0,0,0.0
33887998,9,765,8.5,8,8,1,4,1.11,9,12.0,-3.0,-0.42,9.1,12.2,-3.1,-0.47,765,9,8,8.5
339fe0e8,0,0,0.0,0,0,0,10,0.0,0,0.0,0.0,0.0,0.0,0.0,0.0,0.0,0,0,0,0.0
35141f4c,20,1608,17.9,19,14,1,3,0.65,16,40.0,-24.0,-1.02,15.8,30.7,-14.9,0.03,0,0,0,0.0
3515d404,24,2160,24.0,24,24,0,0,0.75,19,41.0,-22.0,0.0,22.7,31.4,-8.8,0.0,0,0,0,0.0
3544641e,16,387,4.3,3,0,13,6,0.69,3,6.0,-3.0,0.27,3.5,6.9,-3.4,-0.51,0,0,0,0.0
35e413f1,24,1859,20.7,23,10,1,0,2.38,44,16.0,28.0,1.06,37.9,19.1,18.7,-0.14,0,0,0,0.0
36c2ca73,0,0,0.0,0,0,0,15,0.0,0,0.0,0.0,0.0,0.0,0.0,0.0,0.0,0,0,0,0.0
3727dd3c,6,209,2.3,2,0,4,3,3.33,1,3.0,-2.0,-0.94,1.3,4.1,-2.8000000000000003,-1.9,0,0,0,0.0
3766178e,0,0,0.0,0,0,0,2,0.0,0,0.0,0.0,0.0,0.0,0.0,0.0,0.0,0,0,0,0.0
384d58d9,5,315,3.5,4,1,1,7,0.8,4,3.0,1.0,0.43,4.8,4.2,0.6,0.27,0,0,0,0.0
387e1d35,0,0,0.0,0,0,0,2,0.0,0,0.0,0.0,0.0,0.0,0.0,0.0,0.0,0,0,0,0.0
38c7feef,8,314,3.5,4,0,4,3,1.5,5,6.0,-1.0,-0.85,7.0,5.7,1.3,0.0,0,0,0,0.0
38ceb24a,22,1536,17.1,18,5,4,1,3.17,28,28.0,0.0,-2.7,25.1,21.2,3.9,-0.82,0,0,0,0.0
3925dbd6,19,1633,18.1,19,11,0,0,1.68,27,20.0,7.0,0.68,25.5,26.2,-0.7,1.16,0,0,0,0.0
39769cff,15,1178,13.1,13,9,2,8,1.07,18,22.0,-4.0,0.24,17.3,19.1,-1.8,0.13,0,0,0,0.0
3a233281,23,1460,16.2,19,4,4,0,1.3,20,29.0,-9.0,-0.68,21.0,29.4,-8.4,-0.52,0,0,0,0.0
3a686640,0,0,0.0,0,0,0,1,0.0,0,0.0,0.0,0.0,0.0,0.0,0.0,0.0,0,0,0,0.0
3a949a25,1,67,0.7,0,0,1,12,0.0,0,0.0,0.0,-0.9,1.7,1.1,0.6,0.19,67,1,0,0.7
3b57a494,0,0,0.0,0,0,0,1,0.0,0,0.0,0.0,0.0,0.0,0.0,0.0,0.0,0,0,0,0.0
3b8674e6,18,1500,16.7,17,10,1,0,1.89,33,24.0,9.0,0.3,26.4,19.5,6.9,0.5,0,0,0,0.0
3bb7b8b4,25,2250,25.0,25,25,0,0,2.2,64,25.0,39.0,0.0,52.8,20.9,31.9,0.0,2250,25,25,25.0
3e1550ee,0,0,0.0,0,0,0,4,0.0,0,0.0,0.0,0.0,0.0,0.0,0.0,0.0,0,0,0,0.0
3e5e4e63,12,957,10.6,11,8,1,7,0.83,7,21.0,-14.0,-0.57,10.5,14.9,-4.5,0.19,0,0,0,0.0
3e80e04e,0,0,0.0,0,0,0,2,0.0,0,0.0,0.0,0.0,0.0,0.0,0.0,0.0,0,0,0,0.0
3e9e06cb,12,1080,12.0,12,12,0,1,2.63,15,16.0,-1.0,1.27,14.600000000000001,15.200000000000001,-0.6,0.12,0,0,0,0.0
3ea50f67,22,1876,20.8,22,16,0,0,1.05,31,32.0,-1.0,1.54,26.1,34.1,-8.0,0.75,0,0,0,0.0
3eb22ec9,23,1680,18.7,19,13,4,2,2.13,45,20.0,25.0,-0.87,35.9,17.3,18.6,-1.1,0,0,0,0.0
3f70db80,0,0,0.0,0,0,0,11,0.0,0,0.0,0.0,0.0,0.0,0.0,0.0,0.0,0,0,0,0.0
3f847d95,0,0,0.0,0,0,0,7,0.0,0,0.0,0.0,0.0,0.0,0.0,0.0,0.0,0,0,0,0.0
3fe6bd8c,0,0,0.0,0,0,0,7,0.0,0,0.0,0.0,0.0,0.0,0.0,0.0,0.0,0,0,0,0.0
4115ce4e,9,619,6.9,7,5,2,13,2.0,3,13.0,-10.0,-1.44,6.6,9.7,-3.1000000000000005,1.07,0,0,0,0.0
414184f7,3,53,0.6,0,0,3,1,0.0,1,2.0,-1.0,-1.4,0.5,2.1,-1.6,-2.49,0,0,0,0.0
41e7ef1c,3,135,1.5,2,1,1,6,0.33,0,4.0,-4.0,-3.05,1.1,4.4,-3.3,-1.96,0,0,0,0.0
41f08ac8,10,321,3.6,3,0,7,9,1.5,10,4.0,6.0,1.63,7.1,4.1,3.0,0.84,0,0,0,0.0
420d7c7d,17,974,10.8,10,9,7,2,0.82,10,17.0,-7.0,-0.42,12.9,15.8,-2.9,-0.13,0,0,0,0.0
422862ea,4,12,0.1,1,0,3,10,1.5,0,0.0,0.0,-0.2,0.1,0.4,-0.3,-1.59,0,0,0,0.0
4468ec10,22,1730,19.2,19,13,3,2,0.68,12,27.0,-15.0,-0.78,18.9,30.6,-11.7,-0.23,0,0,0,0.0
44781702,22,1621,18.0,18,16,4,1,1.77,30,22.0,8.0,0.01,23.1,17.7,5.4,0.2,0,0,0,0.0
44bfb6c5,23,2070,23.0,23,23,0,0,1.04,18,30.0,-12.0,2.48,22.6,31.4,-8.9,0.39,0,0,0,0.0
4506aec5,2,25,0.3,0,0,2,0,0.0,0,1.0,-1.0,-3.01,0.8,0.4,0.4,1.87,0,0,0,0.0
450ab6fc,4,107,1.2,1,1,3,15,1.83,2,3.0,-1.0,-1.8,1.2,2.2,-1.0,-1.57,0,0,0,0.0
45963054,24,1220,13.6,11,4,13,0,1.0,18,20.0,-2.0,0.24,13.5,20.5,-7.1,-0.1,0,0,0,0.0
4596da74,7,305,3.4,3,0,4,2,1.57,10,2.0,8.0,2.25,6.7,2.9,3.7,0.8,0,0,0,0.0
45db685d,22,1581,17.6,18,11,4,3,3.11,22,18.0,4.0,-0.51,22.6,18.9,3.6,0.23,0,0,0,0.0
466fb2c5,24,2160,24.0,24,24,0,0,2.38,52,23.0,29.0,0.0,45.1,22.8,22.3,0.0,2160,24,24,24.0
468a7a91,2,34,0.4,0,0,2,1,1.5,1,1.0,0.0,-0.46,0.9,0.6,0.3,0.32,0,0,0,0.0
47a34c4f,5,113,1.3,1,1,4,4,3.0,2,2.0,0.0,-1.28,2.6,1.3,1.4,0.17,0,0,0,0.0
4806ec67,23,2070,23.0,23,23,0,0,0.78,16,32.0,-16.0,-1.7,25.1,38.0,-12.9,0.11,2070,23,23,23.0
48a5a5d6,24,1914,21.3,23,12,1,0,2.38,47,18.0,29.0,1.36,40.2,20.3,19.9,0.08,0,0,0,0.0
48b3dd60,0,0,0.0,0,0,0,2,0.0,0,0.0,0.0,0.0,0.0,0.0,0.0,0.0,0,0,0,0.0
49375cdd,0,0,0.0,0,0,0,2,0.0,0,0.0,0.0,0.0,0.0,0.0,0.0,0.0,0,0,0,0.0
493924a7,6,144,1.6,1,0,5,8,0.67,2,7.0,-5.0,-3.55,1.4,6.8,-5.3,-3.18,0,0,0,0.0
4a1a9578,8,613,6.8,7,5,1,0,1.25,17,8.0,9.0,1.26,12.4,7.8,4.6,0.42,0,0,0,0.0
4a51ba65,0,0,0.0,0,0,0,23,0.0,0,0.0,0.0,0.0,0.0,0.0,0.0,0.0,0,0,0,0.0
4abac767,4,138,1.5,1,0,3,2,1.5,2,2.0,0.0,0.98,1.4,2.0,-0.6,-0.03,0,0,0,0.0
4b40d9ca,23,2001,22.2,23,22,0,0,1.78,35,15.0,20.0,0.9,35.4,21.4,14.0,-0.17,2001,23,23,22.2
4b511457,1,74,0.8,1,0,0,3,0.0,1,4.0,-3.0,-2.83,0.3,1.4,-1.1,-0.98,0,0,0,0.0
4b803b3c,7,520,5.8,6,5,1,0,0.71,4,5.0,-1.0,0.32,5.6,5.8,-0.1,0.23,0,0,0,0.0
4bcf39f6,17,880,9.8,9,1,8,4,1.06,8,10.0,-2.0,0.71,10.5,15.8,-5.4,0.03,0,0,0,0.0
4c370d81,16,992,11.0,11,3,5,0,1.75,21,13.0,8.0,0.56,18.0,15.0,3.0,-0.21,0,0,0,0.0
4d224fe8,17,1230,13.7,13,10,4,0,2.29,23,10.0,13.0,0.95,23.3,11.5,11.7,1.0,0,0,0,0.0
4d77b365,17,1116,12.4,13,5,4,0,1.71,22,17.0,5.0,-0.07,24.6,19.1,5.4,0.13,0,0,0,0.0
4d90ce8c,1,5,0.1,0,0,1,2,3.0,0,0.0,0.0,-0.44,0.0,0.0,0.0,0.28,0,0,0,0.0
4d960fc3,1,9,0.1,0,0,1,9,0.0,0,1.0,-1.0,-8.95,0.0,0.3,-0.3,-1.95,0,0,0,0.0
4e015693,6,142,1.6,0,0,6,4,0.67,1,2.0,-1.0,-0.01,1.0,2.7,-1.6,-0.49,0,0,0,0.0
4e5a4cbc,18,1462,16.2,17,16,1,4,0.94,14,30.0,-16.0,0.05,18.0,25.0,-7.0,0.3,0,0,0,0.0
4e9a0555,23,742,8.3,8,0,15,1,2.94,10,7.0,3.0,0.63,9.3,9.899999999999999,-0.6000000000000001,-0.67,0,0,0,0.0
4f28a6ff,15,1102,12.2,13,6,2,9,1.67,26,21.0,5.0,-0.06,19.5,15.5,4.0,0.16,0,0,0,0.0
4f565d77,5,61,0.7,0,0,5,9,3.0,0,1.0,-1.0,-3.12,1.0,1.3,-0.3,-1.79,0,0,0,0.0
4f974391,19,1578,17.5,17,15,2,3,0.95,16,22.0,-6.0,-0.34,22.6,20.2,2.4,-0.2,0,0,0,0.0
4fb9c88f,6,189,2.1,1,1,5,5,1.17,0,3.0,-3.0,-2.05,3.9,3.7,0.2,-0.3,0,0,0,0.0
4fd08daa,2,80,0.9,1,0,1,14,2.0,1,2.0,-1.0,-1.65,1.5,0.9,0.7,0.33,0,0,0,0.0
505486d6,4,350,3.9,4,3,0,0,1.5,8,7.0,1.0,0.61,5.4,7.4,-2.0,-0.03,0,0,0,0.0
507c7bdf,23,2068,23.0,23,21,0,0,2.13,40,25.0,15.0,2.61,38.4,27.8,10.6,0.73,0,0,0,0.0
50dc94ce,7,167,1.9,2,0,5,4,1.71,3,3.0,0.0,-0.59,2.4,1.5,0.9,0.03,0,0,0,0.0
50e6dc35,20,660,7.3,6,0,14,3,1.0,3,9.0,-6.0,-0.58,7.4,12.0,-4.6,-0.23,0,0,0,0.0
515ebe8d,2,66,0.7,1,0,1,15,2.0,1,1.0,0.0,-0.45,2.0,0.5,1.5,1.74,0,0,0,0.0
51a3c4c8,3,264,2.9,2,2,1,1,0.33,1,7.0,-6.0,-1.19,2.0,6.8,-4.7,-1.24,0,0,0,0.0
51cf8561,17,1349,15.0,16,6,1,0,2.24,29,14.0,15.0,-0.55,27.9,14.6,13.3,-0.11,0,0,0,0.0
51dbeea9,18,1575,17.5,18,17,0,4,0.94,17,23.0,-6.0,-0.34,21.0,19.1,1.9,-0.29,0,0,0,0.0
529f49ab,19,1546,17.2,18,13,1,0,2.53,41,11.0,30.0,1.89,32.8,17.0,15.8,-0.03,0,0,0,0.0
52afb588,4,55,0.6,0,0,4,1,2.0,2,1.0,1.0,1.37,0.9,0.9,0.0,-0.13,0,0,0,0.0
531a4aa8,1,45,0.5,1,0,0,4,0.0,1,2.0,-1.0,-1.11,0.2,1.0,-0.8,-1.18,0,0,0,0.0
53552942,1,19,0.2,0,0,1,1,3.0,0,1.0,-1.0,-6.35,0.3,0.2,0.1,-0.58,0,0,0,0.0
53cad200,19,1106,12.3,11,8,8,4,1.26,12,11.0,1.0,0.34,15.1,16.3,-1.2,-0.08,0,0,0,0.0
54778940,0,0,0.0,0,0,0,2,0.0,0,0.0,0.0,0.0,0.0,0.0,0.0,0.0,0,0,0,0.0
54b6eed9,0,0,0.0,0,0,0,3,0.0,0,0.0,0.0,0.0,0.0,0.0,0.0,0.0,0,0,0,0.0
5515376c,13,978,10.9,11,9,2,9,1.38,11,10.0,1.0,0.32,13.6,16.0,-2.4,-0.29,0,0,0,0.0
558807c0,9,297,3.3,3,2,6,12,0.89,0,10.0,-10.0,-2.26,0.9,6.1,-5.1,-0.82,0,0,0,0.0
56d838f7,1,8,0.1,0,0,1,9,0.0,0,0.0,0.0,0.42,0.1,0.3,-0.2,-2.11,0,0,0,0.0
56f7a928,23,1708,19.0,19,11,4,0,0.91,28,34.0,-6.0,-0.32,22.6,31.3,-8.7,0.1,0,0,0,0.0
570bb4b9,4,305,3.4,4,1,0,0,1.0,2,5.0,-3.0,0.23,3.6,6.4,-2.8,0.01,0,0,0,0.0
57c94db2,14,933,10.4,10,9,4,9,1.93,18,10.0,8.0,0.85,14.8,14.2,0.6,-0.16,0,0,0,0.0
57e3f0c7,0,0,0.0,0,0,0,2,0.0,0,0.0,0.0,0.0,0.0,0.0,0.0,0.0,0,0,0,0.0
59878425,1,1,0.0,0,0,1,14,3.0,0,0.0,0.0,-1.21,0.0,0.0,0.0,-0.93,0,0,0,0.0
59d2e6bb,0,0,0.0,0,0,0,1,0.0,0,0.0,0.0,0.0,0.0,0.0,0.0,0.0,0,0,0,0.0
59e6e5bf,11,731,8.1,9,3,2,0,0.73,5,12.0,-7.0,-0.36,7.9,12.5,-4.5,0.01,0,0,0,0.0
5a04fd92,22,1294,14.4,13,6,9,2,0.77,14,19.0,-5.0,-0.24,20.1,17.8,2.2,-0.09,0,0,0,0.0
5a7301ae,17,579,6.5,5,2,12,4,1.81,9,11.0,-2.0,0.16,9.3,10.2,-0.8999999999999999,0.41,0,0,0,0.0
5bc43860,23,1718,19.1,20,8,3,1,0.96,24,36.0,-12.0,-1.04,24.7,29.7,-5.0,-0.33,0,0,0,0.0
5c0da4a4,17,1367,15.2,16,9,1,0,1.18,19,31.0,-12.0,0.8,12.4,24.9,-12.5,0.06,0,0,0,0.0
5c2b4f07,15,1160,12.9,13,8,2,0,1.4,9,16.0,-7.0,0.99,13.3,18.2,-4.8,0.32,0,0,0,0.0
5c74c0f5,22,1686,18.7,21,12,1,0,1.09,29,29.0,0.0,1.14,20.5,29.2,-8.7,0.07,0,0,0,0.0
5cbd1eb0,22,1631,18.1,20,13,2,0,1.09,17,20.0,-3.0,1.03,16.7,24.1,-7.5,0.24,0,0,0,0.0
5dbefa9d,4,86,1.0,0,0,4,0,1.0,1,5.0,-4.0,-3.32,1.4,3.5,-2.1,-1.74,0,0,0,0.0
5e253986,0,0,0.0,0,0,0,3,0.0,0,0.0,0.0,0.0,0.0,0.0,0.0,0.0,0,0,0,0.0
5e74d6c8,0,0,0.0,0,0,0,2,0.0,0,0.0,0.0,0.0,0.0,0.0,0.0,0.0,0,0,0,0.0
5ed9b537,5,382,4.2,4,4,1,2,0.8,3,8.0,-5.0,-1.98,5.7,7.3,-1.6,-0.93,0,0,0,0.0
5eecec3d,14,1181,13.1,13,12,1,2,2.36,33,13.0,20.0,-0.08,28.3,8.7,19.6,0.45,0,0,0,0.0
5ff4ab71,4,360,4.0,4,4,0,0,0.5,1,4.0,-3.0,-0.8,4.5,3.4,1.1,0.4,0,0,0,0.0
60344e4f,23,1061,11.8,12,0,11,0,1.52,24,12.0,12.0,1.46,18.8,12.6,6.1,0.78,0,0,0,0.0
6250083a,10,377,4.2,5,1,5,10,1.8,7,3.0,4.0,0.62,4.6,3.3,1.3,0.09,0,0,0,0.0
62d7ef38,0,0,0.0,0,0,0,15,0.0,0,0.0,0.0,0.0,0.0,0.0,0.0,0.0,0,0,0,0.0
6385ebfb,0,0,0.0,0,0,0,9,0.0,0,0.0,0.0,0.0,0.0,0.0,0.0,0.0,0,0,0,0.0
6412cc03,14,294,3.3,1,0,13,8,2.07,8,1.0,7.0,1.08,6.4,2.1,4.4,0.47,0,0,0,0.0
6434f10d,24,2057,22.9,24,18,0,0,2.17,56,21.0,35.0,-0.33,47.3,17.8,29.5,0.19,0,0,0,0.0
65c3efa2,0,0,0.0,0,0,0,1,0.0,0,0.0,0.0,0.0,0.0,0.0,0.0,0.0,0,0,0,0.0
6612cd8c,2,15,0.2,0,0,2,3,0.0,0,2.0,-2.0,-12.28,0.1,0.6,-0.5,-2.68,0,0,0,0.0
6613c819,24,1835,20.4,20,16,4,0,0.96,20,24.0,-4.0,0.36,26.1,22.2,3.8,-0.01,0,0,0,0.0
6622454d,13,572,6.4,6,2,7,8,0.77,3,6.0,-3.0,-0.53,6.4,6.4,-0.1,0.07,0,0,0,0.0
6639e500,25,2075,23.1,25,6,0,0,1.56,34,26.0,8.0,1.89,28.9,34.4,-5.5,1.54,0,0,0,0.0
66b290f7,0,0,0.0,0,0,0,1,0.0,0,0.0,0.0,0.0,0.0,0.0,0.0,0.0,0,0,0,0.0
66b76d44,24,1375,15.3,15,3,9,0,1.29,24,28.0,-4.0,0.2,20.4,25.2,-4.8,0.1,0,0,0,0.0
6722d4f0,1,1,0.0,0,0,1,4,1.0,0,0.0,0.0,-0.2,0.0,0.0,0.0,0.36,0,0,0,0.0
67ac5bb8,24,2160,24.0,24,24,0,0,2.38,52,23.0,29.0,0.0,45.1,22.8,22.3,0.0,0,0,0,0.0
68c720b5,22,1068,11.9,12,0,10,2,0.82,12,18.0,-6.0,0.81,10.3,16.4,-6.0,-0.28,0,0,0,0.0
68db6358,0,0,0.0,0,0,0,4,0.0,0,0.0,0.0,0.0,0.0,0.0,0.0,0.0,0,0,0,0.0
68dc0dac,22,1567,17.4,19,8,3,1,0.82,14,28.0,-14.0,0.41,16.7,21.6,-4.9,0.3,0,0,0,0.0
6992791d,4,61,0.7,0,0,4,5,0.75,0,1.0,-1.0,-0.4,0.4,0.7,-0.3,0.38,0,0,0,0.0
69942fb3,0,0,0.0,0,0,0,6,0.0,0,0.0,0.0,0.0,0.0,0.0,0.0,0.0,0,0,0,0.0
69fdb896,11,381,4.2,4,0,7,13,1.09,1,4.0,-3.0,-0.56,3.5,4.5,-1.0,-0.52,0,0,0,0.0
6a713852,22,1980,22.0,22,22,0,0,1.59,39,29.0,10.0,0.0,36.0,26.5,9.5,0.0,1980,22,22,22.0
6aa3e78b,17,813,9.0,9,3,8,4,1.65,17,15.0,2.0,-0.34,13.5,10.8,2.7,0.08,0,0,0,0.0
6ad43f9a,2,3,0.0,0,0,2,5,0.5,0,0.0,0.0,0.42,0.0,0.3,-0.3,-7.4,0,0,0,0.0
6adbc307,9,499,5.5,5,5,4,10,1.79,7,9.0,-2.0,-1.69,7.6,8.4,-0.9,0.59,0,0,0,0.0
6afaebf2,23,1747,19.4,23,3,0,0,1.52,32,27.0,5.0,-0.3,25.0,24.7,0.3,-0.8,0,0,0,0.0
6b47c5db,16,974,10.8,11,6,5,2,0.81,16,25.0,-9.0,-1.06,11.0,17.2,-6.2,-0.17,0,0,0,0.0
6b625ac2,24,2160,24.0,24,24,0,0,0.92,29,39.0,-10.0,0.0,30.4,35.1,-4.7,0.0,2160,24,24,24.0
6b6c793c,14,905,10.1,10,7,4,10,2.0,15,8.0,7.0,0.27,16.2,12.0,4.2,-0.02,0,0,0,0.0
6bd603db,0,0,0.0,0,0,0,2,0.0,0,0.0,0.0,0.0,0.0,0.0,0.0,0.0,0,0,0,0.0
6c203af0,20,814,9.0,8,3,12,1,1.65,15,15.0,0.0,-0.69,11.2,11.1,0.1,-0.37,0,0,0,0.0
6ca5ec4b,24,2121,23.6,24,22,0,0,0.88,17,31.0,-14.0,1.71,25.1,38.1,-13.0,0.65,0,0,0,0.0
6d5701f2,3,234,2.6,3,1,0,7,0.0,1,4.0,-3.0,-0.59,2.3,4.1,-1.8,-0.15,0,0,0,0.0
6dfd8f05,22,1339,14.9,16,7,6,0,0.64,9,26.0,-17.0,-0.59,13.7,20.9,-7.2,-0.31,0,0,0,0.0
6e4cb264,0,0,0.0,0,0,0,1,0.0,0,0.0,0.0,0.0,0.0,0.0,0.0,0.0,0,0,0,0.0
6e7f1353,2,11,0.1,0,0,2,11,3.0,0,1.0,-1.0,-7.89,0.0,0.4,-0.4,-3.11,0,0,0,0.0
6f711f67,5,74,0.8,0,0,5,9,0.0,0,2.0,-2.0,-1.87,0.2,1.0,-0.8,-0.63,0,0,0,0.0
6f7d826d,23,1680,18.7,19,12,4,1,1.22,25,26.0,-1.0,1.26,22.0,27.0,-5.0,0.37,0,0,0,0.0
6fa3c28e,0,0,0.0,0,0,0,6,0.0,0,0.0,0.0,0.0,0.0,0.0,0.0,0.0,0,0,0,0.0
6faae64f,0,0,0.0,0,0,0,1,0.0,0,0.0,0.0,0.0,0.0,0.0,0.0,0.0,0,0,0,0.0
6fe90922,24,1433,15.9,16,6,8,1,1.75,28,23.0,5.0,-0.35,22.1,19.8,2.3,-0.27,0,0,0,0.0
700783e7,7,463,5.1,5,5,2,8,2.14,13,8.0,5.0,0.68,6.5,9.1,-2.6,-1.22,0,0,0,0.0
7120a04d,4,293,3.3,4,0,0,0,1.5,7,7.0,0.0,0.29,5.1,6.8,-1.8,-0.08,0,0,0,0.0
71ef519e,3,24,0.3,0,0,3,12,1.33,0,0.0,0.0,-0.88,0.6,0.7,-0.1,-1.04,0,0,0,0.0
72c812f3,19,1491,16.6,18,9,1,0,0.95,12,23.0,-11.0,-0.13,16.1,26.9,-10.8,-0.28,0,0,0,0.0
7314bba4,4,6,0.1,0,0,4,16,1.75,0,2.0,-2.0,-30.28,0.0,0.6,-0.6,-8.04,0,0,0,0.0
732327ae,0,0,0.0,0,0,0,4,0.0,0,0.0,0.0,0.0,0.0,0.0,0.0,0.0,0,0,0,0.0
73341ace,1,8,0.1,0,0,1,5,3.0,1,0.0,1.0,10.86,0.3,0.0,0.3,2.76,0,0,0,0.0
733f1a7d,2,26,0.3,0,0,2,2,1.5,0,1.0,-1.0,-3.95,0.1,0.8,-0.6,-2.58,0,0,0,0.0
74618572,17,1020,11.3,10,6,7,2,1.65,23,13.0,10.0,0.88,20.5,13.9,6.6,0.32,0,0,0,0.0
74b2cd7e,9,647,7.2,7,6,2,13,1.0,8,8.0,0.0,0.36,10.5,7.5,3.0,0.32,0,0,0,0.0
758dd7f0,1,11,0.1,0,0,1,14,3.0,1,1.0,0.0,-0.87,0.0,0.5,-0.4,-4.27,0,0,0,0.0
75a72a99,2,9,0.1,0,0,2,1,1.5,0,0.0,0.0,0.25,0.0,0.1,-0.1,-0.6,0,0,0,0.0
75fdd638,13,956,10.6,11,6,2,3,1.0,12,15.0,-3.0,0.24,11.6,16.2,-4.5,-0.41,0,0,0,0.0
76eca7e2,2,180,2.0,2,2,0,22,0.5,1,4.0,-3.0,-0.55,2.6,3.8,-1.2,-0.11,180,2,2,2.0
77cf6852,1,1,0.0,0,0,1,0,1.0,0,0.0,0.0,-0.87,0.0,0.1,-0.1,-9.48,0,0,0,0.0
77d7c96f,19,1596,17.7,18,13,1,0,1.68,24,17.0,7.0,0.67,20.4,26.2,-5.8,0.11,0,0,0,0.0
77e84962,14,1154,12.8,14,9,0,0,1.5,18,22.0,-4.0,-1.69,20.4,19.6,0.8,-0.71,0,0,0,0.0
79300479,23,1946,21.6,23,7,0,0,2.35,48,22.0,26.0,-0.06,41.7,21.4,20.3,0.12,0,0,0,0.0
7956236f,22,1924,21.4,22,21,0,1,1.27,27,31.0,-4.0,1.34,26.5,31.2,-4.7,1.19,1924,22,22,21.4
79c0821a,16,925,10.3,8,5,8,1,1.31,7,13.0,-6.0,-0.88,10.6,14.4,-3.8,-0.54,0,0,0,0.0
79c84d1c,24,2150,23.9,24,21,0,0,0.96,22,29.0,-7.0,-9.29,30.0,26.4,3.6,-8.76,0,0,0,0.0
7a11550b,19,1286,14.3,13,13,6,3,1.74,24,12.0,12.0,1.07,26.4,20.5,5.9,0.09,0,0,0,0.0
7a1f2c08,4,49,0.5,0,0,4,14,1.75,0,0.0,0.0,0.43,0.3,0.9,-0.6,-0.67,0,0,0,0.0
7a2e46a8,23,2070,23.0,23,23,0,0,1.57,38,28.0,10.0,0.0,40.8,32.1,8.7,0.0,2070,23,23,23.0
7aa8adfe,13,403,4.5,4,0,9,8,2.0,11,7.0,4.0,0.43,10.2,4.9,5.3,0.94,0,0,0,0.0
7aee4dd3,0,0,0.0,0,0,0,1,0.0,0,0.0,0.0,0.0,0.0,0.0,0.0,0.0,0,0,0,0.0
7b4de647,1,90,1.0,1,1,0,23,3.0,1,0.0,1.0,1.7,0.4,1.0,-0.7,-0.11,90,1,1,1.0
7b5ab7f2,4,148,1.6,2,0,2,12,1.5,5,1.0,4.0,2.13,2.3,1.0,1.3,0.58,0,0,0,0.0
7ba2eaa9,8,599,6.7,8,2,0,1,0.75,3,6.0,-3.0,0.24,6.4,6.4,0.0,0.55,0,0,0,0.0
7ba6d84e,24,2160,24.0,24,24,0,0,2.04,41,28.0,13.0,0.0,38.9,28.6,10.3,0.0,2160,24,24,24.0
7bf9400b,0,0,0.0,0,0,0,4,0.0,0,0.0,0.0,0.0,0.0,0.0,0.0,0.0,0,0,0,0.0
7d6af698,0,0,0.0,0,0,0,1,0.0,0,0.0,0.0,0.0,0.0,0.0,0.0,0.0,0,0,0,0.0
7e003182,0,0,0.0,0,0,0,2,0.0,0,0.0,0.0,0.0,0.0,0.0,0.0,0.0,0,0,0,0.0
7eda24fe,0,0,0.0,0,0,0,1,0.0,0,0.0,0.0,0.0,0.0,0.0,0.0,0.0,0,0,0,0.0
7f3b388c,21,1453,16.1,16,12,5,0,1.57,30,17.0,13.0,1.24,28.6,20.8,7.8,0.36,0,0,0,0.0
7f94982c,1,1,0.0,0,0,1,0,3.0,0,0.0,0.0,-1.21,0.0,0.0,0.0,-0.93,0,0,0,0.0
7fcc71d8,23,1357,15.1,16,8,7,0,0.91,10,23.0,-13.0,-0.64,16.3,18.6,-2.3,0.66,0,0,0,0.0
803ae100,24,1950,21.7,24,13,0,0,1.63,30,28.0,2.0,-0.81,26.6,36.0,-9.4,-0.56,0,0,0,0.0
8074e66f,0,0,0.0,0,0,0,1,0.0,0,0.0,0.0,0.0,0.0,0.0,0.0,0.0,0,0,0,0.0
810e3c74,15,875,9.7,11,2,4,4,0.8,8,15.0,-7.0,0.47,10.3,14.0,-3.7,0.25,0,0,0,0.0
819aa8e7,8,382,4.2,3,1,5,10,0.75,4,5.0,-1.0,0.02,5.7,5.6,0.2,0.63,0,0,0,0.0
819b3158,22,1576,17.5,18,11,4,3,2.23,49,15.0,34.0,1.27,42.5,13.6,29.0,1.26,0,0,0,0.0
82518f62,17,1397,15.5,17,9,0,0,2.18,28,7.0,21.0,1.49,25.0,12.6,12.4,0.5,0,0,0,0.0
828657ff,22,1716,19.1,20,12,2,0,0.95,15,24.0,-9.0,0.74,21.3,31.2,-9.9,0.24,0,0,0,0.0
82927de4,20,978,10.9,11,1,9,4,0.9,11,14.0,-3.0,-0.05,13.7,12.1,1.7,-0.07,0,0,0,0.0
8397a50c,21,1890,21.0,21,21,0,1,1.48,29,32.0,-3.0,1.52,27.5,32.6,-5.1,0.85,0,0,0,0.0
839c14e1,3,30,0.3,0,0,3,12,6.0,1,0.0,1.0,1.72,0.5,0.0,0.4,0.71,0,0,0,0.0
83d074ff,19,1637,18.2,18,16,1,0,1.53,29,24.0,5.0,-1.04,30.0,20.1,9.8,0.63,0,0,0,0.0
8449d35e,23,1434,15.9,15,8,8,0,1.52,23,22.0,1.0,-0.79,22.5,20.0,2.5,0.04,0,0,0,0.0
84c5ceea,0,0,0.0,0,0,0,2,0.0,0,0.0,0.0,0.0,0.0,0.0,0.0,0.0,0,0,0,0.0
85322440,1,7,0.1,0,0,1,1,3.0,0,0.0,0.0,1.0,0.0,0.2,-0.2,-2.07,0,0,0,0.0
862a1c15,23,1879,20.9,23,5,0,0,1.78,31,13.0,18.0,-0.08,32.6,19.6,13.0,-0.12,0,0,0,0.0
86695068,14,469,5.2,5,0,9,7,1.43,8,7.0,1.0,0.56,4.9,9.3,-4.4,-0.47,0,0,0,0.0
86dd77d1,15,1074,11.9,13,9,2,4,2.2,32,13.0,19.0,0.06,26.3,10.0,16.2,0.16,0,0,0,0.0
86e7deaf,21,1812,20.1,20,19,1,1,1.29,20,22.0,-2.0,-0.1,23.7,25.9,-2.2,-0.3,0,0,0,0.0
8790f988,16,926,10.3,11,3,5,2,0.88,9,12.0,-3.0,-0.07,13.4,11.4,2.0,0.01,0,0,0,0.0
87966294,1,9,0.1,0,0,1,0,0.0,0,1.0,-1.0,-8.95,0.0,0.3,-0.3,-1.95,0,0,0,0.0
87f12e30,0,0,0.0,0,0,0,2,0.0,0,0.0,0.0,0.0,0.0,0.0,0.0,0.0,0,0,0,0.0
886f9aac,7,133,1.5,0,0,7,2,1.71,4,1.0,3.0,1.95,1.7,1.8,-0.1,0.3,0,0,0,0.0
892d5bb1,19,1061,11.8,12,4,7,6,2.47,30,16.0,14.0,-0.7,26.0,8.9,17.1,0.33,0,0,0,0.0
89ac64a6,18,1451,16.1,15,14,3,1,2.22,39,17.0,22.0,-0.55,32.6,14.1,18.4,-0.37,0,0,0,0.0
8a3c1dc7,22,1960,21.8,22,19,0,0,1.45,34,30.0,4.0,-2.27,30.4,28.0,2.5,-0.55,0,0,0,0.0
8a7ff278,16,1295,14.4,14,13,2,5,1.25,15,20.0,-5.0,0.17,13.7,20.5,-6.8,0.0,0,0,0,0.0
8aafd64f,4,319,3.5,4,2,0,0,0.25,2,5.0,-3.0,-0.9,4.9,3.2,1.7,0.65,0,0,0,0.0
8aec0537,22,1911,21.2,22,16,0,0,1.59,38,29.0,9.0,-0.88,34.9,26.2,8.6,-0.71,0,0,0,0.0
8b04d6c1,24,2141,23.8,24,22,0,0,1.88,45,33.0,12.0,1.33,33.7,27.7,6.0,0.14,0,0,0,0.0
8b529245,17,554,6.2,5,3,12,3,1.41,9,10.0,-1.0,-0.48,5.9,11.8,-5.8,-0.78,0,0,0,0.0
8b57ad2c,2,42,0.5,0,0,2,1,1.5,2,0.0,2.0,5.01,0.7,0.5,0.3,0.97,0,0,0,0.0
8b788c01,9,458,5.1,6,0,3,0,2.33,10,5.0,5.0,0.56,10.1,4.1,6.0,0.94,0,0,0,0.0
8b9ebd03,18,1377,15.3,16,4,2,0,1.72,23,10.0,13.0,1.67,20.4,21.1,-0.7,0.81,0,0,0,0.0
8c3078cd,3,13,0.1,0,0,3,14,2.0,0,1.0,-1.0,-7.16,0.3,1.2,-0.8,-5.55,0,0,0,0.0
8c45f10e,0,0,0.0,0,0,0,6,0.0,0,0.0,0.0,0.0,0.0,0.0,0.0,0.0,0,0,0,0.0
8d3c902d,12,704,7.8,9,1,3,1,0.83,6,20.0,-14.0,-1.17,7.1,13.1,-5.9,-0.35,0,0,0,0.0
8df7a2fb,22,1928,21.4,22,20,0,1,1.59,35,24.0,11.0,3.05,30.6,25.7,4.9,1.28,0,0,0,0.0
8e16dd48,12,537,6.0,8,0,4,0,0.67,4,10.0,-6.0,-0.78,7.7,5.6,2.1,0.74,0,0,0,0.0
8e633970,0,0,0.0,0,0,0,2,0.0,0,0.0,0.0,0.0,0.0,0.0,0.0,0.0,0,0,0,0.0
8e92be30,7,437,4.9,5,2,2,0,1.0,4,5.0,-1.0,-1.36,9.5,5.9,3.6,0.14,0,0,0,0.0
8f534f8e,0,0,0.0,0,0,0,2,0.0,0,0.0,0.0,0.0,0.0,0.0,0.0,0.0,0,0,0,0.0
8f62b6ee,21,1890,21.0,21,21,0,1,1.81,39,29.0,10.0,0.23,30.9,24.8,6.0,0.27,1890,21,21,21.0
903b6e8b,24,2160,24.0,24,24,0,0,1.0,18,33.0,-15.0,0.0,23.7,33.3,-9.6,0.0,2160,24,24,24.0
907a5d7c,0,0,0.0,0,0,0,3,0.0,0,0.0,0.0,0.0,0.0,0.0,0.0,0.0,0,0,0,0.0
90f91999,20,1434,15.9,16,9,4,1,1.2,15,23.0,-8.0,-0.5,18.1,22.6,-4.5,0.2,0,0,0,0.0
91c75917,0,0,0.0,0,0,0,4,0.0,0,0.0,0.0,0.0,0.0,0.0,0.0,0.0,0,0,0,0.0
9228b07c,13,452,5.0,4,1,9,10,1.08,2,7.0,-5.0,-0.47,4.9,9.5,-4.5,-0.43,0,0,0,0.0
92868cb5,1,4,0.0,0,0,1,0,0.0,0,0.0,0.0,0.25,0.1,0.0,0.1,0.98,0,0,0,0.0
92e7e919,23,1763,19.6,20,12,3,0,1.83,34,28.0,6.0,-0.62,28.5,23.8,4.6,-0.03,0,0,0,0.0
9319781b,12,654,7.3,7,6,5,7,1.25,7,5.0,2.0,0.75,11.5,7.3,4.2,0.56,0,0,0,0.0
9328b835,24,2031,22.6,24,21,0,0,0.96,19,27.0,-8.0,-1.75,28.1,24.0,4.2,-0.09,2031,24,24,22.6
935e6b8f,20,1146,12.7,13,5,7,0,1.6,24,16.0,8.0,0.43,23.6,17.8,5.7,0.16,0,0,0,0.0
93feac6e,17,825,9.2,9,1,8,0,0.82,10,12.0,-2.0,0.32,11.4,11.9,-0.6,0.22,0,0,0,0.0
94f8d10c,10,716,8.0,7,5,3,5,0.8,7,11.0,-4.0,0.62,7.8,10.6,-2.8,0.02,0,0,0,0.0
9610c9c1,0,0,0.0,0,0,0,2,0.0,0,0.0,0.0,0.0,0.0,0.0,0.0,0.0,0,0,0,0.0
963a9201,10,428,4.8,3,2,7,4,1.4,2,9.0,-7.0,-0.59,4.1,8.1,-4.0,-0.39,0,0,0,0.0
966e28d0,11,337,3.7,4,0,7,9,1.73,10,3.0,7.0,1.71,7.1,4.8,2.3,0.29,0,0,0,0.0
9674002f,23,1631,18.1,20,7,3,0,1.35,18,21.0,-3.0,-0.34,22.3,23.3,-1.0,0.01,0,0,0,0.0
97220da2,12,294,3.3,2,0,10,1,1.5,5,5.0,0.0,0.1,2.8,4.4,-1.6,-0.49,0,0,0,0.0
972aeb2a,24,2145,23.8,24,23,0,0,2.38,51,23.0,28.0,-4.83,44.7,22.7,22.0,-0.76,0,0,0,0.0
97333cf5,20,887,9.9,9,0,11,1,0.6,6,20.0,-14.0,-0.85,11.0,14.4,-3.4,0.04,0,0,0,0.0
9744ff80,5,359,4.0,4,2,1,0,1.4,5,5.0,0.0,0.75,4.3,5.4,-1.1,0.16,0,0,0,0.0
980522ec,19,1489,16.5,18,7,1,0,2.0,24,23.0,1.0,-1.55,23.2,19.5,3.7,-0.66,0,0,0,0.0
984a5a64,17,1422,15.8,16,13,1,1,0.82,14,27.0,-13.0,0.27,14.5,21.4,-6.9,-0.2,0,0,0,0.0
98d2c2c4,20,1641,18.2,18,15,2,2,1.05,12,32.0,-20.0,-0.4,18.9,29.1,-10.2,-0.14,0,0,0,0.0
98ea5115,23,2070,23.0,23,23,0,0,1.52,37,30.0,7.0,0.0,32.3,29.0,3.3,0.0,2070,23,23,23.0
99127249,12,908,10.1,11,3,1,0,2.0,19,12.0,7.0,0.26,14.9,11.4,3.5,-0.15,0,0,0,0.0
99813635,16,722,8.0,12,0,4,0,1.56,16,10.0,6.0,0.46,12.0,10.7,1.3,-0.42,0,0,0,0.0
999ceb5f,8,384,4.3,4,2,4,1,0.5,4,7.0,-3.0,-0.1,3.0,6.3,-3.3,-0.46,0,0,0,0.0
9a28eba4,21,1007,11.2,8,2,13,1,1.1,7,18.0,-11.0,-0.67,12.1,18.4,-6.3,-0.31,0,0,0,0.0
9b398aea,18,942,10.5,9,4,9,5,1.17,7,13.0,-6.0,0.09,10.6,14.9,-4.4,-0.03,0,0,0,0.0
9b5ce51a,24,2108,23.4,24,22,0,0,0.88,21,47.0,-26.0,-1.11,18.9,39.2,-20.3,-0.94,0,0,0,0.0
9b6f7fd5,16,1166,13.0,15,3,1,0,1.06,16,16.0,0.0,0.54,17.3,13.0,4.3,0.31,0,0,0,0.0
9bbef03e,0,0,0.0,0,0,0,6,0.0,0,0.0,0.0,0.0,0.0,0.0,0.0,0.0,0,0,0,0.0
9bc9a519,4,7,0.1,0,0,4,8,1.5,0,0.0,0.0,-0.44,0.3,0.5,-0.2,-2.65,0,0,0,0.0
9c221d14,18,1620,18.0,18,18,0,0,1.28,28,26.0,2.0,1.44,22.2,29.4,-7.2,0.31,0,0,0,0.0
9c94165b,20,1661,18.5,19,15,1,3,1.85,34,22.0,12.0,0.47,31.2,20.9,10.2,0.54,0,0,0,0.0
9cfbad36,5,131,1.5,0,0,5,10,1.8,3,3.0,0.0,-0.49,1.5,3.1,-1.5,-1.57,0,0,0,0.0
9d8cf204,1,8,0.1,0,0,1,1,1.0,1,0.0,1.0,10.99,0.1,0.1,0.0,-0.39,0,0,0,0.0
9e525177,10,649,7.2,7,5,3,3,2.5,15,6.0,9.0,1.01,13.4,7.8,5.6,0.49,0,0,0,0.0
9e5708be,0,0,0.0,0,0,0,20,0.0,0,0.0,0.0,0.0,0.0,0.0,0.0,0.0,0,0,0,0.0
9f1938ab,5,159,1.8,2,0,3,2,1.0,1,3.0,-2.0,-0.77,1.7,5.0,-3.3,-1.8,0,0,0,0.0
9f684e25,0,0,0.0,0,0,0,2,0.0,0,0.0,0.0,0.0,0.0,0.0,0.0,0.0,0,0,0,0.0
9f7c837d,4,211,2.3,3,1,1,5,0.25,2,4.0,-2.0,-0.25,2.1,2.9,-0.8,0.27,0,0,0,0.0
9f8e9423,17,1299,14.4,15,11,2,4,2.0,21,13.0,8.0,0.03,21.6,16.1,5.5,-0.13,0,0,0,0.0
9fec8860,3,77,0.9,1,0,2,9,1.67,1,0.0,1.0,1.56,2.5,0.8,1.6,2.35,0,0,0,0.0
a0666d3e,16,376,4.2,3,0,13,5,1.0,0,6.0,-6.0,-1.23,3.4,8.7,-5.4,-0.99,0,0,0,0.0
a105d46a,12,639,7.1,6,5,6,4,0.83,4,11.0,-7.0,0.02,6.8,12.6,-5.9,-0.43,0,0,0,0.0
a179d516,0,0,0.0,0,0,0,9,0.0,0,0.0,0.0,0.0,0.0,0.0,0.0,0.0,0,0,0,0.0
a182122b,0,0,0.0,0,0,0,2,0.0,0,0.0,0.0,0.0,0.0,0.0,0.0,0.0,0,0,0,0.0
a190d597,12,672,7.5,8,1,4,1,1.0,8,10.0,-2.0,0.52,8.0,10.1,-2.1,0.17,0,0,0,0.0
a1d5bd30,24,1952,21.7,22,13,2,0,2.04,37,25.0,12.0,0.12,33.9,25.2,8.8,-0.27,0,0,0,0.0
a2081c6b,1,23,0.3,0,0,1,5,0.0,0,1.0,-1.0,-3.7,0.0,0.8,-0.8,-2.86,0,0,0,0.0
a2b105e0,23,1775,19.7,19,18,4,0,1.78,29,11.0,18.0,0.3,32.1,19.0,13.0,0.19,0,0,0,0.0
a39d11bc,15,1206,13.4,15,11,0,2,0.73,11,23.0,-12.0,0.05,12.8,19.0,-6.2,-0.22,0,0,0,0.0
a3b03921,22,1599,17.8,20,5,2,0,1.86,30,12.0,18.0,0.63,28.9,17.0,11.9,0.16,0,0,0,0.0
a3d94a58,16,1374,15.3,15,13,1,0,1.94,27,17.0,10.0,0.55,20.4,17.0,3.4,-0.05,0,0,0,0.0
a42f6058,0,0,0.0,0,0,0,1,0.0,0,0.0,0.0,0.0,0.0,0.0,0.0,0.0,0,0,0,0.0
a48635b8,0,0,0.0,0,0,0,5,0.0,0,0.0,0.0,0.0,0.0,0.0,0.0,0.0,0,0,0,0.0
a4ac4b8f,8,592,6.6,8,5,0,11,1.38,5,8.0,-3.0,0.75,6.5,7.7,-1.2,0.47,0,0,0,0.0
a5212312,19,1431,15.9,14,14,5,5,1.05,12,27.0,-15.0,0.17,18.1,27.5,-9.4,-0.2,0,0,0,0.0
a53649b7,22,982,10.9,9,8,13,2,2.32,22,13.0,9.0,-0.7,21.5,12.2,9.3,-0.13,0,0,0,0.0
a572e291,15,712,7.9,10,0,5,4,1.33,6,7.0,-1.0,1.3,9.8,11.5,-1.7,0.45,0,0,0,0.0
a5ca9127,1,1,0.0,0,0,1,10,0.0,0,0.0,0.0,0.25,0.0,0.0,0.0,-0.19,0,0,0,0.0
a62f8bf1,4,255,2.8,3,1,1,0,0.75,2,3.0,-1.0,0.64,2.4,2.5,-0.1,0.38,0,0,0,0.0
a6b461e7,7,286,3.2,3,1,4,7,1.0,1,10.0,-9.0,-2.02,1.3,5.8,-4.6,-0.68,0,0,0,0.0
a6c58494,3,27,0.3,0,0,3,1,0.67,0,1.0,-1.0,-2.95,0.3,0.4,-0.1,0.13,0,0,0,0.0
a6de6361,0,0,0.0,0,0,0,21,0.0,0,0.0,0.0,0.0,0.0,0.0,0.0,0.0,0,0,0,0.0
a70182a5,0,0,0.0,0,0,0,1,0.0,0,0.0,0.0,0.0,0.0,0.0,0.0,0.0,0,0,0,0.0
a712ca2b,17,1326,14.7,14,13,3,7,1.47,20,14.0,6.0,0.5,19.5,21.0,-1.5,0.63,0,0,0,0.0
a71ebcc8,0,0,0.0,0,0,0,2,0.0,0,0.0,0.0,0.0,0.0,0.0,0.0,0.0,0,0,0,0.0
a755db8c,0,0,0.0,0,0,0,2,0.0,0,0.0,0.0,0.0,0.0,0.0,0.0,0.0,0,0,0,0.0
a78ff07f,24,2135,23.7,24,21,0,0,1.63,34,27.0,7.0,1.86,29.6,37.0,-7.4,0.94,0,0,0,0.0
a79abd8b,0,0,0.0,0,0,0,1,0.0,0,0.0,0.0,0.0,0.0,0.0,0.0,0.0,0,0,0,0.0
a816dbfb,3,148,1.6,2,0,1,1,1.67,2,1.0,1.0,1.73,1.6,2.4,-0.8,0.06,0,0,0,0.0
a8748947,22,471,5.2,1,0,21,0,1.45,9,6.0,3.0,0.47,9.0,9.7,-0.8,0.26,0,0,0,0.0
a89e7b29,0,0,0.0,0,0,0,20,0.0,0,0.0,0.0,0.0,0.0,0.0,0.0,0.0,0,0,0,0.0
a8c0acb7,9,763,8.5,9,6,0,4,1.11,7,14.0,-7.0,-1.79,9.4,11.1,-1.6,-0.53,0,0,0,0.0
a8c19eb8,17,1472,16.4,17,16,0,4,0.82,11,24.0,-13.0,-0.53,15.7,24.1,-8.4,-0.35,0,0,0,0.0
a9dc785c,14,1215,13.5,14,13,0,3,1.07,12,17.0,-5.0,1.63,12.4,21.3,-8.9,0.42,1215,14,14,13.5
aa81d8f8,0,0,0.0,0,0,0,1,0.0,0,0.0,0.0,0.0,0.0,0.0,0.0,0.0,0,0,0,0.0
aa849a12,22,1575,17.5,20,6,2,1,1.0,18,21.0,-3.0,0.91,21.8,22.5,-0.7,0.58,0,0,0,0.0
aa8e289e,0,0,0.0,0,0,0,1,0.0,0,0.0,0.0,0.0,0.0,0.0,0.0,0.0,0,0,0,0.0
ab13a5aa,24,2160,24.0,24,24,0,0,1.13,21,31.0,-10.0,0.0,22.4,33.7,-11.3,0.0,2160,24,24,24.0
ab18d1b0,0,0,0.0,0,0,0,1,0.0,0,0.0,0.0,0.0,0.0,0.0,0.0,0.0,0,0,0,0.0
ab651565,1,1,0.0,0,0,1,0,0.0,0,0.0,0.0,0.92,0.0,0.0,0.0,-1.53,0,0,0,0.0
ab77d10d,0,0,0.0,0,0,0,1,0.0,0,0.0,0.0,0.0,0.0,0.0,0.0,0.0,0,0,0,0.0
ac05f970,23,1129,12.5,12,2,11,0,1.0,11,15.0,-4.0,-0.14,15.8,15.4,0.4,-0.33,0,0,0,0.0
ac0d576d,7,165,1.8,1,0,6,10,2.14,8,2.0,6.0,3.07,3.6,2.4,1.1,0.21,0,0,0,0.0
ac7e7b1c,1,32,0.4,0,0,1,11,1.0,2,0.0,2.0,5.16,0.9,0.1,0.8,1.86,0,0,0,0.0
ac861941,24,2095,23.3,23,22,1,1,1.88,45,31.0,14.0,2.34,34.0,27.7,6.3,0.41,0,0,0,0.0
ad1f61f3,0,0,0.0,0,0,0,5,0.0,0,0.0,0.0,0.0,0.0,0.0,0.0,0.0,0,0,0,0.0
ae4fc6a4,24,1597,17.7,19,5,5,0,1.13,20,23.0,-3.0,0.95,16.8,21.2,-4.3,0.87,0,0,0,0.0
ae59b359,16,882,9.8,12,2,4,0,1.0,11,15.0,-4.0,-0.27,10.0,18.9,-9.0,-0.73,0,0,0,0.0
aed3a70f,23,1885,20.9,22,17,1,0,1.22,26,33.0,-7.0,-0.01,24.0,32.5,-8.5,-0.45,0,0,0,0.0
af102dc3,0,0,0.0,0,0,0,1,0.0,0,0.0,0.0,0.0,0.0,0.0,0.0,0.0,0,0,0,0.0
b017b770,15,269,3.0,1,0,14,8,1.27,5,2.0,3.0,2.29,5.3,4.0,1.3,1.09,0,0,0,0.0
b0b4fd3e,19,1345,14.9,15,6,4,3,2.47,41,12.0,29.0,0.95,32.9,11.0,21.9,0.48,0,0,0,0.0
b217ef29,11,822,9.1,9,7,2,3,1.18,15,15.0,0.0,-0.72,16.1,11.6,4.4,0.17,0,0,0,0.0
b2626673,3,87,1.0,1,0,2,2,1.33,2,2.0,0.0,-0.21,2.2,1.8,0.4,0.83,0,0,0,0.0
b2856bc0,2,12,0.1,0,0,2,8,0.0,0,0.0,0.0,1.09,0.1,0.7,-0.7,-4.13,0,0,0,0.0
b2bc3b1f,19,1661,18.5,19,16,0,0,1.26,16,23.0,-7.0,0.16,17.9,24.3,-6.3,0.56,0,0,0,0.0
b2c66859,0,0,0.0,0,0,0,3,0.0,0,0.0,0.0,0.0,0.0,0.0,0.0,0.0,0,0,0,0.0
b2d31e83,23,1944,21.6,22,18,1,0,1.78,34,14.0,20.0,0.93,34.4,20.7,13.7,0.01,0,0,0,0.0
b2f9c73e,8,202,2.2,1,0,7,6,1.25,2,2.0,0.0,0.09,2.6,3.2,-0.6,-0.23,0,0,0,0.0
b318a643,7,109,1.2,1,0,6,3,1.14,1,2.0,-1.0,-0.21,1.8,2.8,-1.0,-0.26,0,0,0,0.0
b391383a,0,0,0.0,0,0,0,3,0.0,0,0.0,0.0,0.0,0.0,0.0,0.0,0.0,0,0,0,0.0
b3af9be1,19,607,6.7,5,3,14,1,2.32,17,10.0,7.0,-0.24,13.1,7.7,5.4,-0.18,0,0,0,0.0
b400bde0,18,1271,14.1,15,5,3,1,1.28,16,16.0,0.0,0.2,16.4,17.1,-0.7,0.03,0,0,0,0.0
b4a014b1,2,179,2.0,2,1,0,0,1.5,2,3.0,-1.0,-0.18,2.9,1.9,1.0,0.94,0,0,0,0.0
b561db50,9,422,4.7,4,2,5,3,1.0,3,4.0,-1.0,0.51,5.0,6.1,-1.0,0.22,0,0,0,0.0
b57e066e,10,543,6.0,6,2,4,14,2.5,14,5.0,9.0,-0.09,13.5,4.1,9.5,0.39,0,0,0,0.0
b5bf1770,14,698,7.8,7,6,7,7,1.14,5,11.0,-6.0,0.21,8.1,9.1,-1.0,0.35,0,0,0,0.0
b66315ae,14,1219,13.5,14,7,0,0,2.64,32,11.0,21.0,0.79,25.3,11.4,14.0,0.24,0,0,0,0.0
b827d5b3,6,237,2.6,1,0,5,13,1.67,4,3.0,1.0,0.71,4.9,4.3,0.6,0.81,0,0,0,0.0
b853e0ad,21,911,10.1,9,6,12,3,2.05,19,15.0,4.0,-0.25,18.0,14.6,3.4,-0.15,0,0,0,0.0
b937e490,2,26,0.3,0,0,2,17,0.5,0,0.0,0.0,0.63,0.1,0.3,-0.3,-0.32,0,0,0,0.0
b9403c99,1,33,0.4,0,0,1,2,0.0,1,0.0,1.0,3.4,1.0,0.4,0.6,2.2,0,0,0,0.0
b9fbae28,2,174,1.9,2,1,0,0,2.0,3,1.0,2.0,1.22,3.0,1.3,1.8,1.06,0,0,0,0.0
bac46a10,22,1688,18.8,19,17,3,0,1.95,32,27.0,5.0,-1.26,29.5,24.3,5.2,-0.7,0,0,0,0.0
bb5fbd2b,22,1897,21.1,22,13,0,0,1.59,37,28.0,9.0,-0.66,34.8,25.0,9.8,0.78,0,0,0,0.0
bba30585,8,649,7.2,7,7,1,11,1.0,11,12.0,-1.0,0.4,10.9,10.4,0.5,0.38,0,0,0,0.0
bc67a0e1,0,0,0.0,0,0,0,1,0.0,0,0.0,0.0,0.0,0.0,0.0,0.0,0.0,0,0,0,0.0
bc7dc64d,24,2071,23.0,24,16,0,0,2.38,48,23.0,25.0,-2.96,42.8,22.0,20.8,-0.53,0,0,0,0.0
bca5c4a7,0,0,0.0,0,0,0,3,0.0,0,0.0,0.0,0.0,0.0,0.0,0.0,0.0,0,0,0,0.0
bd6351cd,17,1274,14.2,16,10,1,3,2.24,36,15.0,21.0,-0.18,24.8,11.3,13.4,-0.76,0,0,0,0.0
bd8a5d95,5,169,1.9,1,0,4,9,1.4,1,5.0,-4.0,-1.63,2.0,4.2,-2.2,-0.82,0,0,0,0.0
bd9553e6,1,23,0.3,0,0,1,4,0.0,0,0.0,0.0,0.08,0.1,0.6,-0.5,-1.94,0,0,0,0.0
be18d79f,0,0,0.0,0,0,0,2,0.0,0,0.0,0.0,0.0,0.0,0.0,0.0,0.0,0,0,0,0.0
be927d03,18,1267,14.1,14,11,4,6,1.56,16,22.0,-6.0,-0.22,16.9,22.7,-5.8,-0.15,0,0,0,0.0
beb391dd,5,91,1.0,1,0,4,2,0.6,1,1.0,0.0,0.26,1.6,0.5,1.1,0.95,0,0,0,0.0
bf34eebd,3,175,1.9,2,0,1,1,0.67,1,2.0,-1.0,-0.47,2.0,2.0,0.0,0.06,0,0,0,0.0
bf713136,0,0,0.0,0,0,0,2,0.0,0,0.0,0.0,0.0,0.0,0.0,0.0,0.0,0,0,0,0.0
bfc3b3a0,14,1017,11.3,12,6,2,6,1.07,10,19.0,-9.0,-0.32,10.6,15.5,-4.9,-0.06,0,0,0,0.0
c067631c,10,495,5.5,5,1,5,2,0.9,11,9.0,2.0,1.88,6.6,9.1,-2.4,0.52,0,0,0,0.0
c06d1086,4,238,2.6,3,0,1,0,0.75,2,2.0,0.0,1.03,2.0,2.2,-0.2,0.32,0,0,0,0.0
c07b7c5c,2,169,1.9,2,1,0,0,0.0,1,4.0,-3.0,-0.74,1.5,2.7,-1.3,-0.34,0,0,0,0.0
c0a454d5,0,0,0.0,0,0,0,6,0.0,0,0.0,0.0,0.0,0.0,0.0,0.0,0.0,0,0,0,0.0
c1242d4e,0,0,0.0,0,0,0,25,0.0,0,0.0,0.0,0.0,0.0,0.0,0.0,0.0,0,0,0,0.0
c1426015,0,0,0.0,0,0,0,1,0.0,0,0.0,0.0,0.0,0.0,0.0,0.0,0.0,0,0,0,0.0
c17bfb65,21,1760,19.6,20,18,1,1,1.67,24,12.0,12.0,-1.71,30.9,18.7,12.2,-0.08,0,0,0,0.0
c19a2df1,0,0,0.0,0,0,0,8,0.0,0,0.0,0.0,0.0,0.0,0.0,0.0,0.0,0,0,0,0.0
c1fe2a48,18,1392,15.5,16,12,2,0,1.0,12,28.0,-16.0,-0.1,16.8,22.8,-6.0,0.39,0,0,0,0.0
c2731c10,21,848,9.4,10,4,11,2,1.43,6,7.0,-1.0,-0.04,10.6,10.1,0.5,0.18,0,0,0,0.0
c3e39f12,4,360,4.0,4,4,0,21,1.75,7,6.0,1.0,-0.23,4.5,4.4,0.1,-0.27,360,4,4,4.0
c40b6180,17,1320,14.7,15,13,2,1,1.65,23,18.0,5.0,-0.34,24.7,15.7,8.9,0.54,0,0,0,0.0
c4486bac,23,1544,17.2,17,7,6,0,1.17,16,20.0,-4.0,0.64,15.9,22.8,-6.9,0.24,0,0,0,0.0
c4720845,1,12,0.1,0,0,1,5,3.0,0,1.0,-1.0,-8.0,0.1,0.8,-0.7,-5.97,0,0,0,0.0
c47541e0,0,0,0.0,0,0,0,2,0.0,0,0.0,0.0,0.0,0.0,0.0,0.0,0.0,0,0,0,0.0
c4e87b8b,6,454,5.0,6,3,0,0,1.83,9,5.0,4.0,0.32,9.6,7.7,1.9,-0.06,0,0,0,0.0
c596fcb0,17,1155,12.8,14,1,3,0,2.0,23,6.0,17.0,1.03,20.8,12.0,8.8,0.13,0,0,0,0.0
c5b7c315,1,23,0.3,0,0,1,17,1.0,0,1.0,-1.0,-3.32,0.2,1.1,-0.8,-2.74,0,0,0,0.0
c5bdb6e3,2,65,0.7,0,0,2,8,3.0,4,0.0,4.0,4.46,1.6,0.4,1.2,0.74,0,0,0,0.0
c6220452,1,11,0.1,0,0,1,6,3.0,0,0.0,0.0,-0.54,0.5,0.2,0.2,1.49,0,0,0,0.0
c64c01fc,5,114,1.3,0,0,5,1,0.8,1,3.0,-2.0,-1.23,1.3,1.8,-0.5,-0.2,0,0,0,0.0
c6dc9ecd,16,422,4.7,4,0,12,1,1.56,4,4.0,0.0,-0.25,5.3,7.3,-2.0,-0.09,0,0,0,0.0
c6e8cf1f,2,46,0.5,0,0,2,1,2.0,1,0.0,1.0,1.79,0.3,0.4,-0.1,0.23,0,0,0,0.0
c81d773d,14,1095,12.2,12,12,2,11,1.64,20,22.0,-2.0,-0.71,14.0,24.2,-10.3,-0.95,0,0,0,0.0
c8387671,23,1209,13.4,13,3,10,0,1.57,21,14.0,7.0,0.21,22.9,18.9,3.9,-0.21,0,0,0,0.0
c8aa95da,22,1963,21.8,22,19,0,1,1.86,34,12.0,22.0,2.69,35.9,20.3,15.6,1.57,0,0,0,0.0
c9093a1a,0,0,0.0,0,0,0,2,0.0,0,0.0,0.0,0.0,0.0,0.0,0.0,0.0,0,0,0,0.0
c91441dc,24,2160,24.0,24,24,0,0,0.75,19,41.0,-22.0,0.0,22.7,31.4,-8.8,0.0,2160,24,24,24.0
c92e1a31,18,578,6.4,5,0,13,6,0.56,10,17.0,-7.0,-1.15,10.1,14.3,-4.2,-0.23,0,0,0,0.0
c931d9f9,16,558,6.2,5,0,11,7,2.58,11,15.0,-4.0,-0.36,8.8,14.5,-5.7,-1.11,0,0,0,0.0
ca45605e,18,720,8.0,9,1,9,5,1.0,12,17.0,-5.0,-0.56,10.1,13.1,-3.0,0.16,0,0,0,0.0
cc3b8e78,0,0,0.0,0,0,0,3,0.0,0,0.0,0.0,0.0,0.0,0.0,0.0,0.0,0,0,0,0.0
cc700722,0,0,0.0,0,0,0,5,0.0,0,0.0,0.0,0.0,0.0,0.0,0.0,0.0,0,0,0,0.0
cc70a1d5,0,0,0.0,0,0,0,2,0.0,0,0.0,0.0,0.0,0.0,0.0,0.0,0.0,0,0,0,0.0
cc77354e,18,1465,16.3,17,12,1,0,1.44,22,27.0,-5.0,0.08,18.1,28.6,-10.5,-0.91,0,0,0,0.0
ccce7025,21,1777,19.7,20,18,1,2,1.9,31,12.0,19.0,0.66,31.9,20.1,11.9,-0.23,0,0,0,0.0
cd1acf9d,23,1691,18.8,20,11,3,0,1.57,33,25.0,8.0,-0.05,33.6,26.0,7.7,0.16,0,0,0,0.0
cd4b2c5f,0,0,0.0,0,0,0,1,0.0,0,0.0,0.0,0.0,0.0,0.0,0.0,0.0,0,0,0,0.0
cda0b317,0,0,0.0,0,0,0,13,0.0,0,0.0,0.0,0.0,0.0,0.0,0.0,0.0,0,0,0,0.0
cde3309f,0,0,0.0,0,0,0,7,0.0,0,0.0,0.0,0.0,0.0,0.0,0.0,0.0,0,0,0,0.0
ce4246f5,15,1274,14.2,15,14,0,1,1.07,13,15.0,-2.0,0.27,17.8,14.2,3.6,0.15,0,0,0,0.0
ce4f40c7,22,1827,20.3,22,12,0,0,1.09,17,26.0,-9.0,-0.17,18.5,28.7,-10.2,-0.22,0,0,0,0.0
ce5143da,16,1142,12.7,13,7,3,0,1.56,18,16.0,2.0,-0.7,20.5,14.3,6.1,0.13,0,0,0,0.0
cea4ee8f,2,40,0.4,0,0,2,1,0.0,1,1.0,0.0,0.64,1.0,1.7,-0.7,-1.02,0,0,0,0.0
cee31595,0,0,0.0,0,0,0,3,0.0,0,0.0,0.0,0.0,0.0,0.0,0.0,0.0,0,0,0,0.0
cf7fb13a,5,152,1.7,2,0,3,4,0.6,1,2.0,-1.0,0.35,1.4,2.5,-1.1,-0.31,0,0,0,0.0
cfa9f361,0,0,0.0,0,0,0,2,0.0,0,0.0,0.0,0.0,0.0,0.0,0.0,0.0,0,0,0,0.0
cfca9c4e,0,0,0.0,0,0,0,2,0.0,0,0.0,0.0,0.0,0.0,0.0,0.0,0.0,0,0,0,0.0
d0042ab9,4,320,3.6,3,2,1,12,0.5,3,4.0,-1.0,0.4,4.5,5.8,-1.3,0.24,0,0,0,0.0
d00d45ab,1,1,0.0,0,0,1,3,1.0,0,0.0,0.0,0.42,0.0,0.0,0.0,0.47,0,0,0,0.0
d04b94db,22,1452,16.1,17,11,5,1,0.95,14,21.0,-7.0,0.58,14.1,24.6,-10.4,-0.75,0,0,0,0.0
d0706b27,23,2070,23.0,23,23,0,0,1.17,21,28.0,-7.0,2.7,22.0,31.2,-9.1,1.75,0,0,0,0.0
d0f72bf1,24,2160,24.0,24,24,0,0,1.0,18,33.0,-15.0,0.0,23.7,33.3,-9.6,0.0,0,0,0,0.0
d102b8a2,0,0,0.0,0,0,0,5,0.0,0,0.0,0.0,0.0,0.0,0.0,0.0,0.0,0,0,0,0.0
d2424d1b,13,623,6.9,6,4,7,2,1.38,8,6.0,2.0,0.52,7.4,6.3,1.1,0.31,0,0,0,0.0
d2b32e91,0,0,0.0,0,0,0,4,0.0,0,0.0,0.0,0.0,0.0,0.0,0.0,0.0,0,0,0,0.0
d328a254,23,1703,18.9,21,6,2,0,0.87,20,35.0,-15.0,1.37,15.1,28.5,-13.4,0.65,0,0,0,0.0
d38fdf53,19,1322,14.7,16,8,3,1,1.58,29,22.0,7.0,0.07,24.2,19.3,4.9,-0.3,0,0,0,0.0
d3ce0e89,24,2160,24.0,24,24,0,0,1.0,36,42.0,-6.0,0.0,28.2,39.8,-11.5,0.0,2160,24,24,24.0
d5094280,0,0,0.0,0,0,0,1,0.0,0,0.0,0.0,0.0,0.0,0.0,0.0,0.0,0,0,0,0.0
d524dcd7,0,0,0.0,0,0,0,2,0.0,0,0.0,0.0,0.0,0.0,0.0,0.0,0.0,0,0,0,0.0
d557d734,12,667,7.4,7,2,5,9,1.33,12,9.0,3.0,-0.05,9.0,8.6,0.4,-0.26,0,0,0,0.0
d56543a0,8,313,3.5,3,0,5,8,1.63,3,3.0,0.0,-1.02,5.8,3.3,2.5,0.09,0,0,0,0.0
d5dd5f1f,12,441,4.9,4,0,8,3,1.33,3,4.0,-1.0,-0.15,4.5,7.2,-2.6,-0.6,0,0,0,0.0
d720e834,0,0,0.0,0,0,0,1,0.0,0,0.0,0.0,0.0,0.0,0.0,0.0,0.0,0,0,0,0.0
d79a8c87,7,20,0.2,0,0,7,17,3.0,1,0.0,1.0,3.32,1.1,0.3,0.8,2.89,0,0,0,0.0
d7e24aa1,0,0,0.0,0,0,0,5,0.0,0,0.0,0.0,0.0,0.0,0.0,0.0,0.0,0,0,0,0.0
d8931174,10,481,5.3,5,5,5,8,2.4,8,6.0,2.0,-0.22,7.6,7.2,0.4,-0.46,0,0,0,0.0
d8edc4be,0,0,0.0,0,0,0,1,0.0,0,0.0,0.0,0.0,0.0,0.0,0.0,0.0,0,0,0,0.0
d93c2511,16,785,8.7,7,5,9,2,2.0,14,14.0,0.0,-0.85,11.8,15.4,-3.6,-1.33,0,0,0,0.0
d9565625,17,1430,15.9,16,13,1,1,1.94,24,21.0,3.0,-1.04,23.6,19.4,4.1,-0.51,0,0,0,0.0
da011f18,5,304,3.4,4,0,1,4,0.8,2,3.0,-1.0,-0.25,4.2,3.9,0.3,0.18,0,0,0,0.0
da052c14,24,1677,18.6,20,11,4,0,1.13,14,27.0,-13.0,-1.26,15.7,27.7,-12.0,-0.78,0,0,0,0.0
da27e268,21,1466,16.3,19,4,2,0,1.0,20,30.0,-10.0,-0.61,19.5,25.3,-5.8,-0.49,0,0,0,0.0
da7b447d,13,573,6.4,6,3,7,12,1.77,12,9.0,3.0,0.04,9.8,7.4,2.5,0.2,0,0,0,0.0
da974c7b,16,1250,13.9,14,11,2,4,1.31,14,16.0,-2.0,-0.14,15.8,16.0,-0.2,0.11,0,0,0,0.0
dad4b285,20,1463,16.3,16,11,4,1,1.6,26,18.0,8.0,0.14,27.5,17.0,10.6,0.85,0,0,0,0.0
dbf053da,13,851,9.5,11,1,2,3,1.85,14,12.0,2.0,-0.54,14.1,12.5,1.5,-0.44,0,0,0,0.0
dc3e663e,0,0,0.0,0,0,0,5,0.0,0,0.0,0.0,0.0,0.0,0.0,0.0,0.0,0,0,0,0.0
dc62b55d,7,378,4.2,5,0,2,0,1.57,4,5.0,-1.0,0.47,4.3,6.9,-2.6,-0.27,0,0,0,0.0
dc64b8b3,13,1106,12.3,12,11,1,2,0.69,15,22.0,-7.0,-0.31,16.3,19.6,-3.3,-0.15,0,0,0,0.0
dc6f5bdd,5,200,2.2,2,2,3,18,1.8,1,4.0,-3.0,-1.12,1.0,4.4,-3.4,-1.31,0,0,0,0.0
dc7f8a28,9,119,1.3,0,0,9,12,3.0,2,2.0,0.0,-1.65,2.3,2.4,-0.1,-1.45,0,0,0,0.0
dd323728,23,1338,14.9,14,10,9,1,1.09,12,29.0,-17.0,-0.38,15.7,25.8,-10.0,-0.4,0,0,0,0.0
dd549382,11,249,2.8,2,0,9,9,1.27,2,1.0,1.0,-0.11,6.2,1.2,5.0,1.56,0,0,0,0.0
dd897ee7,0,0,0.0,0,0,0,1,0.0,0,0.0,0.0,0.0,0.0,0.0,0.0,0.0,0,0,0,0.0
de112b84,23,584,6.5,5,1,18,0,1.78,13,3.0,10.0,0.94,11.1,6.6,4.5,0.08,0,0,0,0.0
de31038e,11,143,1.6,1,0,10,8,1.73,3,5.0,-2.0,-2.29,3.1,3.3,-0.2,-0.84,0,0,0,0.0
de40e38c,2,17,0.2,0,0,2,8,0.5,0,1.0,-1.0,-4.33,0.3,0.5,-0.3,-0.86,0,0,0,0.0
de5b5570,0,0,0.0,0,0,0,9,0.0,0,0.0,0.0,0.0,0.0,0.0,0.0,0.0,0,0,0,0.0
dea698d9,10,525,5.8,4,3,6,2,1.9,6,8.0,-2.0,-1.17,6.0,5.8,0.2,-0.52,0,0,0,0.0
df04eb4b,17,853,9.5,7,4,10,5,0.94,14,21.0,-7.0,-0.53,12.5,14.2,-1.7,0.03,0,0,0,0.0
df0a4c90,13,1041,11.6,12,7,1,0,1.85,21,11.0,10.0,1.13,17.2,13.5,3.7,0.36,0,0,0,0.0
df10e27c,7,163,1.8,2,1,5,9,1.71,4,4.0,0.0,-0.5,3.3,3.4,-0.2,-0.56,0,0,0,0.0
df3cda47,17,1299,14.4,15,3,2,0,1.94,28,21.0,7.0,0.11,19.1,17.7,1.4,-0.35,0,0,0,0.0
df8b52a5,20,1376,15.3,16,9,4,2,1.9,27,19.0,8.0,0.21,22.1,16.6,5.4,0.29,0,0,0,0.0
e06683ca,19,1665,18.5,19,18,0,1,1.68,35,21.0,14.0,1.65,33.6,25.7,7.9,0.24,0,0,0,0.0
e09d77a2,0,0,0.0,0,0,0,1,0.0,0,0.0,0.0,0.0,0.0,0.0,0.0,0.0,0,0,0,0.0
e09f279b,21,1879,20.9,21,18,0,0,1.48,32,27.0,5.0,-0.7,28.9,25.5,3.4,0.23,0,0,0,0.0
e0bc6fdc,12,627,7.0,8,3,4,9,1.33,6,9.0,-3.0,-0.25,8.3,6.8,1.5,0.03,0,0,0,0.0
e0d1510a,1,69,0.8,1,0,0,5,0.0,1,3.0,-2.0,-2.26,0.5,1.3,-0.8,-0.88,0,0,0,0.0
e0eea46f,0,0,0.0,0,0,0,1,0.0,0,0.0,0.0,0.0,0.0,0.0,0.0,0.0,0,0,0,0.0
e20a28ce,0,0,0.0,0,0,0,1,0.0,0,0.0,0.0,0.0,0.0,0.0,0.0,0.0,0,0,0,0.0
e280527c,4,260,2.9,3,1,1,0,2.5,7,2.0,5.0,1.35,6.4,3.7,2.7,0.59,0,0,0,0.0
e28868f3,15,1020,11.3,11,8,4,7,1.0,5,16.0,-11.0,-0.65,12.7,13.1,-0.4,0.69,0,0,0,0.0
e342ad68,23,2045,22.7,23,19,0,0,1.57,38,27.0,11.0,4.08,39.9,31.0,8.9,1.08,0,0,0,0.0
e34fc66d,19,1657,18.4,19,18,0,0,1.26,17,24.0,-7.0,0.16,18.4,23.5,-5.1,0.82,0,0,0,0.0
e3a5814e,13,813,9.0,8,3,5,4,0.77,8,13.0,-5.0,0.58,9.8,9.2,0.6,0.7,0,0,0,0.0
e4238fb1,19,832,9.2,7,3,12,5,0.89,5,21.0,-16.0,-1.05,7.7,17.2,-9.5,-0.3,0,0,0,0.0
e4588897,0,0,0.0,0,0,0,1,0.0,0,0.0,0.0,0.0,0.0,0.0,0.0,0.0,0,0,0,0.0
e46012d4,23,1862,20.7,21,13,2,2,2.13,51,19.0,32.0,-0.08,43.9,15.6,28.3,0.54,0,0,0,0.0
e514ab62,10,426,4.7,4,3,6,4,1.9,6,4.0,2.0,-0.56,8.0,4.3,3.7,0.18,0,0,0,0.0
e541326e,15,1350,15.0,15,15,0,0,1.67,22,18.0,4.0,-0.11,20.9,19.4,1.5,-0.12,0,0,0,0.0
e5478b87,16,730,8.1,9,0,7,2,0.81,6,18.0,-12.0,-0.72,10.1,12.7,-2.5,0.32,0,0,0,0.0
e5a76dfe,18,1620,18.0,18,18,0,0,1.11,15,31.0,-16.0,0.44,20.5,26.6,-6.1,0.74,1620,18,18,18.0
e61b8aee,24,2036,22.6,24,18,0,0,2.38,47,23.0,24.0,-2.57,40.9,21.9,19.0,-1.55,0,0,0,0.0
e6af02e0,21,1543,17.1,19,10,2,0,1.1,11,22.0,-11.0,-0.06,16.8,23.1,-6.3,0.12,0,0,0,0.0
e6bc67d7,13,707,7.9,8,1,5,4,0.77,4,12.0,-8.0,-0.58,5.7,11.7,-6.0,-0.54,0,0,0,0.0
e77dc3b2,19,1611,17.9,18,11,1,0,1.05,21,29.0,-8.0,2.5,15.9,27.9,-11.9,0.69,0,0,0,0.0
e7ca0439,4,247,2.7,2,1,2,10,0.25,1,4.0,-3.0,-0.76,1.8,4.9,-3.1,-0.76,0,0,0,0.0
e7ee38c3,3,236,2.6,2,2,1,18,1.0,3,7.0,-4.0,-1.34,2.5,6.2,-3.7,-1.19,236,3,2,2.6
e8271ad9,18,1391,15.5,16,12,2,5,1.0,12,30.0,-18.0,-0.23,12.7,25.4,-12.7,0.06,0,0,0,0.0
e82900ef,2,61,0.7,1,0,1,4,0.5,0,1.0,-1.0,-1.43,0.7,0.6,0.1,0.29,0,0,0,0.0
e97fd090,16,1093,12.1,14,6,2,2,1.38,13,16.0,-3.0,-0.33,12.8,17.6,-4.8,-0.68,0,0,0,0.0
e98211e7,0,0,0.0,0,0,0,2,0.0,0,0.0,0.0,0.0,0.0,0.0,0.0,0.0,0,0,0,0.0
e9971f2d,2,141,1.6,2,0,0,17,0.5,2,5.0,-3.0,-2.51,1.3,3.2,-1.8,-1.52,0,0,0,0.0
ea0271ee,0,0,0.0,0,0,0,2,0.0,0,0.0,0.0,0.0,0.0,0.0,0.0,0.0,0,0,0,0.0
ea6bc03a,23,2022,22.5,23,21,0,0,0.96,29,38.0,-9.0,0.25,28.4,34.4,-6.1,-1.14,0,0,0,0.0
eaeca114,19,1333,14.8,15,13,4,3,2.11,38,13.0,25.0,0.31,31.4,14.0,17.4,-0.24,0,0,0,0.0
eb1600f9,0,0,0.0,0,0,0,1,0.0,0,0.0,0.0,0.0,0.0,0.0,0.0,0.0,0,0,0,0.0
ecad9aa5,15,1069,11.9,13,5,2,0,0.87,12,23.0,-11.0,-0.02,11.4,16.1,-4.7,-0.06,0,0,0,0.0
ecada4fc,4,360,4.0,4,4,0,0,1.0,2,7.0,-5.0,-0.3,2.4,7.6,-5.2,-0.93,360,4,4,4.0
ed1e53f3,22,1259,14.0,15,6,7,1,2.23,38,13.0,25.0,0.52,29.1,11.4,17.7,-0.02,0,0,0,0.0
ed46ab76,0,0,0.0,0,0,0,1,0.0,0,0.0,0.0,0.0,0.0,0.0,0.0,0.0,0,0,0,0.0
ed9f7cfe,16,1253,13.9,15,8,1,1,1.13,11,28.0,-17.0,-0.53,15.3,20.8,-5.5,0.31,0,0,0,0.0
ee38d9c5,17,1363,15.1,16,12,1,0,1.24,28,30.0,-2.0,0.32,18.2,24.3,-6.2,0.2,0,0,0,0.0
ee950928,1,7,0.1,0,0,1,1,0.0,0,0.0,0.0,0.92,0.2,0.0,0.2,2.6,0,0,0,0.0
efb9215a,1,8,0.1,0,0,1,14,3.0,0,1.0,-1.0,-12.17,0.1,0.5,-0.4,-5.26,0,0,0,0.0
efd2ec23,3,135,1.5,1,1,2,1,1.33,0,1.0,-1.0,0.44,1.7,2.5,-0.9,0.27,0,0,0,0.0
f08490a6,1,12,0.1,0,0,1,3,0.0,0,1.0,-1.0,-7.98,0.1,0.1,0.0,-0.4,0,0,0,0.0
f0caab96,7,310,3.4,3,2,4,8,1.43,2,6.0,-4.0,-0.63,3.5,7.9,-4.4,-1.02,0,0,0,0.0
f173303a,0,0,0.0,0,0,0,2,0.0,0,0.0,0.0,0.0,0.0,0.0,0.0,0.0,0,0,0,0.0
f25c8e3a,8,293,3.3,3,0,5,2,1.38,2,4.0,-2.0,-1.22,4.9,3.7,1.2,0.0,0,0,0,0.0
f2bf1b0f,21,1577,17.5,18,12,3,1,0.71,14,31.0,-17.0,-0.2,18.1,24.1,-6.0,0.09,0,0,0,0.0
f315ca93,13,446,5.0,5,1,8,9,1.62,8,7.0,1.0,-0.3,8.3,8.1,0.2,-0.44,0,0,0,0.0
f31def1e,10,900,10.0,10,10,0,0,0.8,6,19.0,-13.0,-0.37,5.8,16.0,-10.2,-0.3,0,0,0,0.0
f3354c07,14,328,3.6,2,1,12,10,0.86,8,9.0,-1.0,0.17,5.7,8.3,-2.5,-0.59,0,0,0,0.0
f4d296e4,20,1677,18.6,20,16,0,0,0.95,25,32.0,-7.0,0.18,24.8,28.9,-4.1,-0.11,0,0,0,0.0
f4e433d4,19,438,4.9,2,1,17,3,1.53,6,7.0,-1.0,-0.85,7.2,6.5,0.7,-0.36,0,0,0,0.0
f58515f5,0,0,0.0,0,0,0,1,0.0,0,0.0,0.0,0.0,0.0,0.0,0.0,0.0,0,0,0,0.0
f5a00fa4,22,1480,16.4,17,6,5,0,1.05,10,24.0,-14.0,-0.72,16.7,22.0,-5.3,0.25,0,0,0,0.0
f5deef4c,9,542,6.0,5,4,4,9,1.89,15,9.0,6.0,0.61,13.0,6.9,6.1,0.78,0,0,0,0.0
f76e6b4e,0,0,0.0,0,0,0,10,0.0,0,0.0,0.0,0.0,0.0,0.0,0.0,0.0,0,0,0,0.0
f7b1d4e0,9,90,1.0,0,0,9,11,1.44,1,4.0,-3.0,-3.45,1.6,2.6,-1.0,-1.24,0,0,0,0.0
f8fcd2a5,9,810,9.0,9,9,0,1,0.44,15,24.0,-9.0,-1.2,10.1,14.8,-4.6,-0.06,0,0,0,0.0
f9d409a1,0,0,0.0,0,0,0,1,0.0,0,0.0,0.0,0.0,0.0,0.0,0.0,0.0,0,0,0,0.0
fa031b34,16,658,7.3,7,1,9,1,2.0,14,11.0,3.0,-0.04,11.6,9.3,2.3,0.1,0,0,0,0.0
fa9fa773,3,34,0.4,0,0,3,14,0.0,0,1.0,-1.0,-2.27,0.3,0.2,0.1,0.87,0,0,0,0.0
fb614c44,14,1252,13.9,14,12,0,0,1.0,23,25.0,-2.0,0.25,15.9,20.8,-5.0,0.3,0,0,0,0.0
fc027d02,10,691,7.7,8,6,2,13,1.0,7,15.0,-8.0,-1.16,8.7,14.3,-5.5,-0.35,0,0,0,0.0
fc15fb84,22,1238,13.8,14,5,8,2,0.91,9,21.0,-12.0,-0.58,15.5,23.5,-8.0,-0.04,0,0,0,0.0
fce2302c,16,470,5.2,4,2,12,8,2.88,12,5.0,7.0,0.17,9.6,4.2,5.4,0.13,0,0,0,0.0
fd08a24b,0,0,0.0,0,0,0,3,0.0,0,0.0,0.0,0.0,0.0,0.0,0.0,0.0,0,0,0,0.0
fdf3cb77,18,1426,15.8,16,12,2,6,0.94,12,21.0,-9.0,-0.94,19.5,17.4,2.0,-0.18,0,0,0,0.0
fe558029,11,945,10.5,10,10,1,13,0.55,10,31.0,-21.0,-1.63,7.5,18.8,-11.3,-0.42,945,11,10,10.5
fea06849,0,0,0.0,0,0,0,13,0.0,0,0.0,0.0,0.0,0.0,0.0,0.0,0.0,0,0,0,0.0
feb5d972,5,138,1.5,1,0,4,8,1.2,2,3.0,-1.0,-1.16,2.1,2.5,-0.4,-0.53,0,0,0,0.0
fed7cb61,23,1708,19.0,20,10,3,1,1.3,19,20.0,-1.0,0.15,24.5,24.7,-0.3,0.22,0,0,0,0.0
fed96827,20,1659,18.4,18,17,2,2,0.85,16,41.0,-25.0,-1.18,13.0,31.9,-18.9,-0.79,0,0,0,0.0
