id,Cmp,Att,TotDist,PrgDist,Cmp.1,Att.1,Cmp.2,Att.2,Cmp.3,Att.3,Ast,xAG,xA,A-xAG,KP,1/3,PPA,CrsPA,PrgP
8f5cdf66,10.0,18.0,114.0,72.0,6.0,8.0,3.0,7.0,0.0,1.0,0,0.0,0.0,0.0,0.0,1.0,0.0,0.0,1.0
f586779e,251.0,366.0,3568.0,890.0,149.0,192.0,73.0,116.0,17.0,24.0,3,2.9,1.9,0.1,26.0,12.0,11.0,1.0,39.0
771a2cfe,8.0,8.0,119.0,2.0,5.0,5.0,3.0,3.0,0.0,0.0,0,0.0,0.0,0.0,0.0,0.0,0.0,0.0,0.0
b96b595c,796.0,909.0,14918.0,4643.0,289.0,319.0,407.0,448.0,84.0,115.0,1,0.6,0.6,0.4,9.0,47.0,7.0,2.0,61.0
26777636,38.0,60.0,666.0,216.0,19.0,24.0,12.0,18.0,5.0,11.0,0,0.1,0.1,-0.1,1.0,4.0,2.0,0.0,8.0
f9c927de,319.0,389.0,4875.0,1459.0,172.0,192.0,114.0,133.0,22.0,37.0,0,0.4,0.3,-0.4,9.0,23.0,1.0,0.0,26.0
0154d290,102.0,135.0,1291.0,130.0,69.0,81.0,23.0,31.0,3.0,5.0,0,0.1,0.1,-0.1,2.0,3.0,0.0,0.0,6.0
46fa7204,369.0,516.0,5524.0,1847.0,208.0,254.0,117.0,155.0,23.0,39.0,1,1.8,1.6,-0.8,16.0,44.0,19.0,1.0,77.0
246d153b,346.0,464.0,5817.0,2248.0,181.0,197.0,112.0,147.0,43.0,81.0,1,1.7,1.7,-0.7,10.0,27.0,12.0,8.0,39.0
d810c13b,465.0,604.0,7881.0,2842.0,214.0,239.0,209.0,258.0,32.0,77.0,0,0.4,0.7,-0.4,4.0,38.0,7.0,1.0,40.0
fdf4b948,175.0,225.0,2459.0,942.0,91.0,109.0,59.0,69.0,8.0,14.0,0,0.5,0.3,-0.5,2.0,15.0,3.0,1.0,22.0
5294a83f,800.0,994.0,12503.0,4305.0,444.0,490.0,270.0,321.0,61.0,127.0,3,2.9,2.8,0.1,31.0,89.0,29.0,0.0,126.0
ab472696,56.0,69.0,777.0,137.0,36.0,43.0,11.0,15.0,5.0,6.0,1,0.3,0.1,0.7,1.0,3.0,2.0,0.0,5.0
bcc81786,416.0,555.0,6959.0,2923.0,202.0,238.0,174.0,228.0,29.0,60.0,1,1.2,0.7,-0.2,8.0,36.0,6.0,4.0,45.0
2df7cc43,11.0,16.0,167.0,40.0,6.0,6.0,5.0,7.0,0.0,2.0,0,0.0,0.0,0.0,0.0,0.0,0.0,0.0,0.0
2df7cc43,430.0,550.0,7298.0,2899.0,187.0,216.0,210.0,249.0,27.0,61.0,1,0.6,0.2,0.4,2.0,15.0,3.0,1.0,28.0
10b9fa99,653.0,850.0,12543.0,5318.0,246.0,295.0,322.0,371.0,77.0,151.0,1,0.9,0.7,0.1,9.0,74.0,10.0,4.0,86.0
5a2cb25d,925.0,1049.0,18652.0,5114.0,310.0,347.0,459.0,491.0,144.0,181.0,0,0.5,1.2,-0.5,9.0,122.0,17.0,8.0,135.0
9f1893b9,659.0,859.0,9487.0,2074.0,402.0,473.0,206.0,259.0,32.0,58.0,2,3.8,3.2,-1.8,31.0,39.0,26.0,3.0,76.0
38d9ce53,13.0,18.0,159.0,43.0,8.0,11.0,4.0,5.0,0.0,1.0,0,0.0,0.0,0.0,0.0,0.0,0.0,0.0,1.0
108fe016,184.0,206.0,2643.0,697.0,111.0,119.0,52.0,60.0,12.0,16.0,0,0.0,0.1,0.0,0.0,19.0,1.0,0.0,14.0
8f68aa41,92.0,111.0,1648.0,862.0,42.0,49.0,39.0,44.0,10.0,16.0,0,0.0,0.0,0.0,1.0,9.0,2.0,0.0,9.0
00459419,260.0,367.0,3700.0,657.0,146.0,189.0,84.0,107.0,11.0,20.0,0,1.7,1.4,-1.7,19.0,13.0,12.0,1.0,28.0
963a328b,334.0,414.0,6171.0,1865.0,147.0,170.0,120.0,141.0,52.0,71.0,0,1.1,1.2,-1.1,11.0,31.0,16.0,2.0,56.0
a820e429,116.0,165.0,1463.0,279.0,78.0,98.0,22.0,27.0,6.0,8.0,1,0.5,0.6,0.5,8.0,2.0,5.0,0.0,12.0
e26fcca3,358.0,435.0,6100.0,2189.0,182.0,207.0,135.0,145.0,34.0,56.0,0,0.4,0.5,-0.4,8.0,50.0,7.0,2.0,41.0
a69cc629,144.0,228.0,2650.0,940.0,67.0,93.0,47.0,71.0,22.0,43.0,0,0.3,0.3,-0.3,6.0,19.0,2.0,0.0,21.0
0fdcef0e,196.0,226.0,3610.0,816.0,94.0,97.0,68.0,73.0,30.0,47.0,0,0.3,0.3,-0.3,2.0,12.0,1.0,0.0,10.0
649b01d8,594.0,885.0,18625.0,13784.0,86.0,86.0,238.0,240.0,269.0,551.0,0,0.0,0.1,0.0,0.0,15.0,0.0,0.0,0.0
3cd3b384,782.0,1094.0,13626.0,5887.0,359.0,409.0,336.0,460.0,72.0,142.0,2,1.5,2.1,0.5,23.0,53.0,30.0,20.0,74.0
2200181e,288.0,332.0,6000.0,1702.0,84.0,87.0,154.0,167.0,48.0,72.0,0,0.0,0.0,0.0,0.0,20.0,0.0,0.0,15.0
dfd24c07,32.0,48.0,640.0,379.0,8.0,10.0,13.0,17.0,7.0,14.0,0,0.1,0.3,-0.1,2.0,7.0,2.0,2.0,4.0
f42d6c13,260.0,348.0,3968.0,1323.0,149.0,182.0,79.0,96.0,20.0,43.0,1,1.2,0.7,-0.2,15.0,19.0,6.0,0.0,29.0
f42d6c13,73.0,103.0,1122.0,210.0,37.0,46.0,32.0,40.0,3.0,11.0,0,0.5,0.7,-0.5,2.0,3.0,2.0,0.0,13.0
59bf127b,2.0,3.0,25.0,15.0,1.0,1.0,1.0,2.0,0.0,0.0,0,0.0,0.0,0.0,0.0,1.0,0.0,0.0,1.0
102e2599,303.0,366.0,4304.0,1055.0,162.0,179.0,109.0,123.0,11.0,23.0,0,0.8,0.8,-0.8,14.0,22.0,12.0,0.0,43.0
f449640d,103.0,118.0,1741.0,566.0,46.0,48.0,47.0,53.0,9.0,13.0,0,0.1,0.2,-0.1,1.0,8.0,5.0,3.0,11.0
8a6de8c7,183.0,287.0,2458.0,596.0,109.0,143.0,54.0,83.0,11.0,23.0,1,1.0,0.7,0.0,8.0,13.0,6.0,1.0,18.0
d44360be,532.0,723.0,8794.0,2734.0,256.0,298.0,210.0,260.0,43.0,92.0,0,2.3,2.0,-2.3,26.0,41.0,27.0,17.0,70.0
01efac19,11.0,14.0,140.0,24.0,7.0,10.0,3.0,3.0,0.0,0.0,0,0.0,0.0,0.0,0.0,2.0,0.0,0.0,2.0
01efac19,372.0,457.0,5681.0,1298.0,201.0,223.0,131.0,159.0,26.0,38.0,0,1.4,0.8,-1.4,16.0,45.0,10.0,2.0,52.0
32ebfe1e,133.0,158.0,2154.0,599.0,64.0,72.0,60.0,70.0,7.0,10.0,1,0.3,0.2,0.7,3.0,14.0,1.0,1.0,13.0
6928979a,872.0,1080.0,13962.0,4318.0,465.0,523.0,322.0,381.0,61.0,113.0,5,4.1,3.1,0.9,34.0,98.0,34.0,8.0,125.0
6caffe81,35.0,43.0,521.0,136.0,17.0,18.0,16.0,18.0,1.0,2.0,0,0.0,0.0,0.0,1.0,2.0,0.0,0.0,2.0
e5bf73f3,247.0,369.0,4434.0,1135.0,123.0,145.0,73.0,105.0,40.0,85.0,2,2.6,1.9,-0.6,22.0,18.0,10.0,7.0,20.0
5a08ee41,664.0,913.0,14408.0,5293.0,171.0,201.0,368.0,447.0,116.0,234.0,0,0.3,0.3,-0.3,4.0,54.0,3.0,1.0,60.0
80556f08,161.0,222.0,2334.0,446.0,76.0,93.0,69.0,80.0,5.0,23.0,0,0.3,0.3,-0.3,5.0,9.0,4.0,2.0,14.0
75b86fb3,941.0,1124.0,18994.0,6825.0,317.0,351.0,475.0,524.0,138.0,212.0,2,1.6,1.9,0.4,10.0,87.0,18.0,5.0,106.0
1ac232b8,281.0,469.0,4709.0,1739.0,142.0,168.0,100.0,165.0,32.0,90.0,2,0.9,1.1,1.1,15.0,24.0,9.0,6.0,24.0
78e6bf2c,29.0,46.0,472.0,262.0,14.0,16.0,11.0,16.0,3.0,4.0,0,0.0,0.0,0.0,0.0,2.0,0.0,0.0,3.0
19e4eab9,716.0,913.0,13659.0,5685.0,273.0,308.0,350.0,408.0,83.0,154.0,1,0.5,0.8,0.5,8.0,56.0,3.0,2.0,65.0
e892c325,5.0,5.0,116.0,29.0,0.0,0.0,4.0,4.0,1.0,1.0,0,0.0,0.0,0.0,0.0,0.0,0.0,0.0,2.0
e3756e72,86.0,115.0,1406.0,312.0,47.0,54.0,28.0,40.0,8.0,14.0,0,0.1,0.2,-0.1,1.0,2.0,1.0,1.0,4.0
d705ba44,94.0,141.0,1242.0,206.0,52.0,68.0,24.0,36.0,5.0,6.0,0,0.7,0.2,-0.7,8.0,4.0,1.0,0.0,4.0
0000acda,91.0,105.0,2107.0,426.0,32.0,32.0,33.0,41.0,26.0,31.0,0,0.1,0.1,-0.1,1.0,11.0,1.0,0.0,9.0
0000acda,122.0,167.0,2169.0,585.0,56.0,67.0,54.0,67.0,11.0,27.0,0,0.5,0.4,-0.5,6.0,6.0,3.0,2.0,13.0
db092d3b,867.0,1006.0,15616.0,4453.0,373.0,402.0,340.0,372.0,120.0,178.0,1,2.3,2.3,-1.3,36.0,91.0,19.0,3.0,99.0
53a0e358,335.0,496.0,6397.0,1757.0,150.0,190.0,126.0,180.0,49.0,86.0,4,2.6,2.4,1.4,22.0,21.0,29.0,4.0,67.0
61b3978f,471.0,644.0,6989.0,3219.0,286.0,316.0,143.0,210.0,28.0,73.0,0,0.1,0.3,-0.1,3.0,32.0,10.0,3.0,44.0
ed5c0319,131.0,209.0,1673.0,168.0,88.0,122.0,27.0,46.0,6.0,11.0,1,1.7,1.4,-0.7,16.0,6.0,2.0,0.0,6.0
b3a20f18,460.0,598.0,8840.0,3823.0,164.0,191.0,242.0,281.0,46.0,107.0,0,0.3,0.3,-0.3,4.0,30.0,5.0,1.0,32.0
d65cf468,46.0,54.0,826.0,125.0,20.0,24.0,20.0,24.0,5.0,5.0,0,0.0,0.0,0.0,1.0,9.0,1.0,0.0,6.0
6fdac234,636.0,749.0,13770.0,5195.0,156.0,179.0,381.0,411.0,92.0,138.0,1,0.9,1.2,0.1,6.0,30.0,2.0,1.0,37.0
9e1577aa,982.0,1368.0,18434.0,7098.0,416.0,470.0,426.0,538.0,127.0,303.0,2,4.0,4.3,-2.0,58.0,85.0,28.0,18.0,115.0
204ac005,387.0,536.0,6643.0,1908.0,186.0,218.0,163.0,219.0,32.0,75.0,1,1.8,1.0,-0.8,14.0,19.0,12.0,9.0,25.0
79370f8c,101.0,140.0,1867.0,682.0,45.0,52.0,35.0,48.0,16.0,25.0,0,0.4,0.5,-0.4,6.0,10.0,2.0,1.0,16.0
c69ef855,495.0,615.0,8087.0,2458.0,242.0,281.0,187.0,228.0,41.0,63.0,0,0.4,0.5,-0.4,8.0,57.0,9.0,2.0,64.0
fe012aca,235.0,289.0,3520.0,900.0,137.0,161.0,63.0,74.0,21.0,31.0,5,1.9,1.9,3.1,24.0,12.0,15.0,4.0,31.0
c83c203f,156.0,179.0,2201.0,546.0,92.0,99.0,51.0,59.0,7.0,11.0,0,0.3,0.1,-0.3,5.0,12.0,4.0,1.0,14.0
d995ed27,609.0,734.0,9560.0,2103.0,319.0,357.0,217.0,250.0,44.0,70.0,0,1.5,1.6,-1.5,19.0,44.0,22.0,4.0,75.0
bf57eaab,244.0,327.0,4331.0,860.0,122.0,149.0,80.0,101.0,35.0,47.0,1,1.1,0.7,-0.1,8.0,28.0,6.0,0.0,40.0
0def2376,45.0,51.0,720.0,106.0,24.0,26.0,20.0,22.0,1.0,1.0,0,0.0,0.0,0.0,0.0,2.0,0.0,0.0,5.0
fb77bfef,215.0,251.0,4622.0,1533.0,64.0,71.0,109.0,120.0,41.0,57.0,0,0.0,0.0,0.0,1.0,14.0,0.0,0.0,12.0
52ec54d0,302.0,354.0,6617.0,2533.0,82.0,89.0,168.0,185.0,51.0,77.0,0,0.2,0.2,-0.2,3.0,24.0,3.0,0.0,17.0
3d13d9e4,54.0,86.0,707.0,146.0,28.0,41.0,17.0,26.0,2.0,3.0,1,1.3,0.3,-0.3,6.0,4.0,2.0,0.0,11.0
0d077b88,705.0,921.0,11224.0,3710.0,354.0,421.0,278.0,339.0,53.0,104.0,2,3.0,2.8,-1.0,24.0,74.0,23.0,7.0,79.0
ae94a6c5,72.0,91.0,1112.0,170.0,39.0,48.0,26.0,31.0,6.0,7.0,0,0.1,0.0,-0.1,1.0,0.0,1.0,0.0,5.0
c609e90e,22.0,31.0,257.0,54.0,17.0,19.0,2.0,3.0,0.0,2.0,0,0.1,0.1,-0.1,1.0,1.0,0.0,0.0,2.0
8bbe2df5,475.0,636.0,7825.0,2513.0,244.0,284.0,185.0,231.0,36.0,89.0,1,1.5,1.2,-0.5,11.0,23.0,14.0,8.0,33.0
d4a2533d,14.0,19.0,227.0,114.0,6.0,8.0,8.0,10.0,0.0,0.0,0,0.2,0.1,-0.2,3.0,1.0,2.0,1.0,3.0
5fd5ed86,964.0,1085.0,18619.0,5722.0,327.0,353.0,520.0,559.0,109.0,156.0,1,1.0,0.2,0.0,6.0,18.0,1.0,0.0,21.0
edd81e2a,732.0,866.0,13212.0,5334.0,308.0,338.0,344.0,376.0,69.0,119.0,0,0.4,0.8,-0.4,5.0,54.0,4.0,1.0,65.0
33b8d077,557.0,641.0,9855.0,2651.0,240.0,264.0,254.0,282.0,49.0,72.0,0,0.3,0.4,-0.3,4.0,44.0,5.0,1.0,48.0
f3a9fa26,169.0,269.0,2558.0,898.0,89.0,112.0,60.0,91.0,11.0,45.0,0,0.8,1.0,-0.8,10.0,15.0,10.0,2.0,22.0
4ae67f27,663.0,801.0,11082.0,3553.0,282.0,322.0,340.0,388.0,28.0,56.0,1,0.6,0.6,0.4,4.0,47.0,3.0,2.0,49.0
ef6eef89,37.0,55.0,657.0,212.0,17.0,21.0,17.0,20.0,3.0,9.0,0,0.0,0.0,0.0,1.0,4.0,1.0,1.0,6.0
dd86e8e4,186.0,237.0,2884.0,908.0,94.0,104.0,82.0,102.0,6.0,19.0,0,0.2,0.1,-0.2,4.0,14.0,0.0,0.0,23.0
2146785a,586.0,733.0,10357.0,3789.0,249.0,267.0,265.0,304.0,59.0,130.0,2,0.7,0.9,1.3,9.0,36.0,11.0,8.0,54.0
ac7e640b,365.0,472.0,6539.0,2439.0,145.0,173.0,177.0,217.0,35.0,67.0,0,0.0,0.1,0.0,1.0,17.0,1.0,0.0,26.0
226008f1,768.0,875.0,13794.0,5432.0,318.0,333.0,372.0,409.0,67.0,106.0,0,0.6,0.3,-0.6,4.0,39.0,4.0,1.0,48.0
cd0fa27b,948.0,1132.0,17359.0,5389.0,414.0,451.0,392.0,440.0,115.0,187.0,5,3.3,4.2,1.7,49.0,104.0,28.0,8.0,123.0
13ea2544,145.0,186.0,2404.0,466.0,70.0,79.0,63.0,75.0,10.0,18.0,0,0.3,0.2,-0.3,2.0,16.0,2.0,1.0,16.0
91ff775f,158.0,210.0,2234.0,531.0,97.0,110.0,41.0,57.0,10.0,13.0,1,0.4,0.5,0.6,5.0,12.0,5.0,0.0,25.0
247ed022,723.0,911.0,10808.0,3981.0,409.0,459.0,256.0,309.0,39.0,90.0,2,1.4,1.0,0.6,15.0,31.0,14.0,6.0,55.0
b6a1cdf9,56.0,76.0,710.0,97.0,39.0,44.0,15.0,22.0,0.0,5.0,0,0.4,0.3,-0.4,3.0,1.0,1.0,1.0,2.0
356c9002,826.0,1139.0,14401.0,5271.0,418.0,452.0,298.0,403.0,89.0,210.0,2,2.5,2.9,-0.5,33.0,81.0,31.0,16.0,99.0
54e53b7e,551.0,693.0,8169.0,1456.0,331.0,376.0,161.0,206.0,39.0,60.0,1,1.2,1.7,-0.2,17.0,34.0,13.0,3.0,52.0
5bd72174,168.0,237.0,2130.0,315.0,96.0,130.0,43.0,60.0,8.0,10.0,0,0.5,0.6,-0.5,9.0,11.0,4.0,0.0,11.0
5bd72174,113.0,153.0,1333.0,277.0,79.0,97.0,26.0,32.0,0.0,2.0,3,0.8,0.7,2.2,10.0,4.0,2.0,0.0,10.0
f7e2af2c,69.0,87.0,1170.0,558.0,33.0,38.0,29.0,31.0,7.0,14.0,0,0.1,0.3,-0.1,1.0,3.0,2.0,2.0,9.0
b033f803,17.0,25.0,294.0,89.0,9.0,10.0,6.0,7.0,2.0,3.0,0,0.0,0.0,0.0,1.0,1.0,2.0,1.0,1.0
707b98f1,9.0,13.0,168.0,12.0,3.0,4.0,4.0,6.0,2.0,2.0,0,0.0,0.0,0.0,1.0,0.0,0.0,0.0,1.0
8d3cd59d,873.0,1064.0,13655.0,4267.0,452.0,496.0,352.0,418.0,43.0,77.0,3,2.0,1.9,1.0,12.0,46.0,17.0,2.0,60.0
8ec56e62,294.0,494.0,9161.0,7031.0,46.0,46.0,127.0,131.0,115.0,309.0,0,0.0,0.0,0.0,0.0,12.0,0.0,0.0,0.0
3f5f38fb,892.0,967.0,15592.0,5597.0,359.0,385.0,414.0,436.0,83.0,100.0,1,0.3,0.5,0.7,4.0,29.0,1.0,0.0,47.0
ad92526f,303.0,413.0,5354.0,2187.0,127.0,156.0,142.0,187.0,28.0,56.0,0,1.1,0.9,-1.1,18.0,46.0,12.0,2.0,64.0
0728bebe,41.0,50.0,555.0,89.0,27.0,31.0,12.0,15.0,2.0,4.0,0,0.0,0.0,0.0,1.0,1.0,1.0,0.0,2.0
ba3d3bea,910.0,1067.0,13984.0,4888.0,519.0,566.0,283.0,329.0,75.0,119.0,1,0.9,1.2,0.1,14.0,71.0,5.0,0.0,70.0
4d1efb48,3.0,6.0,72.0,30.0,1.0,1.0,1.0,2.0,1.0,3.0,0,0.0,0.0,0.0,0.0,0.0,0.0,0.0,0.0
d9624b51,359.0,475.0,6432.0,2602.0,152.0,172.0,164.0,199.0,37.0,76.0,0,0.1,0.2,-0.1,4.0,38.0,4.0,0.0,43.0
07f8bcc8,136.0,228.0,1978.0,267.0,70.0,110.0,44.0,68.0,11.0,15.0,0,0.1,0.5,-0.1,3.0,5.0,2.0,0.0,12.0
98a84572,75.0,109.0,1055.0,351.0,46.0,57.0,22.0,32.0,3.0,5.0,0,0.7,0.5,-0.7,6.0,4.0,8.0,1.0,13.0
31a62dc7,467.0,616.0,7329.0,3165.0,247.0,279.0,168.0,213.0,35.0,74.0,0,1.3,0.9,-1.3,13.0,32.0,15.0,3.0,44.0
b0f7e36c,107.0,145.0,1518.0,447.0,61.0,71.0,36.0,50.0,3.0,6.0,3,1.6,1.0,1.4,7.0,8.0,5.0,3.0,10.0
c316607a,247.0,292.0,4854.0,2280.0,92.0,99.0,116.0,132.0,34.0,51.0,0,0.0,0.0,0.0,1.0,10.0,0.0,0.0,7.0
b09a3ecc,56.0,98.0,791.0,284.0,31.0,42.0,15.0,31.0,5.0,9.0,0,0.4,0.6,-0.4,6.0,7.0,3.0,0.0,6.0
039a4fb6,16.0,23.0,235.0,60.0,6.0,8.0,9.0,11.0,0.0,1.0,0,0.0,0.0,0.0,1.0,0.0,1.0,0.0,2.0
5de3866c,580.0,735.0,8937.0,2788.0,321.0,365.0,199.0,260.0,40.0,72.0,4,4.3,1.9,-0.3,23.0,35.0,22.0,10.0,47.0
8b95acda,615.0,714.0,12155.0,4061.0,165.0,186.0,380.0,412.0,58.0,96.0,0,0.0,0.1,0.0,0.0,38.0,1.0,0.0,33.0
04df29a5,157.0,246.0,1901.0,383.0,103.0,134.0,29.0,45.0,7.0,20.0,2,1.2,0.3,0.8,13.0,13.0,4.0,1.0,18.0
6499048c,174.0,222.0,2853.0,609.0,92.0,105.0,60.0,73.0,16.0,29.0,0,1.0,0.9,-1.0,8.0,17.0,9.0,2.0,27.0
8cabdc1e,765.0,967.0,21742.0,13834.0,126.0,126.0,318.0,321.0,319.0,517.0,0,0.0,0.0,0.0,0.0,13.0,0.0,0.0,1.0
8fef5412,6.0,11.0,76.0,25.0,5.0,7.0,1.0,3.0,0.0,0.0,0,0.0,0.0,0.0,0.0,0.0,0.0,0.0,1.0
22ae86f9,283.0,386.0,5327.0,2345.0,104.0,125.0,153.0,186.0,23.0,55.0,0,0.0,0.2,0.0,0.0,22.0,3.0,1.0,29.0
45b9b619,90.0,122.0,1388.0,270.0,46.0,57.0,31.0,37.0,7.0,7.0,1,0.8,0.4,0.2,5.0,8.0,1.0,0.0,8.0
bfc359ed,5.0,6.0,77.0,35.0,3.0,3.0,2.0,2.0,0.0,1.0,0,0.0,0.0,0.0,0.0,0.0,2.0,1.0,2.0
85a44ecc,595.0,709.0,9324.0,2587.0,293.0,331.0,251.0,281.0,28.0,50.0,2,1.2,1.0,0.8,12.0,56.0,7.0,1.0,69.0
f554e29b,29.0,31.0,634.0,441.0,7.0,7.0,18.0,18.0,4.0,6.0,0,0.0,0.0,0.0,0.0,0.0,0.0,0.0,0.0
16657b95,956.0,1177.0,17699.0,5458.0,413.0,468.0,396.0,455.0,123.0,206.0,0,0.9,1.3,-0.9,10.0,120.0,12.0,3.0,109.0
22cd43d2,69.0,95.0,1073.0,205.0,35.0,47.0,28.0,30.0,4.0,10.0,0,0.3,0.6,-0.3,1.0,6.0,0.0,0.0,3.0
0ab1f153,591.0,707.0,11504.0,2872.0,247.0,274.0,239.0,276.0,97.0,133.0,3,2.1,1.6,0.9,29.0,28.0,15.0,7.0,48.0
5722eced,66.0,83.0,1065.0,290.0,30.0,33.0,29.0,35.0,4.0,9.0,0,0.4,0.3,-0.4,2.0,3.0,5.0,0.0,8.0
060606ec,79.0,115.0,1182.0,302.0,50.0,57.0,23.0,36.0,4.0,9.0,0,0.2,0.1,-0.2,3.0,4.0,0.0,0.0,3.0
44eb9093,95.0,109.0,1820.0,625.0,33.0,35.0,54.0,59.0,7.0,13.0,1,0.2,0.1,0.8,1.0,9.0,1.0,0.0,11.0
f778fe3f,61.0,84.0,896.0,334.0,32.0,42.0,24.0,31.0,3.0,6.0,1,0.8,0.4,0.2,10.0,6.0,3.0,2.0,9.0
7ef972c3,581.0,669.0,11649.0,4348.0,190.0,204.0,306.0,332.0,76.0,112.0,1,0.1,0.1,0.9,2.0,35.0,0.0,0.0,39.0
94b2001f,1152.0,1382.0,22616.0,8543.0,406.0,463.0,581.0,636.0,152.0,242.0,3,2.1,0.9,0.9,13.0,104.0,9.0,3.0,90.0
96e0490d,590.0,700.0,10149.0,3556.0,260.0,282.0,271.0,311.0,45.0,73.0,2,1.5,1.5,0.5,16.0,34.0,12.0,7.0,46.0
16bb656a,372.0,499.0,6708.0,2572.0,164.0,188.0,161.0,206.0,40.0,85.0,0,0.2,0.3,-0.2,4.0,28.0,2.0,0.0,31.0
2ef7c612,191.0,250.0,2707.0,917.0,112.0,142.0,62.0,74.0,9.0,13.0,1,1.7,1.6,-0.7,16.0,20.0,13.0,0.0,39.0
60e3603d,5.0,7.0,66.0,1.0,3.0,4.0,2.0,3.0,0.0,0.0,0,0.0,0.0,0.0,0.0,0.0,0.0,0.0,0.0
ae4e2852,358.0,451.0,6336.0,2390.0,158.0,188.0,160.0,191.0,36.0,58.0,0,0.4,0.3,-0.4,5.0,39.0,6.0,4.0,42.0
e74f0e59,184.0,260.0,2890.0,1461.0,101.0,114.0,73.0,104.0,7.0,31.0,0,0.2,0.1,-0.2,4.0,18.0,4.0,1.0,20.0
f4797849,356.0,407.0,6728.0,2357.0,130.0,140.0,199.0,214.0,27.0,49.0,0,0.2,0.1,-0.2,2.0,14.0,1.0,0.0,19.0
854ee61a,87.0,105.0,1113.0,168.0,54.0,61.0,24.0,28.0,3.0,5.0,0,0.3,0.1,-0.3,6.0,5.0,0.0,0.0,4.0
0e0d6c53,0.0,0.0,0.0,0.0,0.0,0.0,0.0,0.0,0.0,0.0,0,0.0,0.0,0.0,0.0,0.0,0.0,0.0,0.0
e3cceee6,449.0,529.0,8373.0,2380.0,167.0,187.0,227.0,257.0,47.0,73.0,0,0.5,0.2,-0.5,4.0,13.0,0.0,0.0,23.0
dc3fa3b5,66.0,67.0,1029.0,236.0,31.0,31.0,24.0,25.0,8.0,8.0,0,0.0,0.0,0.0,0.0,7.0,1.0,0.0,9.0
d97f2e8d,312.0,473.0,5729.0,3370.0,131.0,168.0,132.0,187.0,42.0,84.0,2,0.9,0.9,1.1,12.0,34.0,14.0,10.0,48.0
d97f2e8d,74.0,95.0,1373.0,584.0,31.0,36.0,31.0,36.0,11.0,21.0,0,0.4,0.3,-0.4,4.0,6.0,4.0,4.0,10.0
2990c466,1.0,2.0,27.0,0.0,0.0,0.0,1.0,2.0,0.0,0.0,0,0.0,0.0,0.0,0.0,0.0,0.0,0.0,0.0
dcb38abe,136.0,213.0,1950.0,317.0,76.0,112.0,47.0,66.0,6.0,11.0,0,1.1,0.8,-1.1,17.0,9.0,6.0,0.0,22.0
5976f83e,169.0,198.0,2535.0,793.0,95.0,102.0,65.0,73.0,5.0,12.0,0,0.3,0.2,-0.3,4.0,15.0,3.0,1.0,14.0
d7d32194,33.0,59.0,387.0,85.0,23.0,32.0,5.0,15.0,2.0,4.0,0,0.4,0.2,-0.4,4.0,1.0,1.0,0.0,2.0
39583cfd,443.0,588.0,6574.0,2331.0,260.0,294.0,139.0,181.0,27.0,64.0,6,4.4,4.0,1.6,48.0,40.0,42.0,2.0,82.0
ef94dc2f,6.0,8.0,79.0,30.0,4.0,5.0,0.0,0.0,1.0,1.0,0,0.0,0.0,0.0,0.0,1.0,0.0,0.0,1.0
1fca9171,233.0,340.0,3216.0,947.0,136.0,161.0,70.0,104.0,11.0,36.0,2,2.1,1.8,-0.1,17.0,14.0,11.0,1.0,33.0
4e0c8d66,681.0,906.0,17709.0,11903.0,167.0,167.0,290.0,297.0,221.0,439.0,0,0.0,0.0,0.0,0.0,10.0,0.0,0.0,0.0
230a2fac,1500.0,1756.0,24563.0,8864.0,767.0,821.0,589.0,677.0,113.0,169.0,4,3.3,3.6,0.7,33.0,117.0,41.0,8.0,172.0
19cda00b,260.0,357.0,4831.0,1828.0,119.0,133.0,91.0,120.0,41.0,73.0,4,3.2,2.8,0.8,26.0,28.0,20.0,6.0,49.0
244bc2c8,282.0,372.0,4182.0,862.0,148.0,180.0,92.0,112.0,18.0,26.0,4,2.3,1.0,1.7,23.0,18.0,13.0,2.0,33.0
407feb71,347.0,437.0,5191.0,1655.0,189.0,217.0,123.0,146.0,19.0,34.0,3,3.6,1.7,-0.6,27.0,51.0,29.0,1.0,81.0
970b8574,713.0,983.0,13646.0,4729.0,308.0,355.0,278.0,353.0,106.0,221.0,2,5.0,4.3,-3.0,43.0,50.0,30.0,21.0,66.0
933d3b51,844.0,987.0,15186.0,4411.0,348.0,375.0,410.0,451.0,74.0,125.0,0,0.1,0.2,-0.1,2.0,63.0,3.0,2.0,65.0
6eee05f1,464.0,538.0,7455.0,2479.0,235.0,257.0,200.0,216.0,21.0,47.0,0,0.0,0.1,0.0,1.0,20.0,1.0,0.0,20.0
b5f7d10b,749.0,901.0,12980.0,3902.0,344.0,376.0,328.0,391.0,68.0,104.0,1,0.6,0.9,0.4,13.0,52.0,15.0,3.0,91.0
2f69d881,305.0,463.0,5240.0,2548.0,152.0,185.0,117.0,177.0,30.0,69.0,3,1.0,1.3,2.0,11.0,27.0,12.0,7.0,24.0
20b3a502,717.0,896.0,11128.0,3108.0,376.0,433.0,243.0,297.0,56.0,89.0,2,1.8,2.0,0.2,23.0,71.0,16.0,0.0,96.0
22051fbe,176.0,210.0,3452.0,1282.0,60.0,69.0,94.0,104.0,20.0,30.0,0,0.0,0.0,0.0,0.0,11.0,0.0,0.0,17.0
085e71a7,471.0,693.0,12782.0,8748.0,122.0,123.0,200.0,202.0,144.0,361.0,0,0.0,0.1,0.0,0.0,10.0,1.0,0.0,0.0
79ca3e23,121.0,163.0,2113.0,646.0,54.0,68.0,49.0,58.0,13.0,22.0,0,0.2,0.3,-0.2,4.0,14.0,3.0,0.0,20.0
481c9ece,414.0,562.0,6878.0,2278.0,199.0,230.0,170.0,228.0,35.0,71.0,2,3.4,2.5,-1.4,20.0,14.0,17.0,8.0,36.0
528492ea,233.0,303.0,4282.0,1439.0,95.0,111.0,100.0,119.0,29.0,52.0,0,0.1,0.5,-0.1,3.0,33.0,8.0,4.0,39.0
e0921a4f,460.0,599.0,8148.0,2095.0,242.0,277.0,135.0,171.0,66.0,102.0,6,5.4,3.1,0.6,39.0,36.0,14.0,0.0,49.0
3bb7f478,294.0,418.0,4596.0,1132.0,156.0,203.0,100.0,136.0,23.0,41.0,3,3.0,3.1,0.0,19.0,32.0,16.0,1.0,55.0
dbfa4f16,26.0,35.0,490.0,268.0,10.0,12.0,14.0,19.0,2.0,3.0,0,0.0,0.1,0.0,1.0,6.0,5.0,2.0,10.0
9ba7b4fa,453.0,557.0,8801.0,3202.0,179.0,201.0,203.0,240.0,65.0,102.0,0,0.0,0.1,0.0,1.0,43.0,4.0,1.0,51.0
6af30900,354.0,458.0,5917.0,2016.0,165.0,190.0,149.0,185.0,30.0,56.0,1,0.3,0.2,0.7,4.0,14.0,4.0,3.0,13.0
a9202def,468.0,583.0,8087.0,2266.0,207.0,237.0,192.0,225.0,47.0,67.0,0,1.4,1.5,-1.4,12.0,39.0,10.0,3.0,44.0
76b2817e,261.0,363.0,4334.0,1731.0,121.0,149.0,111.0,145.0,23.0,44.0,0,0.5,0.9,-0.5,5.0,24.0,10.0,5.0,32.0
f503ea63,264.0,346.0,4031.0,1449.0,143.0,176.0,95.0,118.0,15.0,27.0,2,1.3,0.3,0.7,5.0,31.0,8.0,0.0,36.0
c20892ee,3.0,4.0,54.0,0.0,2.0,3.0,0.0,0.0,1.0,1.0,0,0.0,0.0,0.0,0.0,0.0,0.0,0.0,0.0
c55967eb,24.0,40.0,322.0,82.0,16.0,18.0,7.0,14.0,0.0,5.0,0,0.0,0.0,0.0,1.0,3.0,0.0,0.0,3.0
cf007308,439.0,519.0,5835.0,1369.0,281.0,307.0,117.0,146.0,16.0,25.0,1,1.3,1.4,-0.3,16.0,26.0,15.0,3.0,34.0
0fee6bda,720.0,830.0,15455.0,5240.0,199.0,218.0,392.0,429.0,125.0,173.0,0,0.0,0.1,0.0,0.0,29.0,0.0,0.0,38.0
3f79a1c8,222.0,290.0,3755.0,1430.0,99.0,117.0,103.0,122.0,16.0,36.0,1,0.2,0.1,0.8,4.0,30.0,2.0,0.0,30.0
5cf5c9ad,105.0,136.0,1641.0,522.0,63.0,71.0,36.0,46.0,4.0,13.0,0,0.1,0.1,-0.1,1.0,12.0,1.0,0.0,11.0
366be751,255.0,308.0,4202.0,851.0,134.0,148.0,91.0,102.0,25.0,45.0,2,0.8,0.4,1.2,11.0,20.0,8.0,2.0,28.0
9f5a610b,394.0,783.0,13031.0,10266.0,58.0,58.0,151.0,158.0,182.0,558.0,0,0.0,0.0,0.0,1.0,8.0,1.0,0.0,0.0
aae9d04a,151.0,232.0,2743.0,1240.0,65.0,84.0,65.0,91.0,17.0,39.0,2,0.6,0.3,1.4,4.0,13.0,5.0,2.0,22.0
4e358a2d,408.0,528.0,7706.0,3184.0,139.0,168.0,212.0,246.0,47.0,92.0,0,0.1,0.1,-0.1,3.0,24.0,3.0,0.0,40.0
06b08c45,76.0,92.0,1004.0,250.0,50.0,56.0,21.0,26.0,2.0,6.0,0,0.4,0.2,-0.4,2.0,3.0,1.0,1.0,4.0
ee64a822,474.0,580.0,6637.0,1291.0,283.0,316.0,149.0,177.0,17.0,33.0,0,0.8,0.7,-0.8,10.0,32.0,4.0,0.0,39.0
d0dbca9f,384.0,456.0,7605.0,2387.0,114.0,126.0,220.0,242.0,41.0,67.0,0,0.4,0.6,-0.4,3.0,17.0,1.0,0.0,25.0
d0dbca9f,217.0,288.0,4305.0,1445.0,75.0,94.0,114.0,132.0,27.0,55.0,0,0.1,0.2,-0.1,3.0,20.0,3.0,0.0,19.0
eb76987d,53.0,65.0,994.0,301.0,21.0,22.0,23.0,30.0,8.0,10.0,0,0.0,0.0,0.0,1.0,1.0,0.0,0.0,1.0
e288d4b3,62.0,79.0,1115.0,324.0,26.0,28.0,32.0,36.0,4.0,14.0,0,0.0,0.1,0.0,1.0,4.0,1.0,0.0,7.0
2a7d27c1,540.0,696.0,9300.0,2486.0,256.0,313.0,199.0,244.0,63.0,93.0,0,1.4,1.5,-1.4,21.0,49.0,17.0,1.0,91.0
c235e803,281.0,351.0,6251.0,1998.0,75.0,89.0,142.0,158.0,59.0,91.0,0,0.0,0.0,0.0,0.0,12.0,0.0,0.0,14.0
8f866fe8,234.0,363.0,3165.0,833.0,147.0,191.0,58.0,91.0,12.0,33.0,1,1.7,2.2,-0.7,11.0,19.0,14.0,1.0,29.0
3b387cc7,19.0,27.0,252.0,86.0,11.0,12.0,7.0,9.0,0.0,1.0,1,0.2,0.0,0.8,1.0,2.0,0.0,0.0,4.0
ce30bfc8,141.0,180.0,2133.0,602.0,83.0,100.0,46.0,54.0,8.0,15.0,0,0.2,0.5,-0.2,3.0,15.0,8.0,3.0,22.0
8dfed6e9,26.0,48.0,268.0,30.0,17.0,31.0,7.0,11.0,0.0,0.0,0,0.1,0.0,-0.1,1.0,3.0,0.0,0.0,1.0
dd403465,21.0,31.0,289.0,79.0,15.0,19.0,4.0,6.0,1.0,4.0,0,0.0,0.0,0.0,1.0,1.0,0.0,0.0,3.0
c74d63ac,540.0,802.0,10000.0,4548.0,235.0,277.0,233.0,326.0,65.0,163.0,1,1.2,1.3,-0.2,22.0,78.0,20.0,13.0,97.0
18dd3219,308.0,372.0,6500.0,2102.0,101.0,110.0,149.0,165.0,55.0,85.0,0,0.0,0.2,0.0,1.0,20.0,0.0,0.0,22.0
822ed0ec,683.0,970.0,10990.0,5416.0,360.0,428.0,265.0,366.0,42.0,125.0,1,1.6,1.1,-0.6,15.0,43.0,10.0,5.0,75.0
71dc23da,107.0,205.0,2139.0,1170.0,36.0,58.0,55.0,93.0,16.0,42.0,1,0.4,0.4,0.6,8.0,15.0,11.0,9.0,15.0
9c435456,56.0,61.0,953.0,330.0,25.0,27.0,24.0,26.0,6.0,7.0,0,0.0,0.0,0.0,0.0,1.0,0.0,0.0,6.0
548bd0de,21.0,29.0,270.0,68.0,13.0,17.0,6.0,8.0,0.0,0.0,0,0.0,0.0,0.0,0.0,1.0,0.0,0.0,3.0
16ceb862,241.0,383.0,2929.0,611.0,152.0,231.0,61.0,89.0,6.0,12.0,4,3.2,1.6,0.8,20.0,11.0,5.0,0.0,30.0
f0f7f62f,96.0,126.0,2622.0,1774.0,18.0,18.0,42.0,42.0,36.0,66.0,0,0.0,0.0,0.0,0.0,1.0,0.0,0.0,0.0
f025eade,423.0,559.0,6638.0,1798.0,214.0,268.0,157.0,183.0,31.0,62.0,3,1.2,1.5,1.8,13.0,49.0,7.0,3.0,49.0
2374aaca,201.0,309.0,3499.0,792.0,86.0,127.0,91.0,113.0,18.0,39.0,1,1.2,0.8,-0.2,17.0,18.0,13.0,4.0,32.0
2d970560,241.0,331.0,3810.0,1518.0,128.0,141.0,96.0,133.0,12.0,36.0,0,0.8,1.5,-0.8,6.0,19.0,9.0,5.0,21.0
6cc97b6a,192.0,234.0,2778.0,906.0,109.0,123.0,59.0,72.0,11.0,24.0,0,0.1,0.1,-0.1,3.0,12.0,2.0,0.0,23.0
49136c42,14.0,15.0,251.0,52.0,6.0,6.0,8.0,8.0,0.0,0.0,0,0.0,0.0,0.0,0.0,0.0,0.0,0.0,0.0
f1f1f238,323.0,422.0,6871.0,3172.0,102.0,126.0,160.0,183.0,58.0,101.0,0,0.9,0.3,-0.9,8.0,31.0,1.0,1.0,36.0
f9758dae,402.0,496.0,4985.0,941.0,276.0,313.0,101.0,131.0,6.0,11.0,0,1.0,0.8,-1.0,14.0,10.0,8.0,0.0,27.0
0be276c6,365.0,424.0,6728.0,2638.0,134.0,149.0,184.0,200.0,41.0,65.0,0,0.0,0.1,0.0,1.0,27.0,0.0,0.0,30.0
9250bcff,61.0,89.0,774.0,128.0,36.0,49.0,15.0,22.0,3.0,3.0,0,0.2,0.1,-0.2,2.0,2.0,2.0,0.0,5.0
fa449bba,229.0,309.0,3731.0,1039.0,111.0,134.0,96.0,122.0,16.0,27.0,0,0.6,0.3,-0.6,6.0,23.0,5.0,0.0,28.0
74419746,307.0,345.0,7077.0,4823.0,92.0,93.0,144.0,145.0,70.0,103.0,0,0.0,0.0,0.0,0.0,6.0,0.0,0.0,0.0
65fd099c,114.0,145.0,1820.0,485.0,54.0,60.0,50.0,58.0,8.0,13.0,0,0.0,0.1,0.0,1.0,18.0,3.0,1.0,14.0
3b333ac3,561.0,703.0,8081.0,2853.0,342.0,379.0,171.0,221.0,31.0,60.0,1,1.5,1.4,-0.5,13.0,28.0,16.0,7.0,56.0
d7918b13,320.0,391.0,5255.0,1521.0,136.0,156.0,149.0,166.0,22.0,45.0,1,1.1,0.8,-0.1,14.0,21.0,9.0,8.0,28.0
ffed43e3,118.0,137.0,2402.0,1087.0,40.0,44.0,58.0,67.0,17.0,22.0,0,0.0,0.0,0.0,1.0,12.0,1.0,0.0,9.0
a2d9f138,387.0,456.0,6661.0,1823.0,176.0,200.0,154.0,169.0,43.0,55.0,0,1.0,0.7,-1.0,14.0,47.0,7.0,0.0,55.0
9ef42479,115.0,226.0,1405.0,437.0,71.0,124.0,19.0,46.0,7.0,12.0,0,1.1,0.5,-1.1,13.0,14.0,6.0,0.0,18.0
d4c9725f,801.0,1035.0,14055.0,4965.0,361.0,412.0,344.0,424.0,79.0,137.0,3,2.8,2.1,0.2,30.0,55.0,20.0,8.0,75.0
12806697,531.0,725.0,11116.0,4325.0,141.0,189.0,299.0,363.0,82.0,137.0,0,0.1,0.1,-0.1,2.0,32.0,2.0,1.0,43.0
d4456fb3,638.0,819.0,11893.0,3666.0,260.0,320.0,283.0,326.0,81.0,132.0,4,1.9,1.0,2.1,19.0,90.0,11.0,3.0,96.0
c2357b65,343.0,574.0,5202.0,1728.0,178.0,246.0,128.0,205.0,17.0,63.0,1,1.3,1.1,-0.3,13.0,30.0,12.0,5.0,40.0
b85bf253,166.0,212.0,3239.0,992.0,62.0,74.0,75.0,89.0,24.0,41.0,0,0.3,0.4,-0.3,3.0,18.0,2.0,1.0,24.0
d8800a46,160.0,207.0,2653.0,997.0,82.0,90.0,64.0,79.0,11.0,29.0,0,0.0,0.1,0.0,0.0,11.0,2.0,1.0,8.0
1f2d714c,75.0,94.0,1069.0,341.0,40.0,42.0,25.0,33.0,4.0,7.0,0,0.6,0.6,-0.6,3.0,1.0,5.0,1.0,8.0
2f3452eb,525.0,638.0,7826.0,3372.0,303.0,329.0,175.0,208.0,31.0,67.0,1,0.5,0.7,0.5,6.0,44.0,8.0,3.0,43.0
491a433d,212.0,285.0,2640.0,358.0,132.0,168.0,46.0,60.0,11.0,13.0,1,1.1,0.7,-0.1,19.0,13.0,7.0,0.0,26.0
82efe6fa,1111.0,1264.0,21095.0,7644.0,404.0,451.0,567.0,608.0,127.0,173.0,0,0.5,0.8,-0.5,4.0,53.0,3.0,0.0,56.0
4cde5509,7.0,9.0,104.0,15.0,4.0,6.0,3.0,3.0,0.0,0.0,0,0.0,0.0,0.0,0.0,1.0,0.0,0.0,1.0
a4e85758,787.0,888.0,16446.0,5296.0,220.0,232.0,454.0,481.0,107.0,154.0,0,0.2,0.2,-0.2,3.0,58.0,2.0,0.0,55.0
42eaa028,378.0,457.0,6353.0,1142.0,204.0,222.0,123.0,151.0,40.0,47.0,3,2.5,2.5,0.5,21.0,17.0,17.0,2.0,40.0
bb376bed,279.0,401.0,5107.0,1432.0,113.0,138.0,128.0,168.0,29.0,66.0,1,1.0,1.0,0.0,16.0,19.0,10.0,1.0,39.0
bb376bed,115.0,128.0,1818.0,365.0,58.0,64.0,48.0,53.0,6.0,6.0,1,0.1,0.2,0.9,1.0,7.0,2.0,2.0,8.0
ba492306,31.0,40.0,519.0,211.0,16.0,19.0,12.0,15.0,2.0,4.0,1,0.0,0.1,1.0,2.0,3.0,2.0,1.0,4.0
a47c6309,36.0,43.0,671.0,140.0,16.0,19.0,12.0,13.0,7.0,9.0,0,0.1,0.0,-0.1,1.0,6.0,2.0,0.0,8.0
a47c6309,7.0,8.0,110.0,13.0,5.0,6.0,1.0,1.0,1.0,1.0,0,0.0,0.0,0.0,0.0,1.0,0.0,0.0,0.0
4431aed2,296.0,404.0,3874.0,636.0,187.0,227.0,78.0,100.0,11.0,17.0,3,1.1,0.9,1.9,15.0,11.0,9.0,0.0,29.0
6b635f5c,580.0,693.0,11463.0,3601.0,168.0,184.0,359.0,399.0,50.0,87.0,0,0.1,0.1,-0.1,1.0,14.0,0.0,0.0,22.0
89976232,753.0,888.0,13672.0,4403.0,312.0,342.0,349.0,390.0,76.0,126.0,0,0.6,0.5,-0.6,9.0,52.0,5.0,1.0,63.0
8c65eb5f,23.0,29.0,401.0,166.0,10.0,13.0,9.0,9.0,3.0,4.0,0,0.0,0.1,0.0,1.0,1.0,1.0,0.0,4.0
4a537185,11.0,15.0,159.0,35.0,6.0,6.0,5.0,6.0,0.0,1.0,0,0.0,0.0,0.0,0.0,0.0,0.0,0.0,0.0
79083382,404.0,449.0,7398.0,2359.0,147.0,154.0,220.0,237.0,31.0,43.0,0,0.0,0.2,0.0,1.0,21.0,1.0,0.0,28.0
dc765618,35.0,48.0,648.0,280.0,14.0,19.0,14.0,16.0,6.0,11.0,0,0.3,0.2,-0.3,3.0,1.0,0.0,0.0,2.0
4d8cd038,159.0,214.0,2516.0,387.0,82.0,101.0,62.0,80.0,11.0,17.0,0,0.6,0.5,-0.6,15.0,9.0,3.0,0.0,16.0
570bb4b9,184.0,245.0,3077.0,823.0,87.0,101.0,68.0,83.0,20.0,34.0,3,1.8,0.8,1.2,17.0,17.0,7.0,3.0,26.0
f95f49d2,120.0,184.0,1740.0,475.0,69.0,88.0,35.0,61.0,8.0,13.0,1,1.4,0.8,-0.4,12.0,8.0,10.0,4.0,15.0
85f7d1be,1083.0,1250.0,20366.0,6933.0,394.0,434.0,589.0,639.0,92.0,152.0,0,1.0,0.7,-1.0,5.0,70.0,4.0,2.0,84.0
8b66d9cc,77.0,104.0,1055.0,171.0,51.0,59.0,22.0,29.0,2.0,5.0,0,0.2,0.1,-0.2,4.0,1.0,3.0,1.0,7.0
9f84febe,265.0,340.0,4638.0,1421.0,118.0,131.0,119.0,143.0,25.0,49.0,0,1.2,1.1,-1.2,6.0,12.0,11.0,1.0,24.0
7ae36711,143.0,192.0,2576.0,864.0,65.0,72.0,53.0,74.0,20.0,36.0,2,0.7,0.8,1.3,6.0,6.0,8.0,6.0,9.0
2a82aa85,120.0,165.0,1951.0,586.0,59.0,66.0,47.0,65.0,9.0,16.0,0,0.2,0.3,-0.2,5.0,15.0,3.0,0.0,19.0
3d50bcdb,108.0,150.0,1355.0,293.0,67.0,82.0,25.0,34.0,3.0,6.0,0,1.1,0.6,-1.1,8.0,6.0,5.0,1.0,11.0
dc3e663e,653.0,775.0,13165.0,4165.0,209.0,238.0,343.0,371.0,93.0,147.0,0,0.2,0.6,-0.2,4.0,25.0,5.0,0.0,37.0
8b8a56ce,371.0,429.0,8006.0,2801.0,105.0,119.0,194.0,206.0,69.0,99.0,0,0.0,0.1,0.0,0.0,32.0,1.0,0.0,31.0
a26fb8aa,931.0,1255.0,17055.0,6812.0,385.0,448.0,395.0,495.0,115.0,241.0,3,3.0,4.0,0.0,36.0,117.0,34.0,8.0,138.0
b1cd37e6,556.0,797.0,9429.0,3015.0,267.0,320.0,216.0,289.0,56.0,124.0,7,5.4,3.4,1.6,45.0,34.0,37.0,25.0,52.0
58e933d2,379.0,532.0,5705.0,1268.0,221.0,274.0,107.0,157.0,27.0,46.0,2,2.3,2.0,-0.3,28.0,25.0,24.0,6.0,43.0
9d60028d,134.0,167.0,2031.0,446.0,75.0,81.0,48.0,60.0,9.0,15.0,0,0.3,0.2,-0.3,5.0,3.0,4.0,1.0,17.0
b804c280,0.0,2.0,0.0,0.0,0.0,1.0,0.0,0.0,0.0,0.0,0,0.0,0.0,0.0,0.0,0.0,0.0,0.0,0.0
b4101c2e,1.0,2.0,23.0,5.0,0.0,1.0,1.0,1.0,0.0,0.0,0,0.0,0.0,0.0,0.0,0.0,0.0,0.0,1.0
817c6964,296.0,363.0,4549.0,1658.0,146.0,169.0,121.0,141.0,16.0,24.0,1,0.9,0.8,0.1,11.0,24.0,7.0,0.0,40.0
a40819d9,128.0,143.0,2347.0,595.0,47.0,48.0,71.0,75.0,8.0,15.0,0,0.1,0.0,-0.1,1.0,2.0,0.0,0.0,6.0
dea88efd,434.0,558.0,6184.0,1210.0,274.0,305.0,106.0,144.0,31.0,57.0,9,6.1,4.7,2.9,32.0,22.0,22.0,4.0,42.0
0a483542,54.0,74.0,832.0,445.0,29.0,32.0,15.0,23.0,5.0,11.0,0,0.1,0.1,-0.1,1.0,5.0,5.0,2.0,7.0
0a483542,300.0,391.0,5430.0,2158.0,148.0,165.0,103.0,125.0,44.0,81.0,1,1.4,0.9,-0.4,14.0,23.0,14.0,9.0,32.0
c283ddef,110.0,165.0,1449.0,343.0,74.0,98.0,28.0,43.0,3.0,3.0,1,1.0,0.6,0.0,10.0,8.0,5.0,1.0,10.0
c283ddef,143.0,230.0,1814.0,451.0,94.0,129.0,41.0,60.0,1.0,5.0,1,0.7,0.3,0.3,10.0,13.0,4.0,0.0,19.0
09538fdb,129.0,210.0,1939.0,449.0,65.0,96.0,45.0,67.0,6.0,12.0,2,1.5,0.3,0.5,12.0,9.0,6.0,0.0,16.0
2d22cea7,379.0,520.0,5816.0,1780.0,217.0,244.0,120.0,165.0,26.0,63.0,3,4.7,2.7,-1.7,47.0,27.0,29.0,7.0,54.0
016ff750,524.0,695.0,8590.0,3209.0,263.0,297.0,194.0,255.0,48.0,99.0,2,2.3,2.2,-0.3,22.0,37.0,16.0,8.0,58.0
93088fbb,1.0,1.0,18.0,0.0,0.0,0.0,1.0,1.0,0.0,0.0,0,0.0,0.0,0.0,0.0,0.0,0.0,0.0,0.0
5128bde4,371.0,588.0,6103.0,2593.0,184.0,233.0,136.0,194.0,37.0,98.0,4,4.0,3.5,0.0,27.0,32.0,26.0,11.0,57.0
02caf6e0,705.0,798.0,9725.0,3494.0,419.0,446.0,231.0,265.0,24.0,33.0,0,0.5,0.5,-0.5,8.0,30.0,9.0,5.0,39.0
20730eae,384.0,529.0,6818.0,2124.0,181.0,236.0,144.0,183.0,49.0,70.0,6,5.2,4.0,0.8,36.0,48.0,39.0,10.0,81.0
7d3cbc67,402.0,605.0,5916.0,2095.0,238.0,283.0,115.0,183.0,30.0,66.0,1,1.0,0.8,0.0,13.0,31.0,12.0,4.0,38.0
d023d70f,610.0,713.0,10122.0,2312.0,289.0,328.0,261.0,284.0,43.0,60.0,0,0.7,0.7,-0.7,16.0,57.0,4.0,1.0,52.0
a3695ac2,16.0,24.0,204.0,71.0,14.0,16.0,0.0,3.0,1.0,4.0,0,0.0,0.0,0.0,0.0,0.0,0.0,0.0,1.0
bba30585,0.0,0.0,0.0,0.0,0.0,0.0,0.0,0.0,0.0,0.0,0,0.0,0.0,0.0,0.0,0.0,0.0,0.0,0.0
e1cbb531,1383.0,1467.0,22649.0,5603.0,693.0,721.0,544.0,570.0,109.0,126.0,1,0.7,0.7,0.3,11.0,136.0,9.0,0.0,106.0
a8a874f1,722.0,899.0,13427.0,4526.0,323.0,371.0,283.0,329.0,99.0,150.0,0,0.9,0.7,-0.9,11.0,93.0,8.0,0.0,84.0
c8ad0857,395.0,504.0,7184.0,2702.0,151.0,168.0,218.0,247.0,24.0,75.0,1,1.0,0.2,0.0,4.0,33.0,3.0,1.0,53.0
7c104bb7,406.0,536.0,5612.0,1642.0,230.0,269.0,122.0,162.0,21.0,38.0,4,5.6,4.3,-1.6,31.0,25.0,26.0,4.0,63.0
20094685,763.0,874.0,13147.0,4729.0,352.0,384.0,313.0,356.0,79.0,102.0,0,1.4,1.1,-1.4,17.0,99.0,6.0,2.0,115.0
5fa57166,167.0,195.0,3129.0,1147.0,61.0,66.0,86.0,99.0,17.0,24.0,0,0.0,0.0,0.0,0.0,7.0,0.0,0.0,7.0
966eea58,465.0,586.0,7644.0,2150.0,231.0,261.0,153.0,188.0,50.0,91.0,2,1.9,1.9,0.1,24.0,62.0,18.0,7.0,66.0
a69e4806,302.0,410.0,4410.0,1232.0,166.0,193.0,101.0,133.0,21.0,37.0,3,2.9,2.6,0.1,23.0,20.0,30.0,16.0,42.0
80490d7f,887.0,1024.0,16786.0,5837.0,358.0,378.0,403.0,441.0,113.0,162.0,1,0.2,0.3,0.8,4.0,52.0,5.0,1.0,45.0
921f6058,242.0,299.0,4385.0,1747.0,95.0,110.0,124.0,140.0,22.0,37.0,0,0.3,0.2,-0.3,2.0,11.0,2.0,1.0,18.0
5eae500a,90.0,140.0,1139.0,193.0,53.0,72.0,21.0,30.0,5.0,10.0,1,1.1,1.0,-0.1,9.0,3.0,7.0,1.0,12.0
c6e8cf1f,627.0,732.0,11788.0,2410.0,232.0,265.0,307.0,339.0,78.0,102.0,0,1.4,1.3,-1.4,16.0,54.0,8.0,3.0,44.0
997fff07,882.0,1019.0,16806.0,6026.0,295.0,311.0,479.0,521.0,90.0,159.0,0,0.6,0.3,-0.6,3.0,40.0,2.0,1.0,49.0
5efc5389,448.0,631.0,7647.0,3157.0,213.0,238.0,190.0,252.0,37.0,97.0,0,1.3,1.2,-1.3,16.0,44.0,16.0,11.0,52.0
957e4c87,283.0,369.0,4922.0,1293.0,127.0,160.0,119.0,134.0,29.0,51.0,0,0.5,0.6,-0.5,3.0,30.0,11.0,0.0,46.0
cce9f582,140.0,200.0,3082.0,1087.0,43.0,57.0,68.0,83.0,26.0,51.0,0,0.1,0.0,-0.1,2.0,12.0,2.0,0.0,13.0
fcb38f57,217.0,285.0,5903.0,3830.0,36.0,36.0,109.0,110.0,71.0,135.0,0,0.0,0.0,0.0,0.0,8.0,0.0,0.0,0.0
22bfb57e,264.0,316.0,3718.0,884.0,167.0,180.0,79.0,96.0,9.0,13.0,1,0.5,0.4,0.5,5.0,19.0,6.0,1.0,36.0
2bffcbf2,2.0,2.0,19.0,16.0,2.0,2.0,0.0,0.0,0.0,0.0,0,0.0,0.0,0.0,0.0,0.0,0.0,0.0,0.0
801831fe,82.0,112.0,1117.0,215.0,45.0,55.0,24.0,31.0,5.0,11.0,0,0.1,0.2,-0.1,2.0,6.0,3.0,1.0,5.0
4c8845f7,95.0,116.0,1462.0,376.0,55.0,63.0,31.0,35.0,7.0,12.0,0,0.6,0.4,-0.6,6.0,8.0,5.0,2.0,11.0
4c8845f7,65.0,89.0,1000.0,313.0,36.0,43.0,21.0,30.0,5.0,9.0,0,0.1,0.1,-0.1,2.0,9.0,1.0,0.0,9.0
48d5bd33,248.0,332.0,4851.0,1645.0,106.0,123.0,97.0,121.0,39.0,64.0,2,2.0,1.3,0.0,13.0,36.0,15.0,0.0,50.0
5aa53281,938.0,1165.0,18139.0,6665.0,351.0,388.0,456.0,514.0,120.0,230.0,2,1.2,0.9,0.8,11.0,72.0,9.0,3.0,58.0
c7259b83,471.0,581.0,9112.0,2950.0,181.0,211.0,212.0,240.0,62.0,93.0,2,2.1,2.4,-0.1,19.0,64.0,10.0,3.0,88.0
f794b426,14.0,18.0,316.0,175.0,6.0,6.0,4.0,4.0,4.0,8.0,0,0.0,0.0,0.0,0.0,0.0,0.0,0.0,0.0
91d0fabf,84.0,107.0,1495.0,506.0,40.0,43.0,36.0,43.0,8.0,20.0,1,0.4,0.1,0.6,2.0,7.0,2.0,1.0,7.0
8650af85,705.0,829.0,14566.0,5175.0,206.0,226.0,385.0,425.0,105.0,157.0,0,0.0,0.1,0.0,1.0,42.0,2.0,0.0,55.0
aa54ec6f,733.0,842.0,15153.0,5864.0,200.0,227.0,421.0,447.0,105.0,150.0,0,0.0,0.2,0.0,1.0,49.0,1.0,0.0,33.0
7fac99d4,808.0,1005.0,14338.0,5142.0,362.0,378.0,319.0,380.0,96.0,175.0,2,1.7,2.0,0.3,32.0,65.0,17.0,4.0,71.0
cdf65d12,704.0,764.0,12432.0,4327.0,286.0,306.0,367.0,385.0,45.0,59.0,0,0.3,0.5,-0.3,1.0,60.0,5.0,2.0,48.0
ea468ea8,78.0,84.0,1371.0,634.0,34.0,35.0,39.0,41.0,5.0,8.0,0,0.0,0.0,0.0,0.0,0.0,0.0,0.0,4.0
f7036e1c,351.0,485.0,5379.0,1325.0,177.0,239.0,121.0,150.0,25.0,33.0,3,3.4,2.0,-0.4,33.0,30.0,16.0,0.0,62.0
3ec3c1c9,789.0,970.0,17388.0,6917.0,217.0,250.0,423.0,471.0,140.0,217.0,1,0.4,0.6,0.6,5.0,71.0,4.0,0.0,77.0
d4535821,1252.0,1453.0,19143.0,7539.0,698.0,758.0,435.0,502.0,84.0,131.0,2,1.2,1.1,0.8,8.0,82.0,5.0,3.0,88.0
de0f152c,183.0,238.0,4127.0,1818.0,54.0,62.0,89.0,108.0,38.0,62.0,0,0.1,0.2,-0.1,1.0,15.0,4.0,3.0,13.0
eb7822d7,740.0,871.0,13016.0,3731.0,334.0,355.0,297.0,343.0,81.0,126.0,1,1.2,1.0,-0.2,13.0,87.0,9.0,1.0,80.0
3318286e,3.0,4.0,98.0,90.0,1.0,1.0,0.0,0.0,2.0,3.0,0,0.0,0.0,0.0,0.0,0.0,0.0,0.0,0.0
eb0ec070,440.0,590.0,7305.0,2378.0,224.0,248.0,163.0,215.0,40.0,81.0,2,2.2,1.7,-0.2,26.0,27.0,16.0,9.0,38.0
01c3aff5,336.0,418.0,5385.0,1516.0,175.0,207.0,125.0,147.0,28.0,38.0,1,0.7,0.9,0.3,8.0,23.0,6.0,4.0,39.0
563a68ad,833.0,942.0,15438.0,5299.0,326.0,353.0,387.0,412.0,98.0,144.0,1,0.3,0.4,0.7,4.0,58.0,4.0,0.0,49.0
5cec2c74,442.0,536.0,7300.0,1958.0,228.0,256.0,171.0,192.0,34.0,59.0,1,0.3,0.3,0.7,7.0,42.0,15.0,3.0,53.0
9413b19f,578.0,666.0,13465.0,8160.0,137.0,137.0,293.0,296.0,145.0,230.0,0,0.0,0.0,0.0,0.0,1.0,0.0,0.0,0.0
c730da00,2.0,3.0,38.0,8.0,1.0,1.0,0.0,0.0,1.0,1.0,0,0.0,0.0,0.0,0.0,0.0,0.0,0.0,0.0
f49c4ae9,287.0,385.0,4522.0,1170.0,157.0,187.0,107.0,135.0,18.0,37.0,2,0.5,0.8,1.5,9.0,25.0,3.0,1.0,36.0
b2561711,10.0,14.0,182.0,41.0,4.0,5.0,3.0,5.0,2.0,3.0,0,0.2,0.1,-0.2,3.0,3.0,0.0,0.0,2.0
bee704fc,773.0,899.0,15146.0,4494.0,269.0,297.0,408.0,455.0,90.0,129.0,1,0.5,0.8,0.5,6.0,46.0,2.0,0.0,55.0
85613cf0,218.0,279.0,3030.0,498.0,130.0,154.0,68.0,82.0,7.0,13.0,1,1.1,0.6,-0.1,8.0,10.0,6.0,0.0,20.0
4e6dbac4,903.0,1227.0,14297.0,4053.0,500.0,611.0,291.0,373.0,80.0,152.0,8,6.1,3.2,1.9,33.0,96.0,32.0,3.0,111.0
9fa26bc2,625.0,1077.0,20398.0,14756.0,69.0,70.0,309.0,316.0,245.0,680.0,0,0.0,0.1,0.0,0.0,57.0,2.0,0.0,0.0
e0f8151c,1629.0,1809.0,29940.0,11248.0,639.0,688.0,816.0,864.0,147.0,205.0,1,1.6,0.5,-0.6,9.0,119.0,5.0,1.0,102.0
a9aa0d1d,453.0,558.0,7133.0,1779.0,238.0,268.0,152.0,178.0,37.0,70.0,3,3.1,2.6,-0.1,35.0,47.0,26.0,5.0,72.0
34693494,261.0,369.0,4095.0,1074.0,141.0,173.0,93.0,122.0,18.0,45.0,1,1.0,0.9,0.0,12.0,25.0,8.0,1.0,35.0
dd0daf32,619.0,716.0,10154.0,2448.0,306.0,330.0,238.0,274.0,52.0,68.0,1,1.9,2.0,-0.9,15.0,63.0,22.0,8.0,90.0
54ab971f,86.0,114.0,1260.0,424.0,49.0,55.0,36.0,45.0,1.0,8.0,0,0.1,0.3,-0.1,2.0,4.0,5.0,4.0,7.0
ca73910d,23.0,40.0,228.0,22.0,14.0,20.0,4.0,8.0,0.0,3.0,0,0.2,0.3,-0.2,4.0,1.0,0.0,0.0,0.0
c1d95617,487.0,777.0,18303.0,15147.0,56.0,57.0,169.0,173.0,259.0,542.0,0,0.0,0.1,0.0,0.0,38.0,1.0,0.0,0.0
ff579c7e,210.0,281.0,4121.0,1378.0,79.0,106.0,90.0,107.0,37.0,53.0,2,0.7,0.4,1.3,7.0,33.0,5.0,1.0,37.0
efc9e31f,246.0,362.0,3515.0,466.0,148.0,190.0,77.0,111.0,11.0,19.0,0,1.4,1.1,-1.4,15.0,11.0,8.0,4.0,19.0
a0aee24e,30.0,42.0,405.0,162.0,18.0,20.0,9.0,12.0,1.0,6.0,0,0.0,0.0,0.0,1.0,4.0,0.0,0.0,1.0
1295552e,1.0,1.0,11.0,0.0,1.0,1.0,0.0,0.0,0.0,0.0,0,0.0,0.0,0.0,0.0,0.0,0.0,0.0,0.0
eb2fe5b6,170.0,273.0,2857.0,887.0,89.0,124.0,55.0,80.0,18.0,44.0,2,2.3,2.1,-0.3,16.0,13.0,20.0,3.0,39.0
b233e8e4,353.0,438.0,7136.0,2681.0,111.0,123.0,195.0,223.0,45.0,80.0,0,0.0,0.1,0.0,1.0,27.0,1.0,0.0,31.0
d183e9d6,126.0,176.0,2291.0,1225.0,51.0,59.0,58.0,74.0,13.0,32.0,0,0.1,0.3,-0.1,2.0,13.0,3.0,2.0,16.0
a111cf41,409.0,551.0,11677.0,8283.0,74.0,74.0,185.0,187.0,147.0,284.0,0,0.1,0.0,-0.1,1.0,0.0,0.0,0.0,0.0
c459a650,698.0,856.0,9625.0,3374.0,451.0,500.0,197.0,242.0,26.0,52.0,1,1.6,1.8,-0.6,22.0,45.0,29.0,6.0,85.0
599d91d0,112.0,130.0,1658.0,442.0,61.0,69.0,44.0,50.0,5.0,6.0,0,0.0,0.0,0.0,1.0,6.0,0.0,0.0,8.0
5cdddffa,381.0,425.0,5209.0,1270.0,240.0,259.0,108.0,112.0,14.0,23.0,0,0.4,0.5,-0.4,8.0,30.0,8.0,0.0,43.0
b1236c63,25.0,34.0,297.0,73.0,20.0,23.0,5.0,8.0,0.0,1.0,1,0.3,0.3,0.7,1.0,2.0,0.0,0.0,5.0
2b8360f1,47.0,71.0,804.0,309.0,18.0,27.0,22.0,25.0,5.0,9.0,0,0.3,0.4,-0.3,4.0,5.0,6.0,4.0,10.0
b136c945,148.0,196.0,2587.0,766.0,58.0,71.0,69.0,84.0,12.0,22.0,0,0.0,0.1,0.0,2.0,14.0,0.0,0.0,17.0
cf961d8d,874.0,1074.0,15984.0,6753.0,366.0,396.0,391.0,440.0,95.0,197.0,0,0.5,0.5,-0.5,5.0,69.0,2.0,1.0,70.0
e33f36d5,113.0,139.0,2516.0,1038.0,24.0,27.0,67.0,75.0,20.0,32.0,0,0.0,0.0,0.0,0.0,4.0,1.0,0.0,4.0
e33f36d5,254.0,299.0,4843.0,1676.0,78.0,89.0,151.0,162.0,22.0,40.0,0,0.0,0.0,0.0,1.0,11.0,0.0,0.0,12.0
a4948e67,291.0,369.0,3596.0,585.0,197.0,235.0,68.0,85.0,5.0,6.0,1,1.4,1.7,-0.4,16.0,19.0,12.0,2.0,35.0
ba1e04b3,257.0,309.0,4834.0,1643.0,121.0,142.0,98.0,109.0,35.0,47.0,1,0.2,0.1,0.8,2.0,16.0,0.0,0.0,27.0
1e9bde92,154.0,263.0,5258.0,4013.0,15.0,15.0,65.0,67.0,74.0,179.0,0,0.0,0.0,0.0,0.0,5.0,0.0,0.0,0.0
d125f22f,248.0,363.0,4205.0,1020.0,122.0,165.0,91.0,113.0,27.0,38.0,0,1.0,0.9,-1.0,17.0,22.0,19.0,5.0,58.0
8ec109e6,297.0,387.0,5230.0,2068.0,127.0,155.0,134.0,164.0,27.0,43.0,0,0.0,0.0,0.0,0.0,9.0,1.0,0.0,13.0
41c12f75,511.0,590.0,6900.0,2231.0,342.0,368.0,124.0,145.0,26.0,41.0,1,1.2,0.8,-0.2,13.0,43.0,7.0,2.0,36.0
e9c0c1b2,489.0,616.0,12042.0,8045.0,127.0,127.0,228.0,234.0,131.0,251.0,0,0.0,0.0,0.0,1.0,6.0,0.0,0.0,2.0
43a166b4,75.0,117.0,979.0,227.0,44.0,58.0,20.0,35.0,3.0,7.0,1,0.9,0.3,0.1,8.0,4.0,3.0,0.0,9.0
e14ec482,370.0,595.0,7169.0,2172.0,174.0,240.0,108.0,172.0,68.0,125.0,3,2.0,1.8,1.0,30.0,35.0,9.0,4.0,46.0
8c90fd7a,169.0,237.0,2338.0,316.0,99.0,121.0,45.0,65.0,10.0,13.0,3,1.7,1.2,1.3,19.0,14.0,5.0,0.0,16.0
ea02beaf,113.0,195.0,2182.0,734.0,48.0,64.0,34.0,59.0,23.0,49.0,0,0.4,0.2,-0.4,5.0,16.0,1.0,1.0,19.0
ed90babd,13.0,17.0,297.0,80.0,6.0,7.0,2.0,3.0,5.0,5.0,0,0.0,0.0,0.0,0.0,2.0,1.0,0.0,4.0
8daee720,7.0,9.0,105.0,27.0,4.0,5.0,3.0,3.0,0.0,1.0,0,0.0,0.0,0.0,0.0,2.0,0.0,0.0,1.0
3d6cee81,38.0,47.0,733.0,181.0,15.0,18.0,18.0,18.0,5.0,5.0,0,0.0,0.0,0.0,1.0,1.0,0.0,0.0,4.0
dff153a4,360.0,404.0,6693.0,2517.0,153.0,162.0,151.0,161.0,51.0,71.0,0,0.7,1.1,-0.7,8.0,36.0,7.0,2.0,39.0
0967845b,757.0,999.0,12147.0,5868.0,396.0,444.0,290.0,379.0,53.0,111.0,0,1.2,1.1,-1.2,16.0,57.0,27.0,9.0,90.0
e599253a,313.0,386.0,4898.0,1330.0,164.0,193.0,110.0,126.0,26.0,42.0,2,1.6,1.0,0.4,10.0,30.0,12.0,1.0,51.0
f7223718,650.0,728.0,13557.0,4124.0,213.0,231.0,279.0,295.0,133.0,175.0,0,0.0,0.1,0.0,1.0,23.0,3.0,0.0,22.0
79b0d6a0,478.0,612.0,12422.0,8230.0,107.0,107.0,224.0,227.0,145.0,274.0,0,0.0,0.0,0.0,0.0,4.0,0.0,0.0,0.0
3ca7254a,520.0,650.0,7216.0,1559.0,328.0,362.0,134.0,183.0,27.0,55.0,2,1.5,1.1,0.5,13.0,28.0,17.0,1.0,40.0
f058ed1f,64.0,77.0,1652.0,1058.0,13.0,13.0,31.0,32.0,19.0,31.0,0,0.0,0.0,0.0,0.0,0.0,0.0,0.0,0.0
a44d3a3c,42.0,58.0,526.0,30.0,28.0,37.0,11.0,12.0,1.0,3.0,0,0.5,0.4,-0.5,4.0,2.0,2.0,0.0,5.0
4a5a45c7,562.0,755.0,9743.0,2980.0,260.0,304.0,195.0,243.0,79.0,156.0,5,4.9,3.9,0.1,45.0,45.0,15.0,2.0,72.0
7afb1573,349.0,430.0,5894.0,1641.0,169.0,190.0,151.0,175.0,21.0,39.0,1,1.1,1.0,-0.1,6.0,42.0,13.0,2.0,52.0
75f2c59f,651.0,820.0,9987.0,3430.0,355.0,391.0,226.0,286.0,43.0,70.0,6,3.4,4.0,2.6,27.0,54.0,32.0,6.0,103.0
f7c491f1,1016.0,1190.0,20224.0,7363.0,366.0,396.0,483.0,535.0,146.0,224.0,0,0.3,0.4,-0.3,7.0,79.0,6.0,3.0,81.0
4c62d0c8,202.0,276.0,4867.0,3162.0,47.0,48.0,112.0,112.0,43.0,115.0,0,0.0,0.0,0.0,0.0,6.0,0.0,0.0,1.0
780e3631,995.0,1181.0,16635.0,4705.0,477.0,533.0,416.0,460.0,76.0,106.0,2,1.4,1.6,0.6,17.0,106.0,26.0,2.0,129.0
03f946ed,198.0,275.0,2923.0,453.0,125.0,154.0,52.0,81.0,11.0,16.0,4,2.9,1.3,1.1,17.0,15.0,5.0,0.0,19.0
149c5f5d,296.0,376.0,4803.0,1879.0,148.0,166.0,123.0,154.0,20.0,39.0,1,0.4,0.2,0.6,3.0,30.0,8.0,2.0,49.0
17f3620a,248.0,355.0,3415.0,487.0,145.0,192.0,73.0,96.0,13.0,23.0,2,1.2,0.5,0.8,14.0,17.0,7.0,0.0,24.0
1cadaf34,13.0,25.0,178.0,55.0,8.0,12.0,3.0,6.0,1.0,4.0,0,0.2,0.0,-0.2,1.0,1.0,0.0,0.0,0.0
1cadaf34,15.0,22.0,188.0,61.0,10.0,12.0,4.0,6.0,0.0,1.0,0,0.0,0.0,0.0,0.0,0.0,0.0,0.0,2.0
f71ad8cb,505.0,655.0,7996.0,2358.0,262.0,320.0,190.0,227.0,36.0,61.0,0,0.9,0.9,-0.9,12.0,62.0,9.0,0.0,80.0
08aa9cd1,202.0,319.0,2462.0,384.0,138.0,185.0,41.0,77.0,6.0,14.0,0,1.1,1.2,-1.1,12.0,11.0,11.0,2.0,19.0
caec77da,325.0,412.0,6148.0,1940.0,120.0,138.0,171.0,202.0,31.0,54.0,0,0.0,0.0,0.0,1.0,20.0,1.0,0.0,20.0
2c38b327,154.0,194.0,2422.0,603.0,81.0,98.0,51.0,65.0,14.0,20.0,0,0.3,0.4,-0.3,8.0,15.0,7.0,3.0,14.0
55a1cac2,169.0,224.0,2897.0,695.0,78.0,99.0,71.0,82.0,17.0,29.0,0,0.2,0.5,-0.2,4.0,15.0,4.0,1.0,18.0
867239d3,5.0,10.0,41.0,21.0,4.0,6.0,0.0,0.0,0.0,0.0,0,0.0,0.0,0.0,0.0,0.0,0.0,0.0,0.0
5e861944,339.0,472.0,5334.0,1843.0,194.0,218.0,101.0,142.0,29.0,63.0,3,3.2,1.9,-0.2,27.0,20.0,20.0,3.0,50.0
2a6cd437,296.0,361.0,6388.0,2314.0,73.0,94.0,171.0,195.0,47.0,63.0,0,0.1,0.0,-0.1,2.0,16.0,2.0,0.0,19.0
7f609bfc,737.0,983.0,13176.0,6008.0,336.0,387.0,312.0,374.0,71.0,164.0,1,1.2,1.2,-0.2,15.0,68.0,17.0,4.0,86.0
277da414,693.0,873.0,19231.0,13989.0,139.0,139.0,261.0,270.0,288.0,455.0,0,0.0,0.1,0.0,1.0,15.0,1.0,0.0,0.0
62437b4f,34.0,56.0,404.0,91.0,25.0,32.0,7.0,12.0,0.0,4.0,0,0.2,0.1,-0.2,2.0,2.0,0.0,0.0,1.0
88f53b75,14.0,20.0,220.0,6.0,8.0,11.0,5.0,6.0,1.0,2.0,0,0.0,0.0,0.0,0.0,0.0,0.0,0.0,0.0
ee4f2f3b,72.0,108.0,1101.0,281.0,34.0,40.0,23.0,33.0,6.0,15.0,0,0.2,0.4,-0.2,2.0,8.0,4.0,0.0,12.0
1b9c7401,153.0,249.0,2576.0,1123.0,77.0,88.0,63.0,98.0,11.0,44.0,0,0.4,0.5,-0.4,6.0,16.0,8.0,6.0,23.0
8794e251,557.0,684.0,8879.0,2465.0,291.0,332.0,196.0,239.0,47.0,64.0,2,1.5,1.3,0.5,19.0,56.0,15.0,1.0,81.0
0630eb63,193.0,309.0,2842.0,781.0,120.0,156.0,44.0,74.0,19.0,43.0,1,1.4,1.6,-0.4,12.0,12.0,10.0,4.0,27.0
023937a9,214.0,265.0,4318.0,1602.0,75.0,84.0,105.0,115.0,32.0,57.0,0,0.0,0.1,0.0,1.0,19.0,0.0,0.0,16.0
67f649be,221.0,336.0,6117.0,4391.0,51.0,52.0,100.0,102.0,69.0,177.0,0,0.4,0.1,-0.4,2.0,10.0,2.0,0.0,0.0
ce1a6c7e,3.0,4.0,21.0,3.0,2.0,3.0,0.0,0.0,0.0,0.0,0,0.0,0.0,0.0,0.0,1.0,0.0,0.0,0.0
8c63fae5,116.0,148.0,2283.0,716.0,34.0,36.0,69.0,75.0,13.0,32.0,0,0.0,0.0,0.0,1.0,9.0,0.0,0.0,5.0
539230cf,16.0,19.0,347.0,109.0,2.0,2.0,11.0,12.0,2.0,4.0,0,0.0,0.0,0.0,0.0,2.0,0.0,0.0,0.0
d9ebed1c,185.0,236.0,3607.0,1077.0,76.0,88.0,77.0,92.0,29.0,44.0,0,0.4,0.4,-0.4,7.0,21.0,6.0,1.0,24.0
6e058f06,227.0,299.0,3520.0,572.0,117.0,140.0,77.0,91.0,16.0,37.0,0,0.6,0.6,-0.6,8.0,8.0,5.0,0.0,17.0
6e058f06,10.0,12.0,207.0,33.0,2.0,2.0,6.0,7.0,1.0,2.0,0,0.0,0.0,0.0,0.0,1.0,0.0,0.0,2.0
536cebe5,94.0,176.0,1501.0,475.0,53.0,71.0,26.0,53.0,9.0,21.0,2,1.5,0.8,0.5,9.0,11.0,5.0,1.0,16.0
6213fd82,559.0,808.0,9570.0,3979.0,270.0,334.0,211.0,275.0,62.0,140.0,1,1.0,1.3,0.0,14.0,46.0,21.0,16.0,54.0
4bd00a50,44.0,56.0,781.0,321.0,20.0,23.0,20.0,24.0,4.0,7.0,0,0.0,0.0,0.0,1.0,3.0,0.0,0.0,2.0
f61c7c4e,19.0,22.0,235.0,19.0,11.0,12.0,7.0,8.0,0.0,0.0,0,0.0,0.0,0.0,0.0,2.0,0.0,0.0,1.0
9823be92,632.0,712.0,10769.0,2571.0,288.0,318.0,275.0,293.0,47.0,62.0,1,1.0,1.0,0.0,8.0,65.0,8.0,1.0,64.0
f1cfc209,563.0,698.0,9522.0,2789.0,276.0,314.0,214.0,253.0,56.0,99.0,2,1.0,1.2,1.0,15.0,78.0,15.0,3.0,77.0
1d4e63b6,14.0,21.0,215.0,66.0,6.0,10.0,6.0,7.0,1.0,1.0,0,0.0,0.0,0.0,1.0,2.0,0.0,0.0,3.0
7f78ad23,843.0,1022.0,15202.0,5281.0,370.0,403.0,382.0,432.0,77.0,151.0,0,0.8,1.3,-0.8,14.0,75.0,13.0,5.0,84.0
10e7f486,1006.0,1276.0,18093.0,7046.0,468.0,505.0,398.0,485.0,121.0,217.0,2,1.1,1.2,0.9,12.0,74.0,32.0,17.0,105.0
3ead85f9,924.0,1039.0,15988.0,6213.0,417.0,445.0,389.0,422.0,89.0,129.0,0,0.1,0.2,-0.1,2.0,44.0,3.0,0.0,34.0
ca6edaa0,70.0,80.0,800.0,152.0,56.0,60.0,10.0,12.0,1.0,2.0,0,0.1,0.1,-0.1,2.0,2.0,0.0,0.0,4.0
2a1beb34,832.0,1013.0,15482.0,4580.0,329.0,369.0,397.0,467.0,87.0,132.0,1,0.3,0.6,0.7,8.0,75.0,7.0,0.0,82.0
e58cbfd5,744.0,849.0,13899.0,3540.0,311.0,335.0,327.0,358.0,96.0,127.0,0,1.0,1.0,-1.0,14.0,73.0,11.0,2.0,65.0
e58cbfd5,22.0,25.0,448.0,82.0,7.0,8.0,11.0,12.0,3.0,4.0,0,0.0,0.0,0.0,0.0,3.0,0.0,0.0,1.0
4b3e1a38,1147.0,1261.0,23299.0,8148.0,351.0,378.0,617.0,644.0,158.0,206.0,1,0.7,0.3,0.3,8.0,72.0,2.0,0.0,75.0
a378a02a,367.0,414.0,7359.0,1909.0,100.0,111.0,228.0,246.0,35.0,46.0,0,0.0,0.0,0.0,0.0,6.0,0.0,0.0,7.0
14b8fcdf,169.0,193.0,3500.0,974.0,43.0,47.0,114.0,121.0,12.0,25.0,0,0.0,0.0,0.0,0.0,7.0,0.0,0.0,5.0
ae9898c5,266.0,330.0,4361.0,1848.0,143.0,163.0,96.0,118.0,21.0,33.0,0,0.4,0.3,-0.4,4.0,21.0,8.0,4.0,29.0
0b5a292a,1224.0,1509.0,22472.0,7672.0,588.0,643.0,457.0,544.0,161.0,264.0,6,3.5,3.6,2.5,43.0,128.0,46.0,14.0,132.0
4830e0af,286.0,427.0,5120.0,1516.0,130.0,162.0,109.0,152.0,37.0,81.0,0,1.4,1.2,-1.4,14.0,41.0,12.0,0.0,47.0
ee251371,221.0,293.0,3250.0,948.0,120.0,151.0,77.0,99.0,12.0,18.0,1,1.1,1.7,-0.1,7.0,18.0,14.0,6.0,24.0
da5a981b,36.0,46.0,589.0,199.0,20.0,21.0,13.0,15.0,3.0,5.0,0,0.0,0.1,0.0,1.0,4.0,2.0,0.0,6.0
217c93a1,386.0,489.0,7498.0,2403.0,167.0,178.0,132.0,161.0,74.0,125.0,2,2.6,1.8,-0.6,29.0,46.0,12.0,2.0,63.0
24eb7ed6,205.0,250.0,3029.0,1237.0,114.0,127.0,71.0,83.0,10.0,23.0,0,0.8,0.4,-0.8,3.0,10.0,8.0,1.0,21.0
0a447501,287.0,374.0,3917.0,481.0,180.0,217.0,78.0,104.0,11.0,14.0,1,1.8,0.7,-0.8,12.0,19.0,8.0,0.0,26.0
4295f19c,9.0,12.0,171.0,27.0,4.0,5.0,2.0,4.0,2.0,2.0,0,0.0,0.0,0.0,0.0,0.0,0.0,0.0,0.0
0d82903c,848.0,978.0,15441.0,5052.0,355.0,385.0,389.0,426.0,90.0,129.0,1,0.9,0.6,0.1,9.0,67.0,4.0,2.0,79.0
7eb97a8e,83.0,114.0,1128.0,230.0,45.0,55.0,24.0,31.0,4.0,9.0,0,0.0,0.2,0.0,1.0,4.0,2.0,0.0,6.0
3bb7af3b,244.0,330.0,3467.0,955.0,159.0,185.0,65.0,90.0,10.0,23.0,2,2.9,1.8,-0.9,15.0,19.0,21.0,4.0,38.0
86383d0e,210.0,311.0,2814.0,528.0,117.0,155.0,65.0,96.0,9.0,20.0,1,1.2,1.3,-0.2,13.0,15.0,7.0,1.0,19.0
1e9aa637,663.0,835.0,10940.0,4833.0,344.0,391.0,248.0,289.0,56.0,116.0,0,0.1,0.5,-0.1,3.0,76.0,10.0,2.0,92.0
2cfae697,598.0,710.0,9849.0,3029.0,301.0,339.0,230.0,270.0,51.0,67.0,2,1.1,0.7,0.9,9.0,62.0,4.0,0.0,71.0
e613313c,612.0,698.0,12119.0,3689.0,181.0,200.0,367.0,395.0,59.0,83.0,2,0.4,0.5,1.6,5.0,18.0,1.0,0.0,38.0
16463a79,88.0,117.0,1210.0,248.0,57.0,62.0,28.0,37.0,2.0,5.0,0,0.2,0.2,-0.2,5.0,6.0,3.0,0.0,12.0
3cb132e6,8.0,9.0,103.0,22.0,6.0,7.0,2.0,2.0,0.0,0.0,0,0.0,0.0,0.0,0.0,0.0,0.0,0.0,0.0
b6baba31,0.0,0.0,0.0,0.0,0.0,0.0,0.0,0.0,0.0,0.0,0,0.0,0.0,0.0,0.0,0.0,0.0,0.0,0.0
b70bde8f,763.0,895.0,14058.0,4836.0,341.0,377.0,314.0,347.0,94.0,135.0,0,1.0,1.2,-1.0,18.0,100.0,12.0,1.0,108.0
343f753a,441.0,648.0,11983.0,9020.0,79.0,79.0,216.0,217.0,143.0,345.0,0,0.0,0.0,0.0,0.0,8.0,0.0,0.0,0.0
dd7febd8,436.0,680.0,7457.0,3290.0,211.0,257.0,158.0,265.0,49.0,109.0,1,1.1,1.2,-0.1,15.0,39.0,18.0,13.0,46.0
d3aaad90,393.0,481.0,6263.0,1819.0,210.0,230.0,149.0,181.0,25.0,41.0,0,0.7,0.7,-0.7,12.0,20.0,12.0,1.0,37.0
57469b2d,50.0,63.0,660.0,210.0,31.0,36.0,15.0,16.0,2.0,2.0,0,0.4,0.2,-0.4,5.0,6.0,0.0,0.0,8.0
57469b2d,25.0,33.0,371.0,69.0,15.0,19.0,9.0,11.0,1.0,1.0,0,0.0,0.0,0.0,0.0,0.0,1.0,0.0,4.0
0d422df7,544.0,699.0,14506.0,10795.0,107.0,107.0,283.0,286.0,150.0,300.0,0,0.0,0.0,0.0,0.0,8.0,0.0,0.0,0.0
343c0d52,43.0,61.0,620.0,152.0,20.0,27.0,14.0,21.0,3.0,3.0,0,0.8,0.2,-0.8,4.0,3.0,2.0,0.0,8.0
8b609c34,505.0,675.0,8622.0,2656.0,237.0,278.0,218.0,289.0,39.0,75.0,1,0.7,0.8,0.3,12.0,26.0,14.0,5.0,45.0
b35a7399,164.0,193.0,3434.0,1036.0,49.0,58.0,83.0,92.0,26.0,33.0,0,0.0,0.0,0.0,0.0,14.0,0.0,0.0,9.0
ab4449d6,618.0,809.0,16633.0,11441.0,114.0,115.0,270.0,274.0,208.0,391.0,0,0.0,0.0,0.0,0.0,2.0,0.0,0.0,0.0
30f5ffa9,1275.0,1397.0,23769.0,7731.0,445.0,479.0,707.0,739.0,103.0,144.0,0,0.3,0.4,-0.3,6.0,79.0,4.0,1.0,81.0
b6964eb6,795.0,928.0,15004.0,4978.0,247.0,273.0,476.0,524.0,65.0,104.0,0,0.2,0.3,-0.2,3.0,21.0,3.0,0.0,33.0
78f13530,30.0,43.0,646.0,155.0,9.0,14.0,14.0,18.0,6.0,10.0,0,0.0,0.1,0.0,0.0,3.0,2.0,1.0,6.0
28f66c2e,22.0,32.0,322.0,140.0,13.0,14.0,7.0,10.0,1.0,6.0,0,0.2,0.0,-0.2,2.0,2.0,1.0,0.0,4.0
28f66c2e,212.0,280.0,3095.0,1286.0,118.0,134.0,79.0,106.0,9.0,21.0,3,1.3,1.0,1.7,9.0,23.0,7.0,2.0,30.0
9d4c45d6,417.0,520.0,6030.0,1804.0,260.0,299.0,120.0,147.0,24.0,36.0,3,2.5,1.4,0.5,20.0,32.0,10.0,2.0,55.0
50841bef,204.0,261.0,4486.0,1665.0,53.0,66.0,110.0,124.0,37.0,63.0,0,0.0,0.0,0.0,0.0,12.0,0.0,0.0,8.0
94816803,127.0,157.0,2249.0,411.0,56.0,63.0,57.0,72.0,13.0,16.0,2,0.9,0.5,1.1,10.0,8.0,4.0,1.0,18.0
c13ddd3e,91.0,111.0,1524.0,306.0,53.0,58.0,24.0,31.0,13.0,18.0,0,0.4,0.3,-0.4,7.0,5.0,2.0,1.0,8.0
7b075c75,579.0,633.0,10868.0,3763.0,206.0,218.0,324.0,344.0,43.0,53.0,0,0.0,0.1,0.0,1.0,19.0,1.0,0.0,29.0
3626daea,435.0,569.0,7737.0,2621.0,192.0,220.0,193.0,241.0,43.0,81.0,2,0.8,1.1,1.2,11.0,19.0,17.0,6.0,36.0
ac4003af,194.0,242.0,5332.0,3655.0,32.0,32.0,107.0,109.0,55.0,101.0,0,0.0,0.0,0.0,0.0,1.0,0.0,0.0,2.0
13b44b02,602.0,766.0,9826.0,3929.0,327.0,372.0,217.0,267.0,51.0,93.0,1,0.9,1.0,0.1,14.0,40.0,15.0,6.0,64.0
674cfc5a,355.0,573.0,6543.0,2080.0,175.0,222.0,108.0,170.0,62.0,130.0,1,2.1,2.1,-1.1,25.0,40.0,20.0,10.0,61.0
2cb9486d,25.0,43.0,294.0,30.0,19.0,27.0,5.0,9.0,0.0,1.0,0,0.1,0.1,-0.1,1.0,1.0,0.0,0.0,1.0
f573a8bf,294.0,457.0,4209.0,857.0,166.0,235.0,72.0,109.0,27.0,43.0,5,3.4,2.5,1.6,23.0,18.0,15.0,1.0,42.0
230c3f3a,73.0,103.0,1357.0,488.0,31.0,36.0,31.0,39.0,9.0,16.0,0,0.2,0.1,-0.2,3.0,14.0,1.0,1.0,11.0
01b8a2b2,358.0,474.0,10728.0,7617.0,47.0,47.0,169.0,170.0,142.0,254.0,0,0.0,0.0,0.0,0.0,3.0,0.0,0.0,0.0
eb3022c3,57.0,65.0,1078.0,184.0,23.0,25.0,24.0,27.0,9.0,10.0,0,0.1,0.0,-0.1,3.0,3.0,1.0,1.0,1.0
8da74c05,497.0,660.0,8856.0,2872.0,220.0,279.0,214.0,256.0,53.0,84.0,0,0.6,0.8,-0.6,15.0,57.0,10.0,0.0,74.0
b056e3da,434.0,560.0,12798.0,9176.0,60.0,60.0,198.0,204.0,174.0,290.0,1,0.5,0.0,0.5,2.0,9.0,0.0,0.0,0.0
5cbb5ad6,143.0,208.0,2593.0,922.0,54.0,73.0,67.0,89.0,14.0,28.0,0,0.9,0.9,-0.9,5.0,11.0,6.0,2.0,24.0
e1b0a70d,588.0,767.0,16942.0,11638.0,101.0,101.0,248.0,253.0,236.0,406.0,0,0.0,0.0,0.0,0.0,9.0,0.0,0.0,0.0
3ef0a2d7,357.0,438.0,6571.0,2073.0,150.0,162.0,156.0,189.0,43.0,67.0,0,1.1,1.0,-1.1,15.0,22.0,17.0,15.0,27.0
2b9fdeea,34.0,62.0,684.0,172.0,16.0,20.0,12.0,20.0,6.0,18.0,0,0.3,0.2,-0.3,2.0,3.0,1.0,0.0,8.0
ff5ea0bf,177.0,223.0,3691.0,1225.0,47.0,60.0,105.0,120.0,25.0,38.0,0,0.2,0.1,-0.2,2.0,9.0,1.0,0.0,11.0
76ff8d0d,295.0,381.0,4333.0,1415.0,166.0,200.0,99.0,122.0,15.0,25.0,1,0.7,0.9,0.3,7.0,37.0,5.0,1.0,46.0
a96e5dc0,844.0,1003.0,13931.0,5087.0,421.0,468.0,334.0,379.0,71.0,106.0,1,2.1,1.2,-1.1,19.0,75.0,18.0,5.0,94.0
c56dc39e,750.0,954.0,13770.0,5248.0,324.0,360.0,338.0,396.0,80.0,166.0,1,1.0,0.6,0.0,14.0,73.0,7.0,2.0,84.0
7edfbb8a,981.0,1131.0,20285.0,6321.0,315.0,342.0,501.0,545.0,158.0,213.0,0,0.1,0.3,-0.1,3.0,52.0,3.0,0.0,71.0
0db169ae,606.0,836.0,11117.0,3655.0,259.0,314.0,247.0,305.0,81.0,166.0,4,3.1,2.4,0.9,34.0,73.0,18.0,4.0,82.0
7ed4921e,106.0,127.0,2232.0,831.0,23.0,28.0,70.0,77.0,11.0,18.0,0,0.0,0.0,0.0,0.0,1.0,1.0,1.0,4.0
0588a092,72.0,119.0,882.0,176.0,44.0,72.0,23.0,32.0,0.0,2.0,1,0.2,0.1,0.8,5.0,6.0,1.0,0.0,8.0
26c54058,103.0,146.0,2287.0,850.0,24.0,32.0,60.0,72.0,17.0,39.0,0,0.0,0.1,0.0,1.0,12.0,1.0,1.0,16.0
7cd520e8,606.0,736.0,8933.0,3129.0,350.0,398.0,213.0,254.0,25.0,32.0,2,2.8,1.6,-0.8,25.0,45.0,23.0,3.0,73.0
3eed9821,326.0,399.0,6246.0,2230.0,123.0,145.0,147.0,158.0,48.0,78.0,0,0.0,0.1,0.0,1.0,27.0,3.0,1.0,26.0
71005acd,52.0,75.0,774.0,212.0,36.0,43.0,9.0,15.0,5.0,7.0,0,0.1,0.0,-0.1,2.0,2.0,2.0,1.0,5.0
ec52b661,392.0,705.0,7377.0,3568.0,165.0,212.0,159.0,274.0,55.0,152.0,2,2.2,2.3,-0.2,25.0,37.0,33.0,17.0,58.0
c414df9d,78.0,97.0,1193.0,301.0,37.0,41.0,29.0,36.0,6.0,10.0,0,0.0,0.0,0.0,2.0,13.0,1.0,0.0,12.0
5eaed77a,246.0,339.0,4194.0,1532.0,105.0,130.0,124.0,146.0,13.0,46.0,0,0.1,0.1,-0.1,3.0,16.0,1.0,0.0,19.0
44ac04e9,530.0,640.0,7977.0,2204.0,290.0,325.0,191.0,223.0,31.0,53.0,0,0.1,0.3,-0.1,4.0,52.0,6.0,0.0,62.0
ab1ca213,313.0,436.0,6308.0,2454.0,119.0,138.0,135.0,162.0,53.0,112.0,0,1.7,1.4,-1.7,12.0,34.0,6.0,3.0,63.0
983ff2c7,352.0,424.0,6453.0,2033.0,156.0,163.0,157.0,178.0,39.0,71.0,1,0.3,0.5,0.7,6.0,29.0,8.0,3.0,36.0
d3298c99,156.0,236.0,2658.0,832.0,72.0,96.0,65.0,89.0,16.0,39.0,0,0.8,1.2,-0.8,11.0,8.0,6.0,1.0,16.0
0375723e,137.0,217.0,2542.0,954.0,68.0,87.0,40.0,57.0,23.0,47.0,0,1.1,0.9,-1.1,11.0,20.0,5.0,2.0,24.0
33ecf462,282.0,398.0,5116.0,1682.0,136.0,161.0,99.0,135.0,41.0,74.0,0,1.1,0.9,-1.1,13.0,30.0,14.0,4.0,45.0
77d6fd4d,749.0,1008.0,20278.0,14103.0,135.0,136.0,384.0,392.0,229.0,478.0,0,0.0,0.0,0.0,0.0,16.0,0.0,0.0,0.0
75e60d75,0.0,0.0,0.0,0.0,0.0,0.0,0.0,0.0,0.0,0.0,0,0.0,0.0,0.0,0.0,0.0,0.0,0.0,0.0
75e60d75,0.0,0.0,0.0,0.0,0.0,0.0,0.0,0.0,0.0,0.0,0,0.0,0.0,0.0,0.0,0.0,0.0,0.0,0.0
ec5dae45,79.0,99.0,1201.0,338.0,40.0,48.0,29.0,34.0,5.0,8.0,1,0.4,0.6,0.6,3.0,9.0,2.0,1.0,9.0
ec5dae45,12.0,14.0,181.0,32.0,6.0,7.0,5.0,5.0,0.0,0.0,0,0.1,0.1,-0.1,1.0,0.0,1.0,0.0,2.0
a14d0ab0,11.0,13.0,163.0,15.0,5.0,5.0,4.0,5.0,1.0,1.0,0,0.0,0.0,0.0,0.0,0.0,1.0,1.0,0.0
c7069d87,439.0,578.0,6933.0,2138.0,230.0,265.0,149.0,175.0,36.0,77.0,1,1.6,1.3,-0.6,14.0,42.0,10.0,5.0,61.0
bdc74a8f,317.0,381.0,5395.0,1357.0,136.0,162.0,145.0,165.0,27.0,41.0,0,0.0,0.2,0.0,0.0,25.0,1.0,0.0,26.0
08eb3b58,22.0,30.0,392.0,68.0,8.0,10.0,11.0,16.0,2.0,3.0,0,0.1,0.0,-0.1,1.0,3.0,0.0,0.0,2.0
79443529,173.0,241.0,2887.0,497.0,80.0,102.0,69.0,85.0,13.0,22.0,2,1.5,0.4,0.5,16.0,16.0,8.0,1.0,27.0
aa8e289e,529.0,667.0,7507.0,1527.0,300.0,345.0,168.0,203.0,25.0,37.0,2,2.4,1.7,-0.4,41.0,46.0,15.0,4.0,69.0
b3ef6517,14.0,19.0,141.0,32.0,9.0,11.0,3.0,5.0,0.0,1.0,0,0.0,0.0,0.0,1.0,0.0,0.0,0.0,2.0
be2706c0,563.0,737.0,9366.0,3903.0,297.0,340.0,216.0,276.0,40.0,84.0,4,1.6,1.7,2.4,13.0,56.0,15.0,2.0,84.0
72f87f25,67.0,87.0,1203.0,352.0,30.0,33.0,25.0,31.0,11.0,18.0,1,1.2,0.3,-0.2,4.0,6.0,5.0,2.0,15.0
f052fb01,19.0,29.0,295.0,56.0,13.0,14.0,2.0,8.0,3.0,4.0,0,0.0,0.0,0.0,0.0,2.0,0.0,0.0,3.0
f86cd5df,21.0,36.0,350.0,136.0,10.0,16.0,7.0,10.0,3.0,8.0,0,0.3,0.1,-0.3,1.0,1.0,2.0,1.0,2.0
d0d8dd44,644.0,731.0,11606.0,3421.0,217.0,238.0,386.0,410.0,34.0,64.0,0,0.2,0.7,-0.2,1.0,30.0,0.0,0.0,37.0
26db8853,983.0,1183.0,17879.0,5696.0,405.0,472.0,424.0,476.0,123.0,171.0,0,0.9,0.7,-0.9,12.0,111.0,8.0,2.0,122.0
217875a4,68.0,78.0,1481.0,560.0,16.0,17.0,41.0,44.0,10.0,14.0,0,0.0,0.0,0.0,0.0,3.0,0.0,0.0,3.0
eb58eef0,53.0,60.0,770.0,166.0,30.0,33.0,19.0,21.0,3.0,3.0,0,0.1,0.1,-0.1,1.0,2.0,2.0,0.0,6.0
2f7acede,275.0,348.0,4839.0,1908.0,115.0,130.0,122.0,142.0,30.0,58.0,0,0.5,0.8,-0.5,6.0,16.0,3.0,1.0,32.0
1bfe5ac9,25.0,40.0,516.0,197.0,8.0,10.0,11.0,13.0,5.0,13.0,0,0.0,0.0,0.0,0.0,1.0,0.0,0.0,0.0
ee9040b4,77.0,105.0,1205.0,271.0,43.0,55.0,28.0,34.0,5.0,10.0,0,0.0,0.0,0.0,1.0,5.0,0.0,0.0,7.0
d85c238b,446.0,561.0,5947.0,1408.0,283.0,316.0,122.0,155.0,12.0,28.0,4,2.1,1.7,1.9,20.0,26.0,15.0,0.0,47.0
384d58d9,32.0,38.0,469.0,119.0,18.0,20.0,11.0,12.0,2.0,2.0,0,0.0,0.0,0.0,0.0,2.0,0.0,0.0,3.0
45191c29,519.0,694.0,9152.0,2940.0,237.0,279.0,206.0,255.0,61.0,118.0,1,0.8,1.5,0.2,5.0,31.0,18.0,5.0,53.0
6bb2c084,1139.0,1301.0,16060.0,3835.0,662.0,713.0,365.0,413.0,51.0,80.0,4,1.8,1.1,2.2,19.0,103.0,16.0,0.0,116.0
5e834dce,213.0,312.0,3230.0,932.0,122.0,155.0,68.0,102.0,18.0,37.0,0,0.8,1.0,-0.8,13.0,12.0,12.0,2.0,26.0
9907b1c8,125.0,196.0,2173.0,488.0,63.0,85.0,46.0,67.0,15.0,26.0,0,0.9,0.6,-0.9,8.0,10.0,7.0,1.0,19.0
3b12b11f,132.0,185.0,2244.0,782.0,57.0,66.0,62.0,78.0,10.0,21.0,0,0.4,0.3,-0.4,4.0,3.0,6.0,4.0,8.0
3b12b11f,9.0,11.0,125.0,20.0,4.0,5.0,5.0,5.0,0.0,0.0,0,0.0,0.0,0.0,0.0,0.0,0.0,0.0,0.0
d3de9af0,143.0,214.0,2175.0,447.0,79.0,110.0,47.0,66.0,12.0,20.0,1,0.5,0.6,0.5,8.0,10.0,8.0,1.0,21.0
7fe90ccd,234.0,280.0,3093.0,1105.0,148.0,161.0,70.0,87.0,7.0,11.0,1,0.5,0.4,0.5,4.0,12.0,3.0,2.0,21.0
58a2e9f6,5.0,7.0,83.0,14.0,2.0,2.0,3.0,3.0,0.0,1.0,0,0.0,0.0,0.0,0.0,0.0,0.0,0.0,0.0
d19ef4ef,12.0,22.0,141.0,30.0,8.0,12.0,2.0,5.0,1.0,1.0,0,0.0,0.0,0.0,0.0,2.0,0.0,0.0,0.0
a5296e55,795.0,961.0,11507.0,3207.0,475.0,515.0,212.0,259.0,60.0,103.0,6,5.2,4.9,0.8,49.0,66.0,23.0,4.0,76.0
acf7e795,154.0,197.0,2708.0,743.0,60.0,77.0,73.0,86.0,12.0,20.0,0,0.1,0.0,-0.1,2.0,6.0,3.0,0.0,12.0
028e70b9,105.0,138.0,1280.0,239.0,69.0,85.0,25.0,32.0,3.0,3.0,1,1.0,0.3,0.0,8.0,6.0,3.0,0.0,9.0
cc1a0c57,34.0,65.0,1150.0,997.0,8.0,8.0,11.0,12.0,15.0,45.0,0,0.0,0.0,0.0,0.0,3.0,0.0,0.0,0.0
82598b71,60.0,98.0,937.0,602.0,31.0,38.0,22.0,35.0,5.0,13.0,0,0.6,0.2,-0.6,3.0,3.0,3.0,1.0,9.0
82598b71,187.0,231.0,2912.0,1059.0,101.0,109.0,75.0,87.0,9.0,27.0,0,0.4,0.2,-0.4,4.0,12.0,4.0,2.0,20.0
54f6afe3,22.0,36.0,683.0,458.0,4.0,4.0,9.0,9.0,9.0,23.0,0,0.0,0.0,0.0,0.0,1.0,0.0,0.0,0.0
4e1d5e59,17.0,19.0,298.0,21.0,6.0,7.0,7.0,7.0,2.0,2.0,1,0.0,0.0,1.0,1.0,1.0,1.0,0.0,1.0
4e1d5e59,2.0,4.0,24.0,3.0,2.0,3.0,0.0,0.0,0.0,1.0,0,0.0,0.0,0.0,0.0,0.0,0.0,0.0,0.0
405f6586,154.0,288.0,1800.0,425.0,106.0,185.0,32.0,67.0,3.0,5.0,0,0.9,0.7,-0.9,12.0,14.0,3.0,0.0,18.0
eccbe56a,384.0,502.0,6292.0,1517.0,200.0,236.0,137.0,164.0,34.0,53.0,0,1.6,1.2,-1.6,27.0,37.0,17.0,4.0,56.0
