id,GA,SoTA,Saves,W,D,L,CS,PKatt,PKA,PKsv,PKm
649b01d8,39.0,117.0,78.0,2,5.0,17.0,3.0,7.0,5.0,2.0,0.0
8ec56e62,24.0,81.0,58.0,1,6.0,8.0,2.0,2.0,2.0,0.0,0.0
8cabdc1e,32.0,71.0,39.0,7,5.0,10.0,7.0,3.0,3.0,0.0,0.0
f554e29b,3.0,5.0,2.0,0,0.0,1.0,0.0,0.0,0.0,0.0,0.0
4e0c8d66,31.0,100.0,70.0,8,5.0,10.0,7.0,0.0,0.0,0.0,0.0
085e71a7,36.0,114.0,78.0,4,6.0,12.0,3.0,2.0,1.0,0.0,1.0
9f5a610b,27.0,107.0,81.0,6,9.0,9.0,3.0,4.0,4.0,0.0,0.0
f0f7f62f,2.0,8.0,6.0,1,2.0,0.0,2.0,0.0,0.0,0.0,0.0
74419746,14.0,37.0,24.0,5,0.0,4.0,2.0,0.0,0.0,0.0,0.0
fcb38f57,8.0,22.0,13.0,5,2.0,1.0,3.0,2.0,1.0,1.0,0.0
f794b426,2.0,3.0,1.0,0,0.0,0.0,0.0,0.0,0.0,0.0,0.0
3318286e,0.0,0.0,0.0,1,0.0,0.0,0.0,0.0,0.0,0.0,0.0
9413b19f,15.0,61.0,45.0,21,2.0,1.0,12.0,2.0,1.0,1.0,0.0
9fa26bc2,29.0,94.0,65.0,8,7.0,9.0,5.0,4.0,3.0,0.0,1.0
c1d95617,37.0,122.0,85.0,4,5.0,15.0,3.0,1.0,0.0,1.0,0.0
a111cf41,19.0,66.0,49.0,10,3.0,5.0,6.0,1.0,1.0,0.0,0.0
1e9bde92,17.0,47.0,29.0,2,1.0,4.0,1.0,3.0,2.0,1.0,0.0
e9c0c1b2,14.0,51.0,38.0,10,2.0,3.0,6.0,2.0,2.0,0.0,0.0
79b0d6a0,21.0,66.0,46.0,13,5.0,6.0,9.0,1.0,1.0,0.0,0.0
f058ed1f,3.0,6.0,3.0,0,1.0,1.0,0.0,1.0,1.0,0.0,0.0
4c62d0c8,4.0,31.0,26.0,3,3.0,1.0,5.0,2.0,1.0,1.0,0.0
277da414,19.0,83.0,64.0,12,6.0,5.0,13.0,1.0,1.0,0.0,0.0
67f649be,19.0,64.0,45.0,0,3.0,6.0,1.0,3.0,3.0,0.0,0.0
343f753a,27.0,87.0,57.0,4,5.0,8.0,3.0,7.0,4.0,3.0,0.0
0d422df7,30.0,80.0,52.0,7,10.0,7.0,6.0,3.0,3.0,0.0,0.0
ab4449d6,33.0,106.0,74.0,10,5.0,9.0,4.0,7.0,6.0,1.0,0.0
ac4003af,9.0,26.0,17.0,2,2.0,2.0,2.0,0.0,0.0,0.0,0.0
01b8a2b2,15.0,50.0,35.0,12,2.0,3.0,10.0,0.0,0.0,0.0,0.0
b056e3da,22.0,61.0,40.0,9,3.0,4.0,4.0,2.0,2.0,0.0,0.0
e1b0a70d,28.0,70.0,43.0,6,5.0,10.0,3.0,3.0,3.0,0.0,0.0
77d6fd4d,31.0,104.0,73.0,6,10.0,8.0,7.0,4.0,2.0,1.0,1.0
cc1a0c57,1.0,6.0,5.0,0,2.0,0.0,0.0,0.0,0.0,0.0,0.0
54f6afe3,2.0,3.0,1.0,0,0.0,0.0,0.0,0.0,0.0,0.0,0.0
