id,GA,SoTA,Saves,W,D,L,CS,PKatt,PKA,PKsv,PKm
be6faae0,0,3,3,0,0,0,0,0,0,0,0
a2c1a8d3,1,6,5,0,0,1,0,0,0,0,0
9f0ea33f,10,16,6,1,1,4,1,0,0,0,0
e4346678,48,145,95,1,6,16,0,10,7,3,0
f6798fc3,30,90,61,6,6,9,4,3,2,1,0
10072610,5,15,10,2,2,1,1,1,1,0,0
688b96e3,18,43,25,2,2,6,0,2,2,0,0
1840e36d,15,59,44,12,3,2,5,4,4,0,0
fc70e345,22,78,58,9,7,6,8,4,3,0,1
ac295d9e,3,14,11,0,1,1,0,0,0,0,0
a01c3d54,10,45,35,5,4,3,5,0,0,0,0
f127d782,18,50,33,3,4,4,2,0,0,0,0
dabb2827,38,125,87,7,4,11,2,4,2,1,1
63d17038,17,55,37,6,4,3,1,2,1,1,0
3f034750,2,9,7,1,1,0,1,1,1,0,0
a4995f48,13,42,29,4,2,5,2,3,1,0,2
0107757e,1,3,2,0,0,1,0,0,0,0,0
2fa2a875,14,40,27,1,5,4,1,0,0,0,0
6c4776b1,35,125,89,6,7,10,8,6,5,1,0
73683fa9,3,4,1,0,0,1,0,0,0,0,0
3061e1ec,3,13,11,4,1,1,3,0,0,0,0
d4b73232,27,97,72,6,5,12,4,4,2,0,2
853b7c48,29,72,42,5,5,9,6,4,2,2,0
8fae77ea,23,86,60,6,2,9,5,6,3,3,0
ee8508c0,16,63,47,11,5,5,8,1,1,0,0
97852360,1,9,8,2,0,0,1,0,0,0,0
97852360,2,5,3,0,0,1,0,0,0,0,0
58ad9383,24,78,53,9,4,10,8,6,5,1,0
e358587b,12,35,23,4,1,3,1,3,3,0,0
374ee424,23,84,62,13,4,6,8,1,0,1,0
625c144a,10,56,46,6,3,5,7,0,0,0,0
ea83bfa6,20,70,50,10,2,6,7,1,1,0,0
5dcf3e90,25,73,50,9,5,8,8,1,1,0,0
8f8c6934,30,102,71,5,7,11,7,5,2,3,0
6f51e382,8,53,46,19,2,2,17,2,2,0,0
cde52ef5,5,15,10,2,1,1,1,1,1,0,0
